1 24
9 *
20 20
1 *
1 *
1 *
1 *
20 20
1 *
1 *
1 2989
20 20
1 215
1 199
1 281
1 795
1 151
1 89
1 1839
1 72
1 161
1 170
1 1319
1 116
1 29
1 231
1 709
1 324
1 175
1 544
1 253
1 64
1 61
1 147
1 38
1 23
1 1337
1 108
1 282
1 2402
1 125
1 122
1 202
1 147
1 1732
1 520
1 39
1 36
1 179
1 62
1 106
1 711
1 533
1 1550
1 123
1 113
1 95
1 1855
1 657
9 *
1 32
1 83
1 163
21 *
1 208
1 102
1 289
1 191
1 149
1 210
1 44
1 60
7 *
1 68
1 599
1 97
1 828
1 108
1 494
1 514
1 634
1 276
1 600
1 253
1 69
1 219
1 161
1 483
1 297
1 90
1 60
1 929
1 121
1 40
1 201
1 155
10 *
1 160
1 158
1 297
1 209
1 703
7 *
15 *
9 *
1 92
1 59
1 294
1 117
1 23
1 288
1 26
21 21
20 20
21 23
16 23
7 23
18 20
20 20
19 *
21 28
16 26
1 *
18 92
19 21
20 21
21 22
8 *
14 21
8 41
21 20
1 *
21 21
20 21
13 26
1 *
19 117
21 21
1 *
20 20
20 20
21 20
17 35
20 20
21 23
18 36
21 22
21 20
21 22
20 20
21 20
20 20
20 24
18 29
12 26
17 *
7 *
19 21
5 168
5 *
21 20
18 22
20 21
20 22
20 22
21 21
1 28
21 33
1 *
21 *
13 50
18 20
21 21
21 20
19 *
5 *
19 *
21 20
20 20
17 *
19 20
18 21
6 41
17 20
18 26
20 28
12 33
19 20
20 20
21 22
19 20
8 27
1 *
1 *
21 20
21 21
1 *
1 *
20 22
18 20
20 20
1 *
21 21
19 41
21 21
20 20
16 26
17 32
19 *
20 20
19 24
17 *
19 20
21 20
19 20
14 23
21 24
1 *
21 20
21 22
18 26
20 20
20 26
2 *
18 35
20 21
1 *
1 *
13 *
20 23
19 20
21 24
21 20
1 *
20 *
21 21
1 *
21 26
1 29
17 21
1 *
21 20
20 20
12 *
21 21
20 20
21 *
20 20
6 25
20 22
15 21
20 20
21 25
17 *
20 20
19 21
14 26
1 *
20 20
20 30
21 38
21 21
1 *
14 77
21 21
17 21
15 *
20 20
21 20
21 20
20 21
18 23
1 *
16 22
8 48
17 20
6 *
21 21
21 20
1 *
11 *
21 22
10 21
21 20
20 20
21 21
17 *
21 22
21 20
12 *
19 21
21 20
18 20
20 20
14 29
21 20
21 21
19 20
9 *
18 *
5 84
21 21
21 88
13 85
21 20
14 22
20 30
19 20
18 22
21 20
20 20
4 *
