s 3000
4 226 928 1658 2062 
2 2577 2677 
3 51 1179 2728 
1 699 
3 110 1096 2318 
3 939 1804 2556 
1 489 
5 300 1914 2079 2718 2775 
4 726 2133 2443 2884 
6 334 345 677 1286 1684 2859 
2 1265 1512 
5 413 490 647 2529 2681 
5 434 914 1842 2811 2876 
2 697 867 
4 453 717 1383 2934 
6 186 253 770 945 1139 1956 
4 83 2027 2300 2310 
3 257 2153 2882 
2 1671 2889 
2 855 1782 
5 140 403 1115 2467 2668 
1 108 
3 1176 1548 1819 
0 
2 843 1400 
1 320 
1 2127 
6 74 196 843 1072 1692 2253 
1 876 
8 102 189 334 386 460 898 1795 1833 
1 2004 
5 391 776 786 1907 2835 
5 280 622 999 1381 2530 
5 366 830 1147 1632 2959 
2 2596 2886 
4 802 1635 2481 2712 
1 802 
2 153 2825 
4 1477 1724 1739 1878 
3 1393 2725 2942 
4 864 889 1937 2507 
1 1973 
3 360 584 726 
4 1436 1880 1961 2720 
5 185 599 730 1223 2079 
2 778 1533 
2 1230 2326 
3 258 1398 2837 
4 688 1164 1315 1875 
2 200 496 
4 85 655 1374 2447 
3 2 1565 2009 
1 1045 
1 152 
4 592 2231 2527 2953 
4 333 1260 2918 2978 
2 1801 2417 
2 716 2034 
5 775 902 1292 2178 2915 
1 1309 
4 337 647 982 1947 
2 1851 2934 
2 784 1471 
4 271 362 1554 2958 
1 1389 
4 105 764 809 1278 
2 463 1021 
4 440 865 1263 2707 
3 149 1067 1485 
6 546 1162 1464 1685 1801 2535 
3 437 514 1456 
2 1824 2681 
4 1054 1123 1248 1522 
2 471 610 
2 27 1480 
1 2824 
2 261 912 
3 840 1346 1920 
2 982 1445 
3 283 1226 1496 
2 549 1348 
3 458 1575 1757 
2 380 490 
2 16 2961 
1 2873 
2 50 2721 
6 322 437 861 944 1213 1783 
4 1592 1886 2050 2844 
2 1931 2087 
3 336 1511 1691 
2 1975 1978 
4 173 388 482 1806 
3 1274 1757 2697 
2 769 1156 
4 323 333 1053 1274 
3 354 647 2779 
2 1897 2983 
2 2319 2877 
1 2260 
3 2374 2548 2939 
3 570 1015 2114 
2 212 2599 
3 29 2037 2848 
5 116 395 1114 1553 2893 
6 301 448 1661 2086 2178 2980 
2 65 2961 
2 847 2613 
4 281 636 713 1526 
4 21 1134 1266 1970 
2 1932 2385 
3 4 1700 2806 
4 356 1700 2259 2391 
4 644 853 926 2791 
2 278 1881 
2 1463 2633 
6 132 770 1812 2367 2431 2536 
5 103 872 1148 1186 2061 
1 408 
3 122 306 860 
5 419 454 536 1871 2859 
4 988 2050 2408 2810 
3 769 1575 2153 
5 118 124 199 477 1855 
4 1026 1475 1523 1600 
2 122 371 
2 155 1996 
2 604 2592 
1 152 
4 2364 2804 2826 2832 
2 407 2407 
4 639 1616 1646 2020 
2 1200 2124 
3 115 1641 2179 
4 2185 2249 2361 2738 
4 222 683 796 1416 
3 653 1175 2286 
3 1294 2055 2596 
3 349 1137 1859 
2 503 2972 
4 651 1167 2128 2186 
3 20 760 2815 
0 
2 204 1324 
5 144 777 1315 1694 2363 
3 143 1543 1890 
1 2849 
4 212 578 591 776 
4 338 1244 1285 2670 
4 542 661 1399 1823 
4 68 717 839 1728 
4 331 432 690 910 
3 1452 1656 2743 
4 53 127 222 1003 
9 37 655 874 1042 1203 1261 2122 2609 2891 
2 1134 1490 
2 125 390 
2 366 987 
1 2831 
2 624 2328 
3 809 2354 2375 
4 736 819 1613 1801 
3 1646 2460 2873 
3 1124 2435 2632 
2 1032 1746 
1 2118 
2 1179 1314 
3 1727 1997 2944 
2 601 2604 
5 601 788 1013 1880 1899 
4 438 528 2501 2806 
5 423 853 2547 2705 2864 
4 1021 1423 1725 2492 
3 909 1068 2623 
2 91 658 
3 206 1454 2176 
2 1285 2054 
4 1056 1105 2369 2984 
1 2907 
1 853 
3 495 881 2384 
1 2568 
3 570 2174 2890 
3 1524 1692 2294 
4 284 818 1625 2771 
2 1915 2068 
1 44 
5 15 749 2026 2568 2701 
3 1213 1496 1847 
5 320 780 1465 1867 2627 
2 29 2822 
6 287 403 1017 1750 1803 2790 
4 634 1386 1452 2850 
3 1425 1934 2404 
1 1287 
2 207 1275 
1 892 
3 27 2131 2626 
6 200 828 1300 1470 1636 2860 
6 738 1308 1978 2108 2195 2525 
1 122 
4 49 197 842 2700 
2 278 1164 
5 732 1475 1859 1978 2076 
6 329 1169 1708 2125 2163 2718 
4 142 921 2456 2909 
3 293 1699 2212 
2 174 1821 
3 194 2160 2474 
5 459 1166 1274 1536 2767 
3 511 2151 2857 
3 337 1746 2741 
1 275 
3 101 146 608 
1 993 
3 233 1873 2409 
2 1465 1738 
3 262 339 1452 
5 371 1694 2206 2448 2988 
3 1603 2517 2904 
3 608 1643 1818 
2 1209 1923 
2 260 2786 
4 134 152 741 1831 
1 840 
4 1240 1624 1977 2196 
2 1653 2135 
8 0 363 744 1032 2060 2851 2897 2902 
2 445 2064 
0 
4 739 1268 1726 1854 
2 1660 2967 
1 2168 
3 1855 2205 2490 
2 214 2951 
1 2039 
3 733 1078 2404 
5 408 846 900 1117 2291 
0 
1 686 
3 274 2294 2462 
2 2511 2639 
2 2380 2836 
5 351 388 980 995 2806 
1 2554 
1 2812 
2 1844 2996 
4 399 585 742 1471 
2 2710 2945 
2 2528 2681 
3 964 1608 2635 
2 1999 2729 
2 408 1056 
1 1701 
4 15 1167 2835 2907 
3 1236 1811 2276 
3 1417 1949 2270 
2 1992 2075 
2 17 2605 
5 47 785 1084 1210 2690 
3 695 1531 1674 
3 221 1120 1387 
4 76 1271 1403 1712 
4 216 1128 1927 2969 
2 1243 1246 
1 2560 
1 405 
1 1227 
4 1323 2301 2688 2797 
4 1003 1031 1239 2614 
1 1693 
2 859 1481 
3 63 1463 2686 
3 644 1313 2425 
3 854 1849 2425 
3 239 1095 1298 
6 211 283 418 1470 1536 2783 
3 1367 2233 2792 
4 597 1293 2303 2789 
6 113 201 374 485 1936 2923 
5 1620 2160 2566 2619 2998 
5 32 1048 1368 1565 1654 
4 107 1480 1505 1970 
3 577 1614 2394 
3 79 275 1235 
3 183 1175 2781 
4 1130 1244 1587 2368 
3 674 724 1654 
1 190 
2 1617 1864 
3 624 1698 2945 
2 1462 1930 
1 979 
1 2384 
5 205 325 2172 2385 2665 
4 597 1229 1618 1980 
3 1331 2191 2654 
2 425 2260 
1 1152 
2 1252 1917 
5 449 787 1454 2040 2104 
6 7 1701 1744 2532 2648 2706 
4 104 1315 2415 2860 
7 842 1207 1242 1347 2110 2235 2245 
6 625 1669 1903 2887 2947 2999 
1 910 
8 550 949 1316 1482 2049 2079 2194 2726 
3 118 947 1966 
5 1537 1560 1772 2325 2978 
2 1218 2169 
3 1080 1981 2868 
3 967 1111 2996 
4 677 1151 1233 2525 
1 347 
1 2411 
3 348 1012 2346 
3 376 1578 2358 
3 1650 2834 2975 
2 495 2832 
0 
7 416 426 661 886 1080 1651 2220 
7 25 188 464 933 1471 1538 2218 
2 2373 2602 
3 86 2778 2847 
3 94 359 2644 
1 2743 
3 293 706 2494 
2 758 2179 
2 1430 2174 
4 1228 1555 2246 2480 
7 203 701 1235 1900 2042 2132 2943 
0 
4 150 640 2138 2739 
0 
5 55 94 1781 2584 2830 
4 9 29 703 1466 
5 1366 1511 1670 2559 2639 
4 89 1573 1677 1761 
3 60 210 2795 
4 147 364 1999 2243 
7 216 645 860 2252 2585 2635 2766 
4 856 902 1537 2432 
4 1548 1910 2592 2772 
2 1146 1214 
4 446 794 1460 2796 
2 1697 2548 
5 9 743 1370 1747 2768 
2 2233 2605 
1 312 
5 314 1172 1711 2100 2284 
3 137 2499 2692 
2 1745 2579 
3 242 1836 2149 
6 366 1235 2018 2566 2710 2971 
2 1194 1431 
3 95 904 2796 
3 439 459 1741 
3 111 2130 2588 
2 1458 2495 
3 643 1174 2123 
2 323 1544 
2 42 554 
2 1302 2072 
3 63 1010 2103 
5 226 715 1342 1919 2160 
5 338 406 807 1239 2336 
1 1234 
3 33 156 352 
3 546 651 2248 
4 955 1719 1730 2276 
3 1928 2003 2867 
2 924 1407 
3 124 217 2337 
3 919 1926 2436 
3 852 2644 2673 
3 278 1396 1987 
3 529 1035 1989 
4 315 742 2118 2868 
2 2076 2136 
0 
2 1828 2656 
3 82 383 1414 
2 1081 2182 
5 440 790 1342 1714 1980 
2 380 2406 
2 426 1180 
3 404 1196 1871 
5 29 1290 1814 1870 2664 
5 753 828 858 1141 2061 
3 91 242 2907 
4 497 1088 1450 2300 
3 155 445 2073 
4 31 394 1689 2906 
5 1047 1691 2352 2567 2573 
0 
3 391 895 2341 
5 103 1175 1432 1528 2432 
4 749 1140 1203 1699 
1 2347 
1 700 
3 246 2144 2186 
3 686 809 2148 
2 864 2527 
2 819 865 
3 20 190 2005 
5 385 712 2314 2475 2848 
5 265 416 1068 2435 2781 
4 364 456 1926 1956 
4 129 502 2286 2685 
4 117 236 251 1467 
1 787 
1 654 
1 1308 
3 854 1485 1994 
3 11 898 2000 
2 842 2603 
3 686 970 1728 
5 319 405 1092 2437 2488 
4 467 1044 2285 2679 
3 275 1267 1419 
6 119 668 1020 1166 2289 2563 
2 2129 2861 
4 679 1055 1261 2794 
4 618 723 848 1490 
5 170 581 1924 2317 2927 
0 
4 296 1415 1727 2612 
5 319 384 731 1778 2890 
7 827 1009 1446 2157 2573 2804 2821 
3 567 1662 2221 
0 
0 
2 1621 2187 
4 150 449 1335 1711 
2 820 2565 
2 12 2886 
1 686 
4 462 1294 1305 2606 
4 70 86 1981 2584 
4 169 533 2395 2798 
1 355 
6 67 382 810 1099 1931 2169 
1 1243 
2 1601 2596 
2 1078 2130 
4 496 1243 2505 2974 
7 227 390 664 1175 1388 2119 2697 
1 343 
2 810 2260 
2 104 2563 
5 299 432 524 680 989 
0 
2 1489 2084 
3 1515 1725 2646 
1 14 
3 119 928 1553 
3 597 1912 2183 
5 406 1232 1514 2128 2824 
6 534 539 1023 1359 1478 1925 
4 81 1127 1135 2909 
2 208 355 
3 29 680 1289 
0 
5 436 1290 1959 2449 2633 
2 66 733 
5 320 1070 1142 1367 1638 
1 925 
4 902 1084 1159 1947 
1 417 
2 2329 2350 
3 572 2161 2693 
1 1085 
2 73 584 
3 1325 1883 2628 
0 
3 546 1155 1594 
2 917 1876 
3 1963 2407 2541 
3 122 2104 2476 
3 1004 2369 2710 
0 
1 671 
0 
6 91 554 1056 1254 1433 2292 
1 1806 
2 837 2419 
3 278 992 2365 
2 819 1679 
0 
2 2396 2506 
6 6 1193 2119 2130 2372 2790 
2 11 82 
3 2001 2381 2806 
1 2351 
2 2109 2155 
5 981 1517 1815 2367 2614 
3 179 317 2362 
6 49 444 596 1240 2118 2902 
6 389 541 884 1312 1667 2842 
2 2493 2799 
1 2472 
3 957 1340 2150 
3 2159 2252 2927 
1 407 
5 138 640 1836 2118 2604 
1 830 
3 2131 2358 2586 
3 558 1229 2896 
2 2200 2229 
0 
4 932 1917 2294 2448 
3 1157 1736 2295 
6 209 596 647 1590 1951 2472 
3 557 2133 2684 
0 
4 70 1367 2042 2376 
1 920 
2 2467 2474 
7 1585 1654 1993 2002 2720 2746 2888 
2 2319 2439 
4 1050 1426 1878 2163 
1 554 
2 636 1067 
4 714 958 963 1415 
2 1231 2150 
2 449 1012 
2 757 2865 
2 623 904 
5 834 1287 1870 2379 2920 
3 169 1886 2696 
2 375 1099 
3 1183 2607 2628 
2 798 1361 
3 1553 2028 2505 
4 438 584 616 1305 
5 457 1113 2030 2505 2917 
2 759 2442 
4 119 962 1584 2130 
0 
4 1961 2064 2386 2448 
4 457 630 2910 2950 
3 1294 1325 2151 
2 497 1083 
5 148 2271 2894 2910 2919 
3 1336 1669 2466 
1 1010 
2 766 1041 
7 69 367 474 791 907 1419 2625 
0 
2 2034 2979 
4 80 1387 2722 2973 
1 305 
0 
1 570 
3 1169 2450 2754 
4 360 482 520 636 
2 581 2817 
2 1768 2554 
4 512 1830 2414 2499 
5 506 1556 1883 2164 2762 
5 1308 1551 2157 2202 2518 
2 1941 2059 
0 
1 893 
0 
4 1146 1197 1433 1486 
2 2275 2809 
2 982 2558 
4 428 2238 2868 2951 
1 1328 
1 1160 
5 100 181 552 1104 2108 
1 2685 
2 469 677 
3 632 1044 1450 
3 1742 1883 2757 
2 1057 1707 
3 2683 2744 2985 
6 282 850 1042 1302 1534 2614 
5 146 1363 1510 1934 2577 
3 1163 1773 2651 
4 1185 1832 2121 2193 
3 423 555 1039 
2 694 2335 
2 1303 2093 
8 42 471 533 762 869 1335 1393 2375 
4 246 1600 1736 2111 
2 1558 2249 
1 2501 
2 763 1839 
2 784 2339 
2 2293 2905 
4 146 1740 2026 2420 
2 54 860 
2 813 2412 
2 2070 2575 
1 1052 
3 496 511 697 
5 277 294 455 667 2979 
3 1148 1495 1710 
4 44 1633 2358 2513 
7 604 1137 1347 1498 1617 2350 2809 
7 167 168 646 1020 2509 2678 2997 
3 878 2267 2282 
3 671 2108 2530 
3 126 600 1071 
2 616 1654 
3 798 991 1424 
4 808 1205 1338 1414 
3 212 219 1761 
4 1120 1890 2296 2796 
3 73 1259 1590 
3 1021 1404 2645 
4 1006 1282 1710 2108 
2 2215 2815 
4 730 1045 1223 2161 
0 
5 533 605 941 2549 2894 
1 1695 
6 422 1775 1808 1833 2146 2559 
4 1395 2567 2602 2806 
2 1100 1311 
4 868 1127 1240 1465 
2 32 1351 
5 526 2310 2441 2535 2751 
5 158 289 1086 1208 2183 
3 303 1415 2708 
2 707 1778 
3 1264 1582 2104 
4 1390 1399 2136 2172 
2 2190 2953 
5 539 1247 1552 2442 2720 
0 
6 573 1573 1628 1690 1984 2330 
4 804 1380 1447 2316 
3 191 1231 2508 
4 988 1216 1811 2252 
5 107 521 554 708 2316 
2 1175 1388 
3 1003 1326 2162 
1 130 
2 331 503 
4 1098 1574 2390 2938 
3 1393 1614 2031 
5 358 1313 1556 1889 2355 
2 112 272 
4 339 1428 1559 2875 
4 601 654 709 2786 
9 11 60 95 511 927 1469 1530 1683 2500 
4 738 1394 2017 2449 
3 1075 1846 2789 
0 
3 139 367 2118 
1 2260 
3 135 903 1115 
4 410 646 2015 2200 
4 50 153 2478 2785 
2 1338 1955 
2 2685 2864 
3 173 1587 2648 
2 2744 2827 
0 
4 148 319 2876 2979 
0 
3 884 1420 2741 
5 445 815 1967 2622 2649 
0 
1 1101 
2 597 1852 
3 419 751 2418 
2 1379 2308 
0 
5 480 603 1793 1859 2848 
0 
2 1923 2892 
3 286 2192 2647 
2 743 2364 
2 2385 2414 
6 9 311 572 959 2597 2657 
1 2349 
3 421 1925 2164 
4 449 460 1185 1795 
3 787 2230 2255 
5 998 1181 1298 2532 2737 
4 134 1656 1798 2809 
2 917 1398 
0 
5 238 400 415 435 1489 
4 965 2112 2228 2571 
3 48 1313 2176 
2 1013 2642 
2 150 1725 
2 1685 2272 
0 
7 860 1008 1075 1791 2005 2059 2830 
5 582 1420 2478 2536 2933 
3 259 724 1039 
1 724 
3 13 596 1293 
2 1422 2544 
1 3 
4 398 981 1591 2480 
3 329 1096 2412 
2 2465 2630 
4 334 1133 1155 2686 
3 1361 1444 1492 
5 824 995 1107 1543 2183 
4 325 1075 1765 2654 
3 626 933 2563 
4 636 1534 1587 1884 
2 646 1189 
2 1527 2902 
1 2529 
3 404 960 1266 
4 107 1415 1500 2418 
3 522 818 1699 
3 363 1137 2190 
2 57 2586 
4 14 149 779 1345 
1 2760 
1 2164 
2 734 1194 
1 2528 
3 1335 2576 2778 
4 422 1046 1751 2249 
7 286 695 696 750 1239 1273 2799 
4 1076 1199 2070 2571 
4 8 42 2106 2857 
2 2076 2382 
5 934 1365 1402 1968 2675 
2 821 1883 
6 44 614 761 1425 2289 2976 
4 426 934 1947 2234 
4 202 1357 1490 1926 
6 235 463 778 811 1313 2636 
3 720 1367 2335 
3 1087 1788 1915 
2 160 2036 
1 2970 
4 198 648 1052 1935 
2 229 1005 
1 1476 
1 222 
7 246 376 935 1021 2071 2419 2830 
3 345 675 1935 
4 226 838 1541 2729 
1 2794 
7 855 1565 1673 1820 1955 1977 2480 
3 1198 1223 2899 
5 1854 1916 2226 2262 2347 
6 186 396 1053 1811 2109 2870 
5 724 2419 2713 2741 2762 
3 668 2018 2729 
2 1182 2454 
3 387 1451 1590 
2 888 1384 
1 2113 
2 1510 1631 
1 525 
1 326 
3 535 1427 2136 
3 140 782 2948 
4 730 918 2051 2157 
2 584 850 
2 588 2503 
6 65 1322 1891 2325 2336 2873 
2 1356 2260 
3 545 1909 2904 
2 790 801 
1 2928 
5 93 121 1292 2433 2579 
2 15 115 
1 2035 
3 1425 1806 2128 
5 952 1110 1125 1614 2196 
1 1405 
3 58 2502 2539 
6 31 146 1256 1521 1909 2217 
4 143 1013 2341 2439 
3 45 733 1205 
6 717 1544 1589 2255 2304 2881 
4 188 1854 1859 2046 
0 
3 760 821 2396 
1 2289 
3 62 589 1811 
4 258 1590 2140 2760 
4 31 1551 2485 2864 
8 299 409 681 1316 1760 2028 2188 2893 
1 168 
3 1633 2465 2725 
2 382 767 
5 546 885 893 1731 2974 
2 954 1196 
1 1833 
6 343 1941 2172 2571 2752 2940 
3 2045 2504 2927 
1 134 
1 2701 
4 531 606 1392 2813 
2 1044 1783 
2 1245 1685 
7 767 817 1097 2134 2273 2881 2938 
3 35 36 2018 
2 1137 1300 
3 633 1984 2942 
6 1582 1625 2022 2352 2380 2508 
1 1714 
5 364 927 1419 1687 2106 
1 607 
6 65 159 400 1182 1498 1725 
3 440 447 1565 
2 733 1407 
2 1058 1592 
3 593 1914 2205 
5 1491 1761 1966 2205 2716 
5 664 1254 1548 1781 2446 
4 2206 2384 2563 2848 
3 801 1397 1642 
5 183 714 1470 2216 2841 
8 160 402 486 1263 1883 1985 2003 2219 
5 433 849 857 1012 2481 
3 729 782 1357 
2 2438 2535 
3 1194 2330 2923 
2 705 2989 
1 1540 
2 880 1779 
3 427 1248 1779 
4 197 387 1693 2731 
2 2221 2984 
5 33 504 1118 1331 1704 
4 880 1807 2145 2685 
3 1161 1659 1670 
4 980 1386 1659 1878 
1 527 
3 1552 1934 2550 
2 860 882 
4 484 1433 2509 2702 
1 744 
2 149 2440 
4 77 223 1295 2827 
2 2698 2754 
5 200 302 414 2312 2726 
4 24 27 899 2307 
2 2762 2813 
0 
2 236 1675 
2 106 2472 
6 422 867 1217 1731 2509 2998 
4 820 1312 2357 2619 
6 577 762 1704 2193 2301 2718 
2 985 2459 
7 373 890 1390 1807 1821 2371 2595 
3 112 170 178 
3 273 412 2949 
2 19 746 
2 340 1331 
2 820 1659 
4 387 969 1987 2540 
3 270 1503 2359 
7 118 339 592 693 836 2245 2927 
3 86 1385 1583 
5 937 1375 2308 2550 2627 
2 2088 2191 
5 40 401 1302 1378 1962 
4 67 402 1498 2663 
1 2034 
4 13 848 1776 2952 
2 621 2063 
3 584 1083 1889 
2 1657 2130 
1 1600 
2 116 2255 
0 
2 153 2477 
2 1959 2198 
3 28 2200 2574 
3 1424 2457 2913 
3 602 1539 1986 
6 1110 1370 2216 2444 2665 2869 
3 826 831 881 
4 179 880 1019 1885 
2 836 2113 
1 1963 
4 497 663 1468 1621 
3 791 1860 2619 
2 319 2280 
1 2623 
3 754 1193 2560 
2 40 2849 
2 852 2529 
3 1876 1908 2199 
2 195 2971 
2 562 791 
2 1951 2607 
2 394 2373 
1 2714 
1 1854 
4 29 413 1441 2453 
4 843 914 1340 1918 
2 236 2554 
2 2424 2537 
6 58 340 466 2092 2347 2931 
2 653 2691 
4 354 526 1239 1438 
0 
2 1449 2432 
1 546 
2 1376 2297 
6 172 1718 2149 2257 2446 2643 
5 150 304 1489 1639 2337 
1 1757 
4 76 1412 2299 2593 
2 1001 1980 
4 12 899 958 2591 
2 1488 1993 
4 1406 1698 2238 2353 
3 475 684 958 
4 761 1114 1938 1973 
3 372 1710 1954 
1 515 
2 204 1883 
3 1145 1899 2556 
0 
6 370 1115 1339 1930 2036 2939 
3 465 1826 2214 
3 112 2039 2113 
6 647 807 1407 1698 2366 2783 
4 0 454 1085 1881 
4 1767 2025 2030 2888 
5 1131 1171 1387 1580 2347 
4 2138 2563 2872 2892 
4 509 1158 1615 2966 
5 320 707 1149 1672 2716 
2 728 731 
4 742 1771 1788 2625 
3 1634 2689 2743 
2 862 1382 
6 1143 1373 1783 2227 2526 2675 
8 5 1367 1529 1530 1551 1656 1849 2188 
4 1563 2092 2403 2787 
4 616 2283 2660 2973 
2 1958 2742 
3 1391 1600 2300 
6 86 1071 1264 1568 2231 2997 
4 15 1210 1960 2662 
3 1934 2021 2691 
6 306 1555 2094 2245 2470 2535 
2 1057 2945 
3 305 1943 2850 
0 
2 2004 2636 
2 773 2197 
3 1344 1464 1616 
4 792 2342 2376 2700 
2 368 1950 
2 996 1929 
3 500 2388 2857 
5 522 914 917 2389 2571 
2 677 2164 
4 712 1148 2338 2597 
0 
2 536 1612 
5 522 1551 1947 2165 2640 
4 249 985 2108 2640 
2 687 2894 
3 1173 1244 1745 
5 310 1020 2194 2206 2925 
1 1336 
5 858 1244 1981 2006 2796 
2 415 2425 
1 2807 
2 1193 2710 
2 2421 2881 
1 1556 
1 2762 
3 1826 2061 2782 
2 1792 2270 
1 1750 
5 291 1364 1463 2731 2902 
4 242 833 2081 2168 
4 494 700 2263 2576 
4 60 78 566 2932 
1 2613 
1 2853 
2 851 964 
2 1120 2521 
3 156 1510 1660 
3 120 635 1951 
2 449 2787 
2 2240 2835 
5 606 1116 2140 2543 2957 
5 485 1570 1709 1730 2319 
5 213 1987 2087 2125 2734 
1 2118 
4 242 705 2587 2737 
4 956 1283 2637 2746 
1 1245 
4 682 1043 2495 2891 
4 32 1093 1694 2925 
2 2098 2750 
3 913 1055 1124 
2 2043 2988 
6 152 268 638 1103 1492 2130 
7 478 1799 2089 2109 2249 2253 2473 
2 739 1760 
2 612 2275 
2 1150 2726 
2 693 1088 
6 427 1076 1343 2570 2615 2900 
3 362 544 2612 
3 1938 2722 2747 
4 314 524 820 1777 
6 168 689 777 1530 2008 2668 
3 1608 2229 2619 
2 100 2713 
2 2406 2748 
3 190 1567 2638 
1 2790 
4 881 1286 2221 2593 
6 419 601 967 1955 2862 2868 
5 66 171 611 742 1953 
5 1092 1649 1763 2079 2853 
5 457 1659 1878 2527 2614 
1 1155 
2 2494 2971 
3 123 1543 1694 
3 1256 1413 1588 
1 1605 
0 
1 1503 
4 268 1287 1606 2258 
4 163 226 1365 1678 
2 1932 2614 
3 1148 2370 2899 
4 375 1473 2856 2949 
3 1657 2704 2857 
6 1247 1708 1900 2051 2690 2977 
3 1585 1788 2279 
9 581 695 1189 1687 2145 2253 2382 2501 2682 
0 
3 545 2682 2695 
3 153 577 2453 
3 998 1332 2218 
5 417 573 799 1663 2228 
3 52 614 2747 
4 723 1066 1140 2449 
4 392 1407 2338 2633 
4 280 1656 2342 2822 
2 1639 2309 
2 519 2937 
3 1488 2409 2607 
6 595 738 1158 1647 2073 2651 
3 94 749 1324 
2 72 1734 
5 421 1001 1742 1985 2376 
5 176 251 482 1374 1579 
6 575 948 1058 1540 2530 2539 
2 812 1057 
4 2360 2659 2708 2920 
2 1436 1933 
1 2002 
1 2906 
0 
4 1390 1473 1976 2268 
1 1857 
3 1046 1570 2680 
2 68 521 
3 172 405 1787 
2 1532 2758 
1 464 
2 604 944 
3 27 1327 2309 
7 1222 1717 1834 2240 2425 2775 2906 
5 1139 1304 1934 2348 2913 
7 649 693 706 1148 1428 2392 2645 
3 725 1009 2447 
0 
3 235 443 2661 
1 2065 
4 309 319 2038 2959 
2 381 2878 
2 1515 2823 
3 541 869 1872 
7 258 466 1764 2049 2093 2792 2871 
6 470 928 1971 2406 2471 2611 
3 624 1358 2176 
2 735 1469 
5 389 1008 1603 1865 2835 
3 1323 1879 2043 
3 1826 2489 2532 
0 
3 416 1022 2683 
1 999 
3 1344 2927 2974 
2 274 1643 
3 4 701 1594 
1 801 
1 641 
3 440 529 2842 
1 620 
2 666 2452 
0 
2 1003 1739 
3 570 1110 2297 
5 176 1540 1615 2439 2760 
2 1208 1868 
2 705 2448 
0 
4 1921 2143 2400 2795 
6 773 879 1104 1643 2557 2767 
3 310 2424 2519 
2 1284 2942 
4 534 1172 1578 2317 
4 103 918 1622 2115 
4 20 653 924 2900 
6 991 1688 1820 2108 2395 2868 
5 236 1170 1496 1498 2209 
2 830 2279 
1 2077 
3 260 609 986 
3 2146 2617 2686 
5 1135 1254 1596 2092 2128 
4 72 1596 2506 2525 
3 162 1001 1286 
1 773 
0 
6 458 621 1226 1700 2092 2752 
3 262 1426 2195 
3 1244 1988 2822 
2 285 2929 
3 930 2100 2223 
4 1184 1952 2479 2958 
3 703 1235 2829 
3 108 154 2287 
4 458 1122 1421 2849 
0 
4 137 600 715 803 
1 1518 
2 15 1074 
5 396 1046 2134 2719 2997 
1 387 
4 464 2075 2413 2523 
2 938 2809 
0 
2 922 2353 
2 342 564 
2 33 2548 
6 116 598 960 1034 1075 1590 
1 933 
4 1007 1565 1566 1981 
2 311 1773 
5 297 1234 1447 1740 2369 
2 1228 2464 
1 2475 
4 474 703 1024 1175 
5 93 1249 2365 2483 2776 
4 510 2371 2429 2649 
3 932 1052 1387 
6 466 1372 1385 1512 1668 2248 
2 569 2157 
3 832 1968 2283 
2 69 1897 
4 579 1778 2900 2916 
2 48 201 
3 1965 2243 2914 
3 208 419 1773 
4 139 253 1569 2482 
4 1220 1330 2110 2815 
8 203 553 1367 1404 2543 2552 2649 2791 
3 1117 1246 1482 
2 930 1267 
6 348 1113 1927 2083 2099 2182 
3 966 2308 2527 
7 358 1356 1664 1704 1898 1972 2640 
9 135 284 395 445 637 1155 1623 2092 2655 
2 22 2464 
2 2128 2447 
2 2004 2085 
4 2 165 2612 2871 
2 384 2328 
4 682 1540 1726 2707 
4 752 809 2315 2552 
3 530 1938 2301 
1 1132 
4 580 680 1904 2613 
6 116 2500 2679 2736 2831 2905 
4 1579 2166 2277 2447 
0 
3 709 1039 1320 
0 
0 
0 
3 489 888 972 
4 353 720 823 2222 
4 1375 1441 2263 2619 
4 385 792 1498 1552 
2 564 1590 
2 747 1207 
1 725 
3 131 1947 2441 
1 2180 
2 2287 2595 
4 153 396 1695 2618 
3 1959 2184 2727 
3 607 778 1252 
1 2096 
3 302 1198 1707 
4 624 1106 1803 1919 
1 220 
3 258 945 2206 
1 2805 
5 1437 1669 1836 2093 2121 
3 86 187 1237 
2 342 1854 
2 2801 2830 
4 635 1583 1631 2481 
3 848 2344 2993 
2 308 2285 
4 1780 2355 2671 2899 
2 1168 1427 
2 1943 2868 
4 1073 1312 1348 1410 
6 44 614 747 2849 2979 2996 
6 1490 1527 1631 1741 2848 2888 
2 2106 2215 
3 79 1127 2644 
1 266 
3 328 1153 1254 
5 294 506 1551 1910 2023 
2 46 2513 
2 523 634 
2 456 2855 
2 311 1938 
4 365 1152 1393 2983 
7 283 329 352 1133 1274 2139 2656 
4 254 1947 2441 2776 
4 1213 1319 1324 1457 
2 1409 1502 
5 268 364 724 904 2573 
3 224 496 621 
0 
2 302 2049 
6 263 441 444 1605 2209 2227 
8 147 285 966 969 1129 1625 2619 2693 
4 800 997 2224 2553 
4 263 1170 1684 2112 
6 630 1037 1279 1694 2108 2694 
4 72 827 2167 2909 
6 1156 1403 1529 2035 2931 2933 
2 1790 2507 
2 2096 2648 
6 298 1205 1404 1721 2588 2721 
3 1275 2452 2646 
5 482 815 1122 1228 2827 
2 2604 2809 
4 776 1027 2014 2418 
2 1410 2975 
1 2893 
4 610 1769 2052 2451 
5 55 1436 2480 2659 2663 
5 153 421 1791 2284 2702 
3 2407 2767 2874 
6 67 819 1557 1776 1961 2643 
3 627 944 2685 
4 10 2470 2476 2802 
4 108 712 2579 2609 
3 418 1171 2826 
2 229 1827 
0 
4 1562 2183 2192 2269 
3 261 2537 2795 
0 
2 724 2594 
7 92 94 208 1235 1282 2162 2647 
4 194 1253 1444 1455 
1 1409 
2 1677 2577 
3 65 1684 2774 
4 1247 2165 2236 2727 
3 2073 2825 2858 
1 2214 
3 612 1274 2324 
4 996 1511 2848 2959 
2 1112 1412 
5 147 175 1529 1589 2001 
4 9 1019 1124 1852 
6 193 527 1031 1343 2259 2390 
0 
1 460 
4 386 462 1639 2702 
3 2166 2215 2532 
6 58 769 1829 2299 2663 2691 
3 277 697 1575 
4 136 436 540 2430 
4 840 1686 1907 2473 
3 1337 1712 2323 
2 1457 2560 
4 274 682 1828 2757 
1 1651 
4 197 803 1746 2717 
3 1991 2324 2951 
3 361 577 864 
5 583 1516 1908 2067 2273 
4 1074 1658 1708 1897 
3 436 533 2296 
2 2153 2741 
1 2531 
6 198 411 559 2474 2501 2978 
4 59 2528 2590 2727 
0 
3 620 1648 1806 
4 497 849 1222 2816 
7 272 643 688 733 1531 1723 2241 
1 165 
4 48 143 301 2350 
4 305 787 1605 2522 
0 
1 2287 
1 1237 
1 1189 
1 1456 
4 764 1393 1807 2239 
2 267 1089 
4 142 1053 1237 2900 
3 472 540 2654 
1 638 
3 1072 1350 1757 
1 568 
1 2375 
3 1168 1464 2251 
3 295 830 856 
3 1043 2726 2767 
0 
2 1730 2846 
4 432 584 722 1754 
6 543 968 2072 2080 2848 2968 
3 1296 2031 2561 
3 607 656 1793 
1 924 
3 500 899 2162 
2 2327 2468 
5 363 382 1932 2383 2624 
4 1009 1287 1622 1762 
2 953 1094 
2 717 2269 
3 77 1607 2808 
3 302 600 2312 
6 80 1222 2102 2303 2906 2911 
0 
5 1327 2001 2015 2778 2886 
3 622 1363 1553 
1 1518 
1 2853 
1 2187 
2 2096 2232 
7 765 1174 1638 2032 2048 2426 2736 
2 732 821 
1 1086 
1 457 
3 1458 1821 2333 
3 531 704 2202 
0 
4 578 1351 2147 2539 
3 979 1561 2990 
3 728 1032 1583 
1 335 
7 276 464 514 734 939 1169 1526 
3 280 2234 2553 
1 1402 
3 345 879 2710 
1 1444 
2 1159 2644 
4 938 2241 2709 2856 
3 50 1056 1459 
4 862 1195 2507 2540 
4 908 1400 1438 2701 
1 2166 
3 864 2148 2990 
2 669 1937 
2 633 2714 
3 32 1865 2548 
1 937 
5 14 1423 1953 2047 2107 
2 754 1456 
2 861 1159 
4 191 833 1668 2144 
4 260 549 930 1158 
3 445 637 1761 
1 64 
6 628 852 1064 1776 2471 2992 
1 943 
1 798 
7 39 584 642 1234 1322 2290 2441 
2 648 2521 
2 619 1671 
3 374 2333 2637 
3 817 1850 2178 
3 47 684 2617 
3 148 628 2639 
5 24 1376 2483 2721 2729 
0 
5 728 1369 1417 2062 2075 
3 261 1249 2958 
4 611 1169 1252 2043 
2 774 2601 
2 916 1605 
7 370 811 927 1047 1958 2264 2387 
4 1585 2409 2459 2687 
4 1238 1276 1503 2137 
2 1222 1257 
4 1739 2549 2844 2906 
2 912 1284 
4 1027 1708 2281 2758 
5 380 607 1556 1799 1984 
6 425 522 625 713 2054 2318 
3 134 1933 2566 
4 255 1402 1831 2490 
4 1916 2018 2512 2638 
4 418 546 807 2547 
3 663 694 2583 
3 1135 2734 2934 
2 698 1687 
3 171 1383 2235 
2 606 877 
3 192 730 772 
2 519 1128 
3 759 1220 2427 
6 645 1075 1450 1579 1821 2385 
3 1833 2333 2911 
3 327 2145 2704 
1 353 
4 395 1801 2480 2938 
7 482 564 837 1699 2404 2601 2669 
1 2485 
6 1566 1681 1722 2548 2569 2684 
6 43 1060 1260 1769 2100 2838 
2 1212 1507 
5 904 1376 2189 2342 2385 
2 1856 2044 
0 
3 898 1195 1470 
1 1964 
0 
5 704 1275 1371 2428 2491 
2 78 2615 
1 427 
2 633 1152 
2 1649 2939 
1 906 
7 389 573 1428 1558 2030 2391 2564 
3 753 1857 2255 
6 151 191 216 1544 1986 2539 
3 2074 2239 2429 
3 174 299 2003 
1 1275 
3 70 1321 1384 
3 1237 1297 2498 
5 357 1360 1819 2597 2743 
2 1374 2762 
3 343 1734 2835 
2 1509 2864 
4 290 1473 2152 2504 
6 114 271 979 1939 2003 2841 
4 69 953 1330 2242 
3 188 215 621 
1 334 
3 408 2793 2838 
1 884 
3 647 1087 2063 
6 197 275 818 1441 1557 2390 
4 62 246 320 2562 
2 2264 2760 
6 1035 1064 1462 2003 2070 2680 
0 
5 123 202 1873 2268 2678 
3 740 1652 2801 
1 38 
2 457 1660 
1 1518 
3 74 281 1896 
2 270 1552 
6 305 1170 1872 2148 2333 2528 
1 2133 
0 
3 68 412 2193 
1 564 
3 2553 2935 2989 
6 915 1051 1630 1798 1817 2107 
3 451 686 910 
4 154 422 732 1224 
1 814 
4 704 1003 1570 1650 
3 1681 2051 2252 
5 1756 1838 2156 2305 2403 
5 598 1552 1606 2217 2729 
5 79 187 1117 2093 2100 
2 2161 2738 
6 600 809 865 1117 1196 2996 
5 2249 2333 2359 2370 2812 
3 713 1677 1719 
2 1658 1794 
2 1238 2088 
3 859 1030 1409 
0 
6 281 1535 1775 2403 2584 2784 
1 2173 
3 1437 1874 1899 
1 2208 
4 1461 2446 2911 2933 
5 578 756 987 1932 2599 
5 89 335 1283 1803 2108 
3 10 1159 2823 
0 
3 456 1623 2359 
4 452 1082 1549 1554 
2 1303 1609 
3 494 2260 2754 
4 1138 1352 1479 2904 
4 1588 2458 2708 2748 
2 1604 2695 
3 776 1998 2683 
3 72 1685 2097 
5 123 1536 1761 2798 2927 
1 182 
1 2536 
3 107 1367 1967 
4 710 1224 2100 2159 
2 395 1569 
6 939 1249 1285 2224 2768 2817 
3 647 939 1013 
3 259 1313 1541 
1 1069 
2 45 2322 
4 577 708 2475 2478 
4 1505 2409 2480 2920 
6 208 275 1523 1742 2440 2815 
6 307 340 2098 2106 2339 2392 
3 320 1730 2780 
3 878 1973 2845 
5 825 1057 1105 1181 2318 
6 744 1531 2120 2157 2229 2829 
1 2981 
4 144 705 1026 1704 
5 359 779 1452 2434 2565 
0 
2 2615 2976 
1 2589 
5 22 341 815 2235 2634 
1 1515 
2 1754 2446 
6 559 786 939 963 1229 1615 
5 630 835 1196 1481 1495 
4 103 454 532 1351 
2 63 1515 
4 328 947 2290 2390 
6 558 643 974 1414 2371 2542 
2 1263 1470 
3 586 1450 1591 
2 645 1808 
2 307 2380 
2 1364 2769 
2 1270 2149 
1 940 
1 2914 
7 51 280 746 810 1150 2359 2717 
3 1150 1435 2182 
2 1017 2345 
2 944 1790 
3 1167 1528 2132 
5 992 1066 1492 1758 2291 
0 
0 
2 336 632 
4 641 1941 2868 2892 
4 81 121 1293 2721 
2 1943 2626 
0 
3 315 1113 2376 
6 1056 1187 1428 1980 2277 2476 
1 930 
3 1763 2589 2604 
4 627 805 1717 2562 
3 861 1216 1365 
5 536 2198 2504 2734 2807 
5 517 1038 1408 1615 1939 
1 2697 
4 285 658 708 2641 
3 1027 1519 2956 
2 779 1285 
7 511 610 753 785 1148 1197 2942 
2 700 1558 
4 87 812 1646 2801 
1 1770 
4 474 1096 1769 1839 
1 1707 
4 1122 1123 2701 2752 
3 2593 2817 2952 
2 1657 2079 
1 2345 
4 123 585 871 943 
2 442 1895 
2 2599 2905 
5 218 1088 2076 2121 2702 
2 1520 2919 
6 1028 1243 1316 1406 1732 2543 
4 1031 1495 1732 2949 
3 1346 2215 2567 
3 249 1014 2528 
2 1516 2924 
2 2783 2792 
3 2412 2873 2927 
2 962 1803 
2 160 2233 
5 282 642 773 1708 1851 
5 932 1105 1551 1585 2910 
3 130 953 2320 
4 288 600 1699 2779 
2 294 2035 
1 1639 
1 279 
3 431 884 1743 
4 1114 1343 2105 2322 
3 1175 1514 1849 
3 224 2297 2399 
3 183 805 1244 
1 2293 
1 2697 
1 632 
3 1670 1885 2184 
2 1488 1959 
5 756 1216 1224 1778 2169 
2 33 2018 
3 599 789 2645 
1 936 
1 35 
4 197 1946 2428 2641 
0 
3 464 1356 2505 
5 910 1049 1290 1619 2972 
3 1827 1896 2942 
6 132 1838 1973 2085 2349 2880 
1 817 
4 219 1095 1110 2448 
4 1748 2039 2106 2668 
2 2005 2604 
4 130 161 1592 1955 
2 1052 2449 
1 1311 
2 1022 1448 
2 316 1492 
4 319 1299 1819 2262 
3 1476 1738 1909 
4 225 2299 2319 2351 
4 280 286 517 605 
3 1889 2102 2630 
6 151 683 939 1048 2457 2975 
7 870 1036 1598 1978 1988 2077 2576 
3 0 1304 1501 
5 832 833 857 1023 2958 
4 230 987 1478 2055 
4 104 2440 2507 2995 
5 428 1667 1866 2426 2616 
1 1044 
4 1174 1888 2326 2369 
0 
0 
2 497 1662 
2 1159 1386 
6 303 543 1212 2375 2495 2768 
5 335 832 1629 2083 2602 
4 18 1395 2759 2992 
3 933 1684 2920 
2 746 1927 
1 259 
2 846 2743 
0 
3 336 1277 1500 
1 1032 
2 486 1915 
2 2246 2419 
4 1435 1493 2117 2135 
3 1726 1840 2082 
2 647 2595 
5 9 1246 1278 1672 1812 
5 69 691 800 1522 2270 
2 1295 2344 
4 807 1039 1422 1797 
4 1116 1804 1805 2665 
1 391 
1 632 
3 89 392 1908 
4 27 182 2181 2770 
3 269 828 2548 
6 143 217 999 1026 1247 2433 
3 617 1203 2238 
0 
2 344 1792 
3 289 916 927 
8 205 396 714 1433 1617 1846 2216 2838 
5 110 111 1127 1787 2578 
2 252 300 
0 
0 
6 830 850 1174 1543 1934 2512 
1 2989 
0 
6 575 1207 1595 2258 2466 2749 
6 203 1037 1304 1413 1614 2222 
3 992 1745 2840 
3 598 612 919 
3 348 432 2526 
5 261 1296 2039 2587 2759 
2 1851 2700 
4 382 806 2439 2847 
3 2325 2805 2871 
5 1933 1950 2404 2506 2995 
2 1073 1582 
2 909 1881 
4 368 1500 2705 2857 
1 2048 
1 1252 
2 1435 1736 
1 1313 
2 38 2537 
4 171 452 690 809 
3 229 1181 1682 
3 166 425 2969 
4 149 415 1805 2732 
0 
6 368 992 1334 1538 1907 2453 
5 791 848 2595 2678 2726 
4 1605 1606 1819 2238 
3 1785 2325 2647 
3 1054 1460 2249 
0 
6 510 585 1722 2150 2510 2760 
1 2806 
3 215 1652 2504 
4 38 1103 1411 2722 
2 591 1152 
4 355 1224 2059 2383 
6 574 1055 1536 1866 1904 2147 
2 1621 2210 
3 300 2107 2806 
4 350 966 1709 2665 
4 163 210 1300 2644 
2 345 2887 
2 1644 2036 
3 2021 2294 2597 
2 190 978 
3 723 1906 2782 
2 1944 2717 
2 2022 2553 
3 1335 1550 2493 
2 2745 2823 
1 1494 
6 81 92 911 1327 2134 2146 
3 1570 2379 2444 
0 
8 787 1005 1797 1968 2380 2598 2674 2868 
5 336 608 814 1388 1523 
3 1343 2214 2752 
2 1022 1581 
5 1084 1804 1817 1885 2947 
2 706 1871 
0 
3 929 2066 2982 
2 556 2310 
7 1259 1436 1594 1775 2791 2850 2855 
2 1593 2493 
2 935 2668 
2 307 2591 
5 579 1151 1166 1955 2239 
1 1974 
4 618 1505 1769 2688 
5 867 1263 1390 2171 2227 
3 1012 2053 2711 
4 426 626 1163 1631 
5 826 827 2031 2557 2742 
2 1219 2682 
2 333 815 
3 19 2027 2156 
3 86 799 938 
1 2469 
4 1733 2016 2079 2270 
1 2419 
2 1068 1700 
5 735 935 1038 2123 2965 
0 
6 1250 1568 2258 2507 2551 2932 
2 693 1261 
3 977 1697 1887 
2 671 1338 
2 1501 2140 
3 29 680 2826 
1 2185 
2 1687 1760 
3 683 1488 2932 
3 1004 1414 2695 
2 2540 2954 
5 56 69 160 1432 2394 
1 2465 
4 190 1208 1511 1612 
3 5 1688 1764 
3 1688 1728 2149 
5 91 483 772 1311 1963 
4 831 852 1322 2600 
3 618 1559 2872 
0 
2 2859 2967 
5 254 635 749 784 2450 
3 115 1684 2437 
1 2038 
2 386 2205 
2 494 1865 
0 
2 1488 1764 
1 219 
4 22 1458 1651 1732 
2 746 1116 
5 206 852 1360 1428 2392 
0 
1 148 
5 71 1891 2303 2532 2691 
1 2086 
5 925 976 1090 2604 2698 
3 1268 1640 2548 
2 379 1298 
2 1292 2945 
1 557 
3 222 1417 1834 
4 580 2006 2611 2839 
5 29 618 793 1429 1919 
2 1073 1831 
1 2613 
4 351 503 1212 2006 
0 
2 1494 1641 
3 588 1594 2199 
1 1682 
0 
1 12 
1 2698 
2 245 2030 
1 2115 
4 649 1699 1929 2747 
3 187 2170 2474 
0 
4 273 939 1623 2854 
1 1397 
4 61 1614 1713 1931 
3 667 1286 1915 
3 2249 2408 2778 
7 229 748 780 897 1214 2186 2758 
4 122 232 1896 2527 
3 1439 2899 2966 
3 1065 1451 2847 
2 1872 2649 
4 137 202 671 780 
2 885 2627 
1 2487 
3 1978 2157 2429 
0 
1 288 
3 1088 1381 1815 
2 1662 1742 
3 188 2479 2869 
1 1106 
0 
2 386 527 
3 119 385 1765 
3 1083 1482 1858 
3 214 1475 2627 
2 1507 2163 
4 48 2035 2336 2829 
2 475 891 
0 
5 38 519 833 1023 2526 
2 1089 1920 
3 43 168 2535 
5 113 928 1718 1919 2785 
2 2552 2620 
6 472 558 574 729 819 921 
1 708 
3 881 1629 1764 
2 87 528 
1 1792 
2 1664 2869 
6 643 869 1655 2256 2405 2910 
2 144 609 
4 764 1824 2018 2730 
3 2345 2826 2950 
0 
2 2489 2552 
1 1601 
3 1480 1640 1855 
4 96 1162 1304 2965 
3 1174 2216 2418 
3 168 922 1507 
3 329 1037 2538 
1 2101 
1 2295 
2 303 2381 
2 1185 1742 
0 
4 1751 2249 2467 2670 
5 31 1295 1730 2485 2518 
3 891 1303 1691 
6 766 776 1652 2080 2210 2458 
3 341 1229 1940 
1 2226 
1 455 
1 2946 
4 7 813 2068 2409 
5 184 735 1679 1852 2090 
2 748 1418 
2 298 509 
2 899 2997 
4 363 1208 1833 1881 
2 77 1879 
2 1109 2800 
0 
4 220 673 2076 2152 
3 423 2144 2587 
4 457 679 2015 2489 
6 372 406 732 1968 2543 2672 
3 262 1172 1673 
2 369 2164 
2 956 1846 
2 290 924 
4 88 440 1851 2658 
6 109 1033 1342 1510 2231 2884 
3 1060 1416 1716 
6 192 578 835 946 1074 1704 
4 738 743 2726 2943 
3 278 1972 2300 
2 40 1379 
4 918 1011 1183 1233 
2 1463 1585 
1 1910 
4 560 794 1574 2892 
1 2005 
4 949 1221 1576 2995 
4 1752 2509 2729 2867 
1 2913 
2 1636 2732 
6 60 466 731 963 1200 1236 
0 
1 255 
2 955 1716 
4 511 894 988 2686 
2 1132 2218 
2 1021 1383 
1 919 
9 656 746 1020 1646 1773 2142 2574 2598 2934 
3 15 406 2841 
3 2468 2559 2859 
2 942 1407 
4 462 875 1204 1630 
1 945 
7 43 538 1263 2322 2389 2787 2928 
1 864 
3 476 883 1806 
3 1442 2043 2601 
3 1165 2170 2202 
4 306 814 2049 2398 
2 664 1526 
5 728 1161 1760 1926 2226 
2 2086 2985 
2 108 281 
2 1085 2443 
3 1174 1936 2238 
5 41 918 1539 1641 2034 
2 1774 2070 
1 90 
1 1064 
2 224 746 
7 90 198 202 1657 1862 2059 2408 
1 2184 
4 294 382 913 1579 
5 309 437 969 1150 2402 
1 2940 
1 1985 
6 632 804 1414 2026 2150 2247 
5 819 1055 1983 2179 2580 
5 878 1452 2195 2210 2526 
4 374 858 993 2767 
4 1129 1657 2454 2647 
3 375 2783 2797 
1 2506 
2 1301 2912 
4 256 2220 2259 2402 
3 517 915 2117 
2 412 2930 
0 
1 125 
2 166 2072 
3 1521 2110 2126 
3 250 338 2212 
2 413 2472 
5 491 1285 1350 2327 2995 
3 517 1061 2497 
5 369 819 1454 1463 1473 
5 30 951 1178 2433 2890 
4 403 693 1645 1942 
7 969 1832 1836 2178 2529 2862 2978 
3 2612 2790 2833 
2 1013 2219 
2 51 2237 
0 
0 
1 2669 
0 
1 1256 
5 654 1350 1925 2471 2964 
2 1785 2693 
2 648 2319 
8 352 751 802 1418 1632 1891 2251 2410 
1 2236 
2 130 2948 
5 946 1749 2233 2262 2365 
2 805 1753 
1 1229 
0 
2 929 2601 
3 186 591 1984 
4 16 1782 2778 2859 
3 532 787 2120 
2 2720 2842 
4 534 929 1450 1844 
3 642 1337 1779 
2 1356 2439 
0 
4 57 548 866 1973 
6 771 1249 1618 1875 2278 2284 
5 736 924 1748 2638 2922 
5 102 2138 2167 2342 2793 
3 1080 1813 2672 
5 234 926 1644 1712 2148 
1 299 
0 
3 329 514 2074 
4 1002 1089 1404 1964 
3 1439 2109 2832 
3 795 2189 2306 
3 780 2644 2951 
1 1383 
3 1356 1720 2070 
6 305 1084 1242 1966 2464 2538 
2 87 120 
3 761 1037 1493 
4 1259 2374 2435 2672 
3 1777 2148 2502 
3 175 1415 2335 
3 136 1660 2425 
1 2127 
2 2443 2707 
0 
4 560 693 1741 1978 
1 226 
3 116 387 976 
3 0 1402 2068 
2 868 1469 
2 227 538 
2 1079 2929 
1 1767 
2 1303 2279 
4 184 1914 2062 2433 
1 2277 
6 594 725 1473 1974 2048 2554 
3 742 2725 2859 
5 361 1336 1997 2388 2601 
4 390 1052 1280 2519 
4 1453 2042 2658 2951 
3 256 1142 1402 
5 202 377 727 1603 1923 
4 1119 1657 2683 2741 
1 2391 
9 7 44 305 1022 1598 1785 2449 2541 2968 
2 1336 1909 
3 980 2561 2805 
1 1682 
2 1172 1670 
1 451 
3 1178 1641 2540 
5 104 1825 1969 2352 2497 
2 88 993 
2 863 1502 
1 1004 
1 1915 
0 
7 902 940 1122 1127 1175 2758 2781 
7 583 1084 1212 1496 2260 2261 2487 
1 947 
1 2930 
3 1206 1251 1355 
2 1522 2197 
3 1000 1537 2575 
2 1172 2442 
5 348 1131 1436 1496 1527 
3 1901 2203 2757 
2 1348 1655 
1 362 
3 299 477 627 
2 1622 2356 
5 726 807 1225 1537 1644 
3 1383 1488 1744 
12 198 570 603 612 964 1116 1247 1511 2145 2471 2576 2587 
4 493 749 1004 2044 
3 302 1168 1998 
1 585 
4 687 1246 2204 2749 
3 755 882 926 
1 100 
4 1114 1845 2152 2903 
1 2890 
4 1681 1993 2179 2410 
6 164 376 496 503 651 994 
2 445 489 
3 1541 2028 2217 
5 580 1212 1603 2477 2540 
4 153 2479 2582 2687 
3 358 1788 2866 
1 131 
4 203 993 2279 2659 
1 1998 
2 26 2056 
6 139 456 772 1122 1177 2231 
2 420 2719 
6 356 443 489 536 870 1003 
3 196 505 2816 
3 329 1569 2415 
3 8 512 1483 
3 801 1140 1757 
3 225 1681 2310 
6 377 628 759 2662 2709 2878 
2 1409 2233 
4 331 931 2037 2327 
2 1235 2933 
3 785 991 1794 
1 2969 
1 1955 
2 1109 2525 
3 399 1386 1924 
5 831 1039 1430 2108 2585 
3 618 1121 1757 
3 1363 1742 2174 
6 400 1378 1482 2039 2053 2453 
4 351 909 1562 1805 
5 500 523 1736 1984 2302 
2 209 540 
5 1462 1923 2115 2198 2896 
4 17 121 1306 2288 
3 2169 2211 2257 
1 493 
3 1494 1782 2341 
6 427 559 761 1160 1541 1862 
1 2463 
5 501 1527 2541 2587 2875 
3 207 279 363 
3 469 614 1497 
3 638 1274 1340 
4 203 519 1874 2886 
5 558 679 719 959 1928 
2 963 1279 
4 1187 1291 1377 2591 
3 1248 2037 2446 
2 231 980 
7 308 440 1631 2154 2201 2236 2385 
3 1847 1965 2502 
2 1776 2646 
3 293 628 794 
1 1506 
3 181 327 2147 
4 2504 2600 2687 2810 
3 174 688 1086 
0 
5 58 104 1397 2006 2662 
5 132 326 1985 2117 2691 
2 1201 2698 
2 1692 2309 
3 381 1172 1566 
4 455 624 705 1270 
4 1204 1629 1979 2896 
3 133 1796 2882 
3 139 399 1854 
5 431 1354 2310 2701 2933 
4 787 939 2206 2727 
2 1438 2045 
3 629 715 2907 
4 295 863 2391 2821 
4 674 1270 2509 2830 
4 580 850 1485 2692 
2 305 967 
4 198 1128 1986 2255 
3 224 773 2326 
3 952 2097 2340 
4 875 1584 2152 2604 
3 891 1839 2754 
3 507 654 876 
3 2169 2494 2719 
4 559 1361 1965 2980 
1 2101 
1 2112 
5 232 813 814 1814 2936 
6 217 816 967 1210 2188 2639 
0 
1 1508 
2 1117 1243 
3 1743 1909 1986 
3 2154 2564 2794 
2 205 1999 
0 
3 925 1281 1762 
4 613 1225 1291 1607 
4 818 879 1699 1898 
3 776 1495 2120 
3 320 1043 1952 
2 819 2008 
4 319 1992 2383 2551 
3 428 829 1019 
4 1194 1708 2531 2975 
1 1131 
2 1245 1529 
2 2554 2568 
5 748 1911 1968 2599 2781 
3 938 1243 1776 
3 687 1044 2314 
4 507 1014 1541 2934 
2 681 2998 
5 54 944 1932 2128 2756 
2 1355 2834 
6 276 346 1613 2021 2137 2870 
2 731 1368 
4 302 1423 1548 2252 
3 1279 2019 2169 
2 2009 2884 
6 567 916 1695 1732 1972 2930 
4 1322 1453 1773 2863 
6 990 1073 2261 2425 2612 2972 
3 1313 1373 2279 
1 1464 
4 338 1165 2367 2473 
1 2771 
4 302 860 947 2404 
6 328 1680 2493 2509 2884 2963 
2 1984 2446 
2 367 1159 
9 133 586 723 1004 1499 1734 1853 1906 2860 
3 2561 2704 2862 
2 1330 2018 
5 339 501 635 1493 2235 
4 27 1004 1039 2534 
4 2729 2746 2880 2950 
5 681 779 872 1451 2195 
1 1889 
2 909 2154 
4 1031 1707 1790 2531 
4 111 1287 1992 2355 
7 98 296 447 652 765 1517 2093 
3 2093 2240 2632 
3 748 1651 2021 
3 981 1195 2864 
3 1407 1472 2470 
2 2407 2897 
2 2716 2731 
1 602 
4 1064 1475 2612 2839 
3 1270 1345 2818 
5 255 977 1685 1785 2330 
1 542 
1 691 
2 801 1303 
0 
2 565 1006 
2 254 368 
3 1187 1579 2069 
2 2035 2435 
6 1038 1118 2067 2125 2241 2537 
1 886 
3 1413 2437 2972 
1 602 
3 941 1161 2442 
4 348 1261 2035 2556 
2 417 1218 
2 135 407 
4 1134 1202 1318 2373 
1 2153 
4 419 730 783 2454 
5 1393 1555 2570 2612 2773 
5 236 1570 2300 2450 2968 
2 482 2898 
2 590 1626 
7 182 239 509 1749 2418 2530 2960 
2 510 1902 
2 609 1305 
5 908 1104 1624 2474 2950 
1 2790 
4 912 1292 1653 2994 
7 16 389 943 1936 2291 2362 2466 
3 267 850 1183 
3 2150 2387 2644 
4 277 1348 1824 2374 
1 779 
2 1494 2312 
3 2045 2675 2999 
1 843 
4 669 862 1173 2488 
4 1049 1072 2181 2723 
6 16 623 1768 2135 2187 2558 
0 
4 842 1347 2305 2372 
1 2358 
2 404 2228 
2 1182 2530 
2 633 636 
2 423 1113 
3 4 1415 1540 
5 97 518 992 1653 2017 
1 1616 
0 
4 1533 1622 1961 2811 
1 1296 
3 1282 1301 2892 
5 307 764 1715 1733 2532 
3 46 1664 2196 
3 1341 2001 2138 
2 158 1180 
2 468 2569 
4 632 823 2270 2890 
1 2860 
2 2648 2811 
5 1360 1396 1429 1482 1499 
1 2635 
3 582 734 2054 
3 364 764 1875 
2 371 910 
2 960 1047 
2 589 1537 
1 2197 
4 394 777 2156 2698 
4 954 1048 1438 2037 
2 2468 2572 
3 1217 1686 2509 
3 1567 1599 1892 
1 314 
4 397 748 902 930 
1 1074 
3 678 1641 2955 
4 468 600 1315 2958 
2 492 1653 
3 392 805 2086 
2 916 1145 
3 159 2642 2826 
5 643 1219 2259 2561 2954 
2 2105 2560 
1 849 
5 315 505 599 2313 2978 
4 859 1499 1514 1565 
1 1059 
3 133 2383 2836 
2 495 2300 
2 143 2644 
2 128 675 
4 485 1156 2021 2911 
2 927 2555 
4 115 494 2243 2525 
2 285 2892 
4 176 478 1152 1664 
2 1034 1499 
4 852 1157 1556 2635 
3 489 2312 2446 
3 321 895 2287 
3 99 2052 2303 
4 159 584 1329 1669 
4 514 954 1055 1578 
0 
0 
3 527 1758 2975 
5 241 805 1560 1760 2566 
2 491 1903 
2 727 1039 
4 1342 1741 2220 2361 
3 179 292 816 
6 109 293 676 1428 1438 2169 
2 538 2465 
4 1407 2302 2552 2698 
2 957 2072 
3 958 1961 2832 
4 641 1287 1470 1555 
4 111 1450 2078 2191 
4 1075 1537 1821 2916 
1 2577 
2 282 1801 
3 438 1116 2761 
2 488 782 
0 
2 1966 2638 
2 1624 2707 
2 1109 2540 
1 2874 
2 1981 1992 
3 940 1494 1505 
6 192 235 1433 1716 2245 2679 
1 1889 
4 383 1016 1085 2847 
4 129 476 1262 2265 
4 120 1853 1978 2968 
5 214 1051 1408 1535 1914 
3 2018 2117 2713 
2 313 2615 
3 593 701 1611 
1 1142 
3 557 676 2488 
2 301 2132 
0 
1 56 
6 668 713 1256 1898 2294 2480 
5 484 742 750 1680 1786 
2 591 2526 
2 973 2590 
3 2501 2510 2589 
2 2680 2933 
2 901 1111 
6 272 273 970 1073 2055 2240 
2 1356 1662 
2 1427 2640 
3 1444 1636 2472 
3 1157 1453 1862 
2 1294 2560 
2 115 2613 
5 340 395 906 2471 2725 
4 769 1694 2004 2068 
1 1544 
4 162 405 2052 2278 
1 372 
3 416 1812 2281 
2 822 2927 
5 518 777 1105 1714 2032 
4 839 1536 1661 2994 
4 623 1200 1236 1393 
7 535 630 2099 2283 2529 2568 2789 
3 8 1971 2057 
2 879 1758 
0 
9 815 909 1509 1550 2167 2247 2372 2602 2787 
4 50 1076 1177 1187 
5 217 509 538 1107 1643 
5 462 648 1046 1647 2079 
3 553 1811 2291 
2 1259 2778 
2 1101 1253 
5 898 1042 1730 2148 2786 
4 752 1988 2289 2682 
0 
2 204 2716 
2 877 1656 
2 1519 1909 
3 851 1408 2632 
1 161 
2 2569 2601 
2 239 2850 
1 2158 
4 1153 1176 2049 2848 
4 702 789 1802 2386 
3 543 1707 2300 
3 20 516 1906 
4 1341 1957 2343 2774 
1 1784 
5 947 1265 2264 2499 2838 
5 1085 1390 2015 2108 2432 
6 499 511 847 2000 2428 2481 
5 1004 1295 2243 2597 2852 
5 207 516 1308 1847 2297 
3 404 1154 1534 
5 477 1265 1579 2589 2743 
2 874 2121 
4 655 694 1534 2851 
5 1132 1867 2122 2686 2814 
7 328 700 746 1260 1432 1535 2418 
5 35 820 1216 2472 2784 
1 1167 
2 1156 1400 
1 2966 
4 786 1434 1907 2971 
0 
3 1861 2093 2757 
3 416 2308 2414 
3 1090 1894 1925 
3 232 1417 2821 
1 1444 
1 171 
4 498 1754 1770 2246 
3 325 1025 2201 
5 357 998 1669 2560 2718 
1 2723 
3 2002 2086 2657 
1 1457 
3 349 557 2470 
3 647 1186 2902 
5 169 587 1039 1308 2422 
3 775 2053 2170 
3 763 2667 2799 
5 795 1462 1584 1738 2175 
5 444 532 534 1638 2803 
4 488 1123 1716 1990 
5 40 1250 1375 1661 1790 
2 634 805 
8 601 837 848 1944 2192 2246 2344 2785 
3 1736 2422 2675 
1 240 
2 1418 1704 
2 599 1230 
1 2527 
1 2738 
0 
1 218 
2 559 1907 
2 1111 2073 
0 
5 986 1394 2601 2730 2773 
3 1316 2585 2601 
2 1142 2695 
0 
5 198 311 1123 2143 2367 
6 938 1711 1878 1986 2420 2658 
6 54 401 1023 1173 1855 2514 
5 248 721 1309 1482 1608 
6 11 711 890 2006 2442 2931 
5 32 603 1057 2294 2315 
4 1307 2222 2258 2770 
6 300 682 1090 1291 1824 2325 
0 
1 2253 
6 69 623 822 947 1880 2740 
4 115 694 1525 2786 
4 901 1271 1724 2279 
2 1900 2049 
5 775 1057 1363 1452 2555 
6 858 1375 1800 2085 2121 2400 
4 476 2079 2159 2874 
1 1556 
6 991 1169 1605 1926 2600 2815 
2 698 2685 
2 2778 2854 
0 
2 170 1419 
7 99 344 1147 1381 1435 1693 1827 
2 616 1411 
4 835 862 2777 2834 
2 1790 2220 
5 1169 1182 1882 1894 2387 
4 1245 1368 1487 1753 
6 243 556 900 2070 2225 2621 
2 2366 2539 
3 5 922 2284 
3 1110 1779 2662 
2 566 2310 
3 335 618 1957 
6 264 888 1297 2356 2430 2495 
4 1337 2081 2250 2355 
3 1471 1582 2917 
5 419 448 707 816 931 
3 1450 2211 2750 
3 433 1544 2694 
5 279 352 1416 2380 2781 
3 392 619 1607 
4 180 186 2225 2442 
3 1435 2329 2461 
2 1009 2290 
5 687 725 794 958 2705 
1 2343 
5 392 427 1239 2668 2721 
2 876 1955 
2 594 2098 
5 722 981 1657 2108 2738 
4 1 578 1277 2393 
2 1700 2983 
3 350 769 1266 
1 1985 
0 
1 2122 
1 1420 
3 333 437 1505 
3 339 2145 2522 
2 505 716 
5 995 1712 1924 2108 2159 
3 356 1252 2755 
4 1547 1581 2422 2476 
3 1309 2421 2955 
5 914 1772 2166 2747 2771 
3 126 341 2861 
3 912 1019 1597 
1 1273 
4 852 1202 1683 1731 
4 34 136 442 2627 
5 677 960 1458 1749 2473 
3 1760 1955 2759 
4 101 1510 1602 2226 
3 1807 2175 2543 
9 1405 1433 1964 2025 2072 2461 2521 2522 2634 
5 321 619 1670 2446 2846 
1 414 
7 167 503 1255 1581 1645 1826 2198 
2 257 346 
1 436 
3 530 894 1051 
0 
2 153 1266 
0 
2 1085 1832 
7 425 1010 1179 2007 2240 2268 2290 
5 106 983 1185 1835 2431 
5 268 494 577 1023 1033 
5 1009 1445 1546 2411 2709 
1 1662 
2 1121 1398 
2 1203 2785 
6 279 849 885 1014 1195 1244 
1 1882 
2 2554 2680 
1 664 
4 172 887 2740 2854 
1 1342 
2 546 935 
2 196 1576 
5 188 862 1860 1873 2596 
2 472 530 
0 
2 702 1655 
1 2969 
3 162 2261 2459 
3 114 462 1047 
2 1548 2601 
5 249 339 2334 2371 2992 
2 733 951 
2 996 1396 
4 1017 1418 2036 2398 
4 240 335 1399 2206 
4 963 964 1174 2427 
2 1587 1636 
2 689 2354 
2 909 1263 
8 323 373 1226 1372 1746 2046 2302 2363 
3 611 1075 1633 
4 452 1253 2171 2994 
5 674 1274 1733 1988 2952 
5 300 658 1251 2332 2856 
5 664 1157 1169 1858 2778 
0 
2 579 1052 
1 2975 
0 
3 295 706 1325 
2 1175 2856 
2 379 1235 
2 677 2497 
3 1931 2074 2526 
3 1059 1260 2125 
2 941 2928 
3 1078 2757 2837 
4 945 2136 2178 2557 
3 865 1260 1292 
1 386 
5 293 879 1688 1745 2908 
0 
1 2503 
6 20 1013 1644 1771 2573 2959 
2 1433 2012 
2 147 1906 
1 1219 
3 1926 2038 2052 
1 373 
2 1760 2951 
4 728 938 2306 2510 
0 
1 1 
3 601 1475 1731 
4 417 1186 2404 2789 
4 1066 1473 2423 2621 
3 11 71 248 
6 1039 1041 1780 2454 2983 2997 
4 576 1092 1521 2077 
2 512 1435 
7 407 571 657 831 1264 2544 2915 
7 271 703 1121 1951 2479 2691 2729 
5 1408 2122 2175 2745 2964 
2 267 1775 
1 936 
2 258 1037 
6 903 946 1292 1824 2179 2686 
3 349 2193 2821 
3 469 1244 2016 
3 1247 2565 2982 
4 1041 1520 1799 2523 
1 528 
4 92 445 1586 1627 
6 841 1826 1843 2180 2341 2387 
1 2726 
4 200 954 1713 2986 
5 186 797 1376 1596 2187 
4 837 1261 1290 1603 
3 2833 2985 2996 
3 1036 1430 2250 
3 170 1719 2571 
2 300 2938 
4 67 1181 2057 2399 
4 625 1059 1519 2802 
4 1373 2136 2615 2964 
5 247 352 478 972 1370 
1 1777 
1 35 
3 750 1015 2410 
4 896 1380 2782 2999 
1 2830 
4 814 933 2266 2456 
4 1300 1565 1752 2895 
5 7 203 850 2495 2862 
3 1140 2129 2201 
4 43 517 630 2029 
6 85 1252 1400 1575 2573 2731 
3 549 1011 1739 
2 2309 2496 
1 2919 
4 39 789 2071 2432 
7 305 842 1007 1332 1731 1935 2699 
6 1204 1279 1309 2188 2911 2943 
1 2 
8 250 744 751 1400 1495 1944 2254 2686 
3 1891 2521 2937 
4 828 979 2266 2721 
3 1728 1946 2757 
3 2914 2974 2998 
3 993 1421 1584 
0 
2 1186 1356 
4 682 995 2771 2879 
5 133 1497 2515 2576 2983 
2 331 2760 
2 2535 2623 
6 210 663 750 1306 2077 2896 
2 942 1779 
6 151 324 936 1458 1675 2476 
2 576 659 
2 1755 2687 
3 517 996 2254 
4 1011 1045 1846 2591 
3 1016 1519 2946 
2 1707 2112 
2 1000 2564 
1 623 
4 794 1127 1596 1762 
1 2795 
4 553 841 1517 2199 
1 2588 
1 2231 
6 574 1298 2101 2487 2661 2732 
4 1069 1413 1854 2092 
3 1671 1712 2598 
6 718 785 1105 1472 1736 2739 
1 2395 
6 558 750 844 975 1459 2962 
0 
0 
0 
1 339 
6 208 1110 1262 1332 1987 2945 
3 345 1529 1669 
2 1561 2820 
4 1692 2531 2784 2958 
4 183 2244 2591 2737 
2 341 2797 
2 2290 2521 
2 1278 2468 
3 7 1073 2828 
3 1156 1236 2988 
1 2550 
9 322 722 1350 1853 2027 2451 2545 2649 2866 
2 95 1617 
1 1538 
5 284 405 2092 2226 2566 
3 976 1751 2714 
4 275 927 1610 1989 
3 1505 2481 2770 
4 655 1881 2509 2618 
4 221 646 2453 2536 
4 940 989 1961 2446 
0 
5 277 649 2442 2679 2911 
5 190 489 1018 2007 2298 
3 112 1169 1769 
3 276 1084 1610 
2 1467 2037 
3 421 745 2211 
5 337 1109 1271 2753 2952 
4 343 354 609 969 
3 267 1989 2772 
3 438 1523 2992 
3 498 724 2503 
1 1921 
4 1215 1476 1592 2869 
2 1265 2708 
1 2505 
2 128 427 
3 1211 1715 2081 
7 110 169 242 491 619 1737 1744 
2 971 1584 
2 1346 2837 
5 565 600 683 1143 1255 
2 120 2175 
3 12 2322 2332 
2 244 1499 
2 798 844 
1 2479 
5 140 613 1168 1536 2543 
2 1312 2131 
3 555 1529 1597 
1 2269 
1 2924 
1 2769 
4 427 2191 2490 2692 
3 189 1048 1129 
3 1082 1512 1755 
3 75 456 2958 
2 37 1280 
5 128 1267 1795 1892 2354 
3 659 840 1254 
1 2775 
3 1133 1541 1875 
6 333 693 742 1215 2192 2715 
2 157 1186 
4 128 317 2044 2389 
2 2007 2703 
3 316 2232 2550 
5 31 253 990 1088 1460 
2 241 2361 
4 47 2661 2808 2947 
4 1436 1467 1699 2470 
3 1832 2268 2844 
1 1709 
3 818 1463 1956 
3 497 1099 2029 
1 2934 
3 87 1411 2839 
2 1539 2945 
2 1334 2602 
5 322 1714 1857 2406 2893 
9 102 404 671 816 1224 1283 1336 2464 2883 
4 145 889 1135 1223 
4 191 949 1769 2462 
2 226 2478 
1 2473 
3 984 1022 1353 
3 1849 2545 2623 
2 1232 1769 
5 1035 1373 2648 2655 2888 
5 209 726 957 1036 1719 
1 1280 
6 9 119 1810 1957 2027 2071 
4 197 301 2249 2331 
2 420 2592 
5 1020 2006 2250 2718 2895 
1 2239 
5 170 657 786 1461 2263 
1 525 
2 2123 2778 
3 369 1944 2968 
8 309 376 567 1020 1116 1221 1574 1760 
4 879 1867 1888 2801 
2 749 2233 
3 1084 1179 1715 
2 931 1808 
4 84 161 764 1611 
3 1262 2401 2541 
2 645 2159 
2 12 661 
2 97 2901 
2 1081 2136 
1 2737 
2 1641 2254 
4 779 801 973 2940 
2 17 2185 
1 2848 
4 8 1932 2237 2246 
0 
4 34 434 1350 2163 
2 303 1747 
4 517 929 1224 2856 
1 18 
5 181 426 2004 2116 2330 
2 153 998 
6 673 931 1574 1941 2324 2368 
4 103 787 1258 2847 
3 542 616 965 
3 2717 2862 2925 
4 506 2152 2184 2741 
2 226 2265 
1 2292 
4 747 1034 1219 1856 
4 1009 1115 1163 1324 
1 2877 
5 226 496 710 979 2500 
1 2115 
3 218 766 1518 
3 590 1186 1602 
5 391 1062 1073 1348 1411 
5 177 253 388 2190 2955 
1 2665 
3 204 458 1248 
4 539 542 1615 1889 
6 1348 1429 1509 2365 2727 2789 
1 1991 
3 877 1074 1945 
3 1165 1564 2733 
2 58 2685 
2 1163 2392 
2 534 2562 
1 55 
3 542 1604 2724 
5 527 1059 1535 1672 2926 
0 
2 2036 2976 
2 278 823 
2 1609 2819 
3 967 999 2895 
1 2920 
8 423 501 795 860 1094 1523 1611 2438 
4 768 1961 2660 2981 
2 1130 2065 
3 1994 2095 2238 
3 902 1249 2529 
3 982 1790 1798 
6 694 1249 1509 2139 2187 2423 
6 14 61 1421 1955 2229 2843 
1 1487 
1 2205 
2 1050 2730 
4 641 801 1432 2706 
3 99 924 1448 
3 794 1982 2881 
0 
6 39 804 1112 1590 1640 2982 
3 329 1935 2727 
1 166 
6 247 289 948 1829 2767 2845 
2 1913 2748 
3 303 1764 2837 
2 760 2020 
3 854 1035 1606 
4 539 1892 2254 2297 
6 233 567 1301 2046 2074 2674 
4 867 1597 2647 2795 
2 54 629 
2 1800 2355 
3 2349 2590 2907 
1 1588 
1 991 
7 63 1132 1403 1659 2350 2770 2824 
4 33 1080 1283 2668 
1 2294 
2 83 105 
1 2762 
1 2246 
3 2015 2687 2709 
2 1788 1897 
3 932 1856 2484 
2 230 1810 
5 1336 2079 2291 2408 2867 
4 262 1727 2141 2631 
1 737 
4 352 892 1025 2485 
4 138 1639 2240 2281 
2 549 941 
4 444 791 1094 2733 
6 316 1257 1656 2222 2379 2652 
3 730 1546 2922 
1 1037 
5 55 307 1308 2006 2358 
4 548 597 661 1223 
2 104 2202 
2 1542 2928 
3 1767 2694 2942 
5 96 1234 2578 2682 2738 
2 176 829 
3 576 1969 2703 
1 2700 
0 
3 217 1002 2776 
3 824 1487 1705 
2 1364 1378 
0 
4 1390 1671 2635 2798 
1 1217 
3 2299 2440 2646 
4 1661 1716 1943 2001 
5 245 310 1223 1498 2703 
5 601 944 1140 1918 2682 
4 279 848 2230 2733 
3 303 2306 2714 
4 1 4 1 3 2 1 3 3 2 1 3 2 2 1 2 3 3 1 2 3 2 2 1 2 1 2 2 1 2 1 1 2 3 1 1 1 2 1 3 3 1 2 1 3 1 2 2 3 1 1 2 1 1 3 3 2 1 3 2 2 2 2 2 1 1 2 2 1 4 3 1 1 1 1 1 1 2 2 2 1 3 1 2 1 3 1 1 1 1 1 2 1 1 1 3 2 1 1 1 1 2 1 1 2 2 2 1 1 1 1 1 3 3 3 2 2 1 2 2 2 2 3 1 1 2 1 1 2 3 2 3 1 3 2 2 2 3 1 1 2 1 2 3 2 1 2 4 1 3 4 1 2 1 1 3 1 1 1 1 2 2 2 1 1 2 2 2 4 4 1 2 2 3 3 1 3 1 1 1 1 1 2 4 3 1 4 2 3 1 2 1 1 2 1 1 1 4 4 1 2 1 2 3 1 2 1 3 3 2 1 1 1 1 3 1 2 3 1 1 1 2 1 2 4 2 3 1 1 3 1 2 2 1 2 1 4 1 1 2 2 1 2 1 1 2 3 1 1 2 1 1 1 1 3 3 1 1 4 2 3 3 1 2 1 1 2 3 3 2 2 1 1 3 1 3 2 1 2 2 1 3 1 1 2 2 1 1 2 1 2 1 1 1 3 3 1 1 2 3 2 1 3 1 1 3 3 3 2 2 2 1 1 2 2 2 2 3 1 3 2 2 2 3 1 2 3 1 4 2 1 1 1 2 1 3 3 4 3 3 2 2 2 2 3 1 1 2 3 2 2 3 1 2 2 2 3 2 2 2 1 2 1 1 1 1 2 1 2 2 1 2 2 2 1 2 1 2 1 2 2 1 3 1 1 2 1 2 1 1 1 3 1 1 1 2 3 1 2 2 1 3 2 1 1 3 2 2 2 1 1 2 1 1 2 3 2 1 4 4 1 4 3 2 1 2 2 2 3 1 1 2 3 1 1 1 2 2 1 1 4 1 1 1 3 2 1 2 1 1 1 2 2 2 1 3 1 2 1 1 3 1 3 1 1 1 2 2 1 1 1 2 3 1 4 3 2 4 1 1 1 1 1 1 1 3 1 1 3 4 2 2 1 2 3 2 2 2 1 1 2 2 1 2 1 4 2 1 1 2 2 3 1 1 1 2 3 1 1 3 1 1 3 2 2 2 2 3 3 1 3 2 2 3 4 2 3 1 3 3 2 1 2 2 1 1 2 1 3 2 1 1 1 1 3 2 3 3 1 3 2 1 1 1 2 1 2 1 2 2 2 2 2 1 1 1 1 2 1 2 1 1 1 1 4 1 2 1 1 2 1 3 2 1 2 1 4 2 2 1 2 1 1 1 3 1 2 4 3 1 3 1 2 2 1 1 2 1 2 2 1 1 1 3 2 2 2 2 1 2 1 1 2 3 2 2 2 2 2 1 3 2 3 1 2 4 2 4 3 1 1 2 1 1 3 2 1 2 1 1 1 2 1 2 4 1 1 1 2 1 1 2 1 1 2 3 1 4 2 3 2 1 3 1 2 1 2 2 1 2 2 2 1 2 2 1 1 1 3 2 1 1 1 2 3 2 4 1 1 1 3 1 3 2 1 2 2 4 2 1 2 1 3 2 3 1 1 2 1 1 4 3 3 3 1 3 1 2 1 1 1 2 2 2 2 1 3 1 3 1 1 1 2 1 1 1 1 1 1 1 1 2 1 2 3 1 3 1 1 4 1 1 1 1 1 2 3 1 2 2 1 1 2 2 1 3 3 2 1 1 2 4 1 2 1 1 1 1 1 1 1 2 3 2 2 4 2 2 1 2 1 1 3 2 1 3 1 3 2 4 2 3 1 2 1 2 2 1 3 2 4 3 1 1 1 1 2 2 1 1 1 1 1 1 1 1 2 1 1 4 3 1 1 2 2 1 1 1 1 3 1 2 1 3 2 1 1 3 2 1 1 1 1 1 2 3 2 3 2 1 1 2 1 1 1 2 1 2 2 1 3 1 3 2 3 2 1 1 3 2 1 1 1 2 1 1 2 1 2 3 2 1 3 1 1 1 1 1 1 3 1 3 2 1 3 2 2 1 2 3 2 1 1 3 2 1 2 2 1 3 2 3 1 1 4 3 1 1 1 1 1 1 2 2 3 1 1 4 2 1 2 1 1 1 1 1 1 4 2 2 1 1 1 2 1 1 1 1 1 3 3 2 1 2 2 2 1 3 3 2 1 4 4 3 1 3 2 1 1 3 1 2 3 1 3 2 1 2 1 4 2 2 1 3 3 3 1 3 2 3 3 3 2 3 1 1 2 1 1 1 2 4 2 2 2 3 2 2 1 3 1 2 3 2 2 2 1 2 3 1 2 1 2 2 3 1 2 2 1 1 1 1 1 1 3 1 2 2 1 1 2 1 1 3 1 3 3 1 2 1 1 2 2 3 3 3 3 1 3 3 3 1 1 1 2 3 2 1 1 2 2 2 1 3 1 2 2 1 1 2 3 1 2 3 2 4 2 3 1 2 2 2 1 3 3 2 1 2 3 1 3 1 2 1 2 2 1 1 2 3 2 1 3 2 1 1 1 1 1 1 1 2 2 2 1 3 2 1 3 1 1 3 2 1 2 3 1 2 2 2 2 1 2 3 3 1 1 1 1 3 2 2 1 2 1 3 1 4 1 2 1 1 1 3 1 2 3 1 2 2 2 2 1 2 1 3 1 1 3 2 1 1 4 3 1 2 4 2 1 2 1 1 1 2 1 1 1 1 1 1 1 1 2 2 4 3 2 2 3 2 3 1 1 4 3 2 1 4 3 1 1 1 1 2 2 1 2 3 1 1 1 3 2 3 3 3 4 2 2 1 4 1 1 1 2 3 1 1 2 1 1 2 1 1 1 2 1 1 1 1 2 2 1 2 1 3 3 2 4 1 1 2 1 3 2 1 2 2 1 1 1 2 3 2 1 2 1 1 1 1 1 2 1 1 1 1 1 4 1 1 3 2 3 1 1 2 1 2 2 1 3 1 2 2 1 1 1 1 4 1 3 2 2 2 2 1 2 1 1 1 2 1 1 3 2 3 1 4 2 1 3 1 2 2 3 3 1 1 3 2 1 1 1 2 2 3 2 1 1 2 2 2 2 2 1 1 2 1 1 2 3 1 3 2 3 2 3 3 1 2 2 1 2 2 1 1 1 2 3 1 1 4 1 1 1 2 1 2 2 2 2 1 1 3 1 3 2 1 2 3 1 1 1 1 2 1 1 1 1 1 3 2 3 1 2 1 1 1 1 1 1 2 1 2 1 2 2 1 2 2 5 1 2 2 1 3 2 2 1 2 2 1 1 1 1 2 1 1 2 1 2 2 2 3 2 1 1 1 4 2 3 3 1 1 1 2 2 2 1 1 2 2 2 1 3 1 1 1 1 1 1 1 2 4 1 1 2 2 1 4 1 3 2 2 3 1 2 1 1 1 1 1 1 1 1 1 3 1 1 2 3 2 2 3 3 2 2 1 1 1 1 1 1 1 2 4 2 2 1 3 1 1 1 1 1 1 1 1 1 1 1 1 3 1 2 2 1 3 2 1 2 2 2 1 1 1 2 3 2 2 2 2 1 4 2 2 2 2 1 2 3 1 2 1 2 3 1 3 1 1 1 3 3 2 1 1 1 1 1 1 1 2 1 3 1 2 1 1 3 3 2 2 1 2 2 1 1 1 1 3 1 2 3 1 2 1 2 3 1 2 2 1 2 1 2 1 1 1 3 3 2 2 1 1 1 1 1 2 1 3 1 2 1 1 3 3 2 4 3 1 1 3 3 1 1 3 1 1 2 4 3 3 1 1 2 1 1 2 1 2 1 1 2 2 1 3 1 1 2 1 1 2 1 1 2 1 4 1 2 1 3 3 1 3 2 1 3 1 2 2 1 4 3 1 4 3 2 3 1 1 3 1 1 2 1 2 1 2 3 1 1 2 4 3 4 1 1 1 1 3 3 2 1 3 2 4 1 2 3 3 3 1 3 2 1 2 1 2 4 1 4 1 2 1 2 3 2 2 3 2 1 3 1 1 1 1 4 2 3 1 1 4 1 1 2 1 1 1 2 3 1 3 1 2 2 1 4 1 1 2 1 3 2 1 1 2 1 1 1 2 2 1 1 1 3 1 3 1 1 1 2 1 3 2 2 4 1 3 1 4 1 2 1 1 1 2 1 1 1 1 2 3 2 1 3 1 2 1 2 2 2 1 2 2 2 3 2 1 1 2 3 1 2 1 1 1 1 1 2 1 3 2 2 2 1 1 2 2 2 1 3 1 1 2 4 2 1 1 1 2 1 1 1 2 3 1 1 3 1 2 1 2 3 2 3 3 3 1 3 1 1 3 1 2 2 1 2 4 1 1 2 1 3 1 1 2 3 2 2 2 1 2 1 3 2 1 4 1 2 1 2 2 1 3 1 2 1 1 5 1 2 3 1 1 3 3 1 2 2 1 1 1 3 2 2 1 1 1 2 2 3 1 2 1 2 3 3 2 2 1 1 1 1 1 1 2 1 1 2 1 1 2 1 2 1 2 1 1 1 2 1 1 1 1 2 3 2 2 3 1 1 1 3 1 2 2 2 1 4 2 3 1 3 3 2 1 2 2 1 1 1 3 2 1 2 2 2 1 1 1 3 1 3 3 2 2 1 1 1 1 2 1 2 1 1 3 3 2 2 1 1 1 4 5 2 2 2 1 2 1 4 1 2 2 1 2 3 1 3 4 1 2 3 3 2 4 1 3 3 1 2 2 2 1 1 1 1 1 3 2 2 2 1 2 1 1 4 1 3 1 1 1 1 1 1 1 1 1 4 2 1 1 3 1 2 1 1 4 2 4 4 2 1 1 2 2 3 1 1 5 2 2 2 1 2 2 2 1 4 2 1 1 3 1 2 1 3 1 1 1 1 1 3 4 1 2 2 3 1 3 4 1 2 2 1 3 2 1 2 1 2 3 1 1 1 3 3 4 1 1 2 1 2 2 1 1 4 2 1 2 2 2 2 3 1 2 2 2 2 2 4 1 2 2 1 2 3 1 2 1 2 1 1 4 1 3 1 1 3 2 3 2 1 1 1 2 3 2 2 2 4 1 1 1 1 2 1 2 1 2 2 1 2 1 2 2 1 3 2 1 3 3 2 2 3 1 2 3 2 2 2 1 2 3 1 1 1 2 2 2 2 1 2 1 2 2 1 1 2 2 2 1 1 1 3 2 1 2 3 2 1 1 1 3 1 3 2 1 1 3 1 3 1 1 1 1 1 4 2 1 3 2 2 2 2 4 1 1 3 1 2 1 1 1 1 1 2 1 1 4 1 3 1 1 2 2 2 1 1 2 2 1 1 3 2 3 1 1 1 3 3 2 4 1 2 3 1 1 2 2 1 1 1 1 4 1 2 1 1 2 1 1 2 1 2 2 1 1 1 3 1 1 1 2 2 2 1 1 3 2 2 3 1 3 2 4 1 3 2 3 3 1 3 1 2 1 2 2 4 2 2 2 1 2 3 1 3 1 2 2 1 2 1 1 4 2 1 1 3 2 2 4 2 1 2 2 2 1 1 3 2 3 1 1 1 4 1 1 1 2 1 1 1 2 3 4 2 1 2 1 2 2 1 1 3 1 2 2 1 4 4 1 1 2 2 1 1 2 1 2 1 3 3 1 1 2 3 1 2 2 4 1 1 1 1 5 3 3 1 4 4 3 1 3 2 1 1 2 2 3 2 1 3 3 2 1 1 2 1 1 3 3 2 2 1 2 3 3 2 1 1 3 2 3 1 1 1 2 1 1 1 1 1 2 1 2 1 1 2 3 2 2 3 1 2 2 3 3 3 3 1 1 1 1 3 2 1 2 1 2 1 1 1 1 1 2 1 3 1 1 1 3 1 1 1 3 2 2 1 1 2 1 1 1 2 4 2 1 1 1 2 2 1 1 4 2 3 1 3 3 1 1 2 1 2 2 1 2 1 2 1 3 1 2 2 2 1 2 1 2 1 1 2 1 2 2 1 2 2 3 1 2 1 2 2 1 4 3 1 1 1 3 1 2 1 3 1 3 2 1 1 3 1 2 1 2 1 1 3 3 2 1 2 2 3 2 2 3 2 3 3 2 1 1 2 2 4 2 1 5 2 1 1 2 1 1 3 1 2 2 2 3 2 3 2 1 3 1 2 1 2 1 3 1 2 1 1 2 3 1 1 1 2 1 1 1 1 1 2 2 2 3 1 1 1 1 1 1 4 1 2 1 2 2 1 3 1 1 1 2 1 1 1 3 2 3 3 2 2 2 2 1 1 2 1 2 3 3 2 3 1 3 3 2 1 1 1 1 1 2 1 3 2 1 2 3 1 3 2 2 1 2 1 1 1 2 2 1 3 1 1 1 1 1 2 2 2 4 3 3 2 2 2 1 2 1 1 3 2 3 2 2 1 1 4 1 2 1 4 2 2 1 2 4 4 1 1 2 1 2 3 1 2 1 1 1 2 2 2 2 3 2 2 3 3 2 1 1 1 3 2 1 1 1 2 2 2 2 1 2 1 3 2 2 1 2 2 1 1 1 2 1 3 1 1 1 1 3 3 1 1 3 2 3 3 2 1 1 3 2 2 1 1 1 1 3 1 2 2 1 4 3 2 1 2 3 1 1 1 2 1 1 1 1 1 2 2 2 2 2 1 2 2 1 1 1 1 1 2 1 1 2 2 3 1 3 2 1 2 2 1 1 1 1 1 3 1 3 3 2 
