y 5000
5 562 2512 2715 2902 4061 
0 
2 1620 3940 
4 834 2316 4043 4084 
3 3365 3589 4226 
0 
1 811 
5 403 1206 3936 4423 4648 
1 4417 
2 1660 2321 
3 2143 2695 3817 
4 258 1678 3717 4331 
3 1009 3670 4690 
3 561 1075 4633 
4 1546 2158 2208 3093 
4 77 143 1970 2868 
3 192 482 3464 
3 303 1695 2799 
7 515 1273 1494 2306 2894 3294 3836 
1 130 
2 2113 4915 
4 1082 1303 3692 4369 
3 247 1925 3199 
5 1090 1320 2246 2467 3358 
1 4636 
8 890 1670 2072 2432 2468 2574 2845 3316 
1 3103 
4 1964 3754 4219 4751 
1 1075 
3 3277 3900 4300 
0 
5 183 874 2243 3072 4874 
4 210 1949 2163 4495 
0 
1 3049 
4 104 938 1195 4262 
4 675 2088 2924 4231 
4 1015 1327 2222 4992 
4 1326 2137 3564 3878 
2 4326 4461 
2 721 1485 
2 2008 3180 
3 295 617 3414 
2 2697 2762 
0 
5 1493 2834 3726 4462 4499 
2 4286 4320 
1 4188 
3 2029 2979 4173 
3 693 1851 3719 
1 2833 
1 2711 
3 1010 1097 2221 
1 1404 
2 860 4347 
6 246 461 1348 4231 4661 4705 
3 1132 1224 2439 
5 715 3553 4144 4406 4564 
0 
2 145 567 
3 882 4223 4835 
0 
3 1285 2346 4658 
7 271 1831 2443 2458 2800 2859 3963 
3 1316 4133 4706 
0 
3 3001 3933 4516 
3 2593 2707 3618 
2 1278 4285 
1 3069 
1 4157 
5 1365 1791 1871 3160 4074 
6 287 462 2012 2876 3479 3488 
3 840 2065 2889 
2 828 3171 
8 1277 1928 2784 2830 3867 3892 4301 4600 
2 1625 2800 
2 15 541 
2 2510 3853 
1 4030 
5 278 2932 3094 3565 4146 
1 973 
3 2447 3612 4428 
3 705 755 3174 
1 2663 
1 1796 
6 620 874 2410 2619 3327 4109 
4 507 3106 3543 4519 
4 958 1931 4408 4575 
2 295 1605 
3 193 1229 4448 
5 3191 3423 4207 4327 4903 
4 272 1723 2382 2814 
0 
5 813 4101 4202 4466 4814 
0 
1 1750 
4 317 865 1958 2886 
3 3017 3219 3287 
1 3289 
4 878 892 3784 4188 
2 2785 4077 
2 1563 4668 
3 991 1922 3427 
2 35 2972 
2 600 868 
4 753 2019 2088 2136 
0 
4 1100 1959 2747 4388 
6 131 973 1564 2284 3609 3621 
2 560 4934 
2 624 2849 
4 1028 1289 3116 4873 
1 2249 
1 623 
1 4534 
3 704 1188 1364 
2 1917 2949 
2 2437 4483 
2 796 2291 
2 1719 3757 
3 839 2394 3182 
2 2293 3176 
4 452 1549 2225 4941 
6 720 1299 2442 2583 3883 4304 
4 2529 2978 3721 3792 
3 497 2962 2972 
1 3798 
2 360 1873 
2 2087 2422 
4 19 1859 1906 4638 
2 109 3394 
3 1954 3546 4588 
3 199 986 4557 
6 1107 1366 2200 2275 3446 3873 
4 323 687 3048 4363 
1 4062 
4 661 2027 2612 4669 
3 1097 2836 3478 
5 152 602 941 4140 4310 
1 2224 
4 1953 2559 3998 4043 
3 3745 4112 4778 
3 15 230 2367 
2 2881 4063 
6 59 708 1168 1359 3583 4678 
2 3967 4166 
4 781 1768 2998 4351 
3 1208 3585 4873 
1 2510 
0 
3 1946 2907 2994 
2 139 2252 
2 535 1901 
4 2419 2761 3672 4784 
3 870 1788 3511 
2 239 1465 
6 1123 1612 2676 2764 2805 3040 
1 4509 
3 243 506 1210 
3 558 2673 4453 
3 992 1219 2418 
2 502 2765 
2 2163 4556 
4 479 1235 1257 1970 
4 488 765 830 4219 
5 788 804 2295 2792 4825 
8 295 584 1459 2237 2328 2459 4611 4632 
2 3326 3478 
2 1483 4685 
4 1291 2406 3409 3888 
2 2365 3610 
2 1478 3584 
2 1438 2580 
3 2182 2585 3358 
2 342 4360 
3 625 1740 3420 
1 1978 
2 1187 2510 
2 896 2026 
2 245 2155 
2 556 4198 
5 480 2839 3094 3412 4266 
4 31 2069 2324 4859 
0 
2 365 3505 
0 
3 867 2581 3383 
2 552 3071 
4 361 3499 3721 4271 
1 3142 
1 1316 
2 16 4278 
2 90 2409 
0 
2 892 4678 
4 928 1326 3737 4472 
6 648 803 1492 1726 2470 4364 
2 2106 4449 
6 133 402 532 1180 1833 4851 
2 1331 4199 
5 405 1101 1531 3639 3844 
3 2715 4351 4380 
3 1635 4353 4838 
2 4408 4770 
3 1131 3352 4369 
3 1165 1939 3812 
3 1411 1986 4923 
4 950 2215 2939 4498 
2 4520 4967 
4 32 249 2191 2427 
4 2314 2983 3401 4039 
5 841 1325 2040 2302 3954 
2 4247 4273 
1 2348 
4 747 879 3865 4571 
1 3262 
2 1065 3120 
2 3562 4127 
3 2972 3133 4962 
1 4148 
6 1516 1564 2944 2946 3197 4388 
4 1301 3321 3431 3511 
2 1727 2249 
0 
4 1294 1630 3709 4656 
5 921 1547 2887 3019 3178 
4 1302 1579 1899 3643 
4 372 870 1766 2444 
2 2325 2952 
7 143 1123 1508 1780 2538 2912 3948 
4 2766 2768 2952 4654 
3 1804 3179 4949 
4 907 2679 2782 4271 
3 1056 3274 4316 
2 1892 4085 
2 843 1364 
6 2516 2804 3470 4640 4886 4944 
5 654 750 3746 4057 4399 
4 156 1452 4067 4477 
6 403 497 1774 1957 3801 4466 
2 2166 4746 
3 524 4688 4842 
2 159 3390 
8 450 553 1548 1575 2471 3642 4331 4440 
5 180 972 4167 4516 4610 
2 55 3568 
4 22 1631 4071 4854 
5 818 919 992 1061 2032 
6 210 1261 1510 3568 3979 4942 
7 328 580 1168 1209 2947 3045 3897 
2 2697 3458 
2 1441 2767 
0 
2 2053 4098 
4 664 1017 3248 3761 
1 3305 
5 442 915 2903 3403 4261 
2 11 486 
3 2878 3218 3545 
3 1434 2424 4290 
2 1081 1446 
4 1622 1857 3355 4843 
5 660 1151 1987 2096 2339 
5 657 1489 1630 2952 3682 
1 1113 
6 1530 1785 1788 2795 3125 3778 
2 493 4351 
6 477 845 1531 1959 2164 3407 
1 646 
0 
4 63 1115 2593 4744 
3 92 3829 3910 
3 1685 3624 4458 
2 1879 3240 
3 3617 3861 4694 
7 1268 1420 1471 1555 1750 1802 4949 
3 617 766 1660 
5 80 300 693 3691 4016 
2 786 4247 
2 2707 3061 
3 358 1698 2049 
3 1184 2451 2881 
2 848 4493 
4 932 1430 2306 3288 
1 1670 
1 1403 
4 72 1448 1559 3735 
6 339 758 781 1280 3735 4909 
1 752 
1 4889 
3 721 813 903 
2 807 1857 
1 619 
4 425 1484 3804 3927 
7 42 89 167 1086 1639 4213 4779 
5 1324 3431 4239 4301 4612 
4 1307 1827 2484 3995 
1 639 
2 2596 4098 
5 278 1886 4403 4893 4985 
3 494 3218 4007 
5 1021 2109 3855 3887 4661 
6 17 1983 2198 2630 4273 4374 
5 820 2029 2600 4535 4804 
5 607 864 3114 3530 4096 
1 1217 
3 1174 1782 4755 
0 
1 4414 
4 2473 3068 3573 4832 
4 546 736 979 1616 
3 2837 3653 3892 
2 4597 4717 
4 1149 1333 2456 4740 
3 2060 2407 3646 
3 1002 1716 2516 
4 97 2854 4203 4692 
1 4785 
2 481 3276 
1 4398 
3 1429 3883 4869 
4 550 1221 4321 4780 
6 135 1185 1488 2495 2541 3093 
7 1398 2540 3126 3520 3571 4021 4817 
0 
1 1009 
3 721 2260 4192 
3 250 2307 3730 
4 1841 3520 3865 4648 
5 642 3632 3766 3846 4410 
3 1619 2446 3439 
1 1146 
2 1241 4197 
4 498 685 839 1498 
3 988 2603 3744 
5 810 1079 1908 3465 4264 
2 1595 3293 
4 465 749 3973 4409 
4 288 2480 2713 4258 
2 2892 2921 
2 955 3533 
3 175 1384 2016 
4 3489 3521 3775 4521 
1 2781 
2 4402 4612 
2 2909 2935 
3 640 1083 2431 
0 
1 736 
3 691 1797 2488 
5 2731 3467 3723 3800 4310 
4 2579 2731 2742 3107 
1 1078 
6 1092 1650 2425 2696 4621 4966 
2 1552 3222 
5 1697 1935 2140 3437 4371 
3 473 534 3652 
5 281 1608 2852 3528 3933 
2 1441 4053 
3 128 2905 4498 
3 189 2754 4449 
2 4241 4603 
2 1265 2350 
3 511 1843 1944 
4 185 689 751 4305 
2 969 2644 
1 1157 
0 
2 1406 3275 
5 901 1483 2094 2878 4178 
6 1717 1930 2035 2653 2689 2822 
3 228 2027 2389 
5 973 1233 3081 3344 4825 
6 1124 1999 2299 2555 4729 4876 
1 2465 
1 2547 
0 
3 1613 3999 4375 
1 4177 
1 3501 
3 1914 2852 4611 
6 513 542 2069 3145 3928 4171 
6 1827 2316 2646 3074 3292 4314 
3 1477 2412 4678 
5 1766 1777 2440 2749 4142 
1 662 
2 540 4375 
3 3149 4045 4787 
5 1028 1272 1339 1513 3056 
4 2250 3069 3366 3867 
4 491 3701 4191 4724 
1 431 
2 1296 3201 
4 1261 3129 3760 3845 
2 723 4310 
6 1109 1470 2308 4062 4556 4880 
4 2723 3831 4242 4920 
0 
4 1162 1754 3453 4772 
1 1469 
3 2112 2224 4494 
4 199 3537 4234 4270 
5 7 240 3075 4916 4989 
1 4461 
4 201 2703 2789 3676 
1 3435 
4 1117 2775 3007 4897 
4 697 2288 3999 4171 
2 3930 4725 
2 1342 4168 
4 701 1043 1350 2968 
4 1345 1354 2283 3885 
4 1603 2386 4618 4912 
0 
5 1631 1683 2202 3609 4563 
4 889 1667 2194 2822 
1 942 
7 868 1341 2206 2213 3453 3820 4159 
3 704 3387 4577 
4 1716 2136 3043 4487 
0 
3 1688 1963 2868 
5 665 875 1396 2144 3492 
1 3061 
4 294 1401 2080 4661 
4 2534 3415 3542 4154 
5 2374 2580 2918 4018 4996 
6 2084 3275 3566 3599 3824 4857 
5 1264 1449 3199 3677 4542 
5 524 576 757 3491 4230 
4 392 3200 3440 3745 
4 957 1976 3236 4277 
4 1001 1471 1776 4337 
8 545 1498 1935 2271 2477 2550 3546 4095 
3 1343 2563 4375 
2 458 828 
1 1723 
3 622 1477 1594 
4 1610 2012 2628 3507 
4 1920 2612 3632 4375 
6 1036 1601 1806 2136 4193 4604 
2 257 546 
0 
2 1199 4777 
3 729 1086 3844 
2 857 2772 
4 2277 2505 4131 4923 
4 1969 1974 2668 4624 
3 2631 3463 3763 
2 244 3702 
4 1467 1727 2944 3539 
4 123 3536 4498 4505 
3 669 1212 4227 
3 1226 4582 4609 
3 721 3209 3697 
4 1130 2757 3580 4853 
3 517 1249 4029 
4 436 1777 1930 3007 
0 
3 1480 3609 3963 
3 55 3686 3970 
4 72 721 2887 4975 
1 980 
2 1220 4738 
5 338 2318 3052 4221 4687 
2 1494 2503 
2 2972 3737 
6 529 657 1541 2808 3990 4659 
5 880 1862 2348 2548 2717 
2 561 644 
3 630 3732 4812 
1 2176 
3 357 911 1515 
6 823 853 1261 1353 2024 3506 
5 1009 2013 2998 4377 4858 
1 2800 
3 268 1861 2606 
2 1821 2357 
9 164 698 1098 2033 3472 4362 4631 4703 4802 
2 182 3971 
4 319 3743 4323 4647 
5 16 1960 2514 2910 4349 
3 1426 1774 1811 
6 2545 2561 3054 3101 3353 3696 
4 2033 2506 3288 3627 
2 258 903 
1 824 
3 165 1056 4416 
2 2671 3583 
1 1324 
2 391 857 
3 2489 4202 4786 
3 267 771 4405 
7 301 2044 2759 3253 3402 3695 4752 
3 592 773 2300 
2 3670 4169 
5 126 240 3821 4552 4654 
4 334 1126 2951 4529 
4 504 1730 1960 4028 
3 3148 3382 3622 
5 820 1253 2891 3338 4158 
4 162 1277 2153 4965 
3 848 2820 3677 
3 499 1381 4135 
3 706 2822 4385 
4 159 1173 4658 4780 
2 87 3714 
3 1432 1519 3294 
4 1485 2851 2886 4378 
3 1350 2741 4097 
2 364 1799 
6 1581 2071 2687 2799 3007 3577 
3 382 871 1686 
6 1362 1426 2385 4063 4381 4523 
4 18 3574 3928 4138 
5 2013 2445 2639 3427 3695 
2 457 3932 
3 635 1669 3121 
3 2073 3246 4271 
5 1220 2101 2479 4797 4972 
0 
4 1365 2082 3519 3924 
2 1203 1675 
5 242 430 754 1769 1991 
1 3328 
2 3744 4045 
7 1072 1496 1554 1915 2012 4790 4908 
5 753 1021 4591 4863 4878 
2 468 4483 
4 2476 3380 3554 3945 
3 741 2211 4470 
7 199 2400 3019 3240 3486 3743 3980 
4 875 2010 2575 3042 
4 357 905 2800 3716 
2 153 903 
3 1344 2669 4935 
2 1148 1482 
2 1206 2258 
1 1082 
2 387 1156 
3 77 2532 4295 
5 382 2047 2430 2883 3613 
8 896 1099 1141 2052 2228 4141 4309 4677 
4 1342 3479 3692 4119 
6 434 820 2066 3430 4228 4986 
4 311 442 1313 4155 
1 621 
1 2986 
2 2783 3849 
6 322 730 1406 2357 3902 4725 
4 1241 1534 3474 4838 
4 188 1113 1275 2768 
4 244 1791 2713 4858 
2 3623 4582 
4 2029 2080 2353 4129 
3 181 952 3862 
4 2712 3537 3906 3925 
1 160 
1 1470 
2 110 1054 
4 13 470 2985 4727 
8 0 795 1250 1739 2215 2449 2786 3051 
3 833 2008 2768 
1 4740 
2 3306 4801 
6 1063 1564 2426 2918 2991 3332 
3 59 575 2959 
4 598 2992 3758 4197 
2 2405 3896 
2 1909 4017 
2 1259 3447 
1 4449 
5 1248 1892 1937 2168 3312 
3 1989 4449 4556 
2 567 857 
5 430 2898 4203 4429 4496 
7 1556 2042 2152 2259 2736 4044 4742 
4 2374 3121 4669 4907 
1 1679 
5 250 1490 1558 4317 4406 
4 2109 2196 2749 3500 
0 
2 914 2780 
4 167 4091 4254 4729 
2 2383 3113 
2 2498 2508 
5 2971 3072 3907 4233 4412 
3 1502 3197 3922 
4 1071 1514 2701 2984 
0 
2 613 4622 
2 495 1392 
4 881 1962 3730 4773 
2 3590 4879 
2 681 2386 
3 1081 4349 4981 
0 
4 568 1966 2504 4764 
5 903 1395 1866 2157 4178 
4 105 977 1182 2901 
3 2347 2791 3768 
1 139 
1 4486 
5 624 1357 2300 3464 3856 
4 3068 3111 4044 4413 
3 1201 2301 4345 
4 305 1606 3275 4408 
2 1485 4088 
1 2546 
2 847 2610 
2 2174 2837 
2 2963 4884 
4 591 1066 2603 2711 
0 
5 1560 1577 2350 2993 3971 
1 1605 
5 42 277 1107 1664 1939 
1 1611 
6 293 816 1459 3220 3787 3855 
3 86 1553 2535 
4 547 1628 1702 1987 
6 438 1881 3909 4307 4550 4704 
6 114 1321 2693 3129 4211 4829 
3 111 604 4044 
4 176 2503 2701 3432 
1 3882 
4 1325 2491 2657 3055 
3 1986 2038 2649 
2 1169 4592 
3 471 1699 1718 
4 1233 2918 3121 3992 
0 
5 855 920 1989 4227 4617 
1 2657 
2 518 4370 
3 1705 2840 3924 
2 3266 4797 
4 1591 2961 3614 4111 
2 298 2212 
4 347 2516 4217 4466 
2 4887 4960 
3 330 4281 4986 
7 993 2397 2953 3743 3779 4882 4985 
4 470 1223 1450 4216 
3 1582 3157 4277 
2 269 4112 
4 1191 1475 1743 4423 
6 197 713 2458 2610 3064 4170 
5 742 745 1064 3556 4627 
4 964 2210 2622 4465 
4 936 1835 2382 3700 
3 1153 2468 4896 
3 2453 4223 4728 
2 238 4365 
0 
2 1108 2160 
6 264 468 2446 2462 3055 4831 
1 3147 
0 
3 263 878 4527 
3 137 1406 1476 
2 386 2462 
2 1777 3112 
4 255 863 890 2072 
4 423 2215 2394 4562 
5 2959 3362 3499 3520 4634 
4 2486 2773 4311 4836 
1 1666 
1 453 
4 2873 3265 3719 3840 
1 4285 
1 3655 
2 1928 2486 
4 856 2075 3113 4545 
3 36 1428 1504 
2 3248 4513 
4 1390 2916 3323 4756 
3 829 1814 3121 
3 1451 2071 2471 
0 
5 595 997 2706 3064 4288 
3 1661 3847 4037 
1 1041 
2 1421 4395 
5 334 727 2178 3345 4703 
3 1659 3200 4386 
2 135 2278 
4 929 2373 4040 4724 
5 365 2682 3395 3848 4825 
1 4778 
3 350 3555 3720 
4 1120 3140 4135 4179 
4 49 278 1302 1771 
3 1487 1676 3469 
0 
3 1546 2727 4866 
2 408 2524 
2 479 1096 
2 3129 4674 
2 1655 3955 
2 411 1592 
2 1260 2363 
1 735 
7 116 419 1594 2445 3197 3739 3743 
3 83 1241 1523 
5 505 1132 1845 3206 3542 
4 2376 3546 4403 4727 
2 145 4017 
1 4906 
6 955 965 1789 3221 4186 4194 
4 951 980 2543 4002 
3 1475 3157 3424 
4 648 1752 2450 2549 
1 4482 
2 57 1446 
5 1803 2348 3010 3912 4372 
4 1297 2342 4501 4519 
3 2870 3687 4777 
2 1821 4764 
4 124 2894 2933 4613 
5 40 291 327 455 462 
2 4000 4029 
3 395 1701 3220 
2 2254 3368 
3 774 2473 3761 
1 3217 
2 685 4627 
4 940 1210 1331 3180 
2 445 1301 
3 550 826 2539 
4 918 2820 3776 4561 
3 1712 3079 3298 
1 1510 
4 1382 1625 2094 3783 
3 703 788 1243 
5 311 349 1451 2129 3690 
2 2740 4109 
0 
4 1077 2020 2181 3455 
2 775 2888 
5 531 2904 3275 4005 4300 
3 649 3938 4871 
6 2036 2798 3902 4068 4486 4935 
2 2108 3097 
3 649 4025 4264 
3 2163 3898 3977 
4 215 2210 2421 4799 
0 
2 338 3002 
6 238 954 1129 2605 2675 4793 
3 365 3378 4080 
3 289 1788 4579 
5 106 528 2930 3134 4828 
4 524 1726 3191 4323 
3 83 3003 4766 
3 1060 3183 4413 
3 430 1984 4557 
4 288 4065 4434 4443 
1 2014 
4 786 1135 3491 3754 
0 
3 1656 2029 4432 
1 1508 
4 1424 2676 3384 4508 
6 165 1277 1862 3263 3546 4057 
5 277 814 3429 3945 4992 
5 3281 3731 3828 4774 4822 
6 1959 2960 3634 3852 4238 4774 
2 2887 4156 
6 1519 1676 3149 3687 3799 4086 
4 493 1653 3267 4479 
3 1562 2591 2655 
3 495 3283 3619 
6 725 1130 1353 1690 2884 2899 
1 740 
0 
7 1515 2634 2978 3294 3906 4381 4926 
3 2279 2699 4112 
2 994 4674 
3 2086 2879 3599 
5 147 288 1420 3263 4086 
1 1957 
2 4177 4886 
3 1344 2159 4786 
4 1820 3242 4438 4980 
4 279 760 1690 3953 
2 797 3676 
3 166 735 4022 
5 2424 3045 3133 4103 4432 
5 997 2787 2873 3035 3219 
2 898 2971 
5 2167 2326 2485 3274 4852 
4 1619 2821 3068 3950 
5 1569 1976 2523 3429 4715 
4 562 4315 4721 4926 
3 119 2171 4485 
4 787 856 3644 3903 
0 
3 1355 1540 3353 
2 2942 4471 
3 1685 4682 4998 
0 
2 197 1967 
2 166 2222 
3 1417 2200 2377 
2 2149 4019 
3 292 2570 4877 
4 1358 2020 2602 4940 
2 3233 4492 
3 336 1252 1816 
3 6 3154 4328 
4 3032 3085 3554 4705 
5 94 291 2113 3247 3829 
4 766 2318 4258 4717 
1 1768 
3 619 3372 4407 
2 2680 4767 
5 248 1035 2548 3341 4119 
3 1088 1769 2626 
7 304 501 545 1125 1576 3227 4949 
2 1121 2969 
1 936 
3 474 1906 2492 
3 487 1444 1955 
0 
4 730 1790 1974 3657 
0 
4 74 436 3306 3486 
2 678 1597 
2 165 4491 
4 2312 2481 2958 3049 
4 1988 2837 4575 4912 
4 563 3178 3623 4855 
2 3 1724 
4 897 1695 1941 3742 
2 3657 4320 
3 905 3432 3492 
3 2447 4061 4690 
6 121 334 1187 3695 3793 4824 
3 73 1036 4324 
5 212 2156 2331 3183 3904 
1 921 
2 236 4962 
3 1508 2451 4575 
2 268 2630 
2 1243 4960 
6 610 1773 2344 2921 4238 4908 
2 283 503 
2 3222 4305 
1 3873 
2 956 1837 
5 3421 3544 4194 4428 4442 
3 474 3321 3635 
3 3353 4479 4926 
5 633 3012 3101 3801 4219 
2 674 797 
3 446 491 575 
3 2750 3067 3207 
0 
2 54 1287 
5 1819 1936 2523 2662 3257 
1 3859 
3 664 2229 2760 
5 305 981 1784 2843 3593 
5 97 995 1151 3367 3902 
3 1241 2311 4309 
1 187 
6 105 418 1359 1594 2009 4409 
1 4121 
2 155 228 
4 513 3227 3330 3647 
3 2406 3123 3761 
1 3991 
3 31 86 3475 
7 423 533 1789 2016 2529 3925 4994 
0 
2 3054 4753 
3 100 660 2721 
5 215 2619 3083 4289 4533 
3 469 1851 2337 
3 593 2403 3261 
2 60 3990 
3 1398 2837 4126 
4 1326 4356 4728 4781 
3 1557 1748 2253 
0 
1 2744 
0 
3 416 3846 4401 
4 25 664 1583 4819 
3 2294 3345 4846 
2 100 195 
3 2919 4011 4270 
3 4310 4315 4854 
2 2526 3169 
5 179 543 1342 3266 4256 
2 835 1214 
4 791 3124 3574 4010 
0 
3 1683 2438 2799 
5 370 2074 3191 4431 4922 
2 3072 4926 
5 291 486 535 599 2470 
2 2474 3017 
3 534 837 2625 
3 1166 1398 4640 
3 233 4738 4872 
2 2136 2853 
4 2695 3395 3944 4830 
3 1013 2345 4534 
2 473 1633 
2 3742 4159 
3 1442 2844 4792 
3 583 1455 4120 
2 257 4615 
4 1521 2294 4196 4641 
1 4542 
6 731 1756 2413 2876 4349 4727 
3 248 2771 3957 
5 633 3195 4433 4897 4999 
5 226 842 1478 3029 4569 
2 1773 4446 
1 3700 
0 
1 3460 
5 928 1515 2671 3547 4303 
3 2773 2817 4980 
3 196 926 1009 
4 688 1124 3168 4812 
0 
3 2438 3075 4342 
4 284 2056 3819 4126 
5 2080 3439 4046 4120 4459 
1 4168 
4 1533 2082 2123 2278 
3 651 822 2540 
3 2268 2590 3203 
6 35 1865 2559 3249 4071 4390 
4 2423 2954 3444 4161 
3 728 2209 2639 
2 139 3732 
4 417 2441 4587 4704 
3 2446 4455 4715 
1 1087 
1 2820 
0 
1 2445 
3 1325 2201 4633 
3 1039 1793 2392 
5 208 1714 2945 4126 4154 
4 711 1097 2317 4451 
2 556 4452 
1 2905 
7 750 1180 1439 1732 3240 4234 4994 
3 341 710 4872 
4 851 1952 2423 4094 
4 432 2249 2717 2800 
1 88 
3 2018 2346 4144 
0 
0 
0 
4 1113 2993 3844 4005 
6 650 2169 2536 3546 4005 4736 
2 710 2222 
2 3806 4525 
2 4398 4802 
3 1279 4351 4441 
4 366 1690 3050 3768 
2 2767 4855 
4 1348 2249 2490 3000 
6 245 1429 1689 2478 2534 3521 
6 81 109 373 4214 4279 4772 
3 2824 4004 4781 
2 3790 3888 
1 2911 
6 600 1123 2266 2604 3662 4775 
0 
2 311 2069 
7 463 711 2229 3567 4363 4760 4937 
2 864 1060 
3 1459 4539 4698 
9 1611 1735 1821 2585 2901 3295 3625 3716 4924 
3 1415 2319 4666 
4 3000 4253 4668 4828 
6 133 3050 4530 4696 4743 4928 
1 2407 
4 335 3681 3900 4200 
2 1421 2894 
4 2176 2992 4260 4824 
3 103 2362 4971 
7 161 248 2197 2246 3241 3268 4729 
1 643 
2 779 2970 
3 865 2138 4257 
1 1203 
4 681 790 1591 4419 
2 3421 4227 
5 1276 1875 2435 3361 4202 
1 1584 
3 433 1068 1689 
4 316 1476 2519 3470 
3 3266 3654 3796 
1 1922 
5 1528 1899 2083 2724 3496 
0 
3 1435 4151 4771 
5 1547 1617 1706 1745 4278 
9 12 326 475 928 1043 1444 4081 4321 4738 
5 52 1756 3132 3357 3714 
3 3681 4420 4897 
2 2280 2516 
4 910 1346 2791 3760 
2 3394 4838 
5 37 1520 1697 1704 3164 
1 1169 
2 255 2903 
0 
1 3816 
2 2721 4579 
5 302 528 3671 4426 4624 
1 2982 
2 1215 3309 
2 2259 3546 
1 3810 
0 
2 1852 2550 
3 112 389 4438 
2 1764 4946 
4 3031 4185 4194 4721 
4 1757 2607 2688 3972 
4 1035 3086 3845 4283 
3 3977 3978 4957 
4 1339 1369 2545 2656 
6 818 1032 1417 3029 3523 4316 
4 441 840 2819 4802 
2 1503 3597 
2 2974 4601 
4 949 2399 2728 3189 
2 1593 3091 
4 683 2615 2691 3335 
4 1667 2532 3090 4379 
3 411 1009 3823 
3 1781 2884 4893 
2 1192 1811 
1 2580 
1 4340 
2 1294 2368 
2 1295 2046 
2 2139 3467 
3 1974 2229 4201 
3 1313 3450 4857 
1 4296 
5 560 2599 2851 3750 4828 
0 
3 234 488 2961 
2 2875 3368 
2 1668 2604 
2 1217 1443 
6 756 981 2478 3441 3952 4310 
3 248 1275 4395 
0 
3 566 3875 4259 
2 649 3443 
3 217 1610 3333 
3 613 3001 4004 
1 2334 
3 1001 2540 4183 
4 2490 3535 3638 3721 
4 1764 2321 2616 3649 
2 589 4042 
2 527 4597 
3 2101 3015 3380 
1 2092 
5 13 28 2725 4415 4556 
1 4185 
4 739 1569 3538 4865 
1 353 
5 336 1377 2133 2285 4940 
3 2068 2454 3720 
6 261 596 1121 1744 1988 4625 
4 21 539 2028 4205 
4 347 2310 2722 3763 
5 1344 2116 3989 4234 4250 
0 
6 295 445 2568 2722 3277 4747 
5 944 1361 2012 3839 4861 
3 819 1782 2330 
0 
2 23 3147 
2 1847 4839 
3 354 3001 4433 
3 2162 3220 4966 
1 4911 
2 2087 4500 
3 698 3904 4224 
6 52 138 951 2506 3641 3720 
5 479 1194 1637 2914 3309 
2 543 3542 
5 108 2640 3809 4115 4721 
1 201 
1 3888 
2 1235 1873 
0 
1 2253 
3 1149 2076 3467 
6 134 617 1571 2439 3637 4020 
2 656 3762 
3 396 3931 4686 
2 1147 3495 
2 2171 4969 
0 
6 265 552 963 2666 3749 4663 
2 3626 4837 
3 271 2436 3835 
3 2037 3776 3866 
4 407 1811 2173 4365 
1 4899 
3 2563 3648 3662 
3 692 1886 3296 
4 821 1081 2455 4232 
0 
4 157 230 977 2888 
3 374 929 1609 
5 820 2145 3204 3965 4953 
2 498 2677 
2 1767 3368 
3 2491 2855 4348 
7 750 1455 2286 2363 3153 3891 4044 
4 456 774 1305 2808 
3 205 3251 3770 
3 56 706 3223 
4 1575 1961 4808 4988 
2 2261 4547 
3 760 3808 4809 
1 4277 
5 1494 1695 2256 2735 3570 
4 1672 2371 2848 4045 
1 3389 
2 1646 2149 
1 543 
3 3564 3927 4510 
3 1402 1504 3783 
2 1162 3656 
1 3849 
3 332 1677 3377 
5 1110 1368 1500 4139 4507 
6 537 1246 1262 2770 3795 4025 
5 314 1106 1616 4229 4470 
3 2546 3153 4152 
5 263 865 2292 2649 4379 
2 1363 1591 
4 652 2158 3347 4714 
3 1592 2638 4083 
0 
2 540 1646 
2 367 1786 
6 1773 2743 3059 3632 3898 4994 
1 1469 
2 1748 4431 
4 1677 2287 3312 3596 
2 399 1144 
2 3810 3946 
1 1635 
6 206 2454 2916 3732 4207 4983 
2 906 3243 
4 1920 2682 3973 4005 
7 145 250 2095 2994 3003 3459 4326 
7 629 1016 1934 1938 2245 2519 2984 
1 3516 
0 
5 1835 2136 3146 4023 4585 
1 506 
3 307 4166 4693 
2 1342 3743 
1 4595 
5 2003 3238 3299 3723 4181 
1 4960 
2 1646 4503 
3 199 954 3982 
1 3560 
1 600 
1 2790 
4 282 3848 4162 4902 
2 323 2756 
1 3164 
5 178 839 2545 3228 4108 
3 116 3394 4554 
6 2219 3186 3694 3728 4028 4320 
2 1526 3723 
4 647 1269 3886 4826 
4 1045 1743 1981 2998 
1 3454 
2 1098 4096 
4 35 2076 3605 4094 
2 4224 4329 
2 1916 2010 
1 2404 
4 444 1483 2295 2810 
5 1238 3030 3383 4071 4627 
2 606 3001 
3 2308 4713 4915 
3 523 996 4658 
1 4604 
3 1883 3700 4737 
4 7 538 1473 3290 
4 2173 2798 3539 3748 
1 148 
3 250 2107 2964 
4 159 728 4655 4881 
0 
3 453 2970 4024 
0 
5 897 1407 1703 2359 4503 
7 1023 1850 2094 2184 2427 3318 3637 
4 2770 3845 4548 4778 
5 306 1059 2473 2694 3966 
1 4960 
3 161 2529 3464 
6 464 520 2329 3847 4674 4980 
2 322 3219 
3 2937 3265 4722 
4 644 2627 2793 4818 
4 56 2779 2953 4616 
2 1957 3404 
4 454 2541 2848 4720 
4 1474 3309 3806 3833 
5 1581 2097 3294 3570 3947 
6 90 2492 3803 4065 4178 4638 
3 2768 2802 2889 
1 4616 
4 2268 2882 4279 4467 
6 373 631 1814 2665 4273 4963 
1 1950 
2 164 1103 
1 2547 
2 2027 4802 
6 1200 1653 2588 3318 3789 4710 
2 2483 3942 
1 2751 
5 333 551 705 866 1310 
0 
4 735 846 4298 4312 
3 3555 4292 4326 
3 3439 3656 4957 
5 1148 2133 2145 2496 3884 
3 1989 3362 4111 
3 573 2472 4901 
2 457 1799 
2 562 3052 
3 3859 3998 4516 
2 810 3744 
4 501 2086 2570 4195 
1 4039 
0 
1 3242 
1 164 
2 2995 3404 
3 571 2751 4750 
1 702 
5 249 394 474 1584 3227 
2 1148 4500 
4 1727 2472 3071 4319 
2 429 4120 
3 363 3509 3809 
1 4043 
1 2762 
7 276 1741 2388 3078 4091 4485 4700 
3 1191 3166 3551 
3 4059 4628 4998 
3 3457 4252 4744 
2 389 2083 
2 18 4083 
2 2963 3060 
5 552 1061 1411 1718 3214 
2 999 3938 
4 75 502 765 1566 
3 68 1424 3301 
1 968 
3 288 2010 2149 
2 1861 3450 
2 1996 3166 
0 
4 2254 2589 4392 4582 
3 62 3781 4334 
0 
4 860 1690 2788 3297 
1 4346 
3 112 2471 3833 
3 2073 3119 4221 
6 170 1378 1563 1953 2383 4069 
0 
5 1385 3182 3459 3764 3920 
5 225 1048 1669 3716 4919 
2 1049 2651 
1 393 
3 717 2200 2392 
1 1757 
3 124 3011 4406 
2 2019 3572 
5 222 729 2760 4402 4811 
5 227 693 3149 4038 4143 
2 21 4020 
3 4088 4599 4753 
3 1130 1395 2834 
1 2337 
2 297 1611 
3 2915 3543 4777 
2 2438 4389 
4 1241 1404 2448 3000 
0 
2 1845 4603 
5 546 1052 1681 2848 4632 
2 4435 4818 
1 3047 
3 64 191 2340 
0 
3 2476 3108 4297 
2 3228 3868 
2 23 4100 
3 623 2920 4013 
4 2229 2292 3455 3885 
1 3722 
6 296 490 1483 2520 2805 3793 
4 212 627 948 2162 
4 38 196 884 3071 
3 37 1492 1694 
1 3697 
1 4991 
4 1547 2602 3349 4304 
6 200 728 3145 3525 4088 4786 
1 3975 
3 314 3528 4307 
4 1715 1852 1935 2892 
3 1552 1773 3117 
2 1945 3706 
4 1348 1400 1438 4594 
1 4407 
4 389 1034 4048 4157 
3 1598 3998 4854 
3 418 2577 4706 
6 410 544 896 1175 1830 4705 
5 435 2179 2487 4765 4989 
6 536 784 1084 1822 4702 4995 
5 412 1563 3103 3597 4709 
3 1013 4633 4734 
5 1548 1707 1994 2322 3462 
6 55 971 1337 1372 4761 4905 
3 1813 2080 2219 
5 411 510 2727 2898 3919 
3 1819 3677 4687 
2 2797 3521 
6 474 774 1836 2885 2938 3841 
4 412 1456 3043 4081 
1 799 
3 1415 1975 3610 
6 604 1372 1829 2011 3237 3293 
2 808 2911 
2 145 868 
0 
1 1087 
4 514 1836 2673 4955 
1 1152 
4 116 236 2660 2700 
4 71 522 3095 3210 
3 134 1757 4383 
2 2679 3470 
4 1147 4117 4143 4741 
2 1034 3305 
1 4145 
1 4524 
4 1348 1357 2019 2898 
2 3546 4256 
1 3747 
6 1511 2852 3596 4128 4796 4877 
4 1828 2562 2600 3458 
3 1079 3753 3795 
2 1291 4314 
2 3301 4365 
2 1715 4762 
3 504 1827 2373 
5 734 2473 4166 4227 4575 
5 2029 2990 3093 3609 4448 
2 342 3496 
4 1293 2511 2722 4083 
1 4244 
3 3096 3187 4495 
1 1747 
2 3713 4476 
5 677 1818 2869 4206 4626 
2 1872 2692 
3 592 1400 4701 
0 
1 3023 
3 599 1305 3696 
5 423 1540 3257 3611 4037 
1 3620 
5 324 883 906 3212 4093 
1 2372 
6 1337 1392 1537 2315 3431 4617 
2 425 4618 
6 1143 1999 2333 3710 3888 4605 
2 286 2561 
2 53 1310 
2 1604 3138 
3 369 550 661 
3 1214 3118 4438 
2 2157 3595 
1 4909 
1 3065 
3 207 1275 1765 
0 
3 3418 4424 4605 
2 3841 4341 
5 984 1356 2143 4237 4937 
3 3731 3768 4578 
6 805 1035 1984 2640 3650 3911 
4 3156 3224 4526 4760 
1 3055 
3 276 781 3920 
4 684 989 1859 3615 
2 2037 2133 
1 1545 
4 764 1278 2821 4085 
0 
2 483 514 
5 1544 2495 3088 3155 4229 
6 675 2004 2114 2769 3041 4036 
5 321 972 3024 3207 3321 
2 284 1570 
0 
4 508 2601 2613 3603 
1 2164 
2 260 4128 
2 1007 2317 
3 2054 2342 4920 
5 1588 2047 2955 3520 3886 
3 173 1337 4742 
2 954 4242 
0 
4 252 359 2489 3314 
5 913 2398 2728 3727 4678 
4 1059 1590 2008 3987 
3 824 1009 4243 
7 2531 2569 2917 3749 3776 4470 4863 
4 261 715 2681 3912 
2 3971 4535 
5 287 1863 3090 3500 4746 
5 429 2408 3362 4300 4623 
2 644 1755 
7 679 736 2663 4364 4571 4963 4982 
5 239 2303 2328 2664 3878 
2 3494 4874 
2 2280 2695 
4 914 1129 1719 2361 
2 1354 1952 
3 2672 3043 4496 
1 4530 
4 167 619 982 2399 
1 3189 
2 3008 3266 
1 3713 
4 2092 2980 4475 4751 
1 4306 
3 156 2472 3220 
1 1541 
3 451 1761 3688 
1 4730 
5 400 1159 2145 2571 3021 
5 396 559 2478 3129 4304 
2 276 433 
2 4845 4988 
2 1206 4608 
2 1227 4590 
5 647 712 1956 2213 4728 
4 661 1002 2668 4042 
5 384 438 2299 4215 4328 
2 172 921 
3 2549 3981 4156 
4 460 3293 4134 4386 
1 2938 
2 537 3630 
5 169 370 1199 1324 4213 
5 294 2952 3079 3761 4413 
6 40 509 608 1862 1925 3266 
0 
3 694 2716 4448 
3 323 3696 4944 
3 264 3665 4757 
3 580 1711 1909 
2 3499 3987 
3 197 1327 1765 
5 45 1664 3192 3481 4161 
3 18 466 1137 
4 2477 3047 4221 4944 
3 527 4039 4870 
2 4563 4754 
4 334 434 2179 3159 
1 4033 
2 1147 4074 
4 1640 2368 3168 4384 
2 588 1666 
5 1037 1663 2191 3115 3593 
2 675 1143 
4 3045 3555 4082 4923 
2 1835 3927 
3 1727 4127 4451 
5 230 763 844 3243 4683 
1 2369 
5 249 733 3314 4143 4468 
4 1375 1890 3525 4847 
1 2845 
1 389 
6 589 1623 1862 2210 3136 4051 
5 473 777 926 2214 3163 
3 221 2510 4212 
1 2090 
2 1568 2470 
3 508 770 2220 
4 1015 2362 2718 3844 
5 916 1815 3240 3974 4494 
3 3264 3332 4894 
5 705 2315 3678 4554 4709 
4 3190 4141 4796 4862 
1 3760 
2 1190 4081 
3 2650 3563 4303 
1 1005 
6 2166 2279 2792 2906 3071 4603 
7 266 1616 1701 2267 4183 4611 4983 
5 201 268 2410 2449 3725 
2 1769 3826 
3 935 2566 3650 
4 551 2131 4347 4689 
1 1587 
2 1689 1778 
2 1400 2625 
1 3655 
4 2606 4225 4309 4942 
8 799 1396 1808 1969 2662 3204 3695 4593 
2 468 1466 
2 1757 3004 
4 2039 3898 3913 4897 
2 1427 1726 
1 1423 
5 14 696 1963 3010 3829 
6 226 1008 1330 4076 4235 4649 
4 244 1347 2591 4598 
3 123 1705 2113 
1 1827 
3 2549 3717 4848 
4 355 1335 1668 4857 
4 620 3406 3961 4272 
4 527 1844 3529 4774 
2 276 4155 
1 577 
4 885 3261 4824 4873 
4 580 3965 3979 4130 
4 287 1617 3364 4416 
8 615 1945 2137 2407 3660 3945 4074 4848 
2 3313 4231 
1 772 
4 102 1291 1345 4550 
5 109 221 566 2846 4763 
2 2007 2620 
4 1277 3022 4290 4693 
3 2389 2881 4900 
4 1518 3483 4091 4406 
3 794 1077 4489 
4 1430 1755 2125 3758 
3 1107 2955 3996 
3 1807 3101 4307 
2 3290 4712 
1 2695 
4 244 1133 2138 4821 
3 820 4504 4880 
3 615 2451 4285 
3 2806 4576 4828 
3 227 2039 4960 
0 
6 512 1228 2446 2683 3895 4541 
4 645 2229 3255 4618 
3 890 1821 4241 
4 1000 1261 3237 4137 
2 3552 4652 
4 2150 2815 3348 3660 
2 1535 3385 
2 1437 2726 
4 2613 3350 4594 4660 
3 1443 4514 4892 
5 638 997 1152 4132 4225 
4 701 1154 2935 3591 
2 1040 3320 
4 438 704 868 3270 
2 337 2977 
3 2376 3760 4185 
2 829 2427 
2 1340 1771 
4 1602 3223 3991 4697 
3 1762 3138 3570 
5 441 3034 4416 4908 4962 
7 1599 1724 2198 3296 3311 3523 4634 
4 413 2387 2709 4378 
2 1405 3529 
4 89 616 1911 2188 
3 607 2249 2803 
1 2273 
4 358 3403 4195 4837 
2 1124 2624 
4 439 1065 3151 4287 
3 618 983 1307 
4 157 1898 2221 3418 
5 378 1787 2017 2871 2923 
4 1938 2681 4249 4584 
3 1792 1932 3424 
6 311 1149 1530 2748 3111 4883 
4 1008 1559 3767 4912 
1 4616 
5 331 793 3124 3233 4635 
3 2 2616 4883 
0 
3 262 2076 4309 
3 1514 3232 3449 
1 3968 
2 76 734 
0 
2 2095 4123 
3 621 2155 3572 
1 2409 
6 225 264 2203 2266 3086 4617 
5 247 415 2800 3829 4557 
4 2399 3986 4048 4614 
1 911 
2 2805 2943 
4 203 1164 1962 4706 
0 
3 1098 2186 3259 
0 
3 295 2056 2172 
2 1501 4287 
2 1738 3342 
1 2245 
3 2460 3011 4980 
2 3208 4516 
2 2200 3212 
7 1140 1156 1179 1729 2505 3083 4175 
2 2946 3122 
2 3588 3665 
1 2789 
4 354 2802 4618 4915 
1 2197 
0 
4 771 1238 3018 3618 
1 2792 
3 700 2908 3783 
5 762 2140 2763 3328 3784 
1 2746 
2 3155 4285 
3 686 2407 2534 
4 9 277 2805 3840 
4 682 2596 2917 3318 
3 2705 2937 4250 
4 1503 1914 3534 3544 
5 617 1493 2068 2209 3919 
1 1683 
3 668 1502 2314 
3 416 1042 2013 
2 1058 1552 
3 518 1294 4529 
2 25 285 
1 2994 
5 1138 2222 2282 2391 3151 
0 
1 4286 
5 523 2570 2803 4384 4883 
2 694 770 
4 1146 1161 4075 4548 
2 11 2130 
3 579 4701 4961 
2 3923 4831 
1 1313 
3 2677 3586 4838 
7 415 900 1665 2154 2726 3510 4475 
1 3406 
3 273 801 2184 
3 513 2025 2314 
2 1708 3921 
2 422 2415 
5 972 1001 1536 3203 4177 
9 774 786 969 1287 3919 4203 4536 4712 4999 
1 2069 
2 4780 4912 
2 2421 3237 
3 1327 2114 4983 
7 17 835 1137 2537 3086 4286 4410 
1 3929 
3 356 1015 1777 
2 281 2257 
3 630 2516 4902 
1 2489 
3 723 1530 3473 
2 621 3128 
2 1214 2887 
1 1015 
2 636 1549 
1 1008 
2 1347 4456 
1 1687 
3 3026 3369 4335 
1 3144 
1 1490 
3 732 1987 3129 
2 4364 4670 
4 950 2061 2551 4218 
3 1334 1380 4033 
6 316 420 3104 3131 3513 3851 
3 371 3177 4073 
3 630 1275 2688 
6 120 1455 1764 1885 4404 4806 
1 2126 
4 1736 1876 2654 3344 
2 2984 4666 
3 92 437 2452 
2 834 1602 
3 4161 4426 4545 
3 197 754 1544 
5 223 451 1263 1507 3650 
0 
2 1646 4489 
3 499 1781 4066 
0 
4 954 1866 1983 4341 
1 3493 
7 1759 2347 2994 3049 3090 4153 4399 
3 983 3004 4600 
7 1721 2060 2146 2617 3151 4616 4912 
2 3601 3850 
3 1641 3688 4209 
3 562 2639 3125 
4 176 3431 3861 4419 
2 1268 3952 
0 
4 647 1192 2161 2437 
2 1081 2197 
5 1008 2043 2156 2396 4742 
1 2004 
1 1388 
4 885 1160 2808 3207 
1 3145 
3 96 276 2706 
1 1996 
1 713 
3 3050 4514 4669 
4 399 2243 3264 3927 
3 1450 1570 2135 
2 918 1010 
8 1031 1298 1366 1542 2224 3468 4512 4835 
2 2732 4092 
2 1734 3886 
5 2287 3264 3307 3835 4746 
3 1467 1790 4078 
5 1600 2138 2452 4920 4953 
2 2742 4193 
5 1029 1070 1719 2443 2917 
4 1411 1492 1795 4810 
5 228 385 2925 3140 3910 
4 1127 2713 3184 3346 
4 147 815 3048 3111 
4 524 819 1532 4943 
4 2307 3073 3088 3362 
2 693 1598 
1 2561 
6 847 922 1158 1335 1865 2459 
4 240 483 1862 2399 
1 4682 
4 433 2513 3302 4178 
5 385 458 663 1697 2188 
2 1536 4098 
2 2346 3976 
3 230 1837 2446 
2 1044 1730 
4 307 1088 2047 3636 
1 3030 
3 864 2335 3839 
3 266 2161 3226 
5 1157 2362 3290 4064 4718 
3 1613 2072 4588 
5 155 266 752 2939 4158 
4 710 875 4318 4584 
3 826 1761 4392 
3 71 553 4391 
2 1615 2972 
3 949 3485 4103 
3 2688 3728 4617 
3 1765 2290 4296 
1 85 
3 350 3559 4096 
3 1922 2104 4448 
4 511 1249 1885 4437 
1 2292 
4 2139 4035 4583 4694 
3 276 4378 4897 
3 716 2524 3905 
5 232 1903 3060 4658 4711 
2 3394 3465 
3 441 1859 2262 
1 1572 
2 1540 3715 
4 2701 3252 3256 4261 
1 3537 
8 483 1045 1117 2001 2513 3150 3189 3540 
3 3254 4483 4615 
4 1349 2386 2564 3768 
5 678 1233 2780 3372 3741 
2 1521 2439 
1 810 
0 
3 1390 3976 4220 
3 861 1351 3429 
5 785 2107 2374 2581 3914 
4 478 719 983 1583 
1 1344 
2 3466 4768 
3 2753 3321 4453 
1 4461 
1 2010 
6 297 383 1381 1550 2591 4750 
4 1376 2230 4240 4931 
1 1357 
3 1342 3553 3920 
3 63 3334 3609 
0 
5 199 1871 3955 4490 4877 
1 3530 
6 651 1172 1506 3170 3408 3771 
3 1353 1362 3514 
3 851 1780 3984 
1 4711 
3 4002 4030 4340 
2 2738 4213 
3 329 1872 2189 
2 3845 4470 
1 364 
3 1554 3934 4343 
4 706 1312 2767 3422 
3 3590 3679 4539 
3 1091 1981 2970 
0 
2 2874 4532 
2 1215 2998 
2 49 880 
3 1027 1334 4989 
1 2904 
1 4623 
2 2441 4130 
1 4088 
6 262 292 3083 3674 4488 4657 
4 4286 4756 4816 4916 
5 130 1421 1806 4101 4480 
3 2078 3560 3965 
5 477 1281 3892 4228 4894 
7 469 765 1485 1514 1774 1918 3175 
2 1448 2290 
2 3052 3717 
4 938 1773 3195 3748 
4 599 1732 2346 2936 
0 
2 2706 4971 
2 3360 3479 
2 3042 3460 
4 71 1833 1913 4277 
4 1391 1841 2443 3559 
4 128 1103 3813 4229 
4 2099 2902 3794 3928 
3 999 2169 2484 
3 1721 1953 2896 
8 3024 3061 3427 3970 4325 4418 4721 4867 
0 
2 274 3456 
4 2651 2850 3399 3625 
7 622 2711 3423 3585 3788 4506 4722 
2 2672 3823 
4 1205 2153 2693 3496 
1 3003 
5 1719 1799 2470 2698 4631 
5 300 1120 1988 2015 4091 
0 
1 4754 
0 
4 1511 1947 2530 4058 
1 4487 
2 235 573 
1 2996 
1 2754 
2 3023 4716 
2 2847 3673 
1 4633 
4 1612 2951 3296 3365 
5 227 1005 2447 3342 3802 
2 2614 3439 
3 153 2757 3887 
0 
2 1804 2755 
3 2775 3143 3540 
4 2195 2505 3728 4313 
6 130 823 3596 3849 4459 4790 
3 2395 4314 4845 
4 336 3159 4283 4628 
3 570 1490 4400 
0 
3 1605 2953 4781 
2 3396 4696 
4 1871 3093 3298 4218 
3 381 1663 3205 
3 527 2428 2442 
2 1197 2976 
2 117 2525 
4 1862 2883 4638 4668 
2 2521 4148 
4 440 1167 2674 4947 
1 4961 
6 103 1004 1798 2872 3656 4457 
3 2682 2856 4959 
3 3724 4118 4372 
7 22 1485 2523 2855 2932 3794 4467 
3 2606 3761 4927 
2 3508 4754 
6 75 673 2232 3384 3913 4334 
1 2194 
4 371 458 4118 4419 
4 88 2659 2936 4768 
3 1615 2807 4310 
5 2052 2090 4409 4613 4837 
1 1169 
4 356 434 1334 2974 
5 861 2150 3157 3538 4207 
2 573 4481 
4 1169 1614 2933 3834 
2 206 617 
3 3639 3759 3938 
2 835 3279 
3 3819 4216 4607 
0 
2 364 4359 
7 1336 1560 2249 2298 2853 3490 4358 
2 151 2069 
2 1890 4343 
1 2922 
3 32 2237 2984 
4 1234 2219 2329 3640 
1 2217 
3 956 1456 4015 
3 141 1291 1876 
2 132 3841 
4 824 2989 3306 4043 
7 1475 1976 2994 3367 3437 3729 4493 
3 240 782 1225 
2 97 4916 
5 108 268 768 2354 4483 
3 482 499 4620 
4 1133 3113 4091 4678 
2 593 1635 
4 422 1546 2629 4392 
2 27 2591 
4 2838 3507 4025 4651 
1 598 
5 803 2779 4159 4198 4835 
3 3098 3582 4636 
3 448 1540 2495 
5 15 164 2015 2506 4937 
3 2898 2920 4198 
1 3132 
4 2602 3833 3860 4184 
5 448 826 1051 2702 4789 
2 1356 4550 
5 432 794 1956 2588 3827 
2 2423 4730 
3 177 2294 3844 
3 2782 2975 3194 
2 2185 3048 
5 1192 1847 2036 4332 4408 
0 
3 303 1732 4526 
4 757 1417 4280 4906 
1 4699 
2 207 628 
4 263 621 1712 3837 
5 832 1081 1886 3060 4662 
5 574 633 1247 2499 3195 
2 2021 2783 
4 524 3963 4037 4202 
2 2282 4645 
2 3683 4221 
2 1347 2923 
1 2863 
4 1282 1751 3494 4412 
3 3302 4090 4508 
3 2538 2665 2867 
5 374 1402 2865 3133 4580 
1 3120 
3 1811 3555 4677 
0 
1 1177 
4 1428 1746 2904 4152 
2 2359 3981 
3 2213 2820 3195 
1 1565 
6 41 563 1443 3629 3713 4961 
3 868 2968 4331 
5 533 1197 1280 1826 4337 
5 1357 2339 2952 3254 3656 
4 72 439 527 1087 
6 475 516 1667 2445 2681 4860 
4 759 2066 3873 3969 
5 1886 1970 2289 3194 4300 
5 342 875 2983 3338 3998 
5 1613 2293 2665 2695 3237 
7 959 2437 3223 3562 3567 4089 4153 
4 106 1300 1372 3025 
3 739 808 2756 
2 1990 4699 
1 2330 
2 2283 3719 
1 474 
3 1686 3715 4685 
2 179 2669 
5 137 372 1237 2159 2407 
2 1082 3962 
10 48 304 555 762 1383 3703 4231 4448 4526 4724 
3 2824 3400 4307 
1 2383 
2 248 3700 
6 479 485 2903 3237 4668 4995 
2 3795 4752 
3 371 3036 4783 
5 743 1981 2090 2091 3152 
4 1116 1422 4526 4654 
2 628 3955 
2 1543 1579 
3 212 4482 4846 
1 3889 
2 577 3806 
4 1745 2395 2757 3645 
1 494 
3 2180 2223 3859 
2 1049 3158 
3 542 1437 1782 
2 4303 4570 
5 281 2235 3603 4277 4826 
1 4372 
1 3015 
7 543 1933 3285 4146 4560 4697 4852 
3 254 2337 2688 
4 1436 2334 4554 4999 
3 2953 4410 4649 
4 932 1639 2068 4872 
1 4956 
4 3115 4105 4592 4701 
0 
3 315 1736 4657 
3 1714 2208 3528 
3 2451 4385 4914 
1 2314 
2 4068 4871 
2 73 3985 
3 545 2014 3748 
2 2939 4532 
6 1080 1664 2056 3115 3448 4710 
7 183 382 979 1691 1946 4097 4441 
3 2985 3672 4043 
6 512 679 3843 4758 4885 4935 
4 25 664 1787 3880 
4 519 1290 3674 4078 
1 901 
1 674 
3 1106 1195 1622 
0 
3 1860 4354 4736 
2 2123 2585 
7 425 555 933 1349 2095 3265 4574 
2 3089 4396 
3 522 935 3519 
2 1005 1272 
2 428 2182 
1 4031 
3 780 1253 4127 
3 129 1095 3963 
2 36 106 
3 2805 3489 3799 
4 1517 1933 2036 2651 
3 2036 2451 4072 
3 1074 1463 2327 
0 
3 370 734 1215 
6 1168 1627 2080 2937 3521 4652 
1 263 
2 1228 4402 
2 3329 4704 
3 1874 2661 2936 
3 2522 2937 4428 
2 520 1073 
1 3872 
1 3157 
1 1798 
1 2760 
2 198 2142 
3 1209 1820 4817 
2 744 4778 
3 302 581 4425 
2 2986 4458 
4 2426 3118 3298 3547 
5 401 3541 3944 4007 4147 
5 20 813 1549 3569 4443 
3 1428 1694 2915 
2 2777 3612 
1 1084 
1 2728 
1 3962 
1 4808 
4 2856 4680 4758 4957 
2 2370 3146 
3 3015 3067 3455 
4 935 2079 3338 4255 
2 2139 4417 
2 1570 4284 
2 1720 2597 
2 3286 4756 
2 2870 3418 
5 736 2702 2880 3748 4978 
3 1678 4059 4894 
1 1534 
0 
6 1079 1246 1422 2152 3120 3924 
0 
2 1755 2217 
8 106 420 441 908 1172 2506 2768 4002 
3 38 1560 4372 
3 995 1575 1762 
3 1050 1801 2124 
3 356 1656 2440 
1 4446 
1 2106 
3 10 1415 3468 
2 423 4813 
4 1125 1246 1469 4735 
1 1736 
4 2978 3572 3816 3975 
1 2747 
4 806 1140 1280 4214 
5 1586 1936 2172 3489 4966 
2 2719 3865 
3 577 2133 2812 
5 502 1883 3015 3243 3900 
5 1683 2722 3854 4489 4951 
5 180 1628 2274 4028 4780 
3 841 1745 4788 
2 599 1408 
4 14 1153 3886 4466 
3 784 2027 4382 
1 656 
2 1743 1785 
7 1093 1325 2432 3011 3982 4240 4691 
4 32 163 746 4058 
8 268 1433 3338 3590 3721 4053 4490 4666 
1 3326 
6 241 1529 2749 2919 3964 4315 
6 792 2442 2492 3316 3960 4811 
3 573 3126 4433 
4 964 1875 2207 3306 
1 3726 
5 796 1111 2691 3033 3850 
4 1639 2150 4319 4440 
3 1117 1207 4288 
4 611 3886 4254 4650 
1 4133 
4 472 990 2195 3520 
1 3532 
3 685 4262 4792 
4 1343 1498 2398 4363 
3 2045 3707 4377 
3 739 2798 4475 
5 174 2084 3287 4754 4780 
1 3800 
6 1215 1685 2274 2412 3755 4019 
3 1980 2297 3577 
1 1637 
1 4836 
4 1605 1777 3794 4669 
3 1841 4068 4951 
0 
5 210 1503 2354 2413 4775 
1 4214 
1 2284 
4 416 1929 3352 4990 
6 1905 2176 2437 3570 4170 4746 
2 581 2648 
5 992 1651 1744 3390 4503 
5 303 1602 3728 3759 4260 
2 2639 3511 
4 134 805 1297 1645 
2 948 4589 
3 415 3883 4698 
4 1630 2518 4068 4567 
2 3606 3918 
5 2531 3603 3808 4320 4791 
2 418 3088 
1 2169 
3 14 2061 2216 
4 940 1664 3119 3885 
6 650 747 1514 3050 3247 4534 
1 531 
3 639 2754 4742 
5 418 1475 2006 3550 4609 
3 1515 2712 4420 
6 208 562 665 3034 3778 3980 
4 2208 3100 3342 4167 
3 1951 2135 3700 
2 3804 4555 
3 1189 1349 1950 
2 1519 3851 
2 52 1612 
4 37 804 965 1672 
2 2045 3415 
4 140 401 1757 4882 
2 123 3950 
1 3635 
1 2951 
3 543 3585 3860 
7 863 980 1051 1322 1582 2311 2826 
3 1828 2694 4735 
1 4445 
4 1928 3611 4017 4299 
3 2313 2801 3519 
4 3181 4487 4698 4800 
2 2049 3677 
3 2771 3697 4497 
4 167 1949 2579 4671 
3 2421 2504 2940 
0 
1 4875 
1 3874 
2 4807 4944 
4 31 1754 3247 3350 
4 3679 4263 4623 4852 
2 1169 1642 
2 23 992 
4 2557 3543 3920 4880 
0 
8 113 223 957 971 1606 1945 3529 4000 
3 390 4854 4876 
1 3654 
3 152 3225 4970 
6 885 1105 2506 2723 2756 4030 
3 724 1284 3891 
0 
3 1137 2939 4419 
3 1698 2411 3683 
3 538 3129 4189 
3 577 1024 3860 
6 327 2580 2744 2789 2807 4932 
3 1134 2310 4607 
2 1806 3536 
0 
0 
1 4399 
3 977 1630 2723 
3 1530 2558 4569 
3 937 1232 4364 
1 3023 
3 3123 3618 4951 
3 434 2345 2765 
1 4567 
4 1607 2916 3217 4422 
4 2155 2184 3349 4994 
2 134 2720 
1 3363 
2 447 2849 
5 687 935 3540 3598 3815 
2 778 1529 
4 1012 1454 4095 4122 
2 2741 3846 
5 1672 1992 2526 4786 4923 
8 412 2023 2460 2620 2622 3264 3358 3877 
4 109 2193 3467 4341 
5 1079 2538 3560 4507 4833 
2 1129 4016 
3 1161 1760 4532 
1 408 
3 2015 2944 4687 
2 1795 1863 
2 119 2888 
4 1151 1322 1800 2880 
2 122 2017 
4 891 916 1978 2521 
2 166 1199 
0 
4 2185 3016 4429 4878 
4 1945 3390 3998 4324 
3 374 1477 2429 
3 495 604 4363 
3 606 2800 3263 
1 212 
2 1452 4628 
5 2980 3348 3592 4341 4617 
3 2596 3698 4396 
4 18 284 3376 4380 
3 328 1770 4051 
4 396 1202 2576 3059 
0 
5 1083 2261 2596 3531 4354 
7 866 2229 2345 2459 2710 3988 4086 
4 831 3324 3334 3682 
2 2233 4159 
5 211 1666 1686 2063 4153 
6 1400 1523 2470 3069 3175 3369 
2 3 383 
3 951 1435 4351 
3 465 814 2364 
1 984 
2 2932 3390 
4 9 1070 3240 4112 
2 1347 2541 
1 2603 
1 183 
2 229 4230 
1 792 
5 2092 3278 3858 3991 4313 
3 167 1452 4223 
3 1220 1950 3277 
3 1088 2022 4021 
1 841 
2 2637 4423 
2 1402 3591 
3 1067 2054 3452 
3 1784 2595 4247 
0 
6 880 1306 2053 3894 4279 4896 
2 2455 2486 
3 263 2011 2970 
1 1316 
2 2478 2852 
3 717 1436 4631 
3 3790 3865 4612 
2 847 4774 
4 910 2271 2311 4583 
6 62 959 1779 1866 2955 4678 
2 601 1734 
6 214 469 716 2689 3309 3566 
1 3905 
3 363 615 3310 
2 4612 4818 
2 3837 4631 
2 555 4854 
4 1959 2191 2660 3414 
1 3527 
3 2369 2707 4085 
3 478 550 3435 
3 2574 3332 3863 
5 1214 2005 3026 3399 4774 
0 
1 1455 
6 991 1520 1786 2543 2852 3074 
5 702 1129 3902 3952 4611 
2 2318 3974 
1 171 
1 3434 
3 143 2946 4649 
5 1048 1501 3171 3468 3594 
4 1509 2356 3230 3402 
2 2121 4875 
1 1138 
2 1399 3757 
3 688 1381 3223 
3 427 578 1820 
1 4884 
3 707 1596 3347 
1 805 
1 4349 
4 2446 3665 4147 4937 
1 4841 
3 2922 3280 4060 
5 92 651 2501 2657 4124 
6 585 1291 2031 3640 3730 4853 
3 2816 3740 4190 
1 514 
4 413 595 1813 3000 
1 1603 
1 1268 
3 372 1567 3301 
1 4763 
1 1672 
4 949 1297 2867 2906 
2 2484 2804 
4 121 665 2993 4036 
3 1907 2043 3046 
1 1745 
1 643 
3 1442 2179 4646 
5 1039 1459 1632 1774 3443 
3 532 4199 4744 
0 
2 2728 2793 
3 881 2499 3885 
1 1198 
2 569 4976 
4 170 872 2884 3761 
6 315 987 1560 1659 2027 3976 
2 1449 3522 
3 193 1629 2562 
4 86 1531 2615 3268 
2 2257 4277 
4 384 2184 4523 4731 
3 918 2191 2785 
1 4213 
2 1688 4795 
1 4045 
2 3604 4430 
5 161 2694 3180 4190 4461 
2 154 3292 
2 4225 4940 
6 747 1693 2238 2669 3117 4586 
2 129 2627 
3 939 956 1977 
3 260 789 4597 
2 354 4898 
3 566 2111 4600 
4 210 1215 1597 3742 
4 1915 2471 3001 3280 
1 2299 
2 542 4086 
2 347 3098 
4 25 2162 2825 4747 
0 
5 2490 3478 3862 4343 4812 
2 999 2720 
2 1115 2456 
7 118 1743 2018 2195 3580 4434 4517 
6 900 931 1309 2487 2835 4134 
5 56 1107 1815 3191 3717 
4 385 2140 4399 4763 
6 942 1855 3293 3323 4048 4136 
3 124 1915 2167 
3 63 1764 1872 
2 228 3550 
6 516 704 947 2013 2702 3171 
13 331 657 943 1581 1780 2379 2905 3822 4178 4658 4685 4687 4982 
3 82 838 1899 
2 1310 3570 
2 562 1531 
2 713 2968 
6 282 844 1577 2062 2091 4137 
5 1723 1762 4050 4733 4911 
3 653 3760 3774 
4 1080 1165 3644 4368 
4 1121 2338 2496 2788 
3 314 2436 3830 
0 
5 63 648 2651 2731 3578 
3 167 1773 2311 
3 1643 2283 4812 
1 4789 
4 657 662 2476 3485 
0 
2 2501 3063 
2 375 4990 
0 
1 23 
4 25 652 3502 4312 
1 4443 
7 197 903 1518 1885 2315 3733 4621 
5 244 679 1289 2428 2682 
4 1248 1263 1465 2896 
6 310 725 1217 1382 3870 4947 
2 904 2991 
2 3942 4811 
4 530 1318 2462 4886 
3 434 1495 3577 
6 972 1060 1470 2341 3003 3057 
2 520 4508 
2 339 4218 
1 831 
4 2791 3534 3673 4160 
1 1239 
5 297 1875 2393 4078 4300 
3 792 2567 3349 
5 667 673 2338 2900 4320 
4 1343 2438 4623 4931 
2 350 3396 
4 492 1441 1700 4447 
4 971 1069 2434 4831 
3 627 1128 4055 
6 823 1229 2167 2965 4657 4778 
3 3541 4023 4102 
1 4702 
3 323 1427 1969 
3 1246 2455 4301 
3 3225 3343 3480 
3 586 4334 4487 
2 1989 2403 
1 3362 
4 2382 2464 3070 4264 
1 4168 
4 466 625 2892 4334 
5 598 2238 3252 4198 4758 
7 447 1646 1905 2848 3112 3776 3976 
5 485 1097 1970 2136 2253 
1 4954 
2 586 4476 
2 2537 4668 
5 78 149 178 1516 3729 
2 1385 3442 
3 0 2729 4342 
3 1776 1811 4068 
3 482 3826 4966 
3 3874 4545 4607 
7 237 316 640 1012 1699 3725 3921 
3 3344 3551 4430 
1 2203 
4 1002 1169 3167 4945 
2 1324 4568 
2 1919 2294 
3 2100 4220 4506 
3 794 861 1925 
4 697 1803 3585 4484 
1 1917 
3 895 2282 3105 
1 3517 
2 2580 3626 
4 125 875 1219 2785 
3 1890 3375 3497 
3 1445 2205 4037 
4 541 1042 3360 4582 
1 2553 
4 426 972 1659 4335 
2 620 2863 
3 964 2617 3863 
4 1695 2509 3333 3611 
3 230 1998 2285 
1 730 
4 324 936 1068 4102 
3 323 1226 2322 
2 3935 4151 
5 711 2362 3705 4202 4205 
2 4777 4914 
4 484 1034 1187 2878 
5 609 1150 2559 3978 4196 
3 376 1236 4913 
4 469 818 3678 4902 
4 713 1479 1551 4121 
3 434 1027 3677 
5 1714 3107 3450 3992 4221 
0 
2 2533 2596 
1 3041 
2 374 4408 
1 4275 
1 2247 
2 2267 3168 
5 141 938 2546 3021 4597 
2 3855 4406 
6 484 1403 1772 2848 3070 4020 
4 1376 2409 3156 3187 
5 435 1119 2738 2768 2804 
1 1813 
1 2674 
3 1533 3947 4508 
1 2485 
2 1086 2818 
1 1445 
5 807 1253 1675 3971 4808 
1 1469 
1 3712 
1 3463 
2 25 2358 
3 533 2821 3816 
3 2308 2919 4191 
5 1341 3494 3623 4338 4901 
0 
5 352 2237 4101 4374 4992 
8 173 427 1046 2260 2528 3709 4296 4305 
3 187 1820 2798 
1 3614 
2 124 3305 
5 2808 2982 3015 3229 4750 
5 174 983 2079 2785 4939 
1 4269 
1 3793 
4 1238 1976 4087 4449 
1 1284 
4 937 2902 3727 4976 
7 772 1548 1827 1964 2687 2893 3638 
3 3694 4646 4953 
4 67 271 3141 4124 
0 
3 2335 3045 3254 
6 299 1661 2305 2310 2553 3392 
3 2126 4304 4528 
1 3571 
1 1054 
4 304 1376 4167 4781 
1 1432 
5 808 1330 1973 3225 3954 
3 335 613 2323 
3 977 1058 4447 
1 750 
5 477 1539 1926 3743 3833 
2 1031 4893 
0 
0 
4 610 648 3266 4312 
3 3716 4851 4969 
3 137 440 3733 
4 1432 1589 3064 3900 
3 1900 2867 3413 
3 1041 2410 3523 
3 1070 1620 3248 
3 1736 2536 4439 
0 
2 86 879 
4 1565 2283 4874 4916 
1 3618 
2 650 2283 
1 3863 
1 1609 
2 905 1537 
5 819 2699 3314 3422 3643 
3 1223 2422 3184 
1 439 
1 1963 
3 303 845 4439 
2 449 3613 
1 3100 
3 3084 4500 4509 
5 777 2901 4069 4200 4975 
0 
2 3788 4472 
1 2332 
2 1154 3257 
8 516 940 1739 2199 3167 4017 4062 4609 
7 1100 1417 2875 3500 4336 4544 4717 
1 3428 
1 4812 
0 
2 366 3204 
3 3183 4097 4750 
3 383 3162 3499 
2 2787 4464 
3 2196 3762 4150 
3 628 1151 3023 
3 1527 4261 4960 
6 1295 1880 2090 2458 3200 4648 
0 
2 371 4677 
1 1721 
2 772 4718 
2 1034 3933 
8 627 634 2382 3209 3227 3514 3755 4677 
1 3677 
2 1931 3703 
6 1364 2354 3382 3926 4567 4809 
3 2099 3606 3745 
5 861 1540 2928 3131 3262 
3 84 1451 4840 
4 1452 2920 4387 4677 
4 1233 1998 2017 4860 
2 1113 2997 
2 3455 3746 
5 448 1476 3159 3733 4406 
3 536 2026 2421 
0 
4 489 926 3114 3768 
4 1457 1882 3156 3972 
2 160 1362 
3 1920 2565 4699 
3 750 3030 3876 
4 157 764 2724 2824 
5 1126 1682 3171 3546 3859 
0 
4 233 1367 3501 3928 
3 817 4559 4996 
4 1446 1614 2013 3856 
4 689 1167 1923 2471 
3 1581 3132 4193 
1 4573 
1 3004 
3 2953 4600 4757 
2 512 2591 
5 1031 1718 1794 2053 4922 
3 371 2348 3530 
0 
3 1041 2171 4417 
3 1391 2902 3613 
5 623 1883 2847 3492 4103 
6 1217 2230 2418 4590 4726 4759 
6 10 909 1454 1574 2017 4326 
1 354 
3 43 251 3179 
3 1885 2838 4757 
3 778 2626 3045 
2 1364 3200 
3 589 625 1809 
5 1974 2129 2445 3418 4830 
2 405 4607 
1 4945 
5 1662 2878 3916 3973 4326 
4 681 1750 1868 2716 
4 67 280 2356 3971 
1 3598 
2 1603 4290 
1 2311 
3 51 613 1881 
4 557 2214 3832 3920 
5 339 553 1767 3102 4223 
2 4771 4952 
3 0 202 2775 
3 1487 2706 3902 
4 469 957 2763 4478 
2 1520 4851 
6 2151 3538 3548 3727 4441 4941 
2 2275 2435 
5 878 1020 2884 2933 3049 
6 1083 1086 1385 2154 3230 4886 
3 397 2253 2266 
2 1005 2676 
2 1075 3466 
3 1588 1683 3768 
4 696 1350 3265 4434 
5 1039 1442 2117 2402 3739 
3 2512 4142 4535 
1 3639 
9 351 352 2458 3235 4118 4235 4349 4443 4776 
1 1758 
1 3195 
0 
2 1137 4793 
2 577 4541 
1 3187 
4 1840 2563 3640 4289 
1 3296 
4 737 3507 4093 4555 
2 510 2281 
3 352 1763 4962 
1 1158 
4 887 2260 4005 4806 
1 3202 
1 1657 
4 108 2148 3461 4204 
3 1616 3074 3331 
3 385 581 2166 
4 858 3007 3101 4190 
5 1240 1259 2983 3810 4533 
0 
3 1824 3323 4272 
6 361 1894 2212 3633 4065 4240 
1 1903 
6 1185 2020 2253 3494 3654 4621 
4 456 1901 2043 4042 
1 3323 
3 494 3967 4405 
4 863 1301 2105 4841 
3 154 3262 3990 
3 43 1267 3401 
3 1656 2717 4338 
1 157 
3 162 2271 3717 
1 231 
6 252 970 1845 3045 3522 4946 
7 231 552 563 1230 2136 2563 2785 
3 1428 4715 4855 
5 1148 1216 3152 3742 4596 
4 919 2236 4715 4790 
1 446 
3 667 927 4649 
0 
4 407 1904 2715 3722 
0 
3 2115 3026 3687 
4 4791 4869 4882 4886 
2 1224 1967 
4 583 1814 3438 3836 
4 344 3239 3622 4633 
3 233 1979 2828 
3 549 1990 3856 
3 75 3882 3941 
7 101 2413 2529 2585 2768 2802 4905 
1 562 
4 790 2647 4023 4911 
3 1287 2455 3717 
6 405 1649 2260 2894 4396 4805 
1 1183 
4 601 1013 2482 3582 
4 166 1529 1654 4173 
2 1223 2402 
1 3071 
4 266 3815 3910 4215 
3 3820 3847 4775 
6 1352 3128 3191 3194 3849 4686 
7 743 1207 2181 2581 3949 4022 4347 
4 17 512 900 4684 
8 63 76 476 534 957 1631 2301 4439 
3 2233 4025 4268 
6 1230 1650 2785 3123 3360 4887 
4 1606 1675 3990 4846 
6 237 2393 2563 3155 3490 4651 
10 157 1324 1634 1660 2089 2983 3127 3796 4202 4661 
3 1578 3084 3227 
2 1932 2260 
5 468 1130 1748 2584 3473 
0 
1 1199 
3 3237 4100 4732 
3 2152 3555 3690 
1 4138 
1 92 
3 1586 3809 4654 
2 2384 4144 
3 927 3741 4014 
1 2568 
2 1036 3928 
4 503 731 945 2006 
4 793 1424 2575 3845 
3 371 416 505 
2 3430 3676 
4 974 2030 2676 4650 
3 2432 3341 3347 
2 2229 3363 
2 3459 4247 
3 2782 4075 4279 
3 2844 3661 3729 
4 75 2865 2879 2905 
1 4766 
2 4261 4528 
5 50 3752 3848 4915 4980 
2 45 1305 
1 2438 
2 138 3579 
4 312 611 832 883 
4 1965 2698 4479 4598 
3 182 3117 3477 
3 636 4591 4713 
1 3118 
1 4024 
1 864 
2 913 2829 
4 25 1512 3961 4171 
3 1564 3910 4331 
5 1896 2693 3704 4105 4932 
7 1138 1226 1313 2505 2561 3361 4725 
4 111 2277 3376 3992 
1 1880 
5 509 1054 4257 4395 4976 
8 358 381 1375 2341 2362 3480 3947 4561 
4 908 1945 3549 4604 
3 317 3059 3527 
2 1128 1925 
3 1923 2120 3886 
1 3783 
1 4461 
1 63 
0 
1 4106 
2 2956 3616 
4 1995 2535 3277 3726 
3 3065 4746 4926 
3 1999 2830 3195 
2 3828 4702 
3 1998 2392 2614 
4 15 422 3792 3867 
3 1390 3644 3886 
3 718 2128 4767 
4 1613 3034 3763 4744 
3 1922 3274 3283 
2 670 790 
4 1849 3312 3383 3403 
3 1057 2640 4413 
2 72 918 
1 4541 
8 259 370 2545 2705 3749 3885 3916 4363 
2 780 2830 
3 2129 2292 3540 
4 144 282 1567 4921 
1 1232 
3 542 1918 3400 
6 774 1044 2406 2721 3199 4047 
2 1353 4694 
2 97 509 
6 226 462 769 1703 3689 4129 
3 740 1123 2291 
2 73 1230 
0 
3 501 3957 4457 
5 340 1334 2503 3505 3646 
2 2591 4474 
6 18 720 989 2789 3618 3823 
1 3935 
2 1876 2472 
1 4151 
5 576 1350 1372 1971 3931 
1 774 
2 2486 3567 
3 600 983 2634 
4 0 1874 2590 2692 
4 257 1017 2033 4376 
3 741 1853 2004 
5 360 953 2446 2830 4348 
5 1529 2392 3860 3939 4418 
1 151 
2 1655 3768 
5 346 3696 3791 4223 4275 
3 482 3411 4329 
2 976 1358 
2 230 3268 
2 3834 4201 
5 1098 3414 3672 4059 4723 
3 1308 2114 4626 
7 677 1165 2273 3308 3391 4145 4360 
4 1445 1661 1764 4555 
3 427 566 631 
3 893 2166 2576 
3 1321 1971 2664 
3 340 847 4003 
3 1948 2381 4781 
3 1613 1994 3845 
4 36 3061 3560 4427 
1 1766 
2 3663 4187 
0 
3 2662 4506 4550 
1 3847 
1 753 
2 3579 4871 
7 80 1925 2320 3196 3582 3640 4125 
3 720 1938 2721 
1 4779 
5 346 1592 3146 3323 4931 
5 1866 1931 2099 3018 4922 
5 1222 1662 2095 2100 4504 
4 1353 1481 4607 4845 
5 208 1788 2067 2256 3238 
1 2238 
1 4449 
2 800 4729 
5 1634 3012 3321 4152 4586 
4 221 451 2289 4160 
1 950 
6 221 1647 2367 4357 4724 4748 
1 250 
0 
2 117 3563 
1 4071 
4 498 1898 2227 3343 
6 229 231 264 1484 2011 4651 
6 643 1224 1911 2055 2686 4327 
1 939 
4 1437 1571 2346 3942 
3 2862 4155 4353 
1 4821 
3 831 3350 4984 
5 567 666 3813 4109 4156 
3 768 3895 4188 
7 638 1056 3301 3635 4087 4564 4623 
2 126 4970 
2 612 1274 
1 1209 
1 2492 
0 
2 3615 3987 
4 411 2009 2450 4580 
3 821 4098 4147 
4 994 1212 1847 2339 
4 587 791 3592 4328 
6 104 126 219 467 1792 4542 
1 3834 
6 1038 1935 3593 3662 4875 4946 
3 1979 3290 4947 
2 1916 3679 
3 1595 3722 4084 
5 125 777 2147 3501 4570 
2 48 4610 
3 1463 2304 3104 
1 3799 
4 1022 2584 3278 3773 
5 211 2016 2751 2805 3123 
6 589 1169 1722 1949 3337 4024 
2 561 2070 
3 548 2110 3675 
1 4483 
0 
2 1955 3986 
2 1383 4048 
3 566 2474 3510 
4 568 990 3873 4828 
3 615 963 2394 
7 151 1168 1671 1734 1956 3104 3817 
2 1258 4574 
3 1893 3257 3442 
2 2666 4010 
5 147 475 1192 1850 3180 
2 3681 3818 
4 971 985 1310 2386 
6 66 1066 1092 1201 2428 3230 
3 749 4441 4522 
5 755 1168 1884 2478 3175 
5 1542 1735 2685 3773 4879 
0 
2 3463 4175 
5 407 458 512 2750 4623 
2 1461 3184 
0 
3 716 1546 3847 
5 1299 1643 2162 3722 3765 
2 855 2943 
1 3351 
2 3704 3905 
6 1073 2051 2122 2153 2584 3411 
1 2297 
2 98 904 
2 1653 2936 
4 226 532 3494 3720 
0 
3 1469 2559 3989 
2 1566 3316 
4 1394 1895 2269 2649 
3 1429 1877 4210 
1 2019 
5 1709 2359 2777 4108 4563 
0 
2 3248 4437 
4 921 1035 4011 4179 
5 1200 1783 2675 3088 4781 
4 1030 3319 3713 4019 
2 812 4448 
1 2171 
5 1601 2215 2871 3476 4955 
2 790 3910 
1 2035 
1 4022 
1 4776 
3 3466 3489 3539 
3 157 3180 4714 
3 1428 2554 4926 
3 533 1870 3636 
5 420 1354 1457 3543 4119 
1 4445 
6 250 789 1505 2595 2699 2767 
6 2395 3458 3665 4181 4482 4859 
3 1315 1495 3653 
3 135 1768 1980 
6 34 831 1734 2721 3815 4402 
5 969 986 1753 2210 4635 
3 562 3186 3295 
3 465 1250 1864 
2 3199 4198 
2 484 877 
4 627 657 1419 3210 
4 389 4207 4598 4809 
1 2478 
1 4008 
7 1158 2308 2854 3455 3719 4051 4084 
4 1274 1804 1988 4890 
5 280 424 1877 2924 4209 
1 3371 
2 2464 3942 
3 648 681 2613 
7 1410 2864 3310 3827 3927 4373 4860 
3 3576 4473 4550 
2 858 2122 
4 310 605 793 4432 
4 69 390 2315 4933 
4 2501 2561 4028 4295 
12 188 1263 1326 1529 2794 3144 3186 3437 3846 4250 4409 4747 
3 31 587 902 
4 1770 4047 4541 4603 
4 383 2362 2748 4975 
2 403 931 
2 3537 4058 
0 
2 1268 4237 
2 732 1484 
0 
1 373 
0 
4 879 1646 1857 4610 
2 2633 2806 
2 812 4641 
4 1032 1630 1695 3589 
1 3182 
4 1427 1770 2206 3030 
1 2081 
6 1042 1448 1734 3348 4684 4902 
1 1040 
0 
6 14 323 1383 1913 4433 4455 
5 80 182 3556 4889 4934 
2 1365 4901 
3 1387 4468 4975 
1 744 
2 1968 2431 
2 3305 4581 
5 2216 2632 4074 4461 4740 
5 484 855 1572 2750 4435 
1 2713 
2 26 1345 
5 1716 2980 2994 3219 4836 
2 2526 3207 
1 87 
4 352 2551 3680 3937 
4 1318 3251 3489 4951 
1 4108 
1 4556 
4 605 1616 1768 4336 
3 663 2505 4931 
5 585 674 1961 4878 4922 
3 305 2671 4128 
4 1503 2058 2068 4309 
1 112 
3 1335 2421 2839 
5 1407 2111 2841 3136 3466 
5 1290 2209 3738 4236 4310 
3 217 2000 2133 
4 518 578 631 678 
3 1647 3338 3815 
6 872 2270 2802 2983 4176 4566 
2 898 1619 
3 266 1739 4109 
4 324 2168 4332 4649 
4 2805 3789 4142 4203 
2 1702 2797 
7 394 623 699 1470 1712 2258 3752 
3 3748 3906 4090 
6 1716 2662 3843 4063 4226 4248 
3 1010 1972 2683 
4 219 789 1999 3303 
1 753 
0 
3 1514 3118 3965 
0 
3 1405 1600 4313 
1 3680 
4 692 1766 4327 4832 
5 2593 3784 3900 4079 4376 
3 190 3157 3686 
1 1904 
2 1710 3071 
4 382 1331 1749 3583 
4 1172 2121 2935 3645 
4 658 1090 3515 4147 
4 500 3525 4069 4799 
5 388 770 1302 4118 4228 
2 1811 4375 
4 1610 1672 1736 4688 
3 2036 2770 4690 
6 1129 1150 3391 3678 4152 4176 
1 811 
5 1427 1658 2804 4778 4936 
3 1418 2562 2672 
5 645 712 1936 2103 3142 
1 2046 
5 1498 1908 2668 3168 4321 
1 71 
0 
3 2646 3447 3601 
2 1515 3501 
3 1015 1186 4512 
0 
3 1269 1282 3433 
4 2519 2639 3967 4308 
6 929 1501 2558 3159 3606 3949 
1 895 
4 1835 3569 4008 4847 
6 74 2368 2445 2677 3300 4321 
2 3228 4163 
2 3178 4259 
1 83 
4 1862 2315 3003 4735 
3 122 3370 4985 
1 1717 
4 226 833 3173 3402 
4 232 2697 3821 4373 
8 41 728 2418 2998 3040 3504 3747 4742 
2 2234 4384 
4 121 1293 3087 3539 
4 756 841 2645 4156 
7 1767 2627 3008 3553 4085 4225 4576 
1 3304 
5 1189 3051 3071 3363 4179 
3 1387 2562 2737 
1 4383 
6 1039 1460 1811 3564 4448 4751 
3 1524 3232 3611 
6 91 754 901 2439 2797 3408 
1 1493 
1 4528 
4 1979 2015 2797 3993 
6 920 1865 1989 2006 2733 2865 
1 2932 
3 221 588 704 
1 4612 
4 22 429 2884 3053 
4 431 686 2651 2700 
2 393 4181 
5 2745 3906 4156 4612 4950 
2 937 1689 
5 1125 1540 2644 3956 4312 
2 1914 4976 
3 706 4253 4820 
5 858 1429 1748 3105 4000 
3 1644 3791 4574 
4 455 2657 3240 3483 
3 1365 3055 3249 
0 
2 1398 1645 
1 3994 
3 1275 4160 4485 
2 4181 4948 
1 4814 
2 726 2273 
2 259 301 
4 98 790 1221 3104 
4 619 723 1093 1465 
2 710 4957 
2 355 849 
4 1132 1599 2018 2373 
1 1418 
5 2252 2497 2602 4208 4442 
2 1785 4880 
6 820 871 1261 2657 2806 4309 
5 1187 1319 3172 3541 4630 
2 2584 3243 
4 2369 2722 3001 3951 
0 
3 1623 3190 3742 
2 809 1619 
0 
3 2731 4139 4453 
5 432 3567 3877 4276 4968 
7 1357 1584 1693 2017 2033 2811 3538 
3 1177 2939 3678 
2 2781 4532 
6 274 532 954 1521 2321 3209 
3 992 3336 3521 
2 785 1256 
5 1166 1508 2153 3229 4712 
1 4599 
3 3423 3999 4793 
1 519 
6 813 2210 2243 3463 3657 4166 
8 255 676 2616 3028 3374 4326 4354 4540 
2 938 3210 
1 4129 
2 1131 3108 
2 1809 2504 
1 494 
4 1812 2011 2595 4370 
2 1582 4274 
1 1809 
5 861 1396 2638 2996 3975 
0 
1 1637 
0 
4 881 1557 4275 4389 
3 216 2662 2761 
4 765 781 2301 4380 
4 1522 1754 1760 2283 
5 670 1222 2080 2727 3468 
7 637 896 1003 1461 1485 2610 4706 
1 771 
4 992 2410 2912 3658 
0 
3 1594 3690 4271 
4 3732 3742 3840 4511 
0 
0 
5 234 792 2872 3314 4005 
5 369 428 607 741 3763 
1 319 
4 29 1086 2329 2863 
3 2327 2982 3580 
1 1941 
3 2381 2428 3515 
1 767 
1 4749 
2 773 2872 
0 
1 2052 
2 2127 4208 
3 98 2182 4460 
2 284 485 
1 99 
4 1206 1573 1786 2975 
1 3296 
4 383 2419 4149 4630 
10 337 1357 1480 2441 3422 3850 4155 4366 4419 4524 
4 18 508 777 1228 
2 983 3051 
5 1120 1602 1898 2739 3291 
2 1287 3964 
3 732 1913 2111 
1 1177 
3 3171 3833 4888 
4 1278 1379 2389 2961 
2 1776 1997 
2 3133 3333 
4 3185 4396 4625 4960 
4 256 1369 2583 3099 
4 565 828 1955 2169 
3 1760 3332 3423 
1 2916 
5 1023 1098 1227 2348 4950 
3 2350 3065 4771 
1 1602 
4 573 1161 2874 4851 
1 1561 
5 1441 1510 2626 3274 4375 
1 4184 
3 25 2167 3022 
0 
4 1215 1238 1661 3323 
3 3031 4277 4845 
3 1593 4631 4961 
6 222 853 1429 1824 2943 4469 
2 4317 4911 
8 677 2441 2753 2758 2935 3318 3778 4635 
2 2312 4670 
0 
4 168 2165 3535 4794 
1 86 
3 525 1656 4153 
1 2098 
1 871 
3 2748 3825 4430 
5 566 1522 2358 3307 3392 
3 1065 2537 3303 
3 1831 2312 4850 
1 1041 
2 3241 4507 
2 2984 4969 
6 501 2016 2123 2164 3122 4291 
0 
1 4389 
4 818 2825 3916 4371 
4 1641 1899 2216 4346 
2 2497 2951 
4 373 1721 2517 3629 
2 685 891 
2 1767 3438 
5 1153 2376 2825 3541 4862 
3 1586 2304 3090 
6 1330 2274 2485 3628 3753 4104 
4 1589 2243 2958 4970 
2 3013 4504 
2 205 2194 
5 484 799 854 3538 3610 
1 4820 
1 262 
0 
4 1010 3698 4459 4737 
5 23 174 2283 4065 4156 
0 
4 1869 2532 2802 3923 
2 999 2848 
5 666 1247 1449 1770 2500 
4 2276 2826 3186 3581 
2 1559 4828 
3 4 1898 4809 
3 390 3474 3608 
3 865 1956 4780 
3 724 1057 1127 
4 1709 2315 3850 4063 
1 3176 
3 3062 3665 4228 
4 816 1814 4034 4432 
1 4081 
1 3248 
1 2530 
2 2306 2849 
1 1146 
3 751 3652 3732 
1 4210 
2 530 1073 
2 4333 4603 
2 500 2660 
5 187 1200 2874 3986 4227 
4 764 1928 4393 4656 
1 1587 
0 
2 419 3666 
1 3498 
1 1139 
6 243 2197 2298 2320 4109 4175 
2 2916 3153 
2 2596 3332 
0 
5 131 1014 1188 1805 3862 
3 689 909 3730 
3 1912 2488 4389 
1 4598 
1 4902 
3 1880 2359 4285 
4 2030 2883 3822 4493 
4 211 2762 4161 4598 
5 494 2369 3178 3515 4914 
4 257 1608 2874 3614 
2 1225 1258 
0 
2 1553 1684 
3 268 3983 4574 
4 1835 3191 4491 4610 
1 170 
0 
3 2910 3015 3728 
6 182 3438 3763 4586 4650 4844 
2 2614 4650 
4 42 2354 2914 4290 
3 426 2223 4409 
3 3491 4349 4783 
1 4965 
5 1413 1612 2128 2702 3896 
3 4617 4634 4870 
4 176 3804 4450 4717 
3 852 998 4209 
4 1845 2626 3293 4624 
4 91 1881 3245 3307 
3 712 1615 3946 
1 3440 
1 4632 
3 103 516 1877 
2 2641 4394 
4 766 794 1819 3773 
3 545 2823 3627 
6 222 296 1400 1740 3565 4864 
3 625 837 3657 
3 3166 3465 3693 
1 2366 
3 406 2357 4327 
0 
4 356 1956 3071 4611 
5 2780 3346 3412 4067 4303 
5 331 933 1245 1900 4270 
2 431 3425 
2 1060 3828 
3 2511 2996 3584 
2 1064 2399 
2 939 4564 
2 4524 4678 
2 134 4750 
3 571 3162 4739 
2 2068 4821 
2 1623 3615 
6 1052 1281 2551 3795 4041 4805 
0 
2 2334 3741 
4 399 418 4221 4828 
1 1193 
5 739 1322 2122 2667 3059 
2 1879 4913 
1 1271 
3 251 1376 3046 
5 1168 1293 2827 4167 4408 
5 925 1870 3786 4223 4653 
4 2747 3818 4103 4468 
3 1347 3720 4488 
4 449 2573 3006 3247 
5 16 604 1219 4615 4834 
4 336 1805 3433 3721 
4 1823 2725 3039 3118 
4 351 1050 1106 2284 
5 1757 2143 2368 3265 4007 
1 694 
3 237 1002 1367 
3 4362 4567 4693 
1 479 
3 1701 2808 3828 
2 551 3366 
2 874 3869 
3 3034 3757 3851 
3 2839 3626 4299 
4 138 168 2434 4445 
3 72 544 1869 
3 2497 2852 4089 
3 1493 4232 4888 
2 4401 4562 
3 1568 3209 4831 
3 4191 4251 4636 
2 1793 2462 
4 532 828 3732 4217 
1 4885 
1 72 
6 343 2089 2150 3039 3108 4271 
3 1945 2804 3947 
3 430 760 3416 
4 423 837 2693 4437 
3 1733 3639 4359 
6 1453 1996 2577 2756 3019 4729 
1 1110 
4 1005 1384 1883 4695 
2 2530 3654 
2 3388 4819 
8 189 666 1491 2646 3755 3995 4642 4986 
3 581 1448 2640 
5 380 2679 2978 3163 4099 
1 2468 
0 
5 3180 4118 4259 4418 4515 
4 185 2892 3605 4919 
2 474 3880 
3 439 1965 2740 
1 1927 
1 1265 
3 1683 2991 4350 
3 155 222 2199 
0 
1 1716 
4 1836 2657 4411 4732 
4 3147 3280 3402 4510 
2 1170 4457 
1 2527 
0 
4 522 2082 2233 4590 
5 324 329 666 1437 2176 
6 343 972 1352 2095 3241 3765 
4 2408 2767 4227 4574 
3 1035 1602 2615 
0 
5 1331 1511 3148 3792 3935 
0 
2 2355 2854 
4 358 1333 2061 3955 
3 1554 1604 2249 
4 305 1834 2689 4543 
1 2310 
4 2177 3706 3787 4277 
2 341 3647 
2 1663 2482 
3 1069 3326 4026 
2 452 2262 
5 402 557 1810 3076 4693 
6 1077 1936 2719 3237 3353 4597 
4 451 1207 3039 3182 
4 1811 1904 2278 2880 
5 2112 2493 3228 3347 3993 
3 426 706 1099 
5 87 1308 2247 3043 3826 
3 852 1663 4085 
2 259 4980 
9 132 434 707 765 964 1024 1373 2677 4448 
2 926 2111 
1 2719 
2 2853 4789 
3 2213 2444 4341 
2 1269 2517 
1 1585 
4 57 1830 3184 4815 
2 530 812 
7 691 1244 1505 2001 2812 4686 4867 
3 649 3094 4656 
3 3785 4091 4748 
0 
2 1797 1872 
5 1181 1860 2285 2924 3969 
0 
2 218 2018 
3 1527 2949 4823 
3 38 1142 3189 
2 80 3431 
3 428 2348 4351 
4 980 2018 2900 3236 
3 246 249 3714 
3 2113 3170 4436 
6 1137 1228 1600 2195 2448 3739 
2 324 2598 
3 1300 1628 2147 
3 310 4611 4705 
3 515 898 3821 
0 
3 3066 3786 4738 
4 512 2185 2477 4180 
4 2458 3757 3800 4138 
2 2836 2931 
6 456 2437 3278 3713 3928 4571 
1 3363 
4 1968 2791 2932 3929 
3 145 489 3145 
2 172 3442 
4 148 1881 2228 2524 
1 1682 
0 
1 1648 
2 4 3086 
5 594 1846 2164 3957 3974 
2 1592 2333 
2 2304 2971 
3 864 1503 2974 
4 2368 3759 3984 4159 
1 1408 
5 1161 1375 1906 4227 4744 
3 1037 1345 3692 
2 2278 2708 
3 428 780 3912 
0 
3 1737 3162 4850 
2 3921 4198 
4 1432 2049 2205 3884 
1 2417 
3 1195 3505 4346 
3 2204 2661 3168 
1 4846 
1 3366 
5 109 415 460 1383 1831 
3 171 1356 3353 
5 1396 2232 2537 3190 3693 
2 82 2115 
4 542 2631 2692 4646 
4 638 2582 3403 4495 
4 1421 2967 3449 4639 
3 2862 3961 4104 
1 275 
5 67 1653 2270 2621 2894 
1 773 
3 1397 4466 4921 
1 109 
3 500 2781 3990 
3 554 833 2577 
3 273 3981 4513 
3 983 1880 4145 
3 1114 2528 3477 
2 485 3430 
1 3349 
5 2008 3344 3887 4053 4152 
1 1482 
0 
3 330 440 1158 
2 2754 4440 
1 768 
3 853 2226 2961 
4 1782 3042 4304 4731 
2 1107 1215 
2 1069 2591 
4 201 1940 2730 3493 
5 1950 2383 2738 2932 3848 
1 1097 
1 244 
3 227 2626 4115 
4 797 2454 2869 3933 
2 2043 3146 
2 315 2892 
3 871 3533 3665 
2 1119 4232 
3 1070 3719 4811 
7 1417 1533 1727 4002 4297 4404 4633 
3 4460 4766 4944 
2 357 3378 
2 312 3047 
4 1003 2251 2756 3497 
2 672 1538 
6 1144 1245 1922 2011 4067 4754 
4 826 836 3247 3432 
3 3268 3952 4611 
0 
2 1560 1586 
3 2829 4818 4916 
6 977 1119 2974 4673 4741 4998 
2 2926 3722 
0 
8 1489 1648 2379 3046 3371 3647 3953 4236 
2 3387 4701 
0 
0 
0 
3 12 496 4356 
1 1021 
4 154 2070 2914 4050 
4 1896 2482 3946 4712 
5 1857 2073 3797 4186 4654 
1 2986 
3 405 787 2823 
6 429 503 1351 2235 2550 2658 
5 1523 2548 3153 3238 4109 
4 1846 2244 2976 4953 
2 3107 3139 
4 988 1011 2999 3901 
4 264 2312 4140 4871 
2 1993 2257 
1 4345 
0 
2 461 3142 
4 718 770 2777 4787 
3 1467 1738 4374 
2 2887 4391 
4 736 2812 3270 4492 
1 278 
4 21 544 3597 4370 
3 3433 3611 4424 
3 1189 2592 4089 
4 494 516 839 1540 
5 484 1395 1488 2909 4662 
4 455 1328 2236 4318 
2 2305 3357 
1 4378 
6 651 923 1205 2032 2217 4282 
2 391 4640 
2 450 4089 
3 2029 2659 3855 
2 2847 3014 
3 2543 3969 4885 
4 1336 3532 3981 4679 
1 2180 
0 
2 225 2580 
4 1402 3919 4683 4893 
1 3765 
2 2572 4774 
7 1389 1462 2008 3031 3580 4405 4485 
3 507 1010 3568 
3 1808 2025 4280 
4 534 983 1294 2611 
6 11 1551 1864 2439 2765 2788 
1 4707 
5 49 670 2023 3059 3649 
5 691 1080 1097 3019 3462 
6 125 189 1069 2164 3465 3940 
5 1323 2775 2977 3011 3663 
3 351 1177 1190 
2 1924 4833 
3 1531 2516 4060 
3 45 2170 2863 
3 1442 2590 2719 
6 1189 1794 1905 2198 3411 4960 
4 1956 2510 2829 4779 
9 328 593 2383 3395 3750 4100 4107 4130 4453 
2 767 1416 
6 471 941 1165 3271 3378 3486 
4 2470 2612 2668 4081 
3 3839 4103 4549 
3 287 288 4448 
0 
3 196 467 4597 
3 3119 3755 4183 
3 704 2728 3570 
2 2384 4396 
5 1814 2817 3452 3990 4729 
6 835 912 2427 2770 3232 3271 
7 481 532 643 704 1175 2606 4026 
4 335 526 1252 4044 
5 142 431 2661 3850 4968 
2 238 2667 
4 1374 3180 4684 4971 
6 1207 1865 2066 2129 3130 4372 
3 1113 1445 2878 
3 1054 3730 4766 
0 
2 2833 3129 
2 1377 3349 
3 27 760 4067 
4 2184 2657 3499 3738 
0 
5 120 2372 3476 3578 4157 
3 568 1570 4833 
5 1940 2198 3594 3804 4715 
6 394 1013 1525 1596 2453 4426 
7 255 725 872 1484 1926 2406 4908 
2 1108 2648 
5 449 1083 2871 3275 3412 
2 1293 4537 
3 3011 3521 3711 
2 330 3918 
1 1617 
8 601 969 1416 1813 2671 2726 2908 4650 
1 4950 
1 1131 
1 1835 
1 4682 
4 2982 3004 3429 3927 
1 2453 
2 343 4562 
5 731 1116 1445 2505 4118 
2 4297 4777 
4 266 2215 3323 4989 
2 643 4228 
0 
2 1285 4730 
0 
5 734 1143 1655 2857 4719 
4 100 1656 3141 3989 
5 3557 4074 4798 4911 4969 
2 3460 3576 
2 619 3532 
3 1881 2636 3808 
3 1238 3127 4995 
3 975 2343 4481 
3 2909 3208 4094 
3 125 2868 3525 
3 839 1324 2587 
3 1874 1925 2188 
4 1148 1377 2034 3450 
2 1003 2805 
2 3674 4321 
1 127 
3 770 2089 2981 
3 351 2183 3578 
5 240 855 3866 4186 4974 
1 1899 
2 1229 4562 
5 294 2218 3420 3759 4966 
0 
4 966 1227 2042 4243 
0 
3 1135 2205 3788 
3 1100 1265 2815 
4 1025 1163 2751 4951 
0 
1 206 
3 1873 2959 4565 
2 3824 4524 
4 2278 2795 3049 3122 
3 1019 2147 2575 
3 10 2994 4864 
3 2999 3461 4515 
2 932 1942 
2 418 2796 
3 497 3179 3574 
2 2446 3400 
3 1043 1882 2894 
3 428 3814 4467 
2 3331 4796 
6 1532 2514 3543 4090 4281 4603 
2 1976 3065 
5 767 2866 3441 3473 4999 
5 272 813 1546 1631 4071 
4 2456 4602 4678 4905 
2 397 4468 
2 2712 3943 
5 1227 1289 1973 2606 3300 
6 1938 2913 2973 4278 4601 4715 
4 1115 1760 4126 4355 
3 18 2780 4869 
2 1987 2352 
0 
3 1087 1784 3734 
4 670 1660 3271 3933 
3 1353 1414 1954 
0 
2 2071 3131 
7 201 445 963 1520 1978 4497 4910 
6 394 1032 1216 1842 2821 2923 
4 330 889 2281 3071 
5 682 1220 2796 2929 3010 
4 689 1184 2833 3640 
5 549 1145 1906 2797 4892 
5 1737 2171 3293 3369 3745 
5 1716 2220 3476 4005 4609 
2 768 4390 
1 78 
2 2154 4589 
5 302 619 2560 3703 3979 
3 604 2681 2783 
0 
2 2327 4080 
5 862 1251 2045 2677 4236 
5 1973 2228 2259 2906 3951 
3 275 1740 4940 
4 556 2434 3394 4423 
3 2358 2536 2623 
1 4142 
5 215 329 2151 2343 3945 
3 1116 3801 4944 
5 75 390 2868 4530 4888 
1 1319 
1 3475 
3 2473 3920 4731 
0 
1 2102 
6 134 850 2014 2992 4119 4332 
7 2241 2515 4069 4243 4366 4610 4800 
2 1063 4419 
2 2675 4261 
2 2283 3236 
2 38 1452 
0 
4 2072 3506 4008 4743 
1 4352 
2 626 2784 
3 124 321 2202 
2 1246 3603 
8 412 1322 2209 2403 2878 4108 4342 4805 
7 1191 1437 1759 2158 2174 2856 2869 
3 302 1901 3629 
4 170 975 1102 1402 
3 2041 4421 4724 
2 4380 4994 
4 1129 2254 4236 4710 
4 75 312 1861 4956 
0 
1 2337 
3 1581 2960 4994 
2 569 3418 
1 250 
5 746 1158 1543 4344 4913 
0 
5 29 988 2153 2613 3141 
2 3681 4700 
7 550 743 865 2363 2716 4245 4948 
2 797 4095 
2 841 1096 
3 1803 2349 3014 
5 557 777 3130 3202 4280 
1 587 
0 
1 622 
5 272 1766 2795 2846 3035 
1 1417 
5 716 1446 3599 4397 4893 
2 1543 1928 
1 1820 
0 
4 2705 2878 3341 4458 
0 
4 2204 3766 4518 4866 
4 1350 1664 1690 3710 
6 1293 1420 1830 2247 2712 3870 
4 1687 2516 3602 3949 
1 588 
3 1680 3360 4598 
3 522 636 2133 
4 557 875 4004 4787 
2 2660 4573 
8 294 1142 1506 1754 3065 3773 4020 4840 
6 382 515 1874 2679 2819 3580 
2 1696 3582 
1 409 
3 1109 2898 4439 
1 517 
5 66 358 2656 3644 3840 
1 1844 
4 2542 2895 3525 4712 
1 7 
1 3107 
3 742 1276 1940 
2 2906 4377 
3 2 3721 4106 
1 2784 
5 1239 2475 2955 3063 4606 
2 3832 4388 
3 909 2112 4554 
5 530 766 1560 3865 4484 
3 1163 3424 3673 
5 1228 2566 2852 3490 4032 
2 230 4533 
3 2798 3168 3921 
2 793 2225 
3 3230 3860 4754 
4 1060 1741 2363 3658 
4 786 3665 4760 4959 
2 212 2602 
5 700 1833 2038 3528 4234 
3 3204 4089 4608 
3 919 2891 3590 
0 
1 4298 
2 2167 4153 
3 1553 2845 3616 
4 2028 2118 4269 4961 
6 63 460 1991 2087 3985 4378 
2 2166 3297 
5 1125 1558 1860 3136 4853 
4 1217 3969 4050 4636 
4 146 2759 3167 4575 
1 1624 
4 2014 3560 3705 3966 
2 461 1877 
6 480 615 1447 2570 2707 4038 
3 1031 2672 4636 
4 338 1167 2705 4224 
3 1521 2364 3590 
5 1332 2147 3257 4123 4192 
4 1779 1818 2407 2505 
2 746 1033 
2 1033 2546 
3 249 1558 3855 
2 532 2215 
4 1479 2005 3624 3706 
2 1180 2162 
1 3407 
2 1837 3594 
2 2065 3963 
3 1632 2989 3383 
3 1443 1491 2967 
1 2311 
3 1084 3021 3784 
6 468 882 2761 2803 3622 3741 
3 873 1599 2327 
3 631 2551 2849 
2 3194 3541 
3 3213 4493 4752 
3 297 3499 4594 
1 1571 
0 
7 141 1251 1340 2016 2298 4027 4555 
3 378 408 3245 
3 722 2249 3207 
0 
5 711 1839 2136 3650 4656 
3 2921 4012 4198 
3 974 1066 3925 
7 741 963 964 1167 2744 3274 3851 
2 4348 4510 
4 301 2112 3468 4323 
3 3058 3170 3880 
0 
2 898 2997 
3 893 3029 4548 
1 4003 
2 1321 4761 
1 2817 
1 1952 
2 278 2286 
4 570 708 2232 2639 
1 427 
3 806 2184 3031 
5 1107 1303 2561 3927 4729 
3 324 2330 4295 
4 788 2798 3037 4040 
5 1172 2493 2787 4291 4950 
4 1212 2842 2984 4644 
4 745 1148 1965 2801 
2 3535 3743 
4 3998 4568 4626 4892 
4 499 1189 2155 3070 
2 457 722 
3 79 1839 2253 
1 2085 
1 3947 
2 1499 1715 
2 3372 4142 
2 1801 4808 
4 1428 2394 4137 4141 
4 682 1396 1991 2531 
2 1302 3971 
4 211 1254 1496 4468 
2 688 4022 
2 3450 4418 
4 1071 1476 2757 4534 
5 3 141 1266 1955 2070 
6 577 605 624 1129 3744 4542 
5 388 526 1138 2416 4551 
2 933 4194 
2 2884 3073 
4 1339 1632 2441 2990 
1 4606 
5 2452 3672 3966 4153 4777 
5 1514 2307 3059 4256 4585 
0 
3 359 2164 3629 
1 4057 
3 2491 4424 4771 
0 
3 238 765 4054 
3 1890 2163 3076 
3 1270 2130 2914 
2 2381 3725 
2 0 838 
5 136 396 2639 4145 4271 
5 144 514 3131 3369 4300 
1 1786 
4 758 1229 2754 3358 
1 1730 
4 239 3438 3656 3754 
7 743 2064 2189 2203 2513 4098 4540 
4 1291 2634 3148 3874 
1 4300 
5 247 938 1200 2950 3829 
2 2091 4554 
1 1717 
6 71 1500 1560 3100 3785 4311 
2 1677 2828 
1 1547 
4 101 4643 4742 4796 
4 1761 2073 2484 4376 
2 3141 4807 
2 751 3858 
5 1009 1354 1526 3373 3733 
2 1505 4748 
3 1154 1273 1385 
4 3 2977 3059 4683 
5 235 1424 2356 3184 3544 
5 770 781 2311 2430 4469 
3 2588 2961 4899 
5 608 1304 1331 1856 4259 
5 2018 3480 3694 3702 3956 
5 1997 3130 3826 4257 4523 
7 584 1268 1568 1886 1961 3557 4974 
3 1758 4204 4642 
2 1398 2740 
3 956 1195 3791 
4 434 2280 3903 4541 
4 305 1194 1797 4374 
3 510 2069 2645 
5 254 299 1778 2969 4068 
2 3501 4297 
3 1320 2811 3730 
3 94 1859 2579 
3 2493 2540 4397 
7 789 1793 2693 3461 3734 4224 4841 
3 3349 3616 4519 
2 2058 2847 
3 2861 3940 4541 
1 3730 
6 1187 3026 3109 3885 4228 4328 
9 86 737 2959 3125 3390 3678 4266 4493 4514 
0 
2 638 1247 
4 142 646 778 2321 
1 4608 
1 4863 
3 1100 3643 4334 
0 
2 1368 4725 
6 1924 1930 2731 3149 3504 3776 
5 544 818 3043 3873 4412 
3 914 933 1264 
3 869 2549 4800 
1 2280 
4 1627 3975 4733 4997 
3 2382 2593 4563 
2 2932 4393 
5 883 932 950 3835 4584 
3 218 1507 2086 
4 1375 1434 3114 4177 
4 555 2887 3250 4251 
3 1558 1855 3730 
1 447 
1 1591 
3 64 2175 4656 
2 1480 2438 
3 504 692 4669 
1 2441 
4 1584 2451 4036 4180 
3 515 2813 3578 
2 1147 3235 
2 139 3682 
3 543 1524 4036 
5 385 2729 3127 3864 4034 
3 1302 1368 1510 
3 57 959 2816 
5 1370 2916 3625 4062 4744 
5 80 2052 4203 4339 4865 
5 2112 2379 2969 3147 4879 
2 220 1919 
2 3292 4772 
3 2648 4270 4594 
3 1007 2542 2897 
6 1150 2004 2943 3153 3629 4398 
6 1734 2018 2314 3328 3960 4050 
2 426 950 
4 546 1555 2956 3293 
6 769 1479 2959 3183 3202 3358 
3 70 1339 3757 
2 501 1788 
5 418 912 1967 2313 3594 
4 2482 2944 3214 4553 
4 939 1493 1725 3401 
1 1184 
1 3172 
0 
0 
9 146 1174 1382 3247 4171 4294 4378 4624 4716 
4 245 2216 2600 3459 
4 410 934 2502 4904 
1 496 
3 648 2195 4363 
4 382 408 2845 4166 
2 4584 4689 
2 48 2792 
0 
3 1646 3006 3390 
2 3123 3153 
4 379 783 1689 4128 
6 370 599 1229 1776 2446 4765 
3 692 3029 3186 
2 3577 4137 
5 1177 3046 3201 3215 4471 
0 
3 1068 1530 3738 
3 1973 3315 4804 
4 1030 1076 1596 4571 
3 710 3674 3801 
1 2926 
3 47 100 2960 
1 2258 
3 2384 2418 2750 
3 391 2576 3484 
3 327 3975 4340 
3 441 1763 2683 
7 710 852 1030 4046 4378 4538 4851 
3 1253 1608 4757 
2 916 2546 
2 333 568 
8 181 1967 1971 2504 3053 3602 4003 4323 
2 200 2400 
4 988 2634 4277 4339 
3 1051 2913 4254 
6 94 492 999 1991 2543 2805 
5 317 576 1690 3127 4146 
3 2747 4092 4276 
2 1082 2543 
1 1390 
4 91 1165 1936 3056 
3 3225 3286 4465 
3 1738 3061 3421 
2 3024 3379 
1 623 
2 1516 4859 
5 295 1483 1840 2414 4752 
4 973 2149 2192 4416 
2 1477 2795 
2 644 1942 
3 640 3486 4882 
3 1714 1913 2480 
3 27 165 855 
3 1818 2522 4397 
7 465 1290 1495 1993 2551 3453 4905 
0 
6 60 653 2328 2713 2909 3460 
5 1096 1196 3973 4103 4435 
5 1539 1591 2420 3184 4439 
3 4 3131 4517 
7 453 633 998 1382 3383 3522 3596 
6 545 1861 3149 3371 3779 4108 
4 1149 1427 1873 4750 
2 430 2325 
4 36 55 1561 2029 
4 1121 3481 3648 4824 
1 587 
4 402 954 1084 3955 
2 1547 2731 
5 3119 3665 3859 3891 4898 
2 1415 3078 
2 768 847 
1 296 
4 1828 2162 2754 4309 
2 362 1583 
2 397 1439 
4 1444 3806 3874 4818 
1 1386 
2 3902 4326 
1 4739 
5 213 279 2335 2827 4437 
1 3131 
2 1614 4848 
3 1084 1662 3071 
2 3484 4129 
1 1271 
2 985 3206 
3 584 2174 4201 
2 2123 4632 
5 896 1373 4051 4740 4844 
5 995 2851 4090 4500 4942 
4 339 814 4721 4967 
4 1063 3173 3504 4088 
2 990 2198 
5 257 1809 2650 2832 3876 
2 35 2178 
2 2244 4922 
3 336 745 2501 
0 
3 182 4109 4744 
0 
1 2801 
4 2586 3962 4614 4901 
4 402 893 3439 4150 
6 189 233 519 3270 3489 4062 
4 1553 2753 4297 4617 
4 213 303 1233 4635 
1 3255 
3 2556 2909 3261 
2 3236 4204 
9 432 645 1136 1871 2049 2411 3319 3532 4200 
3 192 1008 3834 
4 973 1232 2337 2828 
3 1984 3715 3906 
3 642 3826 4753 
1 3700 
3 1032 1908 4887 
2 2125 4622 
5 68 671 1577 1658 3399 
4 46 1674 1695 1858 
4 1610 1640 4558 4586 
2 681 2173 
2 879 2738 
5 260 1566 2709 3414 4533 
2 3338 4023 
1 1244 
0 
2 4166 4637 
3 541 3070 4021 
4 1053 1795 2580 4637 
5 1318 3650 3777 4099 4272 
2 1243 3959 
2 2232 3477 
7 29 741 1449 2015 2484 4063 4070 
3 75 296 2496 
1 4626 
4 926 1527 2048 3438 
5 124 1330 1470 2597 3636 
3 365 849 2580 
1 1464 
5 622 1333 1572 2030 4565 
2 3167 4401 
7 543 866 1539 1622 3115 3227 4240 
9 139 351 395 894 1060 1932 3119 4959 4978 
2 667 4074 
5 1243 2468 2610 3204 4815 
3 1905 2327 3138 
3 383 1378 1907 
5 795 894 2166 4546 4702 
2 234 1035 
2 580 3322 
3 1789 3697 4687 
2 1263 2172 
5 46 836 1189 2205 2486 
5 322 1009 3159 3171 3797 
0 
4 481 754 4007 4198 
2 840 2298 
3 1877 4390 4875 
8 39 1168 1244 2695 2705 3248 4245 4571 
4 91 2953 3140 3435 
4 811 1477 2971 4108 
2 1196 2910 
0 
4 11 244 2009 2846 
5 1981 3126 3873 4604 4915 
1 3381 
5 1285 1928 2498 2503 4115 
3 1709 2534 4840 
2 2640 3111 
2 433 2010 
2 2577 2763 
2 4146 4200 
4 1047 1839 4192 4860 
5 1414 1732 2284 2304 3550 
3 931 2512 3885 
3 1844 1947 2434 
1 3898 
4 606 3684 4640 4732 
3 1288 3342 3605 
3 54 1534 2798 
3 1128 2905 4006 
6 482 596 918 2378 2731 3416 
1 3510 
6 147 202 267 968 2317 3566 
2 3881 4549 
3 203 2956 4909 
4 2078 2310 3248 4908 
3 3835 4837 4953 
2 884 3670 
1 2946 
1 1945 
2 1944 3493 
4 175 2916 4444 4958 
1 4812 
2 479 3471 
6 135 980 2179 2300 2878 4170 
5 197 1451 1713 2268 4445 
4 654 1117 1379 4943 
2 3293 3874 
0 
1 2454 
3 21 205 4458 
3 635 3254 3692 
2 356 3341 
5 716 1924 2050 2137 3748 
2 3065 3179 
5 303 2579 3688 4096 4380 
6 378 387 435 440 3150 3314 
4 2903 3141 4078 4976 
4 475 2180 3939 4931 
7 509 1603 1802 3699 3963 4166 4194 
2 1042 1151 
5 202 2306 3263 3890 4374 
2 514 777 
1 2159 
2 1366 3188 
4 1501 1675 3181 4827 
2 505 2062 
2 686 1480 
2 2664 4723 
3 108 221 3943 
5 1309 3261 3340 3396 4472 
4 938 3852 4325 4417 
2 1791 3689 
3 1284 1790 1963 
2 3384 4125 
1 3428 
3 684 1061 2851 
5 2081 2305 2789 3304 3740 
3 3912 4102 4220 
3 320 967 4152 
4 238 1734 2265 2440 
1 1909 
3 889 3482 4308 
4 345 1301 2097 3049 
2 300 707 
3 1719 3650 4519 
3 493 2759 3713 
6 57 580 1299 1568 2560 2668 
2 816 1338 
6 88 204 607 1981 2555 3459 
5 338 868 1933 3071 3415 
3 330 1695 2055 
1 3514 
4 587 1996 4119 4666 
4 605 756 1484 2875 
2 309 4941 
2 1075 4499 
4 488 1559 1601 4214 
5 8 2124 2691 4390 4958 
4 1877 2906 3504 4041 
6 997 1740 1930 2256 3293 3875 
2 1011 2214 
1 3889 
1 2273 
4 7 647 2332 3862 
4 1413 3693 4055 4573 
1 2109 
3 1021 1725 3760 
1 2924 
3 82 852 2100 
2 576 2297 
5 2417 2517 3331 4475 4595 
2 901 1160 
4 762 789 3068 3372 
4 920 1092 2168 3093 
3 758 2437 2727 
7 1314 3101 4224 4474 4605 4709 4979 
1 3569 
4 1799 3028 3492 4247 
3 785 1028 1407 
5 2617 2630 2800 3931 4225 
3 244 2172 3633 
5 968 2069 2719 3002 4566 
2 852 3225 
4 758 2113 2469 2731 
3 4360 4786 4985 
6 2231 3044 3478 4364 4830 4957 
2 922 2141 
2 2489 2604 
9 90 1383 1487 1798 2029 3032 3189 3546 3735 
6 198 361 572 574 2588 2941 
1 3420 
2 951 1507 
2 952 4733 
4 160 1824 3235 3730 
0 
2 943 3093 
1 1707 
4 1922 2891 3516 4553 
4 273 2110 3916 4369 
5 933 1906 3357 4955 4990 
3 3287 3651 4547 
6 39 404 1825 2418 2858 3100 
1 45 
1 4622 
1 2647 
2 650 4208 
5 94 240 640 2158 3620 
4 1232 1925 3824 4540 
6 1510 3096 3461 3831 4039 4746 
2 3321 4086 
5 531 1149 1445 1842 4537 
2 800 4181 
3 196 2636 4389 
1 3066 
2 2893 4435 
5 1463 1683 2181 4430 4936 
2 1389 2508 
2 239 4897 
2 2717 4651 
4 771 854 2838 4769 
2 1859 4497 
2 1937 3790 
3 714 2040 3046 
6 118 529 1812 1959 2987 4595 
2 2524 3945 
4 796 1268 3214 3713 
2 603 743 
4 420 1891 2234 2498 
2 1857 3462 
4 1569 1729 2154 4614 
2 1833 2164 
2 830 3408 
2 809 3690 
5 283 1956 3400 3994 4109 
2 401 1521 
3 32 1387 3614 
2 576 1457 
3 2236 3844 4480 
3 208 360 452 
2 45 4415 
4 1095 1262 2633 4257 
1 717 
1 4800 
3 1179 1214 2197 
3 1576 2937 3351 
1 452 
3 1881 2522 2928 
3 1147 2285 3336 
4 764 1997 2479 2566 
2 158 2633 
5 1142 3515 4006 4766 4775 
2 3271 4595 
3 1757 3164 4707 
2 676 3624 
3 1590 1753 4109 
3 3504 3818 4648 
4 66 245 1251 1644 
2 2437 4226 
1 3918 
5 87 717 4104 4404 4644 
1 209 
1 343 
1 3002 
4 514 2412 4090 4819 
4 1371 3293 3445 3814 
2 966 4821 
4 1418 1983 2029 2037 
1 660 
3 2597 2832 3193 
2 498 1669 
3 986 1458 3867 
1 4611 
5 1849 2067 2287 3239 4603 
5 879 2751 3948 4290 4808 
5 115 910 2210 4042 4683 
4 304 1447 2729 4819 
2 1690 4766 
4 3764 4470 4558 4639 
1 4194 
3 982 1846 4646 
4 3248 4068 4467 4942 
7 1581 2736 2877 3073 4095 4106 4855 
4 429 917 2972 4044 
1 3530 
1 2640 
3 674 1725 2515 
1 4315 
3 1134 4460 4757 
4 1216 1677 4011 4758 
2 3734 4352 
5 622 1563 1975 2928 3066 
1 4045 
2 497 4868 
3 4160 4457 4703 
5 1188 1523 2054 3944 4072 
5 2218 2740 2917 3998 4708 
5 163 396 574 1075 3110 
3 133 757 1631 
4 4287 4537 4654 4754 
1 2680 
1 2052 
2 731 2852 
5 665 3482 3775 3803 4740 
5 415 1497 3026 4124 4581 
3 57 2961 3444 
2 3813 4307 
2 3123 4441 
5 2203 2272 2660 3471 4832 
2 2520 4027 
2 921 2267 
2 2048 2978 
5 215 1451 3580 4185 4326 
0 
4 2684 3926 4424 4628 
7 2080 2995 3208 3407 3522 4642 4955 
5 88 832 844 1382 3967 
2 1578 3184 
1 419 
1 1416 
2 752 1020 
2 1999 2968 
2 3099 4563 
4 454 554 1284 2532 
2 1801 2345 
5 1614 1789 4126 4172 4687 
2 1172 4051 
4 2421 2943 3412 4287 
1 942 
2 132 1787 
2 2201 3854 
3 1474 2694 3519 
2 528 2840 
2 629 2058 
1 1540 
5 1337 1589 3995 4150 4739 
5 1176 4430 4483 4511 4845 
1 2770 
6 313 1072 2424 2559 3538 3737 
6 1548 2838 3056 3397 3401 3923 
3 1304 3244 4731 
4 75 1735 2426 2686 
2 1038 3834 
1 3830 
7 362 1312 1529 3073 3381 3826 4532 
4 441 1204 2853 4332 
3 1402 1413 4435 
2 3942 4049 
5 1942 2261 2515 2703 2938 
4 1473 3956 4113 4627 
5 454 2213 2639 3851 4872 
6 245 2979 3083 3408 3874 4744 
8 167 381 1530 2363 3437 3573 3658 4531 
6 296 345 2343 2351 3198 3202 
2 720 1933 
3 1632 4269 4489 
3 915 1812 3464 
4 1224 1231 1618 1736 
7 633 1400 1630 1794 2304 3419 4272 
4 413 1401 1582 1650 
0 
3 1960 4867 4937 
3 354 2470 2756 
3 591 4284 4463 
7 1449 1854 2244 2487 2961 3007 4843 
4 448 1021 3422 4166 
2 1081 3304 
5 1390 2915 4027 4302 4870 
4 649 727 1200 4608 
5 1270 1908 2303 4573 4764 
0 
2 3228 3292 
5 479 1885 2342 2352 3320 
4 167 1313 3426 4255 
6 13 948 1346 1897 2781 3650 
3 666 1602 3419 
4 1619 3050 3323 4273 
5 24 1968 3484 3966 3972 
2 4294 4296 
3 130 1229 1918 
3 3615 4537 4866 
4 237 906 3701 4345 
3 916 3085 4690 
3 3499 4092 4574 
1 4077 
2 4024 4519 
1 1992 
4 2398 2592 3613 4539 
1 481 
4 7 329 2651 4515 
5 1547 2055 2367 2773 3126 
5 2174 2824 3412 3413 3768 
4 1965 2804 2952 4478 
2 1585 2095 
1 3460 
7 231 497 2037 2815 3674 4558 4873 
1 1210 
5 225 3384 3556 4002 4133 
3 1857 2060 2492 
5 62 506 1203 1804 2446 
1 468 
1 1589 
4 55 302 425 2805 
2 1988 3696 
1 1113 
1 4886 
0 
4 984 1722 2164 4412 
0 
5 102 985 1918 2033 2509 
7 137 578 1753 2188 4135 4673 4902 
2 1713 3324 
2 2237 4947 
0 
2 3662 4669 
3 699 779 1220 
1 4677 
0 
6 543 2001 2653 2657 2664 4675 
9 145 195 384 1442 1961 2346 3445 3830 4847 
1 3706 
1 2120 
0 
3 801 1775 3772 
4 1508 3710 4084 4534 
3 2799 3090 3747 
3 169 2025 2446 
3 1109 2797 3555 
6 465 1351 2289 2446 4318 4584 
2 242 3151 
2 1534 4172 
5 12 838 3152 4641 4927 
1 2162 
1 317 
5 1174 1566 3471 3537 4696 
4 275 1801 2885 4968 
1 3496 
3 986 1912 4693 
2 1599 2052 
3 982 2202 2234 
3 1985 2021 2674 
2 1268 3901 
6 1392 1679 2058 3666 4717 4912 
4 1344 2494 2866 4315 
3 479 685 4553 
4 622 942 2098 4866 
4 55 812 1342 3573 
5 64 1341 1635 3266 4883 
2 3718 4512 
1 4555 
3 1345 1523 4435 
3 1238 2068 3891 
2 1804 1838 
5 1573 1690 3243 3673 3935 
3 1202 2840 4897 
2 1153 3040 
6 794 943 2769 2771 3759 3834 
2 1895 4166 
5 313 814 2640 3420 4701 
2 1786 2655 
1 3783 
1 1226 
5 795 1030 1100 1877 4258 
2 1222 1881 
3 2914 4387 4759 
5 391 688 2029 2946 3889 
4 409 550 2848 4117 
1 2694 
3 561 707 918 
3 653 884 1475 
8 374 584 992 2942 3494 3741 4020 4995 
3 1468 1977 3781 
4 2412 3636 3870 4599 
3 2811 3514 4345 
3 2452 4123 4452 
3 1346 4875 4913 
3 2145 2230 3175 
2 964 2078 
2 1205 3357 
4 464 907 1009 3576 
3 3447 4246 4594 
5 314 564 3100 4256 4562 
2 1368 3662 
6 577 1438 1745 2212 3180 4077 
2 986 3880 
8 271 1271 2400 2871 3596 4145 4266 4610 
0 
6 241 1448 1760 2195 2864 4468 
3 1086 2432 3071 
3 2946 3557 4082 
2 3282 4953 
6 1259 1827 2584 2645 3446 4229 
3 27 1463 3189 
4 494 2034 3994 4213 
3 877 1304 4281 
7 1497 1888 1927 2182 3656 3951 4558 
1 307 
4 677 1858 2127 4995 
5 1489 2686 2698 4195 4547 
4 2071 2120 2504 4548 
2 2694 4723 
3 980 1418 3953 
2 1348 4013 
1 1380 
3 1564 2390 2440 
4 598 719 4628 4826 
2 1343 4178 
6 755 2831 3651 3750 4510 4536 
2 817 2870 
2 1823 1931 
1 4479 
1 204 
4 1007 2714 3310 4055 
4 399 973 4149 4939 
1 593 
6 767 768 1554 2344 2359 3712 
4 977 2191 2796 4510 
2 2731 3038 
6 444 718 1308 2544 3777 4050 
6 142 690 1216 2108 2492 3155 
6 295 2934 3729 4830 4901 4942 
6 322 506 1692 2155 2182 3367 
6 884 974 1911 2600 2922 3030 
0 
2 2035 3416 
2 154 4788 
1 318 
5 492 784 1331 2282 4444 
3 388 3687 3925 
2 2156 4784 
3 1974 2461 3549 
3 527 1906 2771 
2 2205 2778 
2 913 2178 
3 750 2735 3245 
1 3326 
1 2415 
4 1375 1524 3825 4077 
2 520 637 
1 3785 
2 747 3148 
4 2234 3874 4121 4502 
3 565 4810 4990 
4 479 967 1036 1237 
0 
2 304 4184 
3 2789 3450 3885 
2 1719 2744 
2 2242 4079 
6 1133 2119 2570 4035 4533 4949 
4 1135 2660 3056 3365 
2 1765 4801 
5 1301 2167 2475 3649 4831 
6 471 929 2434 2460 2642 4361 
1 2144 
2 94 3216 
2 3553 4312 
1 1858 
2 324 2107 
5 1223 1314 2351 3661 4243 
4 890 3498 4523 4535 
3 3206 3354 4921 
4 1575 2957 3448 4525 
1 767 
1 3563 
4 839 990 1557 4232 
3 166 373 689 
3 1191 2049 4764 
1 4384 
7 753 985 1054 1578 2992 3364 3453 
1 623 
4 909 2702 4445 4779 
5 657 1680 2490 3483 4811 
3 310 3140 4567 
3 2285 3724 3758 
1 3464 
3 60 1757 1967 
3 667 2187 3104 
4 1114 1608 1933 4355 
4 203 551 1014 1682 
1 1091 
3 2663 3927 4335 
3 2380 2760 4103 
1 242 
2 262 4623 
2 3412 4256 
5 1472 1907 2938 3319 4595 
4 891 2040 2803 3607 
3 1511 3170 4678 
3 1551 1560 4249 
1 4883 
2 3334 3601 
5 199 2611 2718 3312 4194 
3 792 2052 2244 
3 456 2383 3965 
5 247 894 1340 2250 2353 
4 833 970 2769 4541 
0 
3 428 1052 1552 
2 475 553 
3 183 3046 4212 
4 2013 2665 3065 4340 
1 1087 
2 1524 3347 
3 528 1445 4114 
2 3431 3817 
2 1077 4146 
4 696 3918 4639 4704 
3 1877 3555 4620 
1 4552 
3 321 2778 3836 
3 1496 3419 4626 
4 742 2064 2931 3682 
4 907 955 2056 4609 
4 112 148 1557 4654 
3 31 1453 2620 
5 2240 2370 2974 4325 4734 
2 374 2250 
3 807 1375 1833 
3 528 2297 3113 
5 594 3004 4147 4936 4982 
4 396 1576 2247 3226 
2 1210 4987 
5 643 2224 2778 4217 4963 
5 1616 1620 1675 4706 4849 
2 612 2375 
3 2071 3487 3705 
6 237 783 2476 2722 2778 4664 
3 641 2802 4283 
3 3300 3481 3867 
2 290 3094 
1 3060 
0 
3 1590 3849 4027 
5 300 1044 2607 3710 3912 
3 1522 1861 2130 
0 
2 652 2337 
7 407 920 1011 1543 1802 4477 4713 
2 2425 4236 
2 1118 4087 
1 1567 
6 1248 2577 3095 4269 4779 4982 
6 1184 1699 2548 3090 3398 4669 
1 91 
1 4168 
4 1348 2785 3830 4221 
2 709 1984 
1 578 
5 527 847 1601 3761 4354 
3 288 1409 4353 
1 3844 
5 1094 2452 2787 3322 3785 
6 413 832 1617 1692 1736 4701 
4 2547 3456 3898 4734 
3 2062 2544 3402 
5 20 1202 1650 2833 4332 
5 403 1858 1958 2620 3661 
0 
0 
2 1294 3505 
3 397 1436 1762 
3 2881 3620 4820 
5 901 2688 2936 3113 4263 
4 207 447 1505 2282 
1 983 
0 
6 777 795 854 902 2864 3041 
2 1926 4690 
1 986 
0 
0 
5 1828 2487 2935 3112 4377 
2 2260 2847 
1 3069 
2 110 3094 
3 536 743 2071 
3 3155 4475 4879 
5 980 1415 1970 2379 4620 
0 
2 2585 4772 
4 808 1079 2420 3861 
3 123 2719 4414 
5 249 1539 4257 4540 4779 
2 1769 4365 
6 237 1488 1495 2242 3651 3866 
2 2519 2704 
3 1029 2767 2974 
4 1920 2473 2975 4671 
2 3215 3902 
4 232 276 820 4808 
4 3202 3309 3769 4023 
6 2154 2189 2270 3108 3810 4981 
1 2714 
6 1125 1762 2592 3679 4355 4749 
1 2507 
4 1362 3034 4459 4574 
2 2057 3892 
5 1033 1245 2120 3221 4445 
2 4360 4417 
3 1923 3953 4310 
8 641 846 1178 1218 1579 2650 3304 3728 
5 1679 1921 2008 3320 3962 
4 219 843 1601 2742 
3 1233 1451 4882 
0 
2 502 3417 
5 354 1093 2150 2514 3804 
2 209 4258 
3 3236 3745 4694 
4 1111 2611 3337 3785 
3 2252 2962 3350 
3 991 1868 3747 
1 520 
0 
2 3801 4091 
4 462 2634 3074 3096 
5 2405 2590 2851 3205 4376 
0 
2 2129 4310 
1 4435 
6 785 927 1220 1643 2833 3545 
2 596 4951 
4 1451 2446 4879 4901 
3 1165 1530 1694 
1 2958 
4 300 643 3176 4444 
3 545 642 3499 
1 4881 
2 1133 1472 
4 403 1343 1852 3778 
4 2194 2465 4459 4801 
1 1329 
3 37 766 2579 
0 
6 875 954 1158 2274 3890 3895 
5 1344 2033 3789 4729 4756 
2 427 2680 
1 4123 
3 801 1270 3662 
4 920 1690 2054 3828 
2 1 1 2 3 1 1 2 2 1 1 2 3 1 1 2 3 2 2 1 1 3 2 2 1 4 1 1 1 1 1 2 1 1 1 2 3 1 2 1 1 2 2 1 1 1 1 2 2 1 2 2 1 1 1 3 1 3 1 1 1 1 1 1 1 1 1 1 2 1 1 1 3 2 1 2 3 1 1 2 3 2 2 1 1 2 1 3 1 2 1 3 2 1 4 1 1 3 1 1 2 1 1 3 3 1 5 1 3 3 2 1 2 1 1 2 2 1 1 2 2 1 3 2 4 2 2 2 3 1 3 1 2 1 2 2 1 1 3 2 2 3 3 1 1 4 1 1 2 1 1 1 1 1 2 2 1 3 2 2 3 1 1 1 2 1 3 5 1 2 1 2 2 1 2 2 1 1 1 1 2 1 1 3 1 3 1 2 2 3 1 1 1 2 1 2 2 3 1 3 2 3 1 1 3 1 2 1 1 1 4 1 1 1 1 1 1 3 1 2 1 1 1 1 1 2 1 1 2 1 2 3 1 3 1 2 3 2 3 2 4 1 3 1 1 1 1 1 2 3 3 1 1 1 1 3 2 1 1 2 3 1 3 1 2 1 2 1 2 1 1 2 1 3 2 3 4 1 1 3 1 2 2 1 3 1 2 2 3 1 1 2 1 1 2 4 3 2 2 1 2 3 3 1 1 3 1 2 1 1 1 2 1 2 3 2 1 2 2 1 1 1 2 1 4 1 1 3 2 1 1 1 2 1 1 3 2 1 2 2 1 1 1 2 1 1 1 2 1 1 1 1 1 1 4 2 3 1 1 3 1 1 1 1 3 2 3 2 1 1 3 3 1 3 3 1 1 1 2 1 1 1 2 3 1 1 1 2 1 3 2 2 1 2 3 1 4 1 1 1 1 2 1 3 1 2 1 2 2 1 1 1 1 2 1 2 1 2 4 2 1 1 2 1 1 1 1 2 3 2 1 2 2 3 1 2 1 1 1 2 1 1 2 1 1 3 2 2 4 3 2 2 3 3 1 2 1 1 3 1 2 2 1 1 1 1 1 2 2 2 1 2 2 2 1 1 1 1 2 1 3 2 2 2 3 1 2 1 2 1 1 1 1 2 2 1 2 3 2 3 2 4 2 2 2 3 3 2 2 1 1 1 2 3 2 3 1 2 1 4 3 1 1 2 2 2 1 3 2 1 1 1 1 1 3 2 2 2 2 1 1 2 1 4 1 2 3 2 1 2 1 3 1 3 1 1 4 3 1 1 3 2 3 2 1 3 3 2 3 1 2 2 1 2 1 1 2 2 1 2 4 1 1 3 1 2 2 3 1 2 1 1 2 2 1 2 2 1 2 3 2 1 1 2 2 4 1 1 1 2 3 2 1 2 1 1 2 3 1 3 2 1 4 2 3 2 2 1 2 1 1 1 1 1 1 2 1 1 1 1 3 2 2 2 2 2 2 4 2 2 2 1 1 1 1 1 1 1 1 1 2 3 2 1 1 2 1 1 2 1 2 2 2 1 2 4 1 4 1 2 1 3 2 1 3 3 2 3 3 3 1 2 3 2 2 1 1 3 2 2 3 2 2 2 1 3 1 2 1 1 4 1 1 3 1 1 1 2 2 2 2 4 2 2 2 3 2 2 1 1 2 2 1 2 4 1 3 1 1 1 3 3 3 2 2 3 3 4 1 3 4 3 2 4 1 2 2 2 2 1 3 1 1 2 1 3 4 3 3 1 2 1 1 2 1 1 1 2 2 2 3 2 1 1 1 2 1 1 2 2 3 2 3 1 2 1 3 2 1 1 2 2 1 1 1 2 3 2 4 2 3 2 2 3 2 1 2 1 3 2 3 2 1 4 2 1 3 1 3 2 2 1 1 1 1 3 1 2 1 2 4 2 1 2 2 1 1 2 3 2 2 1 4 2 1 3 1 3 1 1 2 4 1 2 4 1 1 1 2 1 1 2 1 2 3 2 1 3 3 3 1 1 2 2 2 3 1 1 1 3 3 1 1 1 1 1 2 1 3 1 1 1 2 1 1 1 1 1 1 3 2 1 2 3 1 2 1 1 3 1 3 2 2 1 1 1 2 1 1 1 1 1 2 2 1 3 3 2 1 3 3 1 1 1 1 2 1 1 1 2 2 3 2 1 1 2 2 3 2 3 1 1 1 1 3 1 3 1 3 2 1 1 3 1 3 1 1 1 1 1 2 1 2 4 2 1 2 1 1 2 3 1 3 1 1 2 2 1 1 1 2 2 2 2 1 1 1 2 1 2 2 2 1 3 1 2 1 1 1 2 2 1 1 3 1 2 1 1 1 1 2 1 1 3 2 5 3 1 2 3 2 2 1 3 2 2 1 2 2 2 1 2 3 1 1 1 3 1 3 1 3 1 1 2 1 2 1 2 1 2 3 1 1 1 1 3 2 2 2 1 3 3 2 3 2 1 1 2 3 1 1 1 1 3 2 1 1 2 3 1 2 1 1 1 1 1 1 1 2 1 3 1 1 2 2 1 2 1 2 2 1 1 1 4 2 2 1 1 1 2 2 3 2 3 2 4 2 2 1 1 1 1 1 2 1 2 1 2 3 2 2 2 3 3 2 1 2 1 3 1 2 3 2 2 1 3 2 1 2 4 2 1 4 1 1 1 1 2 1 1 2 1 1 2 1 2 2 3 1 3 1 1 1 2 2 3 3 3 1 2 2 2 1 1 1 1 1 4 1 2 3 1 1 1 2 1 1 3 1 2 2 1 2 3 2 1 2 1 2 4 1 1 1 2 1 3 1 1 3 1 1 2 1 2 2 1 2 1 1 2 1 1 1 5 1 1 2 1 3 1 1 2 1 2 1 2 2 1 2 2 2 2 1 3 1 4 2 4 3 1 1 1 2 1 3 3 1 4 1 1 1 4 1 3 1 1 1 4 1 3 2 3 4 1 1 1 1 1 1 1 1 1 1 2 3 2 2 1 3 1 3 3 1 1 2 2 1 2 2 1 1 3 2 1 3 2 2 4 2 1 1 3 4 1 4 2 1 1 2 1 3 2 1 4 2 2 2 1 1 1 1 1 1 1 1 2 3 3 1 3 1 1 4 1 1 2 1 3 2 2 2 3 1 2 3 2 2 1 1 1 2 1 1 1 1 2 3 1 3 1 3 2 1 1 2 1 2 1 2 2 1 3 1 1 2 3 1 4 1 1 1 1 1 1 2 1 1 2 2 2 1 1 1 1 2 1 4 2 2 3 1 2 2 3 1 4 3 1 1 1 1 1 1 1 1 3 3 2 2 1 2 1 1 1 2 2 1 3 1 2 2 1 2 3 2 2 1 2 1 3 1 1 1 1 1 2 1 4 2 3 2 1 1 2 3 4 2 3 2 1 1 4 2 2 1 2 1 2 1 1 1 1 1 1 1 1 3 2 3 1 3 2 2 1 2 2 2 2 2 4 3 4 3 2 2 1 2 1 2 1 2 3 3 3 1 2 4 2 2 1 2 1 3 3 4 2 1 4 2 1 2 1 2 3 2 3 1 1 1 3 2 2 4 1 1 2 2 2 1 2 1 3 4 2 1 1 2 2 3 2 1 2 1 1 3 2 2 1 2 2 1 2 1 3 2 1 3 1 3 1 1 2 2 1 1 1 1 2 1 2 2 1 1 2 2 1 1 2 2 2 1 3 1 2 2 3 1 2 1 1 1 1 1 2 3 2 4 1 2 1 3 1 1 4 1 2 2 1 2 1 2 1 4 1 1 1 1 2 1 2 2 1 2 1 1 4 1 2 1 1 1 1 3 3 1 1 1 2 1 4 3 1 1 1 1 1 1 1 1 3 1 4 2 1 1 2 2 2 1 3 1 1 2 1 1 1 2 2 2 5 2 1 2 3 2 2 2 3 1 2 2 1 3 1 1 2 2 1 2 2 4 1 1 3 1 2 1 2 1 2 3 2 1 4 2 3 1 2 2 2 3 1 3 1 4 2 3 2 3 1 3 1 1 1 1 2 1 2 1 1 1 1 1 1 2 1 2 2 1 1 2 2 2 1 1 3 1 2 1 3 1 1 3 2 3 1 3 1 1 3 1 3 2 2 3 1 1 1 1 1 3 1 1 2 2 1 1 1 2 2 3 2 1 4 1 3 2 2 2 2 1 2 1 1 2 4 3 2 1 1 2 2 4 1 1 1 1 2 2 2 3 2 4 2 1 2 2 1 1 2 1 2 3 2 2 2 2 2 1 1 1 2 3 3 2 1 3 1 1 1 2 1 1 1 1 1 1 1 1 2 1 3 1 2 3 1 2 2 4 1 1 2 2 1 2 2 1 2 2 1 2 1 2 1 3 1 1 3 3 1 1 3 2 3 1 2 2 1 3 1 2 2 3 1 2 1 2 1 1 2 3 2 1 1 3 3 3 2 2 1 1 2 1 3 2 2 1 2 2 1 5 2 2 4 1 1 1 3 3 1 2 4 1 4 1 2 3 3 4 2 2 4 2 1 2 2 1 3 2 2 2 1 1 1 4 2 2 1 1 1 2 3 1 3 3 4 3 3 2 3 2 3 2 1 2 2 2 3 3 4 2 1 1 2 1 2 3 3 3 1 2 1 1 3 1 2 1 3 2 3 1 1 2 3 3 3 4 2 3 1 3 4 3 1 1 1 1 1 2 4 2 3 3 3 2 1 2 1 2 1 3 2 2 2 2 1 1 2 1 1 1 2 3 1 2 1 2 1 3 4 2 2 1 1 2 2 2 1 1 2 1 2 3 2 3 2 1 2 2 2 1 2 1 2 3 1 1 2 2 1 2 1 1 3 1 2 2 1 1 2 1 2 1 2 2 3 1 2 1 2 1 1 4 1 2 3 1 1 2 2 2 2 4 2 3 1 3 2 1 1 1 2 2 2 1 1 1 1 2 4 1 3 1 1 3 1 1 1 4 1 1 3 1 1 3 4 3 2 3 1 1 2 1 4 1 3 1 2 3 2 3 2 2 1 2 4 2 1 1 2 2 3 3 1 1 1 2 1 1 3 3 1 1 1 1 2 2 1 3 1 1 2 1 3 4 2 1 3 1 2 1 1 3 2 1 1 1 3 3 4 1 1 2 1 1 1 2 2 3 1 1 2 1 3 1 1 1 1 1 1 2 1 1 4 2 2 1 1 1 1 1 1 3 1 2 1 1 2 3 1 4 3 2 2 2 1 1 1 3 1 2 2 2 2 2 4 1 2 3 1 1 2 2 2 1 2 1 2 2 1 1 1 2 2 1 1 1 2 1 2 1 1 1 1 3 1 4 2 3 1 2 1 1 3 2 1 4 3 3 3 1 1 4 1 2 1 2 3 3 2 1 2 2 2 4 1 1 1 2 2 1 1 4 3 1 1 1 1 1 2 2 1 3 2 3 1 1 1 1 2 2 1 2 2 2 3 2 4 2 1 2 2 2 1 1 2 1 1 3 1 1 2 2 1 1 2 1 2 1 2 2 1 1 1 1 3 2 5 3 2 2 4 1 2 1 5 4 3 2 1 1 1 2 2 2 2 1 1 3 3 1 1 3 1 2 3 1 1 2 1 2 3 3 2 2 1 2 2 4 1 1 2 1 2 1 1 3 2 2 3 3 2 3 2 1 3 1 1 1 1 1 3 1 3 1 3 3 2 1 1 2 1 3 2 1 3 4 3 1 1 3 3 1 3 1 1 2 1 1 1 1 2 3 2 4 3 1 2 1 1 2 3 1 3 1 1 1 2 1 2 2 5 1 1 2 1 2 1 1 2 1 5 3 1 1 1 1 2 2 1 3 1 1 1 1 2 4 1 1 3 3 4 1 2 4 3 1 2 4 1 3 3 2 3 1 2 3 3 2 2 2 2 3 1 2 1 3 2 1 1 1 1 2 3 2 1 1 3 1 2 2 1 1 1 2 2 1 1 1 1 2 1 2 3 1 1 2 1 1 4 3 1 1 1 1 2 1 2 2 1 1 2 1 1 2 2 1 2 2 2 3 3 3 2 2 1 1 2 3 1 1 4 1 2 3 1 2 2 1 2 2 2 2 4 2 2 2 1 4 1 1 3 3 1 2 2 1 3 2 3 2 1 2 1 1 2 2 3 1 1 1 1 1 5 2 3 1 1 1 3 2 1 4 3 3 2 1 2 1 1 2 2 1 1 1 3 1 1 2 1 2 2 2 1 2 1 2 2 2 2 3 3 1 1 3 1 1 2 1 3 1 1 3 3 1 3 1 2 4 1 2 4 1 2 1 1 1 1 3 1 2 2 2 1 3 2 1 4 1 3 1 2 2 1 1 1 1 3 1 3 2 2 4 1 3 4 2 3 3 1 1 3 1 1 1 3 2 2 1 2 1 3 2 1 1 3 1 1 1 1 1 2 1 1 2 1 1 3 1 2 2 1 1 1 2 2 1 2 4 3 2 3 3 3 1 2 2 1 1 2 1 2 1 1 1 3 1 1 3 1 1 2 3 1 3 2 1 1 4 2 4 3 2 3 3 1 2 2 2 3 1 1 2 1 1 1 1 1 1 2 2 3 1 3 2 2 2 2 1 3 3 2 3 3 2 2 2 2 4 2 1 3 2 3 2 1 2 1 1 1 1 1 2 4 1 2 1 3 3 2 1 1 1 1 3 1 2 1 1 2 1 3 4 1 1 1 2 1 2 4 2 2 1 2 1 1 1 1 2 1 3 1 1 1 1 2 3 1 1 1 3 1 2 2 3 1 2 1 1 1 1 1 2 2 4 1 3 2 3 1 2 4 1 1 1 1 3 1 2 1 2 1 2 1 2 2 1 2 2 3 1 1 2 2 1 1 4 1 1 1 3 4 1 1 1 1 1 1 1 2 1 1 2 3 1 1 2 1 1 3 1 2 2 2 1 2 2 1 2 2 2 3 1 1 1 3 3 2 2 3 2 3 1 1 1 2 1 1 1 2 1 1 1 1 1 1 2 1 4 1 3 1 1 3 2 1 2 1 3 2 1 2 1 3 1 1 1 2 1 1 1 2 2 1 2 1 1 1 3 3 1 2 3 3 1 1 2 1 1 1 2 1 1 1 1 1 2 1 2 2 1 2 2 1 2 1 1 3 1 3 1 3 1 1 1 1 2 3 2 1 2 1 3 2 1 1 1 2 3 2 2 4 3 1 2 2 2 1 2 2 4 3 2 1 3 1 1 2 2 1 1 4 1 1 2 4 1 2 1 1 1 1 3 1 3 1 2 3 1 1 1 1 1 1 3 2 2 1 1 2 1 1 1 1 2 2 2 1 2 1 3 1 3 1 1 3 3 4 1 1 3 1 1 3 1 2 1 1 2 2 1 2 2 1 1 2 1 2 1 1 1 2 2 1 1 4 3 2 1 1 1 2 1 1 2 2 2 2 1 1 3 1 1 1 1 1 1 2 2 2 3 1 2 2 1 1 2 2 3 1 3 1 2 2 2 1 2 2 1 2 1 2 1 2 3 2 1 1 2 2 3 3 2 3 1 1 2 2 1 1 1 1 1 1 3 1 2 1 1 1 1 2 4 2 2 2 1 2 1 2 1 2 2 2 2 1 1 3 3 1 1 2 2 2 2 2 3 2 3 1 1 2 1 1 1 2 2 2 1 1 2 1 1 1 4 1 1 3 1 2 4 3 2 1 2 1 1 1 1 2 1 2 1 2 2 1 2 1 1 2 1 1 3 1 1 2 2 2 3 3 2 2 3 1 2 2 1 4 2 5 3 2 1 2 1 4 1 1 4 3 1 1 2 3 2 1 1 1 1 1 4 1 2 2 1 3 2 1 3 4 2 1 2 2 4 3 1 3 1 1 1 1 2 1 1 1 2 1 2 4 2 3 1 3 2 2 2 1 1 3 2 4 3 2 2 1 2 2 2 2 2 3 1 1 2 1 3 1 1 1 2 3 1 1 1 2 1 2 1 3 3 4 1 2 1 2 1 2 2 1 2 1 2 2 2 1 1 2 1 1 2 4 2 4 2 1 4 1 1 1 2 1 2 1 3 3 1 1 1 1 4 1 3 1 3 1 1 1 2 1 3 1 1 3 2 1 1 3 4 2 2 1 1 2 1 3 1 1 1 1 2 3 3 3 2 1 1 3 2 1 1 2 2 2 2 2 2 1 1 1 1 4 1 2 3 2 2 1 2 1 3 1 1 2 2 2 3 2 1 4 2 1 2 1 1 1 3 2 1 1 1 1 2 2 3 2 1 3 1 1 1 2 2 2 3 1 4 2 3 1 1 3 3 1 1 1 1 1 1 1 1 2 1 2 1 1 3 1 2 2 1 3 3 2 1 1 1 3 1 3 2 2 2 1 1 3 1 1 2 1 2 1 1 1 1 1 3 2 1 1 2 1 2 3 1 3 2 4 1 3 1 1 2 3 1 1 2 1 2 4 4 2 4 1 2 1 1 1 1 2 2 1 1 4 2 1 1 2 3 1 2 1 2 1 2 4 1 1 1 1 1 5 1 1 1 2 3 1 3 1 1 1 2 3 1 1 1 1 1 1 1 1 1 3 1 4 3 1 1 2 2 2 1 1 3 2 1 2 1 3 2 5 1 1 3 1 2 1 2 1 1 1 1 3 1 2 1 2 2 1 2 1 2 2 2 2 2 2 2 2 2 2 2 2 2 2 1 2 1 1 1 1 1 2 2 2 2 3 2 1 3 1 1 2 3 2 3 1 3 3 3 1 3 2 1 2 1 4 2 2 3 1 2 1 1 1 3 1 3 1 2 1 1 2 1 3 3 1 2 2 1 3 3 1 1 1 2 1 2 1 4 1 3 1 3 3 1 1 1 1 2 1 2 1 1 1 1 1 2 4 2 1 2 2 2 1 2 4 1 2 2 2 1 2 1 3 1 1 1 1 2 1 2 1 1 3 1 4 1 2 2 1 2 3 2 1 1 3 1 2 1 1 1 3 1 1 1 4 1 2 1 2 2 3 1 1 2 1 2 1 2 1 1 2 1 2 2 2 1 3 3 1 2 1 2 3 1 1 2 1 1 1 3 1 2 4 1 2 1 1 1 2 2 2 1 2 2 3 1 1 2 2 3 1 2 1 2 4 1 3 1 2 1 2 3 2 1 1 1 4 1 2 3 1 1 2 1 2 2 1 4 4 1 1 1 1 1 2 3 1 2 3 3 3 1 1 1 1 3 2 1 3 1 1 3 3 1 2 2 1 1 3 1 1 3 1 1 3 2 3 1 4 3 1 1 3 1 3 2 1 1 1 1 3 3 1 1 1 2 3 1 2 1 1 2 1 1 2 4 4 3 3 1 3 2 1 1 3 1 3 3 1 1 2 2 1 1 2 2 1 1 3 2 2 1 4 5 4 2 1 3 3 3 3 3 1 2 2 2 1 2 1 2 1 1 1 3 3 2 1 1 1 2 1 1 1 2 2 2 2 1 3 1 2 1 1 2 1 1 1 2 1 2 2 3 2 2 2 3 1 2 1 2 4 1 1 1 1 3 1 2 1 1 2 3 3 1 1 2 2 2 3 1 4 2 4 2 2 4 1 3 2 2 1 3 1 2 2 1 1 1 3 2 3 1 1 1 2 2 2 1 1 1 3 2 1 3 4 1 3 1 2 1 1 1 1 2 1 1 3 2 2 2 3 1 1 2 1 3 3 2 1 1 2 2 1 3 2 1 1 2 2 1 1 2 1 2 4 1 2 2 4 1 1 5 1 1 3 1 2 4 2 4 3 1 2 2 1 2 1 2 3 1 4 1 1 3 2 3 1 1 3 3 2 2 2 1 1 2 1 1 1 2 3 1 4 3 3 3 1 1 4 2 3 1 3 3 1 2 1 1 1 2 3 2 3 3 1 1 4 3 1 2 1 2 4 1 2 2 3 3 1 1 1 2 1 3 1 2 3 2 1 1 2 1 2 4 3 2 4 2 2 2 1 2 1 2 1 2 1 2 2 2 3 2 1 4 1 1 3 1 1 1 1 2 1 3 1 1 1 4 3 3 2 1 1 2 4 3 1 3 2 1 3 3 3 1 1 3 2 1 1 1 1 1 2 1 3 2 1 1 2 2 1 1 1 1 3 3 2 3 1 1 1 2 2 2 3 2 2 3 3 3 3 2 1 1 2 1 1 1 3 1 4 1 2 1 1 2 2 2 1 1 3 1 1 3 1 2 1 3 1 3 3 2 1 2 1 1 1 2 1 2 3 3 1 2 1 2 1 1 1 2 4 1 2 2 2 1 1 1 2 3 1 1 1 1 3 3 1 2 1 2 1 2 3 2 4 1 1 1 1 3 1 1 1 1 2 1 1 3 4 1 1 2 3 2 1 2 1 1 3 2 2 4 1 4 2 1 1 1 1 2 1 1 2 1 3 3 2 3 1 1 3 2 2 3 2 2 2 2 2 2 1 2 1 3 4 1 1 2 3 3 3 2 1 3 1 3 1 1 2 3 3 2 4 3 1 1 1 3 3 1 1 3 1 3 1 3 1 2 1 2 1 2 1 5 1 2 1 1 2 2 1 1 1 1 1 3 3 2 2 1 1 1 1 1 3 3 1 2 1 1 4 1 1 2 3 1 1 2 1 1 3 2 1 1 1 3 1 3 2 3 2 2 1 2 2 1 3 1 1 4 3 2 3 2 1 1 1 1 3 1 3 1 3 1 1 3 4 2 1 2 4 3 1 1 2 3 2 2 2 1 1 3 1 2 2 3 2 3 2 3 2 2 1 1 1 2 1 4 1 1 1 1 3 1 2 1 1 1 3 2 1 1 2 3 3 2 3 4 1 1 1 1 1 2 2 2 2 1 1 1 1 1 1 1 2 1 2 2 1 2 1 2 1 1 2 1 1 3 4 3 1 1 2 1 2 2 1 1 3 1 2 1 1 2 1 3 1 1 2 3 3 1 3 2 1 2 2 1 2 1 1 1 1 3 4 3 1 1 2 1 2 2 3 1 1 2 4 2 1 1 1 1 1 3 1 1 2 1 2 3 1 3 2 2 1 3 2 1 1 4 3 2 2 5 1 1 3 1 1 2 1 1 1 3 1 1 1 2 2 2 1 1 1 2 2 4 1 1 1 3 1 2 2 1 1 1 2 2 2 2 3 1 1 3 3 1 1 1 1 3 1 1 1 3 1 1 1 2 1 2 2 3 2 3 1 1 2 4 3 1 1 1 3 1 2 2 2 3 2 1 3 1 1 2 2 4 2 2 3 1 1 1 3 2 1 2 2 3 1 3 2 1 1 1 2 1 2 2 2 2 1 4 3 1 1 1 1 
