s 2000
3 658 1226 1472 
5 327 677 1285 1350 1995 
3 43 517 1728 
4 473 1463 1638 1819 
5 253 890 1249 1433 1799 
3 403 1556 1760 
3 489 978 1529 
4 79 833 1300 1790 
3 219 443 726 
8 51 427 859 900 1237 1343 1345 1570 
0 
3 722 747 938 
3 434 524 1314 
3 530 689 1867 
3 1229 1453 1934 
2 925 1964 
3 1027 1406 1748 
3 190 1153 1648 
3 418 1632 1671 
2 593 1855 
1 1868 
4 66 611 1262 1742 
4 753 805 1092 1176 
1 1527 
1 400 
3 494 601 971 
1 186 
2 1196 1859 
1 532 
1 189 
1 450 
5 337 835 1776 1779 1786 
5 163 439 530 1226 1678 
1 1366 
3 596 1548 1973 
2 284 1712 
2 924 1638 
5 138 247 690 793 825 
3 80 672 1878 
6 393 942 1234 1644 1682 1725 
2 1507 1889 
2 682 695 
1 1074 
5 2 880 1404 1436 1720 
3 79 1109 1599 
1 747 
4 780 951 1326 1723 
2 338 392 
1 1342 
3 464 1242 1966 
3 1085 1120 1374 
3 9 1409 1493 
4 158 374 738 1647 
2 148 777 
1 953 
4 260 333 918 1985 
0 
4 58 443 707 1540 
2 57 1775 
2 659 1360 
2 1947 1982 
5 116 387 851 934 1002 
2 471 1784 
5 362 469 554 868 958 
0 
3 79 809 1278 
4 21 767 1463 1570 
3 263 440 1068 
2 485 1172 
4 758 801 1535 1685 
4 473 594 725 1554 
2 944 1859 
4 327 1027 1054 1248 
5 610 1052 1240 1471 1775 
3 348 1027 1934 
4 142 649 1148 1693 
2 1261 1923 
1 1920 
3 982 1235 1443 
6 7 44 65 305 598 1785 
5 38 336 348 1549 1959 
6 458 561 757 1575 1878 1980 
1 1515 
2 670 1961 
1 1792 
5 178 406 971 1540 1611 
7 624 861 944 1104 1176 1213 1969 
2 592 1993 
3 389 1603 1931 
1 879 
2 489 975 
1 482 
5 122 127 175 757 1416 
2 1260 1583 
2 974 1053 
0 
1 1701 
1 801 
2 1000 1260 
4 172 529 1374 1842 
3 114 131 1496 
4 212 1203 1452 1901 
0 
3 395 1003 1553 
4 301 570 1178 1980 
1 1622 
4 644 726 868 1225 
2 448 1281 
3 247 970 1603 
1 921 
3 302 1104 1643 
3 424 700 1356 
6 749 942 1246 1644 1687 1853 
3 534 882 1755 
1 100 
5 132 152 845 1020 1812 
3 61 148 890 
4 1170 1498 1681 1993 
5 122 651 994 1496 1830 
4 536 859 871 1489 
2 986 1408 
2 477 617 
2 92 118 
7 475 866 1026 1072 1523 1596 1788 
3 162 371 1001 
0 
1 604 
4 92 752 1056 1621 
6 177 262 364 772 1826 1832 
2 244 1822 
3 443 489 1929 
3 100 223 816 
2 115 479 
3 235 249 1361 
2 416 757 
5 225 421 1175 1681 1849 
4 759 1055 1294 1709 
5 349 409 600 715 1233 
2 37 1327 
3 1074 1186 1651 
2 760 1134 
2 387 969 
2 75 1413 
2 525 1315 
4 386 543 1890 1924 
2 1430 1849 
1 591 
4 548 1174 1244 1338 
8 53 116 400 1039 1453 1598 1661 1960 
2 728 1909 
3 523 690 1981 
4 209 311 743 1773 
5 115 369 896 1003 1127 
4 306 1122 1288 1655 
1 211 
3 390 1125 1175 
3 366 1093 1341 
3 429 761 1427 
2 52 624 
1 375 
6 207 279 363 613 736 1801 
3 283 1469 1497 
3 124 435 638 
4 32 579 1900 1916 
3 1048 1201 1959 
5 1179 1243 1279 1314 1965 
3 997 1591 1727 
5 248 1037 1253 1569 1604 
3 231 1601 1899 
9 404 528 631 649 1201 1385 1440 1791 1806 
4 482 502 1847 1965 
2 267 1725 
2 99 1623 
2 1527 1966 
7 356 358 664 1181 1327 1640 1972 
10 92 395 445 655 687 1054 1284 1504 1637 1810 
1 1688 
2 128 907 
2 85 397 
2 326 1132 
1 1568 
2 682 692 
3 315 1381 1692 
4 301 624 705 1818 
3 915 1132 1629 
2 1044 1580 
6 26 399 701 749 1015 1679 
7 213 354 447 579 701 847 1310 
6 206 780 1465 1627 1787 1939 
2 29 438 
3 17 629 715 
3 863 1386 1850 
3 404 674 1270 
4 287 692 972 1489 
3 967 1222 1823 
1 441 
2 1498 1792 
6 340 470 564 636 828 1097 
5 1108 1152 1584 1738 1875 
2 891 1839 
6 507 654 700 947 1131 1197 
2 494 1278 
7 361 475 559 732 965 978 1287 
2 396 1618 
2 1142 1909 
3 252 1813 1814 
2 188 210 
3 160 302 707 
5 767 803 1459 1536 1624 
2 151 511 
3 206 743 1909 
3 154 805 1564 
6 101 437 608 669 1205 1999 
2 187 1237 
0 
3 830 1291 1607 
3 699 1452 1481 
2 344 1694 
1 1043 
4 8 1671 1818 1899 
1 1209 
2 868 1428 
4 312 741 1073 1152 
3 131 1614 1840 
7 240 490 529 848 1196 1245 1888 
2 135 1554 
2 1851 1897 
2 445 776 
3 1153 1254 1314 
4 726 1294 1506 1910 
3 660 998 1513 
5 168 634 1054 1756 1944 
3 355 834 1855 
3 311 951 1870 
2 365 1983 
2 133 302 
4 279 1254 1291 1900 
2 1319 1324 
3 502 567 732 
1 364 
6 224 425 496 511 621 1639 
2 279 836 
2 388 806 
4 1263 1338 1444 1473 
6 129 619 625 812 969 1771 
1 1947 
5 399 509 680 1471 1742 
4 37 108 1694 1945 
2 167 1528 
6 133 403 529 933 1860 1964 
3 729 1507 1561 
1 1330 
3 205 493 588 
3 4 1015 1275 
4 1276 1482 1729 1950 
2 451 604 
3 418 889 1992 
0 
3 531 1084 1210 
3 769 1531 1992 
7 55 447 480 652 1387 1436 1765 
2 421 1403 
3 128 1748 1969 
3 67 864 1776 
1 1560 
1 470 
2 579 1731 
6 171 301 797 1418 1602 1688 
6 614 827 1003 1031 1229 1239 
2 693 1270 
1 977 
3 463 795 1542 
3 425 1313 1691 
1 1849 
4 1095 1162 1235 1239 
2 283 470 
2 368 1792 
3 577 677 789 
3 1374 1684 1936 
9 160 236 241 619 1118 1247 1566 1620 1998 
2 654 1565 
4 413 970 1214 1505 
1 1602 
5 161 275 996 1442 1511 
2 35 1112 
1 1147 
1 1724 
1 193 
1 1617 
3 1454 1730 1945 
2 1612 1773 
3 979 1450 1570 
3 299 691 1898 
4 626 1277 1590 1665 
5 597 749 1182 1436 1960 
4 902 1191 1654 1907 
0 
3 624 1104 1152 
2 828 1917 
7 292 454 651 1104 1449 1912 1994 
6 532 1016 1197 1362 1744 1803 
7 104 183 267 1315 1860 1951 1991 
7 110 207 235 1242 1245 1644 1842 
7 824 903 999 1273 1277 1374 1887 
4 708 1074 1779 1897 
6 79 312 436 494 1194 1550 
3 153 741 1118 
0 
2 1501 1978 
3 723 1080 1590 
1 996 
4 151 233 525 1677 
4 222 305 816 1347 
2 531 1358 
2 1346 1404 
3 182 358 1048 
5 522 605 650 975 1787 
1 1495 
1 1287 
3 1017 1080 1651 
2 538 1616 
1 1373 
3 847 1239 1961 
1 1644 
1 892 
3 540 654 764 
1 179 
3 1 72 430 
2 568 1180 
2 1132 1468 
2 632 1168 
0 
2 767 811 
5 55 482 1094 1429 1830 
0 
3 511 1559 1582 
2 80 1764 
3 31 1210 1296 
4 47 364 607 1793 
3 537 766 1585 
4 197 432 856 1899 
2 592 772 
3 438 1214 1382 
4 446 468 1460 1796 
2 217 1509 
2 1743 1768 
0 
3 1397 1748 1902 
7 74 80 1172 1303 1314 1711 1911 
5 137 1641 1678 1692 1955 
3 778 1015 1958 
2 836 1622 
3 392 1235 1518 
3 853 1145 1916 
4 187 826 1095 1159 
3 232 954 1096 
4 174 1032 1105 1638 
1 458 
3 174 315 1978 
2 499 1323 
2 1042 1458 
2 202 836 
3 63 495 1103 
7 160 539 715 919 1143 1226 1351 
3 128 239 338 
3 234 485 728 
2 156 1927 
3 464 514 1248 
4 276 892 1234 1280 
4 152 1003 1176 1664 
1 710 
3 124 1556 1852 
3 1312 1489 1644 
4 673 1852 1856 1938 
1 52 
4 159 584 989 1375 
4 514 578 742 1701 
0 
1 990 
3 669 758 937 
6 383 414 714 760 1082 1633 
1 1491 
3 790 937 1039 
5 380 741 1220 1342 1953 
2 1179 1816 
2 676 861 
4 144 870 1290 1668 
6 61 141 858 1407 1698 1753 
4 242 761 1091 1445 
2 88 1961 
4 155 992 1073 1445 
3 394 1078 1689 
4 47 352 567 1798 
2 39 1584 
2 391 1341 
5 103 175 432 1116 1528 
6 203 749 1333 1488 1637 1782 
1 178 
4 617 638 1047 1684 
3 186 246 624 
7 24 148 686 721 1109 1483 1729 
1 1527 
1 417 
4 5 249 1020 1190 
7 169 192 611 848 1252 1385 1716 
5 416 435 774 889 1601 
7 85 456 605 956 1364 1847 1916 
5 476 1262 1264 1286 1370 
5 978 1236 1251 1459 1687 
4 137 535 787 1914 
0 
2 615 1308 
2 854 1994 
2 281 758 
5 380 557 1556 1842 1984 
4 1054 1625 1686 1728 
4 134 405 488 1319 
4 402 1056 1285 1831 
7 18 256 419 480 713 916 1512 
7 418 668 786 1020 1563 1742 1750 
2 1583 1861 
3 135 261 1794 
8 501 589 723 1490 1510 1687 1698 1848 
4 1235 1317 1680 1933 
1 111 
5 240 272 730 1073 1612 
4 662 890 1128 1519 
5 9 446 573 640 804 
4 645 1075 1450 1636 
1 157 
3 327 1560 1704 
2 621 1353 
3 340 395 480 
1 1769 
1 12 
3 162 405 1052 
3 305 1462 1606 
5 212 507 584 981 1070 
2 189 342 
3 32 518 1105 
3 67 536 1099 
2 195 1200 
3 789 964 1099 
3 8 57 130 
2 1275 1505 
3 175 227 1697 
5 343 427 509 1247 1372 
5 187 260 1050 1177 1810 
5 107 509 538 1563 1643 
0 
2 30 573 
4 255 753 1259 1778 
2 1191 1986 
4 1042 1074 1429 1898 
3 299 553 682 
1 912 
6 406 824 1128 1204 1232 1321 
5 1023 1297 1359 1478 1656 
4 81 357 819 1127 
0 
1 835 
1 1601 
3 1449 1473 1504 
3 271 1114 1158 
6 49 367 1153 1176 1242 1638 
1 1386 
3 707 1159 1902 
1 793 
4 343 1341 1350 1774 
2 63 693 
6 197 265 275 1441 1557 1947 
2 62 1108 
3 499 1511 1760 
3 3 70 1597 
3 847 1207 1516 
4 123 202 1404 1534 
2 407 963 
2 121 1476 
2 655 1534 
3 132 1122 1867 
6 260 418 432 1074 1328 1896 
2 1784 1820 
5 91 170 333 872 1554 
1 1156 
1 1419 
4 68 365 907 1193 
2 819 1679 
1 935 
5 416 506 630 1107 1798 
5 6 90 130 925 1451 
3 224 1417 1821 
1 1806 
2 704 1351 
4 252 498 1246 1681 
8 25 201 305 1325 1367 1756 1838 1981 
3 362 598 1606 
6 240 723 902 1049 1079 1093 
2 667 884 
7 493 996 1457 1600 1799 1809 1865 
3 359 472 1349 
4 647 1719 1902 1957 
3 422 587 1039 
2 170 238 
2 836 1604 
1 830 
3 1131 1532 1784 
3 488 716 1990 
4 200 437 1375 1790 
0 
7 246 446 448 601 837 1246 1911 
3 599 1157 1932 
5 209 240 335 951 1803 
2 1557 1704 
0 
3 367 376 1623 
3 549 738 1554 
1 609 
2 2 585 
2 439 559 
2 588 1073 
1 604 
5 636 683 773 1394 1601 
3 316 585 685 
4 150 1142 1231 1927 
2 12 1182 
4 143 311 1123 1367 
5 623 1367 1658 1938 1986 
4 870 920 1054 1159 
5 169 608 1569 1721 1886 
6 99 224 249 768 931 1442 
5 13 32 1057 1315 1647 
2 258 313 
2 28 300 
1 1045 
3 113 917 1253 
5 409 920 947 1480 1822 
5 119 440 1115 1130 1786 
3 339 724 1340 
4 320 448 780 900 
6 363 845 878 973 1910 1950 
3 325 825 1858 
3 1476 1744 1829 
2 1894 1919 
4 144 605 705 1169 
3 1359 1434 1779 
1 1778 
3 615 1474 1976 
0 
5 147 634 827 979 1344 
3 515 1411 1973 
5 834 1446 1754 1835 1862 
2 939 1220 
1 570 
5 454 753 754 1450 1532 
2 63 1636 
2 1328 1817 
6 558 1284 1542 1554 1768 1922 
2 414 1110 
2 556 586 
4 202 518 645 1957 
3 1297 1495 1888 
1 81 
0 
1 816 
2 197 1450 
2 746 1809 
3 982 1182 1435 
4 238 392 619 1868 
2 328 790 
1 1329 
4 104 552 992 1492 
0 
2 677 1343 
7 427 450 632 721 1239 1336 1392 
4 641 883 1742 1868 
2 594 1098 
1 1738 
4 277 578 614 1302 
6 376 577 1146 1363 1510 1700 
7 163 187 266 980 1056 1651 1773 
2 930 1121 
2 1039 1604 
0 
0 
5 375 437 1333 1471 1734 
4 517 522 1408 1600 
3 558 1505 1697 
4 501 1108 1285 1708 
2 252 519 
2 422 1581 
1 1785 
3 146 772 1026 
4 87 341 1054 1860 
2 19 1912 
3 70 575 1273 
1 1731 
4 34 1496 1627 1701 
4 294 1455 1458 1952 
2 79 495 
3 510 1101 1345 
4 137 1123 1543 1809 
3 25 509 1442 
3 619 878 1670 
1 1218 
5 126 255 520 826 1645 
6 316 406 543 616 1028 1732 
0 
4 338 808 1051 1530 
3 212 528 761 
2 516 1153 
1 73 
3 21 404 832 
3 710 1179 1282 
4 160 815 1233 1431 
7 268 577 773 851 1023 1033 1730 
5 411 546 1551 1709 1910 
3 605 1130 1941 
2 121 398 
1 1035 
6 244 279 567 602 1014 1639 
2 882 1100 
5 240 431 680 743 868 
0 
5 526 854 887 1310 1740 
6 86 158 183 297 399 1289 
5 244 708 805 1183 1303 
3 293 778 1576 
1 1104 
2 1136 1472 
3 190 953 1885 
4 488 655 720 1539 
1 169 
4 330 573 1162 1459 
2 1316 1447 
2 231 548 
1 1334 
4 197 521 641 1951 
0 
3 162 398 1418 
2 972 1399 
5 427 942 963 1331 1896 
4 574 636 1098 1880 
1 1614 
1 1313 
2 106 1046 
3 428 559 1005 
5 994 1130 1171 1592 1709 
3 500 988 1060 
2 856 1658 
4 75 169 1022 1448 
2 316 1492 
3 118 299 819 
3 260 909 1738 
1 1225 
7 200 280 325 706 1286 1517 1646 
4 175 478 630 785 
3 1048 1379 1683 
4 1576 1864 1870 1978 
2 0 1587 
3 59 1023 1833 
4 230 928 1941 1987 
4 837 1078 1104 1319 
2 426 1945 
2 1292 1884 
1 174 
1 908 
0 
1 497 
5 419 959 1013 1159 1771 
5 212 379 1303 1308 1433 
3 83 832 1629 
2 1759 1793 
2 38 1684 
1 373 
2 192 1259 
3 1306 1510 1743 
1 385 
3 1 277 572 
1 1601 
3 789 1417 1421 
6 246 621 1066 1419 1449 1460 
2 1011 1230 
4 41 181 454 1737 
2 521 1809 
1 1812 
3 522 915 1264 
5 400 703 1344 1729 1951 
3 175 964 1122 
2 775 805 
1 13 
4 37 150 1258 1632 
3 292 824 1089 
4 181 193 821 1027 
5 269 469 791 830 1828 
3 1420 1536 1582 
2 41 1203 
2 1528 1724 
3 1092 1293 1627 
3 1180 1916 1927 
2 216 1205 
5 111 200 713 954 1127 
4 186 187 1300 1412 
1 1261 
3 686 996 1334 
6 492 1036 1250 1444 1543 1830 
5 183 543 824 1107 1989 
1 654 
7 57 207 466 933 1067 1181 1563 
6 304 625 802 1222 1413 1534 
2 745 1189 
5 370 612 1352 1598 1972 
0 
1 1404 
5 418 700 750 1410 1415 
2 380 1782 
5 137 190 363 1325 1805 
3 506 950 995 
3 1073 1300 1582 
2 850 881 
1 1368 
3 630 1029 1194 
3 400 573 1085 
2 11 1435 
5 309 422 496 751 1313 
3 537 1038 1273 
3 70 1452 1789 
4 8 106 229 935 
4 943 1204 1382 1911 
4 149 365 805 1968 
2 250 821 
2 425 1761 
2 947 1678 
4 202 238 1490 1728 
1 1778 
2 1054 1720 
2 788 1087 
5 160 1510 1585 1722 1760 
3 1879 1970 1995 
4 52 515 1133 1215 
1 1411 
2 1535 1591 
4 222 306 383 1059 
3 376 904 1536 
4 151 210 621 1935 
0 
2 709 1755 
6 565 1163 1300 1673 1820 1955 
4 11 45 1223 1887 
1 1854 
6 112 186 294 396 1021 1109 
3 713 1000 1190 
1 723 
6 127 1454 1596 1717 1794 1944 
3 22 451 553 
3 553 1335 1888 
0 
0 
5 81 92 134 1487 1661 
4 69 379 413 1570 
3 136 1427 1712 
10 140 380 868 968 1598 1674 1718 1739 1787 1948 
4 157 388 608 814 
3 1750 1752 1844 
1 1503 
1 325 
1 1356 
3 339 909 1545 
7 66 208 332 801 982 1790 1929 
2 529 1669 
2 259 1850 
3 958 1015 1493 
0 
6 128 341 591 1307 1425 1806 
4 521 614 1125 1196 
2 405 1278 
2 688 1769 
3 227 867 909 
1 53 
6 350 626 1027 1649 1722 1853 
3 826 1589 1617 
4 46 188 538 854 
1 1333 
2 821 976 
3 927 1799 1938 
1 1770 
4 655 1016 1618 1760 
4 419 1221 1453 1485 
3 409 1446 1700 
2 735 1168 
4 277 442 679 1465 
3 382 568 1190 
4 693 885 974 1546 
0 
3 37 467 1833 
3 1172 1211 1940 
3 271 952 1680 
0 
2 267 1772 
3 1438 1523 1606 
2 1503 1695 
3 954 1540 1685 
5 69 97 767 1817 1869 
4 708 1035 1036 1465 
3 208 1190 1612 
3 427 942 1984 
6 22 211 625 688 728 1149 
1 242 
2 1322 1687 
5 607 872 1346 1618 1837 
2 65 1143 
2 967 1565 
3 332 1012 1733 
2 244 1437 
1 1798 
3 761 1386 1491 
3 613 865 1140 
3 131 312 563 
2 1597 1764 
1 1841 
3 458 486 651 
1 1849 
7 692 729 782 852 1206 1357 1392 
0 
2 923 1082 
6 303 456 691 705 1071 1989 
2 37 540 
5 354 604 779 880 1976 
5 268 548 1248 1427 1779 
2 197 298 
2 1133 1221 
4 215 504 693 1331 
2 1685 1880 
3 611 670 1317 
4 7 878 919 1429 
3 232 550 1073 
3 31 460 934 
4 241 351 361 503 
4 509 661 1047 1947 
1 1470 
1 1844 
0 
2 1754 1956 
0 
2 1024 1307 
0 
2 115 539 
3 1236 1649 1675 
3 187 322 474 
5 224 404 1217 1464 1867 
1 1619 
5 718 1301 1397 1577 1762 
3 61 614 985 
5 821 1286 1473 1595 1667 
3 353 984 1178 
4 412 623 780 897 
2 896 1232 
4 340 648 899 1966 
2 1036 1726 
2 387 1987 
5 9 119 1202 1503 1671 
2 1331 1627 
2 86 385 
5 1020 1157 1308 1375 1627 
3 191 1088 1239 
5 263 962 1040 1288 1786 
3 815 1402 1663 
2 123 1662 
3 776 968 1952 
7 63 106 221 621 760 1116 1309 
2 879 1083 
3 386 527 1749 
2 119 1385 
2 482 808 
2 1084 1214 
3 1163 1401 1477 
1 1159 
1 1012 
2 1097 1424 
4 539 602 833 1526 
4 89 869 1216 1444 
3 43 826 881 
7 718 880 928 1019 1779 1885 1940 
2 113 620 
3 574 921 1819 
2 497 1468 
3 791 1619 1764 
0 
1 623 
2 1856 1869 
2 256 405 
4 4 116 426 1609 
2 199 1824 
6 324 368 1931 1941 1950 1971 
2 1562 1847 
3 1489 1552 1607 
1 1717 
3 152 855 1506 
2 854 965 
2 1029 1174 
1 856 
3 9 538 1324 
0 
4 295 496 1710 1931 
1 303 
5 742 1239 1354 1438 1766 
1 1186 
2 1449 1751 
4 177 485 1031 1730 
2 665 1691 
7 652 766 776 1080 1248 1458 1718 
4 1337 1341 1489 1889 
1 1365 
2 455 991 
2 1001 1074 
4 1007 1012 1068 1733 
3 184 685 993 
1 418 
1 534 
5 55 973 1761 1899 1997 
4 363 833 1372 1710 
3 527 535 1672 
3 109 883 1204 
1 976 
1 823 
3 36 930 1819 
4 15 489 1465 1967 
2 1039 1732 
2 783 1647 
6 660 881 961 981 1164 1369 
1 1025 
3 580 924 1095 
3 529 1658 1851 
1 1509 
5 249 707 1149 1416 1716 
5 61 835 1192 1731 1843 
3 487 726 1742 
0 
2 379 382 
4 11 1641 1706 1918 
7 551 1099 1367 1448 1530 1585 1924 
0 
2 1560 1574 
6 39 112 640 804 1590 1982 
3 727 1300 1935 
3 71 86 1166 
2 1845 1913 
4 1021 1636 1691 1732 
3 200 535 731 
0 
1 1850 
1 716 
3 46 233 511 
3 795 1132 1647 
5 54 629 1344 1464 1616 
4 355 700 800 1919 
2 1574 1598 
2 406 1996 
2 1388 1857 
4 63 770 1132 1407 
4 668 1033 1204 1462 
1 1945 
2 928 1787 
1 864 
4 476 640 1246 1522 
3 442 687 1108 
4 202 897 1687 1788 
3 1244 1484 1932 
3 194 810 1664 
4 760 867 1161 1926 
4 141 244 985 1006 
3 108 281 1415 
5 25 85 1352 1443 1485 
3 193 639 1240 
4 539 918 1421 1941 
2 94 791 
3 90 316 1222 
3 782 922 1730 
2 270 1746 
5 6 202 408 1059 1090 
5 291 548 1184 1463 1597 
3 579 1168 1294 
5 437 928 1309 1576 1700 
3 78 566 767 
2 1578 1738 
3 853 1150 1247 
2 851 969 
2 120 1700 
0 
3 647 1120 1454 
1 375 
2 378 1364 
2 912 1140 
2 390 570 
2 915 1517 
2 118 646 
2 716 1587 
4 283 310 498 703 
3 166 1245 1682 
8 230 1110 1126 1521 1682 1733 1848 1891 
2 303 1925 
3 98 750 1928 
2 124 913 
3 61 1179 1497 
4 103 152 268 369 
4 1030 1110 1318 1951 
1 645 
5 969 1178 1612 1836 1862 
1 914 
3 1133 1693 1884 
1 1684 
2 1362 1512 
3 681 1490 1529 
5 811 876 914 1669 1842 
3 668 1168 1697 
1 619 
7 186 253 350 770 1471 1654 1945 
3 300 785 1310 
3 319 1638 1882 
5 1251 1352 1410 1751 1802 
1 881 
8 115 403 419 862 1130 1140 1467 1967 
5 749 946 1171 1233 1365 
3 649 1079 1763 
3 457 614 659 
2 843 1155 
2 929 1320 
4 123 591 1127 1694 
6 16 72 74 692 778 1413 
3 605 1787 1876 
6 720 898 1102 1460 1795 1842 
3 1004 1503 1844 
2 268 907 
3 356 1622 1999 
4 614 959 1632 1830 
2 1057 1148 
6 618 802 1278 1473 1635 1875 
5 704 802 857 1748 1922 
5 167 1051 1708 1900 1977 
3 724 1279 1585 
8 148 382 501 581 926 1189 1253 1687 
1 864 
1 1545 
4 360 453 1514 1577 
2 218 1998 
5 185 1228 1417 1663 1799 
1 533 
2 644 1140 
4 398 837 1258 1633 
5 164 315 656 1688 1720 
2 496 1200 
2 447 1519 
4 607 1037 1488 1565 
3 73 435 1651 
3 94 1152 1749 
7 72 175 231 415 527 592 734 
2 136 1742 
3 127 417 579 
4 530 1034 1716 1948 
0 
4 741 978 1560 1708 
3 647 1226 1933 
0 
1 1906 
1 1271 
3 1227 1268 1473 
2 1105 1857 
1 680 
4 707 1279 1521 1865 
4 67 914 1405 1787 
2 1162 1546 
2 437 1514 
1 824 
3 123 1309 1336 
6 222 390 425 519 717 834 
7 42 139 304 453 480 913 1658 
3 428 1256 1706 
1 1447 
3 1657 1683 1840 
2 391 661 
3 496 1022 1541 
3 309 319 909 
1 1381 
3 380 823 1682 
1 869 
4 258 873 1093 1466 
2 50 721 
1 1358 
4 735 1088 1844 1886 
3 863 1087 1835 
2 691 1323 
2 978 1532 
1 388 
4 22 697 1683 1940 
5 156 496 1084 1769 1999 
4 333 1274 1323 1344 
5 274 354 930 1643 1647 
3 355 1206 1251 
3 197 877 1319 
2 575 641 
3 440 442 939 
4 620 1348 1436 1570 
2 599 1666 
1 1029 
3 362 1114 1739 
7 86 110 297 299 627 661 1477 
5 356 439 1065 1615 1760 
1 1208 
4 488 705 1383 1526 
9 198 471 587 964 1116 1134 1145 1266 1576 
4 44 400 749 1143 
4 557 998 1004 1879 
2 1310 1585 
2 284 1791 
3 1172 1278 1578 
4 463 1103 1622 1633 
3 536 1653 1924 
5 395 868 1108 1688 1991 
1 1496 
2 279 306 
1 1445 
2 50 988 
5 580 1212 1575 1686 1769 
8 153 479 687 1124 1128 1135 1199 1254 
2 525 600 
2 1122 1286 
4 155 773 1659 1993 
2 998 1592 
4 152 458 700 1026 
3 426 456 1122 
1 1407 
4 536 616 646 1020 
3 200 505 1196 
6 179 184 329 952 958 1641 
3 738 829 1008 
3 140 1108 1796 
2 1122 1458 
2 628 1377 
0 
0 
0 
7 815 991 1020 1046 1396 1794 1997 
0 
2 204 523 
5 363 809 1109 1694 1777 
0 
3 353 1108 1585 
2 578 1212 
2 285 1742 
3 75 1034 1542 
2 805 933 
4 984 1302 1432 1566 
1 1656 
7 198 222 297 1053 1234 1462 1740 
5 17 228 464 609 1891 
1 1257 
1 1024 
2 483 1494 
4 510 862 1559 1831 
2 463 1932 
9 354 466 527 668 875 1248 1501 1541 1587 
1 1569 
3 968 1614 1873 
4 274 632 1069 1897 
3 746 874 1778 
2 928 1679 
0 
3 944 1187 1377 
0 
5 330 788 980 1013 1880 
3 543 1501 1552 
4 117 1705 1853 1864 
3 646 1021 1776 
5 68 348 794 1113 1628 
2 1506 1658 
3 147 898 1704 
2 135 155 
4 22 86 369 464 
1 447 
4 104 853 1006 1662 
5 165 384 612 1002 1985 
3 328 698 1384 
5 174 707 1540 1726 1890 
3 294 524 566 
3 625 1455 1771 
1 979 
1 1680 
6 139 905 1500 1568 1736 1854 
2 1166 1431 
2 1320 1727 
2 709 1039 
4 403 750 790 803 
2 295 452 
1 934 
1 485 
4 305 720 1207 1353 
2 1619 1892 
4 27 224 773 1131 
2 200 300 
2 1207 1604 
1 1122 
3 441 1049 1876 
3 164 169 1719 
1 859 
4 101 695 1329 1708 
4 456 727 921 959 
3 212 699 1936 
2 821 1096 
3 474 1194 1198 
1 1106 
1 220 
2 258 337 
2 794 1275 
3 1121 1146 1836 
1 86 
3 281 342 873 
1 738 
2 879 1631 
5 848 1448 1495 1988 1993 
5 603 1285 1320 1517 1904 
1 1780 
3 383 551 1319 
2 786 829 
4 194 708 975 1348 
2 747 1849 
1 1741 
2 106 653 
8 0 32 363 1060 1644 1748 1781 1968 
1 1064 
2 1044 1328 
6 14 268 1507 1541 1739 1854 
2 681 1967 
1 523 
3 456 855 1490 
6 137 613 1021 1276 1346 1938 
3 39 368 1152 
5 78 274 352 423 1252 
4 408 846 1776 1947 
3 9 213 1884 
1 1972 
7 268 274 322 573 863 904 1294 
4 73 972 1612 1990 
0 
4 49 302 464 1995 
2 165 1605 
2 147 966 
6 224 302 997 1800 1860 1996 
5 112 493 509 963 1263 
5 279 446 984 1630 1710 
5 72 367 827 909 1159 
3 4 1499 1853 
1 704 
4 408 1018 1096 1648 
4 404 1235 1501 1701 
3 167 534 1039 
3 228 236 1122 
1 1270 
1 1075 
4 1154 1410 1909 1975 
3 690 1047 1785 
4 451 674 1355 1695 
3 93 98 1517 
3 76 702 1791 
3 21 407 1767 
3 243 1246 1557 
3 407 685 1472 
2 1802 1897 
1 1108 
1 1323 
3 1064 1475 1839 
0 
6 192 269 1255 1562 1785 1859 
3 1063 1537 1686 
0 
4 303 594 724 1854 
2 1094 1298 
6 253 444 1211 1418 1455 1565 
2 254 1233 
3 293 303 1579 
5 65 201 774 1035 1113 
3 165 1038 1067 
2 368 1825 
1 107 
2 612 1394 
1 1959 
3 175 556 1412 
5 1 417 587 1218 1529 
4 407 654 852 1124 
4 202 318 1343 1527 
2 153 864 
3 624 1460 1698 
1 386 
3 215 236 1968 
3 663 1384 1769 
3 697 1385 1575 
7 136 229 980 1239 1418 1430 1509 
4 1473 1510 1686 1840 
1 337 
3 457 560 1908 
4 1274 1682 1757 1790 
1 1787 
7 7 701 717 746 943 1706 1936 
1 850 
4 577 1150 1347 1361 
4 348 625 669 1583 
0 
2 1316 1726 
2 675 1947 
2 772 843 
5 411 669 862 1488 1559 
4 868 981 1072 1528 
4 187 623 1016 1111 
1 1620 
3 372 1347 1842 
5 272 643 723 1411 1688 
4 12 165 228 348 
4 143 301 530 1578 
3 633 1305 1834 
2 423 832 
2 1004 1540 
7 237 416 661 1097 1220 1653 1992 
4 1025 1188 1218 1464 
1 456 
3 807 1393 1533 
4 359 1089 1094 1267 
3 237 900 1743 
2 494 715 
3 46 1664 1758 
2 138 174 
3 480 555 1228 
3 569 1203 1701 
1 251 
5 640 830 860 1739 1856 
2 1648 1726 
4 396 584 781 1360 
3 635 703 1846 
5 754 1432 1584 1639 1722 
4 573 1072 1543 1968 
2 910 1561 
5 147 243 1656 1960 1999 
2 1589 1645 
2 537 1500 
5 156 394 468 910 1548 
2 48 383 
4 9 572 1287 1762 
4 548 686 953 1094 
2 9 599 
5 314 808 1233 1605 1607 
5 312 1302 1312 1600 1930 
2 1100 1222 
1 499 
3 1 468 1579 
2 363 492 
5 710 971 1018 1366 1566 
2 431 1194 
3 904 1642 1796 
3 1259 1643 1741 
3 111 765 1588 
1 821 
4 313 1086 1599 1643 
2 457 544 
3 59 1333 1821 
3 133 1302 1704 
2 300 1010 
1 578 
3 406 990 1561 
2 911 1021 
2 33 1352 
6 494 525 526 939 1546 1734 
3 719 1553 1730 
2 928 1478 
3 407 1499 1924 
1 1444 
4 446 919 1436 1926 
3 321 1709 1895 
6 50 99 278 303 1459 1987 
5 375 507 862 1529 1669 
2 1400 1438 
2 1136 1166 
0 
3 656 1527 1975 
2 1566 1805 
3 182 1081 1548 
3 342 727 1714 
2 1107 1406 
4 1180 1292 1426 1456 
5 169 404 871 1293 1428 
5 191 465 814 1538 1833 
1 260 
1 957 
1 1497 
3 1471 1628 1852 
3 1450 1906 1943 
4 573 821 1537 1916 
3 1322 1441 1577 
5 521 1282 1648 1801 1895 
1 1438 
2 1140 1699 
2 347 850 
1 1966 
3 639 1628 1707 
1 1376 
2 874 1864 
2 865 1981 
1 261 
6 43 314 475 712 1433 1679 
1 1068 
2 16 1383 
3 387 958 1129 
4 120 585 1467 1968 
2 51 1503 
3 713 1018 1257 
4 549 739 1313 1844 
2 701 1284 
3 142 708 1027 
2 1488 1676 
3 713 970 1522 
3 92 933 1566 
3 490 679 1044 
6 267 638 1275 1294 1668 1898 
2 484 680 
2 694 1591 
2 679 973 
0 
0 
2 877 1606 
1 772 
2 1384 1778 
3 157 759 827 
3 221 1385 1662 
4 333 453 833 1911 
2 145 1294 
2 613 1187 
6 1150 1335 1711 1725 1906 1938 
4 4 669 1404 1565 
1 544 
6 566 722 1548 1569 1681 1684 
5 43 260 294 1100 1372 
1 812 
4 798 904 1376 1395 
0 
3 169 1661 1931 
2 470 1393 
4 283 529 601 1630 
2 78 971 
4 243 704 879 1371 
3 388 390 1119 
2 550 787 
2 633 1076 
3 649 939 1217 
6 299 462 680 906 1647 1989 
6 291 428 553 564 1391 1558 
1 489 
6 101 216 725 1515 1539 1544 
3 14 148 786 
4 289 752 988 1928 
3 597 1183 1275 
2 1384 1716 
2 498 1534 
4 360 597 909 1135 
5 208 408 632 1374 1762 
4 343 680 1029 1289 
2 1569 1864 
4 436 959 1152 1850 
4 3 66 979 1939 
3 848 953 1320 
4 188 789 802 925 
1 1084 
5 1020 1408 1516 1838 1906 
3 329 884 1957 
2 161 1572 
1 838 
5 73 246 584 1015 1390 
4 0 628 1264 1883 
6 243 462 852 1035 1064 1295 
2 546 1594 
3 1268 1873 1876 
5 477 541 1589 1740 1743 
2 874 1104 
2 457 1369 
1 1686 
1 535 
2 216 1552 
1 254 
2 400 1806 
1 966 
2 786 971 
0 
2 757 1553 
4 396 1051 1308 1414 
6 119 193 372 894 910 1686 
4 422 732 1011 1232 
2 381 814 
2 570 650 
2 51 770 
2 1156 1815 
4 317 560 1217 1718 
4 100 118 596 1117 
3 161 1002 1389 
2 117 196 
3 1249 1370 1557 
3 1186 1340 1713 
5 308 1159 1169 1252 1794 
0 
6 763 799 859 1030 1409 1667 
3 175 462 1584 
3 281 444 586 
3 229 896 1173 
3 40 250 1229 
0 
7 344 932 1294 1785 1848 1917 1933 
7 422 578 675 736 1295 1736 1756 
3 283 472 1596 
3 418 1010 1823 
2 230 1599 
2 1042 1070 
3 82 1452 1920 
2 474 1467 
4 654 993 1218 1260 
1 352 
5 426 1050 1708 1748 1878 
0 
4 998 1067 1776 1986 
2 963 1415 
2 123 798 
0 
1 1865 
4 878 1107 1711 1904 
6 23 173 401 1287 1379 1834 
4 248 395 696 1309 
5 6 1011 1285 1375 1939 
2 607 939 
1 259 
4 505 553 1090 1682 
2 1322 1616 
4 475 478 708 1457 
5 69 740 1623 1759 1880 
3 208 694 742 
3 1271 1392 1901 
1 1386 
2 630 1452 
5 57 85 800 1181 1318 
3 1079 1159 1229 
5 271 556 1148 1910 1981 
4 600 704 1336 1669 
3 1452 1685 1698 
2 766 1041 
5 791 1069 1367 1625 1907 
0 
5 34 1341 1381 1435 1693 
2 80 1616 
1 305 
2 615 1786 
4 894 1169 1481 1882 
3 103 1368 1487 
6 70 225 482 515 556 1900 
1 1947 
3 5 371 414 
5 470 512 1263 1499 1779 
3 1450 1566 1762 
4 335 1157 1308 1618 
4 264 430 941 1059 
4 250 1337 1364 1769 
3 893 1270 1917 
4 419 448 707 1931 
1 211 
5 280 810 1051 1275 1433 
6 279 1150 1352 1380 1416 1558 
0 
3 180 1186 1944 
5 167 528 1160 1435 1461 
5 9 66 291 758 1100 
3 1685 1687 1705 
1 1469 
0 
4 941 955 1757 1892 
3 81 1121 1293 
6 626 657 981 1108 1722 1985 
3 850 1042 1393 
3 983 1113 1315 
2 1277 1350 
1 185 
1 589 
4 335 694 717 1805 
3 93 420 1303 
5 198 393 1335 1504 1869 
7 339 736 939 1038 1111 1145 1615 
0 
4 658 995 1159 1712 
3 1356 1755 1839 
3 779 1339 1476 
6 293 309 942 1610 1753 1905 
5 166 740 1420 1700 1747 
2 646 1126 
1 1770 
2 1474 1769 
2 852 1707 
4 123 752 1511 1697 
3 473 817 979 
4 148 710 760 955 
3 44 1358 1513 
4 498 585 1347 1807 
8 168 405 461 521 678 1646 1895 1997 
3 267 282 1846 
3 88 108 1702 
4 167 503 581 1198 
2 1243 1346 
4 436 495 798 1424 
3 215 894 1346 
0 
1 890 
3 1590 1783 1792 
4 85 1645 1873 1927 
5 290 425 803 1006 1240 
1 1983 
3 223 642 1161 
3 1105 1585 1932 
4 320 953 1533 1549 
2 288 779 
5 203 785 808 1559 1833 
3 849 885 1195 
2 279 1311 
1 127 
4 105 351 1032 1114 
4 172 514 1535 1751 
1 208 
2 415 1546 
0 
6 188 596 697 860 862 1873 
4 1172 1390 1399 1632 
2 184 670 
2 1247 1442 
1 1216 
5 18 690 1033 1628 1984 
5 380 1047 1114 1789 1804 
0 
1 1035 
4 428 554 946 1733 
2 175 396 
5 3 36 356 464 1017 
4 240 619 1335 1910 
3 174 1827 1964 
4 349 938 1132 1973 
2 1354 1689 
5 110 448 1095 1355 1358 
6 39 112 302 323 372 1226 
3 604 1339 1611 
4 654 1601 1786 1955 
7 52 530 927 952 1095 1449 1674 
4 17 1251 1332 1394 
4 778 846 1789 1858 
0 
4 139 319 579 1052 
1 1975 
2 1115 1319 
2 295 1015 
2 153 1889 
5 457 1151 1338 1939 1955 
1 1077 
5 526 648 931 1074 1173 
3 1125 1744 1958 
0 
5 148 757 1440 1876 1979 
3 866 1178 1428 
2 865 1044 
3 369 967 1326 
1 293 
1 1101 
2 852 1503 
3 386 1418 1751 
4 768 1012 1375 1543 
1 602 
3 18 219 859 
2 920 1933 
2 746 1923 
3 760 1647 1951 
1 846 
1 1414 
2 311 1959 
3 32 349 731 
4 186 486 1164 1404 
3 423 795 1185 
4 117 135 493 1435 
8 39 997 998 1082 1298 1532 1780 1840 
3 656 1077 1092 
5 278 398 672 1009 1435 
5 69 800 831 1544 1571 
6 415 1121 1271 1295 1479 1489 
9 112 408 422 807 965 1039 1571 1745 1797 
5 176 267 1048 1116 1313 
3 391 1642 1936 
0 
3 272 908 946 
2 182 349 
3 75 1008 1548 
4 217 247 1026 1143 
2 799 1259 
0 
4 445 586 1013 1596 
5 387 422 1289 1544 1826 
4 1396 1714 1726 1838 
5 578 787 981 986 1591 
5 96 376 596 1252 1329 
2 1603 1837 
1 1985 
5 430 512 1174 1361 1850 
3 1170 1571 1995 
4 938 1075 1300 1765 
2 1399 1595 
5 587 1037 1059 1203 1519 
6 136 615 646 1373 1840 1964 
3 902 919 1247 
3 348 1432 1526 
3 35 759 1587 
1 1500 
5 1382 1699 1806 1847 1896 
2 1830 1871 
5 404 933 1057 1456 1933 
2 752 895 
4 760 909 1495 1862 
3 500 1201 1857 
3 43 734 1048 
1 528 
5 736 778 1335 1576 1739 
1 46 
2 286 696 
3 39 171 1432 
5 857 1181 1305 1332 1699 
3 166 1188 1969 
3 2 415 732 
4 254 400 686 1751 
6 289 614 907 976 1368 1992 
5 266 595 934 1828 1979 
4 605 926 946 1819 
5 811 914 998 1636 1785 
3 584 1367 1993 
0 
2 1186 1510 
2 682 1771 
5 198 576 652 983 1935 
5 760 1103 1229 1331 1722 
3 623 1152 1476 
3 1224 1355 1896 
7 21 246 419 574 935 1055 1147 
5 345 675 1324 1476 1936 
3 300 541 1659 
1 1687 
2 977 1996 
1 1591 
7 16 262 347 1036 1226 1519 1916 
2 870 1053 
2 419 762 
5 906 1018 1623 1668 1729 
1 762 
3 387 1590 1795 
2 550 841 
3 113 745 1588 
3 231 494 1510 
3 1298 1574 1911 
1 1326 
2 671 1535 
6 5 472 736 785 1105 1782 
2 730 918 
6 850 1343 1459 1558 1962 1975 
1 1022 
4 336 817 885 1891 
2 260 1706 
1 904 
2 1262 1987 
2 345 556 
8 433 775 1093 1121 1292 1561 1594 1855 
2 784 1593 
4 244 668 1183 1737 
1 797 
3 151 290 579 
1 468 
3 58 73 1828 
6 31 263 1171 1236 1521 1988 
1 1143 
5 451 545 733 1163 1426 
6 31 304 544 827 881 1557 
2 1219 1682 
1 1226 
3 396 714 1760 
2 1610 1989 
4 62 481 505 1811 
6 79 590 1258 1270 1509 1733 
5 31 536 864 1551 1646 
9 188 316 760 961 1028 1068 1299 1893 1940 
3 123 965 1935 
4 725 1633 1649 1911 
4 7 507 767 1298 
3 169 1112 1261 
4 84 196 276 1610 
2 338 671 
4 421 752 1140 1501 
3 1029 1753 1826 
3 343 1134 1354 
2 1687 1989 
4 392 488 813 1932 
4 4 498 783 1044 
2 1245 1921 
4 160 1394 1881 1938 
2 1018 1265 
2 300 511 
1 1633 
3 715 1380 1582 
5 169 491 772 1483 1714 
1 1600 
0 
4 498 565 600 683 
2 175 447 
1 1784 
2 115 684 
2 205 1844 
1 205 
1 1494 
1 384 
2 555 801 
2 183 219 
4 3 883 924 1732 
3 481 746 1857 
2 490 1360 
2 129 535 
2 194 1512 
1 891 
1 1280 
3 128 1698 1795 
1 1640 
3 693 1731 1775 
2 541 1875 
5 118 333 704 1033 1715 
2 417 1157 
1 128 
4 659 793 1386 1618 
2 1316 1527 
3 550 1088 1990 
2 1006 1212 
2 808 1702 
3 494 1467 1699 
3 199 1268 1588 
5 223 1077 1295 1682 1709 
1 818 
6 99 302 414 1012 1029 1312 
2 934 1899 
6 762 839 1030 1087 1411 1813 
1 945 
3 1334 1602 1929 
5 170 406 893 1714 1857 
3 422 998 1509 
6 135 145 273 820 1223 1889 
5 191 769 949 1462 1704 
2 226 931 
3 371 373 1390 
4 112 778 1170 1249 
4 748 1186 1229 1273 
3 19 232 1769 
3 373 888 1331 
5 957 1065 1719 1820 1847 
3 540 1649 1969 
3 27 71 1270 
5 249 301 592 1245 1885 
1 420 
3 550 1006 1718 
0 
4 657 1170 1401 1461 
3 498 1067 1525 
0 
4 13 479 848 1869 
3 20 567 574 
5 801 888 1584 1867 1889 
2 233 657 
1 1715 
0 
4 1161 1475 1611 1627 
0 
3 198 1035 1829 
5 1028 1200 1475 1661 1891 
2 1901 1913 
4 38 81 1519 1986 
2 737 1110 
4 641 831 1168 1535 
2 1801 1919 
2 1017 1552 
1 1472 
4 663 1008 1237 1932 
3 629 881 1860 
2 528 1087 
2 303 747 
3 224 560 754 
5 40 910 1655 1849 1869 
2 144 1181 
4 998 1153 1764 1876 
2 1195 1574 
1 1787 
2 542 1951 
3 1373 1394 1601 
4 480 640 1714 1741 
4 226 304 1162 1265 
3 292 453 1418 
6 168 219 340 918 1843 1914 
4 163 236 1037 1554 
3 101 1537 1877 
3 347 466 500 
0 
2 1218 1526 
1 1590 
4 1062 1391 1432 1467 
3 295 1546 1955 
1 1297 
4 149 204 210 1257 
5 229 539 615 1542 1639 
6 348 509 727 1429 1757 1789 
2 299 593 
3 945 1877 1946 
2 409 1899 
0 
6 163 353 406 698 1392 1748 
4 298 1509 1562 1958 
1 938 
3 542 954 1881 
3 77 1515 1926 
1 1800 
2 556 1036 
2 76 1673 
4 144 939 1115 1370 
1 999 
3 968 1372 1920 
4 366 523 698 1611 
2 1000 1454 
3 130 767 1846 
2 1347 1994 
5 88 892 902 1440 1563 
6 510 966 1158 1615 1798 1884 
5 423 1060 1509 1672 1716 
3 14 74 1946 
4 743 943 1738 1788 
5 278 1205 1300 1689 1743 
0 
6 373 526 783 1233 1432 1801 
4 188 1463 1529 1656 
4 794 881 1092 1787 
4 616 660 892 973 
1 1958 
1 1391 
3 231 752 1568 
5 247 289 662 960 1015 
2 1913 1934 
7 60 245 470 837 1236 1306 1555 
2 760 1057 
0 
3 254 539 892 
6 301 636 686 1004 1674 1894 
2 597 867 
1 383 
0 
5 349 746 1646 1656 1907 
1 841 
4 500 559 1468 1991 
4 350 1659 1917 1942 
4 80 164 1283 1677 
3 148 294 1338 
3 83 322 389 
1 1762 
0 
4 15 249 1640 1709 
2 165 170 
4 49 173 856 1398 
3 925 1020 1230 
5 728 1226 1291 1336 1408 
5 86 262 1727 1858 1981 
1 737 
1 892 
3 174 710 1238 
3 34 549 1641 
0 
4 1257 1379 1652 1762 
2 546 826 
1 1037 
3 308 358 657 
2 1661 1731 
2 81 104 
5 150 494 1402 1542 1969 
2 60 942 
2 234 1613 
3 414 804 1632 
4 55 1179 1576 1703 
4 452 526 1521 1878 
5 660 858 1374 1767 1993 
2 1217 1776 
5 705 824 1449 1783 1797 
3 506 1240 1835 
3 301 1116 1957 
4 256 259 1319 1730 
6 87 117 1125 1217 1734 1987 
3 299 412 1930 
4 1 737 1242 1705 
3 956 1245 1746 
3 918 1140 1601 
2 279 1043 
4 212 1032 1093 1338 
1 2 1 3 2 2 2 4 3 4 1 2 1 3 2 2 2 2 1 1 1 2 1 2 2 3 1 1 1 2 2 3 3 2 1 2 2 4 1 1 2 2 1 3 1 1 2 1 1 3 2 1 2 2 2 3 1 4 2 2 1 3 2 3 1 1 3 1 1 1 4 1 2 2 2 2 3 2 2 2 2 1 1 1 1 3 4 1 3 1 1 2 3 2 2 1 2 1 1 3 1 2 1 3 1 1 1 2 2 2 1 3 2 1 2 3 1 1 1 2 1 1 2 3 1 1 1 1 2 2 2 2 1 2 3 1 1 1 2 1 3 1 1 2 3 3 1 4 4 2 1 2 1 2 1 1 1 1 1 2 3 2 2 2 2 4 1 3 3 4 2 1 2 2 2 5 1 1 1 2 2 1 1 3 1 1 2 2 1 1 1 1 1 1 2 2 1 2 1 1 2 1 3 1 2 3 3 1 1 1 2 3 1 3 1 1 2 2 1 1 2 2 1 3 1 2 2 2 1 1 2 2 2 2 3 1 3 3 3 1 4 1 2 4 1 1 1 3 1 3 3 2 2 1 1 1 2 1 3 2 4 3 4 2 1 2 2 2 1 1 1 1 1 1 2 2 1 1 2 2 1 1 2 1 1 2 1 2 1 2 2 2 1 2 3 2 1 1 2 4 4 4 2 2 3 1 1 1 1 2 1 3 2 2 1 2 1 1 1 1 1 1 3 1 1 1 1 3 1 1 1 1 3 2 1 2 1 1 4 2 1 2 1 1 1 3 1 1 1 2 1 1 3 2 3 1 1 1 1 1 2 1 1 1 3 1 2 3 2 4 1 2 1 1 1 1 4 1 1 3 4 1 2 3 2 1 1 2 1 1 2 1 2 3 2 1 4 2 2 3 1 2 1 4 5 2 2 2 2 3 1 1 3 3 3 1 1 2 3 2 2 2 2 4 1 2 1 2 3 2 1 2 2 1 2 3 2 4 2 1 2 1 2 1 1 1 3 1 5 1 1 2 2 1 1 1 1 2 2 1 2 2 2 2 2 1 1 1 2 1 1 1 1 1 2 1 3 2 1 2 1 1 1 1 2 2 2 2 3 3 2 1 1 1 2 2 3 2 2 2 1 1 1 3 1 2 1 1 1 4 3 3 1 1 2 2 2 2 2 1 1 2 2 2 2 4 2 1 3 2 2 1 2 2 2 2 1 1 4 2 3 2 2 2 1 2 1 1 3 1 3 2 1 2 2 1 4 1 1 1 2 2 1 2 1 2 2 1 2 1 2 1 1 3 1 1 1 2 3 3 1 2 1 1 3 1 3 2 3 1 1 3 3 2 2 2 3 2 1 1 2 1 1 2 2 3 1 2 2 1 1 1 1 4 4 2 1 3 1 3 1 1 1 3 2 3 1 1 2 2 1 1 2 2 1 1 1 1 1 1 4 3 1 1 2 2 3 2 1 3 2 2 1 1 4 2 2 1 3 1 1 1 2 1 1 2 1 1 1 4 3 2 2 2 2 3 2 3 2 2 2 1 3 3 1 3 3 2 1 1 2 2 2 3 3 1 1 3 1 1 1 1 1 1 2 1 1 3 4 1 2 1 1 2 1 2 2 2 1 2 3 2 1 1 4 2 2 1 3 1 1 2 2 2 1 1 2 2 3 1 1 2 1 3 1 3 1 3 2 1 1 2 2 3 1 1 1 2 2 2 2 3 2 1 2 1 3 2 1 1 1 1 1 1 1 2 1 1 2 3 3 1 2 2 2 1 3 1 2 3 1 2 1 2 2 3 1 3 3 1 1 3 3 2 1 2 1 1 1 2 2 1 2 2 1 1 1 1 1 1 1 3 1 2 3 1 4 2 1 2 2 3 2 1 1 1 2 2 2 1 1 2 1 2 1 1 2 1 2 1 2 1 1 1 2 1 2 2 1 3 1 2 3 2 3 2 1 2 4 2 3 1 2 3 1 1 1 1 3 4 1 2 2 3 1 1 1 1 1 1 3 2 3 2 1 1 2 1 3 1 2 1 1 1 3 1 2 4 1 2 2 2 2 1 2 2 1 1 1 3 3 1 2 1 1 1 2 1 3 1 2 1 1 1 2 1 1 1 3 3 1 1 3 2 2 2 2 1 1 1 1 1 1 1 2 3 1 2 2 3 2 1 1 1 1 2 2 1 3 3 3 1 2 3 1 2 1 2 1 1 1 1 1 1 3 2 3 1 3 2 2 1 1 1 2 1 3 2 4 3 2 2 2 2 3 1 2 1 3 1 1 2 3 3 1 3 2 2 1 1 1 3 1 3 1 3 2 1 1 2 1 2 3 1 2 2 1 2 2 3 1 2 3 2 2 1 1 3 1 1 3 1 1 1 4 2 4 1 1 3 1 1 1 2 1 3 1 2 4 1 2 1 1 3 2 1 2 2 2 2 3 1 1 1 1 1 2 2 3 1 2 2 2 2 1 1 2 3 2 1 3 2 1 2 3 2 1 2 3 2 2 2 2 1 1 2 2 1 3 1 1 4 1 1 2 2 2 3 2 2 2 1 3 1 1 2 1 1 1 1 2 1 1 3 1 4 1 1 1 3 2 2 2 3 1 2 2 2 1 4 1 1 3 2 2 1 3 1 4 1 2 1 3 1 1 2 3 2 3 3 2 1 1 4 2 1 2 1 1 2 3 1 1 1 2 3 2 1 2 2 2 1 1 3 2 2 1 1 2 1 2 1 2 1 2 1 1 1 1 1 1 1 1 1 2 2 2 2 1 3 3 1 2 5 3 1 1 1 2 4 3 1 1 2 1 3 3 4 1 1 1 3 3 1 2 1 2 2 1 1 3 2 1 1 1 3 1 1 2 1 4 1 1 3 2 2 2 1 3 1 1 1 2 1 1 3 3 2 1 1 2 2 2 1 3 2 2 1 1 1 3 1 3 2 1 1 1 3 2 2 1 1 2 2 2 1 3 1 1 2 2 2 2 2 1 1 3 1 2 2 1 3 2 2 2 3 2 1 2 2 2 3 2 3 2 2 3 1 2 1 1 2 3 1 2 2 2 1 1 3 1 1 2 1 1 1 1 5 1 2 4 1 1 2 1 4 1 2 1 3 2 2 2 3 1 2 2 1 1 2 1 1 1 3 3 1 1 3 1 2 2 2 1 1 2 1 1 1 3 3 3 4 2 2 2 1 2 1 4 1 1 1 1 1 2 2 2 3 1 3 1 2 1 1 2 3 2 1 2 1 3 2 3 3 3 3 2 1 2 1 4 1 1 1 4 1 2 1 1 3 3 1 1 4 3 2 2 2 3 1 1 4 3 3 2 1 3 2 1 1 1 1 2 3 1 2 1 1 3 4 1 2 1 2 1 4 2 1 2 3 3 2 1 2 1 2 3 1 1 2 4 2 2 1 1 2 1 2 1 2 1 3 2 1 1 2 1 1 3 1 1 1 1 1 2 2 2 2 1 2 2 1 2 1 4 1 3 1 4 1 2 1 2 2 3 1 1 2 2 1 2 2 1 1 1 3 1 1 1 2 1 3 2 1 2 2 2 1 2 2 2 2 1 1 2 1 1 2 1 1 1 3 1 2 1 2 1 2 1 2 3 1 1 1 1 1 1 2 1 1 3 2 1 1 2 3 2 2 2 2 3 2 2 1 2 2 1 2 4 2 1 2 3 2 1 1 1 1 4 1 3 1 1 3 3 1 3 3 1 3 1 2 2 1 1 3 1 1 3 1 1 1 2 1 2 1 1 3 2 2 2 2 1 2 1 1 1 1 1 1 2 2 3 1 4 2 3 4 3 2 1 3 3 1 1 2 1 2 3 2 2 1 2 2 3 1 2 1 1 4 2 2 1 1 1 1 4 3 3 2 2 1 4 1 2 2 3 2 3 2 3 1 1 5 1 1 1 1 2 1 1 1 3 2 3 1 1 1 3 2 1 3 1 3 1 2 1 3 1 1 3 2 4 2 2 1 1 2 1 5 1 2 1 1 1 1 4 1 1 4 2 1 2 1 3 3 2 3 4 1 3 1 2 1 1 4 3 1 1 1 2 1 2 1 1 3 2 1 1 1 2 1 2 1 1 2 1 2 2 2 2 3 1 1 1 2 1 1 2 1 3 1 1 3 2 1 1 3 1 3 1 2 1 1 3 1 3 3 1 2 2 3 3 3 1 3 2 1 2 2 2 1 1 1 3 1 1 1 2 4 3 2 1 3 1 3 3 2 3 1 1 2 1 1 2 1 1 1 3 1 2 1 1 1 1 4 2 1 2 2 1 1 2 1 2 2 3 1 2 1 3 2 1 1 1 1 4 3 1 1 1 1 2 1 1 1 2 3 1 1 2 2 4 3 1 1 1 1 3 2 1 2 1 2 3 1 2 3 3 1 4 2 1 1 1 4 1 2 2 3 1 2 1 1 1 1 4 2 1 1 1 1 1 2 1 1 2 1 2 2 2 3 2 2 2 1 1 3 2 2 2 1 1 4 1 3 2 3 1 4 
