930 743
569 37
921 135
451 985
632 738
182 357
627 654
927 298
9 261
311 813
460 253
85 3
249 879
364 719
571 115
550 922
117 201
498 994
200 427
554 14
292 593
520 985
178 901
530 950
801 897
43 779
375 245
356 536
555 797
883 681
81 570
539 250
973 968
636 259
187 360
788 21
710 703
198 780
1000 143
19 485
242 340
606 905
60 273
347 731
247 996
747 790
465 800
201 514
313 114
321 273
651 510
290 589
422 850
513 629
444 915
280 648
242 119
679 953
266 563
194 219
269 870
674 638
908 141
969 122
608 856
504 348
864 981
123 95
316 572
304 293
528 587
131 510
67 211
182 88
16 170
887 120
220 330
162 688
97 529
41 505
683 931
681 507
834 14
511 707
631 852
259 707
538 894
316 864
331 806
419 353
303 982
652 115
517 663
19 813
154 965
243 352
714 217
125 574
840 679
607 312
496 354
307 448
267 868
41 294
771 546
935 961
391 486
336 372
464 215
595 292
773 47
327 911
229 884
187 391
596 113
794 662
391 493
990 732
11 676
140 407
242 285
354 771
280 236
788 850
485 937
92 814
84 441
275 149
180 243
531 595
620 285
80 926
684 135
863 950
265 248
908 604
258 97
378 45
937 383
479 302
356 837
718 170
485 177
929 594
102 589
366 773
865 297
169 136
95 359
555 599
799 183
802 772
377 269
953 151
603 679
809 968
509 67
991 865
112 353
128 799
884 204
675 914
322 783
926 275
695 925
12 118
347 842
509 360
584 536
406 171
255 941
410 879
959 299
745 739
303 895
105 572
302 815
290 117
721 741
446 424
213 577
953 52
686 487
573 536
447 84
305 286
67 815
307 91
843 581
892 807
968 333
19 512
484 830
356 420
988 237
218 614
729 43
410 888
24 911
3 331
422 616
67 90
791 318
451 918
417 17
350 493
685 794
726 708
214 409
256 503
93 702
657 438
907 964
496 219
608 274
502 193
316 980
883 351
845 994
723 229
57 856
121 631
836 470
10 575
91 392
990 919
202 864
875 280
67 730
866 581
656 569
934 667
59 8
258 941
915 60
466 386
490 328
516 154
470 616
48 250
604 371
335 396
291 819
144 243
648 414
953 613
118 386
323 553
465 516
6 907
195 722
648 541
102 650
624 177
210 626
15 197
130 850
146 301
2 495
433 759
676 841
35 899
219 846
694 674
935 232
489 937
843 93
469 102
859 951
380 218
114 187
944 831
626 85
55 875
782 116
637 749
61 745
170 128
151 974
158 111
989 405
379 128
292 582
522 268
82 341
496 437
508 355
98 664
943 12
6 69
510 810
812 157
604 616
958 164
610 857
59 735
570 193
658 216
173 964
862 263
515 686
228 867
457 251
669 697
280 784
24 172
875 1
247 486
152 620
845 510
259 646
438 443
136 509
856 576
160 846
937 568
485 224
145 484
993 825
473 954
724 535
372 880
229 177
85 729
515 911
57 79
36 95
726 387
637 178
812 761
891 366
659 455
906 717
662 135
188 630
95 714
948 850
466 832
499 962
470 670
547 320
361 887
843 555
284 510
770 774
143 426
743 99
333 451
112 140
436 76
313 818
206 586
280 994
195 772
47 277
171 580
993 430
606 429
857 442
934 780
423 323
80 940
596 845
495 877
792 917
201 437
146 70
710 898
168 518
526 854
735 408
418 291
717 275
183 537
990 540
662 191
604 295
95 238
298 76
71 308
218 383
775 287
733 968
208 536
108 581
740 867
700 709
838 428
471 566
796 452
353 928
379 220
136 148
741 737
736 560
151 113
318 932
982 573
555 394
923 111
787 401
427 550
278 362
52 567
823 999
925 54
100 289
158 910
733 785
648 189
1000 665
822 147
371 331
260 109
900 594
311 325
246 337
725 972
77 153
542 379
996 254
131 934
349 900
302 90
529 326
459 521
448 591
29 595
11 868
523 423
487 346
220 371
109 500
313 384
441 464
19 25
568 459
53 485
493 106
507 547
173 338
891 70
641 602
178 129
524 744
67 148
78 328
195 928
656 452
184 440
449 977
820 688
769 654
572 578
356 619
398 159
40 375
978 811
179 330
608 444
551 909
194 324
399 518
707 773
751 968
409 204
918 739
279 577
879 400
414 190
337 447
294 294
20 668
63 593
861 472
580 493
316 764
290 862
683 723
925 633
913 736
68 77
168 862
358 692
836 703
622 473
734 967
675 114
191 433
730 439
529 90
56 555
930 389
514 387
130 119
176 565
479 500
90 707
23 825
713 288
695 252
9 450
185 617
485 264
987 102
716 14
221 545
387 399
162 385
875 626
212 178
948 880
210 381
178 541
275 406
927 645
631 256
473 785
227 438
293 722
190 556
996 158
482 798
389 48
597 262
620 948
136 740
961 915
447 249
348 972
451 748
280 69
941 833
685 856
204 71
666 416
704 121
90 46
360 407
39 87
937 750
613 129
847 477
328 494
889 425
160 567
120 292
212 653
737 321
629 372
196 683
564 370
555 878
135 334
638 998
8 124
775 327
262 888
258 893
88 536
887 445
791 231
282 380
859 984
323 38
137 456
482 345
340 95
653 819
274 247
838 562
360 486
590 387
984 513
319 556
745 146
144 62
120 580
209 885
518 435
818 986
50 634
616 195
345 127
728 921
195 953
214 386
392 829
912 304
810 5
950 635
196 59
949 474
180 565
677 511
181 409
232 916
520 610
420 664
91 27
162 374
203 28
295 360
559 835
459 672
548 468
41 664
264 660
782 99
473 850
198 866
766 864
691 491
9 425
383 88
715 379
228 588
840 150
577 739
477 901
536 762
551 717
286 708
5 732
171 567
121 437
251 551
123 944
676 361
527 62
800 331
120 22
245 418
733 946
524 307
458 758
31 598
250 137
46 968
332 476
532 728
20 499
821 68
259 658
554 925
161 915
705 625
66 893
727 167
815 910
175 984
511 156
24 652
621 56
721 706
156 188
168 109
608 159
396 219
647 734
511 959
776 245
96 34
778 343
1000 893
336 178
700 754
35 567
642 76
417 209
215 20
13 883
968 989
175 102
968 938
150 691
690 527
547 190
479 454
175 589
281 563
551 832
609 201
895 24
670 542
5 436
864 604
904 674
940 330
785 963
728 459
864 74
746 837
730 366
324 845
801 566
138 897
565 53
847 205
346 351
245 866
993 290
811 220
988 856
516 75
276 12
142 845
509 682
528 385
357 957
911 535
201 3
795 294
792 435
630 14
876 627
621 616
838 659
401 995
121 54
408 848
106 161
640 760
38 644
236 580
5 322
186 452
773 884
291 372
426 978
373 245
597 420
942 576
539 374
250 353
319 915
519 793
738 499
463 467
258 272
421 508
97 997
132 285
920 520
324 498
971 554
302 272
854 628
170 979
408 372
174 853
63 344
570 430
717 754
747 528
746 973
757 314
833 623
468 160
663 176
940 953
473 746
839 377
382 632
687 503
534 300
797 585
456 268
170 567
130 757
203 638
932 411
34 751
958 784
883 199
260 443
308 231
830 474
377 134
613 611
462 814
315 375
407 4
603 408
812 692
609 285
209 789
482 508
397 89
63 167
337 424
822 402
180 45
946 67
116 953
140 763
583 22
2 292
331 934
462 972
811 974
98 521
483 573
220 973
414 818
980 637
526 389
229 924
499 859
35 261
455 376
18 544
26 689
848 84
402 960
228 495
134 99
390 754
874 414
128 777
933 104
158 697
881 548
218 138
259 50
395 967
532 477
463 203
351 125
191 959
652 568
18 234
868 436
748 448
806 337
656 678
993 333
820 492
803 887
756 731
338 440
866 202
985 463
620 12
5 324
374 764
385 543
346 236
454 570
53 706
903 196
411 460
220 103
734 573
733 989
203 880
505 375
62 389
959 69
560 730
558 725
125 524
640 269
187 342
452 763
727 808
60 912
930 164
356 768
517 669
77 38
616 785
880 877
217 129
334 169
283 446
696 519
413 598
427 731
677 879
774 801
972 372
375 774
676 853
266 55
23 844
979 50
978 437
935 652
34 893
726 930
486 967
460 580
285 827
560 207
417 736
220 147
836 491
982 364
809 385
934 212
727 873
89 873
969 853
29 922
602 794
719 424
791 430
241 227
333 386
520 115
629 289
709 712
909 600
986 636
418 869
695 703
874 868
789 187
662 304
644 825
16 888
704 715
217 691
857 300
230 860
59 165
4 473
282 626
793 304
994 140
