m 1900
3 565 654 1207 
0 
2 972 1499 
3 1429 1538 1767 
2 1260 1261 
3 786 987 1316 
2 301 1868 
4 239 769 779 1523 
2 1131 1385 
1 1465 
2 815 1597 
3 185 414 1104 
4 578 647 829 1478 
1 1187 
1 1065 
1 1480 
1 870 
5 247 612 961 1673 1687 
6 55 937 1047 1225 1282 1495 
0 
1 867 
2 467 1108 
4 935 1016 1311 1862 
1 902 
4 775 1203 1628 1799 
2 92 1452 
3 335 1308 1667 
1 310 
1 1285 
2 652 1520 
2 1245 1570 
4 1170 1523 1528 1679 
1 1031 
3 190 1675 1870 
2 752 884 
0 
5 755 782 1215 1323 1705 
6 153 184 479 855 1378 1841 
1 1061 
1 224 
3 278 664 897 
1 1047 
1 206 
7 411 499 576 851 1746 1824 1896 
1 206 
4 777 1302 1357 1736 
5 678 1262 1305 1369 1778 
2 1096 1303 
5 67 73 347 1402 1469 
3 426 1046 1828 
0 
1 1576 
3 64 623 739 
5 117 392 455 1464 1733 
2 979 1127 
4 18 202 1694 1896 
4 444 1328 1610 1801 
4 295 480 1751 1773 
2 1450 1604 
2 1193 1472 
3 494 948 1079 
2 705 1620 
3 1371 1378 1847 
4 233 351 967 993 
3 52 1151 1794 
0 
3 394 543 1408 
2 48 588 
3 230 456 1891 
4 581 965 1569 1577 
2 940 1182 
2 1523 1873 
1 380 
4 48 730 1252 1621 
3 920 1349 1793 
1 345 
5 93 339 772 1153 1164 
2 466 1009 
2 209 776 
0 
3 921 1494 1852 
2 1091 1227 
0 
3 224 454 1147 
2 457 556 
2 1142 1756 
0 
3 173 1187 1579 
2 932 1452 
3 499 572 593 
3 140 198 1652 
4 368 613 751 1035 
4 25 1005 1048 1540 
4 76 291 1750 1755 
3 609 924 1318 
2 131 618 
1 838 
2 1173 1534 
4 144 294 1748 1823 
1 815 
2 187 553 
3 396 629 1770 
1 1611 
2 1082 1801 
0 
2 637 1251 
0 
1 731 
4 702 1338 1679 1880 
4 342 562 726 1649 
1 432 
3 967 1102 1663 
1 769 
2 220 1153 
3 1522 1812 1885 
7 449 566 685 990 1027 1310 1480 
2 628 1516 
2 53 1173 
2 695 1568 
1 1879 
0 
3 443 1596 1737 
4 572 1486 1684 1807 
2 206 686 
2 639 1294 
2 1182 1420 
1 1185 
4 281 306 545 1811 
1 765 
4 194 287 489 1327 
1 1886 
2 95 1017 
0 
7 156 526 651 1006 1175 1176 1716 
1 1172 
1 1765 
5 187 823 1254 1341 1700 
2 963 1656 
1 418 
1 1664 
3 90 803 1619 
1 1415 
2 194 1742 
4 341 1281 1304 1398 
4 98 470 1243 1853 
2 319 1085 
3 259 319 552 
1 1354 
3 551 1100 1330 
5 1222 1252 1332 1549 1610 
3 252 444 835 
3 286 846 1207 
4 170 845 946 1800 
5 37 268 586 653 1235 
3 877 1161 1340 
0 
2 133 243 
2 1067 1729 
3 160 1109 1307 
2 1031 1293 
3 158 795 1135 
0 
0 
1 1173 
1 1242 
2 1357 1386 
2 184 1685 
0 
1 1892 
1 1097 
5 152 958 1221 1404 1719 
0 
3 345 610 1725 
1 87 
0 
1 645 
4 886 1672 1892 1893 
2 794 1710 
2 1225 1234 
2 427 440 
2 306 1299 
1 1496 
2 347 398 
2 1111 1774 
2 37 166 
4 11 1412 1641 1769 
3 867 1164 1639 
4 100 136 431 1868 
4 246 1027 1221 1723 
0 
3 33 905 1536 
1 1072 
2 1524 1830 
1 853 
5 129 142 884 906 1894 
3 1079 1197 1442 
3 297 702 1335 
2 1446 1496 
2 90 304 
3 1303 1488 1791 
3 245 324 1249 
3 632 714 1899 
3 55 1109 1124 
3 409 721 1017 
4 646 1042 1250 1667 
1 517 
7 42 44 123 561 1146 1777 1867 
2 302 1130 
2 632 1567 
4 78 479 1672 1874 
2 428 574 
3 523 762 778 
4 667 741 894 944 
3 450 530 681 
2 996 1444 
2 221 1733 
2 379 1227 
3 869 1181 1645 
0 
1 1361 
2 113 639 
5 215 308 1656 1803 1888 
5 231 348 370 610 1435 
0 
3 39 83 240 
0 
2 346 1572 
1 716 
0 
2 1530 1631 
3 68 1653 1688 
4 222 652 849 1194 
3 570 806 1745 
1 63 
4 611 811 1698 1772 
3 507 588 1252 
5 242 1151 1399 1401 1803 
1 524 
3 681 1477 1756 
2 7 1159 
3 224 262 277 
3 916 1288 1358 
4 236 533 1022 1853 
5 156 338 591 621 923 
2 676 714 
2 200 874 
2 188 1529 
2 17 293 
1 833 
3 1042 1520 1789 
2 588 1340 
3 1114 1610 1843 
2 150 1074 
2 311 1207 
2 461 854 
1 786 
2 774 1441 
0 
4 455 657 1036 1273 
4 146 265 560 1307 
1 479 
3 315 358 708 
6 240 520 603 997 1148 1319 
0 
2 648 1352 
6 259 467 1073 1093 1107 1632 
2 1102 1548 
2 332 519 
4 153 555 1555 1753 
4 795 1032 1274 1457 
3 727 873 1148 
2 748 1362 
2 1167 1843 
4 1046 1103 1121 1863 
2 291 1205 
2 587 1661 
4 751 1170 1214 1594 
2 240 736 
4 40 846 1146 1427 
1 1570 
5 414 494 622 796 897 
3 127 1229 1249 
3 821 1003 1163 
2 602 820 
1 649 
2 927 1226 
3 151 584 940 
3 129 689 727 
1 1117 
2 1587 1822 
1 1811 
5 93 274 803 1354 1794 
2 1612 1835 
4 247 488 513 918 
1 98 
3 57 684 1188 
4 955 1070 1097 1267 
3 196 1428 1449 
1 799 
1 1158 
4 541 936 981 1540 
3 6 1021 1129 
2 207 1347 
1 1684 
3 198 763 886 
3 410 545 1720 
4 127 180 1204 1277 
0 
3 221 733 1579 
2 1057 1183 
3 27 587 1743 
2 253 1464 
4 1043 1373 1374 1872 
4 588 984 1414 1796 
2 484 1565 
1 261 
1 1223 
4 686 1101 1255 1262 
3 344 406 430 
5 145 146 828 1848 1892 
2 526 1790 
3 637 1093 1141 
2 1622 1811 
1 411 
1 200 
2 407 1612 
1 1251 
3 761 1185 1364 
3 409 1669 1890 
2 1330 1515 
2 472 1723 
2 1196 1812 
3 267 611 980 
2 361 1397 
2 686 1777 
2 26 1388 
4 553 1356 1570 1576 
0 
4 243 1434 1679 1894 
2 76 993 
1 1646 
1 143 
5 109 530 705 805 1379 
2 354 1848 
3 318 428 948 
2 75 172 
3 226 561 1492 
3 48 182 1198 
2 222 1124 
0 
3 1481 1600 1882 
4 63 607 979 1032 
2 629 776 
2 387 1734 
4 343 752 1501 1605 
0 
2 753 1002 
4 491 1025 1282 1436 
3 261 1149 1227 
6 386 839 1067 1553 1562 1742 
4 487 809 1103 1783 
4 333 451 941 1399 
4 555 562 831 1231 
2 414 1030 
2 726 1582 
2 475 1517 
3 1120 1318 1329 
3 712 1522 1548 
1 91 
4 447 689 823 1412 
1 222 
3 392 740 1831 
3 1354 1447 1625 
2 602 1327 
4 474 590 704 1360 
4 488 617 1061 1787 
2 822 1180 
3 774 810 900 
1 996 
4 216 516 982 1178 
2 72 1865 
0 
2 1218 1721 
2 801 1170 
2 764 1339 
0 
6 359 594 1215 1376 1383 1400 
3 353 1531 1766 
4 478 1437 1674 1719 
1 1408 
3 588 740 1828 
2 1070 1448 
3 53 371 717 
2 1232 1281 
5 66 518 1040 1116 1351 
3 1476 1617 1732 
2 101 1759 
3 1063 1073 1821 
1 182 
1 1562 
6 402 495 964 1230 1738 1782 
7 725 919 1003 1018 1030 1504 1663 
1 400 
4 874 1039 1158 1419 
2 1521 1740 
4 661 765 1168 1549 
1 318 
3 325 1138 1367 
0 
2 203 328 
2 305 1117 
4 43 323 1502 1759 
3 993 1017 1606 
0 
7 11 280 363 1018 1403 1418 1527 
2 1628 1676 
4 468 1241 1719 1791 
0 
3 138 533 1745 
5 742 949 1312 1405 1678 
3 527 1102 1364 
1 865 
1 1015 
3 795 1108 1526 
0 
5 468 531 1129 1286 1737 
4 49 1050 1479 1653 
3 179 650 1803 
3 210 344 574 
2 473 1388 
2 318 1529 
3 187 1061 1867 
4 110 490 673 815 
5 493 545 633 671 1518 
6 441 591 705 800 1508 1799 
2 1210 1828 
1 1357 
0 
4 615 731 1176 1485 
2 624 1347 
2 179 1851 
2 434 1843 
2 864 1704 
6 121 715 751 1289 1466 1620 
4 56 150 870 1139 
3 757 932 1776 
3 639 1523 1588 
2 369 1365 
4 1522 1601 1672 1740 
3 115 1372 1647 
3 213 1716 1777 
1 361 
0 
0 
5 83 545 1178 1271 1328 
3 53 258 1145 
4 68 1075 1547 1742 
3 84 720 1340 
1 876 
2 469 1439 
4 502 528 1231 1409 
6 254 727 808 958 1177 1874 
0 
0 
1 1095 
2 1012 1200 
4 77 1504 1528 1754 
3 21 265 1375 
5 416 425 1108 1259 1437 
2 459 1741 
4 144 722 1379 1817 
2 844 1588 
1 330 
1 429 
3 374 1240 1823 
1 365 
2 946 1060 
1 1190 
3 388 1463 1742 
4 37 209 260 1854 
3 57 1118 1662 
1 1205 
1 1113 
2 673 1492 
2 314 1274 
2 1390 1722 
0 
2 360 588 
4 293 375 1696 1838 
3 129 617 1319 
3 432 870 916 
1 357 
1 1494 
4 433 1046 1050 1654 
4 60 280 624 887 
3 400 1266 1334 
1 1199 
3 786 1317 1383 
5 648 791 1131 1182 1363 
4 43 89 1348 1693 
3 620 629 1130 
2 822 1030 
3 460 1284 1535 
2 889 1856 
1 936 
2 520 1213 
0 
2 235 779 
0 
4 782 1129 1497 1769 
5 820 920 1014 1143 1354 
1 1117 
0 
1 293 
0 
0 
3 379 1423 1465 
2 205 1810 
3 394 1049 1729 
1 267 
4 262 505 1230 1252 
1 1811 
3 703 784 1625 
4 211 882 1176 1564 
5 237 628 636 1086 1146 
2 1121 1490 
3 133 320 1508 
3 420 1045 1085 
1 460 
0 
3 213 342 664 
2 425 1384 
4 574 795 1092 1462 
4 242 418 616 1320 
3 769 982 1313 
0 
1 1798 
0 
2 701 908 
4 1046 1555 1567 1838 
0 
4 300 964 1346 1561 
0 
3 66 995 1112 
1 1434 
5 127 305 433 454 1051 
2 1450 1677 
1 1212 
3 994 1518 1800 
0 
2 1032 1821 
3 148 828 1329 
3 146 872 1432 
7 100 336 1084 1129 1167 1467 1682 
3 991 1398 1408 
3 268 362 1688 
3 84 1527 1679 
1 1238 
1 1075 
1 699 
1 259 
2 206 346 
4 109 362 943 983 
1 1868 
1 1495 
1 0 
2 115 1049 
4 693 750 828 1504 
1 765 
1 664 
2 232 989 
0 
2 89 122 
2 1320 1811 
4 210 428 532 1689 
1 1851 
2 43 1536 
3 629 1343 1747 
3 12 975 1421 
1 591 
0 
6 69 893 1487 1663 1675 1796 
2 649 1171 
0 
3 286 1738 1823 
0 
1 153 
6 275 310 607 1183 1313 1612 
6 67 235 250 313 390 487 
2 1112 1674 
2 374 1598 
3 243 434 579 
2 837 1529 
2 89 1291 
2 386 1739 
0 
1 1550 
3 1535 1722 1757 
4 881 961 1011 1390 
2 931 1619 
0 
2 687 1806 
2 283 373 
5 262 631 661 858 1457 
1 1447 
2 1194 1874 
0 
4 351 587 729 1229 
3 645 1251 1536 
5 94 995 1388 1438 1535 
2 172 222 
3 234 332 1559 
7 17 613 1049 1223 1290 1760 1862 
2 91 612 
4 1543 1603 1712 1804 
1 438 
2 533 1144 
3 375 489 905 
3 95 1478 1724 
2 658 744 
5 500 667 1073 1447 1896 
4 243 1510 1610 1728 
4 280 986 1151 1168 
4 52 1075 1700 1772 
2 439 494 
0 
2 1184 1417 
4 1210 1342 1767 1770 
7 116 524 1038 1226 1524 1564 1778 
9 101 352 500 577 1055 1085 1221 1791 1870 
1 1728 
3 603 1187 1857 
4 201 208 1106 1575 
3 433 1036 1439 
2 789 1249 
4 1274 1716 1753 1844 
1 524 
3 105 321 1679 
1 1285 
4 124 220 446 1289 
1 778 
1 1798 
2 1340 1579 
3 796 855 1630 
1 1822 
3 175 608 749 
1 204 
3 12 1337 1783 
4 264 498 969 1802 
2 284 582 
2 427 1024 
1 133 
3 29 231 1182 
3 153 905 1276 
3 0 993 1850 
3 787 992 1707 
2 797 1697 
1 258 
2 619 1841 
2 893 1531 
1 806 
3 405 603 1437 
4 1069 1111 1205 1830 
1 845 
4 40 530 569 1750 
2 1346 1586 
1 1366 
4 212 620 944 1413 
0 
1 1762 
1 1075 
2 433 1705 
3 852 885 1386 
3 432 483 931 
2 1022 1868 
3 1690 1713 1880 
3 244 1387 1480 
4 1110 1641 1656 1854 
3 46 1326 1609 
0 
1 1240 
3 213 238 925 
0 
2 1059 1682 
4 295 1043 1572 1614 
1 115 
4 123 317 334 1555 
2 601 1821 
3 1140 1182 1506 
4 287 369 827 1020 
5 890 1026 1106 1149 1783 
2 1425 1594 
1 963 
2 567 1830 
2 937 1843 
2 118 1539 
0 
3 814 1509 1867 
0 
2 559 1532 
1 748 
1 538 
2 108 196 
2 522 1742 
5 374 1205 1416 1445 1754 
4 61 342 434 1343 
1 1331 
0 
5 261 853 1145 1361 1481 
0 
0 
1 1799 
4 367 1023 1147 1814 
1 1139 
4 201 244 1426 1678 
4 443 923 1278 1586 
6 227 1466 1516 1536 1663 1889 
2 392 1825 
0 
1 1632 
3 457 778 958 
3 203 888 1310 
2 470 1734 
0 
1 1744 
4 401 812 884 1766 
6 109 364 834 1360 1402 1546 
5 270 287 461 1389 1412 
1 883 
1 607 
3 73 1070 1424 
5 107 438 801 876 1027 
0 
3 308 1568 1860 
1 1875 
2 992 1730 
1 277 
2 860 1379 
0 
4 52 960 1427 1454 
3 371 390 1565 
1 212 
3 419 937 1030 
1 761 
2 619 1647 
0 
2 1709 1868 
3 1014 1020 1639 
4 271 700 1315 1719 
2 645 1701 
1 567 
5 91 276 443 1152 1275 
3 34 354 1094 
2 356 1447 
0 
3 36 1262 1782 
0 
1 445 
0 
1 1733 
2 1667 1830 
2 327 743 
1 211 
2 304 1785 
1 384 
3 128 405 568 
3 799 1533 1682 
0 
0 
8 7 112 534 825 962 1115 1415 1677 
1 1675 
3 971 1150 1443 
2 76 1561 
2 1338 1394 
2 256 377 
1 24 
3 78 352 1737 
2 45 820 
4 211 640 720 992 
2 7 507 
3 1244 1483 1808 
2 820 1187 
5 36 509 1123 1378 1881 
0 
2 522 1401 
2 1040 1398 
5 5 255 497 1111 1569 
3 655 1149 1738 
0 
1 634 
2 1695 1841 
2 498 1206 
0 
1 859 
2 177 1172 
4 160 269 423 532 
3 280 643 800 
5 656 964 983 1354 1362 
1 1659 
3 298 766 1823 
2 434 796 
2 383 731 
3 1046 1398 1887 
5 140 291 1009 1058 1394 
2 1371 1651 
1 342 
4 232 660 1241 1341 
2 1796 1892 
1 461 
3 360 1204 1828 
2 377 1684 
2 234 1175 
3 725 1549 1819 
1 960 
2 697 1500 
7 10 99 432 863 1030 1346 1393 
2 1020 1353 
1 1516 
0 
1 1158 
4 283 510 777 781 
2 282 1349 
4 376 501 1725 1803 
2 136 369 
2 1334 1613 
3 769 1465 1692 
0 
2 689 1897 
4 319 551 567 1285 
4 12 853 1197 1407 
1 1861 
2 362 1666 
1 1631 
1 248 
2 726 1262 
2 150 1647 
2 1046 1593 
4 592 1164 1590 1887 
3 96 1365 1457 
3 359 1341 1728 
0 
0 
0 
1 1199 
4 471 983 1011 1666 
5 152 663 1196 1374 1470 
3 151 278 1309 
1 1799 
0 
2 231 1890 
0 
2 43 1636 
1 672 
4 193 708 829 1016 
3 254 1248 1663 
5 37 643 1069 1257 1561 
2 1314 1394 
1 1497 
4 603 1066 1370 1727 
1 793 
4 737 900 1601 1816 
2 1478 1668 
0 
2 815 1364 
1 442 
1 421 
1 1048 
4 20 186 1453 1575 
1 1019 
3 217 1071 1764 
4 16 444 490 1847 
3 1107 1246 1388 
3 552 890 1851 
2 270 988 
2 245 403 
0 
6 458 731 985 990 1139 1247 
2 154 1408 
1 1894 
4 1232 1320 1333 1360 
2 1472 1488 
1 598 
4 523 1114 1453 1768 
1 728 
4 34 194 725 1584 
1 672 
3 176 304 1191 
3 494 912 916 
1 721 
1 503 
3 690 872 1202 
1 1343 
1 985 
2 581 659 
3 212 1109 1485 
1 1089 
4 918 968 1108 1684 
5 40 280 1196 1464 1847 
0 
2 1377 1786 
4 377 860 963 1634 
1 1069 
3 23 908 1441 
2 916 1712 
0 
4 190 617 653 1255 
1 194 
3 1405 1797 1858 
3 538 902 914 
2 1623 1859 
1 1752 
1 1787 
3 887 1089 1264 
1 1369 
2 908 954 
2 1140 1773 
5 241 490 887 903 1623 
1 1102 
4 293 896 1335 1664 
3 401 1077 1412 
3 74 510 1753 
3 80 1240 1247 
2 1449 1724 
4 243 715 1747 1761 
2 94 1687 
4 681 1720 1838 1897 
0 
1 285 
0 
1 1861 
2 1051 1437 
6 599 673 1429 1608 1687 1877 
2 88 445 
0 
2 1843 1867 
2 22 1576 
3 300 504 1125 
4 18 694 742 1166 
0 
1 1714 
2 70 286 
2 361 1494 
2 1385 1678 
4 562 997 1182 1252 
2 212 667 
0 
4 152 476 968 1043 
0 
2 60 344 
5 419 1116 1367 1525 1582 
0 
1 1276 
2 1289 1409 
3 1007 1546 1798 
1 914 
2 296 1012 
1 1149 
0 
4 170 461 720 1499 
2 1064 1308 
4 739 813 1280 1381 
3 17 598 1835 
5 769 964 1159 1559 1849 
5 137 692 900 1158 1244 
4 400 541 797 962 
3 69 1198 1258 
2 1414 1524 
3 63 111 1463 
3 896 946 1180 
1 648 
1 1891 
2 771 986 
2 2 1275 
2 1449 1510 
0 
2 578 1870 
1 1076 
1 1226 
0 
2 54 351 
3 332 1044 1305 
2 300 1738 
2 379 534 
6 562 797 844 1093 1135 1250 
1 313 
2 876 892 
2 622 971 
2 5 1346 
2 873 1866 
3 570 1083 1284 
3 115 876 1659 
2 554 1319 
6 655 735 778 1342 1351 1413 
6 63 339 412 654 1546 1673 
4 548 1453 1713 1869 
4 543 609 1550 1741 
2 214 378 
5 262 943 1047 1422 1833 
1 1711 
3 1505 1838 1849 
0 
4 1155 1480 1728 1824 
2 356 1567 
4 282 401 1266 1452 
1 1011 
1 92 
3 133 1584 1863 
1 953 
0 
4 77 803 1391 1513 
1 1501 
3 598 844 1004 
5 465 955 1240 1363 1617 
3 1178 1183 1321 
2 510 747 
3 422 1364 1418 
3 22 853 1374 
6 131 203 412 1395 1559 1798 
3 401 414 1196 
3 868 1177 1777 
3 689 747 816 
2 301 1434 
2 242 674 
1 712 
1 650 
2 357 1073 
3 690 1334 1524 
4 115 188 731 1094 
0 
0 
6 363 401 501 742 815 1299 
3 32 159 1273 
3 269 351 550 
2 1455 1546 
1 1826 
3 91 1060 1123 
2 258 633 
1 1259 
3 628 1056 1783 
1 403 
2 394 785 
1 1793 
2 204 249 
3 312 684 946 
2 980 1669 
2 527 1825 
7 49 273 493 539 802 836 1271 
4 18 41 997 1527 
3 92 866 1582 
5 518 566 612 1117 1382 
3 426 493 1152 
2 545 930 
1 1394 
1 1430 
1 1151 
2 629 1149 
1 1038 
2 309 1607 
3 803 1334 1780 
2 683 1527 
2 476 1035 
7 38 375 431 1137 1254 1445 1729 
2 1338 1617 
2 397 1731 
2 959 1309 
3 14 1081 1319 
1 858 
4 157 359 1110 1596 
2 1292 1408 
3 662 855 901 
4 296 391 730 1096 
1 869 
2 191 1118 
7 265 397 620 1025 1146 1191 1658 
5 252 1257 1481 1634 1784 
6 456 558 623 670 1427 1442 
2 976 1664 
3 919 1363 1535 
0 
2 60 195 
0 
2 1065 1695 
1 103 
5 989 1218 1473 1832 1847 
1 553 
3 145 527 629 
2 524 1440 
1 1883 
1 1458 
2 895 912 
0 
1 81 
2 532 1188 
3 265 321 983 
5 752 1027 1266 1688 1815 
3 464 1555 1569 
3 47 1070 1357 
2 169 296 
0 
1 1433 
1 148 
3 317 1692 1846 
4 111 266 420 917 
2 273 360 
2 11 1316 
1 1202 
4 632 690 1504 1746 
2 265 871 
5 21 423 468 896 1780 
3 158 202 894 
3 677 1067 1207 
5 183 662 786 1654 1694 
2 543 589 
1 482 
3 251 882 1873 
2 769 1741 
2 394 949 
5 288 410 511 1049 1367 
5 480 1072 1390 1568 1656 
0 
3 366 1139 1710 
2 273 525 
0 
3 782 1035 1210 
3 202 348 1176 
1 936 
0 
2 54 1887 
1 1234 
4 301 425 509 553 
5 207 500 1293 1551 1586 
3 8 498 1214 
2 1429 1480 
0 
0 
2 160 983 
1 1811 
1 1061 
2 407 1151 
5 444 713 876 1120 1644 
4 688 915 1672 1839 
2 321 1175 
3 85 1764 1782 
4 510 1261 1481 1877 
1 616 
4 455 708 1167 1461 
5 206 278 524 1073 1504 
2 83 712 
3 262 270 1405 
6 358 690 787 956 1055 1663 
3 771 1635 1839 
5 64 236 622 1054 1138 
3 751 1050 1287 
5 76 113 1310 1797 1892 
0 
2 1001 1655 
2 1172 1282 
0 
4 299 403 819 963 
2 239 962 
3 1726 1776 1793 
2 154 1476 
0 
1 282 
3 76 186 837 
0 
3 937 1443 1727 
5 272 553 1145 1672 1726 
3 405 622 1387 
0 
8 31 276 383 1266 1393 1512 1525 1849 
1 582 
4 134 794 1156 1795 
3 97 117 163 
0 
4 133 811 1141 1518 
5 133 438 523 1124 1773 
4 461 1019 1521 1542 
4 379 454 1013 1472 
1 1341 
2 376 968 
1 217 
7 70 125 498 652 688 943 1591 
5 309 587 1013 1849 1854 
4 626 1554 1695 1804 
2 126 327 
1 1357 
4 13 87 631 781 
5 295 1092 1272 1471 1501 
1 1545 
2 477 1863 
2 886 1073 
0 
1 59 
2 231 605 
0 
6 331 845 897 1018 1285 1518 
4 195 829 1726 1819 
4 347 965 1515 1897 
2 496 843 
2 465 1692 
1 1869 
3 890 1105 1525 
1 24 
2 306 809 
4 274 481 662 704 
2 791 1234 
4 0 151 253 1110 
1 1648 
1 1465 
5 435 627 1123 1561 1620 
3 1245 1641 1774 
1 547 
1 505 
2 276 1131 
3 36 386 1266 
0 
0 
6 382 1083 1219 1220 1401 1842 
1 1218 
2 1218 1777 
4 170 188 629 1233 
1 149 
2 316 612 
2 1618 1822 
3 18 178 1692 
3 285 628 977 
3 81 216 358 
1 1452 
3 281 607 1359 
2 400 520 
3 362 460 1574 
5 393 879 1721 1731 1821 
1 1221 
4 178 1128 1206 1578 
1 153 
1 1593 
1 1532 
1 557 
0 
6 474 680 921 1012 1288 1847 
3 416 806 1472 
1 164 
2 144 1783 
2 780 963 
4 30 1211 1650 1891 
2 871 1571 
2 876 921 
1 854 
3 200 281 634 
4 204 983 1705 1842 
3 105 326 608 
5 73 149 235 520 943 
0 
2 136 1061 
3 317 905 1349 
1 1776 
2 855 1074 
2 965 1340 
3 468 1037 1550 
1 4 
3 4 1143 1783 
4 46 317 755 834 
1 1698 
1 912 
1 1857 
6 495 1003 1094 1170 1215 1494 
2 296 1558 
0 
3 1289 1407 1700 
2 1875 1896 
6 454 1046 1277 1297 1340 1468 
2 1188 1761 
2 258 1031 
3 269 484 635 
3 751 972 1620 
2 653 951 
2 306 1271 
3 715 1371 1691 
1 1530 
1 960 
3 143 393 1460 
3 18 357 1156 
1 1899 
4 502 989 1391 1708 
5 28 638 828 1196 1756 
1 425 
1 1152 
2 241 1240 
4 443 639 952 1269 
2 612 1804 
1 593 
1 1068 
2 159 1130 
3 124 1722 1876 
1 1342 
1 1616 
1 1271 
2 1520 1542 
3 180 1030 1809 
0 
1 1700 
3 45 1576 1831 
3 47 199 1547 
1 143 
3 46 980 1417 
2 1462 1711 
3 158 259 1624 
2 26 959 
2 846 1064 
3 115 721 1153 
2 22 1718 
1 419 
2 534 587 
1 856 
1 748 
3 5 1104 1453 
2 497 1580 
5 94 366 1367 1515 1642 
5 262 489 991 1065 1490 
3 533 573 879 
1 1013 
2 1486 1615 
2 36 1817 
1 1354 
0 
1 678 
4 129 373 1665 1684 
2 56 454 
3 366 551 1482 
2 148 329 
4 706 1429 1562 1602 
1 149 
3 879 1464 1527 
5 495 824 1026 1058 1868 
3 196 918 1372 
2 1588 1641 
1 647 
3 108 773 1062 
2 384 1716 
6 154 250 457 642 1258 1271 
4 136 806 839 1179 
3 627 992 1295 
4 577 705 891 1651 
0 
1 1552 
4 541 665 815 987 
2 302 439 
1 499 
4 74 821 1255 1384 
0 
2 394 992 
2 264 1422 
3 816 1421 1495 
7 147 291 372 510 797 1324 1746 
0 
1 336 
6 45 165 436 1096 1186 1449 
1 241 
2 1229 1416 
3 374 726 879 
3 219 708 1397 
2 271 797 
4 498 1012 1077 1739 
4 327 420 863 1015 
4 447 838 1448 1863 
1 666 
5 407 949 1117 1318 1530 
0 
2 46 913 
2 858 1557 
3 62 804 1278 
2 449 1335 
1 312 
3 312 845 1016 
2 467 1814 
1 386 
1 899 
3 37 62 782 
5 342 470 737 1396 1591 
1 1753 
1 960 
3 1049 1719 1875 
2 386 497 
3 531 1349 1642 
4 8 942 1696 1860 
2 165 672 
6 676 1168 1629 1761 1802 1885 
4 335 429 609 871 
1 727 
3 485 598 1118 
3 1009 1284 1537 
2 1533 1853 
2 815 1170 
4 773 803 856 1052 
2 1017 1645 
2 1379 1606 
3 333 1361 1820 
4 143 554 785 802 
2 236 361 
2 386 1896 
3 236 784 1218 
2 48 726 
1 414 
3 170 1654 1733 
3 419 907 1148 
0 
3 829 1269 1725 
5 66 389 554 877 1068 
2 460 952 
0 
1 1653 
5 185 369 727 919 1621 
3 667 992 1734 
3 313 966 1710 
2 141 769 
5 704 1359 1437 1822 1834 
2 626 1305 
2 414 1015 
2 403 1892 
1 125 
2 578 1353 
3 997 1352 1590 
3 516 1489 1731 
1 730 
1 691 
3 714 1518 1600 
3 278 739 1075 
1 297 
6 3 931 1132 1331 1451 1809 
1 1053 
0 
1 552 
1 1099 
4 338 544 1021 1500 
1 222 
1 357 
6 388 468 661 930 1416 1555 
1 609 
2 459 633 
2 1086 1450 
3 256 902 1834 
4 195 1075 1458 1797 
3 771 1166 1525 
3 214 1480 1656 
2 704 1061 
1 197 
4 372 604 620 753 
2 391 1365 
5 297 922 973 1357 1459 
3 58 546 1440 
1 1429 
5 25 88 1003 1228 1494 
4 867 882 994 1316 
1 739 
1 1033 
1 1730 
3 269 603 838 
3 1088 1442 1697 
1 1449 
1 1281 
1 1145 
3 532 1306 1553 
3 478 967 1674 
4 53 311 897 1333 
4 9 516 825 1209 
2 443 716 
2 553 1706 
1 1271 
1 48 
1 845 
1 1188 
4 59 880 1178 1241 
1 1083 
0 
0 
3 395 1161 1642 
1 238 
3 12 618 861 
1 426 
6 15 115 676 1001 1132 1444 
4 350 708 1074 1143 
1 1329 
1 780 
0 
4 438 894 1876 1879 
2 122 1322 
1 581 
3 199 880 1618 
1 1423 
4 525 1319 1631 1892 
1 1597 
2 346 483 
1 1623 
6 80 492 941 1266 1452 1725 
3 18 564 1353 
4 181 197 1578 1783 
2 509 857 
2 1640 1833 
4 2 958 1685 1858 
2 814 1434 
4 354 1010 1188 1823 
1 411 
2 1653 1826 
5 401 466 567 1106 1146 
1 999 
2 688 1739 
1 1579 
2 434 526 
1 697 
3 621 973 1743 
0 
1 1170 
1 1009 
1 1765 
3 329 1198 1318 
4 116 716 817 1730 
1 365 
5 433 548 1175 1196 1426 
3 1617 1638 1863 
3 29 249 1298 
2 404 1177 
3 114 367 448 
4 7 31 71 446 
4 192 628 966 1026 
4 949 1170 1202 1443 
1 423 
5 414 556 1047 1059 1333 
4 31 466 1582 1894 
3 246 430 592 
4 229 1279 1367 1584 
2 387 659 
3 699 1237 1607 
4 766 1392 1658 1868 
2 97 1569 
5 502 597 609 1077 1662 
4 190 576 608 716 
1 1391 
3 3 1628 1761 
2 695 1833 
2 92 300 
3 1734 1773 1811 
2 1177 1298 
1 614 
0 
3 1189 1643 1872 
4 726 953 993 1033 
3 456 1303 1666 
4 266 367 1621 1896 
3 149 405 812 
4 596 995 1259 1690 
4 1130 1556 1569 1858 
2 1345 1669 
2 359 1462 
2 1184 1684 
5 268 539 686 1095 1437 
1 1551 
1 1370 
1 1267 
5 611 962 1017 1819 1832 
1 1725 
4 541 772 855 1210 
3 359 399 1331 
1 1811 
3 523 628 1740 
2 314 740 
0 
3 208 539 1002 
4 118 733 1118 1659 
5 69 786 1095 1534 1551 
3 30 279 336 
2 1246 1803 
5 226 684 1603 1699 1827 
1 1681 
2 1231 1806 
2 632 867 
4 51 336 935 1302 
2 69 1778 
3 1234 1496 1856 
4 87 308 642 1507 
1 1317 
0 
4 364 949 1048 1528 
0 
3 884 1006 1530 
0 
3 665 715 1130 
2 289 1733 
4 446 471 1336 1783 
0 
3 837 1422 1818 
3 1182 1379 1705 
0 
2 836 1236 
3 276 691 1692 
0 
2 121 1067 
3 10 1491 1871 
1 590 
0 
2 350 1426 
3 448 860 1713 
1 1331 
2 614 1572 
1 58 
1 354 
3 412 1396 1804 
2 1057 1532 
2 931 1782 
1 678 
4 56 149 251 621 
1 102 
3 292 325 587 
1 824 
2 684 1838 
1 1322 
1 1296 
4 395 1012 1062 1519 
3 1224 1488 1748 
2 140 599 
4 61 443 1210 1275 
3 73 1412 1548 
2 322 1644 
3 909 916 1493 
4 1307 1716 1776 1881 
2 372 522 
0 
0 
3 24 415 1538 
1 1387 
1 643 
3 229 832 1490 
4 265 719 1713 1833 
0 
3 900 1074 1882 
3 1150 1647 1892 
2 851 1896 
0 
1 1519 
2 186 747 
1 1498 
4 185 677 1211 1336 
4 1318 1384 1476 1847 
1 1545 
2 1139 1622 
2 217 1395 
1 340 
4 449 744 835 1635 
1 1208 
1 109 
1 1245 
2 804 1343 
2 90 1786 
4 230 426 1411 1503 
3 493 1111 1404 
1 1155 
6 137 221 677 1118 1444 1861 
0 
2 1073 1533 
3 798 990 1568 
0 
1 275 
2 480 1535 
7 111 401 581 716 854 1149 1714 
3 139 918 1076 
2 1327 1820 
3 831 844 1547 
3 26 204 760 
1 861 
3 328 1044 1552 
0 
0 
5 176 209 448 1140 1167 
3 17 993 1826 
5 388 589 1463 1776 1817 
3 33 581 770 
2 415 1804 
4 546 769 1735 1870 
3 419 714 942 
5 31 108 338 556 637 
0 
1 1573 
3 553 683 766 
0 
6 122 303 810 896 1327 1554 
2 166 1499 
0 
3 17 924 931 
4 230 555 1094 1815 
1 574 
2 675 1550 
1 1278 
5 825 1101 1200 1225 1594 
2 499 1837 
2 55 1111 
3 790 1081 1184 
2 488 1385 
2 656 1458 
2 234 1263 
1 1572 
4 136 623 1269 1301 
1 749 
0 
0 
1 442 
4 36 671 1250 1591 
2 1467 1882 
1 655 
3 1284 1753 1890 
2 746 1898 
4 177 1120 1414 1834 
2 998 1306 
2 614 903 
4 675 994 1601 1632 
3 939 1663 1777 
1 1852 
5 133 450 635 1339 1624 
0 
1 1311 
5 170 388 416 748 1382 
2 305 925 
2 382 1232 
3 485 597 1294 
2 188 330 
2 618 922 
5 172 822 1407 1494 1560 
3 1160 1167 1197 
2 858 1166 
4 621 630 839 1001 
4 157 518 1061 1782 
3 735 1456 1516 
3 1063 1232 1423 
1 395 
6 53 215 759 1404 1587 1860 
4 353 722 1413 1541 
1 1677 
2 45 1772 
4 121 425 776 1837 
4 400 584 787 981 
3 594 1363 1506 
3 404 448 1564 
3 469 995 1115 
5 142 359 456 478 703 
2 310 1510 
2 724 1890 
2 232 418 
3 43 1106 1354 
2 577 923 
2 98 1618 
0 
3 93 664 1875 
1 57 
2 910 1808 
5 268 635 920 1380 1708 
2 466 704 
1 93 
3 85 238 1285 
1 597 
0 
2 396 411 
1 612 
4 923 1272 1387 1538 
1 669 
0 
2 869 1142 
2 135 1514 
2 387 725 
2 3 627 
1 882 
2 185 509 
3 101 627 1773 
0 
3 234 623 1736 
5 57 915 1176 1541 1770 
3 183 1211 1795 
0 
5 445 1160 1256 1624 1674 
6 206 334 450 1019 1220 1714 
3 46 628 1577 
0 
2 1058 1108 
0 
5 400 755 1142 1608 1729 
8 360 647 690 1038 1243 1261 1496 1588 
2 1074 1832 
1 763 
2 899 1652 
2 375 911 
1 1868 
2 249 1821 
1 320 
3 199 416 629 
0 
3 74 1041 1160 
2 64 291 
2 1172 1774 
3 313 581 807 
3 907 1153 1442 
4 536 641 953 1017 
4 24 434 711 847 
2 152 548 
2 56 103 
2 648 1387 
5 221 236 427 822 1571 
5 614 1184 1290 1606 1676 
1 1858 
2 601 1574 
1 122 
2 780 1752 
2 1299 1429 
1 517 
8 127 290 322 521 573 1136 1541 1563 
2 114 331 
0 
2 712 1375 
2 1094 1688 
1 860 
3 470 1323 1674 
1 1590 
3 812 1197 1559 
2 1397 1665 
5 397 550 687 1232 1789 
4 289 644 1224 1416 
5 98 474 584 799 1501 
2 43 1001 
2 717 1045 
3 1034 1503 1673 
1 1572 
4 49 390 435 809 
0 
4 192 662 693 760 
2 371 1302 
3 1083 1559 1784 
4 997 1498 1539 1632 
3 1416 1441 1710 
2 292 961 
0 
2 1693 1737 
5 488 539 925 999 1614 
2 1140 1150 
0 
3 37 658 790 
2 1218 1250 
5 251 272 441 694 934 
1 635 
0 
1 1101 
6 62 870 897 1083 1240 1642 
2 319 343 
4 962 999 1170 1183 
1 654 
3 440 575 872 
2 80 1715 
3 144 242 1392 
3 479 677 1183 
0 
2 503 1578 
2 631 1265 
4 907 1499 1551 1805 
1 909 
3 733 1385 1733 
3 830 929 1656 
2 22 612 
5 273 1006 1190 1365 1519 
0 
1 380 
1 988 
4 206 431 697 934 
8 6 187 563 674 746 1334 1533 1788 
2 994 1201 
4 33 629 975 1677 
1 1597 
2 312 1545 
2 71 1114 
3 209 461 605 
4 734 1270 1382 1750 
2 1294 1485 
2 931 1143 
0 
3 119 1485 1890 
2 108 675 
2 782 1624 
3 350 1634 1706 
1 1087 
0 
2 114 1387 
1 130 
3 802 837 1127 
1 221 
1 716 
5 328 849 1708 1744 1879 
3 68 970 1245 
8 168 176 319 807 1153 1419 1490 1635 
1 176 
4 194 338 878 1528 
0 
7 43 55 620 1270 1400 1548 1636 
3 827 925 1198 
1 1709 
2 201 1283 
3 1 2 2 2 3 1 2 1 1 2 4 1 1 2 2 2 3 3 1 2 1 2 1 2 1 2 1 1 1 1 2 1 1 2 1 1 3 1 2 2 1 1 1 1 2 3 1 2 2 1 1 4 3 3 1 3 2 1 2 1 1 2 2 2 1 3 1 1 4 1 2 1 1 1 1 2 2 1 1 3 1 1 2 2 1 1 3 2 1 1 3 2 1 2 3 1 1 1 2 1 3 2 2 1 2 1 1 2 2 1 1 1 1 2 2 1 1 2 1 1 2 1 1 1 3 1 2 2 1 1 1 1 1 2 1 3 3 2 2 3 2 2 2 3 2 2 1 3 4 2 1 2 4 3 1 3 1 3 1 1 1 1 1 2 2 1 1 1 2 4 1 2 1 1 2 1 1 3 1 1 1 2 1 2 1 3 4 2 1 2 1 1 1 3 2 2 2 2 3 3 1 4 4 3 1 3 2 2 3 2 2 2 1 1 1 1 1 1 1 2 3 2 1 1 1 1 1 1 2 3 1 3 1 1 1 2 1 2 1 3 3 3 2 1 1 1 1 1 1 1 1 1 3 1 1 2 1 2 1 2 2 4 1 1 4 1 2 3 1 3 1 1 1 1 2 2 2 1 1 1 1 2 1 1 2 2 2 1 1 1 3 1 3 2 1 2 1 2 1 1 2 1 1 1 2 3 1 2 1 2 1 1 2 1 1 1 1 1 1 3 1 1 1 1 1 2 2 2 1 1 2 1 2 1 1 1 1 1 1 2 1 1 1 3 3 2 1 1 1 1 1 1 2 2 1 1 2 1 2 3 3 1 1 2 2 2 2 1 3 1 1 1 1 1 1 1 3 1 3 2 1 1 1 2 1 3 3 2 1 4 3 2 1 2 4 2 1 1 2 2 1 1 1 3 3 2 3 1 1 1 2 1 1 3 1 3 1 1 3 1 1 2 1 1 2 1 2 1 1 2 2 2 3 3 2 2 1 1 3 3 1 2 3 4 2 2 2 3 1 3 1 1 1 4 1 2 1 2 2 3 2 1 1 1 2 1 2 1 1 2 1 2 2 3 1 2 2 3 1 1 1 1 2 2 2 1 1 2 3 3 1 1 1 2 3 1 1 1 2 3 1 1 3 1 1 1 2 1 3 1 1 1 1 1 1 1 2 1 1 2 1 1 3 3 1 2 2 1 1 2 1 4 4 1 1 1 1 1 2 1 4 1 1 1 1 1 2 1 1 1 1 1 2 3 2 1 1 1 2 2 1 3 1 1 1 1 1 2 2 1 1 2 1 3 1 2 1 3 2 1 2 1 1 3 1 1 1 3 1 2 1 1 2 1 1 1 3 2 2 1 1 2 1 1 3 1 2 2 1 1 2 2 1 2 2 2 2 2 2 1 1 2 1 1 1 1 2 4 2 1 3 3 2 1 3 1 4 1 3 2 1 3 1 1 1 1 2 2 2 1 2 3 2 1 1 2 1 1 2 2 2 1 2 1 1 1 4 1 2 1 1 2 1 2 2 2 1 2 1 1 3 1 2 3 1 2 2 3 1 3 2 2 2 2 1 1 2 1 1 1 2 1 2 3 2 1 1 1 1 1 2 3 1 2 4 2 1 1 1 2 2 3 1 1 2 3 1 2 1 2 3 1 3 1 3 1 2 1 3 2 1 4 2 1 1 1 1 2 2 2 1 1 3 1 3 1 1 1 1 2 1 1 2 1 1 2 1 1 3 1 2 1 2 1 1 2 1 1 1 2 1 2 1 2 2 2 2 1 2 3 2 1 2 2 2 2 4 1 1 1 2 3 2 1 2 1 2 1 2 1 3 1 2 1 1 3 1 1 1 2 1 2 1 1 1 1 2 3 3 1 2 2 2 1 1 1 3 3 1 1 1 1 1 2 1 2 2 1 2 1 2 1 2 2 4 2 2 2 1 1 2 1 2 1 2 1 1 1 2 1 3 3 2 2 1 1 1 1 4 1 1 1 1 4 1 2 1 1 1 2 1 1 1 1 1 1 4 1 1 2 1 3 3 1 1 1 1 2 2 1 1 2 2 1 2 2 1 2 3 2 1 3 1 1 2 1 1 1 1 1 4 1 1 2 1 2 1 1 1 3 1 3 1 1 1 1 1 2 2 1 2 2 1 2 1 1 1 1 1 1 1 1 1 3 3 1 3 2 1 1 3 1 1 1 1 1 2 1 2 2 2 2 1 1 2 1 1 1 2 3 1 2 3 3 3 2 3 1 2 1 2 2 4 2 1 2 2 1 3 1 1 4 1 2 1 1 3 2 2 2 1 1 1 2 1 1 1 1 1 2 2 2 1 1 2 1 1 2 2 1 1 2 2 1 1 4 2 3 3 2 2 2 1 2 1 1 2 1 1 1 3 2 2 2 1 1 4 1 2 1 1 2 3 2 3 2 1 1 3 1 2 1 4 1 1 1 1 1 3 1 2 1 2 2 2 2 1 1 2 1 2 2 2 2 2 1 1 3 2 3 3 2 2 2 1 1 2 3 1 1 2 1 3 3 1 1 1 1 1 1 2 2 1 1 2 1 1 2 2 1 3 2 2 1 2 2 1 1 4 1 1 3 3 1 1 2 1 2 2 1 1 1 1 1 1 2 3 1 1 5 2 1 2 1 2 2 1 2 1 3 2 2 3 2 3 2 2 2 1 1 1 1 1 2 1 3 1 2 2 1 2 1 1 1 2 1 2 2 1 1 1 1 2 1 2 1 1 2 1 1 3 1 3 2 1 1 2 1 3 1 2 3 1 2 1 1 1 2 1 2 2 1 1 3 3 2 2 1 2 2 1 3 1 1 2 1 1 1 3 1 1 2 1 1 2 1 3 1 1 1 3 1 1 4 2 1 1 1 1 2 3 1 1 3 2 1 1 1 4 3 1 2 2 2 1 1 1 1 3 1 1 1 2 1 1 3 2 3 1 1 1 1 2 1 1 1 2 4 2 2 2 3 2 1 1 1 3 1 3 2 2 1 1 2 1 1 1 1 1 2 2 3 3 1 2 2 2 1 3 1 1 2 1 2 1 2 1 1 2 2 2 2 3 3 1 2 1 1 1 1 3 2 2 2 1 1 2 1 3 2 2 2 2 2 2 1 3 2 2 1 2 2 2 1 1 1 1 1 1 1 1 1 1 1 2 1 2 2 1 1 1 2 3 4 1 1 2 2 2 1 2 1 2 1 1 1 2 2 3 2 1 2 1 2 1 1 3 2 1 3 1 1 1 3 1 1 2 2 2 2 1 3 2 1 2 2 2 2 1 1 1 1 1 2 2 1 1 1 1 2 1 3 1 1 1 2 1 3 2 1 3 1 1 1 2 2 1 2 1 3 2 1 2 2 2 3 1 2 4 3 3 1 1 3 1 1 2 1 1 2 1 1 1 1 3 3 1 4 1 2 2 1 1 2 3 2 4 3 3 3 1 2 4 2 2 1 1 1 2 3 2 2 1 1 3 2 3 3 2 2 2 1 3 1 1 1 2 1 4 2 2 1 1 2 3 1 1 1 1 2 1 2 1 1 2 2 1 1 1 1 1 1 1 1 1 2 3 3 1 2 1 1 2 1 1 1 1 1 1 2 2 1 1 2 1 2 1 2 1 2 1 2 2 2 1 2 3 1 1 4 4 2 1 3 2 1 1 3 1 2 1 2 1 1 3 1 1 2 2 1 2 1 1 1 2 1 2 1 1 1 2 3 2 2 2 2 1 1 2 1 1 3 3 1 1 1 1 1 3 1 1 2 1 3 3 2 2 1 3 1 2 1 1 2 2 1 2 1 1 1 2 3 1 2 1 1 1 2 1 2 1 1 1 1 3 2 2 2 2 3 2 1 1 2 2 2 1 2 1 1 2 1 3 1 1 2 1 3 2 1 1 1 2 1 1 1 1 1 2 1 2 1 1 2 2 3 2 2 1 2 1 2 1 2 2 3 1 1 1 1 2 1 1 1 2 1 1 2 2 1 1 2 3 2 1 4 4 2 1 2 1 1 4 3 1 2 2 1 2 1 1 1 2 1 3 1 2 2 1 3 1 1 4 1 1 2 2 1 1 1 3 1 1 2 3 2 1 1 2 2 4 3 2 3 2 2 1 1 1 3 2 1 1 2 2 1 2 1 2 1 2 1 3 1 1 1 3 2 4 2 2 1 1 2 1 2 1 3 1 1 3 1 3 1 1 2 1 3 1 3 2 2 1 1 3 1 1 1 3 1 1 3 2 1 1 2 2 1 1 1 2 4 2 2 1 2 1 1 2 
