p 4500
7 1202 1993 2721 2931 3594 3858 4416 
1 3275 
3 2102 2459 2713 
2 2687 3641 
4 379 611 1554 2764 
3 215 3708 4018 
5 146 416 3113 3663 3881 
1 568 
0 
2 894 2188 
3 1753 2003 3618 
0 
4 255 1042 3333 3710 
2 2218 2320 
2 2949 3984 
0 
2 4233 4295 
3 754 3235 4264 
3 967 2080 3223 
5 2243 3017 3227 3306 3737 
2 743 1160 
3 782 1497 2409 
6 86 2827 2973 3073 3344 3697 
0 
3 349 3671 3795 
1 1783 
2 246 1389 
0 
2 2289 3429 
4 389 2239 2817 3005 
0 
3 369 1341 2773 
1 1170 
2 63 4290 
2 1821 3327 
1 157 
3 1310 1370 3481 
2 2061 3606 
2 88 4045 
4 2070 3440 4100 4203 
2 1489 2754 
1 4250 
0 
2 151 288 
2 508 2354 
2 2551 3880 
4 408 929 1074 2947 
2 1504 2293 
0 
2 1909 3588 
2 1029 3766 
2 1313 4409 
1 4072 
1 1740 
1 2783 
3 953 1034 3115 
3 1802 2103 3803 
2 2659 2899 
2 2664 3558 
1 421 
2 2241 3267 
3 800 3298 4437 
4 1275 1514 2946 4198 
4 33 1374 3143 3472 
4 1920 2198 3108 3645 
2 3440 3663 
3 1783 1832 4146 
5 1523 1778 2662 3212 4022 
2 274 1174 
1 1118 
0 
5 1055 1199 2023 2197 3208 
3 2044 3239 3820 
3 1620 2786 2909 
0 
3 1280 3266 4065 
5 1544 1633 2303 2457 3856 
1 4288 
2 978 3409 
3 1052 3570 3850 
0 
3 84 497 1503 
2 1873 2128 
0 
1 81 
4 1335 1352 3114 3538 
2 22 1077 
0 
3 38 2640 2800 
2 657 2019 
0 
1 2341 
3 202 2865 4073 
2 120 3714 
1 1049 
1 2942 
6 1344 1998 2026 2122 3877 4272 
4 412 745 1061 2177 
1 1593 
0 
1 139 
8 152 508 1113 2679 3483 4092 4140 4174 
3 2250 2304 3650 
4 1016 2654 3256 4104 
2 3118 4348 
4 1072 1849 2202 4120 
2 1158 3686 
4 454 2808 2862 4250 
0 
2 1282 1790 
3 3030 3908 4252 
0 
2 152 2669 
2 2225 3232 
2 422 4354 
5 1138 1678 1711 3135 4147 
2 2483 3445 
1 336 
0 
1 911 
3 93 1454 1855 
3 518 2131 4136 
0 
0 
1 4383 
1 1588 
4 949 1295 1544 4010 
3 479 866 3876 
0 
2 1778 1853 
2 805 3626 
2 2267 3227 
4 236 267 1809 2052 
0 
1 398 
2 1645 3333 
0 
2 739 935 
0 
5 100 2571 2719 3359 4210 
4 1892 2548 3798 4465 
3 340 721 1293 
3 3121 3158 4074 
3 4162 4284 4288 
2 3031 4235 
4 672 1218 4383 4469 
1 6 
2 418 1028 
3 1190 1628 4013 
1 2561 
3 1286 2453 4425 
2 43 173 
5 101 112 362 2511 3500 
0 
1 2211 
5 305 1911 2724 4404 4499 
0 
4 35 2648 2866 3710 
4 389 1048 3223 3896 
2 453 1389 
1 3907 
4 472 1813 3093 4064 
2 1120 3566 
1 4227 
2 1379 2181 
2 2674 3956 
2 967 3707 
4 1620 3278 3418 4488 
5 1607 1981 2188 4400 4487 
3 254 1237 3652 
2 175 3433 
3 2054 3835 4418 
2 1549 1888 
6 151 407 2294 2847 3366 3643 
4 366 1426 1981 4222 
4 170 1788 2895 4216 
2 1928 2797 
2 2708 4271 
3 330 3236 3878 
5 589 1107 2266 2451 3846 
3 876 1019 2728 
3 405 751 2979 
2 1898 3432 
2 1015 3031 
1 3891 
1 791 
5 328 546 2526 2606 4224 
2 3104 3389 
4 1470 2864 3054 3849 
1 864 
0 
4 419 2015 2071 2686 
2 2306 3807 
6 500 895 1338 3294 3598 4106 
3 377 2923 3404 
2 2179 3745 
4 1330 1729 2265 4086 
3 2381 2754 3273 
3 615 928 3525 
2 1234 1993 
4 651 805 2368 4076 
3 872 1002 3534 
4 92 247 323 1470 
3 549 863 1053 
2 485 4153 
2 1363 2406 
2 824 4108 
2 3435 3733 
3 276 1050 4192 
4 1922 2665 2960 3575 
3 258 1806 2191 
1 2884 
3 1435 4142 4322 
2 1841 3415 
4 541 3016 3041 3092 
9 5 498 1469 2307 2456 2624 3347 4251 4353 
4 1712 1756 3233 3832 
3 1870 3005 4047 
7 606 901 1455 1675 1680 2892 3988 
1 4130 
2 2821 4109 
4 1302 1417 3539 3769 
3 2047 3234 4366 
3 986 3158 3706 
0 
2 1715 2019 
1 1903 
1 3840 
3 1965 2662 3564 
0 
4 1538 1800 2473 2939 
1 3762 
4 499 1341 2059 4432 
0 
4 411 2908 3440 4382 
2 2026 2152 
1 132 
5 1373 1454 2755 3909 4061 
3 1103 2149 2285 
0 
3 918 1186 1751 
2 1587 2826 
4 775 1195 1470 2374 
4 547 1025 1888 2242 
2 2454 2533 
4 543 790 2661 4076 
3 26 1208 1585 
5 202 407 2079 2661 3101 
5 484 2476 2522 3969 4393 
3 1318 2171 2760 
2 1814 2352 
3 303 604 1483 
1 3607 
1 3543 
5 169 614 2015 2334 2505 
4 12 1363 1446 3038 
1 3873 
2 369 3307 
3 210 259 3657 
1 258 
1 610 
2 1078 4303 
2 2446 4212 
3 2495 3430 4331 
2 1588 3026 
0 
0 
3 132 651 3674 
1 2924 
2 1169 3369 
3 1376 2341 2701 
2 648 1820 
0 
4 1001 1396 2598 3376 
4 68 332 1978 3033 
2 2012 2653 
4 208 3072 3463 4184 
1 1848 
2 1037 2618 
1 779 
1 442 
1 1504 
5 813 1185 1421 1931 4345 
1 2759 
1 4409 
2 2739 4351 
3 897 932 975 
2 4269 4486 
5 43 1342 1935 2133 4216 
3 1805 3138 3168 
1 1510 
2 546 2398 
2 2630 2911 
2 604 2097 
2 1014 1109 
1 353 
5 994 1414 3055 3075 3601 
3 984 2644 4016 
1 3601 
2 1106 3426 
0 
1 549 
4 896 2479 2549 4163 
7 251 1902 2589 3177 3516 3569 4081 
3 830 3243 4408 
2 155 2966 
1 1144 
6 1703 2002 2945 3036 3749 4479 
5 987 1508 3146 3177 4268 
2 2353 3743 
2 1069 4226 
4 423 2542 2840 3497 
3 841 2952 4009 
2 834 1671 
1 3258 
0 
3 1129 4169 4298 
4 1987 3490 3522 4074 
3 1440 2980 3719 
1 827 
0 
3 721 2915 3244 
2 432 770 
5 202 953 2222 2486 2809 
7 1275 1576 2874 3425 3620 4434 4469 
2 585 2199 
8 397 1109 2059 2307 2409 2598 2963 4262 
3 2268 3440 3811 
6 186 401 407 1773 2304 3491 
2 369 655 
3 178 1089 4411 
3 1580 2917 4160 
3 274 669 2984 
0 
2 1596 2381 
2 2490 4086 
4 117 2537 2746 3204 
1 730 
1 3156 
1 2524 
6 141 1071 1112 1689 2086 2352 
2 477 545 
2 999 4356 
1 900 
2 1684 3985 
3 3218 4112 4368 
2 3411 3852 
4 2054 2527 2605 3083 
1 1909 
3 24 1118 2413 
1 1094 
2 2701 4122 
2 2960 3233 
3 295 1583 1664 
2 2326 3301 
0 
0 
8 431 871 1367 1432 1506 2458 3577 4390 
2 1776 2288 
0 
1 839 
1 1613 
2 152 2760 
2 749 3757 
2 892 3558 
4 975 1850 1861 4361 
2 174 873 
1 695 
6 1264 1961 2214 2879 3271 3474 
4 31 257 329 4478 
2 2944 4438 
4 467 2484 2699 4336 
4 1181 1219 1891 4353 
2 656 3828 
1 3391 
2 1394 2141 
4 1130 1332 2632 2807 
4 194 2685 2814 4064 
2 1751 2383 
2 4 885 
2 1476 3703 
3 1416 2599 3459 
0 
2 421 987 
1 3173 
1 3154 
1 2890 
1 1610 
1 1830 
3 29 158 1415 
3 746 2634 4094 
2 936 3587 
2 408 569 
1 4427 
0 
1 4234 
6 831 1139 1321 2483 3855 4469 
6 326 433 518 974 2915 3287 
3 134 901 1916 
2 405 2762 
6 1550 1721 2890 3913 3979 4032 
6 328 623 904 1185 1517 3276 
2 516 658 
2 1218 2875 
1 556 
4 181 399 1055 3725 
3 1056 1460 3080 
5 173 247 328 3800 3812 
5 46 392 1712 2205 4030 
5 3130 3325 4136 4153 4264 
1 3981 
6 234 1383 2513 2836 3841 4229 
3 97 1782 3668 
1 1505 
1 2141 
4 595 1917 2746 2925 
3 6 1786 2375 
4 1159 1899 2995 4176 
3 147 724 4223 
3 191 4058 4144 
3 2126 2961 3307 
5 59 383 1017 1713 3641 
2 114 4275 
5 311 1012 1448 2521 4294 
2 2414 4180 
1 3453 
0 
2 1024 2898 
4 1307 2748 2855 4442 
3 710 1693 2292 
2 463 831 
6 357 1756 1769 1881 2355 2950 
2 322 3782 
4 397 594 2870 3955 
2 565 2992 
1 1312 
0 
3 1609 3009 3497 
1 1737 
1 4072 
6 471 797 989 3029 3372 4249 
2 520 879 
4 280 640 1169 3048 
2 2360 4296 
1 3713 
1 963 
2 1424 2047 
0 
2 2874 3966 
2 1653 4445 
0 
2 752 3092 
0 
6 159 771 1614 3052 3113 3658 
2 107 1625 
0 
4 546 1445 2262 3346 
1 1835 
1 1525 
2 1396 3574 
2 1776 1793 
5 2265 3215 3242 3295 3881 
1 4354 
1 430 
2 2449 3835 
1 754 
3 848 1357 2063 
2 371 3542 
3 656 821 3466 
6 705 950 2629 2945 3643 4132 
0 
2 440 1462 
3 161 3228 3508 
3 730 1895 3694 
4 770 2355 3072 4033 
2 1775 2949 
1 3319 
2 341 2293 
3 900 975 3243 
4 127 2433 2763 3468 
0 
2 1058 3405 
4 2059 2502 3420 4296 
4 1447 1753 3320 3439 
4 248 933 1044 2713 
4 204 3040 3703 3751 
0 
3 781 865 3974 
1 2947 
5 887 1014 1246 1833 3018 
2 3695 3808 
4 1434 1614 2445 4160 
0 
1 3032 
3 1360 3767 3799 
4 2646 3758 4051 4440 
0 
3 81 2222 4471 
1 215 
3 232 2756 3504 
3 193 1588 1889 
1 1355 
2 2698 3724 
2 2879 3836 
2 1634 3113 
1 931 
0 
1 3469 
5 44 101 1203 2753 3369 
7 1369 1719 2709 2906 3398 4114 4121 
0 
3 1805 1886 2042 
4 1071 1906 2083 4414 
3 3194 3490 3643 
1 2222 
1 3498 
3 402 1220 3614 
2 1443 2457 
6 121 397 795 980 2800 2897 
2 1657 2062 
3 441 1611 2770 
3 2969 3401 4328 
2 1490 2162 
1 3397 
1 3942 
0 
2 3503 4077 
3 2853 3172 3484 
3 751 831 867 
1 3133 
5 615 848 2335 3094 4144 
1 2862 
3 764 869 3443 
4 3656 3752 3867 4060 
2 4280 4319 
2 2487 4340 
3 1246 1361 3074 
5 938 1123 2444 3115 3421 
2 1217 3973 
2 3198 3751 
1 2976 
3 214 785 1521 
0 
3 245 3459 4001 
3 906 2681 3346 
4 341 1183 1785 2479 
6 186 291 456 2826 3323 4138 
1 243 
1 4144 
4 203 301 3087 3330 
2 811 2445 
3 2342 4332 4407 
0 
3 743 2931 3309 
2 2721 2915 
2 1899 2475 
5 404 3255 3981 4403 4442 
0 
1 598 
5 1179 1542 2575 2867 3804 
4 2075 2720 3093 4204 
2 2465 2496 
2 869 2779 
0 
0 
2 434 2593 
1 4256 
1 2157 
2 7 1041 
2 392 2150 
1 4071 
2 2249 4386 
3 1438 1469 3843 
1 1442 
2 3862 4192 
4 1634 1948 1973 3184 
1 636 
1 3562 
0 
1 1650 
1 3520 
2 1903 2922 
5 1530 2433 2580 3634 3789 
2 4106 4261 
2 1017 2012 
4 325 823 1324 3691 
1 3182 
1 886 
3 599 1255 3063 
3 179 2913 2932 
1 3383 
4 1324 2177 2244 4358 
1 2093 
0 
2 433 3917 
4 415 2677 3095 3559 
1 3380 
4 1990 1991 2541 3988 
1 558 
4 588 1141 3557 4086 
0 
3 1385 4091 4302 
2 643 1160 
0 
3 251 293 2644 
0 
3 218 1744 2326 
2 1489 2732 
0 
0 
2 260 2948 
3 4 825 1100 
5 1445 1724 1750 2718 3673 
3 1513 1927 2642 
2 254 3210 
6 198 530 813 1203 4100 4475 
1 2050 
1 3616 
1 3348 
3 2662 3348 3565 
4 2328 2508 3530 3953 
1 1864 
2 755 4398 
4 401 648 1284 2272 
1 4249 
3 1512 2279 4097 
1 4249 
1 1839 
3 2665 3537 3905 
3 1594 3110 4481 
0 
1 1427 
1 1243 
3 2595 3529 4359 
3 1425 3761 4373 
1 1942 
2 576 4216 
0 
1 2857 
1 1168 
3 442 1622 2433 
1 2372 
0 
3 602 840 2604 
3 1172 1798 4424 
2 1382 2230 
3 650 4187 4256 
3 1982 2052 3409 
6 271 623 1214 1552 2710 4337 
3 1562 3285 3467 
1 646 
2 200 267 
0 
4 1468 2493 3065 3586 
3 1428 1608 2968 
4 329 2300 3197 4146 
4 373 468 2039 3997 
4 89 1475 1964 2378 
2 402 3657 
3 3054 3211 3689 
3 864 1207 2064 
1 2034 
3 2140 3185 4003 
5 1761 2560 3016 4306 4460 
0 
4 1022 3486 3822 4163 
3 962 2171 3270 
2 3323 3349 
2 947 1280 
4 332 870 2884 3357 
1 2632 
2 2054 3692 
5 145 1687 2389 3430 4281 
3 812 2531 4046 
3 1321 1439 2037 
3 1338 3064 3605 
1 1165 
6 1263 1914 2829 3032 4046 4433 
3 2186 2287 3201 
2 1857 1995 
4 1975 2056 2805 4216 
0 
3 1666 2858 3813 
2 1049 3481 
3 973 1869 4325 
0 
1 991 
3 1100 1206 1979 
4 1149 1462 2338 3012 
3 704 1452 1519 
1 982 
0 
3 832 1246 1799 
4 1522 1762 2319 2550 
1 4180 
2 367 1030 
4 698 1225 4025 4262 
2 3733 3845 
3 696 1138 1319 
2 3361 3672 
3 2733 2824 3188 
4 2916 3187 3617 4370 
5 796 1086 1500 2348 2652 
1 3032 
2 689 1969 
2 469 2334 
2 2210 3788 
0 
3 768 1009 1038 
1 1137 
2 429 1848 
1 1371 
0 
1 3091 
2 3509 4166 
3 945 3856 4194 
2 1049 1927 
0 
3 1294 2256 4123 
1 1040 
4 1035 1437 2121 2956 
2 141 321 
4 1009 2304 2496 3900 
2 1971 3136 
5 418 1003 1958 2027 2867 
2 1142 4476 
2 1792 2295 
2 1775 3501 
0 
3 1687 2353 4210 
5 337 473 851 2568 2990 
1 4248 
1 2820 
3 1824 3243 4076 
3 980 1246 2379 
0 
4 1272 1809 2313 4189 
4 1248 1826 1834 2532 
3 1829 2819 2989 
3 137 2324 3808 
1 1276 
0 
1 1855 
4 20 553 1100 1111 
2 2777 4113 
2 97 1009 
1 390 
1 4181 
2 1963 2817 
5 363 1736 3951 4084 4247 
5 911 1900 2713 3253 4337 
5 181 528 844 2968 3957 
4 451 1828 2538 3247 
3 1116 2172 3123 
4 17 465 3777 3869 
3 622 821 988 
4 2238 4141 4445 4461 
2 1596 1693 
1 2510 
3 3655 3688 3926 
0 
2 2302 2432 
1 3698 
3 900 2469 3734 
3 532 3588 4146 
2 1904 1996 
4 1087 2206 2918 4076 
5 1496 2037 2110 2242 4226 
3 708 1763 2340 
2 3193 4323 
5 322 474 2627 3447 4351 
3 453 1178 4334 
2 1332 3125 
0 
1 2129 
1 242 
2 4177 4220 
3 1068 3355 3526 
2 3485 4371 
2 279 4175 
2 1611 2620 
2 487 3909 
2 21 1717 
1 1262 
3 1911 3294 3535 
4 541 1329 2075 3490 
1 2749 
2 2803 3305 
1 1600 
2 1459 2166 
6 245 1108 1521 2450 2837 3833 
2 185 3892 
1 1517 
2 1740 3178 
1 2107 
5 518 1556 3403 3618 4229 
4 702 802 2961 4499 
1 440 
1 3362 
3 2448 3918 4499 
2 61 3726 
1 3068 
2 796 2278 
3 1595 3975 4295 
3 1685 2520 4300 
4 130 200 949 1362 
2 2172 2179 
1 4354 
2 1045 1271 
1 1176 
1 2368 
2 550 4087 
2 673 1456 
6 282 615 1862 2711 3454 3943 
3 1807 1819 2597 
1 1771 
2 1443 2411 
0 
3 2295 2919 4323 
0 
2 880 3978 
3 468 755 1218 
2 1878 4319 
4 585 1348 2044 2916 
3 206 3020 4435 
2 611 2314 
2 1092 1381 
1 319 
0 
3 3182 3560 3960 
2 304 1869 
6 396 430 528 2420 3100 4244 
1 692 
3 3600 3815 4307 
4 313 1127 1129 1367 
3 1038 2534 3201 
2 2612 3898 
0 
3 2124 3312 4185 
3 360 3646 4306 
4 643 2119 2596 3055 
4 312 1644 3539 3612 
3 3395 3682 4128 
2 1627 3905 
2 751 1403 
0 
1 2849 
1 1595 
6 466 530 2568 2775 3351 3543 
3 2766 2890 3161 
3 1813 2593 2941 
3 730 2655 2968 
0 
3 1681 1702 4478 
1 3376 
3 1457 1497 2003 
3 1184 2691 2969 
2 954 2759 
2 2758 3552 
3 913 2712 3052 
5 2929 3443 3733 3781 3862 
2 1576 2028 
2 1374 2574 
2 203 2860 
3 189 660 2530 
1 487 
1 127 
6 528 944 1184 1540 1854 3028 
4 1625 1813 2800 3760 
7 532 562 2105 2526 2993 3653 3989 
3 669 1148 2012 
1 357 
2 201 2686 
2 366 4285 
2 2192 4269 
2 2017 2558 
2 180 1225 
1 2516 
2 3571 4452 
3 441 2185 3182 
4 820 1351 2570 3093 
5 1336 2160 2345 3118 3120 
2 1467 2703 
5 1016 1122 1443 1824 3271 
3 2421 3294 3481 
6 379 2382 2803 3870 4347 4374 
4 587 893 1194 3151 
2 489 3535 
0 
4 1545 2284 3984 4111 
1 2645 
2 947 984 
3 364 921 2733 
2 886 1801 
1 9 
5 193 1706 1709 1896 4030 
3 302 2084 2676 
2 286 4280 
4 2931 3256 4030 4210 
1 1689 
4 343 478 763 906 
2 218 398 
0 
0 
4 401 2674 3738 4070 
2 1578 4297 
2 544 900 
3 955 1934 2207 
1 2367 
1 1039 
4 1371 1694 2693 4497 
4 119 750 1092 2486 
3 2312 2709 4131 
2 859 3247 
2 1296 2518 
1 3897 
2 3325 3343 
0 
5 240 1906 1932 3660 3709 
3 3020 3638 4283 
0 
3 892 1818 2335 
3 2394 2508 3704 
1 2977 
3 2016 3510 3566 
1 1264 
3 1631 4049 4271 
1 1982 
2 198 1003 
3 46 1102 3625 
2 1656 3125 
2 505 4191 
3 286 1719 2025 
3 484 2696 3748 
2 3245 3716 
4 137 2309 3547 4353 
3 391 2528 3579 
2 1923 3315 
1 537 
2 2351 3239 
2 1697 4287 
3 2137 4244 4315 
3 2611 3062 4312 
0 
1 867 
4 715 1191 2799 3413 
1 1000 
3 668 891 3920 
5 1357 2276 2391 4194 4369 
3 126 805 3793 
6 469 2640 2838 3653 3771 4211 
1 2481 
3 977 1640 3462 
3 55 323 3643 
3 857 2556 3788 
4 907 1360 2002 2173 
1 4350 
2 1372 3775 
2 1787 2071 
3 1861 2353 4025 
2 3110 3279 
2 1546 2490 
5 666 1056 1318 1702 3345 
2 445 3463 
2 2683 4361 
3 1177 1781 4418 
2 1663 2921 
4 18 166 1475 3930 
2 3335 3434 
3 2551 2645 3782 
2 1546 2359 
1 1439 
0 
4 684 2405 2834 4300 
4 397 2968 3734 4027 
4 286 365 478 4316 
3 1862 2561 3462 
5 952 1238 1444 2665 3146 
3 78 3075 3851 
4 1388 2197 2502 4151 
5 518 734 2169 2653 3971 
2 2217 2503 
4 690 2308 3171 4085 
3 1937 2336 2675 
2 297 891 
7 1211 1637 1948 3025 3515 4232 4273 
2 223 3835 
3 308 383 1106 
2 755 2753 
2 440 4285 
0 
1 686 
3 3094 3441 4020 
1 2596 
3 296 1388 4370 
4 1414 2572 2723 3359 
0 
2 1201 3085 
2 1372 1892 
1 342 
5 946 1655 2096 2307 3980 
1 273 
5 201 2438 3360 3704 4108 
3 724 928 2951 
2 1524 1534 
5 1655 2581 3414 3947 4361 
2 1144 4029 
3 2192 3346 3443 
2 1571 3497 
3 708 722 745 
1 3843 
3 3154 3551 4057 
2 423 3498 
1 1145 
6 294 489 1038 2198 3353 4372 
3 183 1621 3231 
5 103 883 2820 3056 3316 
4 421 584 1470 2623 
3 1063 1336 4309 
1 180 
1 3113 
4 1023 1322 1512 4273 
4 665 1331 1968 2066 
1 1021 
1 427 
2 243 1989 
3 1136 3090 4391 
1 3646 
3 147 3328 3877 
2 50 3620 
3 695 1457 3021 
4 1155 3422 3634 3841 
2 2655 3374 
3 1106 1320 2473 
4 55 1618 2992 4402 
3 720 1250 2782 
2 1199 3660 
4 278 3480 4283 4303 
4 708 835 1014 3370 
3 909 2489 3380 
4 719 1474 1595 3847 
3 568 3885 4349 
4 12 1723 2863 3635 
4 1483 1885 2985 3438 
3 484 1397 4212 
4 808 3120 3191 3468 
0 
3 1472 2709 2788 
3 158 1154 4308 
3 94 683 716 
2 208 1710 
2 2294 3174 
6 79 2300 3812 4054 4232 4463 
2 203 2891 
1 4055 
2 71 405 
4 406 962 1419 4393 
1 2883 
3 481 3086 4293 
4 1200 2979 3028 3786 
2 2042 3313 
2 97 2737 
4 1676 2526 2731 2991 
3 1018 2402 4404 
1 1523 
5 2220 2367 2488 2611 4477 
1 2456 
3 2462 3077 4096 
2 777 3327 
2 310 4279 
1 3026 
4 340 512 3364 3965 
2 105 2785 
0 
3 46 3589 4234 
4 1228 2003 3437 4298 
1 3297 
2 86 1138 
4 261 1920 2380 3467 
4 3499 3781 3860 3910 
0 
2 3725 3775 
1 2713 
3 1721 1909 2712 
3 1435 1959 2965 
1 4456 
2 702 3181 
2 766 2620 
3 2651 3855 4058 
1 330 
1 1556 
1 3163 
5 826 911 1117 2748 4351 
2 1515 4168 
3 350 1558 2373 
0 
0 
0 
3 1108 3090 3359 
2 2079 2747 
5 611 687 743 1224 2984 
0 
3 929 1214 1600 
3 238 2571 3582 
1 3237 
3 1672 3799 4079 
4 299 987 1033 1499 
2 179 3191 
6 790 1098 2067 3459 3963 3974 
6 294 326 1189 2776 3801 4157 
2 3316 4054 
2 743 2803 
5 340 2787 3174 3770 4292 
3 101 2771 4013 
2 2668 4188 
0 
2 753 2365 
3 1092 1773 2406 
4 69 349 1403 4280 
2 1452 2968 
2 162 4464 
3 1460 2638 3542 
6 883 1167 1270 2318 2475 3372 
3 537 1437 4185 
2 2554 4033 
1 3743 
0 
4 834 2040 2235 3254 
3 1163 1448 3930 
3 316 834 2233 
3 376 1647 2616 
3 1495 3316 3557 
1 4407 
5 1719 1845 2017 2654 4083 
1 4387 
1 2457 
6 1026 2277 3910 4171 4193 4352 
2 709 4137 
6 115 698 1077 2636 2812 3149 
3 396 2419 3204 
2 2924 3881 
1 599 
1 725 
3 1994 3913 4286 
2 306 1006 
3 1013 2672 4083 
1 4409 
3 2513 3461 4308 
2 870 3334 
2 688 2021 
1 3941 
3 1996 2394 4051 
1 4354 
1 4115 
4 1048 1202 1978 3451 
1 1031 
4 1169 1770 2058 4450 
1 1887 
2 106 2389 
3 417 2863 3841 
2 20 602 
1 3218 
2 2310 3316 
4 1128 1630 1951 2451 
2 2113 3181 
2 676 2481 
4 1730 1802 1915 2386 
2 1122 1405 
1 639 
7 269 442 1156 2144 2828 4008 4012 
2 32 2930 
2 1432 2747 
1 644 
0 
4 68 1308 1828 3986 
2 3509 3860 
3 809 1921 3602 
4 965 1260 3174 3340 
1 771 
3 559 2972 3271 
1 2269 
4 372 2159 2845 4124 
0 
4 545 2160 2901 4130 
5 856 867 2517 4277 4347 
3 282 401 4279 
3 240 2483 4274 
4 3126 3722 3882 3948 
1 3549 
3 1109 3851 4286 
2 148 3771 
3 945 2832 3941 
3 1326 2485 2815 
3 1430 1553 2461 
4 886 1229 2477 4170 
3 242 1572 2791 
3 1968 2680 3758 
1 2996 
1 3475 
3 71 1036 1511 
1 1059 
2 997 1862 
4 0 1154 1443 1867 
4 508 615 1870 2019 
2 1955 2498 
3 1772 2695 4383 
4 687 2255 2962 3150 
4 660 1843 2120 3989 
1 246 
3 1441 1807 2020 
1 4318 
2 985 4324 
3 2314 3754 4263 
3 2921 3960 4280 
4 648 1102 1552 3133 
1 2353 
5 2098 3208 3495 3617 3978 
2 538 2711 
3 145 403 821 
2 372 3901 
1 516 
0 
2 1644 2690 
4 1725 1765 1878 3058 
3 1100 3211 3864 
2 696 876 
3 1997 3240 3784 
1 2751 
6 1075 1639 2001 3037 4043 4416 
1 1194 
2 1348 2767 
1 3082 
2 2297 3214 
4 2630 2912 3088 4268 
1 199 
2 1582 2601 
0 
4 169 1705 2588 3209 
1 977 
0 
2 2438 2965 
1 1340 
0 
2 632 2695 
3 1843 3769 4278 
3 2760 3113 4190 
8 489 536 692 734 1930 2345 3414 4397 
0 
2 737 1634 
3 2743 2955 4335 
2 1035 2924 
3 1471 1978 2961 
2 1357 1597 
1 3729 
3 3003 3007 3296 
2 588 1585 
0 
2 1415 2643 
3 2848 3701 4120 
3 2322 2757 3569 
5 1177 1394 2175 2931 4359 
2 1353 2229 
3 783 1746 2071 
5 677 2578 2974 3012 4032 
5 368 925 2171 2675 2897 
3 1740 3908 4340 
0 
1 3862 
1 4287 
1 4489 
3 1122 1663 3414 
3 808 3525 4450 
5 736 1833 2341 2822 3952 
0 
4 1381 1386 2020 4233 
2 62 324 
2 740 4041 
3 2225 3304 3678 
0 
0 
3 75 668 3528 
0 
3 109 1864 4377 
3 1323 2890 4146 
3 623 2124 3459 
4 2629 2907 3079 3278 
1 150 
4 2600 3324 3775 3902 
2 1447 4272 
2 1940 3149 
4 2260 2357 3268 4077 
1 2818 
1 1789 
2 141 2164 
3 718 1823 3706 
3 126 1733 1977 
5 914 2895 3411 3466 4136 
1 2466 
3 1301 2601 4242 
0 
2 1310 2867 
4 1298 1354 2307 4417 
2 221 3670 
6 1339 1626 1862 3169 3935 4355 
1 4318 
2 1913 2567 
2 1792 3898 
1 428 
3 1174 2276 2983 
1 2043 
5 36 1300 1676 2827 4128 
1 3695 
3 435 2109 3949 
3 51 2514 3719 
1 2811 
1 4003 
1 2834 
3 1489 2370 3830 
4 249 962 2558 4489 
3 698 2141 3708 
2 1033 3861 
5 396 674 4314 4433 4499 
2 1021 3611 
1 1283 
3 585 591 2940 
1 2407 
2 1192 2781 
3 1941 2051 3116 
0 
1 785 
3 196 3654 3942 
7 1022 1482 2264 2562 2910 3198 3850 
3 376 772 1828 
1 2553 
1 2058 
2 85 3865 
4 881 1018 2592 3599 
0 
3 193 675 4167 
2 1303 1842 
3 1241 1432 3682 
4 31 232 2221 2748 
2 288 3552 
1 2511 
4 96 2291 2732 4359 
6 1630 2158 3480 3837 4163 4334 
1 1613 
1 1530 
2 823 1230 
1 3643 
1 2049 
2 880 1733 
3 85 3881 4283 
2 1261 3605 
1 1301 
4 501 1662 2994 3787 
1 2993 
6 466 948 1252 1640 3980 4290 
1 3377 
0 
4 494 955 3575 3934 
3 536 2484 3149 
1 805 
2 205 255 
3 1875 3503 3834 
1 4187 
3 2312 2492 4063 
5 357 834 1795 3439 3567 
1 2643 
2 509 3267 
4 36 4044 4351 4452 
6 711 910 1863 1922 4146 4484 
3 957 998 2691 
2 237 2779 
2 63 862 
6 2222 2789 3199 3357 3896 4294 
2 270 3501 
0 
0 
1 164 
1 3927 
4 826 1274 1596 2319 
3 645 1818 2325 
1 411 
5 2045 2822 2852 3447 4001 
3 601 3358 4205 
4 1274 2196 3992 4175 
3 2722 2798 4107 
6 979 994 2230 2619 3706 4189 
4 26 159 2897 3495 
0 
2 2628 2987 
3 1575 2671 3891 
2 1646 2367 
3 375 1260 2306 
0 
3 273 459 1891 
1 1044 
2 1556 3124 
0 
1 2059 
2 2482 4121 
2 1892 3125 
3 844 1118 3208 
2 3037 3500 
3 1167 1755 1831 
2 3631 3993 
4 2396 2461 3058 4366 
3 2151 3924 4490 
1 2948 
2 2298 4316 
2 3922 4052 
3 3458 3569 4224 
2 2590 4153 
4 296 995 3544 4009 
2 389 1257 
3 381 1821 4273 
2 221 3991 
3 2828 3699 4453 
4 1056 1819 2403 3005 
2 1628 2040 
3 282 2653 3172 
0 
1 3355 
2 446 1778 
1 634 
4 174 1431 2557 3529 
4 631 1510 2498 4242 
1 654 
0 
5 1193 1925 2131 3218 3548 
1 1426 
4 357 1171 1340 3229 
0 
2 491 4375 
3 212 1084 2049 
2 1762 4258 
2 720 1123 
2 572 4489 
4 674 971 2135 4160 
3 318 1580 3829 
3 1209 1565 2757 
2 573 2578 
5 517 816 883 1202 3774 
2 977 3594 
2 456 612 
4 255 1610 2198 2974 
4 483 1288 1604 1744 
3 423 1128 3637 
2 2235 2705 
3 1960 3985 4258 
5 2018 2528 3182 3772 3788 
3 689 1119 3165 
1 3692 
6 120 237 2135 3149 3984 4077 
1 218 
3 812 3144 3307 
2 855 1030 
0 
3 789 2968 3244 
4 406 1121 2388 2667 
0 
3 471 688 3893 
2 3154 4072 
2 1582 1767 
1 3130 
0 
3 882 3097 4337 
6 653 2116 3243 3696 3765 3989 
4 215 572 2153 3317 
5 188 202 242 1017 4397 
2 1251 3948 
3 1047 2080 3882 
2 1669 2811 
1 1040 
3 657 967 3487 
3 380 2122 2808 
3 1919 2099 3301 
2 1870 2448 
1 3304 
3 1697 3212 3423 
3 2738 3535 4096 
3 1331 3083 4067 
4 251 1043 2149 3467 
0 
3 1532 2770 3775 
0 
2 3672 4332 
0 
5 40 607 1317 2812 3932 
1 522 
1 2859 
3 1722 1857 1878 
1 3066 
2 3303 4298 
4 1131 2220 4194 4332 
1 767 
3 21 855 3383 
6 1502 1973 3164 4027 4358 4441 
2 1106 2531 
2 702 4249 
1 3965 
5 1498 2270 2453 2822 2914 
1 81 
6 47 281 2050 2075 3708 4005 
2 413 1782 
3 357 2229 2937 
1 3862 
3 308 3016 4477 
1 4029 
2 290 1427 
2 1199 2845 
5 625 1021 3696 3809 4411 
4 613 3231 4090 4116 
3 62 1758 3592 
1 1093 
1 1922 
5 401 792 1887 2109 2896 
0 
2 689 2693 
1 1523 
4 541 790 4182 4303 
2 693 2880 
4 67 1064 1520 4140 
2 1004 3325 
2 458 3373 
2 2187 3298 
2 2031 2383 
0 
2 3196 4104 
2 582 1347 
4 3042 3571 3665 4281 
2 1485 1832 
1 2391 
1 1004 
5 1849 2123 2241 2637 4249 
3 2334 2842 4139 
2 1691 4122 
2 230 1872 
2 1778 4028 
3 867 2191 4026 
2 3046 3881 
2 559 2788 
0 
2 76 126 
3 889 1825 2938 
2 961 970 
2 3000 4042 
0 
2 172 1913 
1 400 
1 3336 
4 648 1214 3283 3913 
3 1193 2405 2590 
5 4 2535 3082 3708 4404 
2 2258 2510 
4 795 1090 1398 3462 
5 2312 2735 2992 3536 4081 
2 1094 4493 
0 
1 2869 
2 3010 3278 
2 649 3290 
3 4035 4242 4447 
1 2459 
1 1441 
2 1950 4026 
2 2065 2236 
3 2819 3095 4351 
1 2707 
2 2381 4301 
4 1008 1674 3228 3599 
4 1195 3288 3763 4254 
0 
0 
2 1392 2259 
5 324 861 4149 4256 4471 
0 
3 905 2303 4427 
1 4323 
4 331 1440 2746 4418 
3 1697 3908 4126 
3 1235 1464 1790 
2 353 3688 
1 2862 
3 246 1255 3805 
1 2392 
2 241 3816 
5 125 264 500 1646 2846 
2 2327 3167 
0 
3 2756 2975 3726 
0 
4 98 1595 3419 3579 
2 629 1783 
4 803 847 1040 1593 
6 334 757 1381 1675 2822 2893 
4 1252 2527 2558 3447 
1 3916 
0 
3 788 1102 2468 
2 2430 3736 
1 1831 
1 3331 
5 1447 2280 2385 2547 3585 
1 1746 
3 2117 2185 2436 
3 168 2583 3267 
4 654 2892 4016 4273 
1 437 
4 387 1446 3655 4001 
4 520 780 3918 3972 
2 3279 3448 
3 361 1346 2239 
3 453 491 3855 
1 4252 
0 
1 3083 
4 1034 3063 3316 3531 
2 1670 2490 
5 73 167 1658 2046 2657 
1 1015 
2 640 3666 
3 1993 3515 3613 
0 
3 454 868 3670 
3 1303 2725 3577 
2 843 3277 
5 148 1420 1714 4285 4487 
0 
4 1163 1345 2944 3571 
2 926 2794 
2 3516 4485 
3 76 1741 1979 
3 504 575 1248 
5 1648 1743 2105 4137 4438 
1 2862 
2 985 3335 
0 
4 1228 1803 3114 3346 
2 952 1357 
1 2669 
2 3435 4263 
1 1733 
3 841 1222 3978 
2 135 3498 
4 1393 1588 2024 2378 
3 1130 1821 2247 
1 1635 
4 2128 2195 2417 4329 
1 579 
3 1662 2304 2784 
2 3056 3471 
1 449 
2 2840 3310 
4 1000 1005 3798 4092 
4 930 2275 3042 4095 
3 519 2336 3705 
2 1620 3143 
0 
3 1706 3336 3383 
5 2028 2148 2982 3659 3702 
2 1355 1651 
2 966 1270 
2 353 2517 
1 4456 
3 682 1748 2717 
2 3365 3402 
1 2047 
2 1473 4215 
2 1619 2486 
1 313 
3 1105 3740 3851 
3 2446 3007 3880 
2 1571 2713 
5 218 1596 1957 3116 3955 
2 1062 1310 
0 
1 115 
3 3306 3378 3581 
2 218 3240 
3 853 2641 3906 
2 2319 3049 
0 
2 344 3963 
1 804 
2 2889 2974 
5 672 729 1943 2058 4197 
2 2683 4431 
4 340 899 3968 3970 
1 1808 
3 1537 2952 3455 
2 2595 4335 
3 429 757 3969 
2 910 3823 
1 2116 
3 1756 2677 2811 
3 940 1480 1581 
1 4155 
2 3013 3277 
1 1970 
2 3068 4113 
5 853 962 3817 4110 4355 
3 307 2137 3206 
4 2323 3489 3717 4119 
4 1237 2877 3707 4227 
7 895 1660 2075 2726 3398 3587 4149 
3 3724 3775 4420 
2 2692 3687 
5 895 3002 3824 4447 4484 
1 1050 
1 115 
3 216 408 1779 
2 421 1882 
2 1628 2682 
5 225 2139 2373 2545 3277 
2 3015 3020 
3 782 2213 4486 
1 3107 
3 509 932 1133 
1 3718 
4 400 1083 2878 3121 
3 1492 2672 3146 
2 1042 3656 
2 612 4094 
4 1223 2873 3715 4041 
1 2180 
2 1733 2502 
2 2512 2901 
2 196 2513 
3 1166 2324 4047 
1 3596 
1 2904 
5 1295 1351 1643 1727 3598 
4 3396 3980 4114 4267 
0 
4 749 1873 2265 4291 
1 438 
1 1938 
0 
6 53 793 1265 1745 2898 3383 
3 1633 4017 4497 
0 
2 1635 3027 
2 606 1447 
1 1740 
5 1262 1605 2431 3251 4297 
1 4098 
3 1666 3157 3352 
0 
2 612 3289 
4 240 378 3176 4095 
0 
4 10 483 2247 3941 
1 3249 
3 1405 1940 2996 
5 216 431 1696 2328 3971 
1 1879 
4 1514 2566 2951 3478 
0 
1 2278 
5 663 1918 2028 2652 4097 
4 693 1436 2067 3882 
2 768 2162 
0 
2 1223 2405 
0 
3 1464 2724 3294 
4 2363 3161 3303 3501 
2 431 2218 
2 1156 2952 
6 815 1890 2401 2704 3044 4056 
5 1205 2362 3019 3533 4258 
3 328 1117 3399 
1 3489 
5 475 727 2810 3355 4208 
5 358 460 1834 3949 4086 
1 2387 
6 67 129 1424 1539 2175 2240 
2 1712 3705 
1 2816 
3 965 2638 4007 
3 412 1505 3361 
4 25 66 1594 4258 
2 1870 3547 
8 545 1965 2294 2696 3255 3850 4039 4328 
3 416 1987 2418 
1 958 
2 175 3806 
3 1292 1940 2498 
3 109 1582 2606 
0 
2 726 1306 
3 460 2001 4137 
1 4183 
1 1367 
3 2164 2929 4055 
1 3958 
4 644 2415 3662 3890 
2 692 4400 
3 230 2118 3799 
3 893 1846 2651 
3 56 1166 3053 
1 1639 
1 2443 
6 289 511 1991 2381 3530 3972 
3 210 1853 4204 
3 814 1209 3545 
3 1690 1818 2469 
2 132 736 
2 2606 2686 
4 2095 2468 3642 4437 
1 4434 
3 161 850 868 
2 250 2468 
1 2772 
4 2265 2357 2806 3037 
2 3690 3969 
6 921 1382 1808 3176 3286 3471 
5 814 1419 2218 2612 4491 
5 271 1838 2185 2290 4016 
4 34 1416 1647 2629 
1 2691 
3 1294 3251 4109 
5 733 883 2328 2663 3840 
2 1545 4266 
1 737 
3 2881 3158 3749 
4 752 1174 1332 2466 
3 738 1882 2955 
4 388 3085 4384 4391 
3 1405 1602 3148 
3 66 1532 2336 
4 489 1272 2076 2531 
3 737 1776 2700 
5 457 2092 2368 3865 4173 
1 2656 
1 1982 
2 1820 3357 
4 627 2706 2927 3741 
1 3620 
1 213 
1 1339 
4 1207 1244 2121 2504 
1 3907 
4 1133 2121 2903 4305 
3 1801 2119 2738 
2 2653 4123 
2 277 710 
5 105 1535 3082 4034 4275 
4 365 2194 3701 4086 
3 2741 2812 2966 
3 2048 3134 3808 
3 129 1806 2745 
2 867 2370 
5 120 742 2196 2864 3442 
2 2264 3771 
4 679 1492 3023 3427 
0 
3 2039 2975 3022 
2 2250 2380 
5 365 959 2424 3524 4142 
7 813 976 1201 1303 2793 3327 4150 
2 1371 3703 
3 621 1282 4378 
0 
0 
5 1202 2806 3351 3768 4431 
1 4460 
3 684 830 3245 
7 217 1203 1478 1784 2533 3182 3499 
0 
2 1538 2250 
3 82 1736 3172 
0 
2 1364 2130 
0 
1 2948 
4 822 1223 1492 3254 
3 1757 2888 3512 
2 2117 3717 
2 431 2842 
3 1713 1829 3086 
3 1970 2645 4395 
2 2345 2969 
3 1043 1973 4135 
4 511 2089 2243 3664 
3 1157 1517 3194 
3 172 243 3922 
3 500 3620 3696 
1 1771 
4 372 1396 1905 2274 
4 140 998 1402 2957 
1 2937 
3 2230 4088 4296 
2 473 3722 
2 895 1905 
1 1980 
2 182 3470 
6 417 555 2063 2182 4140 4393 
3 750 2533 2576 
3 3991 4134 4399 
4 303 2610 3090 3235 
3 226 581 3498 
3 765 3585 3603 
2 1891 1896 
3 512 918 3155 
1 3716 
0 
3 49 348 1083 
1 2266 
2 155 784 
0 
4 1305 1549 2580 3420 
6 677 2041 2107 2188 2251 3536 
2 1166 4453 
1 398 
3 415 3774 4238 
2 1761 3695 
3 1477 2186 2293 
5 64 1078 2854 3265 4432 
2 1176 2233 
4 209 1371 1516 3954 
3 937 2869 4158 
1 3554 
3 1430 2491 4443 
1 2382 
2 613 716 
1 176 
3 2153 2258 2793 
3 1246 3025 3703 
2 282 2112 
2 918 2092 
1 2315 
3 907 2845 4187 
1 288 
0 
2 983 2707 
4 1738 2871 3402 3638 
1 2864 
5 1289 1755 1789 2773 2844 
4 1327 3429 3797 4347 
3 635 3092 3940 
4 1687 2171 3342 4396 
1 2547 
4 2721 2788 3312 3839 
2 3591 4208 
1 4359 
5 575 985 2192 3780 4015 
0 
2 1566 3041 
4 1163 2480 3278 3496 
0 
2 2586 2639 
1 2858 
3 1204 2027 2133 
3 2772 3190 3858 
4 1675 2830 3188 4051 
1 724 
5 1084 2520 3802 4257 4499 
2 1450 3169 
5 368 3612 3693 4320 4498 
2 2161 2265 
3 748 2690 4386 
1 657 
2 228 1785 
2 3144 3808 
0 
3 1022 1196 4218 
2 704 2550 
3 1700 1883 3345 
3 723 3837 4484 
2 2448 3147 
5 575 1498 1885 2650 3965 
1 3570 
4 680 2248 2528 2671 
0 
4 1295 2313 2453 2455 
4 274 1154 1251 2894 
3 687 1633 2090 
2 1897 3432 
3 168 174 2884 
4 647 927 1837 2425 
0 
3 2001 3177 4266 
1 3438 
1 3842 
2 317 1786 
0 
1 1025 
3 597 2264 3988 
2 597 1805 
3 2186 2853 3638 
4 0 199 1623 3095 
3 1143 3017 3224 
3 679 2641 2699 
2 765 1151 
1 1226 
2 96 3155 
3 3663 4300 4392 
1 4185 
4 1228 1793 1984 2587 
2 307 955 
4 10 855 1075 4400 
3 2213 3594 4373 
0 
3 2114 2952 4111 
0 
2 4221 4256 
0 
0 
1 3843 
6 275 584 870 2243 3751 3815 
0 
2 2353 2786 
3 191 254 2919 
1 924 
2 875 1133 
3 1451 2676 3650 
3 89 225 1203 
5 1209 1274 2087 2272 2761 
1 1149 
0 
2 71 4001 
2 1646 3410 
1 932 
3 96 235 2115 
3 724 1955 4363 
4 861 1661 1761 2930 
0 
3 2056 3043 3238 
3 1527 2610 2652 
0 
2 2182 2782 
2 661 2798 
0 
1 2880 
4 674 767 3045 3249 
2 2093 3229 
5 656 1859 2815 3886 4125 
3 1127 1420 2842 
1 1914 
4 511 1060 3564 3586 
4 1309 3027 3632 4462 
3 72 823 2340 
3 1384 2654 3199 
1 1620 
6 222 446 1668 2124 2577 4315 
4 1852 2341 2615 2930 
3 1350 1435 3170 
4 616 1504 2182 2502 
2 1327 3352 
3 132 647 4046 
2 2444 3729 
5 171 347 671 3536 3566 
1 2438 
3 680 2030 2629 
0 
3 1156 1334 1687 
7 232 326 482 1400 2495 3051 3465 
2 2306 4415 
2 37 4366 
3 519 2256 2863 
3 466 1899 2329 
3 660 4115 4429 
7 1567 2570 3572 3684 3764 3802 4101 
2 1022 3556 
3 1108 1762 2682 
1 3223 
6 2684 2857 2989 3557 3905 4452 
4 39 2907 2949 3958 
3 191 958 1262 
1 3289 
1 3956 
2 2261 3580 
4 560 785 1504 1706 
1 1833 
0 
0 
4 247 1099 3056 3881 
3 18 1472 4091 
0 
3 2268 3296 4364 
1 512 
1 896 
6 3001 3250 3552 3646 4234 4371 
2 340 2754 
3 2020 3060 4293 
1 2450 
4 1886 2511 3669 4225 
1 1979 
1 2571 
4 1835 1932 4003 4468 
3 592 2038 3285 
2 2333 4086 
1 1811 
5 1000 2348 3015 3619 4472 
1 293 
1 1216 
1 1477 
3 2481 4122 4469 
1 2473 
2 2 3739 
2 56 2482 
4 2182 2207 2752 2782 
2 869 1635 
2 2788 3401 
3 794 1914 2866 
1 4129 
4 1312 1517 2145 2523 
2 767 2456 
2 3412 4327 
2 1931 2940 
4 1164 2175 3135 4241 
1 2006 
3 2026 3025 4116 
3 1468 1695 2120 
5 1606 1880 3658 4078 4327 
2 1800 3512 
3 840 1846 2583 
4 1207 2116 3241 3845 
5 720 1843 1845 2158 4071 
4 96 1476 3200 4458 
4 1535 3134 3312 3354 
5 838 1284 2047 2527 3274 
1 3113 
1 420 
0 
2 82 1649 
1 774 
1 1875 
3 121 1430 3060 
0 
3 288 1955 2635 
1 2960 
4 1439 1454 2295 2719 
1 2672 
4 941 1703 3534 4484 
0 
2 1715 4320 
2 662 2896 
4 375 414 1319 3108 
1 4056 
2 2811 3875 
1 1169 
4 2109 2944 3429 4263 
3 2469 3771 4144 
0 
2 1661 2446 
4 238 1483 2473 3390 
1 569 
5 1408 2423 2957 3819 4266 
1 235 
2 1469 1929 
1 2262 
0 
0 
3 567 2351 4435 
2 1345 2121 
2 1181 2403 
2 881 1183 
2 1962 3540 
2 522 1763 
0 
5 1293 1796 3615 3642 3772 
1 4152 
1 789 
3 2606 2868 2965 
2 2939 3635 
1 980 
1 2295 
4 249 666 1264 1943 
4 753 806 3451 4226 
2 955 2790 
1 4333 
4 1260 1778 2113 2390 
1 4202 
2 97 591 
1 3140 
2 195 806 
1 1726 
3 164 3545 3897 
6 1899 2033 2050 2104 2734 2761 
0 
1 2588 
5 879 1606 1820 2622 3470 
5 678 1919 1992 3099 4115 
1 1526 
3 9 168 1914 
0 
3 3159 3754 3853 
3 210 1540 2955 
4 874 1007 1948 2678 
1 2982 
2 1850 3762 
2 1649 3359 
2 1386 1855 
3 71 979 2353 
3 64 1014 1446 
2 325 2776 
0 
0 
2 105 3302 
3 2374 2543 3170 
1 2911 
2 408 3622 
4 766 2243 2521 3547 
2 907 2104 
0 
0 
2 706 3083 
1 154 
0 
5 1717 2004 2925 3330 4058 
3 368 3693 3990 
0 
1 3257 
1 981 
4 13 1769 1819 3960 
0 
2 1065 1495 
1 1341 
4 323 497 514 1375 
1 2699 
1 2873 
2 113 1277 
1 2533 
0 
2 3050 3093 
2 1261 1506 
8 645 1388 1894 2311 2941 3512 4180 4211 
3 2505 3184 3261 
2 2643 3341 
2 1129 1921 
3 2508 3963 4104 
3 1127 1449 3538 
2 1567 3766 
0 
1 756 
4 29 1613 4401 4420 
2 1778 2855 
2 60 1535 
3 243 767 4245 
6 19 1886 2012 2206 3297 3612 
2 591 2434 
1 3458 
3 3978 4122 4273 
4 1647 1753 2478 3538 
5 1975 2344 2585 2777 3605 
1 571 
4 102 1860 1872 3620 
2 1914 2809 
0 
0 
4 3151 3646 3735 4126 
2 1206 2871 
2 718 2062 
1 2458 
2 1555 1929 
2 1575 3468 
1 1290 
1 2074 
3 456 2154 3387 
1 3161 
3 1331 1856 1990 
7 196 461 1736 1816 1962 4011 4086 
4 179 1910 2716 4082 
3 131 3125 3604 
3 327 2082 3809 
3 1180 3650 4267 
1 1502 
0 
5 623 2020 2703 3147 3839 
2 3067 4187 
2 1891 3210 
2 1656 3071 
3 948 1308 4372 
1 1136 
4 802 1760 2365 4124 
2 625 3919 
1 1604 
1 4427 
1 3288 
2 2985 3675 
1 889 
1 238 
0 
1 678 
4 358 3040 3397 3635 
2 28 2738 
2 1820 3412 
1 1344 
2 429 2795 
4 47 477 1919 2533 
4 173 1051 1785 2649 
6 726 818 2135 2170 3343 3772 
1 3337 
1 1232 
1 1410 
2 2629 2859 
2 655 1052 
0 
3 761 3230 3622 
2 76 1578 
7 102 328 722 1651 3364 3765 4080 
2 3709 4068 
3 192 1394 2060 
5 215 326 1000 1301 2687 
2 982 3064 
3 935 2574 4431 
2 1162 4076 
1 2230 
3 912 1366 1557 
2 736 1977 
2 825 1212 
2 1933 3444 
3 3085 3302 3850 
0 
2 1122 2658 
4 693 1381 1682 4220 
1 13 
1 4274 
3 1259 3223 3345 
1 1704 
4 739 1730 3656 4111 
3 1382 3414 4336 
6 354 606 3322 3434 3668 3757 
1 1589 
4 620 1756 1824 4124 
3 2063 4321 4346 
1 3282 
3 2638 3228 3876 
3 2370 2687 3906 
1 2094 
3 254 705 1536 
4 530 921 3491 3537 
5 983 1657 1832 3633 4060 
2 3872 4225 
2 688 3341 
1 2900 
2 768 2044 
5 91 270 1272 2048 3271 
1 551 
1 3306 
3 2248 4079 4233 
6 881 1246 1884 2424 4315 4346 
1 2379 
2 2761 3589 
3 702 2096 4120 
0 
0 
5 939 2157 2578 3450 3467 
3 250 340 4200 
8 309 729 959 1215 2014 2197 2407 2431 
1 44 
4 431 474 2357 4372 
1 4090 
3 1290 1816 2355 
3 3099 3829 4387 
1 970 
1 443 
1 4438 
4 1772 3959 4076 4192 
1 1768 
1 2952 
3 1116 2278 3016 
1 2855 
5 908 1065 1393 3549 4436 
3 200 810 1835 
0 
6 1317 1854 2332 2817 3488 4121 
1 3435 
2 641 2887 
2 1094 1715 
3 242 2203 3376 
1 416 
1 3386 
0 
4 657 1646 2690 4108 
3 734 2346 3911 
5 1078 1860 2856 3521 4295 
4 197 334 1570 1805 
2 885 1926 
4 378 1527 3292 3976 
1 2589 
4 1604 3222 3689 4457 
2 1166 3373 
3 1777 3607 4138 
2 1460 2968 
4 672 1158 2408 3850 
2 2175 4416 
2 948 1533 
5 1586 3102 3952 4026 4150 
1 4266 
2 922 1151 
1 2882 
1 1407 
2 2628 3864 
2 291 3610 
0 
0 
1 1771 
1 1063 
4 1419 2159 4061 4477 
0 
3 973 1553 1765 
3 205 1117 3101 
3 1325 2353 2586 
1 2389 
5 21 326 3844 4043 4388 
1 3462 
2 816 4252 
1 3434 
1 349 
1 424 
3 1798 2884 4095 
3 3163 3307 4330 
4 1649 3174 3351 4012 
1 1786 
1 1139 
3 831 2799 3781 
3 884 2860 4015 
2 3259 3587 
4 2151 3483 3858 4482 
3 1861 2345 3261 
1 1982 
2 3374 3787 
0 
0 
4 3721 3736 3852 4358 
1 1601 
2 1746 2353 
3 761 3088 3913 
3 479 582 640 
3 2244 3456 4059 
0 
2 1606 2790 
0 
4 1002 1240 2055 3079 
1 4038 
2 2659 3849 
0 
0 
1 1804 
4 537 2053 2673 4317 
3 491 550 4159 
4 262 1673 2148 2568 
0 
4 799 1478 1972 3849 
1 464 
3 790 2088 2718 
2 179 1163 
0 
6 150 1502 1977 2540 3261 4276 
1 244 
3 1977 3570 3673 
4 215 1066 2110 3222 
3 76 517 1135 
3 357 2257 3281 
3 2 1564 3623 
2 2465 2553 
4 1193 1407 2481 2789 
2 1067 3009 
2 4338 4384 
3 2861 3453 3920 
4 561 2460 3363 4476 
2 1297 1828 
1 3233 
3 1600 1811 1814 
6 763 1808 2146 3782 4211 4414 
1 3403 
2 3897 4075 
1 3569 
8 230 1033 2101 2149 2477 2532 2737 3132 
0 
6 555 1122 2718 2889 3729 4371 
1 248 
2 1194 2473 
3 2247 3239 3940 
4 302 545 2876 3077 
2 1951 3199 
6 951 1165 2100 2461 2511 3264 
3 1401 2103 3857 
4 116 396 1186 2640 
6 371 1361 2794 2900 3388 3770 
1 1192 
5 323 911 1670 3158 3314 
2 535 3367 
2 1065 4413 
2 1039 4332 
3 335 961 1619 
2 1925 3123 
1 1366 
3 653 3083 3574 
2 2651 2840 
4 263 2059 2692 4110 
4 561 722 2540 2999 
2 2773 3478 
4 1204 1427 1789 2505 
2 3356 3459 
1 4485 
1 2668 
4 482 979 1727 2050 
2 981 2988 
2 1843 4348 
5 254 2231 2498 4217 4399 
0 
0 
3 620 922 2234 
2 3624 4011 
4 758 1555 2790 3898 
4 152 1343 2089 2481 
1 1728 
4 411 1147 1729 4108 
2 1313 2850 
0 
1 877 
4 1184 1664 3966 3980 
2 914 3793 
0 
3 804 1959 2985 
3 423 2206 3785 
2 248 4329 
3 2109 2540 3714 
2 339 3001 
0 
4 186 869 1062 3523 
3 347 1597 2124 
4 936 1451 1975 4343 
0 
2 864 4075 
4 673 1499 1833 3767 
2 737 2473 
5 244 1870 1900 2226 2293 
2 835 3616 
2 1554 2829 
0 
4 336 2927 3637 4081 
4 752 3171 3190 3750 
2 3093 3693 
4 2453 2496 2523 4344 
2 597 4396 
2 311 3117 
2 2203 2545 
2 3174 3801 
2 1715 2543 
3 2591 3397 4301 
3 1604 1944 4062 
1 140 
3 302 3545 4207 
9 693 1969 2865 3190 3441 3630 3827 4008 4250 
3 45 969 3598 
2 3637 3779 
3 1333 2460 2707 
2 1124 3048 
1 4270 
2 954 2946 
1 1426 
3 875 1318 1597 
1 2671 
2 663 2914 
3 149 976 3541 
1 1331 
0 
1 3981 
0 
3 1758 2760 3704 
2 1305 2798 
3 730 848 2446 
2 2856 3511 
3 880 2065 2782 
3 139 1103 2091 
1 995 
2 2898 3878 
3 862 2309 2931 
1 559 
1 1900 
1 2047 
3 1263 1442 2351 
2 3457 4338 
2 582 1913 
2 1005 4235 
0 
3 1607 2119 4166 
1 4200 
1 2248 
2 1953 2407 
3 2001 3291 3673 
2 1237 2184 
3 303 2384 4262 
2 1413 1553 
3 2546 3880 4323 
2 1336 3503 
2 565 850 
2 3395 3983 
3 633 1692 3414 
3 840 993 3950 
1 814 
3 273 326 3394 
2 381 3702 
2 1287 3890 
3 1235 1298 2650 
1 3892 
2 2864 3206 
6 643 2691 3120 3410 3568 4126 
1 347 
6 186 1790 1810 2167 3178 3445 
0 
1 3191 
2 3675 3784 
2 1902 2031 
3 942 1065 2650 
3 836 1819 4087 
1 3448 
3 2892 3481 4378 
2 2048 4362 
1 1130 
0 
3 278 2669 4479 
1 1388 
2 780 1087 
1 3518 
2 2185 4108 
1 1017 
2 215 3555 
0 
0 
1 770 
3 1391 2397 3260 
7 469 1285 1821 2056 2299 3341 4402 
2 292 1233 
0 
4 376 670 2732 2893 
2 2847 3403 
1 390 
3 2133 3000 4291 
1 1138 
4 1535 3464 3584 4187 
3 1121 1781 2331 
1 1953 
3 88 950 2483 
3 1681 1995 3120 
1 613 
5 1257 1368 2232 2843 4445 
2 297 604 
3 890 969 1883 
2 495 3826 
2 3582 3973 
1 157 
1 2294 
4 1973 2601 2611 4066 
5 1088 1801 2494 2905 3826 
3 702 1761 2031 
4 275 980 1421 1847 
4 103 1133 2045 4146 
3 851 1032 4157 
1 1836 
1 1620 
1 2318 
2 57 2440 
1 3055 
3 245 247 3447 
3 67 228 619 
1 1824 
2 58 3333 
3 209 628 977 
1 4267 
2 1460 3234 
2 1114 2501 
4 112 1641 2618 3232 
0 
3 1392 1975 2559 
4 1145 1722 2136 3742 
1 2444 
2 165 904 
3 983 1264 4073 
2 896 2018 
4 595 1696 4286 4461 
3 2192 2782 4489 
3 101 4140 4182 
2 1196 3188 
2 544 4333 
5 1714 2067 2934 2941 3196 
2 964 1688 
4 2069 2956 3622 3927 
3 377 3138 4150 
4 191 872 1810 2891 
4 3 2307 2332 3660 
0 
2 3665 4394 
4 1222 1963 2378 3422 
5 856 1372 1822 2604 4063 
3 1708 2495 3602 
3 910 1519 4066 
3 3612 3721 4326 
4 1205 1243 3304 4004 
2 933 1785 
1 3700 
2 502 4412 
3 371 1995 2223 
1 1834 
5 270 351 3223 4032 4371 
1 4089 
4 882 2272 3272 4143 
2 1771 4154 
4 1449 3313 3783 3919 
1 1839 
4 1569 1937 2553 3983 
1 177 
4 509 912 1047 3609 
1 648 
2 813 1217 
3 859 1083 3825 
6 2 484 750 1082 1674 3190 
1 4415 
0 
1 2266 
1 1666 
4 612 2450 2475 3824 
2 139 2135 
1 560 
3 0 554 1945 
2 1387 4275 
4 995 2750 3914 4184 
2 155 1767 
1 1626 
2 1706 4038 
0 
1 180 
1 3614 
1 3158 
1 1062 
4 607 1344 2632 3633 
2 700 892 
1 2182 
1 1557 
1 3712 
3 1061 2473 3041 
3 1481 1846 2289 
2 285 2985 
3 3621 3878 4193 
1 1851 
1 3765 
2 1249 4396 
0 
5 1853 2799 3186 3466 3704 
4 336 415 1580 3231 
3 1099 1171 3912 
4 428 1092 1341 4104 
1 786 
1 2723 
3 1227 3588 3955 
1 2104 
2 508 988 
3 40 197 2086 
4 237 4064 4403 4415 
2 499 1591 
3 1259 1441 3517 
3 858 2940 3542 
6 283 857 2872 3064 3968 4084 
4 249 362 1245 2566 
3 2020 2182 2347 
3 399 2783 3578 
1 479 
1 4 
1 3076 
2 849 2910 
2 1230 4371 
0 
0 
4 520 1485 4046 4464 
1 1113 
4 1815 1956 2991 4042 
3 31 1940 2497 
1 2936 
1 848 
2 1109 2199 
2 744 2248 
1 3311 
6 562 1373 2882 3567 3793 4209 
1 3695 
1 1326 
5 1035 2033 2104 2570 2678 
2 54 2762 
1 1651 
2 1072 4302 
3 73 2014 3578 
1 1112 
4 1047 1542 1945 2106 
5 1375 2461 3323 3563 4411 
4 2173 2436 2510 3604 
2 1195 2994 
0 
2 1862 1929 
2 1631 2484 
2 2292 3047 
0 
3 176 2979 3130 
4 1387 2034 2567 3785 
5 945 2420 2745 3313 4497 
4 88 518 868 3571 
0 
1 4205 
3 787 885 1111 
4 3038 3220 3524 4158 
2 680 3130 
2 1816 1867 
2 376 3751 
2 107 1476 
2 323 2251 
3 1775 3059 3304 
4 1314 1473 1696 2143 
3 1138 1489 1851 
0 
2 377 3934 
2 1192 2039 
2 1780 3316 
3 29 748 2370 
3 1291 3017 3463 
3 738 1568 3447 
3 732 1016 3092 
2 220 4110 
5 1272 1384 1502 1596 4145 
3 3926 4297 4392 
2 700 3180 
0 
3 241 546 4109 
4 22 1310 3376 4291 
3 1169 1418 3259 
2 677 2535 
2 1957 4167 
1 3471 
1 1191 
1 2842 
3 973 1316 3899 
3 3156 3276 3636 
2 411 3392 
1 790 
1 950 
0 
5 311 1654 2494 3116 3128 
0 
6 1536 1881 2040 2833 3879 4356 
1 2643 
1 1940 
5 1181 1511 1934 3976 4172 
2 1588 2989 
2 173 2633 
2 1258 3066 
1 846 
2 2514 3728 
0 
1 1384 
4 527 1992 3873 4159 
1 1920 
4 428 2240 2366 4110 
2 2380 2569 
2 638 2069 
4 682 1954 4074 4477 
3 1491 2299 3335 
3 863 2421 3745 
1 2464 
5 107 531 1584 1636 3254 
4 1042 1159 2062 3157 
6 188 1855 1939 2603 3287 3299 
3 92 2550 3785 
2 157 2107 
3 559 724 1300 
2 2167 2972 
3 1560 1923 2939 
1 433 
3 1938 2255 2931 
2 2759 3784 
6 1725 2224 3611 3858 3898 4005 
2 324 448 
2 403 4483 
4 2479 3213 3312 3939 
1 1705 
3 1721 3193 3931 
2 368 503 
2 1522 2036 
1 1827 
2 2395 2779 
1 1057 
4 211 669 1981 2415 
2 3655 4324 
1 2915 
1 2372 
2 1879 3260 
4 1686 2475 4155 4302 
4 386 400 849 1283 
3 1053 2686 3957 
4 218 1608 2614 3056 
2 1596 2632 
4 1978 3382 3923 4122 
3 175 1296 3896 
2 1517 2140 
3 518 1264 1389 
4 427 1740 2573 4195 
4 57 3059 3638 3792 
2 2339 2484 
3 1183 1728 3576 
2 3285 3518 
1 1845 
4 1732 3017 3206 3912 
1 2651 
3 509 3432 4121 
3 1285 2070 2912 
2 234 3423 
2 73 2977 
3 1331 2766 3690 
3 292 2204 4284 
2 1233 2907 
3 589 3362 3531 
3 1502 2560 4445 
5 321 397 554 2886 4475 
2 701 823 
2 331 4452 
1 766 
2 818 2015 
1 3905 
2 966 1213 
2 581 3742 
1 194 
8 268 1140 1250 2957 3646 3743 4011 4231 
2 415 2213 
0 
2 1839 2537 
0 
3 860 1796 3161 
5 1170 2028 2048 3767 4136 
6 0 553 898 1260 2574 2871 
2 589 3689 
1 3541 
2 2682 3062 
0 
1 2774 
2 1506 1893 
1 1545 
3 230 2168 2869 
4 1324 2112 2758 4228 
3 850 2230 2682 
2 95 4023 
2 3047 4426 
5 370 1630 2145 3416 3483 
5 307 469 3507 3638 4330 
2 62 2556 
2 46 488 
3 610 1409 1877 
4 14 475 2070 3417 
1 431 
3 1003 1758 2963 
6 312 1691 1770 2006 2364 3956 
3 3989 4176 4395 
1 2991 
6 1249 1829 2191 3041 3197 4308 
3 720 2684 4339 
3 1892 2151 2924 
0 
1 3093 
5 209 352 2134 3898 4433 
3 420 796 1251 
1 1206 
3 326 2951 4332 
1 3931 
4 1084 1240 2167 3052 
2 305 1851 
2 3643 3735 
7 654 751 851 974 1119 1459 2388 
4 521 856 1884 4112 
0 
1 3242 
3 1179 2868 3711 
2 22 3680 
4 1263 1446 1686 3127 
2 1591 1859 
3 540 4087 4311 
4 923 2909 3139 3686 
0 
3 181 1059 2797 
2 318 3264 
0 
4 1661 2193 3830 4402 
3 1308 3497 4099 
2 332 1100 
7 1043 2283 2520 2739 3228 3286 3508 
0 
2 1391 3064 
1 2503 
4 738 2069 2846 3246 
3 730 4128 4298 
5 1062 2772 2954 3257 3402 
6 434 1034 1557 3107 3670 4023 
2 869 1356 
2 1355 2791 
3 417 3127 4018 
2 1197 1755 
1 4025 
0 
1 2496 
2 1547 2635 
2 2085 2524 
1 1709 
1 1254 
0 
3 29 217 1419 
1 3312 
3 1254 1673 4435 
0 
3 437 2462 3342 
2 1561 3572 
0 
2 688 1263 
1 1699 
0 
3 1716 2096 4400 
4 214 663 1508 2365 
5 19 1994 2818 2904 4059 
1 489 
1 1772 
4 824 919 1716 3524 
2 1030 3592 
3 1859 3303 3332 
2 1857 4360 
0 
4 985 1930 2115 3716 
2 264 1070 
3 1743 2043 4039 
3 867 1059 4075 
4 440 3662 3796 4396 
1 110 
2 144 183 
3 493 677 703 
1 274 
2 3982 4458 
1 3478 
2 307 4426 
3 1228 1404 1816 
2 255 2804 
1 4055 
2 485 2288 
4 214 1950 2737 2955 
3 1531 1656 3943 
2 2030 4404 
1 1771 
2 2037 4252 
1 1541 
2 2795 2943 
2 442 2554 
2 1682 3499 
2 2228 3060 
2 2059 3911 
3 453 859 2965 
2 1802 4299 
2 188 659 
3 296 840 2660 
6 1016 1652 2079 2892 3078 4217 
0 
3 1223 1407 3426 
6 2810 2899 3075 4002 4378 4385 
3 2087 2131 3050 
2 3693 4002 
4 942 2934 4121 4191 
2 588 1618 
5 675 2308 2759 2987 3899 
3 653 3758 4238 
3 1493 2848 3720 
4 2273 3207 3445 4388 
3 801 1701 3808 
0 
0 
3 2275 3744 4028 
3 276 474 4183 
2 22 3926 
2 536 3287 
4 296 978 3059 3245 
3 2765 3665 3748 
4 1067 2479 3274 3457 
1 3056 
3 1285 2438 3190 
3 406 3474 4226 
0 
3 1231 1554 1849 
6 347 1482 1617 2210 2493 3603 
1 4450 
4 997 1830 2316 4075 
3 1058 1882 3565 
2 549 3725 
4 1233 2432 3472 4189 
2 3684 4014 
3 1026 1098 1902 
1 713 
4 214 451 1942 2820 
7 161 560 880 2228 2539 2959 4085 
3 530 992 4024 
3 595 1568 1993 
0 
1 1467 
0 
3 2186 2358 3890 
1 831 
2 247 2406 
4 2392 3562 3575 3870 
1 4431 
1 187 
0 
2 4274 4327 
3 1718 2992 3165 
4 64 2141 3608 4218 
2 3349 4167 
2 629 960 
2 3727 4225 
0 
8 6 453 504 1020 1245 2125 3704 3940 
2 85 1639 
3 55 537 3956 
3 1327 1675 2840 
1 2542 
2 104 881 
2 3355 3722 
5 881 1045 2604 2641 4092 
2 142 1721 
0 
3 753 2491 3197 
1 1398 
4 772 930 1402 2267 
1 1187 
4 2974 2995 3215 3379 
1 2840 
0 
4 409 1465 2797 2805 
1 3524 
1 2473 
4 529 1214 3189 3350 
3 1852 2123 3896 
2 115 2113 
1 723 
0 
4 289 2685 4375 4444 
1 2977 
1 2178 
3 4008 4042 4481 
0 
2 63 1658 
4 1456 1966 3889 4292 
1 4469 
4 308 977 1722 3964 
3 1972 2272 3588 
1 1831 
6 1138 1289 1361 1454 3170 3564 
1 1206 
3 886 2254 4385 
0 
2 3992 4166 
3 385 1011 1463 
2 1906 1998 
3 338 2835 3835 
2 1748 2863 
5 142 223 1827 2486 2730 
2 2190 4371 
2 3372 4327 
4 849 1768 2263 2929 
1 4375 
2 1091 2416 
2 1498 4480 
4 1452 3107 3996 4490 
1 4147 
1 1589 
2 289 4440 
3 1303 1960 3386 
3 2049 2203 3149 
2 982 2538 
3 527 1421 1873 
1 384 
5 1051 1112 1177 2417 2544 
1 3855 
3 1751 1818 3404 
3 303 308 1984 
2 793 2606 
0 
2 2824 3750 
4 1086 1164 3657 4423 
5 586 829 879 1451 1870 
0 
2 575 2231 
1 662 
1 2745 
2 701 4034 
6 700 1957 2680 3295 4124 4132 
2 3133 3819 
5 1956 2538 2550 2713 3079 
4 1045 1107 2608 3344 
1 3443 
2 769 2878 
3 513 1887 4037 
1 4243 
3 1529 2682 3860 
4 655 2955 3123 4457 
3 539 1331 3845 
5 1375 2045 2480 3458 3500 
1 2122 
2 678 835 
0 
0 
3 336 1139 4311 
1 3723 
5 1703 2603 2904 3862 4004 
2 3067 3767 
4 71 1216 1403 3479 
3 1237 4428 4490 
2 614 2274 
2 659 1224 
2 67 1480 
1 2876 
2 1232 3986 
2 461 3127 
1 3896 
1 3515 
3 345 1161 1430 
0 
1 2804 
2 3455 3501 
2 2385 2456 
5 18 158 2068 2322 2701 
1 1994 
2 3610 3612 
1 4019 
3 19 131 3539 
4 472 1571 2331 2985 
3 1432 2038 4125 
1 2302 
4 1015 1513 2746 3947 
4 113 2669 3830 4447 
3 216 352 2467 
3 222 2667 3592 
3 17 1902 3363 
1 178 
2 1104 3365 
1 2030 
3 72 939 2478 
3 1226 1680 3525 
3 2120 3542 3850 
2 461 2971 
4 304 478 733 1468 
2 321 1459 
4 934 1869 3075 3319 
1 2989 
2 752 913 
0 
2 1754 2037 
1 2085 
2 1746 1823 
1 3521 
1 750 
3 1127 1878 2862 
3 556 1785 4197 
4 103 898 4079 4370 
2 2216 2991 
1 314 
3 2422 2828 3752 
4 2628 2888 3380 3416 
5 2231 2424 2453 3340 3893 
0 
1 4494 
3 2481 2980 3732 
1 1920 
1 75 
4 60 1369 1607 4054 
1 1290 
0 
3 666 3445 3461 
4 368 883 1179 2341 
2 2703 3520 
1 197 
2 2124 3077 
1 1 
3 401 2835 3354 
4 1627 1699 1715 4494 
5 167 1285 1561 1951 3558 
2 960 1612 
0 
1 2458 
1 2330 
3 1552 3463 4356 
1 4312 
3 649 2093 2902 
3 1818 2985 4337 
3 397 2864 3074 
3 1572 2282 3592 
2 1750 2072 
1 1562 
1 2587 
1 2383 
2 3944 4110 
6 193 784 884 1767 4263 4370 
3 461 3188 3916 
3 1254 2082 3740 
2 1076 2243 
3 61 1526 3531 
1 2864 
1 4051 
2 354 1477 
2 2202 2316 
3 1494 1768 3022 
5 1277 1479 2695 2810 3487 
3 787 3523 4444 
4 19 1679 2343 3848 
5 257 420 1456 2416 3595 
1 3663 
1 553 
1 1654 
3 2778 4034 4328 
5 838 1945 2123 2876 3006 
5 1060 2705 2799 3401 3440 
2 2486 3624 
1 937 
6 1016 1110 1131 1162 1618 2816 
1 1469 
3 3540 3657 3908 
3 476 3245 3565 
4 483 3391 3945 4184 
2 3800 4182 
1 2326 
5 546 667 2789 4006 4412 
2 1287 4184 
4 409 916 1524 3339 
0 
5 34 1068 1862 3335 3712 
3 1028 3739 4081 
2 3913 4370 
2 549 2213 
1 1603 
4 3022 3369 3552 4474 
3 12 135 2664 
1 1148 
5 968 1637 2859 3327 4239 
2 1551 1660 
1 2296 
1 3805 
1 3325 
2 1177 3261 
3 2232 2338 2629 
4 1943 3009 3442 4227 
2 916 2295 
2 22 3191 
3 962 1970 2322 
4 456 544 1007 1639 
2 215 3664 
2 618 619 
3 667 3109 4338 
1 3133 
4 848 1867 2417 3719 
3 1748 2051 3950 
3 1014 3595 3758 
2 2123 3276 
4 777 1423 1775 3119 
1 2499 
4 669 1375 1838 4458 
2 1385 3548 
4 139 995 1098 2195 
1 1002 
4 699 1782 3474 3545 
3 798 2913 3831 
3 2465 3235 3832 
2 1071 2304 
3 1667 3237 4188 
1 173 
2 2487 3827 
2 3492 3570 
3 269 508 3332 
1 1038 
0 
4 440 1122 3160 4401 
5 1525 2386 3949 4315 4426 
4 1032 2426 3957 4424 
2 3436 4378 
4 273 854 2374 2827 
1 1358 
2 1679 4320 
1 3127 
3 596 1039 3260 
0 
1 2894 
4 590 1497 1660 1740 
0 
0 
2 2376 3169 
1 2262 
1 2484 
1 187 
1 2149 
2 374 3320 
1 2836 
0 
1 2598 
2 842 2594 
1 1734 
6 523 2288 2546 3641 3728 3972 
2 509 1706 
2 1773 3681 
1 4299 
5 521 2106 3313 3638 3800 
3 1667 1938 2991 
3 795 2470 2633 
2 194 3176 
1 481 
0 
0 
0 
2 78 647 
4 2024 2604 4185 4296 
2 346 1296 
2 2111 2290 
2 945 4377 
6 1005 1246 1270 2325 2595 3417 
3 213 3539 3667 
3 2944 3260 3671 
4 2949 3414 3724 4239 
1 167 
1 1593 
3 482 1913 4246 
2 537 3666 
2 1031 2690 
2 1480 2908 
1 3439 
3 324 3684 4070 
4 299 3058 3429 3940 
1 1857 
1 3730 
5 28 1941 2145 3426 4342 
2 263 672 
0 
3 182 1980 2906 
1 170 
3 968 2326 2412 
3 207 1642 2371 
1 3375 
1 1075 
4 1043 1985 3585 4443 
3 483 1367 3424 
5 39 65 234 327 3313 
2 992 2550 
2 1855 3342 
5 532 860 1007 3192 3982 
1 2315 
4 116 2606 3067 3270 
0 
5 770 1384 1597 2661 2819 
2 1612 2613 
1 4397 
2 2351 3993 
3 1154 2172 4039 
1 3732 
2 425 2464 
1 813 
3 1691 3221 3816 
2 2434 4199 
4 2579 3077 3915 4098 
4 1412 2245 3199 3495 
5 381 543 1108 1284 2499 
0 
3 1147 3270 3662 
5 952 976 1556 2410 4288 
4 276 963 2818 3283 
2 2637 3858 
2 2059 4441 
4 468 1296 2745 3480 
4 649 1078 1483 2351 
4 479 1045 2259 3796 
1 507 
3 1898 2185 4454 
4 1652 1818 2831 3862 
2 63 3088 
1 3481 
5 368 3080 3361 3883 4206 
2 1198 3560 
0 
0 
3 1758 2497 3035 
2 3208 3694 
3 1037 1345 3466 
5 36 683 884 2614 3473 
1 3764 
3 101 2423 2944 
1 527 
3 778 3804 4347 
2 665 3602 
3 1475 3304 3767 
1 2370 
3 1704 1774 3818 
4 317 513 785 3997 
3 328 2335 3680 
2 3368 3807 
0 
2 4392 4445 
4 1216 1389 3458 3533 
1 1951 
4 311 437 1008 2983 
5 515 1012 1645 1903 4139 
3 1079 1870 3049 
4 152 1404 3199 4176 
4 727 1376 1768 3221 
1 4200 
5 526 1364 2592 3736 3918 
2 499 4174 
0 
0 
3 2945 3999 4267 
2 472 2985 
2 714 1175 
1 924 
3 2569 3576 3928 
4 1879 2118 2230 3557 
0 
0 
4 985 1623 3217 3763 
3 303 1632 3821 
1 2757 
3 2621 2902 3732 
0 
2 580 3272 
3 2380 3252 3698 
1 317 
3 2526 3305 4332 
4 1861 2804 3020 3131 
4 198 1271 3240 4493 
2 777 3618 
1 4350 
2 1280 4102 
2 633 1426 
2 620 1805 
3 1618 2913 3298 
1 3626 
3 1772 3495 4363 
2 201 2137 
3 784 887 1481 
4 1557 1914 2054 4477 
2 628 2335 
3 85 2235 2247 
5 221 841 3227 3415 4170 
2 2161 3318 
3 2561 2933 4022 
5 467 1121 2758 3241 3562 
2 253 848 
2 1414 3882 
4 1807 2181 2549 3361 
0 
3 935 1784 2206 
2 1430 3358 
3 1188 2367 4188 
1 4006 
1 1011 
4 858 1342 2085 3332 
2 3569 3673 
1 1924 
1 2624 
2 2066 4005 
6 599 1131 2069 3512 4272 4406 
3 58 364 3278 
1 595 
2 829 3475 
0 
3 577 3102 3542 
5 2789 3930 4070 4127 4312 
3 228 2042 3149 
3 619 3086 3319 
4 162 924 2054 3685 
2 1367 2779 
2 2604 4301 
6 303 1259 1412 2472 3553 4327 
5 79 1974 2455 3368 3611 
4 878 1531 1630 2800 
2 2065 3010 
1 3891 
2 459 2493 
3 209 1360 3102 
2 2901 3511 
2 357 1626 
2 2762 2786 
2 936 1593 
2 2074 4138 
2 1679 3663 
2 1103 2647 
1 4282 
1 2637 
5 1604 1904 3438 3702 4083 
3 653 2042 4408 
3 391 1706 2422 
4 49 764 2751 3147 
2 1074 2347 
1 4282 
1 1946 
4 1514 3021 3234 3288 
0 
3 0 1444 2004 
2 3307 3353 
2 1731 3930 
0 
3 193 1733 2551 
3 1336 1571 4259 
1 833 
2 296 298 
7 1176 2692 3486 3653 3754 4233 4362 
3 1904 3083 4481 
2 2267 2790 
3 675 1353 2248 
2 37 3844 
2 252 2387 
1 3108 
1 2709 
3 2398 3225 3722 
4 1322 2873 3570 4438 
6 841 1961 2243 2694 3225 3972 
1 1623 
2 516 2729 
1 2164 
2 617 2534 
3 701 1216 4114 
3 10 795 3526 
2 2096 4323 
5 324 1029 1840 1889 2250 
1 2740 
3 2205 2302 2684 
1 2459 
3 2509 3314 4229 
1 929 
2 130 3532 
2 3720 3972 
0 
1 3842 
1 2550 
3 1406 3793 4442 
1 2043 
3 2336 2732 4454 
3 582 1031 4232 
3 1042 2168 2288 
1 2835 
4 1448 2537 2552 4301 
6 919 1938 1992 2899 2945 3401 
0 
0 
3 3 421 3397 
3 1811 2164 3738 
7 173 469 513 953 1349 2967 3754 
0 
1 64 
5 839 1027 2085 2254 2924 
0 
0 
2 3857 3952 
3 102 2018 2269 
0 
1 169 
3 869 950 3602 
1 1330 
3 759 1610 2885 
3 533 1723 2324 
5 258 658 3181 3318 4077 
2 453 2117 
1 1661 
3 918 1036 2687 
0 
3 1798 3029 3461 
6 6 65 1999 3308 3581 4489 
2 1886 3347 
5 1531 2689 3076 3859 4269 
2 1622 3421 
2 3415 3673 
4 412 2326 3909 4298 
1 2089 
4 1302 1625 2992 4126 
2 24 3416 
2 699 1487 
6 612 2455 2587 3553 3667 4277 
1 267 
3 2283 2609 3726 
0 
0 
2 1277 4111 
0 
2 2973 3491 
2 3399 3725 
2 842 1340 
0 
4 2065 3089 3425 4295 
1 3566 
2 106 2977 
3 1708 4006 4055 
2 759 1583 
4 659 2385 2932 4129 
2 1817 2910 
2 585 4269 
3 671 1453 3787 
4 1961 2214 2539 3061 
3 473 3479 4172 
4 490 1311 1918 2780 
4 1468 1512 1889 4104 
1 22 
2 762 3521 
1 1418 
1 2697 
2 1258 1850 
4 1661 2599 3585 4206 
4 380 485 1863 1930 
5 922 1002 2566 2745 3113 
2 1657 1779 
3 223 1294 1388 
2 166 1705 
5 5 1319 1504 1554 4357 
2 918 2305 
2 12 157 
1 2972 
2 2736 3327 
3 444 3851 3902 
2 93 2523 
1 1725 
3 934 1907 3025 
2 1704 1880 
2 1720 4341 
4 318 1313 3351 4393 
4 3066 3627 4283 4298 
2 2429 2694 
5 1187 1895 3119 3610 4187 
1 3205 
4 502 1707 3417 4071 
5 405 1081 3087 3681 4171 
3 800 1591 3675 
2 3111 4169 
3 2850 3397 4200 
3 1253 2053 2475 
1 3428 
0 
3 3264 3452 3518 
3 207 697 860 
5 763 974 3854 3883 4252 
2 2254 2967 
3 1601 2429 3503 
1 19 
2 904 3642 
3 2102 3328 4048 
2 1672 3296 
2 1839 3813 
2 2672 2922 
4 309 1125 2924 3853 
2 3071 3995 
2 195 2860 
0 
0 
2 933 3076 
2 307 1827 
2 2538 3180 
4 485 539 2012 2807 
2 533 3259 
0 
5 1212 2190 3602 3643 4483 
3 4090 4194 4447 
0 
3 363 2326 4493 
4 495 1196 3065 3353 
0 
2 868 4363 
1 634 
2 231 2194 
2 1572 3515 
2 2065 3482 
4 1468 2304 2742 3873 
2 50 2236 
5 494 2531 2930 3207 3487 
2 1867 4281 
3 221 1244 4167 
2 1112 2484 
4 950 1190 1856 2146 
3 1451 2164 2295 
3 4205 4263 4494 
2 1443 1917 
5 957 1081 1287 1485 1707 
0 
2 754 4323 
0 
1 2552 
2 1948 4123 
3 860 1079 2420 
3 432 969 2469 
1 2705 
4 1226 2609 2872 4027 
3 2521 2798 2865 
1 1059 
4 1355 2426 3692 4407 
3 706 954 1451 
1 582 
0 
0 
1 2899 
4 949 2518 2779 3631 
0 
1 24 
2 3029 3468 
1 1941 
2 140 1655 
3 494 1105 1800 
3 407 3321 3401 
3 1109 2544 4121 
3 1959 2065 3931 
1 56 
2 559 3485 
3 1585 3338 3941 
2 1788 4179 
2 192 3492 
5 490 739 1852 1966 3068 
3 1512 2268 4111 
0 
1 327 
2 407 1052 
2 682 3741 
0 
3 833 2012 4145 
2 1587 3455 
1 1702 
1 3489 
3 2151 3189 4050 
1 72 
1 3516 
1 665 
2 1694 4331 
3 1709 2718 4269 
1 2712 
2 2646 2651 
2 2550 3367 
1 373 
2 1440 2358 
3 1317 2982 3232 
1 3362 
2 216 3363 
1 790 
1 1364 
4 171 464 986 3156 
1 503 
3 1345 1971 3876 
0 
4 1945 2272 3881 4095 
2 227 1824 
3 411 1031 1159 
2 1986 3629 
4 572 1010 2011 4061 
2 2409 3606 
4 697 2120 3198 4026 
3 179 3958 4344 
1 1040 
1 3306 
4 188 2440 2448 4389 
7 79 1331 1785 2316 2389 3241 4236 
4 978 1189 1672 3713 
2 346 2429 
2 2190 3743 
3 3734 3977 4401 
4 396 1088 1614 3175 
2 76 715 
3 2482 3649 3893 
5 0 1956 2423 2873 3464 
1 3665 
3 1079 1175 3196 
2 1320 4089 
6 574 860 1267 1507 3206 3471 
1 4384 
2 1224 2397 
2 1335 1835 
0 
1 533 
0 
1 754 
2 885 3102 
0 
1 2337 
3 256 2853 3765 
0 
2 2143 4351 
4 127 2331 3837 4165 
2 96 1028 
3 178 2573 2740 
1 2842 
4 45 1673 2591 4270 
7 6 461 1140 1352 1541 2079 3839 
4 1187 1472 1762 3544 
3 3474 3734 4384 
0 
1 1041 
1 2039 
0 
0 
1 3144 
4 1798 2600 3099 4044 
3 184 1392 3573 
2 791 2602 
3 1462 3261 3857 
1 4486 
0 
5 158 1375 2895 3134 3216 
3 915 2181 2471 
5 836 1306 2510 2873 2960 
2 2834 3064 
1 722 
2 1219 4359 
2 1287 3713 
0 
0 
5 628 843 2069 2920 3947 
2 1681 2332 
4 160 1844 4096 4392 
4 110 1265 1581 3318 
3 237 781 3668 
2 1079 1136 
2 2379 3051 
2 2747 2904 
5 400 1143 1552 2432 3329 
1 2723 
1 3457 
2 1598 3295 
1 594 
3 799 1611 3503 
2 2279 2705 
2 947 2464 
0 
2 1411 1888 
1 2894 
2 1408 4131 
1 4399 
4 759 2823 3073 4031 
3 1380 2684 4016 
1 3511 
0 
4 967 1128 3563 3596 
3 2878 2964 3802 
3 1489 4085 4279 
0 
2 1360 2814 
1 1303 
0 
1 4141 
0 
2 2876 4112 
4 1942 2478 3113 3426 
4 1150 1191 1753 3805 
2 524 1330 
3 813 3042 4027 
1 3293 
2 3320 4140 
0 
3 1005 3231 3905 
4 1187 1471 3984 4252 
3 1312 1776 3373 
2 2596 3352 
2 749 4355 
3 1272 2392 3649 
2 620 4112 
2 1922 4008 
4 433 1675 2751 4323 
4 165 2073 2952 3115 
3 751 2891 3374 
3 1797 2070 3846 
1 2362 
4 829 1213 2218 4369 
1 4400 
0 
4 1108 1684 2234 3979 
1 3146 
3 1071 1501 1973 
2 448 2517 
0 
2 1689 2759 
3 248 1693 1817 
1 1689 
2 980 1756 
5 1611 1805 3397 3612 3627 
3 538 2647 4287 
2 487 1108 
1 803 
2 2383 2845 
1 3854 
5 820 1216 1644 2246 4495 
3 400 3963 4370 
6 1000 1357 1734 2517 4004 4230 
3 410 556 2564 
2 3034 3443 
2 2594 2707 
5 14 889 1454 3948 4287 
2 344 1450 
3 1174 3214 4430 
2 4445 4479 
3 218 597 1990 
4 869 1207 1468 2953 
1 2214 
2 1417 1901 
3 1386 3153 4362 
2 1406 3450 
1 4414 
1 3744 
1 3165 
2 656 3490 
0 
1 3507 
0 
5 543 1384 1610 2023 4468 
2 3059 3061 
4 662 1315 2092 4069 
3 2695 3206 3980 
3 1504 2873 3556 
4 3323 3550 3687 4269 
2 1781 4413 
5 1169 2550 3141 3954 4364 
2 312 1414 
1 126 
3 2265 2509 2924 
2 1169 2417 
3 148 1113 4188 
1 3089 
2 1948 2421 
4 297 1608 1820 3927 
1 1741 
2 5 2995 
1 3226 
2 992 4054 
0 
3 67 3541 4300 
2 2942 2992 
1 3094 
3 696 959 2997 
5 1540 1566 2392 3845 4161 
6 974 1498 3784 3943 4131 4392 
2 1539 3071 
3 1006 1509 4467 
6 408 895 898 4161 4205 4262 
1 3926 
3 400 1263 2701 
2 474 1124 
4 1849 3187 3311 4240 
1 1563 
0 
1 3194 
2 2439 2726 
4 1785 3027 3451 4275 
0 
3 1276 1725 4197 
3 1547 2772 3141 
2 1228 2409 
2 1370 3890 
2 38 4270 
4 673 677 2052 2770 
2 217 1730 
2 3739 4415 
1 926 
1 3819 
4 495 1151 1957 3300 
1 1411 
0 
4 1052 1110 3267 4020 
4 1054 1796 3039 3687 
2 1771 2142 
1 1011 
3 419 1088 2213 
2 2434 3017 
3 533 2336 4180 
3 237 2403 3843 
1 2547 
2 1366 2691 
3 161 377 2755 
1 75 
3 2650 2693 4363 
1 1482 
1 2305 
2 4003 4300 
3 904 3425 3563 
3 570 2121 3724 
3 52 439 1463 
2 92 2675 
3 142 317 2858 
5 2471 2530 3028 3085 4242 
6 200 245 733 766 2310 2362 
4 526 1290 1454 3657 
1 2117 
3 1105 2344 3256 
2 2304 4156 
5 303 1557 2537 3328 4181 
1 2266 
3 1133 1145 3585 
2 749 2759 
3 982 3093 3932 
8 196 335 599 1776 1850 2094 2265 4190 
4 811 2612 2976 4110 
3 1894 4159 4365 
2 2702 3861 
3 1513 2356 3755 
2 601 2080 
3 101 1655 3120 
0 
2 390 1724 
4 1656 1751 2415 3839 
4 1067 1481 3907 4492 
2 625 1761 
2 1747 3457 
1 2983 
2 39 615 
1 2065 
1 3528 
0 
5 103 1529 2234 2748 3696 
0 
2 193 583 
1 1387 
5 206 1002 2378 2513 2622 
4 220 1823 2826 4395 
6 1702 2495 2821 2855 3293 4087 
5 889 2006 2324 3678 3809 
4 345 2969 3939 3953 
2 744 1701 
3 509 1734 3617 
4 1153 2064 2186 4378 
2 1513 2115 
0 
0 
2 1704 4237 
3 105 1258 2348 
6 509 1401 2370 2906 3062 3801 
5 351 1537 2100 2246 2894 
4 718 1847 3780 4171 
4 1181 2278 2328 3188 
2 2039 3229 
4 1581 2254 2604 3670 
2 3563 4176 
3 842 1310 2990 
2 2108 3689 
2 219 1183 
3 912 3924 4027 
2 469 3188 
0 
1 1901 
2 1885 4339 
4 121 409 1296 2930 
3 1137 1635 1793 
3 546 2387 3580 
2 1536 3498 
5 101 1523 1899 2679 3945 
2 756 3937 
2 212 1861 
2 2703 4145 
5 419 530 548 2146 4301 
3 2822 3815 4143 
6 66 655 764 1283 1371 2654 
2 115 3166 
0 
2 1576 1706 
3 1862 2392 2685 
1 979 
1 2165 
3 204 409 1413 
1 2704 
2 1698 2889 
1 4080 
2 1109 2655 
2 1923 2804 
3 2445 2853 4088 
3 331 491 1439 
2 4026 4030 
1 143 
3 302 665 1345 
0 
1 3876 
3 714 2583 3153 
4 1338 2830 3109 3769 
1 1093 
2 316 3727 
2 1194 3539 
3 1136 3725 4123 
3 2845 3694 4318 
1 1835 
2 101 3504 
2 779 1386 
4 417 2953 3500 4127 
1 776 
1 4356 
1 3806 
4 424 694 2230 4060 
2 747 4081 
3 1521 2679 3321 
3 1794 3072 4192 
4 276 2723 3320 3324 
4 838 1123 2000 3410 
0 
7 646 1365 1934 2273 2637 3722 4454 
4 1114 3365 3549 4013 
3 736 1388 3088 
3 1245 4086 4426 
2 931 3062 
4 208 574 2362 4183 
3 1136 2740 4290 
4 715 948 1495 3755 
1 2898 
0 
3 1687 3255 4041 
1 62 
1 3456 
4 2352 2584 3502 3728 
0 
2 2176 4300 
1 39 
2 560 1806 
4 1385 2802 3773 4030 
3 3474 3702 4280 
1 2549 
2 1775 1946 
1 2779 
4 139 729 898 4421 
3 950 2230 2469 
2 262 1044 
0 
0 
1 1669 
4 175 288 636 680 
2 2505 3056 
2 1968 3108 
0 
2 776 2319 
1 2008 
1 174 
1 418 
3 186 1412 4343 
3 2089 2337 3111 
4 310 767 2172 3080 
3 163 1705 3342 
1 2940 
4 411 795 3624 4292 
1 3980 
1 2924 
3 985 1052 3634 
4 16 1274 2344 3602 
4 395 1074 2085 4249 
2 144 2581 
1 3850 
1 4119 
2 1917 3065 
2 3335 3417 
1 4034 
1 2113 
4 1298 1427 1563 4075 
1 3195 
2 831 941 
1 2242 
1 3420 
1 749 
1 731 
6 440 624 626 1500 1535 4234 
5 41 107 2550 4280 4418 
1 215 
6 110 1615 2411 3045 3734 3948 
0 
1 1572 
0 
4 566 646 1576 2008 
1 1959 
4 1436 1450 1772 1783 
1 3599 
0 
1 583 
4 326 696 2589 4030 
5 1212 1642 2145 3294 3773 
2 17 409 
0 
4 1825 1984 2151 2393 
4 1734 2269 2666 3507 
2 308 1233 
6 287 874 3665 3691 3824 4006 
4 2555 3880 4045 4356 
2 177 926 
3 96 1288 3557 
5 985 1021 1416 1608 2246 
3 1186 2321 3106 
5 422 1849 2722 4039 4295 
1 2453 
2 1184 3673 
1 1244 
3 1069 1185 3932 
6 534 897 1118 1213 4206 4250 
3 672 1531 3768 
2 3583 3590 
5 919 1037 1352 3720 4295 
2 143 2911 
3 873 989 1628 
3 1143 1189 2677 
4 940 1268 3973 3984 
3 77 143 3462 
1 4442 
3 33 1357 4193 
4 1736 2635 2827 4365 
3 1112 3144 4229 
2 1058 2087 
2 423 1375 
6 16 803 2380 3684 4275 4283 
4 443 482 1894 3410 
4 905 1746 2823 4342 
6 316 1075 1494 2990 3668 3720 
2 3053 3400 
6 804 973 1999 4022 4069 4202 
5 1570 2546 3568 3637 4144 
3 601 2785 2889 
3 261 1037 1521 
0 
1 1845 
2 663 839 
1 833 
3 1048 1147 2955 
1 1018 
0 
2 2976 3204 
3 942 3284 3563 
0 
1 1321 
5 941 2047 2345 3373 4364 
2 975 1410 
1 2444 
4 1210 1304 4172 4366 
2 534 822 
3 1961 2139 3378 
1 2329 
1 212 
7 769 818 1579 2591 3619 3777 3955 
2 1211 2885 
1 684 
1 2694 
5 2111 2117 3106 3160 3569 
3 521 1785 3311 
2 1649 2522 
2 2416 2945 
2 263 3823 
6 551 1487 1495 2489 2963 3523 
3 2174 2681 4390 
2 771 1345 
2 1249 1692 
2 371 2325 
4 648 750 1467 3286 
3 2463 2579 3349 
2 2956 4135 
2 535 1265 
1 3718 
2 3429 4297 
2 2528 4224 
2 2540 3846 
2 282 4442 
2 2329 2345 
4 885 1184 1941 3485 
2 104 2504 
1 1041 
2 956 3527 
6 285 770 1092 1370 1568 3875 
1 1136 
3 215 372 935 
4 114 462 807 1152 
4 1303 1702 3951 4452 
5 342 2842 3283 4178 4270 
1 3708 
3 591 1498 2429 
5 633 1260 1344 1947 3901 
1 3023 
3 365 964 1005 
3 2615 3602 3992 
4 2027 3533 3760 4066 
3 2082 4008 4315 
2 4088 4291 
4 222 1407 2061 4318 
0 
1 345 
2 948 3960 
6 701 994 3256 3294 3329 3979 
6 778 2085 2475 2701 2767 3159 
3 1014 2276 2355 
2 634 2004 
1 885 
3 1434 3138 3162 
0 
2 1282 3413 
5 1864 2614 3059 3375 4115 
0 
0 
0 
1 234 
3 124 145 1205 
4 1830 2463 3863 3883 
2 3059 3151 
2 571 1963 
2 1134 2358 
2 2409 3067 
1 3849 
2 357 4333 
2 1026 1830 
5 1999 2823 3494 3907 4027 
4 248 1056 1899 3719 
1 2689 
3 1883 2953 4109 
4 1943 2541 2743 3029 
3 1246 1470 3449 
1 622 
3 1901 2505 3925 
5 168 1799 2003 3015 3961 
3 2239 3372 3854 
3 1034 2629 2982 
2 556 2755 
4 155 1063 1554 3043 
0 
1 3557 
3 551 1132 3787 
2 304 3586 
3 51 284 1146 
0 
3 330 1512 2789 
2 2698 3323 
2 2488 4007 
3 512 2469 3994 
4 2060 2714 2755 4048 
3 0 1228 2390 
1 1301 
4 171 965 1580 4250 
0 
2 1707 2239 
1 4210 
0 
1 3181 
2 644 3374 
1 150 
4 2943 3036 3373 4190 
3 393 1578 2281 
1 3209 
1 2064 
1 3986 
4 1688 1867 2309 3103 
2 232 1920 
3 677 1321 2960 
2 324 1812 
3 824 2157 3007 
1 2367 
2 61 1811 
5 370 1635 2361 3611 4477 
0 
2 495 3168 
2 1498 3465 
5 428 556 3631 4289 4345 
2 1925 3438 
2 3138 3305 
6 449 756 2643 2914 3494 3987 
0 
4 1563 1709 3232 3755 
0 
0 
3 1156 1271 3084 
0 
5 878 1370 2069 2917 4355 
2 1418 1915 
3 3470 3633 4187 
0 
2 1085 1665 
2 2385 3197 
3 2122 3034 3357 
0 
2 663 1868 
2 756 2677 
1 2043 
1 1052 
2 1120 2770 
1 140 
0 
1 4029 
2 2092 4001 
5 145 324 396 2100 3145 
0 
2 497 1576 
1 2096 
0 
1 3332 
2 615 2915 
2 725 2465 
6 1065 1508 2403 2858 3536 4438 
2 369 853 
3 307 2618 3987 
1 3164 
3 629 3141 3603 
1 2423 
2 2875 3754 
4 1371 1709 1971 2137 
2 1632 2500 
3 287 1717 3894 
2 168 1628 
1 167 
5 1269 1318 1438 2678 3663 
3 1408 3165 3209 
1 1819 
1 4096 
3 1558 3525 3757 
3 3263 3277 3773 
1 3978 
0 
3 910 1741 2799 
1 1961 
5 155 796 799 1321 1959 
3 2 1 1 3 2 2 1 1 1 3 1 1 2 1 1 1 3 2 3 2 3 3 1 2 1 1 1 1 1 1 1 1 3 1 1 3 1 1 1 2 1 1 3 2 1 1 1 1 1 1 1 1 1 1 1 2 1 1 1 2 2 2 1 2 3 1 4 1 1 1 3 3 3 1 3 4 1 2 1 1 1 3 1 2 1 2 1 2 2 1 2 2 2 2 1 3 2 1 1 1 4 1 1 2 1 1 3 1 1 2 1 1 1 2 2 1 1 1 1 4 1 1 1 1 1 2 2 1 2 1 2 2 1 1 3 1 2 1 2 2 1 3 1 1 3 1 1 1 1 3 1 2 1 2 1 1 3 1 1 1 1 3 1 2 1 2 2 2 3 2 2 3 2 1 3 2 1 3 2 2 2 2 2 1 1 1 2 3 1 1 3 1 3 2 3 2 2 2 1 2 3 4 3 2 2 2 2 2 2 1 1 2 2 2 4 2 3 3 1 2 3 1 1 1 3 2 1 2 1 1 1 1 1 3 1 1 3 1 1 1 3 2 1 3 2 2 2 2 1 1 2 1 2 2 2 1 2 2 1 1 1 2 2 1 1 1 3 1 1 2 1 1 1 2 2 1 1 2 1 1 1 3 1 1 1 3 2 2 3 2 2 3 1 1 1 4 1 1 3 1 1 3 3 3 2 1 3 3 3 1 2 1 1 1 1 3 2 1 2 1 1 1 3 4 1 4 1 3 2 2 2 3 1 1 1 3 1 1 2 3 1 1 1 1 1 2 3 1 3 2 2 2 2 1 1 1 2 1 1 1 1 1 3 2 2 2 1 3 3 2 2 1 2 2 2 3 1 1 1 3 1 1 1 1 2 1 1 1 2 2 1 1 1 1 1 4 3 2 3 2 2 2 2 1 1 2 1 3 2 2 2 3 1 1 1 1 1 2 1 2 3 1 1 2 1 1 1 4 3 3 1 2 1 1 1 1 2 2 1 3 2 2 2 1 2 1 1 2 2 1 1 1 4 2 1 3 2 2 1 1 2 2 1 1 1 2 1 4 3 1 1 2 1 1 1 1 2 3 1 1 2 3 3 1 3 1 2 1 1 1 1 1 2 3 1 1 2 1 2 4 1 1 2 1 1 1 2 1 3 1 3 3 3 2 1 1 2 4 1 1 3 1 2 1 1 1 2 1 1 1 2 2 3 2 1 2 3 2 1 2 1 1 1 2 2 4 2 1 2 1 3 1 2 3 1 3 1 1 4 1 1 3 1 1 2 1 2 3 2 2 1 1 1 1 2 2 1 1 2 2 2 2 2 1 2 1 1 3 1 1 2 1 1 2 3 1 3 2 2 1 1 2 1 3 1 2 1 1 1 3 1 1 2 1 3 2 2 2 2 2 1 3 3 1 2 1 1 1 2 1 1 1 3 1 1 1 1 1 1 1 1 1 1 2 1 1 2 2 1 2 1 1 3 3 1 1 4 1 2 1 2 1 2 1 2 3 1 1 1 2 2 2 1 2 3 2 3 1 1 2 1 3 3 1 1 2 1 2 3 1 1 1 3 2 2 2 1 1 1 2 3 1 2 1 1 2 1 2 1 1 1 1 1 2 1 2 1 2 2 1 2 3 1 1 2 1 1 1 1 2 2 1 2 2 1 1 2 3 1 2 1 1 1 1 3 1 1 2 1 3 3 2 1 2 2 3 1 1 1 1 1 1 4 1 1 1 3 3 2 4 2 2 1 2 1 1 2 1 2 3 1 1 1 3 2 2 1 1 2 1 2 2 2 1 2 3 1 1 4 3 2 2 1 3 3 2 2 2 1 1 2 2 1 3 1 2 1 1 1 1 3 2 1 1 2 2 1 1 1 1 2 2 2 2 3 1 1 1 2 3 3 1 1 2 1 2 1 4 1 1 1 1 1 1 1 1 2 3 3 1 1 1 2 2 1 1 3 2 1 2 1 2 1 1 2 3 1 1 1 3 3 1 2 1 2 3 2 1 2 1 1 1 1 2 1 2 2 1 2 2 1 1 1 3 2 1 2 1 2 2 2 2 1 1 1 2 1 2 1 1 2 3 1 3 2 1 1 1 2 3 2 1 3 2 3 2 2 1 3 1 1 2 1 1 2 1 2 1 1 4 1 2 2 1 1 2 1 1 3 1 1 4 1 2 3 2 1 1 2 3 2 1 2 4 4 1 1 1 1 3 1 2 2 2 1 2 4 1 1 1 1 1 2 1 2 1 2 1 2 2 2 2 2 1 2 1 2 2 1 1 2 3 1 2 1 3 2 2 1 1 2 3 1 2 2 2 1 2 2 1 2 1 1 3 2 2 3 1 1 1 2 2 2 2 1 1 2 2 1 3 2 3 1 1 2 3 1 1 2 1 3 3 1 1 2 2 1 1 3 1 1 2 1 3 4 2 1 2 1 1 1 1 1 1 2 2 2 3 1 2 2 1 2 1 1 1 1 1 2 2 1 3 2 2 2 2 1 3 2 1 2 1 2 1 1 2 2 2 1 1 2 1 1 1 2 1 1 1 1 2 1 1 1 2 1 3 2 3 2 3 1 1 1 2 3 1 4 1 1 1 1 2 2 1 1 2 1 2 2 1 1 1 2 2 1 2 2 2 3 3 2 1 1 2 2 2 1 1 1 1 3 1 1 2 1 2 2 2 1 2 1 3 2 2 4 3 1 2 1 1 1 2 2 2 1 2 4 1 2 1 2 2 2 1 1 4 1 1 2 2 1 2 1 1 1 2 1 3 1 2 2 3 3 2 3 1 2 2 1 1 1 1 3 2 4 3 1 1 1 1 1 1 1 1 1 1 3 3 1 3 1 3 2 1 3 1 1 1 1 2 4 3 1 1 1 1 3 1 1 2 1 2 1 1 2 1 3 1 1 1 2 1 2 1 3 4 2 1 1 2 2 1 3 1 3 1 1 1 1 1 1 2 2 1 1 1 2 3 2 2 1 1 2 1 1 2 3 1 1 1 4 1 1 1 3 1 1 2 1 3 2 1 2 4 2 1 1 3 2 1 1 3 2 1 2 1 4 2 1 2 3 1 1 2 1 2 1 1 1 1 3 2 1 2 3 1 1 1 1 1 3 2 1 3 2 2 1 4 2 1 1 1 2 1 1 2 1 2 1 1 1 2 1 2 3 1 3 1 1 2 1 1 2 3 1 2 1 2 1 1 2 1 1 2 2 2 3 1 1 1 1 1 1 3 3 1 2 3 1 2 1 2 1 2 2 4 2 2 1 1 1 2 2 1 1 4 2 1 1 1 1 3 2 2 1 1 2 2 3 1 2 4 2 2 3 2 2 2 2 1 2 1 1 1 3 1 1 1 3 2 1 1 1 1 2 1 2 4 1 2 1 3 2 2 2 3 1 2 1 1 3 3 1 3 1 2 1 1 2 1 3 1 2 2 1 2 1 1 1 3 3 1 1 2 2 2 2 2 1 2 2 2 1 1 1 2 2 1 1 1 2 3 3 2 1 1 3 2 1 1 2 2 1 1 2 2 1 2 1 1 1 3 1 1 2 3 1 1 1 3 3 1 1 2 3 1 1 2 2 1 2 1 3 1 2 2 3 1 1 2 2 1 1 1 1 3 1 2 1 3 2 1 3 2 1 1 1 5 1 1 2 3 3 1 1 1 2 2 1 1 3 2 1 3 3 2 2 1 2 1 1 2 1 1 1 1 1 1 3 1 1 1 1 2 3 2 2 3 1 2 2 3 1 1 2 2 1 1 1 2 2 1 4 2 1 2 1 1 1 2 2 2 1 2 1 1 3 2 1 1 1 1 2 1 2 1 2 2 1 1 3 2 1 3 1 3 1 1 2 1 1 1 1 3 2 1 2 1 2 1 3 3 3 2 2 2 1 1 1 1 2 2 2 1 1 3 1 1 1 4 2 1 1 1 1 2 1 1 1 2 3 1 1 1 1 3 2 1 1 2 4 4 1 1 2 1 1 1 2 1 3 3 1 2 3 2 1 3 2 1 2 1 3 2 3 2 2 1 2 2 1 2 2 2 2 1 1 1 2 2 3 1 1 2 2 3 1 2 3 2 2 1 3 2 1 1 3 1 2 4 3 1 2 3 2 1 3 3 1 2 2 2 2 1 1 1 1 1 3 1 1 2 1 1 3 2 2 2 3 4 2 2 1 2 3 2 2 1 2 1 1 2 2 3 1 1 3 2 2 1 1 1 2 1 3 1 1 3 1 1 2 2 1 1 3 1 3 2 1 1 3 3 2 2 2 2 2 1 2 1 3 1 1 2 1 1 1 1 2 1 2 1 2 1 3 1 3 1 1 3 1 1 1 1 2 1 1 1 1 4 1 1 1 1 1 1 1 2 1 3 1 4 1 1 2 1 1 4 1 1 3 1 1 1 1 1 3 2 3 2 2 1 1 1 1 1 1 1 3 2 2 1 1 1 1 1 1 3 2 1 3 3 1 2 1 1 1 1 1 2 1 4 2 2 2 2 1 1 2 1 1 2 2 4 1 2 1 3 1 1 1 3 1 1 1 1 3 3 1 3 2 1 1 3 2 2 2 3 1 2 3 1 1 1 1 1 1 1 3 2 2 2 2 2 1 2 2 3 2 1 1 1 1 1 1 1 1 4 2 1 2 2 1 2 2 1 2 1 1 2 2 2 1 2 4 1 1 1 3 1 1 1 1 1 4 2 1 1 2 1 2 3 3 1 1 3 2 1 1 3 1 2 1 2 2 2 2 1 3 2 2 3 1 1 1 1 2 1 1 2 2 1 4 3 1 1 1 1 1 1 3 1 3 2 2 2 2 1 1 3 3 1 2 1 2 1 1 3 3 1 2 2 2 2 1 1 1 1 1 2 2 2 1 3 2 1 1 1 1 1 2 3 2 1 2 2 1 2 1 1 1 3 1 1 2 2 1 3 1 3 3 3 2 1 1 1 4 1 2 1 1 3 1 1 2 3 1 1 1 1 1 1 3 2 1 1 2 1 1 1 1 1 2 1 2 1 1 1 2 3 2 1 2 2 3 2 1 1 2 1 1 2 2 1 1 1 4 3 2 2 2 1 1 4 3 1 1 2 1 2 1 1 1 1 4 3 3 2 3 1 1 1 3 1 3 2 1 1 1 2 1 1 3 1 2 1 2 2 2 2 1 2 3 1 3 1 1 1 1 2 1 2 2 4 2 2 1 1 1 2 1 1 2 1 2 1 1 2 1 1 1 2 1 2 3 3 1 1 2 1 2 3 2 3 3 3 2 1 1 1 1 1 1 1 2 2 2 4 1 1 2 2 2 1 2 1 3 2 1 1 2 2 2 1 3 1 3 3 1 1 2 2 3 3 2 1 1 2 1 5 3 3 2 1 2 1 3 3 3 1 2 2 2 2 2 1 1 1 1 1 1 2 2 1 1 3 3 1 5 1 1 1 1 1 3 2 2 1 1 1 2 1 1 3 1 1 1 1 2 1 1 2 3 3 1 1 1 3 1 1 1 1 1 2 3 1 1 3 2 3 1 1 2 1 3 1 3 3 2 1 1 2 2 2 2 1 2 1 3 2 1 1 2 1 3 1 1 3 1 1 2 2 3 1 1 1 3 1 2 2 1 1 1 1 3 2 1 1 2 2 1 2 2 2 3 1 1 1 1 4 1 2 3 1 1 2 4 2 1 2 2 1 2 1 1 2 1 3 1 1 3 1 2 2 1 1 2 3 3 1 1 3 2 2 1 2 2 1 1 2 3 2 3 2 2 2 1 1 1 3 2 1 1 2 1 3 1 3 2 1 1 1 1 2 1 2 1 1 2 1 1 1 2 2 1 2 2 3 2 1 1 2 3 1 2 1 1 2 2 1 2 2 1 4 1 3 1 1 3 2 1 3 1 3 1 1 1 1 1 1 1 3 1 2 1 1 1 2 4 1 1 1 2 1 2 1 1 1 2 1 1 1 2 2 3 2 2 1 2 3 2 2 1 3 2 2 2 1 2 1 1 1 1 3 3 1 2 2 3 1 2 1 1 2 3 1 2 1 1 1 1 1 1 3 2 1 2 1 1 3 3 2 1 2 2 1 1 2 1 2 1 1 2 1 3 1 2 2 1 1 2 2 5 1 1 1 1 2 1 2 1 3 1 2 2 1 1 1 1 1 1 2 3 1 1 1 1 1 2 3 1 1 2 1 4 2 1 3 1 2 3 1 2 1 1 1 2 1 3 2 1 2 2 1 2 2 1 1 1 4 1 2 2 1 1 1 2 1 2 1 1 3 3 2 1 2 2 1 2 3 1 1 3 2 1 1 1 2 3 1 1 1 3 4 1 2 1 1 1 2 3 1 1 2 1 2 3 1 1 2 3 1 2 1 1 2 4 1 2 2 1 2 2 3 4 3 2 1 1 3 1 1 1 1 2 1 1 1 1 2 1 1 1 1 2 1 2 2 2 1 1 1 1 2 1 1 3 3 2 2 1 2 4 1 1 2 2 2 1 2 1 1 2 2 3 1 1 2 2 3 2 1 3 1 1 2 3 2 2 2 2 1 1 1 1 1 1 1 1 1 2 2 3 1 2 2 1 2 2 1 1 1 1 2 2 1 1 1 3 2 4 2 1 2 1 2 1 2 3 2 2 2 1 3 2 1 2 2 3 2 3 4 1 2 2 2 1 1 1 1 4 1 1 1 2 1 2 2 2 1 2 2 1 3 1 1 3 1 3 2 1 1 2 1 1 1 3 1 2 1 1 2 2 3 3 2 2 1 1 1 2 1 2 1 2 1 3 1 1 3 1 1 2 1 2 1 4 2 1 2 2 1 1 1 2 2 3 1 1 1 3 1 1 3 1 1 4 1 1 1 3 1 1 1 2 1 2 1 1 3 1 1 2 1 2 2 1 2 3 2 2 1 1 2 1 2 1 1 1 1 1 2 1 1 2 1 2 1 1 1 1 1 2 2 3 3 1 1 1 3 2 3 2 2 1 1 1 1 1 1 1 1 1 1 1 1 3 1 2 3 1 1 3 3 2 2 1 1 2 2 1 1 2 1 1 1 2 1 1 3 1 1 3 1 3 2 1 1 1 1 2 1 2 3 2 2 3 1 2 1 2 1 2 1 2 2 2 2 1 1 2 1 1 2 1 2 1 1 1 3 1 1 2 3 2 2 1 1 1 2 4 2 1 1 2 1 1 4 2 4 2 1 1 2 2 2 3 2 4 2 2 1 1 1 2 3 2 2 1 2 3 2 1 2 1 1 1 2 1 1 1 3 3 1 2 1 1 3 2 1 3 2 1 3 2 1 1 1 1 1 1 1 1 2 1 1 3 1 2 1 1 1 1 2 2 2 2 2 2 1 1 1 1 1 1 1 3 2 1 1 4 3 1 1 1 3 4 1 2 1 1 2 1 1 2 2 4 2 1 1 1 1 2 2 1 3 1 1 1 1 3 2 2 1 2 2 1 2 1 1 3 3 4 2 1 4 1 2 2 2 1 1 3 1 3 1 4 3 1 1 2 3 2 2 3 1 2 2 1 2 2 2 1 1 1 1 1 1 3 1 1 3 1 1 4 1 4 1 3 1 3 2 1 2 3 1 2 1 2 2 1 2 3 2 1 2 1 2 1 2 1 2 3 1 1 2 2 2 1 1 1 1 1 1 2 2 1 1 2 2 1 3 1 1 1 1 1 1 1 2 1 1 1 1 1 2 2 1 1 4 1 1 2 1 1 1 1 2 3 1 1 3 1 2 1 2 1 4 2 2 3 1 3 1 2 1 2 2 1 1 2 1 3 2 3 2 1 2 4 1 2 3 2 3 3 2 3 3 1 4 3 2 1 4 1 1 1 2 1 1 2 1 2 1 2 1 2 2 1 1 1 2 1 2 3 1 1 2 2 1 2 2 3 1 1 1 3 3 1 1 3 2 1 1 2 1 1 2 1 1 3 1 1 3 3 3 2 3 1 1 2 1 1 1 1 2 2 2 2 1 3 3 1 1 2 1 1 2 1 1 1 2 1 2 1 2 3 3 1 2 1 2 1 1 1 2 3 1 2 2 2 1 1 2 3 1 3 1 1 1 2 1 1 2 3 1 2 2 1 1 2 1 1 1 2 1 1 1 2 1 2 3 3 1 1 2 2 2 2 3 3 1 1 2 1 1 1 1 1 3 1 1 1 3 1 2 2 1 1 1 2 1 1 1 3 1 1 3 1 1 2 4 1 1 1 3 1 1 2 2 1 1 2 2 2 1 3 1 1 1 1 3 1 2 2 2 2 1 1 3 1 2 4 1 2 1 1 2 1 2 1 2 1 3 1 2 3 2 1 2 1 1 1 2 2 4 1 2 1 2 1 1 1 1 1 2 3 1 1 2 1 2 3 1 1 3 2 2 3 1 1 1 1 3 2 1 2 3 2 1 1 3 3 1 1 1 1 1 1 2 2 2 1 2 2 1 1 2 1 1 2 1 1 4 1 1 2 2 1 1 2 2 1 3 3 3 1 2 4 2 3 2 2 2 2 1 1 1 1 1 2 1 1 1 3 1 3 3 1 1 1 1 3 1 1 2 2 1 1 2 1 1 1 1 1 2 3 3 4 1 2 2 1 1 1 2 1 2 1 1 2 1 2 1 1 1 1 1 1 3 1 3 2 1 3 1 1 1 3 2 1 2 2 1 3 1 2 1 2 2 2 1 2 2 1 2 1 2 1 3 1 2 1 2 2 1 1 1 1 3 1 1 2 1 1 3 1 2 2 2 1 3 2 1 1 1 1 1 1 2 2 1 2 2 1 2 2 2 1 1 1 1 1 1 2 1 2 1 2 2 2 2 4 2 2 2 1 1 2 1 1 3 2 2 2 3 2 1 1 2 3 1 1 1 1 1 1 1 1 2 2 2 3 1 1 1 1 1 1 2 2 1 1 2 2 3 1 3 1 3 2 1 1 1 2 1 1 2 1 2 1 3 1 1 2 1 1 2 3 3 1 1 3 3 2 1 1 1 3 1 2 1 2 1 1 2 2 1 1 1 2 1 2 1 1 2 1 1 2 1 3 1 3 2 1 3 1 1 2 2 1 1 1 1 1 1 2 2 2 4 1 3 2 2 2 1 1 2 1 1 3 1 1 3 2 2 2 2 2 2 2 2 1 4 2 2 1 2 1 2 1 1 1 2 1 2 2 1 1 2 1 3 1 1 4 3 2 1 3 1 1 1 2 2 3 3 4 1 2 2 2 1 1 1 1 3 1 2 1 2 1 1 1 5 1 1 2 1 1 1 1 3 2 2 1 2 1 1 1 2 2 4 3 2 1 1 3 2 2 2 1 1 1 1 1 3 1 2 1 3 2 3 1 2 2 2 1 1 1 1 2 1 1 2 1 2 1 2 2 3 2 2 1 1 1 1 1 1 1 1 1 1 2 2 1 2 2 1 1 1 2 2 1 3 3 1 2 2 2 1 3 3 1 3 1 1 1 1 1 1 1 1 2 2 3 2 2 2 1 3 1 1 1 1 2 4 1 2 1 2 1 2 1 2 3 2 3 1 1 1 1 2 2 2 2 1 2 2 1 1 2 2 1 3 1 1 2 1 4 4 1 3 1 1 1 2 1 2 1 1 1 1 1 1 1 1 2 1 3 1 2 2 3 3 2 1 1 1 2 1 1 2 2 3 3 3 2 2 2 2 1 2 2 2 4 1 1 2 1 4 3 3 2 1 1 1 1 1 1 1 2 3 1 2 4 1 1 2 1 3 1 1 3 1 2 1 3 1 2 1 1 4 2 1 2 1 1 1 3 2 1 2 1 2 2 1 3 1 1 1 3 1 2 1 1 2 2 1 2 2 1 2 3 2 2 4 1 2 2 4 2 1 2 1 2 1 3 2 1 1 1 1 2 3 1 2 1 2 1 1 1 1 1 2 2 3 2 1 1 1 1 2 2 3 1 1 2 2 2 1 1 1 2 2 3 2 1 1 1 3 1 1 1 1 1 2 2 2 1 2 4 2 2 2 2 1 1 1 1 2 1 1 1 3 4 1 3 1 1 1 1 2 1 3 1 1 1 2 1 1 1 1 1 2 1 1 1 1 1 1 1 1 1 1 1 1 3 2 2 1 1 2 2 1 1 1 1 1 2 2 1 1 1 3 1 1 1 1 2 
