m 2300
5 579 1048 1678 1934 2195 
3 225 231 1022 
2 1488 2087 
2 1921 2231 
5 195 572 621 1160 1606 
3 1366 1443 1490 
5 577 732 2008 2096 2280 
1 1305 
3 251 721 1882 
2 829 874 
2 753 1615 
3 616 1187 1862 
3 1474 1994 2263 
2 150 1697 
1 2218 
4 122 274 786 1094 
2 87 2073 
3 262 688 1286 
2 324 1247 
2 565 2159 
1 447 
3 441 2003 2010 
2 1044 1970 
1 447 
4 788 1834 1946 2039 
1 1295 
2 215 2224 
3 1211 1881 1961 
2 365 852 
1 725 
6 277 351 568 1513 1612 2107 
1 1690 
0 
3 1404 2092 2145 
3 200 222 1141 
1 1223 
2 423 1116 
4 225 924 930 1837 
3 1008 1896 2218 
3 60 786 2285 
2 371 580 
2 690 1175 
2 518 1440 
4 681 761 777 1415 
3 383 1567 2080 
1 1408 
2 1452 2097 
1 2135 
2 173 451 
1 2173 
2 675 1926 
2 1364 1820 
3 1632 1921 2172 
2 1076 2259 
5 392 533 1128 1210 1777 
1 57 
1 1882 
2 55 1467 
1 1366 
2 193 254 
4 39 976 1026 2230 
3 341 774 868 
4 292 680 1296 1331 
2 878 1885 
0 
0 
4 67 70 348 1687 
2 66 404 
2 565 1706 
2 174 341 
2 66 1079 
3 707 972 2277 
2 741 2132 
2 1203 1994 
0 
2 190 2170 
2 280 777 
3 1508 1840 1941 
4 375 656 942 2054 
3 985 1337 2051 
0 
2 469 705 
0 
4 225 735 974 2053 
3 374 832 1653 
2 242 2196 
3 565 2153 2277 
3 16 1760 1873 
1 666 
2 1008 1327 
4 1302 1379 1550 2111 
4 548 1497 1643 2219 
3 646 678 1394 
3 1350 1381 2239 
1 1869 
3 1917 2000 2076 
3 1078 1848 1934 
1 547 
1 663 
1 536 
1 1520 
2 854 2136 
1 1309 
1 1338 
1 1074 
1 671 
3 362 404 1460 
0 
0 
1 1172 
1 714 
3 153 723 867 
7 919 960 1013 1367 1819 2014 2105 
2 160 1770 
4 1000 1011 1856 2177 
2 528 723 
6 124 527 734 739 1138 1141 
4 292 591 1205 1752 
1 2144 
2 789 1628 
2 2062 2261 
2 515 1640 
2 15 403 
3 802 1190 1401 
2 116 539 
3 192 1381 2122 
1 980 
3 931 1214 2064 
4 935 1485 1664 1782 
2 276 497 
2 470 1535 
2 1494 1559 
1 931 
3 490 775 1853 
2 153 808 
2 991 1165 
2 190 500 
2 178 964 
2 684 899 
0 
2 758 1166 
2 302 1593 
5 656 915 1047 1450 1497 
4 542 698 1321 1441 
3 180 1698 1712 
4 352 557 596 685 
2 388 1513 
3 370 2182 2221 
1 518 
4 297 345 626 983 
4 13 1824 2140 2293 
3 245 1333 1843 
4 1173 1231 2208 2250 
2 111 134 
4 866 1604 1936 2147 
4 362 495 1837 2055 
3 1551 1997 2033 
2 1828 1984 
2 161 805 
1 1083 
2 113 1033 
3 158 415 704 
0 
4 274 631 765 1330 
2 815 920 
2 1959 1998 
3 1025 1331 1949 
2 1319 2272 
3 681 1771 1855 
5 1059 1157 1307 1728 2225 
2 173 2196 
3 1387 1397 1971 
1 1051 
4 48 170 1125 1229 
2 69 2068 
2 565 2088 
2 558 1002 
3 1130 1154 1638 
4 137 746 1877 1946 
5 663 830 1256 1820 1960 
4 144 432 721 1275 
0 
1 1355 
2 387 1499 
2 342 1649 
5 227 656 776 838 1308 
1 1265 
0 
1 1718 
3 212 973 1472 
3 75 136 620 
2 1082 2225 
5 125 276 801 1242 1811 
1 59 
3 709 1638 2166 
4 4 1329 1452 1731 
3 397 797 1802 
1 633 
1 840 
3 472 851 1230 
1 34 
4 548 646 1188 1806 
3 648 1155 1338 
4 262 999 1613 2242 
1 1598 
2 820 1253 
2 1384 1631 
3 329 1031 1138 
1 587 
2 862 928 
2 683 2067 
3 364 732 1044 
6 189 289 455 479 531 2146 
1 1687 
2 384 1865 
3 26 941 1869 
2 623 2179 
1 1569 
5 425 1396 1575 1672 1829 
6 582 797 979 1340 1392 2138 
2 339 525 
3 432 1743 2248 
4 34 1194 1948 2276 
4 375 533 2023 2211 
4 376 422 1036 1343 
4 1 37 83 449 
1 1814 
1 185 
5 426 688 1138 1430 2238 
5 577 582 791 1753 1785 
3 315 486 1242 
2 1 775 
4 450 1104 1777 2070 
4 908 1115 1320 1897 
1 1275 
3 544 690 992 
3 404 570 1293 
2 393 1560 
3 1162 1300 1943 
2 247 627 
1 1904 
2 794 1534 
3 85 1479 2209 
2 394 1004 
1 828 
3 151 708 1567 
3 526 929 2140 
1 239 
1 1740 
2 755 1215 
2 462 2290 
3 8 1043 2236 
2 687 2194 
1 908 
7 59 491 571 879 1183 1754 1859 
4 1386 1517 1639 1793 
1 438 
0 
0 
3 462 960 1042 
1 1979 
2 1445 1997 
6 17 203 846 919 1031 1664 
5 414 1217 1367 1714 2036 
4 1426 1515 1795 2139 
1 1581 
3 337 528 1610 
0 
2 1156 1424 
2 1324 2095 
4 727 819 1644 1775 
0 
3 467 875 988 
2 463 1365 
3 15 163 577 
2 551 2070 
4 129 192 480 2214 
3 30 642 1169 
1 828 
3 331 633 1272 
1 76 
1 1075 
3 698 1342 2023 
1 2186 
1 1502 
3 1011 1138 1615 
2 671 1759 
2 727 1261 
2 1417 1645 
3 212 1021 2017 
3 626 1304 2159 
0 
2 62 117 
3 346 458 1970 
3 1042 1316 1627 
2 667 2174 
3 1101 1881 1970 
5 149 564 620 1054 1298 
1 688 
5 345 1096 1491 1505 2162 
2 502 534 
1 2269 
5 141 583 660 1208 1907 
1 1658 
1 2167 
5 1416 1594 1674 2046 2191 
1 694 
1 851 
2 1531 2061 
4 578 1282 1391 2104 
4 1007 1484 1778 2220 
4 641 1763 1787 2222 
3 1827 1998 2278 
1 1392 
3 573 1654 2184 
5 230 718 1090 1599 1641 
4 904 1033 1427 1591 
3 1175 1447 2110 
0 
4 758 1417 1431 2103 
2 1410 1729 
2 1088 2113 
3 967 1434 1548 
5 563 988 1116 1199 1552 
2 18 700 
1 1895 
2 833 1179 
2 392 2181 
0 
1 207 
2 756 1270 
4 279 671 873 1423 
3 1573 1801 2073 
1 1427 
1 1568 
2 352 392 
2 946 1582 
4 266 418 2059 2265 
1 1039 
4 220 460 514 1833 
2 1762 2086 
4 61 69 846 911 
3 184 753 2218 
3 645 1081 2282 
2 534 1614 
2 149 299 
2 293 839 
2 1641 2083 
3 66 966 1900 
2 1459 1517 
1 377 
3 30 713 2030 
6 145 335 954 1749 1950 2082 
1 2108 
2 1445 2278 
1 2258 
2 1538 1677 
3 831 936 1396 
4 734 765 1070 1650 
2 1064 1433 
4 1374 1637 1902 2066 
4 1009 1320 1403 1455 
3 106 155 1659 
4 381 858 1028 1392 
5 211 397 432 776 1794 
1 28 
0 
4 626 793 1307 1950 
0 
0 
4 147 1729 1767 2191 
2 40 1240 
4 1161 1361 1949 2202 
5 383 776 917 1197 2110 
4 84 788 995 1716 
2 78 223 
6 224 378 951 1843 2161 2284 
3 350 435 1721 
2 376 2227 
2 1970 2240 
1 2289 
3 363 587 996 
0 
6 44 373 1060 1262 1838 2193 
7 214 589 625 823 964 1454 1494 
2 666 1322 
4 697 973 1034 1404 
3 183 953 1129 
6 146 435 519 1071 1413 2209 
4 629 1849 1987 2116 
0 
1 1474 
3 54 327 335 
3 237 1330 1746 
4 243 980 1494 2176 
1 2150 
2 421 913 
3 196 364 1347 
1 2182 
0 
3 1196 1381 2001 
2 2021 2232 
0 
2 122 1689 
5 67 106 236 858 1545 
3 861 1174 1486 
1 1601 
5 597 810 1758 1765 2079 
1 1566 
0 
1 2232 
3 586 862 1369 
1 1543 
2 1541 1565 
1 263 
2 161 1376 
2 1117 1353 
3 453 1081 1780 
1 337 
1 944 
2 1425 2049 
1 396 
2 224 1089 
1 36 
2 581 1201 
2 218 545 
2 228 685 
5 567 1250 1697 1861 2175 
0 
0 
3 900 1508 1613 
2 1232 2108 
6 180 221 364 567 1480 2095 
1 1158 
2 841 1799 
4 377 388 1209 2076 
1 878 
2 1679 2061 
2 256 1181 
3 813 1144 1789 
3 1224 1264 1451 
6 21 606 612 1306 1436 1473 
2 1558 2044 
9 451 499 841 857 1312 1534 1699 1930 2039 
1 450 
3 877 932 1123 
1 1554 
2 20 23 
3 630 2271 2299 
3 225 1287 1428 
4 232 444 1646 1939 
4 48 443 475 1236 
3 594 1488 1528 
4 417 1730 1998 2167 
1 500 
5 212 692 1282 1476 2296 
1 910 
2 1325 1495 
2 293 2173 
5 639 1472 1639 2107 2199 
3 339 1252 1345 
2 798 1254 
3 250 259 2269 
2 273 1604 
3 630 776 1509 
0 
4 943 1656 1866 2218 
4 272 504 1234 1297 
1 1473 
1 81 
2 130 2201 
2 1144 1528 
5 199 876 1194 1702 1748 
4 1591 1961 1963 2015 
2 1328 1705 
4 451 1163 1413 1420 
5 1238 1270 1747 1976 2251 
3 1090 1309 1636 
3 794 868 1212 
3 212 678 1916 
2 276 1263 
0 
1 1298 
2 1811 2280 
3 1249 1272 1501 
1 2256 
2 230 899 
5 629 1368 1905 1946 2107 
0 
5 793 892 1334 1769 1923 
3 133 1308 2102 
4 254 1054 2037 2179 
2 1412 1925 
0 
2 687 2056 
2 155 941 
5 536 655 1679 1731 2183 
3 129 569 1117 
0 
2 443 502 
2 136 454 
1 2175 
4 300 499 2098 2220 
2 514 2257 
2 467 1954 
2 1510 2102 
1 1511 
2 922 1467 
1 1384 
0 
1 1877 
0 
3 917 2003 2129 
1 1705 
2 339 503 
2 121 688 
2 1719 2266 
4 1026 1270 1365 1510 
5 42 148 780 1648 1880 
2 388 1662 
2 1005 1130 
3 837 1387 1470 
3 576 984 1010 
3 1087 1616 1669 
1 2048 
2 220 1460 
3 246 1297 2218 
3 116 2047 2166 
7 115 266 734 762 856 1490 2001 
1 2188 
3 572 1429 1588 
3 212 623 1406 
5 708 1145 1587 1945 2074 
6 54 223 698 733 866 1755 
3 300 344 1082 
2 1762 2022 
5 99 496 1751 1900 1915 
1 1479 
1 2225 
2 124 1494 
1 1147 
1 549 
2 143 2079 
4 671 756 1010 1710 
3 235 1747 2187 
2 425 1736 
1 1252 
3 97 1165 2203 
5 91 201 1192 1551 1880 
3 541 934 2262 
0 
4 275 1129 1661 1828 
1 801 
0 
3 793 2127 2283 
0 
0 
3 145 1845 2138 
2 176 1588 
1 1311 
0 
2 643 2108 
0 
2 323 2054 
4 297 769 1195 1976 
4 19 68 86 175 
2 1244 1705 
2 427 432 
1 30 
4 497 748 1555 1947 
2 236 1982 
4 254 1997 2262 2269 
2 4 530 
2 314 1022 
3 606 1074 1845 
0 
2 522 1536 
3 6 229 274 
2 309 2011 
1 0 
2 40 1868 
2 424 1719 
5 219 229 1257 1578 1903 
4 302 597 1507 1990 
0 
2 660 2142 
1 411 
4 208 381 1424 1810 
2 671 1780 
2 384 1927 
1 998 
2 117 2272 
1 985 
1 636 
4 452 1080 1448 1765 
4 1266 1343 1884 2184 
2 145 1237 
2 407 583 
0 
1 2124 
3 1507 2039 2263 
2 813 2030 
1 1545 
7 1017 1336 1553 1666 1672 1956 2127 
2 1246 1661 
1 642 
3 441 574 1127 
1 1696 
1 1408 
1 1087 
2 1023 1443 
0 
5 441 617 725 764 1694 
2 1578 1696 
2 1222 1513 
2 1398 1766 
2 11 1163 
1 612 
3 1919 1920 2068 
1 1877 
4 190 297 2037 2181 
3 4 1356 1428 
1 1049 
6 216 531 643 1007 1100 2082 
0 
2 384 2221 
3 149 290 367 
2 239 1545 
1 2294 
4 389 487 781 1092 
4 448 464 761 1601 
2 163 2070 
2 1793 1913 
5 197 279 1187 1561 1736 
0 
2 1574 1960 
5 593 1423 1455 1488 1758 
1 676 
3 907 999 1861 
1 459 
0 
2 311 2216 
3 277 605 1204 
4 561 623 1311 1925 
2 1213 1490 
2 343 1860 
5 92 201 761 902 969 
3 1548 1662 1896 
2 202 1167 
2 670 1742 
0 
1 1807 
3 1043 1369 2280 
3 753 1711 2294 
1 2060 
2 496 1845 
3 78 142 185 
1 1929 
3 847 1607 1961 
3 727 2098 2193 
3 302 585 2281 
2 1438 1906 
2 678 1797 
4 98 179 1219 2045 
1 1833 
4 848 1114 2205 2257 
4 88 385 934 1047 
3 295 817 2049 
1 1059 
2 909 1965 
2 649 1077 
6 105 286 331 543 588 1892 
2 1727 2058 
3 697 1217 1957 
1 1484 
1 50 
5 637 913 994 1090 1744 
1 1999 
5 92 479 662 1434 1840 
1 1741 
4 62 844 1498 1811 
2 43 168 
1 1313 
3 210 1750 2297 
3 138 1166 1996 
2 145 426 
1 755 
7 252 494 931 1075 1384 1413 1989 
5 17 228 298 515 2041 
0 
5 41 235 792 1725 1972 
2 1543 1793 
3 455 1124 1707 
3 1459 1760 2056 
3 306 1192 1224 
3 1109 1317 2134 
1 2118 
4 386 673 1358 1962 
5 143 282 533 717 1768 
3 709 1258 1314 
3 324 1248 1250 
2 1048 1906 
1 1411 
4 1646 1764 2224 2294 
1 161 
4 81 895 1468 2192 
0 
1 71 
3 245 532 2148 
3 194 699 1660 
2 1864 1920 
2 945 1706 
3 787 947 2048 
4 351 1260 2069 2083 
2 110 808 
2 986 1269 
3 1316 1922 2044 
3 698 804 2101 
4 315 967 1114 1633 
2 1406 2288 
3 767 1139 1567 
2 8 180 
4 1235 1615 1786 1997 
4 111 115 791 1806 
3 1166 1818 2120 
3 29 612 2017 
4 809 1187 1524 2120 
3 270 287 659 
2 851 1397 
3 1109 1131 1301 
2 1816 2100 
1 2168 
5 6 211 1479 1495 1707 
2 533 946 
6 116 358 528 1420 1544 2226 
1 83 
0 
0 
2 1682 1951 
4 116 1203 1747 2052 
2 1100 2078 
1 72 
2 1030 1647 
1 1238 
0 
1 2089 
7 178 1004 1073 1215 2009 2165 2271 
1 2002 
4 569 1282 1919 2079 
2 1006 1500 
0 
5 891 963 1705 2186 2254 
2 1864 2000 
6 10 342 653 1213 1720 2229 
2 1339 1377 
4 249 686 1743 2207 
5 330 543 1344 1361 1768 
1 1365 
3 140 319 973 
0 
2 967 2131 
3 43 630 646 
2 528 817 
0 
4 612 986 1342 1428 
4 163 358 1075 1727 
3 1182 1794 2002 
4 720 1022 1802 1875 
1 1955 
2 564 1047 
2 1973 2148 
2 1173 1465 
0 
2 1088 1683 
3 61 810 1311 
3 133 231 2154 
5 185 364 373 464 842 
4 43 76 1334 2005 
1 1534 
0 
3 518 1997 2051 
2 629 1387 
2 963 2029 
1 1992 
1 1913 
0 
6 15 39 1094 1276 1523 1676 
2 712 2136 
2 24 374 
4 119 820 1470 2274 
3 1340 1590 1649 
2 229 723 
1 690 
6 367 489 554 865 933 2188 
4 241 478 1109 1555 
3 1381 1736 1760 
2 1445 1559 
3 196 219 1563 
2 461 1723 
2 1247 1358 
3 1045 1877 1965 
4 192 552 849 2271 
2 123 1625 
2 1412 2216 
4 717 842 1705 1911 
5 158 819 945 1380 2255 
2 1405 1533 
2 1311 1584 
5 134 714 881 2054 2284 
4 726 1183 1352 1623 
2 407 774 
0 
1 1095 
5 439 601 946 1591 1769 
2 1551 2165 
4 164 1440 2138 2248 
4 1333 1490 2049 2128 
3 667 762 1061 
1 1894 
2 270 805 
5 205 789 1058 1077 1373 
0 
1 1222 
2 384 2044 
1 1875 
1 2194 
4 835 854 1608 1946 
1 958 
4 244 278 959 1952 
2 9 1200 
2 179 1424 
4 357 847 1362 1674 
3 84 1575 1949 
2 326 1499 
1 1769 
2 826 996 
3 1056 1287 2225 
3 521 1794 2116 
2 185 2114 
1 346 
2 198 1022 
2 434 443 
6 776 804 1391 1775 1842 1978 
3 1397 1944 2285 
1 680 
3 1730 1761 2068 
2 262 341 
4 658 831 1577 1959 
3 665 1319 1905 
4 801 1112 1238 1742 
1 1945 
3 199 307 728 
3 28 874 929 
4 1236 1364 1895 1921 
3 101 826 1284 
1 1651 
1 528 
3 443 894 1391 
6 363 404 949 1441 1657 1760 
3 1462 1611 2132 
2 1194 1709 
1 405 
4 209 411 1169 2212 
1 1472 
1 1300 
2 793 1568 
3 154 533 1398 
4 111 1575 1706 2008 
3 61 478 1233 
2 1032 1169 
0 
3 1004 1820 1995 
2 1234 2125 
1 331 
4 9 852 1249 2076 
2 272 1703 
1 472 
3 445 1549 2126 
3 63 436 1291 
1 254 
1 1908 
2 808 1473 
2 1057 1534 
0 
2 1804 2256 
5 927 1215 1396 1815 2269 
6 922 952 1227 1440 1930 2069 
0 
1 1395 
3 1252 1293 1574 
3 937 1852 2185 
3 751 1168 1206 
2 489 2135 
0 
1 857 
2 705 969 
1 2205 
2 1057 1396 
2 1091 1590 
2 138 486 
2 430 1877 
0 
2 646 1326 
2 1947 2126 
2 316 911 
0 
3 939 2046 2177 
1 638 
5 233 253 1226 1468 1751 
3 669 1903 1928 
2 456 1152 
4 341 904 1425 2099 
1 2249 
4 396 676 1394 2032 
2 1243 2297 
3 142 1189 1439 
1 1953 
5 373 512 1775 1874 1998 
2 1068 2290 
2 112 262 
2 164 1527 
2 1249 1329 
2 507 886 
1 1564 
1 37 
1 1131 
2 935 1090 
3 885 1584 1745 
4 209 1424 1731 1768 
5 246 852 1059 1561 2030 
3 37 1067 2274 
4 127 132 687 1387 
2 445 1990 
3 793 1418 1570 
3 549 666 1062 
4 128 926 1118 1736 
2 357 1598 
2 890 947 
3 1334 1401 2082 
2 906 1267 
0 
2 215 495 
2 78 1998 
5 466 962 1146 1366 2196 
3 419 1569 1914 
2 711 805 
4 336 733 813 1373 
5 712 937 1612 1783 1918 
1 1218 
3 858 1720 2131 
0 
5 376 1029 1576 1946 2032 
1 886 
3 387 2107 2280 
1 352 
1 1157 
2 2201 2247 
0 
2 827 1501 
3 828 1631 1908 
4 112 259 1148 1981 
1 2137 
2 943 1153 
5 751 782 1098 1993 2268 
3 137 384 1850 
1 1567 
1 348 
5 322 718 760 2088 2296 
3 1082 1325 1816 
3 646 895 1462 
3 991 1325 1712 
1 1250 
2 71 1710 
4 189 386 758 1430 
2 83 1391 
1 1870 
2 60 1445 
2 1210 1432 
1 1746 
3 219 1931 2007 
5 126 394 1572 1894 2058 
0 
3 1083 1421 1509 
2 149 1447 
2 522 1031 
3 79 592 1340 
2 715 764 
1 1617 
2 272 323 
1 1395 
1 2263 
3 135 970 1394 
2 235 1729 
1 1123 
2 676 1113 
5 374 1300 1623 2208 2239 
5 381 835 1314 1470 1608 
2 1309 1634 
2 590 1234 
5 203 638 1049 1419 2080 
2 114 1292 
0 
4 176 1273 1414 2235 
2 1601 1714 
3 243 746 871 
1 520 
4 749 1382 1467 2163 
4 310 623 1041 1929 
3 38 89 1579 
1 361 
4 522 543 1261 1349 
5 114 285 1459 1664 1698 
1 1376 
3 112 1783 1824 
1 1512 
0 
1 2154 
3 603 1023 1472 
2 1583 1944 
2 1078 1568 
1 2252 
3 289 1810 1990 
8 1 573 767 840 1322 1800 1968 2131 
4 610 1017 1198 2174 
3 1776 1844 1928 
1 166 
3 60 517 1047 
2 1356 1712 
2 363 1260 
2 951 1731 
1 742 
3 207 262 984 
2 869 1688 
4 160 316 1068 2242 
2 386 1052 
0 
1 224 
1 2041 
2 1088 1957 
3 338 1379 1484 
4 1154 1192 1364 1490 
2 1007 1158 
2 259 294 
4 251 652 1262 2096 
3 22 211 1147 
1 800 
2 1971 2260 
4 142 666 769 1026 
4 0 701 1644 1854 
4 622 999 1987 2018 
2 1281 1604 
2 172 2097 
3 1034 1603 1876 
6 1093 1138 1144 1297 1836 1967 
2 297 491 
1 1162 
1 836 
8 882 897 1307 1619 1689 1704 1720 2151 
2 820 1419 
3 169 668 929 
1 383 
2 817 1254 
1 934 
2 1164 1611 
2 359 1541 
0 
2 1504 1615 
3 930 1096 2221 
3 918 1033 2146 
1 2212 
1 358 
3 388 1078 1503 
3 1334 1743 2053 
1 746 
2 104 574 
4 281 687 765 1661 
2 53 1160 
4 670 820 1643 1846 
5 96 1019 1071 1257 1561 
4 70 1227 1482 2009 
2 594 2272 
3 343 417 1693 
5 191 534 968 1088 2018 
2 159 982 
0 
2 1376 1812 
0 
6 523 609 1300 1312 1637 2227 
5 321 773 1038 1082 1755 
2 422 1699 
4 315 477 676 926 
3 898 1381 1645 
4 629 1151 2119 2225 
1 1053 
2 15 786 
3 812 1672 1742 
2 299 1067 
3 1356 1905 1922 
2 963 1241 
2 1588 2111 
3 623 740 1796 
4 296 1369 1381 1887 
0 
1 1240 
2 232 1283 
2 1417 1642 
0 
2 2129 2179 
0 
4 695 729 794 1558 
1 2201 
1 1818 
3 849 1221 1623 
3 994 1234 2181 
2 665 718 
3 233 1216 1980 
2 36 323 
2 416 497 
2 935 2194 
2 1201 2032 
1 1547 
2 1793 1808 
0 
4 445 993 1330 2072 
1 692 
2 173 2029 
0 
1 606 
2 54 2010 
3 387 551 2246 
4 177 520 1484 1629 
4 729 925 1714 1787 
0 
2 2221 2293 
1 1519 
1 2197 
0 
2 1253 1542 
7 116 207 228 285 1053 1301 1487 
2 720 2228 
1 1339 
3 34 116 2139 
3 1164 1427 1522 
2 1684 2297 
4 439 471 1053 1412 
2 532 1852 
2 943 1978 
2 540 1044 
1 960 
2 1263 1282 
2 1254 2299 
1 1092 
2 910 2150 
3 962 1482 1547 
4 177 1040 1372 1498 
2 202 2201 
3 268 1453 1737 
2 169 955 
3 433 1041 2027 
1 1856 
3 4 1076 1935 
1 372 
3 238 1055 2132 
5 475 616 1439 1444 1767 
3 1063 1142 1814 
5 135 547 1325 1380 1900 
3 140 684 724 
3 648 1558 2028 
1 891 
5 277 862 869 1221 1834 
3 1827 2144 2245 
0 
2 109 1376 
3 152 771 1631 
1 405 
2 41 317 
2 1639 1993 
1 1535 
2 1420 1625 
2 326 1367 
2 1191 2015 
1 438 
4 766 1214 1700 2175 
2 254 809 
0 
1 1726 
1 1340 
3 11 633 726 
2 201 1246 
3 915 1283 1318 
4 123 1435 1518 1630 
1 1180 
5 548 694 1040 1668 1919 
1 1599 
5 222 472 860 1691 2285 
1 564 
2 400 2050 
3 373 1340 1496 
4 1023 2048 2181 2199 
1 323 
1 829 
2 424 1119 
1 1956 
4 73 739 1901 2260 
2 642 1501 
2 117 2017 
1 891 
0 
4 302 1479 1825 2238 
1 435 
3 54 977 1721 
2 27 1754 
4 478 1619 1993 2190 
4 644 753 1220 1309 
5 127 1182 1555 1801 2122 
5 249 746 885 1481 2029 
2 1115 2270 
2 263 673 
3 948 1878 1996 
1 663 
3 1213 1567 1873 
4 1112 1169 1988 2065 
3 614 822 1944 
3 35 1300 2276 
2 440 694 
1 2257 
2 908 1772 
3 886 1079 2139 
0 
2 173 1303 
1 199 
3 152 1377 1772 
2 431 1329 
1 868 
6 467 872 998 1113 1710 1974 
2 722 1810 
2 451 853 
3 596 1363 2021 
4 476 743 849 1995 
2 1533 2076 
3 371 1103 1872 
1 1098 
3 192 230 2119 
1 914 
1 566 
1 1372 
3 604 1188 1839 
3 18 799 1812 
2 700 1464 
3 484 874 921 
5 427 700 971 1559 2033 
1 1526 
3 460 546 889 
6 205 1137 1335 1635 1882 2176 
6 461 1061 1150 1405 1472 2061 
1 1896 
2 179 2275 
2 582 1078 
1 699 
2 1268 1327 
4 713 1028 1939 2279 
5 287 1010 1435 1629 2223 
2 383 1043 
2 480 1149 
3 440 1515 1938 
1 186 
1 595 
3 939 1759 2012 
2 1259 1846 
4 715 1325 1507 1589 
3 330 476 517 
0 
4 279 484 2127 2286 
1 1002 
1 1681 
4 180 234 1345 1687 
1 786 
0 
2 1343 1672 
1 1395 
1 2014 
3 1050 1343 1656 
6 309 455 748 1149 1425 2249 
3 1104 1189 1520 
2 854 2135 
2 1399 1514 
2 17 1984 
3 449 836 1468 
0 
0 
2 2088 2288 
3 878 1484 2068 
3 1000 1930 1968 
3 236 889 1991 
1 2098 
2 25 1718 
4 62 1516 2078 2083 
4 467 526 1053 1510 
3 297 482 1585 
1 2061 
6 238 864 995 1087 1223 2286 
2 729 1138 
1 90 
2 1229 1745 
3 290 1551 1576 
2 7 1950 
2 441 1446 
4 169 367 1057 1435 
3 185 490 1568 
6 102 477 997 1213 1565 1749 
1 1614 
5 559 643 774 807 1602 
2 443 1087 
1 682 
3 699 996 2004 
0 
2 294 716 
3 695 1945 2011 
2 1189 1855 
3 167 848 1346 
3 233 361 1474 
3 143 1650 2134 
6 385 1022 1511 2003 2090 2272 
0 
2 269 2283 
6 457 968 970 1165 1269 1497 
1 902 
3 89 1259 1610 
1 474 
4 195 921 1232 1331 
3 163 393 1123 
4 62 166 1329 2240 
1 2133 
2 151 816 
5 489 777 938 1072 2291 
2 1253 1647 
2 603 2172 
2 79 1388 
2 103 202 
4 754 1140 2124 2259 
5 219 790 985 1186 1197 
0 
3 282 764 1736 
4 224 595 1278 1281 
1 756 
3 460 1275 1574 
1 1319 
1 397 
0 
2 1010 1849 
2 93 2288 
1 1722 
1 809 
2 416 2092 
0 
1 182 
3 621 1027 1097 
3 1797 2249 2280 
5 697 799 1425 2103 2175 
1 2250 
0 
4 372 756 1683 2141 
1 831 
1 1237 
3 51 853 1040 
4 273 517 757 1538 
3 5 58 943 
4 112 263 1179 2126 
3 487 1543 1553 
3 411 652 1101 
0 
1 1546 
2 1154 1245 
3 820 946 1412 
2 360 1822 
0 
4 415 1012 1085 1172 
2 754 1231 
1 1614 
3 90 1039 1591 
2 805 1165 
7 93 125 400 795 1091 1101 1538 
1 1006 
0 
5 206 508 687 1484 2126 
0 
2 255 2224 
5 171 521 781 931 1783 
5 1337 1735 1796 2140 2271 
0 
1 1428 
4 309 842 857 974 
5 219 313 363 1432 2069 
3 1663 1791 2115 
3 92 913 991 
3 888 989 1279 
4 218 357 885 897 
4 171 728 843 2021 
3 615 866 1848 
1 1285 
0 
4 123 938 1419 1883 
0 
2 361 2184 
2 33 386 
2 806 1254 
2 531 719 
0 
5 45 608 1636 1680 2145 
1 1907 
2 320 1733 
2 702 2298 
5 492 803 1144 1373 1723 
4 388 475 687 1693 
2 1002 1903 
2 43 1663 
2 305 2004 
4 288 319 1105 1859 
3 933 2064 2282 
4 999 1058 1401 1635 
5 475 734 1178 1798 2296 
1 982 
1 2084 
2 331 636 
4 268 587 830 928 
5 420 911 1282 1358 1807 
1 264 
3 316 333 1142 
4 449 621 764 1390 
1 530 
2 228 973 
1 319 
2 977 1392 
1 359 
4 322 678 1800 2026 
3 1190 1261 1307 
1 441 
1 2190 
1 661 
2 915 1163 
5 42 815 886 1474 2010 
3 143 858 1856 
1 1460 
2 5 610 
1 1163 
4 261 354 796 976 
2 1306 1790 
2 317 983 
1 594 
2 1456 1719 
1 142 
1 440 
4 46 195 1464 1829 
2 1156 2055 
2 384 1679 
4 361 636 2031 2068 
1 1449 
0 
2 1737 1751 
5 349 693 1011 1516 1646 
5 106 525 1442 1680 2233 
1 1519 
3 859 969 1905 
0 
3 1248 1452 2042 
2 771 2176 
0 
5 57 507 1006 1613 1653 
4 705 908 1287 1653 
3 1664 1877 2000 
4 521 789 996 1649 
0 
6 189 459 863 1017 1254 2135 
4 441 468 881 2193 
5 12 391 1320 1440 1656 
2 1570 2133 
3 455 2031 2087 
3 1663 1921 2244 
0 
5 242 537 732 1208 1787 
1 432 
2 1215 2249 
2 1079 1153 
0 
7 310 674 1039 1130 1291 1384 1927 
2 128 1541 
1 405 
1 1138 
3 2 452 636 
0 
8 5 528 644 816 1040 1874 2049 2070 
1 299 
1 2164 
1 1718 
5 131 384 394 539 1624 
5 457 732 1918 2097 2245 
1 1197 
3 91 142 1325 
2 680 1154 
3 183 833 1601 
1 749 
3 484 958 1204 
4 284 1887 2124 2217 
2 1071 2026 
2 1066 2005 
2 299 1561 
1 1742 
4 583 600 1269 1625 
4 77 430 1861 2062 
3 464 982 2046 
4 505 517 1297 1527 
3 506 1322 1634 
1 1014 
3 30 146 614 
1 1285 
4 264 1264 1632 1726 
4 1296 1459 1760 2265 
2 255 349 
2 1190 1664 
2 1134 1461 
2 100 1283 
1 2011 
1 1142 
1 786 
2 726 1922 
1 1822 
2 1251 1553 
4 920 1510 1781 1815 
3 452 471 2283 
2 2131 2185 
0 
3 308 1798 1899 
1 1883 
2 806 1239 
6 241 443 778 882 1889 2095 
2 130 1177 
3 576 1741 2176 
1 2084 
3 356 1365 1381 
0 
5 1870 1907 1950 1957 2118 
3 413 1064 1485 
1 1137 
4 412 691 1368 2289 
1 734 
5 404 602 627 1619 1972 
3 1371 1649 1753 
2 1120 1153 
3 322 647 1592 
2 877 1705 
2 90 1816 
4 156 548 814 1304 
3 323 2115 2225 
5 603 1368 1526 1583 1633 
2 446 1891 
5 569 794 1214 1763 2137 
1 1748 
1 2086 
3 442 1109 1167 
3 131 796 1250 
1 237 
5 633 929 1078 1505 1628 
1 1762 
2 797 2033 
2 923 1582 
2 413 1309 
1 408 
7 44 245 720 965 1220 1948 2234 
5 334 865 1019 1308 1637 
2 217 944 
4 933 1475 2004 2017 
1 1762 
1 980 
2 332 1811 
3 635 889 1345 
3 218 832 867 
2 951 1304 
2 847 1619 
4 582 613 1621 1815 
2 1008 2253 
0 
1 265 
4 336 1564 1971 2081 
2 1018 1553 
2 807 927 
1 1298 
0 
2 532 1655 
4 530 558 1099 2287 
1 1269 
2 790 898 
4 316 473 813 1379 
1 1548 
1 141 
3 305 1797 2077 
0 
1 1668 
1 2266 
2 204 936 
3 315 1193 2226 
0 
5 406 630 1003 1499 1763 
1 1311 
2 1052 2082 
4 154 463 1050 1906 
0 
1 4 
1 658 
2 826 996 
2 2098 2257 
3 266 1327 2077 
3 859 1063 1975 
3 30 947 2193 
3 203 430 1467 
4 344 1310 1378 1700 
4 10 285 722 1066 
3 523 1722 2220 
2 987 2212 
0 
5 1057 1212 1545 1577 2095 
1 1765 
2 1578 2247 
1 1880 
3 809 995 1112 
1 1494 
3 802 1178 1507 
1 1955 
3 294 1951 2184 
2 119 1561 
3 1130 1261 2055 
3 1190 1918 1957 
3 206 959 1173 
5 52 1515 1924 2121 2137 
2 718 1553 
3 997 1511 2111 
3 1253 1419 2018 
3 477 1408 1705 
4 360 1087 1568 1995 
3 177 194 1673 
3 255 459 1176 
2 121 2065 
2 315 347 
2 1105 1769 
2 91 1077 
2 270 1048 
2 288 1091 
3 450 703 1459 
3 742 1335 1714 
2 518 1802 
5 184 790 1470 1546 2247 
2 358 1321 
2 855 2033 
0 
4 84 1467 1468 2195 
1 314 
1 1587 
5 466 1281 1474 1747 1818 
1 858 
1 303 
2 362 2093 
2 709 1862 
4 551 604 1075 1831 
2 519 647 
3 1393 1415 1477 
5 128 262 1011 1469 1518 
0 
1 603 
0 
2 1192 1596 
2 523 1948 
1 2134 
0 
6 218 603 1095 1278 1747 2152 
2 1638 1910 
4 305 831 1763 2193 
0 
1 786 
1 356 
3 0 1909 1988 
3 437 496 1454 
3 1408 1460 1796 
1 1274 
1 738 
2 773 1361 
2 1143 1849 
2 1928 1999 
2 1991 2225 
5 66 213 1275 2026 2185 
4 1032 1758 1883 1892 
2 403 1057 
4 31 1808 2206 2236 
1 1194 
1 2282 
2 1081 1413 
2 612 1724 
1 1790 
2 607 613 
2 13 427 
2 144 1011 
2 443 1089 
3 1182 1614 2253 
1 1725 
1 472 
4 875 1791 1967 2058 
1 1057 
8 474 513 566 751 804 1549 1636 2234 
3 68 711 867 
2 692 732 
0 
1 860 
3 543 972 1234 
1 653 
5 144 970 1027 1769 1872 
0 
4 263 1003 1131 1647 
1 2010 
1 374 
0 
5 188 1295 1493 1801 2164 
3 516 581 1449 
6 753 949 1057 1737 1843 2277 
3 377 1210 2173 
3 1351 1616 2152 
2 798 1412 
3 1694 1728 2234 
2 690 1701 
4 1185 1515 1777 2078 
4 672 765 2088 2106 
2 169 1724 
3 320 370 992 
3 453 845 1853 
6 195 496 928 1029 1838 2002 
3 1740 1806 2265 
1 1410 
0 
2 1388 1750 
5 545 633 795 935 1342 
3 1156 1458 1720 
0 
2 1796 1845 
2 248 1732 
2 679 1536 
5 649 849 1095 1506 1911 
5 221 755 1072 1766 2083 
1 676 
3 927 1303 2175 
2 393 978 
5 476 544 739 1656 1672 
2 472 1556 
3 352 1309 1955 
3 683 1735 1982 
5 536 908 1458 1969 2094 
3 117 2051 2123 
3 229 1546 1792 
2 254 1211 
4 533 1088 1937 2012 
1 1776 
0 
3 407 636 1688 
2 286 1267 
6 87 693 795 858 1516 2100 
2 845 2088 
6 340 535 1562 1571 1848 2222 
5 311 1555 1601 1674 1927 
1 703 
3 407 594 1620 
2 615 1743 
2 370 1163 
3 698 756 928 
5 489 813 834 1642 1712 
1 113 
2 168 2223 
2 1226 1231 
0 
0 
3 270 842 917 
2 1024 1756 
4 54 232 1726 2161 
1 310 
0 
2 417 588 
1 1527 
1 128 
3 947 1013 1387 
1 2034 
1 229 
2 722 1885 
3 311 1131 1479 
0 
1 439 
2 1446 1695 
2 1393 1703 
3 1753 1837 2253 
6 255 632 691 1121 1830 2147 
3 364 766 837 
3 264 1818 1878 
4 1100 1388 1680 1739 
3 662 1357 1594 
2 1420 1531 
1 434 
2 1022 1434 
4 332 1214 1718 1918 
4 196 767 1648 2011 
0 
1 884 
1 1837 
5 201 723 1732 1834 2088 
2 651 1425 
2 1121 1690 
1 1926 
4 587 1021 1235 1951 
4 192 483 680 1573 
4 1085 1247 2006 2114 
0 
2 226 1164 
5 885 1527 1578 1918 1969 
4 730 968 1550 2216 
0 
5 724 1111 1656 1795 1845 
2 112 2177 
5 51 179 871 1910 1946 
0 
3 1374 1525 1949 
0 
3 150 1013 2254 
1 1208 
3 1873 1934 2260 
2 312 1170 
2 157 551 
3 218 1452 2201 
1 1793 
3 1661 2232 2287 
1 1999 
3 339 664 2271 
3 24 1169 1806 
0 
1 1053 
4 37 155 1792 1805 
3 383 1731 2109 
1 1246 
3 77 678 2294 
1 2098 
1 842 
4 151 376 1720 2151 
2 1024 1956 
5 557 574 655 1739 1818 
4 1077 1268 2143 2176 
1 2297 
3 96 1398 1762 
4 389 1349 1684 1982 
2 964 2135 
0 
3 890 1145 2270 
2 133 1730 
1 1048 
2 168 1318 
3 114 1159 1441 
0 
0 
2 254 1417 
1 645 
3 427 638 1508 
2 11 1660 
0 
2 710 752 
2 214 1909 
4 466 2094 2229 2299 
1 2210 
2 580 2095 
2 94 215 
2 975 1540 
0 
2 1240 1712 
3 87 1220 1826 
2 917 1490 
3 767 824 1961 
1 1052 
7 178 510 619 800 900 1469 2066 
2 1218 1795 
0 
3 518 548 1622 
2 27 296 
4 8 56 1253 2121 
3 1401 1532 1688 
2 595 2146 
2 63 1786 
1 2167 
2 1101 1502 
1 2094 
1 1534 
0 
1 1554 
2 671 1688 
0 
2 818 980 
2 325 853 
3 38 647 1255 
2 233 1909 
1 2090 
1 1531 
3 348 536 1165 
2 1203 2180 
2 360 2131 
3 582 909 1414 
1 240 
4 487 848 1097 1462 
3 661 701 1604 
4 302 1409 1540 1953 
3 880 959 2180 
3 1678 1865 1897 
2 1673 1820 
2 804 1742 
1 2165 
2 632 784 
2 944 1975 
1 536 
1 479 
1 95 
5 947 1495 1630 1801 1815 
4 618 748 1192 2290 
2 618 710 
5 3 52 853 1477 2088 
4 716 1097 1524 2070 
2 489 2026 
1 1632 
3 492 643 2272 
3 50 1809 1956 
4 589 1484 1763 2085 
3 909 1024 1685 
3 657 1007 2227 
3 443 886 1292 
3 979 2067 2217 
0 
0 
4 0 96 1826 2205 
1 1160 
1 154 
1 1755 
2 1264 1986 
2 450 1260 
0 
1 77 
0 
1 238 
3 843 1018 1222 
3 532 850 1317 
7 24 178 487 826 951 1820 2023 
3 569 903 2198 
3 222 1567 1669 
4 166 372 832 1822 
4 352 367 1305 1540 
3 738 1627 1810 
1 828 
2 916 1907 
2 504 2293 
3 768 1626 1749 
4 603 1202 1844 1926 
5 673 1038 1540 1630 1970 
0 
3 165 847 2132 
2 179 635 
4 27 473 658 1875 
1 697 
1 473 
0 
2 669 800 
1 2014 
2 1053 1703 
2 1022 1292 
2 1751 1815 
6 22 293 296 379 1957 2083 
3 171 1046 1582 
3 690 1545 2085 
1 770 
3 1234 2103 2157 
2 1611 1914 
3 476 564 2133 
0 
2 842 1146 
2 260 2138 
1 1115 
1 960 
3 570 1750 1849 
0 
2 157 1286 
0 
1 1938 
2 389 1049 
2 1221 1678 
1 687 
3 583 932 1021 
2 1293 1686 
1 783 
3 963 1176 1212 
3 12 73 2111 
3 871 1238 1637 
2 684 1218 
5 156 261 571 722 780 
5 165 312 453 917 942 
3 677 1685 1832 
4 95 752 1469 2241 
2 400 528 
3 747 766 1731 
3 21 512 1322 
3 1314 1416 1570 
2 777 1504 
1 1812 
1 979 
2 6 867 
2 746 1079 
4 21 1128 1440 1715 
4 578 1317 1521 1802 
3 1267 1755 2125 
0 
3 112 1280 1966 
3 473 1180 2157 
2 2135 2253 
4 289 725 1205 1570 
3 1049 1082 1635 
0 
0 
3 401 1237 1397 
1 535 
3 223 282 1946 
0 
0 
4 1434 1503 1687 1923 
2 1158 2073 
1 1167 
3 782 1125 1215 
4 351 601 929 2162 
2 1455 1476 
3 913 951 1119 
4 156 1250 1563 1651 
1 1784 
0 
3 263 2057 2111 
2 491 620 
0 
3 24 443 600 
2 2188 2212 
2 688 1037 
2 1464 2095 
1 2254 
5 442 716 823 2139 2206 
1 663 
3 305 906 1509 
1 527 
4 524 712 1198 2233 
5 420 667 816 1490 2116 
1 1196 
3 79 780 1752 
1 739 
2 83 1072 
3 78 563 808 
3 155 1453 1629 
3 494 693 2272 
1 2036 
3 672 980 1703 
1 337 
2 654 2201 
4 308 437 1254 1299 
3 120 1508 2197 
0 
2 127 1418 
2 1221 1640 
2 360 1877 
2 210 1931 
5 174 618 845 1291 1455 
3 713 886 1392 
5 232 275 631 1490 1922 
0 
1 1123 
3 16 332 2027 
1 532 
0 
4 95 435 874 1239 
3 1594 1610 2173 
3 740 1296 1726 
3 407 542 748 
2 44 999 
1 1582 
4 352 623 938 1603 
5 347 713 1296 1743 1970 
2 1422 1537 
2 1927 1972 
2 340 1557 
2 2 1476 
8 175 967 1290 1727 1761 1806 1921 2168 
1 745 
3 1322 1898 2176 
0 
2 33 1353 
1 1659 
4 1751 1866 1888 2229 
6 269 432 1534 1619 1868 2042 
2 6 1043 
3 46 1051 1495 
5 502 659 1294 1609 1841 
1 911 
2 730 1760 
1 717 
3 490 505 2208 
4 319 1358 1974 2209 
2 309 2247 
2 112 2153 
1 1727 
4 30 459 487 953 
3 353 431 561 
1 1838 
2 317 373 
5 90 1099 1634 1994 2036 
0 
2 321 2134 
2 838 1812 
2 1393 1552 
3 389 837 2049 
0 
3 696 1540 2206 
2 1092 1242 
3 724 726 2266 
2 1632 1882 
3 125 1214 2286 
2 1752 2208 
4 599 1339 1502 2207 
2 872 2012 
4 877 903 1367 1384 
3 554 603 1272 
1 816 
2 512 1107 
0 
5 760 949 1022 1529 1902 
4 72 859 1162 1959 
3 1332 1475 1976 
4 695 1321 1670 2113 
6 47 892 1284 1472 1850 2016 
2 101 787 
3 961 1555 1632 
4 219 557 815 1979 
5 264 1141 1227 2044 2207 
4 150 246 1388 2148 
1 1361 
1 585 
1 1846 
2 118 1170 
2 33 1408 
3 212 1068 1884 
2 154 1793 
3 708 770 2140 
0 
2 395 1152 
2 1057 1843 
2 1672 1722 
2 86 2105 
2 775 1016 
0 
0 
2 1974 2015 
0 
2 19 290 
0 
2 376 1777 
2 299 2030 
1 1006 
2 1492 1718 
3 746 814 1912 
2 194 527 
3 304 453 1886 
2 731 2088 
0 
2 75 2258 
0 
2 52 1336 
4 49 458 1721 2077 
2 295 1023 
5 427 501 1182 1358 1745 
6 394 1253 1465 1536 1846 2090 
3 114 906 1819 
0 
3 216 491 1107 
3 1901 1908 2272 
4 327 620 1113 1198 
2 147 398 
1 496 
4 314 595 1403 1627 
3 890 1529 1687 
2 283 751 
1 544 
3 529 793 2040 
0 
2 1212 1437 
2 305 370 
1 705 
5 383 659 1473 1612 1674 
4 252 825 1118 2252 
2 0 1653 
3 85 170 943 
2 1135 2062 
1 1947 
3 459 1198 2258 
1 2226 
7 470 956 1110 1155 1829 2060 2283 
1 372 
1 547 
0 
3 665 896 1934 
3 1690 2044 2118 
3 755 2124 2139 
4 152 995 2102 2123 
4 242 388 2103 2259 
1 1867 
1 223 
4 862 1069 1617 2040 
0 
1 276 
0 
3 641 803 1816 
2 1502 1931 
5 14 38 342 466 526 
1 91 
3 310 502 1616 
5 147 625 1067 1133 2273 
2 311 1762 
2 1261 1771 
3 26 703 1386 
7 169 191 538 836 1092 1552 1686 
3 734 1599 2200 
3 378 1087 1929 
1 1139 
3 753 1866 2094 
1 60 
1 3 
3 401 410 1831 
2 1460 2048 
3 1567 1705 1724 
1 1002 
2 251 1690 
0 
2 228 1208 
2 93 995 
2 379 1331 
1 2000 
2 203 1033 
1 2248 
1 1477 
2 1170 1495 
1 1129 
4 956 1621 1649 2104 
3 221 815 2243 
4 912 1282 1357 1481 
2 152 1359 
1 476 
2 1020 2194 
4 1579 1700 1792 2016 
3 751 1824 2043 
1 805 
2 485 884 
4 503 665 1225 1609 
3 355 2170 2199 
3 53 1339 2209 
3 1046 1203 1826 
1 120 
2 549 571 
3 12 600 990 
0 
3 337 1516 1732 
3 516 1597 2120 
0 
1 963 
4 301 462 571 885 
2 1216 1852 
5 448 746 801 1388 1833 
7 167 591 1080 1322 1925 2056 2180 
1 2221 
2 789 930 
1 1256 
3 222 1223 2293 
3 71 86 1720 
2 312 354 
1 1260 
5 6 483 652 953 1357 
1 660 
3 343 1418 1692 
4 554 1324 1528 2201 
2 376 808 
3 39 843 1194 
3 1272 1300 2122 
2 1588 1831 
3 719 1290 1350 
2 380 1543 
3 250 918 1919 
1 1334 
0 
4 150 1133 1954 2276 
4 628 653 703 1840 
0 
3 455 967 1420 
4 683 914 1143 1847 
1 1411 
3 448 1150 1866 
3 3 1 2 4 3 2 2 2 1 2 2 1 1 2 1 1 2 1 2 1 1 3 1 2 1 2 1 2 1 2 1 1 2 1 1 1 4 2 2 2 1 3 2 3 2 2 1 1 1 3 1 2 1 2 1 2 2 1 1 1 2 3 1 1 1 4 1 2 2 1 1 1 2 1 1 2 3 1 1 1 1 1 1 4 1 2 3 1 1 3 2 4 2 1 3 1 2 1 1 1 2 2 1 1 1 4 1 1 1 1 1 3 1 3 1 2 2 2 2 2 1 2 3 3 2 2 2 2 1 1 1 2 2 3 2 3 1 1 1 2 2 3 1 3 3 1 3 1 1 2 1 1 2 3 3 1 2 3 2 2 1 1 1 1 2 2 1 1 3 1 4 1 2 1 3 1 2 2 1 2 1 1 1 2 1 1 1 1 1 2 3 1 2 2 3 1 1 1 3 2 1 2 2 1 1 1 1 1 2 2 2 4 1 2 1 2 2 2 4 1 2 2 1 2 2 2 2 2 3 1 1 3 1 2 1 2 2 1 2 1 1 2 1 1 2 2 1 1 2 1 3 1 1 3 2 2 1 1 1 1 1 1 3 4 1 1 1 2 2 3 1 3 2 2 3 2 1 1 3 1 1 3 1 1 4 1 1 2 2 3 1 1 3 3 1 1 2 2 1 1 1 1 1 1 1 1 1 3 2 1 2 2 1 1 3 2 3 1 2 1 1 1 2 3 1 2 2 1 2 1 4 2 2 2 2 3 2 1 2 3 1 4 2 2 2 1 2 2 1 1 1 1 1 3 2 2 2 2 2 2 2 2 3 3 1 1 1 1 1 1 1 4 1 3 2 1 3 2 1 1 1 1 2 3 1 2 2 3 2 1 1 1 1 4 2 1 2 1 1 1 1 1 1 3 2 1 1 1 1 1 2 2 1 1 2 1 2 1 1 2 2 1 2 2 1 1 4 1 1 3 1 1 2 1 2 1 3 1 2 2 4 2 3 1 2 1 2 2 1 2 2 1 3 2 3 1 1 1 4 1 2 2 1 4 1 2 2 2 2 2 1 2 1 2 3 1 2 2 2 1 1 1 1 3 1 2 1 1 3 1 2 2 1 1 1 1 2 1 1 1 1 3 1 1 1 2 1 1 1 1 1 3 1 3 2 2 1 2 2 2 1 2 1 1 2 3 3 3 1 1 1 1 3 3 2 2 1 1 1 1 2 2 3 2 2 1 1 4 1 1 2 1 1 1 1 1 1 2 2 1 1 1 1 1 1 1 2 1 1 1 1 2 2 1 1 1 1 1 1 1 1 2 3 1 1 1 2 3 1 2 1 1 1 3 1 2 2 1 2 3 1 1 4 2 1 2 2 2 1 2 1 3 2 2 1 1 1 3 1 3 1 1 4 1 1 2 1 2 4 3 2 2 2 1 1 4 1 2 1 1 1 2 2 1 1 2 2 1 1 1 1 1 2 1 2 2 1 1 1 2 2 2 2 1 3 3 2 1 2 3 2 1 1 1 1 3 1 1 1 2 3 1 3 2 2 2 2 1 1 2 2 1 1 2 2 1 3 4 3 2 2 1 2 2 2 1 2 3 1 1 2 3 3 2 1 2 2 2 1 2 1 2 2 3 2 3 2 3 2 2 2 1 2 1 2 1 1 2 3 2 2 1 1 1 2 4 1 2 1 1 2 1 3 1 1 4 1 1 1 1 1 1 1 2 4 2 1 1 2 1 2 1 3 3 3 2 3 1 1 1 1 2 2 2 1 3 1 1 1 2 1 1 2 4 1 1 2 1 1 2 2 1 1 1 2 1 2 1 1 2 1 2 4 3 2 3 3 1 1 3 1 2 2 1 1 2 1 2 2 2 1 1 1 1 1 1 2 2 2 2 2 4 3 1 1 2 2 1 1 1 2 3 2 1 1 1 1 1 2 2 1 1 1 1 3 1 2 1 1 1 1 2 1 2 1 1 3 2 1 1 2 1 1 3 2 3 1 1 1 1 3 1 1 2 1 2 2 1 3 1 1 3 1 1 1 1 1 2 1 3 2 1 2 2 2 2 2 1 2 3 2 2 1 1 2 2 1 3 1 3 1 1 1 2 4 1 2 1 2 1 2 2 1 2 1 1 1 1 3 1 4 1 1 2 2 1 1 3 1 2 2 2 1 2 2 1 3 3 3 3 1 2 3 2 1 3 2 1 3 1 1 2 2 1 2 3 2 1 1 1 1 3 1 1 2 3 2 1 3 2 1 2 1 2 1 2 3 3 1 1 2 2 1 1 1 1 1 1 2 2 1 4 4 1 1 2 3 1 1 2 2 2 3 1 1 1 1 1 2 1 2 2 2 1 1 1 1 4 2 3 2 2 2 1 1 2 3 2 2 1 1 1 2 1 1 3 1 2 1 1 1 1 1 2 3 2 2 4 2 1 1 1 1 1 2 1 2 2 2 1 2 3 1 2 1 2 1 2 1 1 2 1 1 1 2 1 2 1 3 1 1 2 2 1 2 3 3 1 2 2 2 1 3 2 1 1 1 1 3 1 1 1 3 1 1 1 1 3 1 1 3 2 3 4 3 2 2 1 3 2 1 2 3 3 1 3 1 1 2 3 1 2 4 3 3 1 2 1 2 2 1 2 3 1 2 2 1 1 3 3 2 1 2 1 1 2 1 2 1 2 1 3 1 3 2 2 2 3 1 1 1 2 1 1 3 1 1 2 1 1 2 1 4 3 3 1 2 3 1 2 1 1 2 1 1 1 1 1 1 1 3 2 2 3 1 1 1 2 3 3 1 2 1 2 2 3 2 1 1 3 2 2 2 3 1 2 1 1 1 2 2 1 2 1 2 2 1 2 3 2 1 1 1 1 1 1 1 1 1 1 1 1 3 2 2 1 2 1 1 1 1 1 3 1 3 2 1 3 2 3 1 1 2 1 1 1 2 2 1 2 1 1 2 2 1 1 1 2 2 3 2 3 1 1 2 1 2 1 4 2 1 1 2 2 1 2 2 3 3 1 1 1 3 1 3 1 1 1 2 1 2 2 2 1 2 2 1 2 1 1 2 2 2 3 3 2 1 2 3 1 1 1 2 3 1 1 2 2 1 1 3 1 1 4 1 1 2 4 1 1 3 2 2 3 2 1 1 3 1 1 2 1 1 1 2 2 1 1 1 2 2 3 1 1 1 2 1 2 1 2 1 2 1 1 3 1 1 3 2 1 1 1 1 2 1 1 1 1 1 1 2 2 1 1 2 2 1 1 2 1 1 1 1 1 3 1 1 1 3 1 1 1 1 2 1 1 3 1 1 2 1 2 1 2 1 2 2 1 4 2 1 1 1 3 1 1 1 2 1 2 2 2 1 2 2 1 1 1 3 2 2 2 2 2 2 1 1 2 1 3 1 2 3 1 3 1 3 1 2 2 1 1 1 1 2 1 2 3 1 1 2 2 2 2 2 2 2 1 1 1 2 2 1 2 2 2 1 3 1 2 2 3 3 2 2 1 1 1 2 1 3 2 1 3 2 2 1 1 1 2 2 2 1 2 3 2 1 1 2 1 2 2 2 3 1 1 2 3 1 3 3 1 1 2 1 2 2 2 2 1 2 2 1 2 1 1 2 1 1 3 1 4 1 1 1 2 1 1 4 1 3 2 3 1 2 1 1 1 3 1 2 4 1 3 4 4 3 1 1 3 1 1 1 1 1 1 3 1 1 1 3 1 2 2 1 3 2 2 1 2 1 1 3 3 1 1 1 1 2 2 1 3 2 2 1 1 1 1 2 2 2 1 1 2 1 1 3 3 2 2 1 2 2 1 2 1 2 1 1 2 2 1 2 1 3 1 2 1 1 1 1 1 1 2 1 1 1 2 3 1 2 1 2 2 1 2 3 1 2 2 2 1 1 1 2 3 2 1 1 2 3 3 3 1 4 2 4 3 2 1 3 1 1 1 1 1 1 2 2 2 3 1 1 1 2 2 2 1 2 2 2 2 1 1 1 2 1 2 1 1 1 1 3 2 1 1 3 1 1 1 1 2 3 1 1 3 3 1 2 1 1 2 1 1 2 3 2 1 1 3 3 1 1 1 3 1 1 2 1 2 1 1 1 3 1 3 1 1 4 1 3 1 3 1 1 1 1 1 1 2 1 1 2 2 3 1 2 2 1 1 1 2 1 1 3 1 1 1 2 2 1 1 1 2 1 3 2 2 2 2 1 2 1 1 2 1 3 2 1 1 2 1 1 2 2 1 1 2 1 1 1 1 1 2 3 3 3 2 1 1 2 1 3 2 2 1 2 2 2 1 2 2 1 1 1 1 1 4 1 2 1 3 2 1 1 2 4 2 2 2 2 1 1 2 1 1 2 2 1 1 1 1 2 2 2 3 2 3 3 2 4 1 1 2 3 1 3 1 1 2 3 1 2 1 1 1 1 2 1 2 3 1 2 2 2 3 1 1 2 1 1 2 1 3 1 1 1 2 1 2 2 1 3 3 4 1 3 1 2 2 2 3 2 1 1 2 1 1 1 2 3 2 1 2 2 2 1 3 1 1 2 1 2 1 1 1 2 1 4 3 1 1 2 1 1 4 1 1 1 1 2 1 2 1 1 2 1 2 1 1 2 1 2 2 2 3 1 3 1 2 1 1 1 1 2 1 1 2 1 1 1 1 3 2 1 1 1 1 3 1 1 2 1 1 2 2 3 2 1 1 1 1 2 1 3 1 1 2 1 1 1 2 3 1 2 1 3 2 2 2 2 1 2 3 1 3 1 2 1 2 2 1 2 1 1 2 2 1 1 1 2 3 2 1 3 3 1 3 2 1 1 2 2 1 3 1 1 2 1 1 1 2 1 2 1 1 1 1 1 1 2 2 1 1 1 1 2 1 1 2 1 1 3 2 3 3 2 1 1 1 1 2 2 2 2 3 1 3 1 2 2 1 3 2 1 2 2 1 2 1 3 1 2 1 1 3 3 3 1 1 2 2 1 1 1 2 1 1 1 4 2 3 1 3 2 3 1 2 2 2 1 2 3 4 1 1 1 1 1 2 1 1 1 1 1 1 2 3 2 2 2 1 1 1 1 2 2 1 2 2 1 2 2 1 3 1 1 2 3 3 1 2 1 2 1 3 3 1 1 3 1 1 2 2 1 2 1 2 2 2 1 1 1 1 1 1 1 1 1 
