s 5000
2 79 584 
2 45 3508 
2 576 3602 
3 466 2812 4211 
1 1833 
5 240 450 864 4226 4263 
4 604 886 4359 4763 
5 834 1237 1516 2280 2843 
3 1017 1310 4749 
1 2893 
3 616 3433 4052 
0 
0 
4 1434 1472 3505 4565 
1 1409 
3 1103 1791 3279 
1 3003 
2 3397 4073 
1 587 
3 788 1156 1491 
1 50 
2 2319 4525 
1 2755 
4 2485 2658 3004 3432 
4 580 844 1644 4991 
4 905 1598 3506 3998 
2 1481 2907 
3 624 1469 3327 
2 626 1664 
3 1527 2693 3958 
3 1341 1926 3664 
2 1414 2918 
1 1910 
0 
0 
1 2697 
2 58 2673 
0 
2 1383 4319 
2 1393 2490 
7 465 918 1295 1869 1971 3551 4787 
3 657 3163 4476 
1 1792 
1 2069 
0 
3 1 4246 4534 
3 2885 4040 4542 
4 565 1903 3994 4478 
0 
1 4614 
2 20 1953 
2 1660 2189 
0 
3 1298 2539 2789 
2 4054 4948 
2 3232 4217 
2 178 294 
4 481 1671 2747 4648 
7 36 685 1490 1956 2718 3059 4802 
2 604 4489 
2 2731 4016 
3 2920 3423 4703 
2 1299 1584 
3 2699 2781 3906 
1 101 
1 4842 
0 
3 2219 2787 3933 
2 1479 4802 
1 3690 
4 73 850 867 2247 
2 2938 3789 
5 395 2005 2381 4483 4666 
3 70 595 2881 
4 514 678 3699 4856 
2 1518 2585 
1 2993 
3 205 1060 1307 
4 1375 1847 2852 4118 
3 0 130 436 
5 1345 2286 3100 3435 4632 
3 2150 2170 3204 
4 1716 3154 3888 4796 
4 1948 2531 3472 4036 
2 3241 3945 
3 1732 4570 4868 
0 
3 1227 2399 2472 
0 
1 1354 
0 
3 2903 3449 4577 
1 1632 
2 3430 3480 
3 344 4036 4873 
0 
1 1879 
2 2010 2565 
4 900 1772 2479 2793 
1 3908 
0 
2 64 4978 
4 136 2584 3166 4892 
3 710 3012 3836 
4 989 2289 2428 4557 
3 350 999 4753 
3 1441 3264 3625 
4 646 1269 3676 3900 
2 331 3990 
3 519 736 1758 
3 1317 1534 2123 
1 2472 
1 3895 
4 700 2077 2335 4360 
3 368 2976 4349 
4 2128 2376 2877 4836 
2 1016 4750 
1 4142 
4 524 1754 3236 4091 
2 1308 2809 
5 401 1315 1671 1926 4201 
3 218 731 851 
1 2722 
1 4980 
1 3879 
4 1609 2286 2670 3941 
1 2083 
2 679 3492 
3 519 799 3078 
1 1577 
4 79 854 1526 1846 
2 2611 4851 
3 1619 1894 3439 
2 737 4810 
4 1468 3146 3293 3479 
2 944 1232 
5 102 1418 3217 4140 4711 
0 
2 1779 4600 
3 1040 1083 4675 
0 
1 2053 
2 2438 4909 
0 
4 1592 1919 2010 2477 
5 709 896 1115 1526 4250 
2 1997 3751 
1 2978 
3 421 1483 2791 
1 2465 
2 1409 4767 
3 1067 1099 3032 
3 347 3791 4431 
3 1129 1316 3068 
4 1449 2454 2679 4738 
4 243 1077 4869 4938 
0 
1 3880 
1 3369 
4 313 2467 2972 4120 
1 2917 
4 480 2512 2691 3537 
1 4769 
1 1838 
3 1060 3129 3497 
5 830 1321 1664 1990 4259 
2 650 3305 
2 3269 3597 
3 475 3918 4262 
3 490 1802 4607 
3 1050 3397 4319 
1 3386 
3 2240 3088 4913 
3 1488 2806 3871 
2 1953 4950 
2 3045 4190 
5 1175 1198 1969 3654 4726 
2 2058 4054 
3 56 1382 4865 
4 1096 2085 2476 4886 
3 263 1316 3456 
2 2715 4667 
2 521 1616 
1 1314 
0 
2 1207 2363 
4 1239 2195 2958 3813 
0 
0 
5 2989 3035 3369 3629 3686 
3 872 1851 2881 
4 789 907 1259 4044 
3 1748 1828 4764 
0 
4 1863 3168 3392 3797 
1 1561 
0 
1 4338 
1 1465 
2 612 2463 
2 1510 2333 
1 740 
1 2277 
2 362 1788 
4 1054 1500 2313 2484 
4 77 1657 2498 4663 
4 1735 2625 4518 4896 
3 1315 2290 2463 
4 1286 1571 1975 3397 
1 3644 
4 252 2510 3116 3126 
3 3106 3903 3910 
2 572 4552 
3 1156 3826 4105 
1 1721 
1 2580 
1 290 
4 1990 3088 3195 3797 
3 121 4112 4396 
5 554 1579 1723 3209 4157 
3 2440 4315 4364 
0 
1 3723 
3 539 3429 3580 
2 1890 4893 
6 1004 1975 2100 3975 4218 4741 
4 1143 3133 3501 4420 
3 1571 2396 4438 
1 4055 
3 311 704 3056 
3 1582 3755 4601 
2 1846 2883 
2 1404 2740 
1 2914 
2 2518 4700 
0 
1 1657 
3 1783 2371 4979 
0 
1 4343 
4 5 3071 3688 3803 
1 3710 
5 2489 2802 3136 3604 3715 
1 155 
2 935 4524 
2 1751 1943 
2 1869 3357 
3 1045 1991 3453 
0 
0 
2 3092 3221 
1 2104 
3 210 258 4151 
4 280 1523 2247 4981 
2 3599 3677 
3 2841 3265 4552 
2 1036 4115 
2 1744 3248 
1 252 
4 442 956 2794 4278 
2 3663 4288 
4 2671 3765 4015 4544 
3 3934 4193 4428 
3 180 961 1250 
3 1309 1539 3245 
3 2513 4514 4669 
7 438 741 1148 3156 3764 4179 4282 
3 791 1831 3237 
3 599 1350 4805 
2 3248 4827 
4 1533 3462 3511 4248 
3 3267 3734 4841 
2 3849 4753 
2 2657 2984 
0 
2 3256 4421 
2 3476 3831 
2 3011 3820 
1 4929 
2 2804 4144 
1 253 
4 662 2256 4935 4992 
2 2159 3729 
3 1216 1834 3626 
2 1131 2407 
4 2323 2712 3008 3130 
6 611 1389 1632 2007 4781 4830 
2 1644 4188 
3 431 3202 3798 
2 1080 1771 
4 216 1269 3704 4098 
1 3548 
1 3289 
0 
2 56 3042 
3 303 1376 3147 
3 508 2293 2444 
1 2638 
1 2696 
2 1596 4002 
1 3053 
2 1753 2070 
1 1851 
2 295 1907 
1 864 
3 731 1008 3849 
3 1368 1581 3254 
2 1841 2727 
3 785 2898 4293 
0 
3 2806 3030 3319 
3 229 588 2708 
2 1357 4279 
4 159 1324 1770 4780 
2 2357 3088 
2 2744 3787 
4 2239 3592 3793 4343 
1 703 
3 2396 3154 4372 
4 1678 1963 2526 3406 
1 2792 
1 1334 
8 453 634 717 1227 1512 1773 3313 4056 
4 809 1091 3019 4806 
3 952 3492 4133 
2 393 4695 
2 3695 4934 
3 1035 1223 2420 
2 4008 4560 
5 2931 2972 3130 3437 3957 
0 
7 108 350 1110 2948 4673 4911 4987 
2 1555 4182 
2 666 1198 
0 
3 1113 1793 4455 
1 3546 
5 351 1496 2197 2504 4617 
2 3068 4961 
3 425 759 2601 
0 
1 3636 
3 434 2335 3132 
1 3802 
4 94 790 1228 4196 
2 662 3286 
2 2931 3124 
2 152 1306 
0 
2 987 4221 
6 105 331 499 2028 3226 3614 
3 337 2318 4984 
3 1012 1064 1238 
3 3606 3790 4246 
4 2802 3719 3828 4553 
3 1604 3728 4245 
1 4776 
1 3755 
2 4308 4529 
3 1659 2353 3252 
3 508 4524 4572 
3 1027 3488 4469 
3 203 1446 1935 
2 788 1109 
3 884 3016 3166 
2 2919 3955 
4 1444 1908 3037 3362 
2 1726 2401 
1 114 
2 2686 3920 
2 692 3402 
3 380 1008 3139 
1 1809 
1 3450 
4 533 1598 3075 4713 
1 1812 
3 3410 3902 4111 
2 836 3546 
2 4183 4958 
2 1790 2395 
1 371 
2 4814 4993 
2 4008 4752 
2 1765 2691 
3 1674 1699 2611 
1 1625 
3 652 1896 4585 
0 
3 973 2415 4234 
0 
1 4061 
3 901 3498 4341 
0 
4 325 1189 1470 4476 
2 1880 1975 
2 72 4153 
3 1550 4311 4654 
2 2332 4509 
0 
0 
2 2536 3392 
5 120 717 1158 2759 4447 
3 2284 3977 4382 
2 2756 4302 
0 
1 3680 
2 1015 1825 
0 
2 1941 4791 
5 714 744 2883 4550 4802 
1 2200 
1 4220 
3 1483 1577 2149 
2 993 4830 
1 1949 
2 1874 4348 
2 606 2233 
1 2636 
0 
1 3776 
4 2094 4428 4487 4983 
3 148 1976 3754 
2 1318 3465 
1 1276 
2 2334 2850 
3 339 1322 4586 
1 431 
3 3932 4282 4801 
1 3164 
3 914 1742 2257 
3 1318 1753 3501 
2 288 426 
4 1378 3110 3195 4239 
3 623 3138 4765 
2 342 1716 
2 1472 3177 
1 79 
1 1539 
3 266 1587 2818 
0 
2 2345 4553 
3 1677 3426 4674 
2 259 644 
0 
1 4621 
3 1114 2859 3301 
2 1156 1856 
2 802 3757 
2 2743 3066 
1 2688 
3 5 820 4687 
1 1940 
1 2446 
7 322 1567 2199 3270 3310 4078 4110 
4 1425 1859 2819 4471 
0 
3 3549 3755 3820 
1 2087 
1 4502 
1 4602 
1 1695 
2 3615 4532 
1 3431 
5 906 1819 2914 3512 3631 
0 
3 40 812 2356 
4 3 1650 3974 4943 
0 
4 1030 3885 3890 4037 
0 
1 2570 
0 
1 1561 
2 1166 2518 
2 2950 4898 
3 168 1136 2662 
1 832 
1 501 
1 1579 
1 3823 
3 161 2115 4950 
3 57 3257 4423 
2 4516 4941 
1 1430 
4 2079 3673 4367 4654 
1 758 
3 1881 2651 4878 
4 577 1602 1998 4214 
3 556 665 3723 
3 3454 4114 4937 
5 169 790 2665 3177 3999 
2 1244 4186 
4 2170 2607 3824 4458 
1 2648 
4 1030 1267 3219 3761 
1 1866 
5 809 3263 3469 4218 4951 
1 1125 
0 
2 350 2495 
2 2282 2812 
2 477 3928 
5 1700 3577 4068 4131 4501 
5 2747 3220 3306 3375 3543 
2 2674 4416 
1 976 
2 922 4040 
1 2593 
4 296 360 1209 2988 
4 876 3747 4123 4852 
2 569 4161 
0 
2 2284 3336 
4 980 1307 1559 1715 
3 74 574 4110 
3 1252 2031 2661 
2 739 1209 
1 1271 
2 1554 1826 
3 109 128 3079 
3 3705 4028 4081 
2 182 3939 
3 2028 3227 4768 
1 4337 
2 118 3952 
1 1275 
1 3868 
4 1566 1812 2579 3116 
3 2030 2467 2557 
2 858 1665 
2 2737 4917 
2 2021 3351 
4 1751 1864 2093 4733 
5 374 705 3849 4164 4286 
2 2828 3019 
1 2521 
0 
2 671 2696 
4 1262 2437 2852 4490 
3 223 903 4253 
3 810 3295 3637 
4 1265 2195 2468 4159 
3 934 1361 2471 
1 3081 
0 
2 2607 4625 
3 1168 1822 3907 
1 4233 
2 1058 3883 
1 686 
2 1559 3116 
0 
4 2402 3710 3991 4323 
4 1616 3658 3760 4778 
3 219 3382 3653 
1 1704 
3 488 1452 1600 
3 716 1609 3645 
1 2354 
1 4595 
2 2619 4739 
0 
2 855 2175 
2 864 2899 
2 3059 4469 
3 47 2144 4304 
2 1888 3327 
3 596 807 1920 
2 1765 4472 
1 510 
0 
2 665 773 
4 212 942 1942 2110 
1 1956 
3 514 1767 4327 
4 1166 3413 3663 4273 
3 2 1259 1285 
4 487 2749 2791 2903 
1 2623 
1 3967 
2 24 1395 
1 4026 
1 1791 
1 1093 
3 0 3306 4212 
3 1835 2308 2988 
1 825 
3 18 2859 4132 
2 311 3292 
3 1321 2369 3067 
3 2643 2692 4481 
1 2920 
1 4366 
2 2931 4225 
3 1536 2897 3335 
5 73 997 3561 4247 4250 
2 567 3506 
0 
1 4715 
1 268 
3 677 2159 3471 
2 3177 3244 
3 1195 1410 3896 
2 2908 3617 
4 6 59 3259 4098 
2 1303 4661 
4 416 1880 4817 4842 
2 2576 2750 
1 692 
2 3596 4436 
4 2108 3505 3551 4118 
3 286 3005 3968 
1 199 
0 
6 1388 2972 3148 3182 3446 4292 
1 1296 
4 10 2141 2291 3326 
1 767 
1 1758 
0 
4 1355 2088 3034 3219 
4 2307 4197 4283 4488 
4 3157 3604 4818 4857 
4 433 2614 3639 4511 
2 27 3618 
4 2271 2729 3993 4499 
1 28 
2 3987 4534 
1 3261 
3 768 3344 4634 
1 2318 
3 1541 3512 4957 
1 1620 
0 
1 322 
1 2382 
2 1153 2148 
2 3043 3730 
4 1284 2576 4281 4573 
3 2946 4611 4640 
1 2931 
4 1245 3123 3566 4705 
2 2201 4656 
4 1161 2563 3643 3827 
2 442 885 
1 4564 
1 107 
2 1752 3593 
1 1130 
4 720 729 2582 3372 
5 166 1390 2829 3372 4702 
2 1021 1471 
1 386 
2 1292 3360 
0 
1 2759 
3 1951 2187 4704 
6 41 1369 1666 3253 3797 3827 
0 
4 1604 3005 4147 4284 
2 1002 2161 
2 2800 4772 
5 281 345 1303 3553 4457 
1 1682 
2 2145 4474 
4 488 571 1276 2274 
3 333 3444 3861 
2 3288 3924 
1 3429 
0 
1 1316 
3 537 823 3115 
4 1462 2443 2910 4391 
2 1053 3571 
2 1539 4193 
2 4145 4160 
3 2531 3354 3914 
2 600 885 
1 74 
4 127 1875 3071 4759 
4 2792 3446 4046 4682 
4 759 1902 3750 3875 
0 
3 2497 2770 3971 
4 777 1757 2761 4696 
1 58 
5 549 848 996 2877 3675 
1 766 
2 2079 3825 
3 864 1817 4928 
2 2993 4187 
5 1506 2037 3240 3728 3949 
3 370 608 1249 
1 1208 
4 1496 1814 4488 4989 
3 732 1111 1886 
2 1629 3237 
0 
3 801 1514 2843 
3 3420 4060 4436 
1 113 
0 
1 2400 
1 317 
3 229 3343 4801 
1 533 
1 996 
3 1178 3163 3745 
2 2070 4884 
3 145 2768 3453 
2 103 1720 
3 1107 1546 1713 
0 
2 1982 2608 
3 409 796 4087 
2 1715 4679 
2 557 3374 
5 322 401 977 1285 4878 
3 781 1182 3751 
1 4591 
3 649 1377 2525 
3 994 1388 2617 
1 822 
2 1769 4751 
2 1462 2874 
2 4439 4952 
4 813 859 2229 4548 
0 
2 2750 3258 
4 649 4506 4890 4965 
5 757 1319 2591 3797 4906 
5 121 305 800 1575 3528 
1 695 
2 1555 3700 
2 1507 3948 
1 2126 
2 109 2936 
4 133 3018 3951 4654 
3 1425 3788 4414 
3 516 2002 3015 
4 201 1321 3131 3375 
1 266 
0 
1 755 
4 409 3765 4318 4696 
0 
2 1217 2509 
4 757 1056 4043 4781 
0 
0 
1 2813 
2 925 1031 
3 1885 3775 4839 
2 3588 3890 
0 
5 743 1311 1823 2604 4348 
1 3818 
3 730 747 1875 
2 485 4751 
3 339 681 4348 
4 942 3582 3821 4163 
2 3511 4884 
2 2006 2590 
3 1586 2565 3790 
3 1546 3946 4916 
1 3995 
3 687 1773 4518 
2 617 3503 
2 629 4504 
1 1306 
2 1092 2847 
1 3032 
0 
4 571 1962 3939 3951 
2 1610 3012 
1 3286 
1 4774 
4 684 2427 2565 3291 
1 4257 
4 1517 3647 3816 4331 
2 2016 3799 
1 718 
0 
2 2233 3586 
4 1151 2542 3796 4254 
9 308 1080 2015 2553 2733 3605 3747 3774 4435 
2 1642 1899 
2 2195 3261 
4 19 363 2691 4267 
3 191 1090 2842 
3 344 490 4353 
3 267 1746 3581 
5 1109 1120 1636 1786 4876 
2 2269 4077 
1 2652 
2 3100 4441 
3 714 3172 4472 
1 2466 
2 1180 4094 
3 128 1254 3578 
3 731 2183 4598 
3 698 2056 2726 
5 447 1353 2036 2242 3985 
1 3761 
1 988 
0 
3 1016 4325 4548 
2 567 1493 
2 3040 4826 
5 323 496 1353 3600 4428 
3 540 3408 4812 
1 2258 
2 465 4329 
3 726 1986 2790 
6 1609 2263 2840 3821 4746 4916 
2 4067 4455 
2 2316 4441 
0 
2 3242 3469 
4 1436 1566 1903 2090 
2 450 853 
0 
2 722 4073 
3 671 2330 2725 
3 1469 3395 4023 
6 586 1303 1408 2235 3347 3857 
4 2778 3714 4557 4583 
4 1577 3826 4433 4871 
2 1327 3754 
2 2125 2768 
2 165 4789 
1 3793 
1 476 
1 1650 
1 7 
0 
3 377 1359 2458 
1 3900 
0 
1 4084 
8 889 1510 2800 3009 3237 3536 3816 4079 
3 2354 3242 4123 
2 2161 2513 
1 3924 
2 24 928 
2 2799 3180 
1 1249 
0 
3 686 1150 1910 
3 3906 4394 4477 
5 70 1201 1558 3329 3565 
4 121 2380 3566 3997 
2 1140 4743 
6 820 2956 3211 3769 4824 4895 
5 130 2244 2666 2975 3982 
3 562 3976 4738 
3 3446 3886 4052 
4 3049 3777 4364 4451 
2 529 1844 
3 726 1416 1641 
3 2252 3296 3799 
2 2906 4773 
2 2961 3091 
1 4092 
5 5 304 563 689 4576 
3 1376 4326 4966 
3 3559 4824 4960 
4 70 2765 2990 3137 
1 3408 
2 3651 4427 
2 1152 1974 
0 
5 190 3522 3672 3932 4702 
4 1037 2858 4023 4683 
2 1526 2627 
1 989 
1 509 
1 2302 
2 4045 4347 
1 4814 
3 1537 2874 4419 
1 3519 
4 1939 4340 4710 4920 
4 1190 2074 3060 3200 
4 364 1085 1376 1423 
4 644 677 2018 3762 
3 6 4424 4859 
3 1302 4597 4694 
2 1553 4379 
3 840 893 3718 
2 2460 3928 
1 990 
3 2173 4058 4757 
2 889 2446 
1 4427 
1 4334 
4 145 1012 1132 3840 
3 1864 2269 4974 
2 1349 1564 
3 1403 3166 4305 
1 98 
4 391 1325 1770 4975 
1 3162 
4 539 1401 1693 4015 
3 3139 4020 4820 
1 25 
4 463 2622 3323 3732 
3 191 1374 4918 
3 1190 1852 3332 
3 2994 3886 4048 
1 1375 
0 
5 1460 1673 2282 2558 3711 
4 1211 2460 3001 3201 
3 429 1115 1885 
1 1194 
2 1428 2889 
2 1285 2802 
2 40 4993 
1 3094 
0 
1 3068 
3 506 1321 3240 
3 1234 1394 3094 
3 977 1084 3465 
2 751 1079 
2 1389 1812 
2 4259 4947 
6 844 1914 2553 2947 4021 4123 
0 
2 947 2809 
0 
4 2617 2737 3058 3104 
1 3263 
1 542 
3 244 4576 4961 
0 
1 3682 
2 3633 4888 
2 1401 2748 
4 1808 1925 3327 4825 
1 1383 
3 572 760 1062 
1 3145 
3 135 2118 3883 
2 1101 3113 
1 1385 
3 930 2789 3395 
2 3002 4772 
2 1947 2047 
1 4582 
3 1971 2014 4753 
2 324 1978 
0 
1 3316 
0 
3 259 1794 2938 
1 4925 
2 1605 4171 
1 3205 
0 
5 263 2463 3661 3700 4652 
1 2121 
2 1219 3781 
4 1651 1998 2388 3231 
3 1599 2986 4752 
3 1074 1279 2520 
2 4066 4292 
1 4376 
1 3988 
2 2241 3332 
3 1524 2535 2833 
2 2290 3891 
3 388 2873 3509 
2 1532 2166 
0 
2 505 3881 
3 717 924 4373 
0 
1 1994 
2 513 2369 
2 2003 3700 
3 2407 2642 4048 
1 3112 
4 998 1153 1166 3711 
2 2077 4061 
3 1619 2460 3846 
1 349 
3 804 1224 1579 
7 104 875 1616 2316 3476 4119 4904 
3 891 1929 4118 
3 1516 2295 3219 
3 1179 2453 3246 
2 413 3914 
6 721 1132 2314 4621 4681 4989 
2 2357 3423 
4 686 706 3436 3678 
3 595 1444 1975 
6 984 1114 2043 2326 3681 4997 
4 105 1014 1058 2932 
1 1024 
1 4675 
1 660 
1 1170 
4 225 1394 2740 4366 
4 1087 4152 4433 4587 
0 
1 1741 
4 305 371 1290 1835 
1 2931 
1 4009 
1 1039 
2 352 896 
2 3555 4572 
1 999 
1 406 
7 116 806 1059 1336 2539 3940 4274 
3 8 2298 3701 
1 2779 
2 2406 2417 
0 
1 651 
4 1131 2499 2613 2702 
1 2630 
2 1000 2933 
1 1131 
6 1798 1873 3201 3407 4290 4774 
3 361 2707 3856 
2 1581 4138 
2 3651 3979 
6 468 494 1138 3290 3559 3600 
2 751 4781 
1 3404 
3 3563 4107 4681 
3 1270 1756 2404 
2 327 4960 
1 256 
3 873 2444 2659 
3 1764 1786 2347 
3 1011 3179 4674 
2 139 4462 
1 4768 
3 2434 3923 4045 
2 1749 2554 
2 2613 4674 
1 247 
4 3203 3716 4422 4610 
2 3108 3130 
0 
4 1767 2185 3788 3986 
4 170 1214 2798 4307 
3 3036 3606 3856 
6 1169 1227 4177 4319 4475 4933 
4 673 1807 2580 4948 
3 204 2068 4870 
1 2107 
3 747 1978 1990 
3 2518 2558 4633 
7 548 999 1607 1985 2122 3667 3823 
2 1016 2197 
3 77 164 4970 
1 2462 
5 942 2737 3486 3785 4912 
3 1238 1465 3023 
3 352 2560 3961 
2 3163 4285 
4 1241 2750 2972 4142 
3 151 1474 2699 
0 
2 1424 3044 
2 1337 3925 
1 4071 
2 2557 2769 
5 1403 1649 2719 3036 3686 
5 966 1793 2092 2102 4190 
1 4147 
0 
1 155 
4 2267 2402 2468 4131 
5 925 1702 2003 2296 4997 
6 289 785 1161 3859 4655 4996 
4 1183 1950 2577 4084 
2 1377 3255 
5 139 4129 4409 4544 4599 
1 924 
1 884 
0 
2 1005 1739 
1 2346 
1 1554 
1 789 
2 323 4398 
2 770 4953 
2 583 4471 
2 1678 3564 
2 3728 4797 
4 179 1548 1594 2979 
1 2943 
5 1255 1316 2168 3424 4145 
3 151 1564 2846 
3 3104 4580 4985 
5 945 1273 3172 3987 4240 
0 
4 15 1594 4168 4763 
2 4074 4095 
2 1259 2575 
3 1269 2249 4502 
3 711 3012 4246 
1 1177 
4 363 792 2164 2310 
3 331 2330 3906 
3 695 2538 2955 
2 3115 4297 
3 335 1240 1861 
2 445 998 
3 145 914 2098 
3 1771 1793 4500 
3 1789 3995 4607 
1 1885 
0 
1 792 
3 1182 1384 3113 
1 2269 
1 3139 
3 2093 2389 2790 
4 497 1971 3325 3736 
2 3494 4689 
0 
2 4473 4906 
2 153 3027 
2 648 2559 
8 284 1022 1025 1377 2250 2283 3847 4710 
3 896 994 4760 
3 1360 1873 2570 
3 2130 3553 4110 
3 1911 2611 2814 
4 475 1833 4089 4818 
5 1186 1334 1524 2762 4848 
2 1030 3953 
2 1403 4813 
3 852 3125 4093 
1 3638 
3 1593 2004 2057 
1 226 
3 2815 3564 3657 
3 2163 2216 2808 
1 3724 
1 3480 
3 266 1238 1432 
0 
4 848 3378 4452 4985 
4 784 2375 2887 4524 
3 870 3508 4569 
3 636 984 3325 
2 2865 3566 
0 
5 19 213 446 3021 4130 
1 2781 
4 401 3457 3750 3996 
2 3054 4850 
1 4560 
6 643 1080 1659 2831 3447 3865 
1 4113 
2 3026 4727 
6 1195 1304 3719 3859 4483 4523 
1 2105 
4 473 575 984 1560 
2 1342 2262 
1 546 
2 1052 4848 
2 1003 2563 
3 1664 2240 2912 
0 
2 2087 2213 
2 2247 4003 
4 176 3193 3993 4944 
1 2175 
1 1108 
3 707 2153 2952 
1 992 
1 798 
4 1709 2819 3347 4429 
6 718 1121 1820 2890 3696 4527 
3 1081 2403 4626 
1 2890 
2 4704 4709 
2 1137 3139 
1 4367 
1 2004 
7 393 1284 2358 3246 3372 3570 4117 
9 883 908 2016 2634 2901 2968 3116 4729 4744 
2 2019 2712 
4 2058 3119 3828 4761 
1 3809 
3 915 2421 3714 
6 602 1164 2073 3601 4370 4515 
2 1398 3176 
3 3414 4048 4784 
3 176 333 4877 
1 2598 
4 1979 3401 4398 4750 
4 850 2052 3304 4876 
3 4328 4545 4929 
0 
3 3229 4044 4935 
1 4145 
1 2121 
3 185 3117 4389 
5 693 1692 2490 2725 3173 
4 508 516 2638 4044 
0 
3 913 2662 4524 
1 4453 
1 1586 
2 1050 2359 
4 2590 2862 3495 4072 
2 283 4551 
4 746 1255 3085 4475 
3 1746 1972 2194 
2 963 3328 
2 3980 4644 
2 1647 3245 
5 1293 1610 2022 3805 3956 
2 327 2475 
2 988 1527 
1 2338 
4 2810 3930 4741 4893 
6 87 322 1052 1293 1756 2974 
3 344 2380 3908 
3 1690 2119 2930 
3 3202 3773 4181 
1 1800 
7 135 1353 2221 2780 3237 3491 3535 
0 
1 923 
3 3814 4204 4812 
1 4758 
1 7 
8 352 1063 1148 2280 3151 3468 3664 3708 
4 186 3167 3952 4142 
2 1113 4103 
6 1066 1642 1916 2233 3474 3886 
1 3848 
4 1813 2100 2769 2995 
3 491 3145 4774 
2 641 1513 
2 1560 3187 
1 3156 
3 1627 1686 4176 
6 692 846 1733 1897 2548 4606 
1 263 
2 2195 4674 
2 515 1497 
1 4702 
2 799 1794 
3 1098 1217 1801 
1 1586 
1 1931 
0 
6 191 576 1105 2362 3514 3939 
2 2539 4639 
2 2072 3690 
3 538 3160 4808 
4 1628 1986 4679 4734 
3 2978 3741 4117 
2 541 1993 
1 2391 
1 494 
5 1692 2501 3129 3395 3706 
3 107 290 1106 
2 1034 1996 
2 517 3651 
2 2432 3517 
3 1101 1335 1397 
1 3460 
1 525 
7 423 665 2935 4387 4451 4618 4993 
2 2942 4198 
2 1510 4436 
4 966 3173 3484 4304 
1 2792 
1 1607 
4 3171 3539 4016 4496 
1 2950 
3 638 1189 4749 
5 576 717 917 1946 4243 
4 208 1949 2257 3934 
1 3710 
0 
2 4428 4821 
1 1008 
5 1966 2191 2472 3488 4858 
1 653 
4 1222 1227 2145 4067 
0 
1 40 
1 615 
2 2000 3210 
3 53 1698 2183 
3 62 1378 2346 
1 2874 
0 
3 887 2372 4649 
4 605 662 825 1382 
3 1164 4570 4797 
0 
6 347 769 1607 2699 2735 4618 
3 77 513 3548 
4 119 3081 3374 4039 
4 264 1810 2580 3590 
1 8 
2 755 2677 
1 4186 
2 2131 4494 
4 183 1553 1655 2579 
4 120 207 2527 4390 
5 153 180 670 1098 2257 
3 110 3612 3900 
2 422 430 
2 730 2139 
1 2066 
4 165 589 740 922 
2 425 4379 
2 2226 4268 
4 313 1516 3741 3871 
3 901 2682 3519 
2 1723 3375 
1 828 
0 
4 1554 1964 2071 4314 
2 1526 4952 
4 1910 3482 4335 4532 
5 1398 1474 1613 2392 3339 
1 1966 
3 321 1137 2281 
6 1273 3430 3899 3920 4218 4825 
4 1016 3183 4091 4258 
2 1070 4398 
0 
0 
2 2683 4789 
2 30 3576 
4 1167 1983 3835 3860 
1 1967 
0 
1 80 
1 4671 
3 3931 4284 4760 
3 3532 3551 4512 
2 898 3664 
2 268 3466 
2 2070 4356 
1 3073 
4 802 809 1232 4264 
3 89 2944 4432 
2 620 2707 
7 2244 3938 4133 4243 4556 4730 4787 
4 312 1759 2944 3108 
0 
1 836 
2 1133 4926 
1 542 
1 3070 
3 1885 2151 2660 
1 2882 
2 3789 3893 
0 
0 
2 306 1885 
1 657 
1 2748 
1 2940 
4 3287 3625 3711 4575 
3 2159 3333 4289 
3 907 3664 3690 
3 78 910 3017 
7 295 865 884 1484 2376 2595 2894 
3 720 1082 1131 
4 432 1299 3693 4366 
1 1852 
1 1441 
1 3327 
4 178 1303 2765 3226 
2 38 941 
3 1121 3832 4461 
2 946 2308 
0 
2 1836 3260 
3 614 721 4621 
6 286 926 1717 1736 1791 2363 
2 650 4057 
1 2512 
4 3085 3750 4623 4661 
4 39 3006 3212 4015 
2 923 1004 
3 580 3139 4556 
2 1789 3702 
4 1273 2063 3251 3645 
5 1196 1332 1623 1807 3745 
0 
3 2926 4440 4691 
5 903 939 2148 2756 4047 
0 
4 899 1073 1139 1413 
4 232 1985 2494 3809 
3 3614 4306 4377 
2 2388 4653 
3 2006 2030 4892 
3 825 1769 3188 
2 14 150 
3 602 3371 4206 
5 1593 1738 2022 2188 3957 
2 2414 3074 
5 1403 1800 1948 3728 4171 
3 31 1472 1507 
1 4030 
2 859 4542 
1 2141 
1 136 
3 1766 3396 4212 
0 
2 1906 4050 
1 3654 
3 884 3595 3969 
5 1069 2098 2561 2899 3597 
4 454 738 1728 4933 
3 1445 2555 3346 
2 3427 3561 
1 916 
2 1949 4535 
2 483 4828 
2 2687 2885 
1 1148 
0 
2 13 2119 
1 3939 
3 819 2804 3388 
3 1857 3556 4886 
0 
2 4061 4761 
2 3009 3395 
2 106 1380 
2 1879 4469 
1 2711 
4 366 997 3654 4181 
1 1426 
4 362 3171 3290 4470 
2 1843 2851 
0 
3 154 3980 4072 
0 
0 
5 556 1767 1972 4726 4898 
2 2356 3636 
3 2557 4155 4723 
1 3990 
2 2314 4023 
0 
1 4291 
2 3205 4836 
2 912 1528 
3 1629 2714 4780 
4 672 724 1627 3288 
2 2057 4658 
3 1573 1672 2761 
2 198 1063 
4 4266 4390 4584 4845 
1 4161 
6 134 1743 2644 3379 4206 4262 
3 27 824 4692 
3 393 3376 3399 
2 651 2322 
4 13 435 1414 1957 
0 
5 1067 1332 3310 3940 4866 
0 
1 4716 
4 3453 4281 4469 4572 
2 3555 4055 
1 68 
3 2430 4713 4914 
3 26 2034 3577 
2 3857 4688 
4 148 412 2525 3149 
3 1376 2272 2445 
0 
2 3020 4232 
1 2693 
1 173 
1 3476 
4 58 1612 2381 3812 
2 19 4355 
5 1983 2286 3346 3656 4873 
3 807 2841 4198 
0 
2 1851 4909 
2 337 694 
2 1252 3331 
1 4678 
2 2012 2871 
4 204 2097 2595 4551 
0 
3 4253 4377 4548 
2 3578 3806 
3 2690 4318 4621 
0 
1 691 
5 734 1414 2499 2785 3126 
2 2714 3553 
3 2521 3692 4102 
5 200 840 1278 3670 4699 
0 
1 322 
3 1245 1856 2226 
2 698 4869 
2 2666 4171 
3 7 991 1324 
3 779 4888 4960 
3 75 2768 3042 
4 2469 3484 3616 3836 
4 2583 2650 2723 3132 
4 1734 3052 3875 4699 
0 
4 253 1910 2468 2640 
7 971 1137 1799 1955 2510 3273 4378 
4 3137 3590 4314 4880 
6 130 145 874 1330 1998 4707 
3 29 1224 3643 
3 1460 3478 3635 
2 1704 2242 
5 2505 3691 4160 4335 4547 
0 
6 974 2179 2183 2765 3330 3936 
2 270 1618 
1 110 
1 3486 
2 594 4271 
1 880 
1 2313 
6 264 437 674 2402 3235 4983 
3 2717 2807 3261 
4 631 2382 3021 3455 
2 2799 4715 
1 2367 
1 4295 
1 4594 
3 711 764 4443 
1 1841 
3 1096 2159 3136 
1 2625 
2 396 3263 
2 2729 3290 
0 
2 888 1314 
6 518 1089 1329 2935 3598 4911 
3 332 733 2197 
1 3105 
2 2321 3433 
5 850 1872 2024 3489 4688 
2 513 550 
3 1166 1246 3312 
4 195 472 3548 3967 
0 
0 
4 898 1099 1748 2293 
3 1774 1832 1974 
4 527 819 2222 3131 
4 453 2101 3228 3519 
1 2236 
1 3708 
2 4411 4548 
5 208 227 2901 3694 4682 
4 3921 4137 4319 4503 
1 1464 
1 2974 
3 731 2541 4720 
2 2754 2832 
6 129 412 827 2917 3368 4158 
2 2821 3996 
4 219 478 988 2800 
2 2868 3489 
6 306 1028 2003 2288 3766 4012 
2 230 2897 
0 
1 62 
3 1938 2869 4838 
7 763 1213 1256 1946 3767 4018 4089 
3 438 3073 4660 
1 2843 
0 
1 4696 
0 
2 144 4738 
3 1142 1411 2924 
6 1096 1103 1969 2695 4284 4349 
2 2232 3060 
1 299 
2 2771 4498 
4 25 374 2828 3941 
4 965 1941 3946 3950 
3 556 3093 3294 
1 1997 
2 487 2592 
2 2997 3410 
2 355 659 
6 958 1697 1703 3297 3609 4716 
3 2234 3523 4250 
6 1058 1281 1306 2263 3149 4590 
2 2504 3377 
6 125 557 814 1766 4344 4616 
4 774 1222 2257 3703 
1 3104 
3 1490 3094 3556 
3 1332 2513 4061 
2 3099 3703 
4 2067 2608 2774 4641 
3 182 553 989 
1 4673 
2 1533 2085 
4 132 986 3305 3961 
2 632 1932 
1 4949 
2 1954 1987 
3 1398 1680 2628 
3 3773 3961 4832 
3 385 1875 1992 
1 4203 
3 1248 1462 1681 
3 1263 2986 4787 
2 696 1461 
4 3217 4045 4361 4647 
2 2933 2963 
3 92 286 4800 
1 2784 
0 
4 2051 2590 4321 4912 
6 792 2054 2334 3841 4170 4266 
0 
2 1984 4854 
2 3752 4821 
1 3068 
1 859 
2 786 1241 
1 3402 
5 24 287 3380 3996 4035 
2 3986 4260 
2 3973 4059 
3 1221 2531 2729 
3 2151 2773 4430 
1 1073 
3 466 833 4057 
5 964 2067 2689 3188 3557 
0 
1 4697 
2 2891 3503 
1 1314 
1 2409 
6 205 236 1856 3063 4040 4772 
1 3727 
3 359 1161 3490 
3 51 2861 3382 
0 
3 1745 2579 3577 
1 3706 
3 28 165 1171 
2 529 4776 
1 657 
2 1917 3322 
1 4852 
1 3313 
0 
4 57 120 2889 4865 
2 1464 4149 
3 912 1906 2497 
3 384 1968 4579 
1 1710 
1 3789 
4 441 3621 4697 4771 
2 319 1094 
0 
4 1623 2120 2936 4811 
3 1627 2012 4502 
4 663 3374 3706 4834 
0 
1 3237 
3 2584 2631 2674 
3 1248 2316 4896 
4 2166 3553 3940 4652 
1 4743 
2 4071 4120 
2 1229 3047 
0 
2 1208 1268 
2 903 2613 
1 3827 
3 460 1909 2661 
0 
3 1605 2122 3764 
3 1298 2166 2668 
3 384 4021 4973 
3 502 1835 2647 
0 
1 1079 
4 1605 3094 4690 4785 
4 555 1529 3343 4646 
1 2531 
1 3431 
0 
3 1945 2442 3166 
4 1181 3172 3494 4694 
3 1675 2811 3265 
1 4260 
1 2640 
2 711 3092 
5 2674 3192 3251 3933 4427 
6 513 715 2777 2995 3236 3240 
2 82 434 
3 1389 2740 4316 
1 4097 
3 2868 4472 4946 
2 710 2247 
3 214 2317 3795 
2 2004 2609 
3 219 1326 4688 
0 
1 4166 
2 367 1873 
1 3955 
1 1425 
1 3195 
4 1825 2222 2702 2747 
1 4000 
2 85 2840 
1 1249 
3 1521 1774 3301 
4 206 2384 3834 3989 
1 1389 
0 
2 1411 2998 
2 1087 4334 
0 
3 1007 1882 4985 
4 429 3472 4060 4230 
1 1468 
2 257 3374 
5 1662 1923 3715 4115 4124 
3 791 1218 3203 
3 3139 3888 4952 
6 192 1564 2598 3040 3189 4957 
1 1043 
0 
4 245 532 3145 4317 
3 647 2460 3032 
6 301 430 1971 3039 3385 4392 
4 118 2993 3520 3856 
3 2403 3033 4189 
4 1034 1227 1919 3059 
4 684 3580 4584 4966 
3 109 618 2399 
3 1357 2192 4196 
1 4999 
3 3420 3761 4685 
1 3566 
1 3720 
2 1038 3732 
3 383 568 2552 
3 1419 1609 3647 
6 574 1049 1452 2749 4186 4372 
1 3680 
4 723 1408 1957 2620 
4 313 901 3290 4743 
3 289 1116 3866 
3 98 3337 4487 
5 322 766 2328 3304 3798 
3 1565 1734 1917 
1 4546 
1 2933 
2 2261 4114 
2 3825 4772 
3 138 2148 2781 
0 
0 
2 2440 4805 
3 237 2158 4077 
2 4088 4488 
6 2412 3173 3881 3889 4139 4462 
4 792 1038 3089 3623 
3 3352 4740 4751 
1 203 
3 1117 1396 4895 
4 379 2159 2286 3124 
4 15 582 1389 3846 
4 42 1978 4110 4207 
3 335 1074 1116 
4 956 1254 1839 2445 
1 2707 
1 2818 
1 2929 
2 1026 2334 
3 1524 2150 3039 
3 1231 1413 3092 
3 1255 2887 3124 
2 169 3006 
2 3735 4600 
0 
3 3576 3962 4934 
2 4013 4701 
5 1053 1398 2489 2860 4996 
3 940 1939 2338 
1 372 
3 1309 4232 4718 
2 2723 2780 
6 375 527 926 2725 3688 4593 
2 1243 2574 
2 694 4497 
4 2248 2976 4110 4326 
0 
3 689 1984 2067 
2 4184 4644 
2 463 3552 
4 1182 2154 4242 4935 
2 2628 3474 
2 546 4596 
4 755 2011 3549 4971 
3 3374 4100 4395 
3 406 1730 3367 
2 518 4449 
0 
4 192 2563 2677 4432 
3 2778 2787 3987 
0 
3 267 3625 4692 
3 1565 3978 4176 
2 4 1136 
1 283 
4 585 1008 1700 3092 
2 1387 4331 
3 2035 2187 4115 
4 163 2023 3304 3618 
4 1794 3334 4610 4917 
1 3951 
3 307 1547 2028 
0 
1 1447 
1 858 
2 2782 2802 
3 130 231 4296 
4 78 2868 4314 4678 
2 3170 3364 
4 2971 3132 3398 4439 
2 2579 4891 
4 190 302 1495 3573 
3 908 1379 4236 
4 3710 4308 4350 4945 
0 
2 2690 3816 
4 446 1513 1657 2144 
2 1437 4894 
2 2502 4436 
2 454 2801 
2 3480 4277 
5 1113 1967 2685 4064 4895 
0 
4 194 2084 2167 4062 
4 532 897 3179 3274 
0 
2 495 1968 
3 2775 4267 4591 
5 1951 2103 4549 4791 4839 
3 40 246 1973 
2 2841 4381 
2 2090 3011 
1 1558 
4 1026 1133 1726 1961 
2 415 4680 
5 679 757 1625 2301 3757 
0 
4 2873 3555 3978 4755 
2 3046 4636 
3 96 1442 4871 
3 394 606 4609 
3 486 3195 3831 
1 1741 
1 2606 
0 
6 752 914 1118 1363 1368 2250 
3 695 3044 3592 
3 2113 2419 4119 
2 566 3607 
2 4272 4714 
1 224 
2 2747 3302 
2 1975 4441 
0 
2 132 3871 
0 
4 386 2294 3940 4482 
3 1249 2232 4287 
2 2861 4423 
2 786 1916 
0 
4 3745 4075 4498 4666 
3 681 2212 3480 
4 47 819 2679 3906 
2 3045 3695 
0 
2 1421 1673 
1 303 
1 366 
2 1695 4464 
4 32 848 1331 1523 
3 1135 3790 4448 
2 4345 4652 
2 2103 4382 
5 928 2912 4563 4771 4893 
1 3127 
2 1241 1899 
6 1667 1774 3847 4124 4489 4586 
0 
6 144 1756 2647 2725 4122 4395 
2 567 2956 
3 3156 3279 4309 
1 3755 
4 1745 3381 3652 3924 
2 2435 2921 
1 940 
3 30 120 4532 
2 3849 3881 
3 2922 2978 3840 
1 990 
1 2392 
3 1257 2338 3224 
1 1620 
3 2214 3143 4157 
3 2892 3335 3675 
5 362 2706 3099 4114 4244 
1 4556 
1 4801 
3 1585 2685 3108 
3 882 1808 3827 
2 451 4520 
3 408 1599 4674 
1 572 
3 245 2567 2861 
1 4311 
2 1708 4834 
6 1285 1586 2888 3753 4053 4163 
2 949 3105 
2 83 1413 
6 414 1286 1429 2159 2675 4671 
4 1081 2620 4520 4536 
4 656 1868 3815 3829 
2 2203 3161 
3 50 174 4260 
2 1622 4196 
2 1524 3313 
4 58 573 3029 4335 
4 1472 1769 2562 4356 
3 2508 2938 4587 
2 3120 3345 
5 3276 3583 3716 4000 4658 
2 1873 4417 
4 773 2383 3298 3413 
2 319 4984 
2 1329 3392 
3 2949 3167 3175 
4 1291 1333 2140 2219 
3 1343 1861 2408 
4 1674 1866 2367 2950 
3 176 1594 4992 
0 
6 40 951 1125 1753 2225 2736 
4 1218 1452 3148 4720 
5 1869 3250 3897 3910 3974 
2 870 1565 
7 208 225 394 997 1892 4286 4999 
1 421 
2 2067 3763 
3 952 1056 1792 
2 1200 4803 
0 
0 
4 713 2368 4618 4886 
2 1342 1492 
2 1638 1817 
4 1058 1404 2175 3441 
3 813 1263 2329 
2 1622 4054 
0 
2 3515 4092 
5 165 217 1056 2099 3499 
4 247 3028 3450 4211 
3 1625 3193 3646 
1 1265 
1 979 
1 3241 
2 1270 4717 
3 146 1601 3363 
5 487 964 1526 2293 4181 
2 3170 4277 
2 1297 4141 
0 
4 739 2048 2197 2457 
7 981 1079 1581 2005 2402 2571 4677 
9 1142 1188 1722 2044 2132 2756 3785 4046 4572 
7 72 2003 2183 2663 3152 3631 4819 
3 762 1407 4620 
4 286 2201 2666 4331 
0 
1 4645 
3 97 144 2175 
2 1823 4227 
4 1499 1681 2404 4165 
1 2517 
2 951 4943 
2 785 2081 
4 780 1190 4037 4454 
1 4291 
1 885 
3 1191 2794 3058 
1 3747 
1 531 
2 1222 1411 
2 1838 3006 
1 1558 
2 2557 2971 
1 3885 
0 
4 350 522 1841 4387 
3 3868 3871 3898 
3 528 1407 4182 
3 515 3620 3935 
1 4087 
1 3386 
2 1481 4100 
2 1837 4795 
1 802 
1 691 
0 
1 3310 
3 2778 3382 4791 
0 
3 3998 4168 4367 
2 998 2438 
3 2004 2234 3645 
1 4155 
1 2571 
2 949 2512 
4 2002 2102 2346 4367 
1 3754 
3 3621 4781 4987 
4 1635 2845 3182 3311 
3 1201 2429 4080 
3 141 3884 3912 
1 1636 
0 
1 801 
3 1142 1463 4708 
2 177 1192 
3 2151 3162 3961 
1 3616 
2 2464 4908 
0 
2 1397 4107 
0 
2 2448 4440 
3 1320 4695 4728 
4 1615 1651 1817 1977 
2 1054 4952 
2 43 2153 
3 301 708 1351 
3 1329 3648 4647 
2 1261 4965 
3 1195 3752 4462 
2 883 3878 
0 
3 2328 3684 3707 
3 113 985 4375 
1 2431 
4 484 688 4379 4779 
3 2522 2761 4993 
2 2015 3761 
1 4534 
4 126 2698 2772 3169 
5 1863 2110 2599 3907 4945 
2 179 1618 
3 3424 4170 4571 
5 457 1173 2388 3370 3794 
3 620 2321 2863 
2 2855 3298 
2 819 1871 
1 3754 
1 1074 
3 532 1124 4560 
2 420 4373 
0 
2 2611 4686 
5 1500 2225 2839 3411 4728 
5 1115 1424 2177 3697 4616 
1 1990 
3 225 1243 4432 
2 1567 3828 
3 1074 2048 3085 
3 1868 1913 2274 
3 251 3165 3684 
1 1165 
0 
1 1055 
4 610 2349 2935 4461 
3 2403 3365 4359 
5 572 2084 2331 2467 4186 
2 2265 4142 
3 2398 3196 3641 
1 1887 
0 
3 480 3380 4207 
0 
1 3591 
1 944 
2 1229 1434 
3 1680 2174 2321 
3 962 1206 2703 
2 1058 1697 
4 110 2392 4298 4630 
2 2525 2974 
3 829 2690 4176 
3 735 3074 4179 
0 
3 115 2842 3384 
0 
1 1134 
1 1313 
3 2004 2239 3929 
3 3318 3655 4055 
1 3390 
2 2469 3055 
1 4194 
1 3166 
5 2572 2648 3082 3667 4344 
4 1319 3317 3655 4328 
1 1966 
4 616 1417 2994 4997 
3 3439 4738 4845 
1 4487 
2 565 1856 
4 664 1293 3034 4082 
4 2204 3792 4032 4458 
0 
6 636 1401 1779 3397 4351 4412 
3 412 3679 4503 
4 81 1799 3850 4690 
4 1363 1648 2059 3557 
1 3510 
3 1178 2069 3332 
3 1820 3106 3298 
2 3318 4542 
2 2316 4581 
3 3797 4398 4422 
1 1783 
7 282 600 1373 1548 1790 1949 4736 
1 4675 
6 660 842 3132 3160 3295 3433 
2 3202 3343 
2 1145 3275 
1 1109 
0 
4 974 1687 1698 3836 
5 1863 3028 3885 4592 4867 
1 1098 
0 
3 81 492 4123 
0 
2 2693 3774 
2 892 4097 
2 2120 3560 
5 562 1176 1985 2010 2373 
0 
3 2098 3227 3309 
0 
2 1532 4584 
2 2267 4577 
3 4161 4256 4949 
3 3462 3521 4940 
6 800 1298 1532 2005 2777 3165 
2 2500 3260 
3 1049 2331 3736 
1 3446 
4 656 1837 2370 4658 
6 1411 2602 3256 3391 4152 4394 
2 51 3357 
3 2220 3311 4175 
2 1291 4905 
3 1759 3528 4730 
3 2388 2564 4994 
1 1218 
4 186 541 787 1251 
1 2345 
5 337 1059 1555 2002 4812 
3 3802 3989 4593 
1 453 
2 410 4517 
2 642 2007 
0 
1 1952 
3 2146 3216 4958 
0 
1 4212 
1 4279 
1 2318 
2 3212 3309 
2 4475 4777 
1 3192 
3 1902 3081 3173 
1 1173 
3 1933 3205 4329 
4 2813 2996 3800 4214 
3 1145 2866 3443 
1 3789 
0 
5 67 1966 2812 2834 2850 
2 2190 4997 
2 1232 3098 
2 1566 1730 
1 4205 
1 2268 
3 1971 2097 3518 
4 1323 1513 3146 3631 
3 2375 3235 3247 
1 2653 
5 726 2412 3920 4664 4815 
1 3638 
4 3008 3113 4035 4830 
2 1595 1897 
4 416 783 1241 3185 
3 1606 2044 4594 
2 825 2241 
1 1568 
2 3010 3262 
1 4049 
4 316 2132 2554 3000 
4 172 1171 2604 4510 
5 970 2235 2789 3834 4912 
4 802 1529 2845 4352 
3 3124 3730 4242 
9 854 1356 2623 2839 3191 3324 3350 4024 4232 
0 
1 4672 
5 70 253 1174 1720 4985 
2 1815 3922 
3 1106 2711 2712 
6 1131 1885 2576 2854 2957 4328 
2 3511 4672 
2 860 3775 
1 2825 
2 4416 4575 
1 4541 
1 281 
5 429 1286 1316 1610 3823 
1 811 
2 4235 4831 
0 
2 1777 2704 
5 1167 3058 3448 3812 4559 
2 814 1607 
0 
1 2111 
1 3514 
2 1078 2180 
3 2224 3110 4122 
3 793 897 1122 
1 4512 
2 625 3480 
2 1484 4221 
1 4564 
2 665 2103 
1 2911 
2 2435 3441 
3 202 3376 4866 
0 
1 2975 
2 7 1238 
2 1334 4415 
5 500 912 3244 4230 4831 
3 1131 2966 4155 
3 402 512 3369 
1 3673 
4 80 125 1492 1790 
0 
1 1581 
2 104 3592 
4 207 972 3106 3688 
3 616 2668 3559 
1 4346 
3 296 1564 1998 
5 1896 2783 3137 4194 4392 
3 991 3350 3970 
2 1079 4587 
2 3649 4155 
2 1017 4425 
1 3508 
4 2489 3375 4309 4385 
1 1875 
2 877 4174 
1 3910 
2 3234 4535 
1 3792 
1 4219 
1 621 
5 585 1385 2968 3890 4743 
1 3099 
3 1109 4513 4815 
0 
2 2699 3681 
4 204 1538 3050 4099 
4 994 1456 3437 4606 
2 2805 3328 
6 816 989 1686 2156 3474 4346 
2 1721 2835 
3 351 630 2208 
3 21 3093 3396 
2 2840 4725 
4 1557 2088 2120 3527 
2 1471 4193 
3 285 3783 3901 
0 
0 
2 998 4927 
3 2524 2578 2640 
3 1773 2076 2518 
3 1986 3008 3044 
2 823 1110 
5 2110 2185 3105 4168 4206 
2 397 4893 
1 200 
3 424 1636 1798 
4 113 342 3816 4184 
0 
1 4885 
6 1225 1808 1931 2785 3795 4592 
2 2683 2798 
1 2914 
1 3347 
0 
0 
2 3608 4086 
4 440 2196 3389 4129 
6 1088 1299 2048 2695 4264 4430 
2 1038 4237 
0 
3 2108 4353 4981 
1 3140 
2 2368 4278 
2 4467 4727 
1 359 
4 558 841 3895 3982 
0 
4 465 1453 4174 4279 
4 314 995 2665 3219 
1 1189 
4 1214 3298 4199 4654 
1 4604 
1 4353 
3 1259 2568 4641 
4 185 1389 4138 4378 
2 2745 4019 
1 4235 
1 3813 
3 1543 1968 2852 
4 1982 2351 4000 4520 
4 589 980 3152 3701 
3 2187 3137 3654 
2 237 3201 
2 1302 3501 
2 2175 4146 
4 2758 3235 3841 4285 
2 1151 2227 
5 115 1376 3202 4246 4590 
1 4113 
0 
1 3373 
5 851 1228 2409 3926 4391 
4 72 1490 3375 3823 
2 635 1541 
3 1962 3047 3679 
2 1735 2453 
2 2729 4094 
0 
4 3168 4035 4488 4845 
6 964 1406 2087 2193 4050 4227 
1 1124 
1 2780 
6 1266 2923 3236 4350 4616 4834 
4 1332 1930 2123 4384 
2 3031 3063 
3 2901 3423 3529 
1 379 
4 227 318 2667 4656 
1 4461 
3 2112 2841 4018 
3 87 1758 2892 
1 702 
2 367 2699 
7 552 1078 1539 2003 2504 3292 4158 
3 1183 1755 2109 
3 1034 2012 4811 
0 
2 1019 4776 
3 284 982 4155 
2 1967 4400 
3 1656 2380 3108 
1 4674 
0 
5 1785 2229 2479 2721 3656 
1 4996 
2 1412 2557 
1 388 
0 
3 1019 2490 2502 
2 3128 4242 
2 1887 4844 
2 327 3138 
4 1194 2471 2624 4364 
2 2605 4664 
2 2776 4907 
5 3036 3507 3544 4184 4596 
0 
2 3142 3796 
1 777 
2 104 3205 
4 2052 3118 4124 4386 
2 1480 3839 
4 2078 2732 4509 4527 
2 1272 3122 
1 4259 
2 1042 4087 
3 1924 2276 3918 
1 3674 
2 538 3383 
2 142 2043 
0 
7 220 1782 3325 3435 3518 4334 4373 
1 3921 
2 1708 4510 
2 672 2821 
4 296 1037 3105 3553 
5 1484 1794 2733 3586 4240 
5 452 893 3020 3060 4817 
1 4701 
1 2065 
1 2637 
1 3569 
2 2965 4203 
1 4213 
4 992 2384 2518 4530 
1 154 
2 3180 4958 
0 
3 2002 3824 3957 
2 836 3010 
0 
7 890 913 986 1752 2527 2885 4660 
0 
2 1061 3050 
5 199 207 961 2963 3717 
4 2061 2533 4484 4925 
2 149 4923 
1 797 
4 159 528 2110 3294 
8 541 1078 1523 2980 3570 3659 3945 4110 
2 1519 2135 
2 4577 4695 
2 542 2421 
4 87 111 1291 3593 
1 3873 
1 3103 
2 1223 3453 
2 179 4215 
1 144 
2 3200 3322 
2 98 2412 
1 3670 
2 3751 4091 
1 4617 
1 4226 
1 204 
3 23 3377 4756 
2 4278 4838 
2 3770 4374 
2 3301 4832 
6 242 1807 2300 2953 3691 3954 
4 39 1208 2417 2691 
2 2650 4065 
1 4063 
0 
1 1404 
2 499 4604 
2 3265 3642 
5 683 1673 4074 4621 4910 
1 205 
2 1022 1507 
1 2184 
5 1268 2892 3140 4070 4153 
3 1858 2417 3886 
2 2641 4427 
3 337 1608 2402 
2 1530 3155 
3 2924 3459 3554 
2 3288 4442 
2 1958 4366 
4 746 2595 3522 4607 
3 210 1524 2674 
0 
5 161 1391 2047 3832 4069 
4 265 842 1613 3497 
1 3463 
2 3679 4465 
2 4302 4815 
3 2013 3274 3451 
6 234 473 1057 2328 2453 4434 
3 4490 4526 4635 
2 966 3169 
3 535 1509 3491 
1 2080 
2 4106 4835 
2 2327 4987 
4 720 1483 2124 3856 
2 319 3107 
3 1315 2460 3493 
2 2648 4945 
2 3437 3451 
2 2869 4213 
4 83 676 1647 1705 
3 2536 4812 4868 
5 2464 2591 3791 3904 4605 
1 2790 
3 971 2641 3404 
2 400 2532 
1 3142 
1 1111 
3 53 1016 1260 
1 2768 
3 1575 3428 4875 
3 784 3221 4070 
0 
3 2577 2857 3784 
0 
3 3319 3909 4903 
0 
1 1249 
0 
1 4852 
1 3420 
2 1765 3242 
3 785 928 4534 
2 1043 2239 
2 1426 4131 
2 3232 3518 
5 528 1072 1454 2025 2414 
4 912 1057 3019 3965 
2 1130 4781 
1 1064 
4 1424 2663 2721 4683 
2 1957 4437 
3 643 1170 1828 
1 2193 
6 97 763 777 3787 4010 4751 
0 
1 1943 
1 2362 
1 4530 
3 470 1133 4188 
2 2003 2046 
1 2138 
0 
3 1813 3558 4712 
3 1105 3341 4684 
3 607 638 2250 
4 1081 2544 3416 3440 
1 2327 
4 527 1314 1662 1850 
3 215 1053 1309 
1 3625 
1 649 
2 1520 3707 
6 102 1685 2763 3147 3919 4315 
2 75 4263 
0 
1 4965 
0 
2 4037 4435 
3 762 1215 1635 
2 730 2533 
1 1602 
1 507 
2 4796 4827 
3 1376 1500 2509 
0 
2 2865 4888 
4 1199 1748 2810 4294 
2 2084 3643 
3 3624 3809 4939 
3 339 3822 3916 
1 2188 
2 3149 3504 
3 755 2240 2880 
4 2422 2652 4228 4849 
2 1883 3753 
2 492 545 
2 713 1615 
2 1722 3599 
3 3783 4439 4959 
4 131 384 1135 2096 
1 2743 
6 1022 1044 1693 2962 3184 3251 
1 623 
0 
3 2724 3990 4857 
3 721 932 3547 
2 3336 4050 
3 560 3370 4810 
4 1769 1950 3271 4147 
1 4841 
3 906 3347 3558 
2 578 2244 
3 2421 3402 4064 
5 206 1549 3495 3541 4227 
0 
3 874 3459 3831 
4 1623 1821 2851 2898 
2 2980 3734 
1 1023 
3 1685 4550 4846 
0 
0 
2 1190 3986 
4 2735 3415 3908 4570 
4 417 2771 4013 4110 
2 2449 4644 
3 297 1209 3744 
1 3012 
4 1523 1712 2327 3089 
2 2503 2535 
3 982 2921 4722 
2 590 2683 
2 1468 2767 
3 3004 3057 4019 
0 
3 1700 1919 3051 
5 493 2138 2528 4010 4364 
0 
3 1520 2491 4109 
4 486 2864 4277 4460 
5 794 2605 3526 3750 4401 
2 2228 4056 
1 3506 
0 
1 2915 
2 273 3168 
1 23 
2 1037 4337 
2 1363 4535 
3 515 1695 3068 
4 475 1211 3438 4484 
7 2005 2561 3495 3865 3874 4063 4319 
0 
4 490 2357 4506 4930 
6 854 1515 2007 3915 4576 4619 
1 2396 
3 1698 2291 4846 
0 
1 125 
1 261 
1 2692 
3 36 2760 2993 
5 504 1685 1714 2510 3668 
2 1949 3164 
1 3482 
2 1311 1828 
0 
2 154 1903 
0 
1 3916 
1 1325 
4 1340 2339 2643 3650 
2 3750 4349 
3 1861 1938 4638 
1 369 
2 1431 4092 
2 449 4764 
1 1651 
6 1504 1855 2125 3498 4252 4359 
4 161 383 788 2490 
3 590 2672 4718 
4 29 1487 2172 3460 
3 3042 4494 4893 
4 1594 2346 3198 3888 
3 298 537 3550 
3 35 2784 4040 
3 2083 3010 4440 
5 63 1067 1306 2312 2401 
0 
2 4586 4869 
2 1022 1730 
3 2121 2904 4521 
3 2261 3284 4718 
0 
3 1935 4022 4884 
3 1027 1355 1795 
3 311 3197 4017 
5 2915 3716 3798 3818 4597 
2 3227 4336 
3 1443 2249 4371 
3 285 1191 2249 
1 4763 
2 1461 1508 
4 181 2742 3378 4646 
1 3563 
1 1540 
4 58 2817 4428 4921 
2 1073 4085 
0 
2 2412 2561 
1 122 
3 1520 1811 4222 
2 2616 4690 
5 823 1208 1812 1919 2944 
1 801 
2 307 3545 
2 3571 4141 
5 625 1551 1647 2385 3040 
2 2750 3412 
2 60 2910 
2 2431 4123 
3 785 2445 4309 
1 3391 
3 1306 2635 3312 
2 1971 4064 
5 530 932 1062 3045 3047 
1 4079 
1 3267 
4 232 1004 1717 3075 
2 3515 4352 
2 2715 3048 
3 448 2612 3558 
3 315 2980 3673 
1 2364 
1 4755 
4 57 503 1730 1891 
3 939 1370 3554 
3 577 1767 3243 
4 607 728 1066 2730 
0 
1 3866 
2 2850 3334 
2 1576 3691 
2 22 4060 
4 403 1401 2004 4255 
1 4102 
4 2374 3113 4839 4943 
3 401 655 3410 
1 2673 
3 684 1464 2080 
2 1137 2821 
1 2584 
0 
4 867 1382 1532 3261 
2 3317 4542 
3 2644 3101 3901 
4 709 829 1518 2540 
2 1072 1243 
1 683 
3 1597 2636 3353 
1 2083 
2 1648 4714 
1 1615 
3 1867 2882 3097 
1 2423 
3 1715 2183 3197 
6 826 1829 2040 2879 2980 4709 
2 1018 3663 
5 1232 1811 2390 3256 4600 
5 63 1157 1779 3345 4909 
3 1845 4107 4415 
2 2294 3232 
2 1633 2697 
3 1507 2338 3147 
2 3028 3337 
3 67 1829 3024 
1 3784 
3 53 947 2241 
3 813 1124 2534 
2 148 577 
5 320 680 1280 4018 4657 
1 98 
5 259 2019 2929 3666 3923 
2 3711 4126 
1 3020 
1 2861 
7 1050 2339 4149 4323 4528 4552 4908 
3 845 1542 3058 
3 661 840 1579 
3 1859 3659 3943 
4 242 354 917 1845 
0 
2 279 1436 
2 2315 3058 
2 173 310 
2 1540 2946 
1 1145 
3 119 930 3651 
2 1226 2598 
2 1710 4895 
5 3 500 2219 3721 4672 
2 750 2215 
1 1135 
2 1144 3462 
3 3248 3359 4810 
2 2718 4197 
2 438 1796 
2 454 1181 
1 4043 
5 1578 2443 2762 3380 4071 
1 3748 
0 
2 3612 4854 
1 2253 
0 
2 3805 4868 
4 534 1598 3504 4758 
1 650 
1 3462 
5 1161 3356 3993 4446 4600 
1 1576 
3 971 3538 4521 
1 2219 
1 2317 
2 3552 4629 
2 3380 4391 
0 
2 2097 2244 
6 814 1732 2320 3089 4221 4678 
4 255 1493 1870 2398 
2 789 2128 
5 7 698 1588 3019 4086 
1 4451 
4 2051 2242 2985 4951 
3 1099 4496 4690 
3 770 3274 4692 
2 3317 4614 
1 4194 
4 424 2219 2753 4956 
3 1447 2628 3197 
4 78 538 2367 4199 
2 3196 4706 
2 2250 4724 
3 2089 3222 4315 
2 3296 4220 
1 2544 
2 873 3781 
4 445 587 3589 4703 
3 1807 4077 4948 
7 1660 1898 1943 2797 3314 3978 4580 
1 1215 
2 2088 4653 
1 2651 
2 1154 2597 
2 2216 3526 
0 
4 1580 1719 1847 4990 
4 1585 2530 4624 4681 
1 4775 
2 1499 4778 
0 
4 973 1877 2947 3540 
6 724 880 1300 2940 3777 4898 
0 
3 3673 3983 4023 
2 115 686 
1 3509 
2 2778 3530 
1 2604 
4 73 190 4793 4856 
4 1364 2775 3432 4298 
3 231 409 4495 
2 3055 3580 
3 46 1431 2460 
0 
2 1151 1801 
1 1946 
3 916 1671 3470 
2 1182 1184 
3 1654 3752 4561 
4 1934 2399 2501 4990 
2 9 4629 
4 1376 3042 3458 4798 
1 4083 
1 3645 
4 594 1582 2906 3785 
2 308 2628 
3 563 1424 3214 
0 
4 1190 1571 2394 4453 
1 3798 
2 91 577 
3 2703 4431 4579 
1 4532 
4 861 2897 3408 3552 
3 26 3346 3775 
2 603 4599 
1 4000 
5 672 2731 4146 4539 4962 
2 2275 4930 
2 1171 1914 
0 
5 233 463 2340 3480 4142 
3 2656 2709 3882 
0 
2 160 1577 
1 31 
1 365 
2 61 591 
3 1924 2642 3474 
1 1928 
1 2391 
2 1593 2506 
1 3278 
2 1400 2943 
2 3263 4970 
0 
4 1797 2794 4000 4603 
3 1229 3455 3689 
5 329 346 593 640 1009 
3 999 2959 3379 
5 1024 1631 1776 3849 4308 
1 3158 
6 1276 1554 2108 3189 4347 4718 
3 736 1680 3157 
0 
4 71 956 1958 3342 
2 3494 4345 
3 1371 2874 3414 
0 
2 1277 3705 
6 1097 2926 3067 3085 4241 4829 
4 1354 1357 2725 4362 
1 4376 
4 639 2807 3317 4268 
2 928 2873 
2 331 4020 
3 1965 3441 3716 
4 474 1283 1968 4482 
0 
1 1178 
2 2489 4768 
0 
3 1111 3768 4078 
5 853 1920 4130 4826 4979 
3 2250 3346 4327 
4 186 4333 4903 4955 
2 2932 4314 
0 
2 862 3220 
1 2613 
2 1631 2463 
2 3706 3756 
3 2451 4201 4522 
2 2283 3184 
2 3148 4492 
3 1190 2308 4395 
1 4289 
1 3762 
3 1849 2025 3287 
5 159 329 614 1066 4836 
1 3993 
3 1227 1574 2124 
3 854 2279 3026 
2 114 1815 
1 3579 
4 147 1264 1928 3679 
1 1096 
5 2468 2629 2744 2778 4059 
1 4143 
1 4247 
2 3918 4202 
2 273 4922 
1 2845 
4 965 1628 3465 3970 
1 4921 
2 508 585 
2 189 4154 
2 867 3511 
2 3309 3828 
0 
4 76 690 1754 2673 
3 909 2141 4027 
3 1243 1715 3009 
3 2215 3011 4716 
2 1603 3120 
1 1738 
0 
2 2239 4745 
2 913 3146 
1 948 
1 16 
3 23 2645 3529 
2 611 659 
5 1393 1802 2023 4533 4627 
1 4894 
5 285 2231 2329 3202 4395 
4 840 1440 2995 3753 
5 2237 2458 2698 3115 4377 
6 277 1871 2996 4086 4866 4867 
7 103 774 1107 2639 4187 4599 4780 
0 
0 
2 739 3535 
1 364 
2 1375 4833 
2 737 4082 
5 323 534 2558 2843 4029 
5 1486 2446 2796 3265 3828 
3 1156 1541 4890 
1 4148 
1 1063 
1 2787 
0 
2 1163 2975 
3 1129 3404 4673 
3 1991 2167 2786 
1 1956 
3 310 3065 4604 
2 2393 4762 
5 151 771 1752 3889 3938 
3 1755 3131 4828 
4 620 2145 3918 4488 
4 189 3244 3637 4531 
6 1051 1073 2424 3172 3477 4051 
3 366 3529 4057 
0 
3 1753 1799 4917 
3 808 1748 2729 
2 3579 3985 
6 294 1518 2694 2894 3446 4857 
2 637 3405 
5 1069 1886 2329 3693 3805 
3 175 1904 2737 
3 1878 3257 3957 
4 1690 2383 2737 3628 
2 2742 3975 
2 857 4664 
3 2313 2462 4539 
2 2647 3072 
1 1521 
3 300 3251 3851 
2 1159 3695 
3 2135 2884 4116 
2 229 4973 
2 2645 3574 
10 932 2019 2262 2799 2805 3204 3757 4189 4242 4886 
4 58 564 1756 3157 
3 883 1595 2446 
1 4722 
0 
2 1657 2393 
1 3811 
3 3030 3389 3564 
1 448 
4 589 2943 3312 4694 
8 153 338 921 1640 2661 3396 4638 4937 
0 
3 1362 3308 4049 
3 240 679 3907 
2 3051 3780 
3 1352 1587 3185 
5 1412 2126 3582 4392 4697 
4 374 2740 3700 4070 
1 4795 
2 4397 4857 
2 128 4957 
1 519 
1 3085 
3 543 1308 2212 
2 2138 3859 
1 4216 
1 4112 
7 1217 1392 2102 2943 3080 3714 4308 
0 
0 
4 172 217 314 3740 
5 1786 2640 2840 3428 3977 
1 4537 
4 862 3472 4361 4542 
5 250 1713 1800 1835 4330 
2 1600 2319 
4 919 923 1612 1703 
1 4368 
0 
1 2775 
2 2221 4188 
3 1614 1935 2309 
3 80 795 4514 
1 2767 
1 3920 
2 2474 3414 
4 932 1100 1611 3253 
4 1556 1947 2331 2444 
4 211 2154 2290 3519 
1 2526 
4 1047 1357 1938 2409 
1 4856 
3 432 2268 3685 
0 
1 983 
6 945 1121 2231 2758 3196 4497 
1 4608 
3 671 1112 3010 
4 210 527 550 1190 
1 1207 
1 2429 
1 1192 
3 1959 2997 4323 
0 
3 2432 3941 4345 
1 641 
6 346 1790 1801 2243 3431 4912 
1 1140 
2 210 1507 
2 1915 4223 
4 2418 3533 4421 4652 
3 164 1268 3993 
3 285 329 1047 
3 740 1566 3033 
4 342 1520 1849 2161 
1 226 
0 
0 
3 242 1548 3183 
4 867 1525 2294 2370 
5 433 2420 3190 3610 3629 
8 371 904 1123 1186 1395 1747 3158 3176 
2 2350 2501 
2 4823 4890 
4 2426 2537 4654 4687 
2 1933 3307 
0 
5 943 1244 1751 3867 4534 
3 134 2226 3001 
4 295 2584 2785 4331 
3 614 1972 2967 
3 1483 1607 2603 
2 3526 4695 
1 1238 
5 2005 2369 3431 4158 4801 
2 3869 4836 
4 82 318 3498 4084 
4 2505 3358 4227 4747 
4 266 1247 1921 3419 
4 622 2936 3059 4238 
2 2934 3139 
0 
3 1262 2161 3931 
5 1952 3711 4598 4799 4802 
3 902 2059 4085 
5 41 707 1065 3680 4240 
3 428 2675 3383 
4 2104 2183 3932 4044 
5 102 364 899 1708 2137 
2 1239 1965 
5 194 2387 2657 3744 4022 
4 2083 2520 3482 3555 
3 1848 1999 3452 
2 1282 1446 
5 796 1101 1709 3036 4191 
4 1208 1279 1785 2212 
2 4559 4593 
1 1965 
2 1196 3139 
4 435 490 601 3819 
1 3952 
3 1039 1864 3625 
4 845 2455 3502 4143 
1 4852 
3 614 2051 4973 
4 1336 3136 3678 4273 
2 2613 2966 
3 2233 3073 3282 
0 
3 1246 3747 4449 
2 1408 1651 
2 1748 2935 
2 3138 4387 
3 2244 3940 4866 
4 1714 2211 4328 4512 
3 1175 1992 3711 
1 4153 
6 217 432 1729 1881 4361 4907 
5 2112 2853 3113 4312 4892 
4 2708 2777 2851 4441 
2 2695 4377 
1 4459 
2 883 2478 
5 913 1026 2371 3769 3813 
6 288 1230 2162 2376 3008 4947 
2 1046 1746 
3 81 3058 3813 
4 959 1459 2214 2428 
1 4566 
1 4072 
1 3754 
3 219 3344 3358 
2 1297 3280 
2 853 3336 
4 1393 2209 3622 4155 
1 4541 
2 2899 4916 
1 4927 
1 2204 
2 136 1630 
1 4071 
6 494 620 991 2357 3929 4286 
2 503 2961 
3 250 2542 4519 
2 2855 4821 
1 4100 
3 1931 3381 4163 
0 
2 350 1382 
5 522 2177 2710 4135 4655 
2 1567 4781 
1 1204 
2 3603 4600 
1 964 
4 55 2556 2783 4143 
1 4940 
2 2304 3723 
3 1539 2227 2374 
3 118 1715 2391 
5 267 696 840 1232 1684 
1 3281 
2 3723 4815 
4 691 922 1715 4631 
4 84 1995 3646 4810 
6 818 841 2552 3393 3398 4435 
2 2749 4697 
3 601 2282 3035 
3 264 1221 3609 
3 992 1189 3552 
3 2227 4158 4506 
3 257 269 2816 
1 3856 
1 1973 
5 1397 1714 2613 3053 3552 
1 359 
3 657 3104 3494 
3 306 3993 4779 
1 1082 
3 275 2188 2780 
4 481 3046 3726 4920 
1 728 
1 604 
2 1387 2184 
4 628 787 1540 2765 
2 2237 3373 
4 496 933 1550 2927 
2 106 3669 
4 255 1710 2496 3020 
2 3394 4313 
3 271 2739 3574 
1 4211 
2 167 3370 
3 453 3400 4890 
2 2620 3562 
1 4197 
1 1524 
4 1864 2517 2847 3723 
2 2163 4790 
1 1960 
1 4768 
1 2925 
4 15 1921 4449 4799 
1 3210 
2 3238 3775 
1 3185 
0 
1 2704 
0 
3 345 775 4794 
3 1372 2971 3904 
4 667 1462 2507 4340 
2 292 4017 
4 1030 1446 1551 1770 
1 777 
4 588 2402 4950 4952 
2 134 4143 
3 1600 2467 4674 
2 540 2161 
3 860 2856 3518 
1 1605 
5 1962 2089 2154 2359 4681 
0 
0 
3 445 1734 2488 
2 1891 4236 
3 3386 3630 4102 
3 1201 1773 1838 
2 166 1619 
3 503 584 4536 
2 3143 4948 
3 3070 3500 4117 
4 2177 2209 2991 4910 
4 453 1474 2039 3576 
4 2051 2190 4768 4801 
3 1560 2735 3067 
3 322 1669 1955 
2 2861 3981 
1 4537 
3 954 4775 4972 
7 2139 2766 2848 2946 3529 3703 4651 
4 2133 2155 3836 4040 
4 310 2546 3900 3948 
2 3369 3434 
0 
3 1667 2478 3704 
5 906 3759 4247 4937 4982 
2 2244 4342 
4 1125 1153 2440 4606 
2 616 4750 
6 27 566 940 1381 3493 4288 
3 1219 2315 3864 
1 850 
2 1532 3850 
1 1497 
3 908 970 2153 
3 1373 4639 4766 
3 1839 2753 4372 
4 594 1934 3460 4953 
3 512 2618 3211 
3 1772 2786 3458 
0 
1 1332 
0 
3 2575 3579 4399 
2 2938 4452 
5 704 1704 2162 3824 4901 
5 629 3209 3973 4020 4866 
2 1959 2781 
4 1426 1492 2907 2957 
4 825 1181 2341 2622 
2 3947 4852 
0 
3 2244 2295 3775 
2 531 3532 
2 1787 3607 
2 2771 4253 
1 676 
1 4297 
1 2831 
3 246 2189 4630 
4 3155 3209 4683 4710 
1 2816 
1 653 
2 4235 4827 
4 366 3484 4412 4498 
3 1997 4524 4825 
1 1848 
2 2109 4128 
1 4054 
1 1825 
1 1577 
6 158 189 2284 3320 4281 4719 
4 2087 2619 3269 4183 
2 1410 3638 
4 649 650 1189 4454 
2 2379 3262 
5 716 1308 1682 1744 1824 
6 503 740 1326 2300 2381 4456 
3 1470 2277 3558 
2 1608 2485 
3 1150 2715 4464 
2 1468 2932 
5 1644 2115 2821 2837 4546 
2 1923 3224 
4 554 1660 2040 3847 
5 2437 3164 3745 3902 4194 
2 2128 4763 
1 1753 
3 171 2033 3303 
0 
2 1436 3527 
3 2345 3065 4009 
2 2134 4615 
3 2188 2734 3871 
3 194 400 1964 
2 3242 3758 
1 3266 
6 824 947 1268 1440 4244 4708 
3 1419 2319 3068 
4 17 170 208 2148 
2 1849 3242 
1 1470 
1 3270 
2 1200 4902 
3 370 1643 2624 
0 
3 1032 2535 3027 
2 3043 3574 
3 319 4159 4455 
2 1026 3880 
3 810 868 2906 
1 4912 
3 376 1603 2759 
1 2097 
2 2730 3471 
3 575 1962 4574 
4 1197 2940 3103 4043 
3 2635 4077 4751 
1 2577 
0 
0 
1 3156 
4 699 1761 2551 3952 
0 
4 3497 3804 4736 4882 
3 61 995 2394 
2 1098 2086 
2 3765 3790 
2 441 4186 
2 1427 4508 
3 2541 3089 3530 
2 223 668 
3 93 1335 3576 
5 462 1706 3124 3152 4094 
5 23 2882 3610 3779 4693 
3 10 1557 2161 
1 3320 
2 80 2440 
1 996 
3 329 2314 2529 
1 2662 
2 132 2142 
1 2577 
3 1985 2276 2949 
1 3762 
2 2216 3496 
2 666 4171 
0 
5 614 680 856 2186 3042 
1 1161 
2 2262 3707 
3 91 3502 3863 
3 373 1991 3540 
4 2517 2529 4223 4591 
1 3170 
5 247 709 1477 2475 4262 
1 489 
6 1541 2930 3664 4592 4632 4818 
2 180 3726 
1 1158 
2 2894 3337 
3 2506 2627 3952 
3 1274 2693 3335 
2 3708 4500 
4 270 2182 2815 2830 
3 2514 4150 4243 
0 
4 422 924 2986 3664 
1 1350 
1 4769 
2 1238 4498 
4 496 818 3927 4600 
4 2889 3576 3923 4809 
2 600 3412 
4 83 1742 3091 3867 
1 3752 
4 1241 1821 2316 2921 
0 
4 276 989 1489 4900 
1 3036 
2 1528 4335 
1 134 
6 93 1147 1860 1902 2271 2914 
0 
4 1331 2676 3169 3971 
0 
5 1279 1519 3362 4097 4223 
0 
2 1062 1535 
1 4562 
2 361 1291 
2 1558 1580 
2 1659 3553 
2 1232 2521 
2 127 324 
4 2527 3327 3546 4402 
5 1126 1709 2939 3253 4264 
5 1215 2625 2663 4117 4733 
2 3443 3636 
5 164 2513 3422 3944 4632 
4 391 2690 3154 4796 
1 1990 
3 3308 4723 4931 
5 226 430 2372 3862 4931 
3 3180 3449 4027 
2 767 1654 
2 2603 2828 
3 13 610 3532 
7 25 596 2654 3509 3717 4645 4753 
2 2424 3764 
4 1 1152 2299 4060 
4 973 2878 3506 4558 
2 2152 4787 
4 270 761 2251 2990 
2 463 631 
0 
2 1259 2266 
3 1989 2741 4374 
0 
1 1272 
4 2225 2440 2556 3296 
4 881 1325 1567 3106 
1 1754 
2 2182 4925 
2 872 2509 
2 1606 4645 
0 
1 3671 
3 2652 2866 3150 
2 2321 3388 
3 731 2192 3897 
5 2394 3004 3037 3317 3604 
2 2879 3428 
1 4895 
5 1348 3351 3505 4364 4672 
2 3128 4231 
1 4894 
3 1232 3015 3607 
2 840 4432 
2 161 3567 
2 2833 4318 
2 1282 4005 
2 2873 3450 
1 2625 
1 4591 
1 503 
2 2424 4649 
2 2727 3574 
3 336 377 3493 
4 2617 3637 3708 3715 
3 291 1307 1561 
3 456 1823 4220 
1 2696 
3 40 610 1348 
6 1819 2836 2906 3246 3251 3969 
6 662 1134 1508 1687 2444 3490 
2 2506 2748 
5 1013 1478 1877 3169 3705 
3 1437 1612 4908 
2 1651 2151 
4 2574 2622 2743 3376 
3 866 1030 2291 
2 2174 4088 
3 595 1427 4273 
3 3271 3728 4545 
2 1033 2716 
4 1094 1144 3065 4666 
1 850 
5 641 851 1154 1762 4790 
1 3537 
1 4949 
1 2450 
2 1189 2468 
2 673 2728 
0 
3 1851 3721 4690 
6 3057 3267 3405 3545 4131 4206 
2 4138 4224 
5 1341 1805 3310 3430 3470 
6 502 1481 1662 4065 4106 4532 
2 799 1503 
3 2977 3041 3341 
3 223 1757 2884 
1 791 
2 760 3074 
2 1960 4903 
0 
1 4950 
2 783 2445 
1 4459 
1 753 
3 2859 3670 4888 
4 1309 1525 4029 4983 
1 2117 
3 316 1886 2289 
3 647 2472 4220 
0 
2 1423 3924 
1 609 
2 167 1424 
2 1554 4968 
2 254 2609 
4 809 1030 3875 4516 
1 1195 
1 2 
1 3230 
3 242 622 3529 
2 785 4932 
3 353 1051 4117 
5 1888 3352 3535 3655 4236 
1 2344 
2 1605 3245 
4 3138 3432 3754 3787 
2 4224 4311 
2 1317 2824 
1 3718 
2 350 1405 
2 461 4878 
4 1519 2060 4488 4624 
1 603 
3 624 1838 4850 
2 4386 4998 
2 2031 4930 
2 1677 2050 
1 3212 
1 1786 
1 2600 
6 106 1372 1831 2581 3179 4728 
2 283 4711 
1 4019 
2 3047 4475 
2 189 3138 
2 3303 4507 
3 463 2005 2226 
2 4209 4629 
3 938 3833 3922 
0 
1 1528 
3 341 1453 3496 
3 540 3035 3547 
4 1141 2230 3371 4741 
2 623 4455 
1 4922 
2 2112 4774 
2 2496 3959 
4 643 1527 2599 3793 
1 209 
4 557 1397 2044 2896 
2 1992 3241 
3 779 1766 3964 
1 2071 
3 2297 4246 4874 
3 2683 4796 4822 
5 869 1029 1271 2809 4973 
1 1923 
1 554 
5 176 1422 1444 2370 4575 
3 2133 2139 3607 
2 1492 2412 
5 1144 4080 4222 4372 4784 
1 553 
2 2468 2801 
1 4470 
1 961 
2 3842 4084 
3 260 575 2779 
8 30 1238 1349 1374 3455 3465 4332 4859 
0 
1 2794 
2 1058 2138 
1 2674 
2 3264 4903 
3 1510 2480 3589 
2 3525 4391 
1 872 
4 484 2285 2744 2876 
2 2436 4107 
2 686 1934 
4 107 3782 3925 4689 
1 254 
2 996 3183 
5 2149 2383 2515 2978 4660 
4 405 1768 3163 4884 
4 998 2312 4455 4528 
1 937 
1 4990 
2 2076 2104 
1 3110 
2 189 1073 
1 4647 
4 240 1812 2290 3887 
1 2930 
3 69 1261 1374 
4 1530 2489 2754 4138 
2 1509 3769 
3 1378 3044 3864 
1 1571 
3 326 1904 3054 
2 1182 4132 
2 2098 3790 
1 3744 
3 74 3887 4203 
5 733 961 981 3075 3963 
4 1017 2369 3776 4752 
1 1396 
3 1610 1614 3317 
2 290 3322 
3 520 2942 3555 
4 1268 1663 1682 2964 
4 2076 2583 3448 4370 
5 1238 1569 3461 3547 4851 
0 
5 241 552 1287 1853 3780 
7 912 984 1372 2795 3161 3193 3883 
2 3921 4070 
0 
4 826 1194 3085 3839 
3 242 1745 3547 
5 1046 1960 2709 2949 3995 
2 2463 3506 
2 889 3613 
3 354 1164 4581 
1 1763 
2 2812 3573 
1 3963 
6 222 488 3234 3239 3274 4146 
1 1146 
1 4316 
2 3257 3456 
3 1658 4040 4433 
6 355 691 1095 1413 3562 4510 
2 282 4025 
4 637 2243 3796 4398 
0 
4 906 1764 3811 4887 
3 3790 4482 4852 
2 271 2629 
1 1803 
3 1125 2185 3746 
0 
0 
0 
1 3088 
2 1264 1324 
1 4681 
1 4999 
4 2638 3168 3698 4783 
4 707 1398 1901 3383 
1 3736 
4 509 785 2020 3187 
1 2822 
1 4989 
6 681 1158 1392 2652 2684 4836 
3 146 718 2481 
7 1639 2073 2891 3473 3768 4321 4964 
3 1946 2606 3009 
6 421 828 2049 2091 3208 3610 
4 230 357 456 1922 
1 2964 
4 447 1875 3058 4797 
2 3393 4428 
1 3323 
1 553 
5 494 803 1761 2081 3909 
4 885 2970 3442 4622 
1 1977 
3 266 1697 3507 
3 261 744 3425 
1 1581 
1 1586 
2 2955 3752 
5 853 3201 3692 4380 4409 
1 2487 
0 
1 4711 
2 1230 1624 
2 785 2172 
6 752 2252 2907 3281 3350 4103 
2 419 3701 
3 857 2874 4206 
2 3866 4339 
1 3432 
2 3072 3710 
2 963 2858 
2 3676 4138 
3 2323 2610 4994 
2 2544 2788 
5 1062 2004 2897 4075 4356 
1 4735 
5 315 2565 3610 4521 4894 
3 738 1049 4768 
6 71 1365 1676 2217 3953 4265 
7 353 763 1911 3425 3697 3733 3900 
2 152 2533 
2 2146 2305 
4 316 831 3643 4597 
1 2087 
3 1721 2338 4806 
3 784 2426 3730 
5 194 217 657 730 2157 
5 288 1773 2709 2902 4460 
2 780 860 
1 2215 
2 3825 4256 
4 343 2198 3822 3932 
2 240 4674 
3 3422 3874 4753 
3 1222 2827 3044 
1 1503 
0 
2 3981 4743 
5 1193 1404 2600 4216 4800 
0 
2 3064 3732 
2 1490 2262 
4 186 2366 3201 3204 
3 1235 4299 4653 
1 1951 
4 779 840 1855 2335 
0 
2 756 2709 
1 3177 
2 277 456 
2 760 814 
2 2601 3802 
4 479 1058 2257 2381 
4 492 2457 3343 3930 
3 688 1778 3801 
2 213 827 
4 643 657 1694 1939 
6 354 1192 2101 2991 3020 4992 
1 1951 
0 
3 276 1881 2627 
2 1384 2512 
3 3633 3864 4671 
2 1735 2241 
1 1342 
4 103 1519 2166 3318 
0 
2 4305 4610 
2 2430 3714 
3 896 1928 4561 
3 1636 2374 4491 
1 3662 
2 3917 4688 
0 
0 
2 986 1791 
4 1131 1917 3382 4956 
1 1242 
6 272 305 533 1927 2933 4927 
2 2150 3330 
2 3053 4646 
0 
0 
1 4232 
2 4345 4998 
5 1027 1051 1754 2525 3249 
2 825 1482 
1 4543 
3 1080 1164 3082 
2 1342 3893 
2 666 4945 
2 3501 4813 
1 3449 
4 3328 3693 3833 4175 
3 1161 2663 4699 
3 1771 2752 3778 
2 3145 3472 
2 526 2029 
3 3153 4098 4496 
0 
5 173 1324 1894 2029 3391 
1 4226 
1 2473 
2 2663 3804 
3 681 1521 3600 
1 4271 
0 
2 2074 4664 
1 124 
4 157 3407 4894 4959 
3 976 1785 1927 
1 2915 
4 548 944 3711 4345 
1 2053 
3 468 2026 2167 
4 856 909 1241 2502 
2 3688 3699 
3 82 1747 2695 
2 1785 3032 
3 468 753 2308 
1 972 
2 3950 4629 
2 1365 3860 
0 
2 112 2354 
1 602 
2 1973 3528 
1 2029 
1 1335 
5 107 837 1317 3319 3790 
2 2323 2767 
3 376 3383 4821 
2 211 4987 
3 2533 3287 4961 
1 4352 
5 63 849 1110 1903 4622 
3 546 2084 3071 
3 99 1228 2635 
2 2546 3761 
3 211 1973 2303 
1 4235 
2 2053 4588 
0 
3 676 993 4394 
1 2666 
2 2601 2681 
1 3843 
4 168 2435 2983 3034 
1 2584 
4 369 1335 2229 3102 
3 1572 2441 3712 
2 2248 3633 
3 1042 2794 3470 
4 667 843 1923 3595 
4 1070 3676 4274 4581 
1 2380 
1 3469 
2 501 890 
2 2132 3219 
3 1226 3824 4261 
2 1347 3160 
4 427 872 3165 3802 
2 67 1714 
4 262 1286 4537 4739 
2 2031 4225 
1 1532 
1 4287 
2 1356 3032 
6 521 773 1259 1435 4072 4316 
6 1016 1474 1687 1896 3191 4816 
3 125 1598 3122 
0 
1 2801 
1 3497 
2 84 2468 
2 764 1599 
2 3348 4465 
2 734 3319 
2 691 4642 
2 1599 3892 
4 737 773 1840 4298 
6 524 1239 3178 3420 3459 4527 
4 1138 3789 4179 4649 
1 2489 
2 365 1727 
1 1222 
4 329 1411 2457 3046 
1 29 
1 3642 
2 4008 4850 
4 1064 1619 1624 2059 
1 1805 
2 3700 3722 
1 3647 
1 2558 
0 
2 579 1561 
2 611 4356 
2 1423 3552 
3 2295 2986 4350 
4 683 3482 4120 4254 
0 
2 1646 3344 
2 466 1973 
2 225 3048 
1 855 
3 402 3089 4935 
3 1832 1877 2861 
1 1029 
2 1220 1449 
4 3314 3808 4830 4958 
2 854 2354 
4 2876 4415 4716 4883 
1 4592 
4 802 3041 4178 4466 
3 1049 1645 2634 
3 627 1101 1829 
1 969 
2 1735 2198 
3 108 1455 2616 
1 552 
0 
7 625 1175 2831 2973 3129 3254 4076 
2 47 4987 
3 765 1117 3716 
3 1158 1578 1644 
2 851 4639 
4 25 2042 4473 4686 
1 490 
5 1731 1960 2368 2909 2929 
0 
1 299 
2 1174 4307 
0 
1 3539 
0 
0 
4 328 382 3960 4909 
3 1010 3389 4230 
3 2565 2648 4629 
0 
2 1581 4554 
2 1806 2636 
0 
6 261 903 1393 4403 4698 4815 
2 60 1282 
2 2708 3289 
3 1586 2398 2792 
3 2364 2645 3627 
3 904 2948 3344 
2 928 1699 
2 2706 3168 
4 824 873 1456 2876 
1 2244 
2 3729 4460 
1 581 
3 2994 3502 4193 
2 520 4752 
2 3019 3590 
1 1415 
0 
1 2146 
0 
0 
3 1644 2231 2387 
5 83 94 4339 4514 4893 
4 468 2016 2589 4337 
1 4467 
1 1308 
7 46 506 1657 2697 3318 3727 4432 
0 
0 
3 747 2820 3414 
4 191 1204 1209 3165 
4 878 1042 1630 4623 
3 680 2004 4812 
2 1401 4067 
3 909 982 1197 
3 2238 3070 4056 
4 1421 2388 2618 4489 
1 3036 
2 10 856 
2 1946 4215 
5 54 177 1987 3366 4721 
3 228 1478 2133 
4 322 2653 4049 4621 
4 1390 1650 3037 4641 
3 892 4189 4217 
3 1646 2980 4808 
5 699 1742 2755 3508 4462 
4 390 985 1439 1613 
1 1863 
3 2492 2663 4914 
3 1861 2624 2736 
2 2491 3577 
1 967 
5 815 1293 4047 4132 4445 
1 502 
2 2512 4287 
4 2501 2542 3075 3712 
5 1071 1689 2821 3218 4528 
5 1215 1449 3207 3939 4141 
3 17 822 4511 
2 1104 2497 
2 1901 3785 
1 3993 
4 793 1783 2860 3415 
2 453 2955 
2 840 2738 
2 2052 3657 
1 520 
2 2145 3018 
1 2895 
4 839 1081 3154 3662 
2 2719 3162 
3 2344 2843 3011 
3 714 2032 2434 
3 1784 3560 4302 
2 1136 1586 
1 4442 
3 118 1336 2481 
3 863 1989 2687 
4 1140 4729 4833 4868 
3 798 2385 3431 
1 1104 
1 4633 
3 1718 2173 3484 
4 290 604 3869 4662 
3 2313 4264 4574 
3 1824 2034 3223 
0 
3 1509 2757 3303 
3 1240 3775 4345 
0 
1 213 
2 2523 3577 
4 1033 2063 2782 3674 
0 
3 2650 4197 4427 
8 453 514 1134 1792 1815 2468 2636 4350 
2 376 4186 
2 218 3084 
2 1162 2377 
3 489 1777 1935 
3 256 1745 1837 
1 3055 
5 1189 1264 3308 3495 3606 
3 78 610 990 
2 989 1887 
3 159 1689 3971 
1 4824 
2 1919 2268 
5 509 841 928 2170 2732 
3 1745 1917 2429 
0 
1 2795 
0 
1 3365 
2 1083 2345 
3 1156 2956 4781 
4 502 1078 2555 3574 
3 587 3696 4067 
2 324 1356 
0 
1 3227 
0 
1 1572 
5 1028 2363 3575 3691 3782 
2 1785 4611 
3 136 4395 4826 
4 2000 2728 4072 4276 
6 117 1066 1239 2111 2914 4738 
4 2981 3180 3232 3293 
1 279 
4 675 1098 1205 4721 
3 2373 2910 3723 
4 659 1075 2620 4704 
2 3022 4724 
3 1672 2798 4889 
1 3463 
1 252 
4 1005 2188 4211 4914 
3 395 2501 3194 
1 2989 
6 1454 2045 2283 2297 2407 3212 
0 
2 219 1933 
6 1577 2402 3152 3247 4401 4623 
2 541 3406 
4 675 1530 4185 4744 
3 510 1467 2181 
1 4649 
4 760 1946 3224 4516 
2 533 4730 
2 2012 4414 
2 1725 4254 
0 
4 1103 2042 2331 4722 
0 
3 1636 2086 4221 
4 958 1413 1515 3444 
0 
0 
2 2302 2356 
2 2190 3864 
3 1248 1832 2125 
2 1052 4700 
1 3985 
3 266 2126 3953 
0 
3 1230 1444 1998 
2 332 2030 
2 378 3370 
3 1818 2335 2424 
3 4160 4256 4528 
6 491 1312 1767 2110 3426 4111 
2 690 3012 
3 287 2570 3098 
3 1755 3058 4058 
2 175 1074 
1 3172 
1 4425 
4 262 674 2322 4027 
4 2136 2294 2849 3383 
0 
3 344 1759 1954 
4 621 2817 3272 4109 
2 1277 1493 
2 2359 2852 
1 4979 
2 120 2965 
1 2983 
3 1626 2451 3699 
1 1235 
1 2223 
5 1410 1468 2331 3574 3777 
2 1792 2115 
0 
1 3632 
0 
4 3 1991 3268 4152 
4 584 1419 2206 4719 
2 2452 2530 
3 487 2215 4689 
2 2476 4053 
2 3083 3809 
3 55 4058 4841 
3 225 496 1335 
1 2306 
4 411 2856 3549 3593 
5 349 2272 2840 4170 4686 
2 2723 3657 
3 3127 3451 3484 
2 3575 3611 
3 593 3935 4446 
4 5 2483 3872 4923 
4 2011 2388 2625 3155 
1 2605 
0 
3 1742 2282 4009 
2 3533 4366 
5 1486 1810 2244 3854 4693 
1 547 
1 388 
4 2259 2365 3361 3911 
3 1852 3302 3607 
1 2347 
1 3157 
2 432 4760 
3 1101 2445 3163 
1 2943 
5 1820 2243 2418 3058 4673 
3 1285 1356 3463 
3 1935 3395 4986 
4 355 4561 4809 4843 
5 45 353 1107 2376 3649 
4 595 2982 3323 4318 
1 270 
0 
4 145 595 1606 4357 
0 
1 2690 
3 539 1502 3353 
3 784 3971 4166 
1 2756 
3 2181 3801 4185 
1 778 
2 1336 4607 
3 165 927 2433 
3 1645 1711 1953 
1 3930 
3 168 1468 3453 
3 5 2585 4773 
5 1353 2346 3494 4099 4481 
1 3789 
2 1466 1636 
3 788 1867 4376 
3 1323 2946 4801 
0 
0 
2 1536 3876 
2 1889 4699 
3 575 3183 3561 
3 1016 3925 4584 
0 
1 4141 
3 1860 1999 2651 
3 259 2351 2486 
3 312 2207 2356 
0 
4 638 1477 3369 4826 
3 266 427 4981 
3 621 4457 4899 
4 659 1347 1594 4434 
2 1065 2374 
3 533 1975 3219 
3 1897 3937 4069 
2 260 3327 
2 1373 2969 
1 1026 
3 1458 2017 4385 
2 614 967 
1 308 
1 2598 
2 1544 4731 
2 1846 4790 
3 1112 3355 4323 
4 2123 2882 3951 4979 
1 3814 
0 
1 4543 
4 403 2516 4088 4650 
0 
2 565 1279 
2 899 3838 
4 1405 4320 4809 4864 
2 1050 4003 
4 358 1853 2933 3085 
4 1921 2300 2733 4429 
0 
3 396 1944 3611 
1 3196 
1 3266 
5 1329 1525 1847 2959 4842 
3 220 2584 2855 
3 1717 3725 3939 
1 1751 
4 744 1504 3538 4247 
5 38 170 1052 1572 2663 
1 4306 
2 1635 3752 
0 
4 552 2798 3120 4297 
0 
1 806 
3 865 1815 4927 
3 574 2957 4684 
4 1202 2139 2250 3192 
2 812 2214 
2 3092 4798 
4 779 1836 2007 3147 
3 3664 4869 4884 
1 2958 
4 895 1739 2440 4988 
4 1331 1530 1956 3478 
2 2710 4344 
3 523 2659 4037 
2 197 4819 
3 3778 4036 4948 
2 882 3288 
3 391 4468 4994 
3 3324 4389 4677 
2 239 316 
3 1609 2138 4336 
6 1912 2939 3122 3855 3883 4103 
2 2292 2316 
2 878 2935 
3 415 755 759 
3 114 1594 2684 
4 1853 2391 3970 4110 
1 2148 
3 2242 2741 3905 
3 790 2349 2361 
0 
1 1491 
4 1351 1957 3785 3968 
2 4250 4428 
0 
3 6 2109 2690 
1 113 
3 1630 3091 3195 
1 2944 
0 
5 220 857 2421 2648 3532 
0 
5 592 1004 1378 2508 4231 
4 484 1187 2042 2048 
1 3095 
0 
2 1195 3707 
2 2711 4576 
4 318 1767 3334 3657 
3 977 2094 2440 
2 2487 3515 
2 2077 4900 
3 968 2945 4267 
7 1405 1502 3010 3198 4453 4592 4792 
2 1524 2363 
3 888 1322 2079 
2 3769 4407 
1 1870 
2 402 1913 
0 
1 2392 
2 2300 4291 
4 2429 3619 4439 4997 
3 1276 2028 3190 
0 
2 1207 4342 
2 1315 1466 
4 672 2380 2837 3671 
3 1753 2294 3074 
0 
4 849 2188 3914 4774 
5 1824 1919 2968 3008 4140 
1 218 
1 3077 
5 1091 1200 1337 2157 3730 
1 3341 
2 2408 4856 
2 2652 4158 
1 3493 
2 4015 4665 
3 4430 4777 4965 
0 
0 
1 4380 
1 4426 
2 1083 3769 
1 4746 
1 1570 
2 2148 3362 
0 
2 738 4165 
3 2281 2782 3983 
2 504 2254 
1 1961 
1 4799 
1 880 
1 226 
2 275 3128 
2 1046 2157 
2 481 1898 
2 886 4772 
2 2298 4192 
2 4408 4868 
5 869 894 1714 2503 4109 
7 262 420 809 1289 2718 3758 4357 
2 1181 4309 
3 1648 2346 4404 
2 152 2904 
5 1354 1828 2100 3536 4040 
3 827 1005 3727 
3 2518 4284 4941 
3 785 2589 3242 
4 609 699 1278 1858 
1 2562 
2 227 4814 
5 725 1849 2610 4386 4692 
3 1400 2065 2698 
5 795 816 1892 3197 4703 
2 2507 4090 
1 1546 
0 
1 4067 
2 2831 4225 
1 401 
1 1911 
3 1826 3187 3279 
0 
3 857 1276 2844 
2 1150 3342 
5 1212 2901 4377 4514 4624 
2 2016 3372 
5 335 815 3406 3639 3681 
1 3375 
3 662 4283 4647 
3 492 2146 4790 
2 3199 3587 
3 2651 3798 4025 
3 1384 2108 2397 
4 1040 1785 2073 4060 
1 4577 
2 1909 3378 
2 2515 3947 
2 3985 4870 
2 2352 4038 
1 4341 
5 361 564 1442 1477 4638 
3 1446 3660 4547 
2 454 1093 
3 568 796 1719 
2 1128 3998 
1 664 
4 1052 1217 2210 3628 
2 41 393 
2 849 4632 
2 47 4688 
1 4503 
0 
2 590 4264 
3 1896 2950 3733 
4 72 1164 4488 4655 
2 2464 2662 
0 
1 4979 
3 420 1772 2143 
8 621 694 1784 2387 3034 3616 4483 4678 
4 59 1917 4050 4780 
2 538 2519 
1 3841 
1 2967 
0 
2 1313 2694 
1 2883 
4 1282 2846 3869 4625 
2 1814 3113 
4 1597 1901 3362 3468 
1 625 
2 1116 3461 
3 502 4526 4941 
4 458 1106 1681 4721 
3 1572 2149 4479 
1 768 
1 4770 
4 729 2665 3247 4549 
1 3630 
2 3427 4868 
2 397 2431 
3 2240 2442 3728 
2 623 4073 
3 1348 2270 3192 
1 2310 
5 265 3100 4036 4453 4738 
1 1195 
3 482 3600 4163 
1 2200 
2 206 766 
3 3221 4761 4855 
3 1940 1950 2368 
4 2703 2833 3787 4561 
1 2965 
3 1164 4639 4929 
5 244 360 1151 1211 3363 
1 21 
2 2519 4501 
3 1182 2431 3952 
4 2798 3681 4071 4185 
1 358 
2 2453 2569 
1 3035 
6 461 1331 1926 2905 3577 4829 
1 3006 
5 45 627 2082 2553 3145 
3 1429 2304 2660 
2 1950 3306 
4 3090 3315 3934 4857 
0 
2 2910 3050 
0 
2 2255 3213 
5 46 1416 2155 2766 3091 
2 3858 4301 
2 261 1083 
2 1202 3562 
3 1775 3380 4964 
2 1530 4470 
6 726 806 1502 1570 4724 4857 
2 1868 4506 
2 409 2631 
2 1216 1500 
3 212 255 2798 
2 354 440 
1 4012 
0 
3 1356 1395 1936 
2 104 826 
1 3509 
2 2262 3174 
3 328 1160 2093 
4 2891 3840 4245 4521 
1 3487 
1 1914 
2 645 2273 
1 13 
1 3206 
0 
1 4957 
1 1152 
3 85 1304 2635 
1 2086 
4 360 1013 1477 2004 
1 638 
2 3413 4099 
3 1372 2254 3654 
4 864 935 2666 4371 
4 91 2180 2470 4463 
0 
3 1674 2904 4808 
2 1100 2861 
4 2156 3719 3925 4748 
1 950 
1 826 
4 1466 1757 2179 4274 
1 386 
4 425 1917 2701 4792 
5 1005 1958 2296 4806 4855 
1 3912 
0 
2 1607 2376 
4 719 1867 3451 3542 
5 2167 2338 3455 3984 4377 
3 1812 2198 3174 
2 1545 2234 
1 559 
2 1822 2424 
3 887 2709 3793 
3 800 3161 4879 
3 1083 2908 3012 
6 138 1803 2780 2831 3230 3469 
1 230 
1 459 
1 2929 
3 2360 2495 3030 
2 2533 4673 
3 1249 2314 3325 
5 169 1117 2509 4258 4992 
2 3114 4726 
1 1880 
3 1046 1839 3838 
2 639 4139 
0 
0 
2 49 2848 
1 3390 
4 1609 2098 2391 4900 
2 337 2482 
3 1276 1306 1982 
1 2666 
1 2006 
6 444 994 1388 1504 2497 4056 
2 3762 3906 
3 1392 4045 4158 
3 2869 3616 4453 
3 545 4496 4719 
1 1183 
1 3006 
0 
5 2836 2893 3632 3892 4010 
2 2123 3357 
1 3240 
4 80 3455 3497 4477 
2 1057 4096 
2 629 4994 
1 2519 
1 1878 
0 
3 2685 3068 4469 
4 1260 3333 3997 4523 
1 639 
4 1615 2362 4057 4755 
1 3949 
1 4985 
3 1220 1818 2637 
3 2009 3506 3523 
3 1704 2715 3851 
4 1630 2071 3687 4457 
1 57 
4 1302 3544 3953 4162 
1 4302 
1 3317 
4 961 1687 1912 3128 
3 1406 2863 3814 
6 396 484 737 2359 3142 4965 
3 1080 3227 4483 
2 642 2396 
1 2792 
4 1463 1960 2187 4972 
0 
3 1587 2460 3679 
2 605 1392 
1 4098 
1 205 
4 2229 2422 3049 3878 
1 4403 
3 72 1901 3564 
1 181 
0 
1 265 
0 
3 1346 1949 3833 
4 2246 2251 2812 3532 
6 331 1617 3027 4242 4605 4826 
10 441 1039 1044 1251 1941 2410 3294 3803 4686 4999 
3 139 1001 2160 
1 4890 
2 2003 4342 
5 1498 1847 2840 4488 4959 
2 715 1263 
1 1874 
5 994 1033 2869 3298 3742 
2 680 1571 
3 873 2561 3358 
2 2575 4327 
1 1761 
4 2096 3998 4221 4674 
2 450 3142 
5 1482 1558 1723 3843 4478 
3 1126 3676 4214 
5 1703 2150 2724 2846 3573 
1 1400 
4 1469 1831 2847 4439 
2 3432 4232 
5 887 1709 3067 4940 4975 
4 325 2066 2470 3150 
3 684 744 1590 
5 1653 1677 3074 3243 4956 
2 4015 4732 
4 1510 1521 3865 4272 
2 234 4177 
2 1806 2447 
3 650 872 1253 
3 61 2859 4441 
3 656 1185 4147 
1 641 
1 2853 
2 1526 4897 
2 2057 3395 
2 1185 2778 
3 882 1131 3358 
3 136 3626 3772 
1 2574 
2 374 1480 
2 1889 2773 
3 598 1542 4969 
4 1476 1605 2996 3983 
1 1996 
4 1810 2692 2704 2935 
3 3369 4212 4625 
2 1575 1972 
3 4054 4145 4502 
3 2642 3061 4168 
2 1454 3500 
3 2854 4148 4548 
1 2320 
3 176 1452 4608 
2 1163 2352 
3 2066 2097 3625 
2 1190 4093 
3 1356 2192 4164 
1 4295 
1 4698 
2 532 3495 
1 1263 
1 3786 
2 2159 3422 
0 
6 154 855 1592 2142 4142 4514 
2 560 3934 
1 1787 
3 225 1226 3638 
0 
5 852 1688 1770 2308 3808 
2 1190 4160 
1 3000 
3 814 4410 4910 
1 3155 
1 4581 
2 8 1284 
3 116 1200 3326 
5 723 758 1787 2565 3415 
4 382 965 3701 4028 
5 105 272 951 3506 3804 
0 
3 1877 2746 4641 
1 2485 
1 892 
2 1236 2828 
1 679 
3 1132 1347 4239 
3 1192 1439 4519 
1 3031 
4 6 1103 2713 3384 
2 192 2688 
1 433 
1 3333 
1 150 
6 522 1041 2953 3277 3311 3788 
3 162 3467 4967 
1 4505 
2 1677 1914 
5 661 948 1657 1778 4424 
2 861 4263 
5 776 1026 1244 3641 4394 
2 2870 3316 
3 356 1665 2406 
2 2210 4404 
2 553 2871 
3 2079 3254 4992 
4 313 1461 3012 4489 
7 286 747 1031 2050 2559 3228 4130 
0 
1 3744 
2 1197 3657 
2 1703 4815 
0 
5 40 1356 1628 3510 4908 
0 
2 830 1340 
4 3275 3566 4296 4458 
3 408 1868 2040 
2 4377 4586 
1 2881 
1 3286 
2 2035 3076 
4 82 2594 3498 3650 
3 1095 1304 3757 
3 2894 4330 4837 
3 3161 3279 4418 
2 1632 3809 
6 427 704 1937 3152 3311 4268 
4 58 68 409 3161 
1 1979 
0 
2 268 1782 
3 323 3795 4587 
0 
3 1262 4059 4579 
5 3470 4245 4306 4921 4973 
5 133 2619 2816 3241 4949 
2 1680 2404 
5 810 1235 2197 2532 4046 
2 1139 3862 
3 381 879 4438 
6 2229 2310 2516 3239 4015 4785 
1 3940 
2 606 2446 
3 622 1136 3455 
2 2005 4338 
1 904 
4 1289 1639 3222 3902 
2 3650 4847 
2 3141 4957 
3 853 866 4121 
3 940 1335 3363 
5 808 2956 4140 4281 4673 
3 269 2594 3361 
2 1430 3033 
2 2943 4532 
4 286 413 2231 3981 
3 2259 2282 4947 
3 1624 2488 4884 
3 3017 4093 4917 
3 1682 1945 2391 
1 2523 
5 115 1459 2972 3153 3750 
1 4798 
2 1585 2486 
3 752 1868 2758 
0 
4 271 2621 4217 4926 
4 65 606 4314 4900 
1 4245 
1 2419 
3 1466 2142 2387 
2 2631 2668 
1 4822 
2 1137 1169 
1 2605 
4 1159 3618 3960 4911 
2 131 3708 
6 509 1668 2550 3181 3348 3733 
1 4906 
2 1638 2824 
2 4519 4587 
4 74 2881 3109 4400 
6 622 2616 3042 3077 4537 4548 
1 1291 
2 886 3664 
0 
1 4930 
0 
0 
2 4306 4972 
2 178 1671 
5 1474 2277 3011 3191 3344 
2 2167 3011 
6 85 2532 2827 4093 4426 4508 
4 155 1514 2701 4332 
2 1054 4466 
3 827 1879 4875 
0 
2 94 1492 
1 3649 
2 2541 4871 
2 792 1201 
1 1198 
3 486 717 3615 
1 4598 
1 1525 
0 
1 3422 
1 3983 
6 708 761 2706 3680 4332 4832 
1 2337 
4 179 1437 1982 3058 
1 3732 
4 938 1517 2597 3589 
1 4149 
5 729 3021 3141 3270 4676 
1 1850 
3 102 1407 3196 
6 224 1226 1914 2332 2694 4036 
6 1857 3007 3534 3787 3880 4957 
5 853 1789 1861 2811 3531 
2 206 1686 
1 4707 
3 474 1452 2874 
1 4283 
4 3476 4375 4616 4842 
1 3343 
1 3401 
4 2546 2958 3583 3669 
2 989 4954 
1 2191 
3 730 1128 4853 
2 2423 3195 
4 2061 2798 3556 4787 
4 142 1495 2781 4008 
3 2497 3309 4746 
3 331 1554 4850 
5 1062 1635 2241 3124 3409 
1 172 
3 1480 4063 4152 
0 
3 764 814 3214 
4 530 1839 3039 4833 
1 907 
0 
2 882 3257 
3 2718 2987 4809 
2 2984 3640 
2 2465 4226 
0 
3 957 2464 3521 
2 1360 4841 
4 2326 3215 3849 4326 
1 689 
3 278 1202 4523 
4 2665 2911 3620 4861 
2 3500 3501 
1 3605 
2 1052 1425 
2 326 1805 
4 281 1204 1820 3977 
0 
3 489 3068 3323 
1 155 
1 2600 
3 2182 3233 4694 
3 482 4434 4501 
0 
3 466 2014 2758 
1 1175 
4 1853 2084 2528 3861 
1 1719 
3 927 3202 4831 
5 54 1053 2860 3307 4339 
4 1621 2181 3568 4810 
4 174 480 3292 3585 
3 496 2845 4991 
5 725 1330 1747 2068 3292 
2 1092 3335 
1 4904 
1 2958 
3 2850 3847 4697 
6 631 1748 3078 4568 4823 4894 
4 378 2204 2455 3981 
3 2610 3880 4678 
3 866 1035 1517 
3 338 935 3904 
1 2910 
0 
2 3752 4546 
5 729 2072 2587 4404 4654 
2 865 1757 
1 4769 
1 3598 
1 4715 
3 1060 2927 4976 
1 1823 
3 3316 4658 4864 
5 1699 3056 3182 3651 4809 
1 897 
2 901 4694 
1 4970 
0 
1 101 
5 237 2956 4200 4298 4486 
1 123 
3 253 2349 4282 
1 3323 
3 420 1539 3590 
2 351 1963 
5 1100 1150 1741 2247 4643 
1 4244 
5 331 2050 2524 3903 3994 
1 4334 
3 694 994 3749 
3 2868 2892 3683 
2 24 4951 
5 281 1969 3828 4607 4779 
4 381 918 1276 2080 
4 2193 3783 4341 4634 
0 
3 1080 1807 2413 
5 998 1079 2141 2220 4386 
2 3619 3855 
4 1760 1975 3743 4674 
1 2 2 2 1 4 2 3 2 1 1 1 1 2 1 3 1 3 2 1 1 2 2 4 1 1 1 2 3 3 3 2 1 1 1 1 1 1 1 1 2 3 1 1 1 1 1 3 1 1 2 3 1 2 1 2 1 3 3 2 3 1 2 3 2 2 1 3 1 1 2 1 1 3 2 2 2 1 2 2 2 2 1 2 3 1 1 1 1 1 1 2 2 2 1 1 2 1 2 1 1 1 2 4 3 2 4 1 1 3 2 1 1 3 1 2 3 1 3 1 2 1 1 1 1 2 1 2 1 1 1 1 3 2 2 1 3 1 2 1 1 2 1 1 3 4 1 2 2 2 3 3 2 3 1 2 1 2 1 2 1 3 1 2 1 4 2 2 2 1 2 1 1 2 2 1 2 1 2 3 2 2 1 2 1 2 2 1 1 3 4 4 2 1 2 1 1 1 1 2 1 1 2 2 1 2 2 3 2 1 1 2 3 2 1 1 1 1 2 1 2 1 1 2 1 2 2 2 1 3 1 2 1 1 1 1 2 1 1 2 2 2 2 1 1 1 2 1 1 1 1 2 2 3 1 2 2 2 1 3 2 2 1 1 2 1 3 2 3 1 2 1 1 1 1 2 1 2 1 1 1 3 2 1 1 1 2 1 3 1 2 2 1 1 3 1 2 1 2 2 2 1 2 2 1 1 3 1 1 1 3 2 1 4 3 2 2 1 1 3 1 2 4 2 2 2 2 2 1 3 1 2 3 1 1 2 1 2 1 1 1 2 1 1 2 1 1 3 1 1 3 1 1 1 4 2 2 1 1 1 1 1 1 1 2 1 2 1 2 1 1 1 2 1 1 1 2 1 1 2 2 1 1 1 1 1 1 1 2 1 1 1 1 1 2 2 2 3 1 1 3 4 2 1 1 1 1 1 2 3 2 1 2 1 1 2 1 1 1 1 2 3 2 1 1 2 2 1 2 2 4 1 4 3 3 1 1 2 4 1 1 1 2 1 1 1 1 2 2 1 1 2 1 3 2 1 1 1 1 1 1 2 2 3 1 1 1 1 2 1 2 1 1 1 3 1 1 1 1 2 4 2 1 1 1 2 1 1 3 2 2 3 1 2 2 1 3 1 1 2 2 2 2 3 1 1 1 1 3 2 1 1 2 1 1 2 3 1 1 2 1 3 3 1 1 2 1 1 2 1 1 2 2 3 1 1 1 2 1 1 1 2 2 1 1 3 1 2 2 1 1 1 2 2 2 1 1 1 1 2 2 1 1 1 1 1 1 1 3 2 1 2 2 2 2 2 1 2 1 2 2 2 2 1 2 1 2 1 1 2 1 1 1 1 2 1 2 1 1 1 2 1 4 2 1 3 2 2 1 2 2 3 1 1 2 2 3 2 2 1 1 3 2 2 1 3 1 1 1 3 1 1 1 1 1 1 1 1 2 2 1 3 2 1 1 1 2 2 1 2 1 1 2 2 1 1 3 1 1 2 1 1 4 1 2 1 2 2 2 1 2 4 3 2 2 2 2 1 1 4 1 3 1 2 2 1 2 1 2 3 2 2 3 1 3 2 2 1 3 3 1 1 1 2 1 1 1 2 1 1 2 2 1 1 1 1 2 3 2 2 3 2 1 1 2 3 2 1 2 1 3 2 1 2 2 2 1 4 1 2 3 1 1 1 2 1 3 1 1 1 1 2 1 2 1 2 1 2 1 2 2 3 1 1 2 1 2 1 2 2 1 2 1 1 2 1 1 4 1 2 3 1 1 1 4 4 3 2 4 2 1 1 1 1 2 2 2 2 1 2 1 1 4 2 2 1 3 2 2 1 3 1 2 1 2 2 2 1 1 3 2 1 3 1 1 1 2 3 1 3 1 1 2 1 1 1 3 1 1 2 3 3 1 2 2 2 1 1 1 2 1 3 1 3 2 2 1 3 2 1 3 2 2 1 2 3 1 1 2 2 3 1 3 1 1 1 1 1 3 1 2 1 2 3 3 2 3 3 1 1 3 1 3 2 1 1 1 2 1 2 1 2 1 4 3 2 1 1 1 3 2 1 2 1 1 1 2 1 1 1 1 1 2 3 2 1 1 1 3 1 1 1 1 1 1 2 1 1 2 1 3 1 1 1 2 1 1 2 1 1 2 1 1 1 1 1 1 2 1 2 1 2 1 2 1 2 2 2 2 1 3 2 3 1 1 1 2 1 1 1 2 2 3 1 1 1 1 2 1 2 2 2 3 2 1 3 3 2 4 1 1 1 2 2 1 3 1 1 3 1 1 2 2 1 2 2 2 1 2 1 1 2 2 2 2 1 3 2 1 2 4 1 1 1 1 1 1 2 1 1 2 1 1 1 3 2 2 1 1 2 3 1 4 1 2 2 2 2 3 1 3 1 2 1 2 2 3 2 1 1 1 1 2 2 3 1 1 1 2 2 2 2 2 2 1 1 1 2 1 1 1 1 2 2 2 1 2 1 3 1 2 2 1 1 1 1 3 1 1 2 3 1 2 4 2 3 3 3 1 1 2 3 1 1 2 3 2 1 1 1 2 4 2 2 1 2 2 2 2 2 2 1 1 1 2 3 1 2 1 1 2 3 2 2 3 1 3 1 3 1 1 3 2 1 3 2 3 1 2 2 1 1 1 2 2 3 1 2 3 1 2 3 1 1 1 1 1 1 1 2 4 1 2 1 2 2 3 3 3 1 3 3 3 1 1 1 1 3 3 1 1 3 1 1 1 1 2 2 4 1 2 1 2 1 2 1 2 2 1 3 2 1 3 1 1 1 2 1 3 3 1 4 2 2 1 1 2 1 1 2 2 3 3 1 1 1 1 2 1 3 1 2 3 1 2 3 1 1 3 4 2 2 2 3 2 1 3 3 2 1 1 1 1 1 3 2 1 2 1 1 1 1 1 1 1 1 1 1 1 1 1 1 2 2 1 1 1 2 2 1 1 1 1 1 1 1 1 1 1 1 1 1 1 3 2 3 1 2 1 1 2 2 3 1 1 2 3 3 1 1 1 1 2 2 1 1 2 2 3 3 1 1 1 2 3 2 2 3 1 1 3 1 1 1 1 1 1 1 1 2 1 1 2 2 3 1 2 1 2 1 1 1 1 2 4 3 1 2 1 3 3 1 4 2 2 1 2 1 2 1 2 3 1 1 2 2 1 2 2 2 3 3 1 2 1 1 2 2 1 2 1 2 1 2 4 3 3 1 1 1 2 2 2 1 3 1 1 2 1 1 1 2 2 1 4 1 2 2 1 2 1 1 2 2 2 1 1 1 1 2 1 2 1 2 2 2 3 1 3 3 2 2 3 1 1 1 2 4 1 2 1 4 1 1 1 1 1 1 1 1 2 2 3 1 1 2 1 1 1 1 2 1 4 2 1 1 1 3 1 1 4 1 1 3 1 2 1 1 1 3 1 3 1 2 3 3 3 1 2 1 2 1 3 1 1 1 1 1 1 1 1 2 1 1 1 1 1 1 3 1 1 3 1 2 3 1 2 3 2 2 1 2 1 1 2 2 2 2 2 1 2 1 1 1 1 1 1 4 2 2 2 2 2 1 1 2 2 2 1 1 2 1 1 2 3 1 1 1 2 3 2 1 2 2 1 2 3 4 2 3 1 1 1 1 1 3 3 2 2 2 2 1 2 3 1 2 1 2 2 1 1 1 1 2 1 4 4 1 1 1 1 2 1 1 2 2 1 3 3 1 3 3 1 1 2 2 2 1 1 2 1 1 1 1 2 2 2 1 2 1 1 4 1 3 2 2 1 2 1 1 1 1 4 1 2 1 2 1 1 3 1 1 1 2 1 2 1 1 2 3 1 1 1 4 2 2 2 1 2 1 1 2 2 1 1 2 2 4 2 2 1 2 2 2 1 1 2 1 1 1 3 1 2 1 4 3 1 1 1 1 1 2 1 1 1 3 2 3 3 2 1 3 3 2 2 1 3 4 1 1 1 2 1 2 3 2 1 3 1 3 3 2 3 3 1 2 1 2 3 1 1 1 1 2 2 3 2 3 1 1 3 1 3 1 2 2 2 1 1 2 3 3 2 2 1 2 2 4 2 1 2 1 3 3 2 3 1 1 2 1 3 1 2 3 2 2 2 1 1 2 1 1 1 3 2 2 3 3 1 4 1 2 1 1 1 1 3 1 1 1 2 1 2 3 1 3 2 1 2 1 2 3 1 3 1 1 2 2 3 1 1 2 1 1 3 3 1 1 2 1 3 3 1 1 1 2 3 3 2 2 2 1 2 1 1 1 2 3 3 2 1 3 2 2 3 1 1 1 1 1 3 3 1 2 4 1 1 2 1 4 2 1 1 2 2 1 1 3 2 1 1 1 1 3 1 2 1 1 1 1 1 1 1 3 1 1 3 2 1 2 1 1 1 3 1 1 1 4 1 1 2 2 2 1 2 2 3 1 1 4 1 4 3 3 1 1 1 1 4 1 1 1 3 1 2 1 2 1 1 1 3 2 1 1 2 1 3 2 2 3 2 1 4 1 4 3 3 3 1 1 2 2 3 1 3 1 2 1 1 2 2 1 1 2 1 3 2 1 1 1 1 3 1 1 2 2 1 1 1 1 2 1 1 1 1 1 1 3 1 1 1 2 1 1 1 1 2 3 3 1 1 2 1 3 1 1 2 2 3 2 2 3 1 3 1 1 3 2 2 3 3 2 1 4 1 1 1 3 2 3 1 1 1 1 1 1 2 3 2 1 1 1 2 1 1 1 1 1 1 3 3 3 2 1 1 2 1 1 1 1 2 2 2 3 1 1 1 1 3 1 2 2 2 3 2 2 1 2 3 2 1 1 2 2 3 3 2 1 2 1 4 2 1 1 2 1 1 1 1 1 1 3 2 1 1 1 3 4 1 1 3 1 3 2 1 3 1 1 1 2 2 3 1 2 2 1 1 2 2 2 1 2 2 1 1 1 1 3 2 1 1 1 1 2 1 1 1 1 1 1 2 1 1 1 2 3 2 1 1 2 2 1 1 2 1 2 2 1 1 1 1 1 2 3 4 2 1 2 2 1 2 1 3 1 4 1 1 4 1 1 3 2 1 2 2 1 1 3 2 1 1 1 2 1 1 1 1 1 2 3 2 2 3 1 2 1 1 1 1 1 1 2 1 2 1 1 1 1 1 2 2 2 1 1 3 1 1 1 2 2 4 1 2 2 1 1 2 1 2 1 1 1 1 2 2 2 3 1 2 3 2 1 1 2 1 1 1 2 1 1 2 4 1 2 2 2 1 2 3 1 1 1 1 1 1 2 2 2 1 3 1 2 3 2 2 1 3 1 1 2 1 1 2 1 1 1 1 2 1 1 1 3 1 1 3 2 3 2 1 2 2 3 3 1 1 1 1 2 2 1 1 3 2 1 1 1 3 1 1 3 2 2 4 2 2 1 2 2 2 1 1 1 2 1 2 1 1 2 1 2 1 1 1 2 2 1 1 1 2 2 2 1 1 1 2 3 1 2 2 1 3 1 3 2 3 3 3 2 2 1 1 1 2 2 2 2 1 1 2 1 2 1 2 1 3 1 1 4 3 1 1 3 2 2 1 3 2 1 2 1 2 2 2 1 2 2 2 1 1 3 4 1 1 1 1 1 1 1 1 1 1 1 1 1 1 1 2 2 2 1 2 1 2 2 1 3 1 2 3 1 1 2 1 2 1 2 2 3 2 2 2 1 1 2 1 1 2 1 2 3 1 3 1 1 1 1 1 1 1 1 2 2 1 1 2 2 2 1 1 1 1 1 1 2 2 3 1 1 1 1 1 2 1 1 1 2 1 3 1 3 2 1 1 3 3 1 1 1 1 1 2 1 1 2 1 3 1 2 2 2 2 2 1 3 3 2 2 2 2 1 1 3 1 1 1 1 3 3 2 3 2 1 3 2 2 3 1 2 2 1 1 3 1 1 2 3 3 2 2 1 1 2 2 3 1 1 1 2 1 1 2 2 1 2 1 1 1 2 1 1 3 1 2 2 1 4 1 1 1 1 1 1 1 2 3 3 2 2 1 3 1 2 1 2 1 2 2 1 2 1 2 2 2 2 1 1 1 2 2 4 1 2 1 1 2 1 1 1 1 3 1 2 2 1 3 3 1 2 1 1 1 3 2 2 1 2 2 2 2 2 2 1 2 1 1 2 2 4 2 1 2 1 1 3 1 2 1 2 2 1 1 1 1 2 2 1 2 1 1 2 1 1 3 1 1 2 1 2 2 1 1 2 1 1 1 3 1 1 1 1 2 2 3 2 1 1 3 1 1 3 3 1 2 1 1 1 1 1 2 4 4 2 3 1 2 1 1 2 1 2 1 3 1 2 1 1 2 3 1 1 1 1 1 1 1 1 1 3 3 2 1 2 2 3 1 2 2 2 1 1 1 3 1 2 1 1 2 2 1 1 3 1 3 2 1 2 1 2 2 2 1 2 2 1 1 1 1 1 3 3 1 2 1 2 3 1 1 1 1 2 1 2 2 1 1 3 1 1 1 1 2 1 2 2 3 1 1 1 3 3 1 2 1 1 2 1 3 3 3 1 2 2 2 1 4 2 1 2 1 2 2 1 1 1 1 1 1 1 1 2 2 2 2 3 2 2 2 1 2 1 2 1 1 2 1 2 4 1 1 3 2 1 1 1 1 2 1 2 3 1 1 1 2 2 3 2 1 2 1 1 2 2 4 2 3 3 2 1 1 1 4 1 1 2 3 2 1 1 2 2 2 1 1 1 2 1 2 1 2 1 2 2 2 2 3 1 3 1 2 2 1 1 3 1 1 1 1 3 1 3 2 1 1 2 2 1 2 3 1 2 1 2 1 2 2 2 4 1 1 1 1 1 2 2 2 2 1 3 2 1 3 1 1 1 2 3 1 2 3 2 2 2 1 2 2 2 1 1 2 1 2 1 3 3 2 3 2 1 2 1 1 3 2 2 2 3 1 1 2 3 2 1 4 1 2 2 1 1 3 3 1 1 1 2 3 1 1 1 2 1 3 1 2 2 1 3 2 1 1 1 2 1 3 1 2 1 2 2 2 2 2 1 2 1 1 1 1 2 2 2 2 3 4 1 1 2 1 2 1 2 1 1 4 2 2 2 2 1 1 1 2 4 2 4 1 3 1 1 1 3 2 3 3 2 2 1 1 3 1 2 1 2 1 2 2 2 1 3 1 1 1 1 2 2 1 2 1 2 2 2 1 2 1 1 1 1 2 1 1 2 2 2 3 1 2 1 2 2 1 3 2 2 1 2 2 1 2 2 1 2 2 2 1 1 3 2 1 1 2 1 1 2 2 2 3 3 1 2 3 1 1 2 2 2 4 1 1 3 1 2 1 3 3 2 1 3 1 2 1 1 1 1 1 1 3 2 1 1 2 2 1 1 1 1 1 1 2 3 3 2 1 1 2 1 1 2 2 1 1 1 1 2 2 3 2 1 1 3 1 3 2 3 3 2 1 2 3 3 2 2 3 1 3 3 1 1 2 4 3 2 2 2 2 1 1 3 1 2 1 1 1 3 3 3 1 3 1 2 2 1 3 1 1 1 1 2 1 1 1 1 1 1 1 1 2 1 1 1 1 2 4 1 3 1 3 2 3 1 1 1 3 1 3 3 1 1 2 1 3 1 1 4 1 1 2 4 1 1 3 1 2 1 3 1 2 1 2 2 1 1 1 1 1 1 1 1 1 1 1 1 1 1 1 2 2 1 3 2 2 1 1 1 3 2 1 1 1 1 1 1 1 2 2 1 1 1 3 1 1 1 3 3 1 2 1 1 1 1 1 1 1 2 3 2 1 3 2 1 1 2 3 3 3 1 2 1 3 1 1 1 1 1 1 1 2 1 3 2 2 1 1 1 1 1 3 4 2 3 3 1 2 3 2 3 1 1 4 1 1 2 2 1 2 1 2 3 1 1 1 4 1 2 2 1 1 1 2 2 1 2 1 1 2 1 1 2 1 1 1 2 1 1 2 1 1 1 2 2 1 2 2 1 4 2 1 2 3 1 2 3 2 2 2 2 1 2 2 2 1 2 1 1 1 4 3 1 4 3 1 2 3 2 1 1 1 2 2 2 1 4 2 2 1 1 1 3 1 1 1 2 3 1 1 1 1 2 2 3 2 1 1 1 2 1 1 1 2 1 2 2 2 3 1 1 1 3 2 1 2 1 1 1 2 1 1 1 1 3 2 3 1 1 2 3 2 2 3 3 1 3 1 1 1 1 3 1 1 1 1 1 2 1 2 3 2 1 2 1 1 2 1 2 1 2 3 3 2 2 1 2 3 2 2 2 2 1 1 1 1 1 4 1 2 3 2 1 3 1 1 1 1 3 1 2 1 3 2 2 4 1 1 3 1 1 4 1 1 2 2 1 1 2 1 2 2 2 2 2 3 1 3 1 2 3 2 1 2 1 1 1 1 1 1 1 3 1 1 1 2 1 2 3 2 1 2 2 1 1 2 1 1 1 1 2 2 3 1 1 1 4 2 1 2 3 1 2 2 1 2 1 2 1 1 3 2 3 2 4 3 2 2 1 3 4 1 1 2 4 2 1 1 2 3 1 2 1 1 1 1 3 1 1 1 3 2 2 1 1 2 1 3 1 1 1 2 1 1 2 3 2 1 4 1 2 2 1 1 1 2 1 3 1 1 2 1 1 2 1 1 2 1 2 1 1 1 3 3 2 2 1 1 1 2 2 1 1 3 1 2 1 1 3 1 1 1 1 1 1 3 2 1 1 1 1 2 1 2 2 2 2 1 1 2 2 1 3 1 2 2 1 3 1 1 1 1 1 1 2 2 2 1 1 2 1 1 2 1 1 1 1 3 2 2 2 1 3 1 1 1 1 1 1 2 2 2 1 1 2 3 2 3 1 1 1 1 1 1 3 1 3 1 2 4 1 1 2 1 2 1 1 1 3 1 2 1 2 1 1 1 1 2 3 1 2 2 1 1 1 3 1 1 2 1 2 1 3 1 3 2 1 2 1 1 1 1 2 1 1 2 1 3 1 1 1 1 1 1 1 2 2 2 1 1 1 1 1 2 3 3 2 2 1 2 2 1 2 1 1 2 1 2 1 1 1 1 3 3 3 2 1 3 1 1 2 2 2 3 1 1 1 1 1 2 2 2 2 3 2 1 2 2 2 1 3 1 2 1 3 1 3 2 2 3 2 2 1 2 3 1 1 2 2 2 2 1 3 3 3 1 1 2 1 2 1 2 2 1 1 3 1 1 1 2 3 1 1 1 2 1 1 2 1 1 1 1 1 1 3 1 1 1 1 1 1 1 1 2 1 2 1 2 1 2 1 1 1 1 2 2 1 1 1 2 2 2 4 3 3 3 3 1 1 1 3 1 4 1 2 3 1 1 2 1 1 1 1 2 1 2 1 3 3 1 1 1 2 2 1 1 2 1 1 2 2 1 2 2 1 2 2 2 1 2 3 2 1 3 2 2 1 1 1 1 2 2 1 2 1 1 1 1 3 4 1 2 1 1 3 1 1 3 2 3 1 2 2 3 1 1 1 3 2 3 1 1 2 1 1 2 1 1 1 2 1 3 1 2 2 1 1 2 1 1 2 1 1 1 2 1 2 1 2 1 2 4 1 1 3 1 1 1 2 1 1 4 1 2 1 1 2 1 1 2 2 4 1 2 1 1 3 1 2 1 2 1 2 2 1 1 1 1 2 2 1 2 1 3 2 2 2 1 3 2 2 2 1 1 1 3 3 1 1 1 3 1 1 1 3 1 1 2 1 1 1 2 3 2 2 2 1 1 2 2 1 1 2 2 1 1 2 1 1 2 2 1 1 2 1 1 1 1 3 2 1 4 1 3 2 1 1 1 1 2 2 2 1 1 3 2 2 1 2 1 1 1 1 1 2 1 1 2 1 1 1 3 3 1 2 2 1 1 2 2 2 3 1 1 2 2 1 1 1 3 1 2 1 3 1 2 1 1 1 3 1 1 1 1 3 3 1 1 1 2 1 1 3 1 2 1 2 3 1 1 2 1 1 1 1 1 1 1 2 1 4 1 1 1 1 3 1 1 2 1 1 2 1 2 1 1 3 1 1 1 3 1 1 2 1 1 1 1 2 1 2 1 1 1 1 1 3 2 2 1 1 2 2 3 1 2 1 1 1 2 2 1 2 3 2 1 2 1 1 1 2 2 1 2 2 1 1 2 2 1 1 2 1 2 2 1 2 3 1 4 1 3 2 2 1 1 1 1 2 3 1 1 1 1 3 1 1 1 1 1 2 2 1 3 1 1 1 2 4 1 1 2 1 1 1 1 1 2 2 2 1 2 1 3 3 1 3 1 2 1 1 1 2 1 2 1 1 1 1 2 1 2 1 1 1 2 1 1 2 2 1 2 3 3 2 2 1 1 3 1 1 2 2 1 1 2 2 1 2 2 1 1 1 2 1 1 1 2 2 4 3 1 2 1 1 1 2 1 1 1 1 1 2 1 2 1 3 1 1 3 3 3 1 1 1 1 1 1 1 1 1 2 1 2 1 1 2 1 1 3 1 2 2 1 3 3 2 1 2 2 2 1 1 1 2 3 1 3 1 4 1 4 3 1 3 2 2 2 1 2 3 2 1 1 2 1 2 3 1 2 2 3 2 1 1 1 3 2 1 1 1 2 1 1 2 1 2 3 1 1 1 2 1 2 1 3 1 1 1 1 4 2 1 3 1 1 1 1 2 4 3 1 2 1 1 1 1 3 3 1 3 1 1 2 1 2 2 1 1 2 1 2 2 1 1 1 2 1 3 1 1 2 1 1 3 1 2 1 1 2 1 1 1 2 2 1 1 2 2 2 2 1 2 3 1 1 4 1 3 2 1 2 2 1 1 3 1 1 2 2 1 2 4 3 2 1 1 3 3 3 2 2 1 1 2 1 2 1 2 1 2 1 1 2 1 1 1 3 2 1 1 2 3 3 4 2 1 1 2 1 1 1 1 2 2 2 3 1 2 1 2 1 1 2 1 2 1 1 1 2 1 2 1 1 1 3 1 2 1 3 5 2 2 1 1 1 1 2 1 2 4 1 1 2 1 1 3 2 1 3 2 2 1 1 3 2 1 1 2 2 2 1 1 1 3 1 2 1 1 1 1 1 2 1 1 1 1 2 2 1 2 1 4 1 2 2 2 1 2 1 1 2 1 2 4 3 2 2 3 1 1 3 2 1 1 2 1 2 1 2 2 1 1 1 1 2 2 2 1 1 3 2 3 1 3 1 2 1 3 1 2 4 1 3 3 1 3 
