q 400
4 250 282 339 379 
2 195 320 
0 
2 45 217 
0 
3 124 221 371 
3 65 126 372 
1 105 
3 39 170 180 
4 77 294 388 397 
6 95 104 351 372 387 396 
3 178 204 341 
4 99 128 297 349 
3 104 149 369 
0 
1 309 
4 19 201 316 348 
5 77 83 208 240 267 
1 376 
3 16 157 164 
3 146 193 271 
1 268 
3 40 90 321 
0 
0 
2 336 344 
0 
5 28 39 78 138 180 
2 27 399 
0 
3 226 245 366 
0 
3 34 254 272 
0 
2 32 334 
4 158 180 182 384 
1 337 
3 94 131 213 
2 91 123 
5 8 27 60 72 139 
4 22 257 285 386 
0 
1 189 
3 250 272 356 
4 104 207 226 336 
3 3 77 188 
0 
3 131 162 250 
2 69 358 
1 228 
0 
6 80 94 277 319 340 396 
1 320 
1 320 
1 256 
4 156 165 191 358 
3 102 157 398 
5 165 186 232 235 236 
2 219 378 
2 336 355 
3 39 215 287 
1 71 
4 139 258 286 321 
1 66 
1 376 
5 6 132 216 262 310 
2 63 92 
3 168 258 306 
1 272 
1 48 
1 123 
4 61 216 235 341 
3 39 262 381 
1 198 
4 189 250 292 304 
1 256 
2 223 250 
5 9 17 45 275 286 
5 27 156 330 378 385 
3 87 137 279 
1 51 
5 124 153 180 260 352 
3 86 267 354 
1 17 
1 248 
3 116 385 399 
2 82 277 
3 79 367 397 
1 396 
2 161 203 
2 22 178 
5 38 104 267 312 397 
5 66 114 139 187 278 
2 117 211 
5 37 51 121 235 247 
4 10 200 255 398 
2 104 198 
3 253 264 270 
1 220 
3 12 267 288 
1 262 
0 
5 56 136 163 173 237 
1 364 
5 10 13 44 91 96 
2 7 354 
1 182 
2 206 295 
1 280 
1 128 
2 291 388 
4 198 225 263 281 
1 119 
5 167 178 237 316 376 
2 92 179 
4 296 316 344 380 
5 85 170 220 264 315 
3 93 240 331 
2 196 331 
2 112 156 
5 279 284 295 324 358 
1 94 
1 226 
4 38 70 132 221 
2 5 81 
3 165 338 386 
2 6 269 
3 218 284 359 
4 12 109 278 361 
0 
1 244 
4 37 47 248 292 
3 65 123 225 
0 
4 249 297 341 342 
2 181 232 
1 102 
2 79 222 
3 27 248 257 
4 39 62 92 294 
2 244 312 
3 267 272 300 
0 
0 
1 264 
3 152 227 248 
1 20 
0 
2 260 271 
1 13 
4 202 281 309 387 
1 308 
2 145 228 
2 81 183 
1 168 
0 
5 55 78 119 246 255 
3 19 56 369 
7 35 174 190 243 294 313 399 
5 174 289 333 380 387 
2 293 359 
2 89 375 
2 47 296 
2 102 361 
2 19 357 
3 55 57 125 
1 281 
5 113 256 272 299 326 
5 67 154 185 215 288 
1 265 
4 8 116 360 363 
2 177 247 
2 274 347 
1 102 
2 158 159 
2 223 262 
0 
2 171 249 
4 11 90 113 399 
1 114 
5 8 27 35 81 185 
4 135 195 361 392 
4 35 106 341 393 
2 153 219 
0 
2 168 180 
3 57 293 394 
2 92 274 
2 45 330 
3 42 74 392 
1 158 
4 55 315 329 332 
1 285 
3 20 223 296 
3 211 236 386 
5 1 181 196 265 345 
5 118 195 222 267 367 
1 230 
3 73 96 111 
3 200 212 275 
2 95 199 
1 16 
1 150 
1 89 
1 11 
2 295 356 
1 107 
2 44 276 
2 17 309 
0 
0 
3 93 194 359 
2 199 260 
2 37 391 
2 256 285 
2 60 168 
2 65 71 
1 3 
1 127 
2 58 183 
3 98 116 395 
3 5 123 261 
4 137 196 233 318 
3 76 175 193 
2 234 392 
2 111 132 
4 30 44 122 282 
4 145 280 375 393 
4 49 152 243 304 
1 241 
5 197 345 361 390 391 
0 
4 57 135 289 355 
4 222 272 280 351 
4 224 279 338 389 
3 57 71 94 
2 57 194 
2 102 113 
0 
2 257 375 
3 17 117 301 
1 229 
0 
2 158 228 
2 130 140 
3 30 256 307 
2 156 346 
3 94 171 275 
4 84 131 138 145 
4 134 177 354 380 
5 0 43 47 74 76 
0 
0 
2 97 395 
1 32 
2 95 156 
5 54 75 167 214 245 
4 40 138 239 372 
3 62 67 355 
1 347 
3 81 148 212 
1 221 
4 65 72 100 175 
1 111 
4 97 116 144 329 
3 169 195 360 
0 
6 17 82 91 99 141 196 
2 21 302 
3 126 285 349 
2 97 373 
2 20 148 
6 32 43 68 141 167 233 
2 370 381 
4 172 187 279 385 
3 77 199 247 
2 207 320 
3 51 86 367 
3 92 128 337 
4 79 120 234 274 
3 108 227 233 
3 111 150 166 
2 0 226 
0 
3 120 127 325 
6 40 192 214 269 286 331 
5 62 77 285 327 356 
1 60 
5 99 168 292 297 299 
4 159 232 323 342 
0 
3 110 335 377 
3 74 131 288 
3 160 186 359 
4 9 139 158 332 
4 107 120 205 303 
4 115 162 193 352 
3 12 134 288 
0 
5 167 288 322 366 385 
1 141 
2 240 308 
2 268 306 
2 295 372 
2 74 228 
0 
2 67 302 
4 245 313 329 382 
2 151 301 
4 15 150 208 356 
1 65 
1 399 
2 91 140 
3 158 307 343 
0 
4 116 191 316 359 
5 16 113 115 315 330 
0 
1 222 
1 51 
4 1 52 53 276 
3 22 62 377 
1 299 
1 289 
1 120 
1 284 
1 167 
1 286 
0 
3 191 264 307 
3 78 188 316 
5 117 118 285 332 361 
3 191 294 331 
1 159 
1 34 
1 291 
3 25 44 59 
2 36 278 
3 125 234 374 
3 0 342 354 
1 51 
4 11 71 134 182 
3 134 289 339 
2 313 372 
3 25 115 368 
3 195 230 365 
1 246 
2 172 259 
2 16 367 
2 12 269 
0 
3 10 233 392 
2 81 296 
0 
4 82 105 249 339 
3 59 232 258 
5 43 205 286 309 396 
1 164 
4 48 55 120 384 
5 127 160 211 293 315 
2 170 265 
5 128 163 181 230 331 
0 
1 170 
1 103 
1 345 
2 30 299 
4 87 196 277 348 
2 344 387 
2 13 157 
1 273 
2 5 385 
6 6 10 257 303 343 388 
1 270 
1 338 
3 161 227 239 
3 18 64 113 
2 291 321 
2 58 78 
1 0 
4 115 159 249 389 
2 72 273 
1 307 
0 
2 35 358 
5 78 85 274 299 371 
3 40 125 194 
4 10 150 159 368 
3 9 110 372 
2 234 380 
1 230 
2 213 230 
4 181 189 224 351 
2 182 227 
1 186 
2 220 253 
4 10 51 88 356 
3 9 87 91 
2 56 95 
5 28 85 158 178 311 
2 1 1 1 1 2 2 2 3 2 4 2 2 2 1 1 2 3 2 1 1 1 3 1 1 1 1 4 1 1 2 1 1 1 2 3 1 1 1 2 2 1 1 2 3 3 1 1 2 2 1 1 1 1 1 3 3 3 1 1 3 2 3 2 2 1 1 2 1 1 1 1 3 1 1 1 2 1 3 2 2 2 1 1 1 3 2 1 1 2 1 3 3 3 2 3 3 1 1 1 1 1 2 2 1 1 1 2 1 2 3 3 1 2 2 1 1 1 3 2 2 1 2 4 1 2 1 2 1 1 1 2 2 1 1 2 1 1 1 1 1 2 1 1 1 1 2 1 1 1 1 1 2 1 2 1 1 2 1 4 1 1 3 1 2 1 1 4 1 1 2 1 1 1 2 3 1 3 3 1 1 1 2 2 1 2 1 1 2 2 2 2 2 3 1 4 1 1 2 2 1 1 2 1 1 2 1 1 1 1 1 2 1 2 3 2 2 2 1 3 2 3 2 1 1 1 1 3 1 2 2 1 1 4 2 4 2 1 1 1 2 1 1 2 2 1 2 3 3 2 3 1 1 2 2 2 2 4 1 1 3 1 2 1 2 2 1 4 2 2 2 2 3 2 3 4 2 3 2 1 2 2 3 1 1 1 2 1 2 3 1 2 3 2 3 1 2 3 1 3 1 1 1 2 2 1 3 3 2 2 2 1 2 2 1 4 3 1 1 2 3 2 1 1 1 2 1 1 1 1 1 2 1 1 1 1 2 3 1 1 2 3 2 1 2 3 1 2 1 1 1 1 1 1 3 2 1 1 1 3 1 3 1 1 1 1 1 2 1 1 1 1 3 1 2 2 1 1 2 1 3 1 1 1 2 2 3 2 1 1 1 1 3 1 2 1 2 4 1 2 
