m 2900
3 2295 2748 2823 
4 304 503 860 2503 
1 2260 
2 1124 2161 
5 476 940 1471 1933 2506 
3 234 1568 1574 
2 2360 2691 
2 330 1238 
6 123 851 852 2477 2520 2766 
0 
3 660 1114 1207 
4 86 122 1153 1694 
3 834 1417 2678 
0 
2 2144 2451 
4 391 627 1186 2199 
2 1194 1341 
4 1405 2074 2151 2305 
2 535 1714 
5 90 286 758 803 1368 
2 510 2300 
3 329 1978 2710 
0 
3 465 1261 1826 
0 
2 890 2536 
2 146 1167 
3 1850 2731 2745 
2 54 1324 
2 197 1525 
0 
4 132 1610 1723 1890 
0 
4 337 806 918 2271 
2 597 2610 
1 287 
4 488 1268 2516 2701 
2 1914 2230 
5 498 1043 2053 2199 2701 
2 333 852 
1 2074 
4 134 943 1056 1815 
9 447 455 518 527 1209 1449 1503 2449 2575 
1 2309 
3 880 1274 1728 
2 332 1660 
1 493 
4 205 1083 1176 1820 
1 70 
3 806 1960 2373 
4 152 213 382 1262 
4 628 936 1580 1643 
2 364 1195 
5 1367 2171 2184 2216 2405 
3 28 1961 2850 
1 2169 
3 1338 1418 2747 
0 
3 1520 2821 2866 
2 1150 2478 
2 381 2202 
6 2131 2274 2329 2375 2633 2800 
3 162 1611 2017 
2 916 1006 
2 242 676 
3 573 867 2757 
2 1347 2714 
4 222 1321 1918 2673 
3 1056 2446 2455 
3 386 1009 2115 
3 48 975 2783 
2 262 2204 
2 825 2678 
1 1227 
1 1388 
2 863 950 
4 543 951 2235 2863 
4 434 1519 2820 2852 
4 595 1094 1318 2764 
4 1095 1198 1351 2137 
3 276 1165 1629 
2 236 2749 
3 2364 2849 2888 
3 450 2174 2709 
2 1410 2656 
1 1201 
2 11 2783 
4 722 926 2283 2881 
3 489 1272 2471 
2 427 503 
3 19 940 1910 
1 1068 
2 296 911 
5 1188 1253 2091 2555 2790 
1 1424 
1 1143 
2 1568 1614 
2 2247 2695 
2 2141 2266 
1 2521 
1 439 
3 1131 1806 2025 
1 266 
1 922 
0 
0 
0 
0 
1 679 
1 164 
3 761 1040 1707 
0 
0 
0 
0 
3 448 2588 2769 
3 122 1463 1759 
6 780 1192 1361 2398 2775 2888 
2 2101 2290 
4 1905 2057 2533 2888 
0 
2 1104 2701 
5 11 116 1607 2222 2515 
2 8 2112 
4 426 1122 1302 1939 
4 694 822 2166 2407 
3 1173 1685 2820 
4 486 968 1453 1685 
1 2598 
4 557 1201 1882 2131 
3 1270 1557 1890 
3 887 2041 2314 
5 31 1417 2180 2364 2821 
1 721 
5 41 589 863 1120 2206 
1 250 
2 2700 2799 
1 992 
1 1886 
1 370 
3 780 1612 1871 
1 915 
2 2463 2747 
6 891 1652 2041 2044 2310 2430 
1 1327 
2 589 1264 
2 26 1309 
4 661 845 1382 2177 
2 256 2600 
0 
1 2504 
2 413 1075 
2 50 1222 
3 333 1387 2446 
2 505 2293 
6 202 1312 1653 1686 2039 2117 
0 
0 
3 1068 1214 1999 
4 572 1927 2233 2893 
2 1692 2625 
6 488 558 1068 1337 1805 2255 
3 62 1949 2269 
0 
3 109 411 2269 
3 200 1425 2248 
2 510 1820 
2 304 1875 
2 2459 2824 
2 2047 2148 
5 289 896 1322 2073 2810 
1 786 
1 1435 
1 794 
0 
3 1934 2050 2418 
1 560 
3 645 1445 1664 
2 546 1609 
2 291 2816 
2 596 2327 
4 843 1293 2113 2596 
1 929 
2 547 688 
3 646 1787 2427 
1 2143 
1 200 
4 194 2091 2146 2431 
1 573 
0 
1 1532 
0 
2 2225 2819 
0 
4 187 206 1094 2266 
3 1452 2434 2500 
3 847 1035 1431 
6 29 420 507 1067 2656 2873 
3 311 490 1904 
5 280 877 1611 1840 2132 
3 165 186 2334 
2 1517 1532 
2 155 1633 
1 2738 
0 
6 47 699 1191 1892 2450 2802 
2 194 2058 
2 587 1857 
2 698 1015 
3 438 1999 2289 
1 620 
3 1263 1314 1875 
1 2046 
5 50 997 1787 2405 2475 
2 564 1301 
2 1794 2440 
3 430 1727 2691 
3 676 1167 1826 
2 2120 2824 
3 431 432 1179 
6 771 910 1077 1213 1537 1824 
2 2011 2873 
4 67 394 1722 1742 
1 1344 
1 501 
2 752 907 
1 1280 
1 479 
2 601 1016 
5 781 1394 1879 1903 1920 
2 1260 2529 
3 262 702 755 
4 1119 1543 1633 2829 
0 
3 5 1621 2516 
3 2006 2392 2423 
2 81 2824 
0 
3 1425 2456 2781 
2 2086 2113 
1 2192 
0 
4 64 684 851 858 
2 1389 2799 
6 416 747 1277 1467 1613 2577 
3 561 1270 1303 
1 1339 
4 856 1126 1349 1720 
5 724 818 2002 2119 2869 
4 370 574 721 1917 
3 135 532 1216 
1 1330 
3 1132 1239 2311 
8 986 1100 1107 1110 1705 2337 2592 2711 
1 1345 
3 1422 2696 2857 
4 148 378 994 1321 
2 2258 2486 
2 2736 2857 
4 484 1783 2399 2861 
2 1939 2239 
1 1188 
4 71 231 2034 2590 
3 1127 1530 2793 
0 
1 2426 
3 102 966 1033 
1 2722 
1 2757 
2 559 642 
1 2752 
1 2687 
1 386 
2 2203 2252 
2 1832 2540 
4 327 1433 2287 2454 
8 80 284 439 1138 1402 2473 2724 2876 
4 969 2243 2600 2829 
1 2480 
5 407 1342 2340 2400 2587 
4 199 636 1572 2432 
2 991 2065 
5 538 679 1556 1749 2166 
1 1646 
2 276 627 
3 2015 2138 2208 
3 19 506 2048 
5 35 418 1673 2144 2645 
3 635 1323 2701 
1 170 
2 1056 2377 
5 179 372 893 1066 1068 
4 351 1501 1615 1768 
2 389 2812 
3 1752 2492 2557 
2 1045 2660 
4 92 470 555 1278 
2 1519 1996 
3 375 1450 2582 
1 734 
1 2602 
0 
8 711 1072 1248 1373 1808 2251 2711 2746 
4 684 1080 1852 2603 
6 1 167 1645 1761 2551 2554 
1 2245 
3 746 1662 2008 
1 1945 
4 561 721 753 1054 
1 856 
4 1572 2274 2528 2596 
2 198 434 
2 938 1485 
2 1560 1669 
4 776 1146 1322 1670 
0 
2 1033 1611 
3 1189 2329 2573 
1 1875 
1 889 
3 410 2164 2675 
1 873 
2 2485 2500 
4 902 1633 1706 1799 
0 
3 698 873 2486 
1 2772 
2 275 1887 
3 390 1061 1615 
2 21 1502 
3 7 874 877 
3 1025 1773 1857 
5 45 2052 2167 2171 2631 
3 39 153 1716 
0 
2 1090 1996 
4 798 2253 2776 2815 
3 33 1605 2618 
5 773 1861 2334 2408 2495 
3 650 1227 2024 
2 341 2339 
2 340 984 
2 1250 2376 
3 1138 1212 2657 
2 566 1611 
2 477 1600 
2 423 969 
4 1344 2118 2159 2817 
3 573 1830 1854 
4 516 1790 2455 2655 
2 738 1588 
3 292 833 2228 
2 1646 1845 
3 653 803 1692 
1 2097 
1 1886 
1 2700 
3 528 1020 2813 
1 2507 
4 954 2690 2746 2808 
9 509 1162 2409 2581 2666 2679 2692 2779 2876 
4 1698 1892 2606 2677 
5 959 1071 1264 2632 2896 
1 2098 
6 52 469 500 1068 2033 2462 
3 976 1232 2575 
1 1215 
2 903 2459 
2 575 2616 
3 1715 2139 2407 
5 139 249 1025 1667 1691 
2 573 1268 
4 291 623 1004 2820 
0 
1 2145 
2 298 1470 
3 1378 1685 2845 
2 1046 2054 
2 256 2553 
0 
1 2306 
3 60 893 1117 
4 50 455 1198 1268 
1 1004 
2 1164 2689 
0 
3 69 272 2017 
3 931 1531 2276 
1 1292 
1 293 
6 328 1026 1035 1598 2093 2646 
2 15 1523 
1 2333 
2 1613 2456 
3 222 2039 2080 
5 634 684 971 1518 2809 
3 906 2016 2305 
2 1747 2614 
0 
1 948 
3 581 2754 2896 
1 2246 
2 717 1390 
5 1626 2212 2716 2751 2854 
4 636 1181 1405 1536 
1 2046 
1 1390 
3 279 1487 2379 
5 584 734 1267 2148 2451 
0 
1 320 
8 164 1118 1504 1517 1754 1864 2034 2742 
2 1662 2676 
3 151 2784 2792 
1 1322 
2 1021 1623 
2 244 822 
1 2191 
4 287 855 1568 1849 
2 1228 1245 
2 197 1939 
1 1977 
3 1889 2170 2501 
6 346 823 1590 1611 1821 2498 
2 1316 2822 
1 1920 
4 124 1618 1684 2556 
4 89 510 1685 2558 
1 614 
3 900 2476 2752 
4 216 672 737 1524 
2 219 568 
2 219 1401 
2 833 2419 
4 77 311 1753 1855 
0 
3 472 1496 1763 
2 755 2255 
4 209 1619 1683 2628 
2 100 276 
1 665 
0 
0 
2 484 1445 
2 676 934 
1 1330 
8 629 643 693 1009 1203 1992 2150 2220 
2 42 2548 
2 115 2815 
2 1152 1887 
2 83 2375 
3 1733 2720 2767 
1 1380 
4 1162 1644 2047 2820 
2 1572 2671 
3 42 382 1306 
1 2192 
2 945 1346 
1 2009 
3 677 757 1837 
2 1167 1812 
1 2541 
1 2797 
5 665 1537 1853 1973 2319 
1 528 
1 23 
1 2840 
1 1434 
1 845 
1 364 
1 296 
1 2144 
3 436 749 1345 
1 689 
2 1815 2090 
1 1380 
3 4 1684 2686 
3 345 890 1638 
5 1409 1457 1834 2477 2671 
2 227 1185 
2 1444 2843 
1 1275 
3 938 1833 2103 
0 
3 259 443 2630 
2 702 1928 
1 127 
0 
6 36 161 513 1228 1418 1555 
1 88 
2 198 2060 
2 1191 1647 
1 2790 
2 46 2759 
3 1476 2372 2570 
2 1700 2842 
1 2181 
2 1571 2709 
4 38 1612 1677 1891 
3 1924 2165 2589 
3 364 2496 2592 
2 224 1387 
0 
4 1 89 982 2274 
2 911 2523 
3 154 849 2404 
2 286 1218 
2 197 800 
4 1245 2084 2226 2262 
2 360 1191 
4 20 166 427 658 
0 
1 2531 
2 488 1987 
1 2684 
1 2829 
6 349 776 1022 1235 1566 1860 
2 2216 2387 
2 42 2029 
3 1515 2592 2601 
2 1852 1890 
5 540 843 987 2426 2696 
5 1535 1635 2151 2197 2611 
2 1431 1506 
2 1376 2718 
2 1068 2742 
5 543 1815 2309 2714 2773 
3 42 1489 2079 
4 357 464 966 2085 
3 1964 2285 2759 
0 
2 706 1133 
2 250 918 
0 
3 2086 2566 2696 
2 18 2148 
2 2291 2377 
1 1466 
3 282 1385 2494 
1 1274 
2 521 2347 
2 961 2249 
0 
9 76 526 1423 1512 1778 2241 2410 2762 2855 
0 
2 785 2691 
1 178 
4 183 1544 1735 2621 
2 1170 2293 
3 684 687 2828 
1 557 
4 1122 1176 1377 2475 
1 2109 
6 1283 1311 1551 2249 2405 2742 
1 1065 
3 296 558 2036 
3 737 1920 2043 
4 129 550 782 1151 
4 161 555 1404 2565 
2 269 2528 
4 176 1312 2685 2754 
4 245 308 843 1154 
0 
3 1081 1201 1228 
3 214 2034 2851 
0 
3 344 1080 1905 
4 610 828 1439 2457 
2 431 1608 
1 2152 
4 2473 2627 2634 2637 
2 1865 2023 
3 159 1979 2722 
6 65 188 348 371 1175 2604 
1 249 
1 368 
5 661 1433 1493 1680 2190 
1 606 
2 940 2442 
1 1078 
4 814 1189 1698 2221 
2 400 1674 
2 957 2409 
4 1031 1507 1597 2101 
2 408 1546 
2 1369 1842 
2 1177 1615 
5 207 732 966 1627 1655 
0 
2 134 145 
3 1336 1504 2833 
1 1497 
0 
1 1647 
2 1834 1866 
4 78 1229 1433 1723 
2 180 1001 
3 34 1557 1569 
0 
2 1272 2898 
2 1185 2787 
3 228 1223 2718 
0 
2 1040 2726 
4 760 895 1361 1584 
2 1920 2094 
3 577 1241 1377 
2 659 912 
2 817 1025 
1 765 
2 567 2114 
2 2285 2705 
1 1621 
1 1005 
2 428 984 
2 880 1659 
2 874 1453 
3 1423 1862 2380 
3 1515 2668 2880 
0 
1 210 
1 1048 
5 1184 1744 2740 2744 2773 
5 372 707 1193 2143 2809 
1 2866 
2 845 896 
3 1364 1949 2728 
4 15 284 674 1565 
2 51 2168 
3 446 1325 2606 
2 862 2264 
3 1284 1690 2408 
2 751 1114 
0 
3 395 1591 2344 
5 288 891 1344 1997 2410 
3 280 404 887 
2 1384 1890 
2 1628 1721 
4 659 1384 1560 2024 
1 1558 
2 1007 1598 
2 269 1605 
3 446 1496 2066 
1 1983 
2 177 2450 
2 184 778 
2 1971 2154 
5 1291 1560 1844 2612 2780 
4 712 1559 2620 2822 
5 339 760 2152 2475 2640 
2 845 1227 
3 1460 1694 2410 
1 353 
2 1363 1510 
0 
1 1179 
2 2509 2725 
4 510 1070 1341 2164 
3 607 639 693 
2 10 1958 
2 147 576 
1 1459 
0 
1 942 
2 440 463 
0 
5 704 963 1358 2206 2595 
0 
2 703 2657 
1 2075 
2 806 2077 
5 430 1776 1934 1975 2012 
6 729 797 1712 2347 2568 2710 
4 627 989 1556 2612 
1 1231 
4 64 217 444 2490 
7 459 1176 1866 2514 2641 2663 2710 
1 2262 
4 108 282 1453 1607 
2 1260 1466 
3 1450 2344 2638 
1 1809 
2 2724 2896 
4 242 303 395 549 
0 
1 2664 
4 549 1324 1701 2352 
2 183 2498 
2 473 2720 
1 1721 
2 879 2617 
3 1219 2411 2756 
4 446 659 899 2323 
2 125 2765 
1 753 
2 1546 1739 
1 2627 
5 208 325 1220 2093 2665 
2 205 1596 
0 
2 1254 1800 
3 231 485 2498 
6 669 926 1362 2017 2105 2521 
1 667 
2 2374 2886 
4 531 1708 1712 2119 
4 623 884 1024 2267 
1 890 
1 1603 
2 1849 2021 
2 302 2886 
2 649 1095 
1 1446 
2 1985 2682 
1 1402 
0 
2 402 2119 
3 825 1064 2797 
2 916 1578 
0 
3 133 249 308 
5 87 1049 1503 2562 2886 
4 1016 1384 1889 2876 
1 248 
2 736 2158 
2 2051 2685 
4 1481 1833 2302 2806 
2 1971 2664 
1 673 
1 2256 
0 
3 587 1250 2373 
1 2052 
4 299 408 1226 2600 
2 2011 2428 
3 725 1278 1787 
3 430 556 1743 
1 350 
1 1433 
3 1150 1931 2348 
0 
2 1598 2785 
3 1842 2014 2348 
1 1280 
0 
6 306 1201 1735 1990 2041 2706 
5 244 931 2053 2283 2618 
1 2840 
5 472 930 1431 2232 2855 
1 1096 
4 632 1728 2736 2899 
1 225 
4 308 695 1608 1783 
1 1152 
3 231 437 1407 
2 772 942 
1 459 
4 19 2099 2797 2819 
2 1053 2819 
4 604 650 1435 2737 
1 110 
3 1009 1517 2797 
2 2174 2544 
0 
2 609 1300 
2 1154 1267 
0 
1 2153 
1 789 
3 1236 1324 2075 
1 220 
3 756 1463 2122 
2 338 1939 
1 1428 
1 2635 
2 314 516 
1 1005 
5 646 1037 1088 1396 2015 
0 
5 117 140 1992 2011 2205 
1 229 
4 557 998 1162 1171 
2 2249 2587 
2 1049 2277 
3 545 1966 2872 
1 171 
1 2202 
2 980 1902 
2 769 2612 
0 
4 929 1551 1970 2754 
1 2338 
4 1132 1657 2058 2121 
2 173 2597 
6 1118 1524 1976 2517 2742 2751 
1 2067 
4 673 2249 2328 2443 
2 336 1597 
2 1240 1506 
2 507 1514 
2 1581 2469 
2 1087 1347 
4 19 353 1058 1357 
0 
3 1499 1717 2274 
3 33 49 671 
1 2369 
1 2482 
3 2165 2472 2666 
3 1317 1877 2367 
1 1369 
5 919 1067 1561 1917 2270 
0 
3 580 2186 2512 
0 
4 1353 1770 2016 2249 
1 608 
1 248 
0 
2 1361 2062 
2 1143 2577 
4 125 416 1703 2868 
2 423 2712 
1 1969 
4 72 718 1049 2669 
0 
2 1456 2212 
2 567 1252 
0 
3 1520 1699 2842 
2 2079 2771 
1 2272 
5 351 433 1607 1842 2856 
1 12 
1 1816 
0 
3 1664 2134 2647 
1 2087 
2 2059 2847 
3 1524 2318 2351 
2 2070 2685 
2 1236 1537 
6 181 521 561 1081 1777 1866 
0 
7 147 468 625 651 1452 2463 2572 
2 988 1840 
1 196 
1 1064 
3 505 1167 2646 
1 1099 
4 8 242 2260 2641 
4 8 39 1786 2035 
3 1282 1372 1998 
2 1106 1879 
2 418 2755 
4 247 309 1459 2138 
1 2609 
1 242 
2 1086 2611 
6 1 996 1168 1625 2242 2506 
0 
4 630 983 1255 2680 
5 75 134 1275 1790 2389 
1 1015 
1 1769 
0 
5 65 1393 1820 1857 2612 
2 1034 1506 
0 
3 969 1033 1249 
2 1548 2454 
0 
5 321 325 1017 1420 1475 
3 330 616 1009 
1 2770 
2 975 2336 
3 199 330 2271 
1 2840 
4 691 1154 2254 2837 
5 44 615 1608 1618 2608 
0 
1 1821 
1 1773 
4 707 922 2772 2792 
0 
4 1765 2230 2251 2591 
2 131 636 
3 938 1668 2717 
2 319 1987 
5 25 477 708 2112 2840 
3 143 635 2454 
3 1348 1962 2530 
3 291 381 2688 
0 
3 604 1208 2855 
5 170 625 1367 2155 2181 
4 1005 1113 1633 2244 
4 1717 1898 1994 2109 
4 693 1514 1791 1958 
3 429 2234 2645 
0 
1 323 
4 367 2131 2627 2866 
0 
2 1504 1623 
2 396 2304 
3 225 1129 2226 
2 1345 2661 
1 2459 
2 220 1087 
2 92 504 
3 607 1544 2019 
1 1860 
1 2726 
2 141 2526 
3 63 719 1923 
1 2753 
4 33 532 1415 2145 
3 812 2363 2389 
1 2249 
0 
4 103 884 2397 2514 
3 1511 1782 2782 
2 1075 1581 
1 1769 
3 87 703 1700 
3 1929 2681 2806 
1 2309 
3 182 791 2688 
3 749 1515 1767 
6 387 747 1459 1532 1966 1998 
4 1200 1406 2651 2695 
2 1093 2850 
3 444 1274 1624 
2 1377 1419 
3 51 1995 2451 
1 1816 
5 312 482 888 1657 1851 
2 944 2806 
5 4 90 578 1388 2107 
0 
6 664 756 1579 1898 2594 2611 
6 41 1318 1572 1934 1988 2646 
2 939 1789 
4 457 1638 2760 2875 
0 
3 1212 1414 2141 
4 399 1201 2094 2500 
0 
2 75 2145 
3 76 1372 2192 
1 2131 
2 1129 2035 
5 359 1278 1478 2504 2827 
1 1019 
2 2737 2875 
3 582 2268 2791 
2 1501 2162 
3 362 1111 1362 
0 
2 541 1199 
0 
1 667 
1 2676 
2 1605 2568 
4 266 528 587 2629 
1 2419 
3 127 2408 2782 
5 277 346 870 1062 1944 
3 1093 1127 2230 
4 395 1143 1692 2705 
2 1040 1127 
3 1115 2161 2211 
1 1621 
3 70 876 2187 
2 365 2645 
1 2559 
2 1011 1906 
3 1236 1270 2417 
1 788 
0 
4 503 1317 1975 2759 
2 862 2725 
4 341 614 1601 2154 
3 2598 2629 2879 
1 253 
2 521 2223 
2 846 2680 
4 674 1393 1469 2582 
2 1002 1626 
3 281 1119 1484 
2 137 2355 
2 2758 2765 
3 256 1251 2809 
1 1232 
2 860 1943 
8 213 1063 1226 1361 1980 2053 2233 2646 
4 782 1359 1843 2819 
3 1017 1947 2885 
1 2540 
4 596 1306 1329 2856 
4 990 1014 1611 1872 
3 1499 2171 2475 
8 372 383 1047 1146 1263 1317 1562 1932 
4 613 777 897 2107 
1 63 
3 641 1964 2511 
0 
6 69 446 762 874 2197 2796 
1 2478 
2 978 1706 
5 1019 1153 1364 1369 2849 
0 
1 1002 
4 208 864 1489 2889 
4 228 723 2404 2627 
3 873 999 1595 
1 1464 
6 955 1012 1201 1348 1379 1440 
2 357 1802 
2 415 2008 
5 516 1174 1848 1980 2075 
2 1136 2075 
3 707 1694 1783 
4 331 370 608 1705 
1 390 
3 1266 1685 1759 
0 
1 1730 
5 1128 1135 1313 1880 2543 
1 583 
0 
4 266 316 870 1061 
3 868 2122 2782 
2 196 390 
1 1211 
3 778 1763 2095 
1 1101 
1 2720 
4 110 603 972 1142 
0 
1 1077 
3 38 1966 2224 
2 1324 2742 
2 295 2417 
3 377 1571 1624 
1 1004 
3 621 1818 2792 
6 722 784 825 1190 2374 2615 
1 2711 
0 
3 1651 1828 1846 
1 759 
3 308 2261 2432 
2 1976 2862 
5 41 68 290 1068 1251 
1 1196 
4 803 1373 2075 2603 
0 
2 1276 2625 
3 328 1033 2429 
2 969 2740 
5 997 1174 1849 1990 2314 
2 718 848 
3 554 1157 2620 
2 291 1231 
4 197 812 1345 2744 
12 91 158 161 291 364 525 1056 1080 1553 1955 2303 2733 
0 
1 658 
3 362 1269 1817 
3 302 1330 1918 
1 2514 
2 1723 2041 
2 151 924 
1 2346 
3 220 1042 1132 
2 579 2582 
0 
4 303 566 1068 1494 
2 563 843 
3 1211 1270 1549 
1 47 
0 
0 
3 859 1517 2723 
6 802 910 1588 1933 2578 2889 
4 778 1658 1858 2319 
0 
2 335 2272 
1 2242 
1 2525 
4 933 970 2059 2850 
5 78 194 1718 2232 2727 
4 79 712 2643 2808 
4 750 1583 2597 2770 
6 2073 2166 2321 2510 2626 2764 
0 
3 850 2290 2849 
1 253 
3 1038 1787 2371 
1 1945 
0 
3 121 2626 2771 
1 2002 
4 854 1483 1805 2032 
2 253 2467 
0 
3 1301 1626 2786 
3 253 2161 2404 
2 959 2125 
2 1514 2478 
2 897 1632 
2 10 632 
1 973 
1 2273 
1 381 
4 411 795 2142 2849 
2 232 991 
3 134 1375 1867 
0 
2 124 551 
1 2536 
2 3 1194 
2 1395 2322 
4 247 1655 2146 2860 
4 263 970 972 1339 
5 1030 1278 1652 2194 2329 
2 907 953 
1 2213 
3 101 2532 2712 
5 252 793 1077 1883 2408 
3 531 1908 2854 
2 1798 2826 
2 1030 2518 
4 1023 1254 1990 2458 
0 
3 276 343 2257 
3 1414 1516 2494 
2 1986 2086 
3 2216 2812 2894 
4 1040 1622 2498 2506 
7 95 821 971 1211 1461 1883 2861 
0 
1 1367 
3 314 1004 2871 
0 
2 1433 2351 
0 
2 59 740 
3 557 1348 2129 
6 449 754 1720 2029 2180 2421 
4 11 1012 1394 2467 
5 561 766 879 2279 2898 
4 2068 2263 2453 2801 
1 1286 
1 1065 
0 
1 1550 
1 2628 
0 
3 360 453 782 
3 1323 2379 2739 
5 384 1215 1518 2041 2585 
5 80 1412 1459 1813 2623 
2 1760 2704 
7 26 217 460 849 1675 2113 2260 
2 860 1178 
1 1392 
4 548 1458 1504 2076 
1 782 
3 1325 1835 2695 
4 126 1332 1352 1430 
6 1022 1063 1589 2168 2706 2757 
2 573 1190 
4 47 551 677 2172 
1 586 
1 1168 
5 219 656 1308 2209 2890 
1 2108 
2 404 2769 
3 1836 2343 2625 
4 1418 1424 2543 2789 
2 622 2549 
4 479 600 1596 1776 
1 15 
1 1408 
2 93 261 
5 317 580 1372 1698 2234 
2 1049 1175 
4 205 491 509 1503 
2 117 1513 
4 623 1434 1991 2130 
2 16 1124 
2 52 2418 
2 1057 1606 
3 1342 1517 2586 
2 79 382 
3 961 1401 2331 
2 932 1436 
6 85 129 563 746 948 1019 
3 1338 2199 2550 
2 446 1313 
0 
1 1866 
1 2831 
4 10 1560 2131 2497 
3 895 2176 2779 
2 42 2160 
0 
6 1036 1082 1143 1462 1832 1863 
4 343 947 1444 1663 
1 220 
4 158 1689 1827 2144 
3 366 1164 2510 
3 250 1279 2238 
2 1416 2572 
1 506 
4 692 1361 2677 2690 
1 698 
1 1288 
2 152 1834 
2 601 1350 
3 1631 2088 2126 
1 1978 
3 734 997 1635 
7 73 339 651 1264 1378 1661 1767 
3 419 488 563 
3 595 2107 2507 
2 2400 2629 
3 675 1066 2760 
7 365 995 1473 2445 2577 2621 2745 
1 2779 
2 1522 2072 
5 516 1928 2235 2888 2892 
5 770 842 979 1693 2108 
1 1825 
2 7 2731 
3 252 2289 2295 
3 799 1711 2421 
6 606 1630 1734 1806 1872 2188 
1 2104 
2 1320 2117 
1 2556 
3 419 508 2375 
1 2241 
0 
3 302 2272 2486 
3 870 1301 2649 
3 342 732 2871 
3 994 1056 1948 
2 828 1634 
4 93 1397 1529 2207 
3 701 1136 1943 
4 862 2195 2349 2733 
3 1921 2266 2576 
0 
2 1803 2547 
1 1922 
4 230 680 2159 2594 
3 23 1687 2756 
2 50 2146 
3 211 1004 2858 
3 145 362 1227 
2 1438 2814 
2 1027 1670 
6 408 766 1754 1826 2611 2753 
6 36 371 382 1555 2018 2365 
1 1071 
8 130 245 979 1082 1801 1831 2032 2557 
1 1871 
4 88 599 2103 2780 
1 2731 
3 44 539 934 
2 481 863 
3 1060 1322 1764 
2 244 1719 
6 296 736 954 1128 2520 2826 
3 1216 1612 1944 
2 226 744 
1 1782 
2 853 2028 
2 553 1875 
1 631 
1 2156 
5 1156 1391 1904 2624 2699 
1 1422 
2 1221 2832 
1 1295 
0 
4 648 1845 2474 2580 
2 388 2829 
1 181 
0 
3 1289 1657 2231 
3 2284 2502 2713 
1 1496 
0 
2 1643 2083 
1 765 
4 214 1109 1249 1425 
4 124 2235 2284 2507 
2 245 1914 
1 1683 
2 1448 1720 
2 455 1001 
0 
3 1179 2147 2361 
2 146 1735 
0 
3 553 1883 2287 
2 155 560 
4 1030 1203 2121 2712 
2 211 1354 
2 1763 2690 
2 424 1716 
5 810 982 1004 2670 2710 
2 78 943 
1 1349 
2 1243 1337 
3 67 256 2188 
4 170 314 414 1276 
2 288 1163 
4 28 687 770 1044 
2 629 1172 
1 1950 
1 144 
0 
3 1001 1631 1921 
5 251 445 1072 1701 1853 
1 2579 
3 1173 2382 2769 
0 
2 2128 2182 
0 
1 590 
5 161 1320 1593 1717 2687 
2 56 1202 
4 246 1127 1479 2060 
2 1932 2394 
4 16 658 2536 2702 
4 279 1197 1930 1976 
1 1839 
5 223 347 635 2202 2301 
5 254 472 908 1067 2440 
2 457 1933 
4 66 802 1965 2583 
3 892 1019 1151 
4 247 1319 1438 2477 
1 1223 
2 79 1754 
1 1173 
1 816 
1 1314 
1 1982 
2 1364 2253 
2 803 1504 
2 667 2607 
2 998 2531 
2 1826 2845 
5 117 604 820 997 1219 
5 703 959 1797 2005 2255 
3 654 1382 2185 
4 626 1012 1356 2515 
0 
2 2089 2199 
3 53 896 1145 
2 19 2563 
3 585 811 1012 
1 1379 
1 1746 
4 853 951 1189 2680 
4 302 1058 2586 2620 
2 1409 1652 
3 1120 1568 2688 
5 524 2092 2137 2452 2553 
5 551 606 935 2040 2471 
3 376 1227 1861 
3 1019 1370 1528 
3 452 475 2035 
1 1589 
2 147 1363 
2 1513 2428 
4 637 639 723 2866 
1 538 
4 2193 2222 2494 2795 
3 153 501 2560 
5 74 940 1599 2366 2696 
2 243 1757 
2 402 406 
3 1286 2794 2843 
1 1169 
5 867 989 1463 1778 2333 
2 229 1153 
3 1125 2325 2564 
2 778 2545 
1 1253 
1 2844 
1 2611 
0 
4 432 1199 2780 2824 
3 276 715 1456 
0 
1 558 
3 17 404 2142 
3 932 2113 2201 
1 755 
2 1187 2455 
2 478 1374 
3 84 1721 2349 
1 1927 
5 1165 1525 1789 2093 2647 
1 1883 
2 947 1139 
3 918 1666 1942 
1 1217 
3 12 132 2431 
7 56 488 1183 1530 1914 2266 2838 
2 935 2191 
1 873 
0 
2 255 1287 
3 543 617 2669 
2 94 1183 
4 165 238 1301 2686 
0 
0 
1 774 
2 2409 2585 
3 1173 2000 2453 
4 196 523 749 2323 
1 1675 
6 275 576 595 739 1148 2215 
3 467 1193 1554 
2 172 760 
2 1200 1617 
3 1565 2184 2821 
4 1265 1349 1914 2000 
2 567 1807 
3 1019 1671 2797 
1 1611 
1 2653 
0 
4 480 1212 1612 2739 
3 177 443 2588 
2 713 2039 
0 
1 1305 
4 42 1734 1766 2337 
5 298 681 1624 1667 1777 
1 2555 
3 195 845 1489 
4 127 616 679 1895 
2 2254 2846 
1 2194 
2 827 1402 
2 478 2525 
4 1170 1580 1737 2276 
5 662 856 931 1165 1864 
1 652 
2 1143 1464 
2 1211 1831 
7 116 772 1393 1573 1967 2478 2664 
4 1018 1461 1910 2323 
1 1618 
2 537 680 
1 244 
0 
3 989 2541 2612 
3 375 1813 2879 
3 4 1964 2118 
2 1554 2667 
1 1232 
1 2335 
1 873 
1 494 
1 1556 
2 954 1896 
2 1339 1560 
1 2394 
3 727 1719 1856 
1 2704 
2 1106 2744 
5 991 1601 1674 2384 2635 
3 312 2015 2056 
1 2522 
1 407 
3 1552 1827 1990 
4 527 1015 1452 1818 
2 2285 2844 
1 2737 
1 2840 
3 576 1854 2274 
1 1080 
1 2350 
5 436 643 1297 1745 1879 
4 591 1851 2083 2809 
1 2668 
4 805 1003 2145 2726 
1 2250 
4 292 958 1925 2648 
2 329 1867 
5 42 722 1191 1614 2139 
7 411 590 905 1170 1357 1606 1742 
6 1658 1851 2081 2143 2302 2761 
3 523 799 868 
3 583 1600 2435 
5 1581 2282 2489 2590 2826 
3 1647 2687 2788 
4 654 1935 2265 2473 
1 923 
2 543 1894 
5 1192 1383 1876 2394 2524 
5 800 899 1112 2165 2512 
4 519 618 930 2780 
2 1139 1623 
5 201 411 762 1086 1197 
3 395 1164 2382 
2 77 297 
6 58 830 1879 2274 2325 2796 
3 2637 2653 2870 
2 1234 2048 
1 391 
4 430 795 840 1782 
5 29 1412 1916 2031 2897 
3 1780 2035 2854 
0 
3 1379 1669 2554 
2 1253 1946 
5 263 1418 1621 2369 2751 
4 387 1811 2267 2463 
4 190 201 931 2884 
3 1707 1710 2832 
1 2644 
3 522 1561 2639 
2 404 2015 
5 220 463 842 1588 1895 
0 
2 1834 2138 
1 2386 
0 
1 2678 
2 232 2603 
2 547 912 
2 1711 1833 
5 584 696 1668 1978 2665 
3 1639 1770 2572 
2 871 2566 
1 1082 
1 1159 
3 553 791 1907 
3 1488 2150 2223 
4 1068 1582 2636 2764 
2 1434 1472 
4 488 1268 2105 2712 
3 282 674 1477 
3 130 597 2336 
2 640 1849 
4 649 1632 1831 2613 
6 313 639 648 1207 1479 2872 
4 812 1535 1672 1930 
1 1004 
1 2598 
1 2540 
2 627 1437 
1 516 
1 1660 
4 5 96 418 1375 
5 597 1800 1869 2001 2159 
0 
4 497 1046 1697 1727 
6 280 310 454 943 1787 1952 
2 1463 2883 
4 5 1960 2111 2269 
0 
0 
1 1873 
1 719 
1 942 
4 51 1458 2057 2409 
4 801 924 1508 2288 
3 1553 2082 2192 
1 1096 
1 604 
1 2496 
0 
0 
5 350 1087 1537 1621 1674 
6 1174 1381 1641 1834 2149 2461 
3 423 1950 2625 
2 634 2613 
0 
2 1337 1789 
3 2269 2285 2685 
2 1017 2490 
3 699 1185 2208 
3 583 798 2296 
4 390 641 742 1647 
3 1388 1785 1955 
3 345 1507 1799 
6 984 1484 1883 2626 2830 2885 
0 
2 709 2312 
1 2867 
4 337 642 965 2695 
5 1196 1504 1611 1964 2388 
3 122 679 833 
4 568 753 880 2845 
2 178 2599 
1 31 
8 62 199 316 344 423 1002 1441 1606 
6 140 498 1279 1444 2494 2792 
4 244 393 2734 2814 
2 96 1503 
5 292 328 586 1981 2839 
1 2120 
1 1436 
3 426 880 1465 
2 438 1954 
1 2673 
7 234 612 974 1530 1588 1647 2650 
3 1142 2215 2650 
3 415 905 1516 
4 934 1046 1450 2732 
1 860 
3 403 990 1109 
2 587 1892 
2 638 2024 
1 80 
3 1241 1687 2786 
3 1224 1329 2328 
2 1113 1559 
6 202 232 323 897 1918 2615 
6 1252 1824 1879 1978 2559 2826 
3 522 1226 2794 
1 2757 
4 1960 2124 2290 2763 
4 477 945 2108 2215 
1 1547 
1 1798 
2 1589 2379 
2 1742 2864 
2 51 1299 
1 453 
1 304 
4 283 352 2178 2373 
6 491 593 1509 1598 1621 2235 
0 
0 
1 1964 
3 1052 2029 2110 
3 143 1128 1374 
1 155 
1 2759 
2 587 1126 
2 1849 1936 
3 793 938 1295 
3 1088 1505 1872 
3 615 1932 1942 
6 45 1567 1791 2033 2183 2835 
3 1227 1760 2420 
2 306 412 
2 1212 2733 
2 177 837 
2 2214 2535 
1 1415 
2 370 1450 
3 888 1546 1959 
2 313 1528 
5 314 1266 2252 2515 2519 
2 1440 2071 
2 1561 2767 
2 287 2234 
3 581 1484 1588 
3 1167 1432 2165 
2 1851 2853 
2 498 1854 
0 
1 1991 
3 576 1823 2259 
1 2268 
0 
4 438 1304 1993 2720 
5 426 476 1894 2435 2454 
5 126 127 376 427 1027 
1 155 
5 1261 1630 1711 1905 2729 
2 1718 2894 
1 1214 
6 631 1722 1792 1828 2683 2731 
2 370 2454 
6 160 353 971 2363 2442 2535 
1 1236 
3 11 652 1024 
0 
0 
3 1571 1947 2785 
4 361 580 1189 1881 
1 830 
4 495 926 2224 2534 
2 687 1330 
0 
2 822 2474 
0 
4 253 1025 1710 2335 
2 323 1011 
4 110 1533 2151 2425 
2 706 2733 
0 
2 1533 1705 
3 1240 1545 1687 
2 673 706 
1 2653 
1 18 
2 369 2085 
2 333 1316 
4 805 898 1337 2275 
5 1094 1688 1990 2547 2694 
2 1277 1481 
3 247 1152 1305 
4 638 690 1410 2569 
2 222 1690 
6 31 595 1074 1798 2212 2530 
2 1801 2424 
0 
0 
3 216 1571 2615 
2 44 751 
1 2887 
2 1029 2812 
2 1894 2029 
2 2692 2835 
4 451 1951 1958 2412 
3 1241 1449 2519 
4 547 746 1309 1883 
3 2493 2633 2641 
2 1458 1755 
2 2386 2784 
2 696 1764 
1 2757 
1 2890 
3 222 1504 1642 
6 737 1894 2297 2404 2456 2510 
2 622 2206 
1 1496 
1 1371 
3 397 1827 1862 
1 2396 
1 282 
1 2702 
4 2163 2343 2458 2846 
2 294 2117 
1 434 
4 411 1267 1351 1845 
2 1737 2729 
0 
3 1389 2873 2889 
1 2750 
2 116 1027 
2 1166 1661 
1 304 
3 2138 2373 2888 
3 436 1037 1315 
3 1276 1739 2294 
1 886 
1 1449 
4 930 1227 1820 2614 
1 292 
2 865 925 
2 816 1547 
2 2686 2888 
1 2374 
4 331 883 1841 2381 
2 2331 2604 
0 
4 672 1185 2394 2715 
4 843 1450 1931 2069 
3 543 1393 2500 
2 2532 2867 
1 1526 
0 
5 923 1281 1524 2106 2791 
3 259 753 1024 
0 
1 1599 
1 852 
6 184 213 736 1101 1572 2012 
0 
4 944 1412 1593 2035 
3 349 863 2070 
2 899 1660 
2 1690 1883 
1 2360 
1 215 
0 
1 2559 
2 1362 1951 
3 1134 1640 1723 
2 323 1600 
3 701 1569 2023 
2 1270 1724 
2 1020 2731 
3 1258 2124 2647 
0 
2 161 1106 
4 101 1241 2643 2767 
2 1439 2396 
3 302 2002 2631 
4 682 1913 2307 2529 
0 
2 1531 2590 
1 460 
4 1165 1470 2030 2469 
1 2510 
5 41 474 526 1952 2798 
2 835 937 
1 1071 
2 1048 1489 
0 
6 47 166 867 1767 2133 2627 
3 423 882 1828 
1 2831 
1 1680 
2 220 1634 
2 1237 2017 
4 23 217 1267 1360 
3 1214 1488 1747 
3 1052 1690 1821 
1 1989 
1 348 
4 1270 1462 1559 2162 
4 274 1211 2507 2537 
4 482 727 1545 2326 
5 478 594 1222 1539 1589 
1 1172 
1 1182 
2 459 2294 
3 1849 2243 2707 
1 1343 
2 199 846 
1 1773 
3 585 743 833 
3 998 2262 2851 
2 648 2584 
3 352 1291 1754 
3 1052 2204 2761 
0 
1 1022 
8 418 710 1063 1558 1656 1838 2106 2209 
1 27 
4 938 1497 1505 1676 
2 303 520 
2 463 1330 
3 348 1493 1677 
1 434 
1 1481 
4 207 331 867 2004 
2 1088 2740 
0 
2 516 913 
3 338 1378 2354 
2 617 1747 
1 1211 
4 411 1459 1892 1895 
1 571 
4 594 677 843 1205 
3 1120 1502 2048 
0 
1 1569 
1 2844 
3 140 1271 2007 
3 1002 1241 1658 
2 1577 2430 
0 
7 167 211 318 1283 2464 2478 2854 
1 1513 
3 810 2754 2835 
1 2391 
6 229 854 1496 1520 1634 2838 
2 1030 2383 
1 1698 
1 129 
9 1132 1143 1311 1413 1601 1735 1792 1982 2067 
0 
1 2868 
2 138 355 
4 327 449 2561 2713 
0 
2 422 723 
6 31 130 520 637 2102 2498 
2 498 2625 
5 205 361 1627 1864 2453 
1 2573 
7 1512 1684 1731 1743 2066 2277 2692 
4 1453 1537 1864 2488 
2 1478 2537 
1 2757 
3 898 942 2248 
0 
1 2582 
0 
2 788 2626 
1 229 
3 198 1286 2316 
4 119 566 1687 2490 
1 978 
1 1551 
1 1133 
1 2428 
2 90 1464 
1 2259 
2 2129 2146 
2 1809 2478 
5 37 1303 1418 1438 2655 
1 2010 
3 1525 2190 2360 
2 249 812 
6 67 1072 1633 2396 2644 2744 
1 1965 
5 229 425 556 605 2247 
2 1256 1329 
2 1259 2276 
2 916 2610 
2 499 2075 
2 1501 2381 
0 
2 159 1411 
2 485 1235 
5 927 2084 2331 2526 2891 
3 1342 1561 2688 
3 740 1777 2372 
3 1004 1340 1659 
4 4 1087 1346 2668 
5 175 672 943 2440 2741 
2 1510 2636 
1 1656 
0 
0 
4 124 260 420 773 
3 2235 2654 2894 
2 2239 2537 
2 1415 1659 
3 996 1254 2681 
2 969 1279 
3 307 1102 2349 
2 1529 2215 
2 999 1697 
1 1251 
4 162 626 2200 2731 
3 1326 1590 2822 
2 1733 1797 
5 1572 1815 2142 2281 2464 
0 
2 1619 2283 
3 1068 1599 2526 
1 2144 
1 2445 
5 660 899 1733 2220 2461 
2 1668 2771 
5 49 1574 1637 2303 2846 
1 54 
1 892 
1 2580 
5 529 1007 1471 1606 1650 
3 1347 1919 2317 
3 785 931 1043 
1 1463 
0 
2 824 2811 
1 791 
2 647 728 
0 
1 463 
2 2245 2395 
3 672 982 2401 
3 795 1055 1342 
3 421 2121 2309 
7 21 1225 1546 1634 2124 2592 2625 
1 572 
3 997 1022 2698 
2 1615 2187 
2 1355 1883 
3 644 2461 2515 
2 2025 2606 
2 714 2192 
1 1140 
4 513 889 2268 2785 
3 943 2071 2867 
1 1829 
5 746 1063 1136 1488 1718 
2 1193 1679 
3 446 780 2229 
2 1683 2718 
2 898 2013 
3 936 2366 2581 
2 297 335 
2 635 2201 
2 853 931 
2 158 209 
2 1430 1438 
4 1569 2310 2313 2329 
3 248 1105 1808 
1 2494 
1 1857 
1 1362 
1 235 
3 1871 2028 2030 
2 306 1021 
2 458 2604 
1 1915 
3 221 735 780 
3 672 1787 2787 
3 1994 2382 2841 
2 743 2804 
4 285 778 1485 1536 
2 396 816 
6 62 386 703 1825 2170 2612 
1 1268 
4 912 2646 2699 2862 
1 2381 
3 710 2189 2882 
0 
2 571 1800 
3 339 639 1628 
4 101 1984 2621 2792 
0 
2 2107 2512 
4 1282 2007 2062 2224 
4 518 1152 1651 1731 
3 1813 2007 2052 
1 1525 
3 1106 1270 2086 
3 364 1660 2060 
5 262 411 564 2158 2505 
6 852 953 1380 1526 1789 2408 
3 555 2070 2641 
1 2737 
1 2595 
3 155 394 1446 
2 1377 2264 
5 131 143 746 1074 1164 
1 2519 
2 556 2251 
1 143 
1 2336 
2 212 405 
2 169 453 
3 286 1522 1867 
0 
1 175 
2 726 2633 
4 332 733 2030 2623 
5 38 747 997 2226 2680 
1 377 
1 2225 
1 1485 
2 119 1580 
4 206 793 2273 2741 
3 839 1093 2686 
3 490 1339 2033 
3 2145 2775 2827 
3 820 2028 2635 
0 
0 
1 281 
2 643 1894 
3 796 1883 2086 
3 1155 2295 2343 
3 1777 2851 2895 
4 841 1790 2036 2340 
2 1671 1988 
1 1234 
3 170 1097 2231 
3 17 40 2763 
7 670 770 1022 1023 1058 1924 2867 
1 1170 
1 671 
1 2836 
2 527 831 
1 394 
1 1505 
2 1582 2452 
2 1299 1497 
2 508 1929 
3 528 1715 2440 
5 239 534 1140 2032 2067 
1 838 
2 1224 2290 
2 1366 2666 
1 474 
2 93 187 
1 1376 
5 390 698 1412 2341 2588 
4 605 948 2409 2424 
3 1037 2374 2615 
0 
2 354 2556 
1 363 
2 758 2188 
0 
2 118 583 
2 1890 2383 
3 482 1272 2221 
2 1242 2854 
3 703 1555 2712 
2 1782 1849 
5 940 1005 1229 2027 2305 
3 1180 1236 1638 
2 552 898 
2 1651 2377 
1 1574 
2 123 890 
5 181 239 1167 1406 2446 
2 610 2263 
1 69 
0 
3 155 1243 1752 
4 347 1471 2219 2396 
5 248 706 717 2495 2658 
2 218 1616 
4 793 1313 1977 2565 
2 772 1034 
0 
4 1637 1803 1978 2492 
1 1111 
1 1224 
2 2210 2584 
2 1334 2656 
3 1151 1912 2870 
2 1193 2777 
5 61 129 903 952 1207 
1 199 
2 1820 2737 
3 837 2286 2617 
1 2753 
1 2403 
2 79 1376 
5 285 856 1539 1762 2564 
3 369 1503 2493 
1 2880 
2 98 947 
3 1118 1405 1952 
3 185 623 1505 
5 14 287 471 1214 1956 
5 374 918 950 1499 2061 
4 187 1126 1262 1912 
2 1308 2869 
4 169 408 535 2266 
1 1589 
3 446 1552 2790 
3 17 522 1707 
2 569 650 
1 768 
3 647 984 2839 
1 896 
1 1285 
3 2349 2507 2758 
2 725 2034 
4 347 1260 1569 2717 
1 1209 
3 3 973 1110 
3 958 1831 2861 
1 1751 
2 320 658 
5 499 809 1514 1675 2184 
4 125 282 1097 2849 
1 332 
2 628 1174 
1 55 
2 422 2017 
3 53 332 1003 
2 1176 2552 
0 
3 83 763 2874 
1 2614 
1 1208 
2 147 2726 
1 1646 
0 
2 132 1152 
3 496 896 2327 
3 1334 2648 2697 
2 1660 2254 
3 53 1437 2165 
4 1363 2265 2739 2786 
1 814 
2 975 1981 
3 1241 1321 2099 
1 2021 
3 576 1916 2452 
3 417 1419 2873 
6 240 456 951 1582 1985 2707 
1 1386 
2 1128 1455 
1 1255 
0 
4 522 1009 2668 2764 
0 
4 15 38 1202 1366 
1 1949 
2 1406 1997 
4 60 787 1344 2209 
2 273 2509 
2 71 1846 
1 780 
3 134 667 1744 
1 1253 
3 285 1596 2414 
5 1179 1849 2202 2278 2313 
1 2127 
3 973 2569 2598 
3 403 827 1723 
1 1130 
1 1665 
5 1433 1622 1638 1946 2243 
4 53 517 1141 2487 
0 
0 
2 2118 2562 
3 446 1958 2624 
2 580 2103 
2 122 1386 
2 987 1552 
3 1043 1700 2028 
3 192 2055 2843 
3 508 907 2053 
1 2658 
2 351 2739 
1 1992 
4 37 886 970 2428 
2 1295 2073 
2 749 1094 
3 159 997 2598 
5 900 1189 1673 2867 2869 
5 76 1235 1302 1647 1940 
1 2532 
1 2461 
2 1216 2299 
3 260 1941 2645 
0 
3 543 1246 2421 
2 860 1091 
3 277 1838 2215 
1 897 
2 305 1974 
5 401 2288 2476 2560 2862 
3 97 1920 2503 
5 165 1898 2679 2798 2867 
6 541 553 783 797 816 920 
1 1500 
3 302 886 2043 
2 273 1670 
2 336 1356 
3 879 1454 2183 
3 161 437 1362 
4 730 2703 2737 2814 
1 1138 
1 257 
3 1680 1911 2439 
3 2 851 1167 
1 1054 
3 508 678 1843 
3 1155 2114 2798 
2 630 2040 
2 1510 2185 
6 98 194 1256 1418 2148 2294 
2 707 1531 
3 957 1681 1987 
4 162 164 1574 1594 
2 812 2877 
3 33 877 2883 
3 832 1090 1248 
2 1116 2058 
8 61 310 503 805 1493 1520 2611 2676 
2 1717 2633 
4 387 1458 1922 2339 
3 784 1894 2500 
2 2209 2814 
2 1154 2830 
0 
1 1952 
1 1508 
5 87 747 1954 2410 2607 
3 1296 1302 2774 
5 529 611 1490 1594 2665 
1 2134 
2 275 1311 
3 1581 2246 2540 
3 209 1239 2516 
5 118 1099 1637 2088 2690 
3 536 2631 2794 
0 
4 154 548 2550 2730 
3 1764 1837 2266 
4 0 1239 2068 2568 
1 1597 
1 1743 
0 
1 2238 
1 20 
1 1344 
2 727 1505 
3 1068 1960 2684 
1 906 
3 17 396 2107 
1 380 
2 1809 2765 
0 
5 43 526 928 1977 2644 
3 143 2001 2456 
1 252 
1 1603 
3 2001 2209 2596 
2 131 1063 
0 
1 1904 
1 1965 
3 840 2336 2835 
2 463 1088 
0 
1 1097 
1 1125 
3 693 1431 1464 
0 
2 1395 1520 
1 1833 
2 180 2181 
2 797 1631 
4 61 317 1128 2001 
1 2511 
3 1199 1774 1929 
2 2613 2615 
2 392 1393 
3 200 338 2484 
2 1474 1705 
4 876 1557 2045 2318 
3 253 1449 2768 
1 792 
2 340 2276 
2 279 2070 
1 2093 
0 
4 1182 1751 2068 2431 
3 634 681 2670 
1 2627 
1 1076 
4 540 673 2551 2823 
2 740 743 
4 1255 1410 1945 2157 
1 1495 
2 840 1148 
2 687 2511 
1 2633 
2 1861 2824 
3 992 2457 2745 
0 
0 
0 
0 
3 6 1793 1916 
3 1308 2751 2816 
1 2369 
3 919 1692 2577 
2 82 132 
2 1268 2716 
3 1388 1995 2614 
1 810 
1 2392 
4 807 1530 2362 2623 
0 
1 1101 
2 494 1931 
4 49 732 1646 1762 
4 705 1049 1772 2095 
5 61 450 1245 2403 2828 
1 342 
4 290 536 2110 2526 
0 
3 407 1163 1641 
1 617 
3 1773 1925 2020 
5 1332 1518 2013 2421 2542 
3 1880 2102 2574 
2 1484 2457 
0 
2 1540 1738 
3 517 2568 2887 
1 1606 
2 863 919 
0 
1 1878 
3 235 2368 2689 
2 2415 2476 
4 1340 1480 1513 1776 
4 1974 2641 2647 2674 
5 1748 1807 1918 2118 2438 
1 922 
1 117 
1 259 
3 279 1230 2741 
1 1975 
1 2446 
2 2136 2375 
4 505 1016 1110 1743 
3 53 213 553 
0 
2 125 369 
5 338 631 968 1132 2035 
5 360 582 1429 1580 2094 
5 543 635 652 2283 2732 
1 692 
1 1733 
1 2634 
1 2208 
1 2393 
2 2454 2615 
2 979 1045 
2 175 1195 
3 433 967 2482 
1 1661 
4 1152 1240 2241 2382 
1 2810 
1 235 
2 1724 2094 
1 1707 
2 265 521 
1 184 
4 735 1383 1909 2230 
1 1061 
2 143 1873 
3 187 1417 2343 
2 280 1054 
0 
1 195 
2 1507 1684 
0 
0 
1 2396 
1 2259 
4 215 1345 1934 2085 
0 
2 578 1692 
1 797 
0 
3 1232 1957 2533 
4 68 153 2113 2402 
0 
1 2518 
1 42 
3 205 645 2635 
3 14 408 936 
4 1376 2082 2190 2700 
4 1155 1430 1892 2669 
6 275 871 891 1684 1691 2416 
3 68 349 1408 
4 238 393 1743 2310 
3 567 2355 2384 
2 1136 1751 
3 168 367 909 
1 2500 
5 1589 1958 1983 2237 2615 
1 364 
3 142 845 1531 
2 1875 1952 
0 
0 
2 1107 1153 
0 
3 801 1813 2501 
1 2896 
2 88 1377 
2 809 2871 
3 276 570 1510 
2 1291 1703 
5 213 551 650 1003 2820 
3 429 2246 2393 
3 8 478 1349 
6 59 1010 1112 1463 1875 1913 
0 
1 278 
0 
2 808 2419 
1 2873 
1 2334 
1 322 
4 257 325 1248 2765 
2 2216 2526 
1 1895 
1 1508 
3 676 1595 1905 
0 
2 294 2124 
2 1736 2139 
5 538 1139 1386 1612 2003 
4 338 2119 2657 2684 
2 500 1585 
1 1207 
5 423 688 702 1142 1890 
1 2633 
6 195 322 948 1778 2277 2460 
2 422 2469 
3 1296 2725 2741 
2 1 2247 
2 150 954 
1 2034 
3 4 860 1142 
5 358 1229 1302 1832 2157 
1 2808 
3 657 2203 2761 
4 1097 1215 1743 1814 
3 1007 2330 2352 
4 814 1514 2027 2525 
0 
3 677 922 1073 
5 122 1364 1670 1983 2657 
4 36 234 2289 2605 
1 795 
3 1135 2448 2682 
3 1670 1734 2042 
2 8 1278 
2 99 703 
1 1486 
1 504 
1 1513 
3 1092 1457 2512 
6 915 1929 1955 2377 2487 2879 
1 2872 
3 310 559 2769 
2 230 1809 
2 892 1723 
2 512 1359 
3 1131 1779 2236 
2 119 2445 
1 1700 
2 1665 1692 
4 25 1123 1341 2605 
4 1832 1896 1941 2779 
0 
0 
5 274 1000 1564 2288 2574 
2 461 1469 
1 2382 
2 1030 1183 
2 763 2619 
1 1396 
0 
3 1258 1718 2612 
1 447 
1 1184 
3 1202 2293 2644 
2 304 2347 
1 2172 
2 378 1376 
2 304 1528 
3 93 1451 2668 
3 426 1244 2097 
2 294 1270 
1 427 
3 977 1634 1796 
2 1387 2246 
1 1887 
3 722 2219 2648 
1 1368 
3 1395 2138 2803 
3 558 2121 2728 
2 534 1548 
0 
4 673 965 2295 2387 
2 1721 2211 
1 494 
0 
3 845 1217 1547 
2 317 1893 
2 2383 2540 
2 42 365 
3 1256 2686 2831 
5 244 821 1232 2363 2874 
1 1087 
1 1331 
3 1291 1963 2794 
2 360 1995 
5 298 989 1078 1900 2837 
1 1347 
3 1844 2127 2854 
2 1164 1429 
2 1197 1373 
2 279 783 
3 115 1445 2093 
1 499 
3 262 1508 1811 
1 886 
5 253 500 519 1978 2654 
0 
3 942 1260 2652 
2 667 2038 
3 181 310 2313 
2 794 1096 
5 128 985 1563 2211 2233 
1 1609 
4 148 277 734 2863 
1 519 
1 300 
3 303 1058 1543 
3 573 1774 2009 
2 2516 2536 
3 361 629 1984 
2 1358 2283 
1 880 
1 857 
2 34 1923 
6 522 859 942 1267 1399 2274 
8 648 674 789 867 1469 2017 2547 2899 
3 1559 1591 2332 
6 397 1767 2175 2366 2700 2703 
7 1049 1633 1727 2095 2332 2416 2461 
1 368 
2 691 2134 
2 337 747 
1 2544 
3 649 1065 1373 
3 547 1232 2025 
0 
3 1165 2052 2369 
2 1286 2220 
6 160 1060 1182 1590 1891 1978 
5 1097 1104 1601 1902 2627 
7 570 697 903 1016 1820 2345 2626 
2 438 1160 
4 966 985 1230 2857 
1 484 
3 332 1808 2291 
1 362 
6 61 1736 2051 2275 2353 2499 
3 570 2413 2669 
4 775 1484 2062 2450 
2 1553 1935 
2 570 1521 
1 681 
1 1535 
1 650 
7 677 851 1736 2036 2395 2711 2875 
0 
3 1095 1806 2765 
4 1534 1918 2309 2550 
4 287 900 976 2239 
6 390 849 943 997 2019 2673 
4 837 1412 1803 2395 
3 1501 2182 2562 
1 1249 
2 1621 1622 
1 932 
2 2594 2701 
3 1442 1521 1713 
2 1940 2592 
2 349 1914 
3 84 197 2128 
4 343 669 2495 2515 
2 2119 2227 
0 
1 295 
1 908 
0 
1 677 
3 686 728 1463 
3 698 1546 2285 
3 360 809 2089 
1 1472 
5 618 1498 1933 2197 2555 
4 825 1423 2453 2634 
2 1317 2344 
2 454 478 
0 
3 67 1620 2646 
1 2395 
1 320 
3 412 964 2274 
2 361 1219 
3 12 72 1542 
2 360 2248 
4 862 988 1372 2053 
2 927 1943 
2 714 2518 
1 1690 
3 514 2303 2495 
4 560 726 841 1594 
5 476 1425 1771 2059 2576 
3 271 1337 1509 
4 893 929 1375 1930 
2 384 2392 
4 359 1219 1315 2290 
4 6 216 545 2702 
3 360 1732 1894 
0 
1 1718 
4 97 932 1172 1605 
4 255 521 534 1388 
1 2182 
1 1980 
4 1286 2019 2718 2762 
4 136 356 2452 2614 
5 36 38 121 288 2652 
3 1341 1750 2691 
2 2256 2614 
2 1166 1482 
2 611 971 
2 746 1174 
2 1838 2192 
0 
2 83 497 
4 21 673 677 1317 
4 253 302 1050 2641 
5 823 1131 1313 1555 2105 
2 1296 1887 
2 66 526 
1 1776 
2 403 2365 
4 888 2159 2763 2869 
5 524 601 1993 2699 2896 
0 
4 451 689 1039 1683 
0 
2 267 572 
1 1086 
2 276 683 
3 657 983 2502 
4 603 914 1499 2177 
1 1094 
2 626 2565 
2 1687 1755 
3 2293 2808 2868 
6 27 1238 1273 1690 1802 1949 
2 1624 2410 
4 1068 1255 1663 1708 
1 1613 
1 2850 
2 258 751 
6 760 956 1491 2037 2133 2256 
1 203 
4 1163 1444 2185 2228 
3 622 1062 1858 
4 1934 2058 2400 2502 
5 411 525 553 795 1044 
0 
4 622 1067 1483 1918 
4 27 1232 2355 2823 
3 302 359 2836 
2 56 142 
1 0 
1 81 
2 1758 2893 
4 403 795 1530 2361 
2 270 429 
3 917 1267 2135 
4 400 560 791 1877 
1 855 
2 692 1261 
6 65 268 1174 1636 1740 1897 
2 993 2157 
4 493 529 982 1654 
2 945 1231 
3 1505 1846 2509 
2 543 2699 
3 1637 2074 2717 
4 78 1097 1553 2197 
5 694 993 2307 2486 2643 
1 8 
3 451 1672 1806 
1 2337 
4 115 1181 1332 2528 
2 875 1096 
3 831 1104 1959 
2 326 884 
2 526 622 
2 2284 2791 
2 117 2061 
1 336 
1 2130 
0 
4 360 1208 1233 2537 
4 648 1272 1401 1515 
1 238 
3 923 968 1034 
2 70 86 
3 413 1738 2886 
3 742 1697 1987 
3 1109 1630 2185 
2 600 2012 
1 1509 
1 1183 
3 93 492 2150 
3 957 1782 2774 
5 413 884 1048 1612 2025 
1 263 
4 1391 1635 2291 2580 
1 1386 
2 1009 1520 
5 462 718 758 762 1440 
3 1815 2248 2263 
2 136 243 
1 61 
1 1155 
1 205 
1 2564 
1 2014 
0 
3 727 927 939 
0 
4 359 1095 2508 2730 
4 395 623 994 1497 
2 170 2422 
1 1969 
3 293 1141 1730 
1 357 
4 1265 1613 2256 2278 
2 336 448 
2 179 2361 
1 347 
0 
5 192 758 759 998 2852 
5 77 126 372 453 2475 
3 58 132 1437 
4 424 649 1950 2823 
4 0 2347 2745 2822 
5 168 218 236 1401 2354 
0 
4 1134 1278 1508 1634 
2 954 2061 
2 549 2375 
4 232 277 515 1292 
2 1601 2279 
3 1206 1822 2576 
2 1288 1533 
1 590 
0 
4 1660 1732 1877 2318 
2 2078 2746 
2 879 2582 
3 1418 1879 2861 
2 1615 2154 
5 466 748 878 890 1492 
1 2013 
2 495 830 
3 480 1391 2225 
3 1398 1490 1870 
3 376 1360 1608 
3 1454 1751 1960 
1 839 
0 
5 82 1012 1099 1118 2166 
4 54 933 1093 2735 
3 564 1843 2069 
2 77 2819 
1 1676 
6 403 1133 1526 1875 2104 2584 
3 543 749 895 
2 833 1001 
3 255 258 2629 
1 1263 
0 
1 1126 
5 259 1143 2162 2838 2872 
3 1055 2019 2246 
2 76 2600 
1 1642 
0 
4 58 624 903 1384 
6 1604 1779 1988 2075 2234 2248 
3 822 1885 2730 
4 248 2147 2234 2717 
2 1521 2129 
3 1146 1250 2472 
4 785 1560 2527 2861 
5 197 221 1757 2191 2483 
2 2174 2577 
3 945 956 2641 
3 276 360 723 
1 2270 
0 
3 985 1470 2526 
2 618 2140 
1 87 
1 2021 
2 1573 2271 
1 1532 
2 999 1601 
4 705 711 722 2784 
2 1729 2387 
6 82 117 119 1235 1762 1771 
3 1015 1087 1757 
2 1179 1741 
1 1929 
1 1235 
2 159 2750 
3 1141 1688 1940 
1 2069 
5 362 400 683 2470 2718 
1 1525 
2 599 1154 
2 751 2612 
1 1 1 1 3 3 1 1 2 1 2 3 2 1 1 2 2 1 2 3 1 1 1 1 1 1 2 3 1 1 1 2 1 2 3 2 2 1 2 3 1 1 3 1 1 2 2 2 1 3 4 3 1 4 2 1 2 1 1 1 2 1 3 2 1 2 2 1 1 1 3 1 2 1 1 1 2 4 3 2 3 1 2 2 1 1 1 1 2 1 1 1 1 3 2 1 2 2 2 1 1 4 1 1 1 1 1 1 1 1 3 1 1 1 1 3 1 3 1 2 1 2 2 1 2 3 1 1 1 2 2 2 3 1 2 2 2 2 1 1 2 2 2 3 2 2 1 1 2 1 1 2 1 1 2 2 1 1 2 2 1 3 2 1 2 3 1 1 2 1 3 1 1 2 1 2 1 3 2 2 1 2 1 2 2 2 1 2 1 1 1 1 2 1 4 3 1 3 3 2 2 1 1 1 1 1 1 1 2 4 2 1 1 2 2 2 1 1 2 1 2 3 2 1 2 3 1 1 1 2 1 2 1 1 2 3 2 1 3 2 1 1 2 2 4 1 1 1 3 3 1 1 1 3 2 3 1 2 1 3 2 1 3 1 1 1 3 2 1 1 1 1 1 1 3 1 1 4 2 2 1 1 2 2 2 1 1 1 2 1 2 1 1 2 3 1 3 1 1 1 1 1 1 2 3 1 2 1 1 1 1 1 2 2 1 1 3 1 1 2 2 1 1 2 1 3 1 2 2 3 2 2 1 2 1 1 2 1 3 1 1 2 1 1 3 1 1 3 2 3 2 2 2 2 2 1 2 1 1 1 4 2 3 2 2 1 2 2 2 3 2 1 2 1 1 2 3 3 2 1 1 1 3 1 2 1 2 2 1 1 3 1 1 2 3 3 1 1 1 2 1 1 3 3 3 1 1 3 3 1 1 4 2 4 1 2 1 1 3 1 2 1 1 3 1 1 1 3 1 2 3 2 3 1 2 1 1 1 3 2 2 1 1 3 1 1 2 1 1 1 1 1 1 1 3 2 1 3 1 4 2 1 1 2 1 2 1 2 1 1 1 1 2 1 1 1 1 2 4 3 1 1 2 1 2 2 2 1 4 1 2 3 1 1 2 1 2 2 3 1 1 1 1 3 3 1 2 1 2 1 2 1 1 1 1 1 1 3 1 1 2 2 3 1 1 1 4 1 3 2 1 1 2 1 2 1 2 1 1 1 3 1 1 1 1 1 1 3 1 2 2 2 1 3 1 1 2 1 2 2 3 2 1 2 1 1 2 3 3 1 1 2 3 3 1 1 3 1 3 1 2 2 2 1 1 1 1 3 1 1 2 1 1 2 2 1 3 2 1 2 1 2 1 1 3 1 2 1 2 1 2 2 1 1 2 1 3 3 1 1 1 2 3 3 1 1 2 1 1 1 2 2 2 1 1 1 2 2 3 3 1 1 2 3 1 1 1 1 2 1 3 1 3 1 3 1 1 1 3 2 1 2 2 1 2 1 1 4 1 1 2 2 2 3 2 2 2 3 2 3 1 3 2 1 1 1 2 1 1 2 1 2 2 3 1 1 1 1 4 2 1 1 1 3 1 1 3 1 1 1 1 2 2 1 1 1 1 1 3 1 1 2 2 4 1 2 1 4 2 1 1 1 1 1 2 3 1 1 1 1 1 1 2 1 1 1 3 1 1 3 1 1 1 2 1 3 2 1 1 2 1 1 1 2 1 2 2 1 1 2 3 1 1 2 2 1 2 1 3 1 4 1 2 3 1 2 2 2 3 1 1 1 1 1 1 3 1 4 1 3 2 2 1 1 1 2 1 1 2 2 2 1 3 1 1 1 3 1 1 1 3 1 2 1 1 1 1 1 1 1 1 1 2 3 1 1 1 1 2 2 2 1 2 3 1 2 2 2 2 2 1 3 1 1 1 1 2 2 1 1 2 1 3 3 2 1 1 1 1 1 1 1 1 2 1 2 2 1 1 1 3 1 2 2 4 1 2 1 3 1 3 2 1 2 1 1 2 2 2 4 1 1 1 1 1 2 2 2 2 2 1 2 3 1 1 1 3 1 1 2 1 1 3 3 2 1 2 1 1 2 1 4 2 1 3 2 1 1 1 2 2 1 1 3 1 1 1 3 1 1 2 1 1 3 3 1 1 1 3 2 1 2 1 1 1 1 2 1 2 2 1 2 1 4 1 1 2 1 2 2 1 1 2 1 1 3 1 1 1 3 1 3 1 2 2 1 1 4 1 2 1 2 2 1 3 3 1 2 1 3 1 1 3 1 1 1 3 1 1 5 2 3 2 2 2 3 1 1 1 1 2 2 1 2 3 2 1 1 1 1 2 1 2 1 1 2 2 1 1 3 1 1 3 1 3 1 3 2 3 1 2 1 1 3 1 2 2 2 4 1 1 1 3 1 2 1 2 1 2 1 3 1 1 1 1 1 2 2 2 1 2 1 2 2 2 1 2 3 1 3 1 2 1 1 3 2 3 2 1 3 1 1 2 1 1 1 2 2 2 2 3 1 1 1 2 2 2 3 3 1 2 3 2 2 3 1 1 1 2 1 1 3 1 5 1 1 4 1 1 1 2 3 3 2 3 1 1 1 1 2 2 1 3 3 3 2 2 3 1 2 2 1 1 2 1 1 1 2 2 2 1 1 2 2 1 2 1 2 2 3 2 2 1 2 1 2 1 2 1 3 1 4 2 3 1 2 1 3 2 2 1 2 2 1 1 1 3 2 1 1 1 1 2 1 1 1 1 3 3 3 2 1 3 2 2 2 1 1 3 3 1 3 1 2 1 3 1 1 2 2 3 1 2 1 2 1 1 1 1 1 3 3 2 2 1 2 2 1 4 2 3 2 3 1 2 2 1 1 2 2 2 1 3 1 1 1 2 1 2 1 1 3 2 1 1 3 3 1 1 1 1 1 1 2 1 1 1 1 1 2 1 1 1 1 2 1 2 4 1 1 1 2 2 1 2 2 2 1 1 1 2 1 1 1 2 1 1 2 1 2 1 1 3 1 2 1 2 3 2 2 2 1 1 1 1 2 2 2 2 3 1 2 1 2 1 1 2 3 2 2 2 1 2 2 1 2 2 3 1 1 3 1 3 1 1 2 3 2 3 3 2 1 1 4 1 3 1 2 2 1 1 2 2 1 1 2 3 1 1 2 3 1 1 1 2 2 1 1 1 1 1 1 2 2 1 2 1 1 1 2 1 2 2 2 1 2 2 2 1 1 1 2 1 1 3 1 2 1 2 2 2 2 1 2 1 2 3 2 3 1 1 1 1 2 3 1 2 1 1 1 1 2 2 1 1 1 1 2 2 1 1 2 2 2 1 3 1 1 1 2 2 1 1 1 1 1 2 3 1 3 2 2 2 1 1 3 2 2 2 2 1 1 3 2 1 2 2 3 1 2 2 3 1 2 1 2 3 1 2 2 4 3 2 1 1 1 1 3 1 1 1 1 1 2 1 1 3 2 2 2 1 2 2 3 3 3 1 1 3 3 4 2 1 1 1 3 2 2 1 3 1 1 2 1 2 1 1 1 2 2 2 1 2 1 1 1 1 1 1 2 2 2 1 1 2 2 1 2 4 1 3 2 1 2 1 4 2 1 1 3 1 1 1 3 3 3 1 1 2 2 1 3 2 1 4 1 2 1 1 1 1 2 2 3 3 4 1 3 3 1 1 1 2 2 2 1 1 1 1 1 2 1 2 1 1 1 1 2 1 3 1 2 1 1 2 2 1 1 2 1 3 2 1 3 3 1 3 1 1 1 1 1 1 2 4 2 1 2 1 2 3 1 3 2 1 1 1 2 1 2 3 3 1 1 1 1 3 2 1 1 2 3 1 1 1 1 1 1 3 3 2 2 1 3 1 1 1 2 2 1 2 1 2 2 1 1 2 1 2 3 1 2 3 3 1 1 2 3 1 1 1 2 1 1 2 2 1 1 1 2 1 1 4 2 2 1 1 2 2 2 1 2 1 1 2 1 1 4 3 2 1 1 2 1 1 2 2 3 1 3 1 2 1 1 1 1 1 2 2 1 2 2 1 2 1 1 1 2 3 1 1 2 1 3 1 2 2 2 3 1 3 1 1 2 1 2 2 2 2 1 1 2 1 3 3 2 1 2 3 2 1 2 2 2 1 1 2 1 1 2 1 2 1 1 3 1 1 3 1 1 2 2 1 1 2 1 1 1 1 1 2 1 4 2 1 2 1 1 1 4 1 2 1 3 1 2 2 3 1 2 1 1 3 1 2 1 1 1 3 1 1 1 2 1 1 1 1 1 1 1 2 1 3 2 3 1 1 1 4 2 3 2 2 2 2 1 1 3 1 2 1 2 2 1 1 2 2 1 1 1 1 3 1 3 1 3 1 1 2 1 1 1 3 1 1 2 1 1 3 1 1 1 2 1 1 1 3 1 1 2 2 3 1 1 1 1 2 2 2 1 3 1 1 2 1 2 2 3 2 2 2 3 1 1 3 2 2 2 2 1 2 1 1 1 1 2 1 3 1 2 2 1 1 1 2 2 2 1 1 2 1 2 1 1 2 2 1 1 2 2 1 1 1 3 2 2 2 1 1 1 2 1 1 1 1 1 2 2 2 1 1 2 2 3 1 2 1 1 3 1 1 1 1 1 1 2 1 2 3 1 3 1 1 2 2 1 1 1 1 2 1 1 1 2 1 2 3 1 3 3 2 1 1 5 3 2 1 1 1 2 1 2 2 4 2 1 1 4 2 3 2 1 2 1 1 2 1 3 1 2 3 3 2 1 1 2 2 1 1 2 1 4 1 1 2 1 2 1 3 2 1 1 1 1 2 4 1 2 2 1 1 4 2 2 2 1 2 3 1 1 1 2 1 1 1 3 4 2 2 2 2 2 2 1 1 1 1 3 2 1 1 1 1 3 1 1 2 2 1 1 2 3 3 1 1 2 1 2 1 1 2 1 1 3 3 1 3 2 2 3 2 3 2 1 1 4 2 1 1 2 4 1 1 3 4 1 1 1 1 2 3 1 1 1 2 3 2 1 1 1 1 2 3 1 1 2 2 1 1 2 1 3 2 1 2 2 3 1 1 2 2 1 1 2 1 2 3 2 2 1 1 3 1 1 4 2 1 3 2 2 1 1 1 3 2 3 1 2 3 2 2 1 1 3 1 2 1 1 1 2 2 1 1 3 1 2 2 2 1 3 2 2 1 2 1 1 2 2 1 1 1 1 1 1 1 1 1 2 1 2 2 1 2 2 1 2 3 1 2 2 1 1 1 1 2 1 1 1 2 2 2 3 2 1 3 2 1 1 1 1 2 2 1 1 1 2 1 1 1 2 1 1 1 2 4 2 2 1 1 2 1 2 2 3 2 1 3 1 1 1 1 2 2 2 3 2 3 1 1 1 1 2 1 1 2 1 1 1 1 1 2 1 1 1 1 1 2 1 1 2 1 4 2 1 2 1 3 1 2 2 1 3 2 1 1 1 1 1 1 1 3 1 1 1 1 2 2 1 1 1 2 2 3 2 3 2 1 1 3 1 1 4 1 1 1 1 1 1 1 1 1 1 1 2 2 4 1 1 3 1 1 1 1 1 2 2 1 1 2 1 3 1 2 1 2 1 2 1 2 1 2 2 1 2 2 1 4 2 1 2 2 1 2 1 2 4 1 1 3 2 1 2 2 1 1 1 3 2 3 2 2 2 1 1 1 1 3 2 1 1 2 2 1 1 3 2 1 2 2 2 1 2 1 1 1 1 2 1 1 2 1 1 1 1 1 4 1 1 4 1 1 1 1 2 1 2 4 2 1 2 4 1 4 1 2 1 1 1 2 2 1 1 4 1 2 2 3 3 2 1 3 2 2 1 1 2 3 1 1 1 1 2 3 1 3 1 1 1 2 1 3 1 1 1 1 3 1 2 1 1 1 2 1 3 2 3 1 2 1 2 1 1 1 2 2 3 1 3 3 1 1 1 3 2 2 1 2 2 3 1 2 1 1 1 1 1 1 1 3 3 1 1 1 2 1 1 3 3 3 2 4 2 2 1 2 4 3 3 3 1 3 3 1 1 1 3 1 2 1 1 1 1 2 1 1 1 2 1 1 1 2 2 2 1 1 2 1 2 3 1 3 1 1 1 2 2 2 1 1 1 4 2 1 2 1 1 2 2 2 2 2 2 2 1 1 1 2 1 2 2 2 1 3 2 2 2 1 3 1 3 2 1 2 1 1 3 1 2 2 2 1 2 2 1 1 2 1 2 1 1 1 1 1 2 1 1 2 2 1 1 2 3 3 2 2 1 1 2 3 1 2 2 2 2 1 1 3 1 2 1 1 1 1 2 1 3 1 1 1 3 3 4 3 2 1 1 1 2 1 3 1 2 3 1 1 3 3 2 2 1 2 2 2 2 1 2 3 1 1 1 3 3 1 1 1 2 1 2 1 1 1 4 3 1 1 1 2 3 1 1 1 2 1 2 3 2 2 2 1 2 2 2 1 2 1 1 3 2 1 3 1 1 1 1 2 2 2 1 1 2 
