m 3000
2 1992 2901 
5 75 218 304 955 2706 
3 87 911 1846 
2 991 2364 
2 946 1246 
5 848 1149 2334 2390 2774 
3 284 1871 1931 
3 409 525 2140 
3 45 2721 2738 
3 80 335 2029 
2 1001 2035 
1 2121 
2 1519 2533 
3 334 1696 1944 
1 1796 
2 380 921 
2 353 1216 
1 2202 
1 1811 
2 761 1399 
2 2010 2067 
1 1810 
3 744 2734 2834 
0 
0 
0 
1 173 
5 512 758 1270 2072 2459 
4 51 574 2234 2271 
4 330 1197 2521 2817 
3 435 616 813 
2 523 2914 
2 970 2599 
4 168 227 699 2855 
4 1093 1516 1541 2210 
2 322 2522 
5 315 851 1505 1751 2570 
0 
3 187 886 2481 
1 963 
4 280 1979 2298 2364 
4 343 536 716 970 
2 675 1097 
4 97 1266 2091 2984 
1 2809 
5 8 496 572 2451 2717 
1 1243 
2 2197 2497 
3 62 2170 2219 
2 2006 2720 
6 1205 1300 1442 1499 2296 2795 
5 28 343 1192 1217 1508 
4 728 1428 2360 2764 
5 383 676 1535 1646 2035 
0 
1 1796 
3 137 1337 2666 
1 2845 
0 
2 193 1061 
1 1513 
2 906 2927 
3 48 743 2220 
2 1073 1473 
4 1068 1311 1550 2028 
6 458 1640 1936 2057 2169 2698 
1 1398 
1 1763 
3 225 1060 1859 
5 497 912 1846 2225 2374 
6 175 579 2496 2796 2873 2889 
3 923 2227 2346 
2 648 2753 
0 
1 95 
4 1 472 1424 2513 
1 1137 
2 140 952 
2 1034 1295 
3 91 827 2219 
1 9 
0 
2 921 1324 
5 1144 1207 1597 1724 2715 
3 214 2191 2603 
3 198 464 527 
1 883 
3 2 1626 2401 
4 306 317 735 2596 
1 1816 
4 1227 1735 1902 2910 
3 79 886 2079 
4 185 1329 1617 2848 
2 557 2291 
2 1005 2185 
6 74 1023 1139 1460 1708 2334 
8 255 313 348 660 743 835 1134 2210 
4 43 967 1453 2034 
1 2463 
3 1117 1734 1958 
1 1295 
1 1521 
3 1051 1505 1908 
2 1314 1362 
2 2571 2762 
1 371 
3 1241 1264 2932 
0 
3 1290 2387 2577 
1 1065 
3 149 1277 1356 
1 675 
1 2144 
0 
3 604 680 1499 
2 1685 2228 
3 187 928 2904 
1 1195 
1 1542 
2 2695 2849 
7 902 956 1573 1961 2077 2316 2971 
6 348 437 1377 1710 1882 2647 
2 915 1270 
3 482 2521 2672 
2 2030 2494 
1 2555 
4 154 824 1080 2878 
3 245 266 585 
1 2324 
0 
2 442 2488 
5 312 1008 1324 2590 2901 
3 195 2233 2557 
2 2007 2171 
2 1212 2040 
2 406 1753 
1 1832 
4 56 555 1596 2458 
1 2065 
0 
2 77 1572 
4 1479 2016 2646 2858 
4 744 1064 1159 2453 
2 1114 2656 
2 1552 2523 
1 868 
1 201 
2 1762 1926 
3 1018 1424 2412 
2 110 2622 
1 1721 
1 186 
0 
1 2893 
2 126 2361 
2 992 2568 
1 1109 
1 203 
3 1107 1155 1773 
3 513 2331 2884 
4 639 730 748 2406 
3 617 2368 2627 
1 208 
3 519 724 2344 
0 
1 623 
2 1787 2443 
3 1686 1734 1820 
6 33 1063 1524 1834 2365 2706 
5 228 461 503 1623 2715 
2 282 2493 
2 204 1644 
0 
3 26 1677 2465 
1 2360 
2 70 461 
5 1338 2160 2422 2485 2642 
3 221 1186 2121 
4 234 1540 2764 2811 
3 339 808 1437 
1 991 
1 2819 
0 
0 
0 
4 92 1329 1456 1986 
2 151 1511 
5 38 116 1201 2729 2972 
4 1080 1346 1994 2718 
0 
5 877 1325 2188 2540 2592 
5 980 1635 2029 2706 2751 
1 1469 
3 59 1254 2499 
4 1051 1086 1212 2603 
3 132 2188 2274 
5 508 1543 1568 1781 2239 
5 435 1064 1926 2064 2733 
4 85 1893 1999 2748 
0 
0 
1 146 
1 1400 
3 157 551 2753 
2 171 1667 
0 
3 1162 1913 2796 
0 
3 162 221 1815 
1 2052 
3 523 964 2897 
2 1517 2074 
1 841 
0 
1 84 
2 1642 2316 
1 2037 
4 286 388 2305 2970 
3 1 424 666 
3 263 677 2934 
2 1830 2364 
2 177 208 
3 622 1131 1503 
3 774 1089 1250 
4 499 1386 1887 2024 
4 68 1111 1691 2937 
5 1143 1673 2624 2697 2755 
2 33 2516 
4 169 924 1556 2335 
0 
3 1167 1379 2437 
3 963 1096 1427 
0 
0 
3 178 424 2026 
5 628 1508 2188 2260 2765 
3 1072 1190 1476 
1 2795 
2 1631 1728 
5 428 716 941 959 2552 
5 386 470 1800 2424 2978 
0 
3 285 940 2043 
1 246 
1 2876 
4 127 339 2455 2654 
4 243 1223 1460 2915 
3 1220 1293 2871 
2 1201 1665 
1 853 
1 2626 
0 
4 501 1517 1843 2515 
1 451 
0 
2 96 2382 
2 1343 2347 
1 2268 
1 2157 
1 1180 
2 312 2637 
5 1364 1389 1662 2575 2815 
3 764 1296 1911 
4 219 1276 1954 2075 
0 
2 267 286 
1 127 
5 265 610 675 1118 1249 
1 2173 
1 1764 
2 333 376 
1 2662 
1 1845 
4 617 841 1438 2291 
2 1444 2609 
2 834 862 
1 474 
2 1664 1829 
0 
0 
3 40 1483 2853 
0 
3 170 318 1308 
3 392 1010 2196 
3 6 1027 2607 
2 242 2342 
4 217 265 1095 1772 
5 987 1013 1585 1928 2429 
1 1827 
2 1149 2263 
2 1322 2479 
0 
3 319 371 519 
3 383 491 1418 
1 1222 
3 945 1767 2951 
1 2100 
0 
0 
0 
2 682 1848 
1 1489 
1 396 
4 1243 1584 2122 2258 
7 1 470 1017 1323 1590 2406 2805 
3 1565 1680 1799 
2 88 2555 
2 505 1679 
1 2106 
3 391 672 2199 
0 
5 686 1699 2436 2652 2732 
3 131 260 1614 
2 96 701 
0 
4 36 364 2019 2786 
4 733 1222 2230 2490 
2 88 2580 
3 282 2487 2835 
3 292 858 2516 
0 
1 2665 
5 35 1507 2224 2244 2473 
0 
1 1266 
2 2020 2629 
4 365 414 1260 2209 
1 1353 
3 475 552 688 
4 430 431 2202 2989 
4 29 490 751 2213 
8 417 459 549 661 1047 1655 1979 2441 
2 337 2408 
2 270 856 
5 13 1244 1321 2200 2572 
2 9 1261 
0 
4 332 1018 1388 2341 
1 1509 
3 179 245 464 
5 508 558 1199 1218 2386 
1 2295 
0 
6 41 51 941 1465 1612 2538 
2 1984 2828 
2 660 1667 
1 1762 
2 1523 2976 
4 96 121 1266 1351 
1 837 
0 
2 2261 2776 
1 1834 
3 16 926 1947 
2 1336 1450 
0 
1 1038 
1 1894 
1 1327 
3 778 1237 1727 
5 425 904 1281 2509 2583 
2 2176 2610 
3 759 1890 2931 
2 1974 2474 
2 315 933 
4 326 1532 1813 2510 
2 1170 1994 
2 907 2272 
6 1127 1197 1471 1600 2485 2598 
4 530 786 1259 1411 
3 2330 2390 2622 
3 105 292 2454 
2 1710 1712 
2 1470 2287 
2 645 2668 
1 2814 
5 270 931 1156 1378 1465 
4 1019 1494 2130 2600 
1 506 
1 1867 
5 15 443 922 1462 2618 
2 504 843 
2 817 2242 
5 53 293 1667 1746 2653 
2 2096 2125 
2 1965 2614 
1 240 
2 1449 1930 
4 217 1393 2152 2836 
1 487 
3 1718 1906 2788 
2 309 2772 
3 283 794 1253 
4 989 1337 1846 1955 
2 2135 2528 
1 1784 
4 302 647 1306 1685 
4 1344 1702 2473 2956 
2 442 2144 
2 821 994 
1 1679 
3 1828 2296 2503 
5 1550 2711 2731 2784 2805 
2 1102 1609 
2 651 1472 
1 2254 
3 135 419 1923 
0 
1 2125 
3 7 1529 2879 
3 904 1053 2215 
1 1107 
0 
1 2376 
2 326 1227 
3 2289 2626 2974 
1 2576 
1 331 
1 844 
5 406 1138 1831 2358 2657 
1 2529 
3 756 797 888 
3 586 925 2821 
3 730 1075 1764 
4 218 234 950 2592 
2 360 718 
5 1164 1885 2307 2560 2646 
1 1092 
4 239 531 2498 2649 
3 1206 1461 1901 
2 329 1001 
2 329 1933 
5 551 1145 1573 1583 2464 
1 2708 
1 2666 
3 30 197 1787 
2 677 896 
6 121 464 690 1870 1963 2017 
2 496 2883 
4 714 1669 1959 2150 
3 1471 1848 2848 
1 1221 
3 130 398 1398 
6 380 1312 1610 1989 2330 2945 
1 1434 
3 2380 2576 2832 
3 924 1506 2078 
1 1353 
2 733 1802 
7 452 474 800 882 912 1490 2863 
0 
6 253 810 1254 1548 2842 2948 
2 449 1089 
2 594 2163 
5 916 1477 2047 2539 2959 
2 919 1649 
0 
4 569 1258 1509 1838 
2 65 1263 
2 331 2928 
3 642 713 2939 
2 169 175 
2 834 1158 
2 1314 2606 
4 85 339 437 2841 
1 975 
1 1214 
3 1545 2348 2660 
5 730 757 1980 2237 2395 
4 777 1089 1332 1670 
4 240 304 1196 1914 
2 1245 1454 
2 75 1054 
5 961 1404 1447 1689 1886 
7 276 449 963 1249 1288 2117 2583 
3 328 590 654 
1 672 
1 2526 
3 609 1279 2687 
3 1216 1737 1854 
6 817 1196 2732 2836 2885 2918 
2 638 2301 
2 123 2549 
1 1447 
1 2977 
1 628 
4 1605 1671 1797 2384 
4 389 2146 2431 2931 
4 492 1261 1540 2098 
2 541 2092 
2 330 1233 
3 293 891 2336 
7 488 796 1282 1601 1635 2448 2525 
4 588 1092 2865 2981 
1 1269 
2 1238 1325 
2 45 438 
3 69 1007 2956 
2 519 2931 
1 224 
1 2534 
5 252 1046 1748 2388 2884 
2 987 2445 
3 169 558 2013 
4 381 558 1326 2667 
2 307 2123 
2 378 2546 
1 1602 
5 196 340 761 1059 2552 
1 682 
2 977 2831 
6 722 1022 1253 1659 1869 2569 
4 27 846 1219 2029 
1 159 
7 1126 1600 1646 1751 1803 1810 2482 
2 702 2149 
2 1359 2250 
3 1167 1226 1255 
4 968 1199 1435 2833 
4 163 292 498 2244 
1 1983 
2 1203 2538 
1 1140 
3 31 210 976 
0 
2 7 2558 
3 1403 1551 2270 
3 85 2285 2478 
0 
1 1231 
1 369 
3 428 894 1132 
3 651 859 1907 
3 597 1050 1419 
0 
0 
5 41 616 1658 2503 2787 
2 695 2592 
3 1407 2025 2803 
4 785 1466 1827 2746 
4 745 2610 2874 2931 
1 489 
1 2405 
0 
0 
1 750 
2 773 2409 
4 745 818 2282 2744 
2 1302 2186 
2 331 2983 
0 
3 203 432 1846 
4 328 1135 1546 2681 
0 
2 1854 2261 
2 137 1557 
3 1185 1548 2436 
4 93 1458 1995 2997 
7 340 503 504 867 1266 2451 2819 
4 856 1954 2149 2199 
1 2662 
2 843 1037 
2 2140 2574 
1 1378 
1 2912 
2 994 1319 
2 1147 1228 
1 803 
3 1259 2356 2475 
2 457 1407 
1 779 
1 588 
4 45 1543 1761 2135 
1 876 
1 28 
2 2370 2464 
3 1276 2846 2986 
1 2598 
0 
5 70 726 1134 2248 2870 
1 1294 
2 856 1375 
3 781 828 2797 
3 1201 1647 2397 
5 589 1513 1549 1746 2608 
4 127 628 1311 2012 
1 422 
2 1481 1944 
3 493 571 2099 
2 584 2887 
3 475 1083 2860 
1 2017 
1 2351 
1 2846 
1 453 
2 664 957 
1 2381 
2 533 2546 
1 1690 
3 1351 1543 2901 
1 2461 
1 2885 
0 
2 2174 2219 
3 114 921 2454 
1 2496 
2 1241 2201 
2 2139 2153 
2 1230 1806 
3 478 995 2413 
3 267 770 1543 
2 1616 2253 
3 1665 2003 2744 
3 741 1246 1550 
2 1547 1818 
1 1832 
4 30 536 679 2668 
5 161 273 898 1875 1953 
1 2114 
2 986 2232 
2 1053 1673 
1 2296 
3 222 651 722 
5 165 902 1769 2023 2988 
0 
1 1616 
1 2302 
2 1047 1856 
4 235 485 585 1819 
2 1618 2651 
1 672 
1 1912 
3 1700 1850 2513 
0 
2 741 2355 
3 1283 2226 2377 
2 1293 1608 
3 1633 2261 2994 
2 481 1534 
4 160 1152 2673 2844 
10 757 821 846 939 1650 2015 2194 2266 2390 2670 
0 
4 460 1718 1722 1742 
2 1709 2638 
1 2147 
4 374 875 1225 2333 
0 
2 396 2321 
2 72 869 
0 
3 1122 1362 1393 
9 404 532 622 1533 1713 2158 2520 2597 2864 
4 1095 2450 2564 2821 
2 2479 2876 
1 475 
0 
5 1486 1835 2292 2379 2441 
0 
3 1147 1768 2272 
1 2915 
2 96 345 
3 331 1408 1529 
1 2338 
1 1504 
3 595 1707 2540 
0 
2 218 2514 
2 806 1910 
0 
0 
1 1634 
1 2571 
7 309 476 630 674 959 1479 1878 
3 1175 1352 2320 
2 672 1334 
4 42 111 267 1170 
2 53 1242 
5 219 436 851 1400 2238 
1 2125 
3 616 1454 2337 
2 114 2327 
2 744 1873 
5 300 509 1353 1721 2763 
1 1054 
5 2065 2141 2254 2634 2927 
2 1715 2540 
3 311 925 2764 
5 745 860 1022 1886 2911 
3 328 862 1489 
3 935 2557 2683 
2 437 723 
2 1023 1187 
1 1164 
2 1823 2050 
1 1018 
5 537 1253 1318 1755 2771 
1 1659 
2 2607 2662 
2 1479 1798 
3 33 890 905 
1 878 
3 313 1149 2169 
1 515 
1 1009 
1 2605 
3 919 1677 1804 
0 
1 900 
0 
3 1703 1959 2783 
1 1452 
4 723 867 1431 1962 
3 1217 2723 2814 
2 460 1939 
3 439 1073 2612 
1 1643 
5 41 239 794 1153 2017 
4 1662 1695 1762 2981 
4 425 1443 2247 2330 
0 
1 1596 
1 2030 
4 511 622 1573 1784 
2 690 711 
1 163 
0 
1 579 
1 1303 
4 52 1260 1379 2238 
4 1270 2055 2692 2701 
3 160 423 468 
4 1623 1991 2543 2583 
3 1052 2219 2387 
5 316 448 2068 2553 2906 
1 1522 
2 88 1848 
3 2593 2800 2955 
2 763 1566 
4 1700 1884 2316 2761 
2 1343 2500 
1 1151 
2 613 634 
2 1204 1979 
5 62 96 1478 1581 1721 
3 22 142 681 
5 540 547 687 1091 2119 
2 1419 2226 
1 1869 
2 160 2631 
2 1142 2518 
1 545 
1 330 
2 1029 2232 
4 1467 2029 2229 2667 
1 2700 
2 876 2499 
3 421 1714 2292 
2 468 640 
2 27 2001 
2 362 1371 
2 2867 2976 
3 19 508 2333 
0 
3 737 1428 2433 
2 262 2456 
0 
1 2495 
5 921 1150 1334 2226 2532 
1 2382 
3 1481 2048 2762 
3 610 2621 2649 
2 2771 2888 
0 
5 546 1358 1703 1721 2649 
4 223 1984 2105 2811 
3 1603 2173 2618 
3 1336 1792 2751 
2 469 2290 
3 359 842 2654 
2 570 2744 
3 1492 1729 2003 
1 582 
0 
5 1196 2011 2618 2861 2975 
2 2132 2637 
2 539 1565 
3 369 1557 2804 
4 1917 2312 2431 2927 
3 1482 1574 2999 
3 944 2127 2903 
4 1293 1590 1919 2411 
2 1356 1642 
1 2854 
0 
4 392 716 1034 2013 
2 1033 2815 
1 492 
3 421 1228 1609 
0 
2 1402 2636 
2 449 2465 
3 969 1780 1936 
4 1725 2290 2444 2467 
4 567 1503 1852 2522 
1 2540 
1 2269 
2 667 1660 
3 1423 1451 2483 
1 179 
2 946 2874 
3 451 1378 2707 
4 1535 1942 2692 2902 
2 1162 2323 
1 30 
1 2389 
3 1189 1826 1994 
0 
3 382 480 2663 
4 547 1732 1915 2768 
1 1842 
2 827 2018 
2 399 640 
1 1397 
2 1843 2500 
1 126 
2 2386 2649 
3 2434 2680 2703 
2 79 820 
3 582 909 2390 
2 1046 2330 
3 1057 2480 2911 
2 1132 1887 
2 1059 2077 
0 
2 275 462 
4 96 1496 1590 1947 
3 1041 1346 1490 
4 349 1220 1537 2782 
0 
0 
2 1380 1619 
2 212 273 
5 778 1964 2225 2358 2736 
3 381 561 1661 
2 418 2749 
1 2000 
6 512 640 1005 1820 2178 2588 
2 1598 2099 
1 5 
5 999 1709 2066 2290 2452 
1 904 
2 36 677 
4 1172 1250 1673 2894 
4 249 1697 1882 2930 
2 1001 2148 
0 
4 333 559 581 1344 
1 2446 
4 319 1388 1506 2733 
2 532 2193 
4 687 939 1672 1809 
3 1426 1512 2545 
4 275 688 1178 2949 
0 
1 2495 
2 2368 2399 
2 2199 2289 
6 558 711 1166 1275 1396 2057 
4 145 1055 1655 2605 
1 648 
4 1091 1831 2057 2501 
6 1218 2077 2097 2169 2828 2840 
2 1125 2422 
2 2616 2711 
1 2427 
3 645 1133 2941 
4 573 755 1050 1593 
4 190 974 1042 1269 
4 700 928 2154 2568 
1 1620 
3 1251 1378 2097 
1 1060 
2 449 1776 
1 86 
2 887 1976 
3 1197 2060 2676 
3 38 91 2639 
3 884 2175 2871 
2 421 2283 
2 2219 2919 
3 699 1985 2746 
2 491 1294 
3 1130 2025 2790 
2 2459 2530 
2 531 2139 
1 1453 
4 436 1818 1970 2697 
2 909 2740 
1 617 
1 1531 
3 707 2548 2786 
1 2797 
5 120 623 1150 2873 2935 
3 1266 1340 2861 
4 360 410 850 2316 
4 699 961 2197 2474 
2 61 1733 
4 367 1528 1757 2760 
2 2561 2608 
2 828 897 
2 1274 1632 
3 2 2182 2704 
4 69 449 2647 2994 
0 
0 
3 122 1966 2830 
4 454 1360 1716 2663 
0 
0 
6 455 705 1017 1279 1677 2791 
1 1798 
7 15 82 604 767 1680 2233 2543 
1 380 
2 71 2915 
4 228 446 1018 2001 
9 422 686 1094 1273 1407 2066 2520 2657 2883 
1 353 
0 
3 116 878 2154 
1 1600 
1 2348 
2 376 1484 
0 
4 364 1076 1107 1254 
8 1220 1495 1689 2189 2613 2659 2705 2986 
3 689 1318 2535 
1 2470 
3 1955 2605 2963 
2 998 2608 
4 640 860 1352 1938 
2 242 1292 
4 239 343 1007 1915 
1 1637 
1 1295 
5 789 1018 1499 2180 2847 
6 295 963 1291 1318 1557 2377 
4 4 809 1368 2713 
1 1677 
1 2615 
2 1510 2121 
2 424 2298 
0 
2 77 1094 
3 1569 2649 2836 
1 2704 
2 1 2151 
3 120 1484 2038 
5 595 1167 2178 2804 2950 
1 1993 
3 239 672 2967 
4 1016 1750 2866 2892 
3 473 905 1178 
1 1997 
7 39 231 474 945 1355 1793 2865 
3 210 1169 2118 
0 
5 1204 1533 1884 2548 2777 
1 97 
1 518 
2 801 2607 
3 32 41 2719 
1 1932 
5 1171 1541 2380 2630 2876 
0 
2 877 1222 
2 465 1333 
3 523 2324 2839 
1 510 
1 1846 
2 1033 1608 
2 191 1394 
0 
2 1047 1619 
4 1104 1243 1447 1673 
3 1210 1739 2554 
3 1241 1479 1829 
2 619 2530 
6 287 502 1637 1675 2001 2094 
0 
2 393 1693 
1 2746 
5 3 180 1582 2016 2874 
2 155 2561 
2 1474 2830 
4 399 565 1494 1711 
1 609 
0 
0 
2 938 1402 
3 849 1903 1906 
2 1265 2664 
3 10 430 854 
1 1276 
1 2472 
1 1982 
3 94 846 2420 
1 1749 
3 497 941 2505 
2 131 2851 
3 703 2126 2902 
3 283 1122 2115 
1 1298 
6 1044 1247 1755 2598 2867 2917 
2 287 2853 
2 1021 1165 
2 1239 2722 
1 960 
3 304 919 1649 
9 148 337 694 924 944 1426 1595 1633 2396 
2 377 2188 
4 1649 1966 2661 2665 
2 1014 2474 
4 511 687 1167 1649 
5 95 691 1152 1161 2831 
2 1675 2139 
2 1201 1722 
1 2829 
2 284 1787 
2 1830 2943 
5 752 1389 1703 1731 2888 
1 1693 
1 1068 
4 1977 2379 2592 2973 
3 795 979 1526 
4 78 794 2358 2417 
1 2960 
1 1778 
2 561 2733 
1 356 
3 2147 2774 2817 
3 1888 2274 2739 
5 836 1534 2098 2313 2451 
2 877 1122 
4 1397 2191 2430 2432 
1 1012 
1 2330 
3 501 829 1677 
4 331 627 982 2008 
0 
1 2355 
4 533 876 1875 2840 
4 102 194 1169 2543 
2 732 2350 
2 410 620 
5 472 683 2484 2532 2891 
4 868 1237 2369 2942 
2 2044 2378 
2 830 2897 
2 2261 2903 
2 508 832 
4 68 881 2201 2994 
4 59 1643 1777 2346 
1 1683 
4 168 2193 2377 2500 
3 142 197 1909 
1 109 
2 1805 2470 
0 
4 64 1031 1208 2453 
2 2169 2742 
1 2812 
0 
1 236 
5 63 714 1483 2257 2867 
1 1374 
2 423 1320 
2 933 2990 
0 
3 1113 1418 2715 
1 1082 
6 126 188 1506 1552 1808 2048 
1 2087 
3 1079 2136 2489 
2 590 1787 
0 
0 
2 194 2259 
0 
1 2413 
5 223 452 469 1139 1812 
3 1398 1812 2926 
4 745 870 2105 2781 
4 427 493 1960 2007 
4 34 1266 1756 2776 
3 925 952 1176 
3 286 652 2855 
4 231 1278 1446 2897 
1 42 
3 1209 1453 1991 
1 2391 
1 2060 
1 2603 
3 403 2438 2791 
3 1131 1321 2224 
4 983 1706 1883 2795 
2 1635 2181 
1 2244 
5 158 411 933 2325 2965 
0 
4 156 1361 1969 2857 
2 1477 2743 
3 225 1350 1354 
2 1149 2155 
2 1078 2794 
3 143 1244 1703 
4 1769 2036 2339 2891 
0 
7 99 1128 1447 1705 1871 2412 2475 
1 267 
1 2848 
1 2257 
1 2773 
7 650 1010 1042 2455 2684 2748 2886 
2 1687 2882 
4 1520 1683 1801 2581 
2 872 1782 
1 514 
2 368 2335 
1 1117 
0 
2 892 2741 
4 222 1103 2372 2452 
3 531 831 2762 
3 875 1992 2504 
4 96 579 2669 2711 
1 552 
1 1651 
1 76 
3 419 2264 2279 
3 95 1089 1559 
1 522 
2 1498 2000 
3 749 1353 1711 
1 226 
3 83 2016 2180 
1 432 
3 1460 1759 2178 
4 566 658 2320 2409 
0 
5 5 289 701 1112 2632 
4 767 902 1435 2393 
1 740 
4 639 1023 1470 2819 
1 716 
4 2361 2660 2852 2951 
2 158 2618 
2 376 1318 
2 1531 2015 
4 462 1675 2436 2727 
2 142 1529 
2 2212 2610 
2 1023 1174 
3 206 812 1330 
1 1493 
2 426 692 
2 1014 2516 
2 867 1494 
7 230 517 957 1022 1522 2513 2951 
3 1246 1336 2118 
5 964 1051 1924 2017 2800 
5 366 675 1358 1575 2913 
6 972 1682 1773 2278 2365 2992 
3 852 1517 2295 
2 2130 2693 
2 1161 2745 
1 673 
2 1094 2380 
0 
3 862 961 2914 
2 1307 2185 
1 259 
0 
0 
0 
1 2174 
1 556 
1 177 
1 691 
0 
2 815 2557 
3 236 1550 2321 
1 2454 
1 51 
1 1567 
3 1635 1964 2580 
2 117 1425 
3 470 480 783 
7 29 368 885 1625 1809 2361 2851 
2 1842 2889 
4 340 518 1986 2440 
1 2936 
5 187 248 583 1025 2656 
1 2988 
2 521 2739 
3 742 966 1498 
7 50 1253 1466 1503 1559 1613 2220 
3 429 1877 2401 
2 83 2630 
2 1068 2089 
4 1098 1366 1923 2378 
3 984 2417 2820 
4 1441 1599 2005 2714 
2 134 194 
2 1403 2692 
2 466 2810 
2 1538 2776 
4 16 479 1422 1574 
3 51 712 2523 
2 340 871 
3 512 2035 2867 
3 247 837 934 
2 441 2032 
5 294 316 974 2514 2952 
1 246 
2 1916 2303 
2 645 1660 
3 517 1255 2218 
5 90 414 1415 2306 2673 
2 566 797 
3 1325 2076 2866 
1 608 
2 529 2625 
4 1273 2775 2817 2986 
5 490 1545 1660 1933 2187 
1 2408 
0 
4 1679 1798 2457 2563 
2 359 1055 
2 495 2392 
1 1015 
1 2058 
6 106 606 985 1594 2002 2993 
3 676 1749 2547 
6 46 303 983 2141 2638 2777 
3 334 1114 2077 
3 471 1338 2696 
4 4 613 1168 2671 
3 1012 1603 1740 
0 
4 267 474 1834 2755 
4 223 852 1490 2271 
4 880 1805 1938 2856 
1 2625 
6 392 511 695 1205 1855 2487 
6 193 451 933 1793 2908 2961 
3 517 1226 1668 
0 
2 1507 2825 
2 457 2599 
3 369 568 2177 
4 326 728 1776 2493 
4 335 488 1445 2247 
1 1617 
5 458 1311 1379 2116 2190 
2 106 2429 
1 1000 
8 43 324 348 558 903 1093 2094 2580 
1 2270 
1 2853 
2 494 877 
3 27 122 729 
0 
0 
2 925 1232 
2 910 2689 
1 867 
6 263 576 1002 1839 2122 2264 
4 110 2154 2245 2809 
1 1096 
2 478 919 
2 1366 1708 
2 360 1565 
5 492 2129 2666 2908 2955 
2 635 2071 
2 2314 2553 
1 1745 
0 
3 1609 2367 2811 
4 474 1467 2343 2971 
1 1327 
2 108 2695 
3 945 1679 2986 
1 940 
4 247 636 790 1612 
4 580 891 2124 2809 
6 78 100 943 1476 1900 1984 
1 262 
2 1517 1998 
2 1011 2415 
2 1361 1938 
4 50 1485 1823 1953 
2 1509 1725 
1 548 
2 727 2754 
2 1484 2845 
2 1402 1613 
2 396 2234 
3 1179 1359 1551 
1 282 
0 
2 1320 1554 
5 64 585 1263 1898 2827 
3 443 2587 2592 
0 
4 103 463 1397 1764 
4 2064 2164 2288 2548 
2 1633 1823 
3 1540 1916 2903 
6 695 935 945 1156 2033 2738 
1 565 
6 1075 1310 1639 1813 2547 2733 
3 334 1103 2326 
1 290 
1 304 
5 82 131 1443 2139 2934 
4 190 495 1229 1931 
2 504 2556 
7 358 1289 1554 1579 1772 1816 2806 
1 2362 
3 92 185 2182 
2 1162 1461 
1 1375 
1 469 
6 975 1436 1946 2519 2539 2815 
5 674 767 1498 2289 2941 
3 2072 2339 2747 
5 354 776 1168 1815 2317 
2 56 393 
4 176 1245 1399 2650 
1 2893 
2 903 2374 
1 1436 
0 
6 256 739 1817 2176 2268 2604 
4 397 856 1990 2483 
1 2327 
3 188 836 1473 
1 1602 
1 1708 
3 1855 2345 2600 
3 1111 2944 2975 
5 348 599 1433 1530 2965 
5 673 939 1369 1876 2030 
8 327 447 682 1142 1605 2016 2478 2553 
3 1111 1672 2632 
1 963 
5 110 791 2142 2772 2990 
0 
3 773 1170 2049 
3 516 1307 2933 
3 916 1425 2731 
3 1109 1299 2804 
4 103 650 1631 2559 
2 2492 2730 
4 261 1818 2558 2876 
2 2475 2657 
2 1209 1280 
1 2244 
1 946 
1 1352 
2 1616 2845 
2 759 1539 
0 
2 1429 2531 
3 1074 1457 2735 
3 581 1331 2280 
0 
1 121 
4 376 563 810 880 
3 230 728 1263 
3 840 1852 2089 
2 1488 2268 
0 
0 
1 2772 
1 2602 
2 224 2609 
1 2061 
2 337 858 
2 261 1029 
1 2959 
0 
2 1940 2415 
3 388 650 2112 
5 980 1556 1573 1870 2584 
2 2343 2629 
2 867 2497 
5 822 1043 1314 2118 2995 
5 66 442 1090 2323 2363 
2 19 1338 
5 202 677 2720 2899 2995 
2 2125 2556 
4 799 998 1305 2783 
3 526 1213 2716 
3 473 1857 2409 
1 1743 
1 2312 
4 538 569 925 2310 
2 661 2753 
1 1599 
1 2620 
1 369 
3 1713 2067 2307 
0 
1 2510 
4 1227 1841 2318 2693 
0 
0 
3 293 1078 2348 
3 533 746 2618 
1 2477 
0 
2 1216 2568 
1 807 
2 75 148 
2 1195 1360 
3 861 1018 1867 
3 231 1564 1781 
2 52 763 
1 1373 
0 
1 711 
0 
1 1351 
2 444 1844 
4 518 1150 2692 2807 
4 1333 1341 1904 2181 
2 179 2421 
2 273 1901 
1 1867 
2 2141 2311 
1 1211 
1 50 
4 718 1324 2548 2651 
2 274 1652 
2 1261 2795 
2 1096 2735 
6 473 483 983 1117 2069 2786 
1 2022 
2 387 2031 
5 354 1545 1958 2259 2445 
3 807 1833 1847 
3 710 1574 2246 
5 97 895 1098 1512 2767 
5 471 679 1504 1540 2834 
1 2955 
4 185 2537 2653 2749 
4 1374 2682 2938 2955 
2 557 1697 
0 
4 95 246 1146 2479 
2 429 1330 
1 380 
0 
2 2353 2762 
3 343 376 1737 
2 539 1205 
3 753 1288 1875 
0 
2 192 2895 
3 373 1152 2477 
3 368 440 2303 
4 404 1780 2094 2361 
4 63 1346 2088 2315 
1 993 
0 
2 236 1295 
4 454 1110 2654 2830 
3 743 1991 2788 
6 141 672 698 985 1942 2060 
3 1494 2257 2298 
3 587 769 2793 
4 788 1643 2698 2832 
3 280 1073 2113 
8 931 956 1304 1576 1584 1985 2008 2735 
1 1300 
2 656 1671 
1 2010 
3 1381 1821 2150 
2 301 688 
4 449 836 1250 2252 
2 2134 2657 
2 780 1697 
1 1163 
8 377 994 1166 1480 1718 2424 2485 2492 
1 934 
2 835 1507 
0 
4 1141 1204 1334 2981 
3 50 114 944 
1 2996 
1 2638 
1 2224 
3 222 803 1205 
2 663 1454 
3 36 102 1887 
4 446 858 1080 2011 
3 322 1257 1496 
4 51 235 2153 2995 
3 338 457 1301 
1 949 
4 186 2144 2206 2504 
5 861 1453 1689 2039 2225 
3 60 584 2921 
1 2132 
0 
2 34 2749 
5 211 252 1172 1297 1559 
1 1696 
3 12 2369 2862 
2 1124 2052 
1 101 
5 734 1167 1989 2485 2914 
3 347 1735 2211 
1 168 
1 2072 
1 1033 
0 
2 907 1861 
5 409 661 1159 1784 1815 
4 1351 2056 2500 2795 
4 899 1157 2066 2407 
3 365 2674 2935 
5 651 966 2002 2015 2632 
4 638 1041 1672 1882 
3 53 811 2192 
2 2323 2523 
1 837 
2 1215 1882 
1 1371 
4 178 488 1317 1454 
5 34 972 1869 2488 2577 
4 118 1630 2564 2795 
5 196 572 599 610 2423 
0 
5 467 1233 1450 1908 2060 
4 552 2109 2692 2802 
2 614 2837 
3 451 556 2182 
3 584 1977 2747 
5 64 402 613 1190 1775 
4 526 1307 1863 2857 
2 144 1080 
2 1755 2892 
4 1310 1327 1946 2198 
2 2608 2886 
4 228 1394 1638 1877 
4 555 786 945 2459 
0 
3 1139 1205 1517 
0 
0 
0 
4 1564 1675 2534 2923 
3 1427 1563 2918 
3 305 785 1281 
1 737 
2 1193 2604 
3 196 1619 2291 
2 953 2862 
0 
0 
1 140 
4 120 432 722 1394 
5 788 1216 1452 2056 2903 
3 1170 1778 2235 
3 1484 1904 2614 
1 2645 
5 1592 1742 2136 2293 2419 
2 1327 2187 
0 
2 743 2500 
1 991 
2 432 2950 
3 303 1484 1992 
1 287 
0 
0 
3 1738 2172 2993 
4 1893 2018 2620 2845 
3 304 790 835 
4 1919 1970 2317 2529 
3 1578 2219 2725 
1 876 
3 1241 2032 2276 
3 1018 1781 2068 
4 137 720 1957 2785 
1 83 
5 847 1733 2194 2380 2459 
2 1211 1409 
3 368 514 929 
1 492 
3 507 1347 1672 
2 775 1247 
3 1671 1946 2747 
2 486 1353 
1 2504 
0 
2 636 979 
3 403 797 1287 
1 443 
4 2152 2359 2653 2741 
3 343 1293 2873 
2 1205 1305 
2 312 2955 
1 1990 
4 611 625 1370 2835 
2 92 1262 
2 629 2095 
4 840 982 1568 1762 
1 879 
2 1689 2910 
0 
2 169 731 
1 2101 
2 1197 1796 
1 87 
3 1897 2381 2586 
3 2521 2684 2967 
2 1951 2194 
2 1542 1707 
4 238 1362 2902 2990 
2 910 2306 
3 637 1018 1316 
3 670 1939 2437 
5 191 492 1105 1194 2884 
1 2657 
3 942 987 1853 
1 1556 
1 1320 
1 65 
0 
3 215 791 2603 
4 715 1061 1482 2199 
1 171 
1 2376 
3 53 514 2171 
3 583 1818 2065 
2 2164 2318 
5 455 1017 1020 1022 2338 
1 640 
1 1136 
1 1444 
0 
1 2179 
4 331 868 2068 2596 
0 
0 
1 536 
4 511 696 1986 2847 
4 806 1225 1233 2179 
2 843 2616 
5 261 717 2555 2773 2905 
1 2080 
2 277 2430 
2 248 612 
1 2254 
3 204 345 383 
2 1255 2808 
1 439 
3 469 1712 1847 
3 486 1486 1604 
5 860 1354 1534 1602 1676 
5 226 620 852 983 2597 
1 1789 
4 987 1024 1158 1563 
3 1672 2112 2487 
5 173 705 919 947 1046 
3 2037 2694 2996 
5 307 400 1236 1291 2154 
5 305 921 1923 2615 2979 
0 
5 1171 1998 2459 2562 2738 
3 1062 1124 2243 
0 
2 115 396 
2 167 1815 
2 1123 2568 
0 
5 473 934 1512 1621 1899 
1 598 
2 225 2068 
0 
3 989 1030 2533 
0 
3 717 2089 2147 
2 13 1518 
6 853 1458 1492 2063 2419 2554 
2 2344 2606 
2 311 2030 
4 632 738 1758 2552 
2 1784 2183 
1 397 
7 709 773 1029 1114 1826 2045 2147 
0 
2 1117 2747 
1 1104 
3 664 1630 2538 
6 95 1280 1348 2579 2626 2826 
4 643 849 2262 2813 
2 121 372 
2 994 1142 
3 372 1670 2040 
6 651 1412 2269 2391 2426 2814 
3 756 2600 2763 
2 685 2170 
1 916 
1 2270 
3 390 642 1494 
0 
2 1975 2852 
5 150 682 743 773 2488 
3 642 1025 2062 
5 2316 2326 2345 2416 2899 
3 83 2322 2713 
4 802 1301 1998 2343 
0 
1 359 
3 238 2230 2883 
2 780 2957 
1 1984 
4 1029 1932 2690 2762 
1 818 
2 906 1598 
4 99 167 1964 2343 
6 90 1523 2065 2350 2540 2844 
0 
2 479 1465 
1 1588 
2 984 2270 
1 1247 
1 1946 
4 642 1578 2492 2663 
1 1405 
0 
3 1285 2007 2136 
2 383 584 
1 2791 
3 501 2747 2898 
4 1006 1242 2484 2946 
1 960 
3 36 514 2543 
2 2345 2370 
2 135 2433 
0 
4 695 1012 1553 2502 
1 1093 
1 907 
2 1700 2880 
2 1146 2222 
4 1791 1858 2002 2033 
2 572 2938 
5 147 346 717 1619 2446 
2 67 1981 
3 269 423 1314 
1 1928 
1 1908 
4 295 1963 2406 2531 
1 658 
3 623 1115 2115 
1 2883 
1 1801 
3 286 1327 1985 
3 158 1171 1997 
3 2490 2641 2706 
3 1550 2722 2982 
3 882 1260 2635 
2 1061 2135 
3 1036 1575 2009 
0 
2 801 1472 
4 196 1427 1595 2425 
2 1125 2109 
2 2382 2987 
4 395 722 1529 1701 
0 
2 2130 2522 
5 166 435 1027 1083 1849 
3 2624 2819 2832 
1 1674 
2 2332 2563 
2 1760 2254 
2 776 2868 
3 963 1254 2291 
2 2609 2991 
0 
3 14 55 1625 
2 486 1922 
4 698 920 1236 2421 
5 305 1926 1985 2448 2577 
2 240 2826 
4 1124 1771 2085 2519 
1 448 
2 514 2268 
2 705 2636 
5 1066 1251 2061 2112 2258 
3 608 1982 2123 
2 2653 2679 
2 1080 2890 
3 860 1197 2660 
4 21 514 1827 1928 
1 18 
5 1089 1090 2146 2778 2795 
2 365 1320 
1 2767 
4 208 1336 1529 1686 
2 89 1327 
1 1343 
4 614 896 1364 1647 
3 628 2212 2401 
5 167 846 2067 2658 2724 
1 1488 
0 
4 693 1300 1316 2212 
2 2678 2976 
3 2112 2190 2436 
3 815 1703 2357 
3 288 539 1810 
2 401 2457 
2 277 985 
2 220 1028 
5 419 870 1973 2773 2932 
3 136 615 1972 
3 1451 1861 2482 
4 168 352 1249 2000 
2 656 2616 
1 2687 
2 2320 2530 
2 457 2685 
2 1276 2044 
1 1932 
1 1415 
3 819 1198 2133 
4 252 823 1962 2944 
1 1434 
5 272 1932 2500 2554 2952 
5 2 69 393 551 978 
2 1451 1670 
5 300 440 735 2344 2991 
1 1787 
4 632 1940 2727 2981 
2 1975 2333 
3 803 1380 2851 
1 1637 
3 479 554 2583 
2 1253 1349 
1 627 
1 1404 
2 1760 2376 
2 68 2962 
3 1937 2403 2459 
4 1528 1833 2060 2656 
1 2362 
2 1551 2212 
1 2245 
2 2146 2417 
0 
3 379 1426 1439 
1 2088 
3 511 747 1541 
3 437 1394 2648 
2 6 1117 
2 2026 2489 
1 681 
1 2220 
3 617 1050 1467 
1 1352 
4 1206 1556 2359 2971 
1 672 
2 2217 2431 
1 2708 
1 2696 
4 121 853 1534 1538 
1 1104 
2 738 966 
2 426 2399 
3 473 687 1917 
3 224 831 1505 
1 1040 
0 
1 362 
0 
1 2794 
4 198 1589 2090 2386 
1 357 
2 2124 2374 
0 
2 1627 2813 
2 1311 2563 
3 1689 2858 2980 
2 1295 2534 
3 429 1438 2923 
1 90 
1 999 
4 1436 1576 2361 2532 
3 2406 2792 2895 
5 390 999 1994 2743 2842 
1 532 
4 102 1545 1766 2214 
1 1064 
1 667 
2 262 2634 
3 631 2369 2974 
2 206 2292 
2 470 2058 
2 818 941 
3 1224 1317 2845 
4 787 1886 2276 2498 
1 2988 
3 790 1591 2454 
5 2178 2658 2675 2881 2972 
0 
1 1797 
5 406 1209 1680 2484 2993 
3 1169 2294 2400 
2 1978 2636 
4 147 197 1799 2401 
2 2242 2694 
4 287 1765 1810 2029 
1 2885 
4 387 2249 2813 2874 
4 6 1325 2295 2974 
4 971 1731 1840 1845 
2 431 1233 
0 
0 
3 65 801 2195 
2 1860 2114 
3 939 1251 1299 
4 713 1634 2124 2333 
3 1392 1850 2186 
2 2490 2958 
3 811 1479 2447 
2 1966 2611 
4 13 587 1969 2167 
0 
5 1333 1554 1604 1741 2350 
2 353 835 
1 2293 
1 2857 
1 2822 
2 1629 2928 
1 2486 
3 617 1300 2236 
2 263 559 
7 393 937 1986 2105 2161 2407 2743 
0 
1 1596 
3 99 1450 1988 
4 439 709 2169 2219 
2 1092 2751 
2 120 2387 
3 711 1843 2299 
2 437 1767 
4 842 1194 1734 1982 
2 385 2454 
3 915 1020 1943 
1 2160 
1 2228 
3 1109 1944 2462 
3 896 1591 2224 
0 
3 1832 2247 2463 
1 1831 
1 363 
6 1720 1851 2418 2468 2770 2950 
2 884 2180 
3 1032 1549 2143 
1 1925 
5 40 331 742 2029 2212 
4 468 2335 2465 2911 
1 1763 
5 1004 1806 1964 2318 2878 
1 520 
5 344 774 1295 1730 2227 
5 890 1484 1772 1799 2669 
4 185 1199 1659 1955 
3 2026 2807 2912 
4 1958 2309 2794 2955 
2 443 1522 
4 1344 1615 2340 2398 
3 731 1098 1478 
3 0 1133 1584 
2 958 2258 
4 188 366 815 1906 
1 557 
1 2909 
2 962 1773 
4 1297 1682 1725 2761 
2 198 2383 
5 845 1141 1834 2687 2830 
4 758 924 987 2732 
3 1241 1533 1760 
2 612 780 
0 
3 1211 2517 2953 
2 49 2986 
4 133 1092 1745 2629 
2 1047 1484 
1 1778 
5 20 1487 2489 2858 2873 
3 783 1506 2369 
3 585 2878 2999 
2 503 794 
1 2865 
4 640 1157 1533 2227 
4 141 991 1144 1353 
5 437 591 716 1169 2173 
2 820 1589 
1 315 
1 325 
1 2993 
3 1448 2872 2900 
2 623 2665 
1 224 
2 538 892 
4 234 1872 1987 2834 
2 2567 2751 
1 64 
6 9 191 512 753 1928 1979 
5 124 721 1352 1699 2453 
1 1449 
2 1221 1594 
2 1318 1760 
2 97 2482 
3 10 53 1219 
2 1115 2624 
3 216 1678 2991 
3 956 2114 2995 
2 1512 2255 
2 134 1712 
1 2561 
1 2752 
3 242 2554 2990 
4 1056 1839 2270 2424 
3 1703 2705 2899 
1 2829 
1 454 
3 769 1080 2067 
1 1358 
1 693 
1 2122 
2 209 1520 
0 
1 2275 
1 729 
2 1530 1574 
3 65 867 870 
4 1240 1914 2307 2609 
2 2650 2893 
5 885 1100 1479 1545 1861 
4 1387 1805 2310 2758 
2 1722 2071 
2 1697 2627 
2 197 1315 
6 138 684 1647 1735 2618 2825 
5 849 925 1531 2249 2766 
5 20 1412 1820 2048 2572 
4 733 1595 1655 1691 
1 1447 
2 2225 2827 
2 1283 2062 
4 27 1335 1525 2490 
0 
2 211 2204 
1 263 
1 1229 
4 120 832 871 1244 
1 446 
1 91 
2 1663 2832 
0 
2 2352 2413 
0 
2 2746 2949 
3 1801 2108 2815 
1 2938 
2 1081 2155 
4 1473 1868 2487 2866 
6 1208 1380 1695 2369 2609 2917 
2 1893 2126 
1 43 
1 489 
1 2833 
4 987 1266 1472 2938 
3 1618 2342 2979 
2 384 2999 
5 871 880 2249 2471 2994 
3 488 1041 2323 
2 588 847 
2 296 2556 
4 1624 2434 2844 2929 
0 
1 2456 
0 
5 774 1091 1955 2142 2316 
3 308 2854 2977 
0 
2 2085 2617 
4 1546 1782 2528 2642 
1 2227 
0 
4 1393 1676 1805 1825 
2 1483 2981 
6 618 1937 2038 2728 2802 2922 
2 1010 1769 
1 1263 
2 474 2901 
4 964 1168 1397 2406 
1 745 
2 2708 2943 
5 11 177 949 2356 2440 
3 303 1276 2051 
3 505 1806 2852 
3 1294 1895 1939 
4 384 408 678 1401 
5 1009 2090 2777 2885 2928 
2 789 2881 
0 
1 1282 
5 377 1173 1786 2270 2973 
2 2371 2877 
3 784 1514 2875 
1 1842 
2 1491 2772 
4 394 572 1777 2562 
4 1082 1578 1745 2918 
0 
1 2430 
6 607 894 1024 1324 2547 2960 
2 7 562 
3 684 1243 1440 
2 1356 2105 
3 1977 2498 2671 
4 112 398 1511 2614 
1 2488 
3 487 1812 1865 
4 644 1039 1695 1703 
1 854 
4 515 559 2772 2816 
4 439 1488 2382 2732 
1 955 
2 388 1611 
3 607 1508 2959 
4 878 928 1277 1679 
2 1112 2087 
1 2968 
1 258 
1 651 
0 
3 176 1967 2249 
2 1955 2541 
0 
1 453 
2 1315 1648 
0 
1 2215 
2 1944 2954 
0 
6 65 701 871 1069 1959 2213 
3 48 1715 2944 
4 133 1646 2207 2464 
3 1588 2180 2502 
3 268 775 2017 
2 603 1184 
1 887 
4 361 1343 2177 2875 
2 1259 2176 
4 846 957 1146 1920 
2 1654 1660 
4 944 1144 1976 2172 
4 1105 1436 2508 2643 
3 911 1329 1548 
3 1701 2306 2813 
1 2942 
2 94 1179 
3 548 1940 2848 
3 1233 1579 2913 
4 190 195 235 1019 
1 934 
2 1263 1825 
2 84 1043 
2 1535 2211 
2 859 1063 
5 640 1598 1629 2666 2955 
1 1936 
1 283 
3 47 905 2796 
2 1554 2875 
4 309 559 866 1643 
1 334 
3 606 1060 2363 
3 17 329 2508 
1 2782 
1 2074 
0 
2 1511 2531 
3 2171 2287 2924 
1 2931 
2 326 2565 
3 34 96 2405 
3 1523 2192 2845 
6 1160 1819 1823 1863 1979 2630 
3 330 2169 2597 
3 1908 2786 2801 
2 410 2166 
1 2666 
1 1879 
2 1226 2601 
7 48 79 603 732 889 1592 1959 
3 62 1205 1874 
3 2232 2478 2525 
1 1759 
0 
5 322 1103 1502 1970 2332 
5 69 842 1512 2070 2459 
3 635 746 767 
4 71 1984 2015 2110 
3 115 1968 2290 
1 753 
2 316 1728 
1 2329 
5 619 752 2221 2501 2793 
2 132 921 
3 28 1306 2253 
2 1575 2736 
1 1953 
2 468 2790 
3 677 728 2285 
2 196 2546 
0 
1 2247 
2 382 1927 
1 1683 
5 322 519 1106 1367 2627 
2 1277 1864 
1 1452 
6 718 1261 1972 2241 2583 2812 
1 579 
5 1930 2066 2097 2160 2270 
1 516 
0 
3 1490 2295 2433 
3 611 2234 2321 
4 405 684 1666 1791 
1 2039 
0 
3 1073 1120 1480 
4 303 1805 1993 2770 
2 1086 1450 
1 235 
4 351 554 637 1058 
1 1709 
3 289 2385 2415 
4 1138 1276 2511 2576 
1 2414 
2 640 2302 
0 
4 257 1343 1381 1803 
4 805 1713 2428 2625 
7 526 1267 1717 1739 2044 2130 2249 
3 28 1250 2877 
4 367 658 2499 2951 
3 2534 2548 2710 
3 195 1040 2714 
1 2054 
4 1594 1917 2646 2651 
0 
2 1171 2377 
1 1138 
1 1375 
0 
1 547 
1 888 
0 
2 527 2238 
1 2453 
3 373 2207 2968 
1 1315 
4 415 866 1334 2881 
4 777 802 849 2228 
4 93 273 1568 1793 
4 656 756 1913 2362 
2 1578 1948 
1 1924 
4 341 1172 1931 2252 
4 50 401 621 2778 
0 
3 40 950 1480 
1 1962 
0 
1 481 
2 626 2266 
2 1224 1471 
1 2642 
1 217 
3 1227 1632 2183 
5 426 1412 2058 2429 2729 
0 
1 1988 
3 1407 2061 2917 
1 1440 
3 787 1406 2627 
1 1041 
2 1284 2954 
1 1473 
6 120 215 738 904 1723 2105 
2 1336 1591 
4 1415 1648 1982 2497 
1 2765 
3 673 1147 1837 
4 647 1190 2253 2329 
1 1724 
5 812 1398 1536 2098 2533 
3 128 976 2654 
2 1107 2905 
2 1321 1723 
2 680 1345 
1 2464 
3 2231 2321 2932 
5 370 443 718 829 1045 
1 159 
2 1790 2224 
4 645 761 1851 1939 
3 5 95 2969 
3 228 1127 1980 
1 491 
2 679 2443 
4 662 1649 2449 2712 
2 1115 1335 
2 1990 2520 
1 337 
2 285 2095 
5 1288 1395 1725 1734 2785 
3 163 1698 1848 
3 1349 1723 1752 
2 71 1061 
2 256 2856 
3 467 930 1418 
0 
3 1052 1735 1946 
1 592 
3 2082 2687 2972 
1 1464 
0 
2 634 1049 
2 568 2121 
2 1826 2613 
3 419 842 1034 
2 1611 1877 
3 52 174 2802 
6 154 1154 1197 1472 1904 2588 
3 1328 1862 2292 
2 1398 2201 
3 3 40 220 
4 168 1171 2659 2786 
0 
2 1287 2507 
3 161 865 2882 
5 1055 1519 1912 2011 2089 
2 575 1752 
2 2131 2853 
1 1131 
1 2783 
3 69 1340 1895 
1 2988 
4 413 1645 1858 2890 
5 635 945 1063 2278 2544 
2 1056 1209 
2 656 1032 
4 445 972 1176 1598 
3 596 1627 2529 
4 255 768 1783 2150 
1 1999 
2 486 2726 
1 2263 
3 340 825 1893 
3 108 732 1961 
1 501 
1 814 
6 5 370 640 828 2418 2702 
3 1099 1713 2474 
1 1238 
1 1150 
1 2639 
1 468 
2 1018 2967 
1 583 
1 1990 
2 865 1885 
2 1924 2707 
4 87 1206 1819 1926 
0 
1 1860 
0 
3 542 2210 2850 
5 160 304 1767 1905 2118 
2 1531 1955 
3 332 1234 2645 
3 546 1147 1404 
0 
1 790 
4 148 1117 2503 2621 
3 609 1088 2082 
1 2265 
3 1298 1392 2263 
1 1723 
3 1034 1210 1865 
2 1975 2390 
2 1578 1697 
1 1005 
3 1437 1798 2669 
2 176 872 
1 1543 
3 240 1494 2044 
1 1781 
2 1713 2620 
3 874 2607 2965 
1 2269 
4 287 1264 2307 2557 
4 1043 1664 2138 2701 
3 487 787 1879 
1 1043 
3 763 1753 2252 
2 826 2101 
1 2610 
4 311 556 1158 1825 
2 230 1634 
2 1102 2753 
1 2727 
2 1199 2121 
2 331 656 
0 
2 166 2337 
1 802 
2 502 1450 
2 857 1762 
1 1942 
2 492 1799 
2 2338 2581 
1 652 
3 45 558 1041 
2 849 1131 
5 142 1068 2030 2286 2492 
5 371 604 1191 1919 1965 
2 245 1122 
2 764 2103 
2 1236 1828 
1 137 
7 27 893 1557 1598 1682 1860 2225 
0 
1 600 
1 1969 
4 98 1972 2511 2977 
4 432 575 2171 2328 
3 173 800 1980 
1 2991 
2 802 2808 
1 1975 
0 
3 936 1066 2731 
1 2097 
1 1003 
2 322 397 
4 363 905 1021 2391 
3 568 1117 1365 
1 2486 
3 1420 1470 2650 
3 527 1353 2221 
3 290 653 1460 
1 830 
2 38 2674 
3 514 1833 2034 
2 807 1344 
4 1054 1749 1923 2757 
4 176 368 1494 1522 
2 1952 2476 
4 318 1253 1676 2088 
5 130 1541 1721 2145 2580 
3 1082 1872 2010 
4 316 1774 1941 2072 
0 
5 1363 1494 1742 2453 2768 
2 170 1260 
2 124 2840 
3 766 864 2569 
2 70 605 
4 47 1396 2318 2762 
3 428 1917 2143 
3 193 755 2272 
7 739 823 1063 1530 1581 1845 2648 
3 870 2232 2769 
3 1755 2172 2756 
3 401 536 2412 
3 1133 1511 1606 
1 1007 
0 
1 2367 
2 2181 2202 
1 360 
3 365 1414 2766 
3 2264 2463 2559 
0 
5 75 632 1167 2532 2887 
2 666 1222 
2 252 2681 
3 227 319 1165 
1 2005 
1 749 
2 1333 1801 
4 651 925 2340 2597 
3 29 123 1628 
5 35 803 1786 2601 2916 
3 144 1217 1536 
0 
2 492 2221 
1 477 
1 2826 
2 394 2109 
3 420 1591 2381 
3 893 986 1837 
3 1373 1767 2206 
4 767 1054 1904 2513 
5 12 1693 2323 2608 2610 
4 500 1563 1900 2273 
1 935 
0 
1 1456 
3 343 521 1707 
2 454 1333 
5 190 664 685 804 1735 
1 2161 
0 
5 731 921 1051 1751 2594 
1 2377 
1 861 
3 506 597 2239 
5 1242 1320 2139 2597 2940 
5 900 966 1315 1443 2273 
1 482 
0 
0 
3 239 508 1700 
5 733 1284 1353 2562 2644 
4 984 1697 1845 2043 
3 125 306 1662 
3 1326 1401 2100 
4 132 689 1189 2429 
2 525 1364 
3 1362 2511 2964 
1 426 
3 908 992 2041 
3 1682 2135 2553 
3 1236 1790 1898 
2 652 1542 
1 2209 
2 2644 2931 
1 2027 
4 155 878 1422 1687 
2 511 2495 
1 36 
2 104 671 
2 334 2067 
0 
1 562 
3 261 2651 2945 
4 416 445 2264 2608 
4 108 1541 1799 2614 
0 
1 1708 
5 317 1194 1266 2488 2660 
2 1124 2449 
2 2649 2656 
7 360 474 731 1854 2247 2659 2824 
2 1394 2642 
0 
1 1627 
1 1312 
2 846 2361 
0 
1 131 
0 
5 190 424 537 1032 1312 
2 736 2813 
2 2543 2842 
0 
3 88 1655 2816 
5 651 1673 2213 2520 2547 
4 368 577 1012 2708 
2 32 1258 
3 377 1349 1714 
2 2218 2522 
2 1385 2927 
5 84 194 1101 1642 2675 
2 1343 1567 
3 704 868 937 
2 463 1698 
4 284 697 969 2427 
6 584 908 938 1555 2533 2576 
5 274 1386 1794 2058 2089 
5 361 540 1160 2435 2533 
1 1943 
1 714 
2 934 2357 
4 385 1576 2144 2577 
2 948 1680 
3 873 1661 1835 
2 2108 2816 
7 380 775 783 1155 1419 2065 2849 
1 2990 
3 1410 1589 2426 
3 770 2412 2987 
3 149 370 2923 
1 2686 
5 226 1788 2036 2737 2828 
3 1231 1252 2269 
3 250 415 1708 
4 161 2063 2244 2312 
0 
3 325 1395 2007 
3 972 1207 2212 
1 748 
3 1149 1354 1533 
0 
2 684 1911 
1 1776 
3 799 1804 1925 
2 260 784 
3 643 1243 1501 
2 886 2394 
0 
2 1774 2749 
4 176 2109 2304 2584 
1 2181 
2 2553 2566 
2 1577 2408 
4 141 426 2276 2703 
2 121 912 
2 1870 2500 
6 428 770 773 825 953 2582 
4 1338 2059 2477 2935 
4 629 1443 2276 2575 
1 311 
4 383 1456 1611 1807 
5 245 778 1477 2324 2928 
0 
4 143 1201 1861 2582 
5 419 925 1365 1491 1636 
2 1820 1920 
3 934 2365 2583 
4 467 1154 1809 2580 
1 1020 
3 271 560 697 
3 817 916 1742 
2 1000 2984 
3 321 1020 2023 
6 56 434 1282 2194 2216 2885 
2 504 753 
2 374 616 
3 1134 1985 2421 
1 640 
3 1246 2143 2848 
1 123 
2 639 1227 
3 1532 2481 2683 
3 1920 2603 2727 
1 885 
0 
1 1824 
2 1807 2996 
1 826 
2 552 2515 
2 1457 2757 
2 689 2674 
2 1122 1628 
1 1838 
1 2623 
4 478 1836 2000 2352 
0 
1 1274 
1 1731 
0 
5 729 811 1213 1435 1546 
2 1173 1415 
4 1678 1927 2752 2948 
2 119 1290 
2 1245 1881 
2 226 896 
2 65 1482 
0 
1 754 
2 729 2430 
1 2390 
2 826 2646 
2 911 954 
2 934 2045 
4 1 168 191 1774 
2 810 2400 
4 433 1880 2120 2598 
0 
1 2273 
3 402 873 1134 
1 2338 
2 946 1724 
2 1211 2274 
4 83 169 1078 2899 
1 1403 
1 45 
2 188 2972 
1 970 
4 49 1400 2790 2839 
1 8 
2 1015 1775 
1 712 
1 1820 
2 1592 2817 
3 2384 2735 2749 
4 1158 1850 2439 2675 
2 2114 2751 
3 187 2307 2852 
1 1363 
3 402 1360 2470 
4 311 480 2001 2150 
4 197 858 1037 1320 
2 22 2877 
4 1374 1446 1484 2726 
2 842 2235 
2 2624 2784 
3 8 1318 1682 
3 1040 1203 2906 
1 897 
2 1130 1611 
1 1069 
3 1110 1906 1955 
3 547 612 779 
2 1174 2760 
4 539 890 990 2084 
5 1335 1549 1604 1705 1748 
2 198 1122 
5 844 1456 1516 2641 2726 
0 
6 191 776 1960 2027 2728 2779 
2 2042 2694 
5 72 203 1408 2438 2882 
1 1303 
2 226 1249 
1 2502 
2 2484 2682 
1 2061 
0 
2 907 2745 
2 738 1998 
6 104 769 1132 1464 1731 2497 
2 682 1714 
3 52 178 686 
2 235 2319 
3 2066 2510 2897 
2 1453 1814 
2 818 2492 
1 2501 
2 1975 2258 
2 695 771 
5 391 1356 1384 2134 2149 
3 1121 1662 1831 
2 5 1039 
1 1232 
3 351 1093 1215 
3 966 1243 2126 
2 1812 2296 
1 2751 
1 2844 
1 1091 
4 837 2203 2803 2982 
3 709 1402 2373 
2 402 2737 
2 1596 2343 
5 315 900 1447 2214 2365 
1 536 
2 390 1478 
0 
3 892 2237 2720 
3 919 1102 1747 
1 1905 
2 1481 2232 
3 1113 1892 1988 
7 50 237 1104 1445 1530 1542 1812 
3 70 206 2197 
2 582 901 
0 
0 
2 736 1169 
1 2214 
4 1546 2114 2360 2841 
2 538 2782 
3 786 957 1361 
2 304 402 
1 1327 
2 1435 1987 
2 1668 2467 
3 44 1277 1294 
1 1214 
3 178 774 1287 
2 1070 2247 
5 1709 1897 1930 2183 2593 
3 375 712 1713 
4 261 795 1333 2085 
3 2149 2596 2617 
4 29 1039 1232 2725 
0 
4 181 558 1152 1788 
1 1210 
3 422 652 2958 
1 1950 
1 2908 
1 2583 
2 1257 2065 
3 1708 1800 2527 
2 1311 2070 
3 344 871 2624 
3 1026 2046 2927 
4 915 993 1477 2000 
2 510 1023 
4 445 1482 1788 2080 
2 518 2093 
3 22 1454 2026 
2 318 1616 
3 388 480 953 
1 1547 
0 
2 976 2720 
3 871 1050 2494 
2 464 2802 
3 451 1906 2594 
0 
4 639 1735 2101 2780 
6 57 1304 1370 1589 1916 2211 
2 576 593 
2 944 1659 
5 92 440 1119 2186 2671 
2 119 2618 
1 2405 
3 1008 1197 1852 
4 1154 1720 2123 2729 
4 280 1013 1268 2371 
2 792 2106 
3 33 1095 2962 
3 1251 2347 2875 
4 1109 1551 1949 2943 
3 141 1899 2010 
0 
1 590 
2 783 903 
2 1519 1569 
1 449 
1 651 
3 493 963 2014 
5 960 1229 2088 2960 2989 
4 760 1012 1073 1219 
1 1792 
0 
1 579 
2 247 887 
1 2022 
4 70 902 1612 2010 
4 540 809 991 1930 
4 2132 2176 2198 2856 
4 244 653 972 1364 
3 2131 2271 2734 
3 126 1982 2012 
1 409 
1 1758 
3 1920 2127 2289 
3 1123 2368 2753 
4 438 925 1728 1770 
3 159 501 1635 
5 480 601 1929 2126 2666 
3 1122 1555 2934 
3 589 2513 2922 
2 771 1029 
2 70 1198 
2 1808 2376 
3 1054 1115 2997 
2 960 1553 
3 153 1339 2059 
1 852 
3 1469 1905 2932 
0 
4 210 1057 1096 2766 
1 1748 
4 1400 1723 2045 2715 
1 2022 
4 0 131 599 2117 
3 811 1009 1631 
4 789 1058 1317 1574 
1 116 
2 1662 2325 
2 733 2739 
0 
3 1254 1282 2823 
1 1996 
2 90 1621 
3 687 830 1980 
2 564 1987 
2 1170 2187 
3 31 1178 1522 
3 246 659 923 
1 2522 
3 1012 2089 2310 
3 480 1564 2136 
1 889 
0 
1 1513 
2 2114 2887 
3 1563 1901 2622 
1 2207 
0 
1 1090 
5 61 684 787 2602 2829 
4 459 1951 2126 2654 
1 2101 
1 853 
7 362 487 498 540 2208 2566 2959 
4 106 1831 2329 2895 
1 1359 
3 219 1324 2886 
3 902 1532 2650 
1 1200 
1 225 
4 1457 1761 2086 2094 
1 460 
1 2547 
2 875 1334 
2 1055 2184 
3 1028 2120 2857 
3 1350 1843 2170 
2 443 2575 
1 1749 
0 
2 451 2694 
2 862 2084 
3 957 1583 1975 
4 295 1154 1167 2272 
2 1222 1845 
1 2005 
2 2167 2314 
7 736 1282 1455 1457 1614 1988 2194 
2 397 497 
1 1729 
2 1941 2821 
4 454 1390 2153 2931 
3 1035 2139 2866 
1 1254 
2 1859 2855 
1 937 
1 2559 
3 1107 1351 2427 
0 
3 959 1628 2396 
2 2156 2287 
1 2334 
1 217 
3 120 1288 1877 
4 187 1920 2352 2718 
2 1032 2130 
3 415 1912 1931 
2 783 1350 
3 347 760 1824 
3 484 2106 2463 
1 240 
2 1680 2095 
1 1899 
5 493 717 1498 1850 2113 
3 1775 2782 2998 
1 549 
2 43 2664 
0 
5 576 934 1232 1291 2006 
2 1783 2621 
4 623 1202 1918 2375 
2 329 2866 
5 1076 1356 1631 2043 2619 
4 1794 1848 2037 2466 
1 1171 
4 1241 1588 1923 2021 
4 637 912 1060 2097 
4 1397 1400 1508 2038 
3 1500 1678 2679 
2 557 2891 
1 2982 
3 788 2012 2096 
1 4 2 1 1 3 2 1 1 2 2 1 2 2 2 2 2 1 2 3 2 1 2 1 1 1 1 3 2 4 3 1 1 3 2 2 3 1 1 1 1 1 1 1 2 2 1 1 1 1 1 3 2 4 1 2 3 1 1 1 1 2 2 1 2 3 1 1 1 2 3 1 2 1 2 3 2 1 1 2 1 1 2 4 2 1 1 3 2 2 2 1 3 1 1 1 5 2 2 2 1 1 3 1 2 1 2 1 3 2 1 1 2 1 3 1 2 1 1 2 2 2 2 1 1 1 1 2 1 1 2 3 1 1 2 1 1 2 1 1 2 1 1 2 1 2 1 1 1 2 1 2 1 2 2 2 2 1 3 2 3 1 1 3 1 1 2 3 2 2 1 1 1 4 1 2 3 3 3 2 1 1 1 1 1 2 1 3 2 1 1 2 2 2 2 3 1 1 2 1 1 2 1 2 2 1 2 1 2 1 1 2 1 1 1 2 1 3 2 4 1 1 1 3 3 2 3 1 1 1 1 2 1 1 2 3 1 1 1 1 3 1 3 1 1 1 2 3 1 1 2 1 2 1 1 2 3 2 2 1 2 3 2 3 1 1 1 2 1 2 1 1 1 1 2 2 1 2 1 1 3 1 2 2 1 1 2 3 1 2 2 1 3 1 1 2 1 1 1 1 3 1 2 3 3 1 1 3 2 2 1 2 1 1 1 2 4 1 3 1 1 1 4 1 1 2 1 2 3 1 3 4 1 2 1 1 1 2 1 3 1 1 1 4 1 2 1 1 1 1 1 1 1 1 2 1 1 2 1 2 2 1 2 2 1 2 1 1 3 2 3 2 2 1 1 1 2 1 1 2 3 2 1 3 1 1 1 2 2 1 3 1 3 4 1 1 1 3 2 1 1 2 4 2 1 1 3 1 1 2 3 1 1 1 2 3 1 1 1 2 2 1 4 2 1 1 2 2 2 2 2 2 2 2 1 2 2 1 2 1 3 1 1 4 1 1 1 2 1 1 1 2 2 2 2 2 1 2 1 1 1 1 2 3 2 2 1 2 2 2 2 1 1 1 2 1 2 1 1 2 3 2 2 1 1 1 3 2 3 1 1 2 2 3 2 3 1 1 2 1 1 1 1 1 1 1 2 2 2 1 1 3 1 1 1 1 1 2 2 1 2 1 1 3 1 2 3 2 1 1 1 1 2 2 1 1 2 1 2 2 1 2 1 1 1 2 2 1 2 2 1 1 2 1 3 3 2 2 3 2 1 2 2 1 2 1 3 1 2 3 2 2 3 1 1 1 1 1 1 2 1 2 3 3 1 3 1 1 1 2 2 1 1 1 1 2 1 3 1 1 1 1 1 1 2 2 1 1 2 2 3 1 1 2 1 1 1 2 2 2 3 1 2 2 1 1 1 1 2 2 2 2 1 1 1 3 1 1 1 2 3 1 3 2 1 4 1 2 1 1 2 3 2 3 2 1 4 1 3 2 1 1 1 1 3 1 1 2 1 1 2 2 1 2 2 3 1 1 1 3 1 2 2 1 4 3 1 1 2 1 2 2 2 1 1 3 1 1 1 2 1 2 2 2 1 2 1 1 1 1 1 3 1 2 2 1 3 3 4 1 1 1 1 1 1 1 1 1 1 3 1 5 1 3 1 3 2 1 2 1 1 3 1 4 3 2 2 1 1 1 1 1 2 1 1 1 2 1 1 1 2 1 1 2 1 1 2 2 2 2 1 3 1 1 2 1 4 1 1 1 3 1 1 3 2 1 3 2 2 1 1 1 1 1 1 3 1 2 1 1 3 2 1 2 1 1 1 2 1 1 1 3 2 1 2 1 1 4 2 1 2 2 1 3 2 1 3 1 2 1 3 1 2 1 1 1 2 2 1 1 1 2 3 1 3 1 5 2 1 2 1 2 1 3 2 1 1 2 2 1 2 2 1 1 2 1 1 2 1 2 3 2 2 2 2 3 2 2 2 2 2 1 2 2 3 2 3 2 2 2 1 1 1 1 3 2 1 2 1 1 2 2 1 2 4 3 1 2 1 1 1 1 4 1 1 1 3 1 1 1 1 1 1 2 2 2 2 1 1 1 1 1 1 3 3 3 1 1 2 1 1 2 2 1 2 3 2 1 1 1 2 1 2 2 1 2 1 1 1 2 2 2 1 4 2 1 2 1 1 1 2 1 1 1 1 1 2 2 1 1 1 1 1 1 3 4 1 2 1 1 1 3 1 1 3 1 1 1 1 1 1 1 1 2 1 2 2 3 1 1 1 2 3 1 1 1 1 2 3 3 3 2 2 3 1 1 1 2 3 1 1 2 3 2 2 1 2 1 2 2 1 3 1 4 1 1 2 2 1 1 3 1 2 1 2 3 1 1 1 1 2 3 1 1 2 1 1 1 1 2 2 1 2 3 1 1 1 1 1 1 4 2 3 3 1 1 1 1 1 1 3 1 1 1 1 1 1 2 2 1 1 2 1 2 2 1 1 2 1 1 1 3 1 2 1 2 1 3 1 1 1 1 3 1 2 1 2 1 1 1 2 3 2 1 3 1 1 1 3 2 2 1 2 1 1 1 1 2 1 4 3 2 1 1 2 1 1 1 1 2 3 2 1 1 1 3 1 3 2 3 2 2 2 1 1 1 3 1 3 1 2 1 1 1 1 1 1 1 1 2 2 2 1 1 1 3 1 1 1 3 1 2 2 2 3 3 1 1 3 3 2 2 1 1 2 1 3 4 3 2 1 2 2 1 2 1 1 3 1 3 1 2 2 3 1 1 1 1 1 2 1 3 2 2 2 2 3 4 1 4 2 1 2 2 1 3 1 1 1 1 2 2 1 3 1 2 4 1 1 1 1 1 1 1 2 1 2 2 2 2 3 1 3 2 1 1 1 2 1 1 2 1 2 2 2 3 1 2 1 1 2 1 1 2 1 3 2 2 1 1 1 1 1 1 2 1 1 3 2 2 2 3 1 1 1 2 2 2 1 1 2 2 1 4 1 2 3 1 1 2 1 1 1 2 2 1 1 2 1 2 1 2 3 1 2 1 3 1 3 3 1 3 3 1 1 2 1 1 1 1 1 2 1 3 2 1 1 1 3 2 3 2 1 1 1 1 2 2 1 2 1 1 3 1 4 2 1 3 2 2 2 3 2 2 2 1 1 1 2 1 2 1 2 1 1 1 1 1 2 1 1 1 2 1 2 2 4 1 1 1 1 1 1 1 2 1 3 1 2 2 1 1 2 2 3 1 2 2 1 1 1 1 2 1 2 1 3 1 1 1 3 1 1 1 2 1 1 2 1 1 2 1 2 2 2 1 2 3 1 2 1 3 1 1 3 1 2 2 1 3 3 2 1 2 2 1 3 1 2 4 1 2 2 4 3 1 3 2 2 3 2 2 3 2 1 1 1 1 2 1 1 2 4 2 1 2 1 1 1 3 1 2 1 4 2 1 1 1 2 1 1 3 2 2 1 4 1 2 1 3 1 1 2 1 3 1 3 1 1 4 1 1 1 1 2 2 2 2 4 1 1 1 1 3 1 3 1 1 3 1 1 1 1 1 1 1 1 1 3 3 2 2 1 1 2 1 3 1 1 3 2 1 1 2 3 2 1 1 2 1 1 2 1 1 2 2 2 2 1 3 1 3 1 1 2 2 1 3 1 3 3 2 2 2 1 3 2 1 1 1 1 1 3 2 2 1 2 1 1 1 1 2 1 1 1 3 1 1 1 2 4 2 1 2 1 2 1 1 2 2 1 1 3 2 2 3 1 3 1 2 3 1 1 3 1 2 2 2 1 2 2 1 1 2 1 1 1 2 3 1 4 1 1 4 1 1 1 1 2 3 1 1 3 1 4 1 1 1 1 1 2 3 2 2 2 2 1 1 2 2 1 2 1 2 1 1 1 3 1 1 1 1 1 2 1 3 2 1 2 1 1 4 1 2 1 4 2 1 2 2 2 1 2 2 1 1 1 1 1 1 1 2 1 1 2 3 3 1 1 1 1 2 2 2 2 1 2 1 1 1 1 1 2 3 3 1 1 2 2 4 1 1 2 2 1 3 1 2 2 3 2 1 2 1 1 1 1 1 2 3 4 2 1 3 1 1 2 3 1 1 2 1 2 2 3 2 1 2 3 1 1 2 2 1 1 3 3 2 1 2 2 3 1 2 1 1 2 1 1 2 1 4 1 2 2 2 1 1 1 2 2 1 1 1 1 1 1 2 2 2 2 1 1 1 1 1 2 2 2 1 1 1 1 1 1 2 1 1 2 1 1 1 1 2 2 3 2 1 2 1 1 1 1 1 1 1 1 1 2 3 1 1 1 1 2 3 3 1 4 1 1 1 4 1 1 1 1 2 2 3 1 2 1 3 3 1 2 2 2 1 2 1 1 3 1 2 1 1 3 2 2 1 2 2 2 2 2 1 1 2 3 1 4 2 1 1 1 2 1 2 1 1 3 1 4 2 1 2 2 1 1 3 2 2 3 1 1 2 3 1 2 3 1 2 1 3 2 2 1 2 1 1 4 2 1 2 2 2 1 1 1 1 2 1 1 3 3 2 1 3 4 2 1 1 1 1 1 3 2 1 1 1 1 2 2 1 1 1 3 1 2 2 2 1 2 1 2 1 2 2 3 1 3 1 2 3 4 1 2 1 1 1 1 1 1 1 1 1 2 2 1 1 1 1 1 2 1 1 3 2 2 2 2 2 1 2 2 1 1 3 2 1 1 1 1 3 1 1 1 3 1 1 2 2 1 2 1 1 1 1 2 2 1 2 1 2 4 2 1 1 3 1 3 1 1 2 2 1 1 2 3 3 1 1 1 1 1 3 1 3 2 1 1 3 3 2 1 1 1 1 2 3 1 1 2 1 1 2 1 1 2 4 1 3 2 1 3 2 2 2 3 2 2 3 1 2 3 2 2 1 2 1 2 2 2 2 1 2 2 3 2 3 2 2 2 1 1 1 1 2 1 1 1 2 1 2 1 1 3 3 4 2 1 1 1 4 1 3 2 2 1 2 1 2 1 1 1 1 2 2 1 1 2 1 3 1 1 3 1 3 2 1 2 2 2 2 1 2 1 2 1 2 1 1 1 2 1 1 1 2 4 1 2 4 2 1 4 1 1 1 2 1 2 1 1 1 1 2 2 2 3 2 3 1 1 3 3 1 3 1 1 1 2 3 1 1 1 3 1 1 2 2 3 1 2 1 1 1 2 2 1 3 1 3 3 1 1 2 1 1 2 1 2 2 2 2 1 1 2 1 2 1 3 3 2 3 2 1 3 1 3 2 2 1 1 2 1 1 1 1 3 3 2 1 2 4 1 1 3 4 2 3 1 1 3 2 2 2 2 1 2 2 1 2 1 2 2 2 2 1 4 2 2 1 1 1 1 1 2 2 1 2 1 2 1 2 2 1 2 1 1 2 2 3 1 2 1 1 2 1 1 3 1 1 1 1 2 1 1 2 2 1 1 1 2 1 3 2 2 1 1 1 1 3 2 2 1 2 1 3 1 1 1 2 1 2 2 2 1 2 1 2 1 1 3 2 1 2 2 1 2 2 1 1 1 1 1 4 3 1 1 2 3 1 3 1 2 4 4 2 3 1 3 3 2 1 1 3 3 3 2 2 2 1 3 1 1 2 1 1 3 3 1 2 3 1 2 1 2 2 1 2 1 2 1 1 2 1 2 1 3 2 1 1 2 1 1 1 2 1 2 1 1 2 1 1 1 3 3 1 1 1 3 2 1 2 1 3 3 2 1 2 3 3 1 1 1 1 1 2 1 1 2 1 1 2 2 1 1 1 2 1 2 4 1 1 1 2 1 1 1 1 2 1 1 1 1 4 2 2 3 2 2 1 1 2 1 2 3 1 2 1 1 2 2 2 1 3 2 1 1 3 1 2 2 1 1 2 1 1 2 2 1 1 2 1 2 1 1 2 1 1 2 1 3 3 3 1 1 3 3 1 1 1 2 1 1 1 2 1 1 1 2 2 3 2 4 2 2 1 1 4 2 1 3 2 1 1 2 1 1 3 2 2 2 1 1 3 1 1 1 1 2 2 2 1 3 2 2 1 2 1 1 1 2 2 1 2 1 1 1 1 1 1 1 3 1 1 1 1 3 2 2 2 1 2 3 3 2 1 2 3 1 3 1 1 2 1 3 3 1 1 1 3 2 2 3 4 1 2 1 1 3 1 1 1 1 1 2 1 1 1 1 1 4 1 1 2 1 1 2 1 2 2 1 1 2 1 1 2 1 2 1 3 2 1 3 1 2 1 2 2 1 2 3 3 1 1 1 1 1 2 2 3 2 1 1 3 1 1 1 1 1 2 2 1 2 1 1 2 1 3 1 1 1 2 3 2 3 2 4 2 2 1 1 1 1 1 1 1 1 1 3 1 3 2 2 1 2 1 1 2 3 2 2 2 2 2 2 1 1 1 2 2 1 2 1 1 1 1 1 1 1 2 2 1 2 2 2 1 1 3 2 3 4 2 4 1 2 2 1 3 3 1 2 2 1 2 1 4 1 2 4 2 1 2 1 1 2 2 1 2 1 1 2 1 2 1 1 1 1 1 2 2 2 1 1 1 3 2 1 3 3 1 2 2 2 1 2 2 1 2 2 1 3 1 2 1 1 2 2 1 1 1 1 4 2 1 1 4 3 2 1 2 1 3 1 3 3 1 1 3 4 1 2 2 3 2 1 1 2 1 2 1 2 1 4 1 1 2 4 2 1 2 3 1 2 1 1 1 
