m 2000
4 664 1265 1687 1830 
3 430 732 1218 
1 1276 
1 1472 
1 946 
5 94 149 1334 1517 1774 
0 
3 140 497 1629 
2 1131 1851 
4 126 778 1335 1902 
3 122 1001 1020 
2 121 783 
4 917 1585 1598 1878 
0 
2 865 1165 
2 380 921 
6 141 144 216 353 960 1991 
3 169 173 1919 
5 337 820 924 1426 1811 
1 1188 
3 665 1325 1966 
2 993 1810 
5 511 744 900 1734 1834 
3 831 1095 1161 
0 
3 722 1538 1892 
2 1173 1834 
4 270 787 1567 1751 
2 1234 1574 
7 512 521 888 1009 1330 1752 1753 
3 435 699 1453 
2 1523 1914 
1 592 
4 1168 1227 1699 1979 
4 210 482 1516 1541 
2 322 1522 
3 315 1624 1851 
3 561 1216 1678 
1 187 
1 1147 
1 1298 
4 836 1098 1343 1561 
1 675 
3 97 1091 1191 
3 56 270 1424 
2 451 1705 
4 829 1243 1501 1677 
1 1454 
3 1062 1067 1219 
0 
3 300 442 1795 
3 169 343 1194 
5 350 428 732 764 1520 
3 676 1535 1646 
1 683 
2 369 796 
3 44 574 1530 
1 897 
2 307 1609 
1 193 
2 479 513 
3 758 1310 1805 
3 1683 1722 1743 
2 73 473 
3 197 550 1315 
5 109 169 1057 1640 1647 
1 925 
4 572 763 1020 1820 
3 691 733 1453 
4 447 1374 1846 1912 
4 175 1225 1579 1827 
0 
4 335 1027 1490 1648 
2 63 483 
2 1095 1211 
0 
3 137 990 1933 
0 
3 113 1034 1715 
2 82 1091 
1 506 
1 87 
2 79 136 
3 207 1590 1787 
2 949 1214 
0 
1 194 
1 81 
2 413 1596 
7 223 469 917 1139 1695 1812 1816 
1 1398 
3 781 870 1745 
3 185 329 1617 
1 1776 
5 5 176 1472 1925 1952 
3 1139 1460 1618 
3 313 1348 1897 
4 43 471 880 1249 
2 209 991 
2 391 1734 
1 1060 
1 1603 
1 908 
4 131 224 362 1321 
1 795 
4 142 371 774 1091 
2 244 1977 
0 
0 
6 65 528 546 642 1782 1969 
2 277 1477 
2 354 1675 
3 149 805 1393 
2 78 1981 
3 1143 1604 1703 
2 1010 1685 
1 1263 
3 474 705 1447 
2 1267 1542 
2 745 848 
4 316 1077 1257 1902 
3 11 177 1710 
6 10 270 276 748 1051 1886 
2 1852 1882 
3 1030 1494 1581 
2 384 872 
3 9 514 824 
3 585 789 1266 
0 
1 1282 
3 173 786 892 
5 103 901 1372 1452 1877 
3 233 784 1762 
2 504 1842 
4 491 1669 1711 1772 
2 562 1753 
1 82 
3 76 555 1458 
1 1419 
5 324 559 1024 1547 1607 
4 7 522 562 1077 
3 16 646 1000 
6 105 356 749 1064 1159 1453 
2 671 1977 
2 16 1511 
1 868 
3 178 487 1759 
2 703 762 
0 
7 5 112 559 622 1289 1515 1772 
3 767 1382 1488 
1 740 
1 1388 
1 1607 
3 361 1679 1951 
2 1087 1992 
1 1318 
3 1203 1258 1531 
2 1155 1675 
0 
2 1639 1730 
3 955 1368 1617 
3 1206 1330 1812 
1 519 
2 1648 1692 
1 516 
0 
6 513 820 944 1522 1686 1734 
2 834 1706 
5 17 51 65 1228 1871 
4 366 1493 1575 1944 
4 644 773 1133 1278 
4 180 295 852 1588 
4 17 130 465 693 
4 184 360 1161 1603 
3 70 461 887 
6 94 343 361 485 1177 1380 
1 121 
5 146 540 862 914 1846 
1 437 
2 172 944 
1 1105 
0 
0 
2 174 1942 
4 92 556 986 1456 
0 
5 38 201 233 579 1116 
3 195 1346 1718 
1 1815 
2 825 1236 
4 454 635 1029 1706 
0 
3 59 254 567 
3 86 964 1955 
3 188 425 1132 
4 239 470 543 781 
8 64 926 1029 1435 1625 1733 1796 1809 
3 554 748 1999 
2 559 1643 
1 936 
4 187 606 656 1060 
3 508 1017 1400 
2 1739 1753 
3 667 1074 1966 
2 1050 1253 
1 1877 
4 83 924 1171 1287 
2 1089 1221 
2 98 1378 
4 34 820 897 1523 
5 441 599 1523 1714 1845 
5 819 823 841 863 1630 
0 
1 801 
3 410 1166 1538 
2 16 666 
0 
0 
5 512 867 959 1079 1677 
1 1062 
2 441 1478 
2 974 1316 
2 89 246 
5 103 332 499 887 1322 
3 645 660 1512 
2 767 1746 
4 306 415 1110 1984 
4 556 566 1115 1290 
2 866 1325 
2 379 1608 
3 625 1096 1963 
1 1221 
5 132 187 660 921 1490 
3 1026 1253 1408 
2 1188 1260 
4 457 1072 1563 1798 
1 1468 
3 631 1285 1728 
4 196 1552 1716 1941 
3 424 978 1800 
2 985 1247 
1 1927 
1 1246 
4 106 519 1114 1876 
1 654 
3 223 452 671 
2 293 1220 
1 1665 
2 1270 1834 
2 852 1626 
0 
2 490 625 
3 321 392 1511 
2 193 1961 
1 1517 
0 
1 1480 
4 599 1303 1770 1805 
0 
0 
4 1058 1351 1575 1815 
0 
4 311 458 954 1385 
1 1511 
1 286 
3 324 558 1043 
1 1265 
1 853 
1 764 
4 27 44 122 729 
2 662 1250 
3 499 845 1951 
5 617 710 1291 1438 1925 
0 
1 1834 
5 122 651 1474 1576 1646 
2 110 1809 
0 
2 1138 1478 
1 1375 
0 
2 318 1955 
3 392 1196 1635 
4 553 1006 1314 1607 
3 1242 1342 1745 
1 265 
4 373 429 987 1968 
3 315 1467 1827 
1 327 
2 849 1695 
2 568 1986 
1 371 
2 247 491 
1 580 
3 172 476 1931 
4 401 621 1100 1778 
1 517 
1 415 
1 1361 
3 50 848 1682 
1 725 
2 1396 1626 
1 471 
4 406 642 1484 1845 
3 1217 1613 1680 
3 227 632 1088 
7 58 429 551 679 1179 1359 1729 
0 
3 672 988 1391 
2 1320 1407 
6 263 1436 1585 1732 1827 1898 
3 443 592 1627 
2 96 1701 
1 1103 
4 36 288 786 1473 
3 120 633 1230 
3 903 916 1088 
4 282 415 1648 1835 
0 
2 673 1733 
3 253 665 1334 
1 35 
2 398 1812 
3 139 266 1654 
1 495 
2 1260 1723 
2 289 1579 
1 1464 
5 92 1182 1430 1932 1989 
5 1045 1370 1443 1751 1829 
4 1047 1417 1549 1979 
1 224 
4 856 1270 1761 1946 
2 498 1013 
3 72 747 1261 
0 
5 18 1056 1332 1388 1393 
1 509 
1 1464 
0 
2 436 1337 
1 1095 
5 51 176 1268 1725 1785 
4 483 1163 1848 1990 
3 1327 1349 1752 
4 473 1061 1762 1836 
1 1976 
3 708 1266 1930 
2 600 1349 
3 52 1944 1946 
2 530 1776 
3 673 972 1687 
5 16 605 682 926 1553 
2 111 672 
1 1049 
3 142 1110 1568 
0 
6 773 1034 1049 1170 1327 1842 
4 611 727 1237 1516 
4 174 509 583 1731 
4 154 176 1197 1904 
5 103 559 631 1292 1931 
1 1730 
5 818 1040 1220 1876 1933 
2 1475 1657 
2 170 994 
3 507 1272 1907 
1 946 
2 55 1352 
4 390 622 1575 1845 
3 105 292 1131 
0 
1 287 
3 645 895 1735 
2 988 1814 
2 413 1378 
5 494 945 1019 1278 1544 
2 1056 1563 
2 230 1032 
5 15 462 1089 1852 1922 
1 1843 
0 
2 1293 1999 
2 125 1726 
0 
1 1240 
1 961 
2 1217 1836 
1 1487 
8 370 418 640 702 828 959 1005 1906 
2 99 713 
3 253 283 1794 
1 1955 
3 1556 1584 1980 
1 1343 
6 497 647 867 967 1018 1685 
3 995 1314 1822 
3 323 990 1442 
0 
2 924 1720 
4 296 828 1206 1503 
3 711 799 1305 
2 1609 1860 
0 
2 1254 1542 
5 304 905 1312 1419 1923 
3 531 538 1925 
4 753 1332 1645 1661 
2 879 1404 
1 215 
0 
3 621 1503 1713 
3 88 376 1082 
1 1227 
6 227 298 318 1263 1626 1841 
0 
0 
3 390 1078 1348 
4 618 697 1578 1746 
0 
2 1797 1888 
3 586 1176 1568 
0 
4 240 1148 1234 1592 
1 195 
3 560 646 885 
2 781 965 
5 52 531 1239 1649 1763 
5 287 307 1373 1461 1557 
2 1 1701 
3 787 1329 1487 
2 1464 1551 
3 708 753 1763 
0 
4 30 692 807 1150 
2 341 1677 
3 179 963 1121 
2 883 1496 
3 867 1150 1714 
3 848 1121 1471 
2 211 221 
1 50 
6 312 945 989 1548 1610 1651 
0 
2 1261 1502 
1 1078 
2 69 483 
1 492 
2 1474 1490 
2 1354 1445 
2 45 807 
5 246 574 710 849 1089 
3 594 1098 1492 
2 191 477 
1 1245 
3 653 749 1103 
4 236 938 1838 1955 
2 263 1065 
3 860 1331 1598 
1 1479 
2 175 1330 
2 380 834 
5 511 972 1098 1606 1977 
1 1437 
2 173 1800 
0 
4 545 660 802 808 
1 1980 
2 89 1895 
5 196 477 1152 1304 1373 
2 97 303 
1 1075 
2 63 346 
3 117 1363 1391 
0 
3 295 1236 1486 
3 454 470 1654 
2 527 991 
4 60 1141 1290 1737 
1 1732 
2 1038 1587 
4 34 549 643 1123 
3 73 344 447 
5 584 757 956 1054 1749 
3 176 494 1628 
4 605 952 1671 1797 
4 146 1010 1088 1253 
6 492 540 721 1130 1541 1821 
0 
2 252 1941 
2 134 293 
6 448 488 635 1282 1363 1742 
3 865 1163 1260 
3 377 485 840 
2 325 569 
1 1045 
5 7 396 956 1069 1762 
2 334 931 
3 224 272 1193 
5 530 648 996 1063 1845 
2 638 884 
0 
0 
2 133 511 
2 1307 1887 
2 80 546 
3 367 1322 1602 
3 202 1059 1153 
2 338 360 
0 
5 22 463 504 722 1186 
3 29 219 689 
3 60 167 1921 
1 126 
0 
2 165 1319 
3 297 1167 1226 
2 1696 1968 
3 163 244 1012 
3 597 651 925 
2 29 628 
2 140 1786 
3 976 1347 1536 
0 
1 1221 
3 1033 1403 1551 
2 478 1285 
2 109 1394 
4 815 1381 1420 1661 
3 351 500 1986 
5 407 428 767 899 1206 
3 1674 1767 1904 
2 693 1015 
3 638 882 1500 
0 
2 1323 1616 
1 837 
1 407 
4 1333 1454 1746 1785 
5 178 488 874 1610 1685 
3 869 1161 1577 
2 564 1795 
6 196 572 599 1051 1423 1751 
0 
1 467 
3 109 506 552 
1 1320 
2 1182 1302 
2 482 1983 
3 64 1190 1613 
2 307 1846 
4 546 700 1135 1508 
4 284 644 1755 1892 
2 198 1946 
2 137 886 
4 185 228 1436 1877 
1 945 
2 266 1867 
6 139 149 199 362 1511 1517 
1 426 
2 37 908 
3 135 140 1553 
2 564 790 
4 542 563 918 1912 
1 1305 
4 228 644 1147 1737 
1 193 
5 291 1155 1259 1619 1687 
1 495 
0 
2 1588 1671 
3 67 543 1140 
1 1394 
3 56 452 1216 
2 778 1651 
2 614 1264 
2 1108 1614 
0 
3 187 870 1726 
1 294 
2 1500 1743 
3 781 1649 1991 
4 360 854 1201 1824 
1 484 
2 127 1287 
2 422 627 
0 
2 1099 1738 
3 620 887 893 
1 1131 
1 1970 
5 32 312 1537 1578 1725 
2 1736 1846 
4 453 1241 1543 1842 
1 1018 
2 1137 1720 
4 520 1083 1533 1547 
1 733 
3 211 258 543 
2 349 1377 
2 1218 1522 
1 672 
3 1219 1247 1642 
4 921 946 1343 1567 
4 353 486 937 1868 
2 201 1504 
1 1969 
2 1636 1938 
1 995 
2 1533 1543 
3 359 943 1741 
1 1873 
0 
4 576 1385 1547 1818 
1 1832 
4 679 835 1370 1873 
5 273 875 953 1262 1898 
4 419 629 783 1849 
1 1982 
2 589 1410 
4 296 412 910 987 
2 149 370 
2 988 1023 
2 737 828 
3 231 252 1269 
1 708 
5 586 897 1047 1161 1381 
4 521 967 1235 1585 
2 618 651 
2 972 1542 
4 238 362 902 1912 
2 306 910 
2 316 1018 
2 1684 1741 
3 191 492 776 
1 804 
5 784 853 942 994 1987 
3 501 534 1643 
0 
2 390 846 
0 
4 109 304 722 1718 
3 482 1061 1715 
3 171 553 566 
4 225 374 1376 1875 
3 141 426 1171 
3 396 1121 1912 
1 500 
4 1017 1020 1022 1455 
2 1059 1477 
4 276 520 629 1136 
0 
3 456 876 1383 
3 245 778 928 
0 
5 201 1143 1441 1582 1861 
2 1491 1636 
0 
2 986 1365 
5 225 233 467 1179 1580 
2 1020 1331 
1 271 
1 1817 
2 0 1540 
2 20 321 
3 216 1254 1514 
1 204 
4 1255 1374 1616 1808 
2 985 1421 
0 
3 143 246 1848 
4 309 354 602 676 
3 320 352 1597 
3 1334 1481 1683 
3 42 987 1170 
2 53 672 
1 1238 
0 
4 307 616 996 1400 
1 1921 
0 
5 353 721 738 757 1763 
2 54 689 
1 1122 
1 838 
3 925 1623 1764 
0 
0 
3 512 683 1621 
2 723 1598 
1 68 
3 435 1213 1546 
2 173 533 
5 752 948 1018 1678 1927 
1 1318 
1 881 
4 419 896 1458 1554 
0 
1 30 
3 552 754 878 
2 729 1149 
1 390 
2 147 1029 
2 1605 1911 
2 117 919 
1 1774 
0 
5 348 433 626 1579 1826 
2 1783 1849 
2 273 452 
2 402 1962 
1 1217 
3 391 1269 1724 
2 756 1073 
0 
4 794 1041 1153 1403 
3 1045 1695 1981 
2 1247 1330 
0 
2 790 1839 
4 488 682 743 1008 
4 25 511 642 784 
1 690 
1 1322 
1 301 
1 1749 
5 359 1158 1303 1675 1850 
1 1260 
3 270 701 852 
2 984 1468 
3 762 932 1402 
3 1 52 1150 
6 68 598 858 906 1316 1448 
2 877 1343 
3 1088 1090 1726 
1 1800 
1 624 
5 682 1008 1318 1700 1884 
1 1906 
1 151 
0 
2 979 1204 
3 721 955 1405 
2 22 1612 
3 119 1136 1174 
0 
2 335 1604 
4 122 198 898 1747 
3 142 456 1242 
0 
2 779 1514 
1 694 
3 408 433 1229 
1 700 
0 
2 714 1421 
3 484 682 1907 
1 61 
0 
1 1033 
3 1572 1938 1998 
4 147 731 769 1619 
1 67 
3 52 269 1423 
1 1235 
1 1495 
5 150 226 531 1406 1963 
1 1492 
3 762 1115 1501 
2 975 1621 
1 801 
2 1356 1384 
6 171 358 1158 1546 1703 1721 
3 105 1223 1984 
1 1982 
3 635 1215 1751 
4 1061 1126 1243 1290 
6 9 575 654 812 1036 1842 
1 751 
1 801 
6 91 196 427 582 1425 1595 
2 803 1125 
5 11 618 861 1196 1382 
4 132 637 722 1402 
0 
5 130 315 1365 1369 1557 
3 27 431 1536 
2 1482 1574 
2 127 903 
3 563 720 1590 
0 
2 868 1776 
1 1481 
5 716 991 1013 1113 1609 
2 104 812 
2 55 1014 
2 922 1228 
1 1920 
3 402 1577 1985 
1 826 
5 214 771 780 969 1519 
2 467 1360 
4 782 1514 1538 1567 
1 636 
2 112 1251 
1 982 
4 435 451 1423 1679 
4 467 890 1080 1179 
3 1294 1660 1946 
5 928 1451 1514 1707 1827 
1 1178 
3 778 795 1090 
3 1183 1320 1709 
1 1712 
1 529 
1 1149 
1 1725 
2 364 1768 
2 212 1628 
5 18 167 210 827 1724 
0 
0 
4 212 1300 1500 1908 
1 126 
3 190 1112 1257 
3 800 1434 1703 
2 820 1539 
5 390 401 624 909 1344 
2 46 927 
4 1028 1220 1915 1993 
4 23 887 1132 1973 
2 1080 1788 
0 
3 168 462 1352 
3 616 947 1096 
1 41 
2 537 1547 
1 685 
1 976 
2 494 1619 
3 212 1273 1802 
0 
1 944 
1 1639 
4 272 1057 1589 1932 
3 640 1393 1588 
1 1099 
4 119 300 440 991 
3 290 452 1066 
2 1904 1981 
1 1975 
5 172 250 729 1154 1894 
3 268 637 1930 
2 583 1554 
2 1033 1962 
3 333 1347 1875 
1 1949 
3 733 1319 1760 
2 1068 1193 
2 459 1687 
3 783 903 1545 
2 178 1949 
1 212 
1 1651 
4 14 493 963 1146 
2 229 1199 
4 219 396 439 1012 
2 145 792 
2 541 1648 
3 91 579 1057 
2 887 1097 
2 125 1489 
1 1070 
3 540 1220 1930 
3 617 1050 1941 
4 653 1352 1573 1593 
1 734 
4 700 928 1126 1982 
2 409 1620 
3 97 1708 1758 
4 696 1060 1127 1920 
2 534 1753 
2 438 1728 
2 501 1966 
5 426 1126 1666 1676 1929 
3 555 917 1473 
6 175 224 589 831 871 1884 
2 29 1040 
2 1070 1919 
3 808 985 1376 
2 997 1054 
1 130 
4 589 1339 1459 1530 
1 1531 
2 374 932 
3 697 1436 1970 
4 57 210 627 1740 
1 748 
4 531 1689 1715 1858 
1 22 
2 131 923 
4 631 1623 1873 1935 
3 317 789 861 
3 1116 1316 1576 
3 406 1699 1961 
2 733 1061 
0 
5 102 561 1214 1545 1766 
1 828 
2 621 632 
3 1002 1634 1687 
2 1369 1449 
0 
2 178 1522 
3 966 1246 1818 
3 317 1224 1716 
4 12 89 886 1310 
1 564 
2 705 1677 
1 1178 
4 15 233 604 1767 
1 797 
4 901 1209 1484 1993 
5 18 207 400 1001 1446 
4 66 520 686 978 
2 197 353 
3 829 1061 1684 
5 654 810 878 1126 1765 
2 1101 1600 
0 
4 498 974 1376 1566 
5 731 895 1106 1831 1840 
1 1359 
1 1986 
1 1650 
2 200 1801 
2 605 955 
4 457 1094 1251 1939 
3 1124 1333 1640 
2 1392 1547 
0 
1 637 
1 611 
3 167 180 843 
5 377 443 557 963 1575 
5 4 368 604 1713 1749 
2 835 1677 
1 694 
2 84 1121 
1 1583 
0 
3 486 1222 1845 
2 617 1300 
1 263 
7 161 743 937 988 1407 1455 1986 
3 484 497 1397 
0 
2 988 1450 
5 219 390 1153 1239 1931 
2 16 1035 
2 387 1178 
2 1299 1859 
3 437 865 945 
1 194 
2 427 1107 
3 915 1533 1548 
4 396 628 1097 1959 
0 
2 801 1462 
2 1032 1217 
1 1877 
5 352 463 630 1541 1876 
0 
3 222 931 1912 
2 770 1720 
5 523 839 1324 1760 1824 
0 
3 240 925 1846 
1 742 
0 
1 1493 
3 806 1047 1318 
2 1243 1520 
4 730 1295 1664 1739 
4 241 669 890 1479 
3 185 659 1199 
4 287 621 675 1502 
5 309 375 623 955 958 
2 443 1522 
4 76 398 1340 1615 
6 98 478 794 848 1003 1180 
2 1000 1133 
1 21 
7 366 637 1060 1188 1494 1711 1815 
3 397 609 1557 
3 500 679 1678 
3 891 1557 1773 
1 1982 
3 1096 1849 1903 
4 141 992 1834 1901 
6 10 924 1304 1706 1854 1955 
3 911 1087 1846 
1 991 
0 
4 390 1420 1846 1848 
2 284 1049 
2 1092 1525 
3 721 738 1045 
2 29 1703 
3 115 487 1035 
1 1298 
3 519 867 1247 
4 334 794 1287 1853 
1 796 
3 533 1640 1722 
0 
2 202 649 
4 396 595 633 694 
3 377 1399 1761 
4 10 67 649 661 
0 
3 649 1448 1872 
1 623 
1 139 
0 
2 234 1872 
3 72 1459 1512 
1 830 
3 191 197 703 
2 124 1813 
0 
5 379 970 1221 1599 1973 
3 526 760 855 
3 78 358 1097 
2 960 1010 
3 778 1505 1570 
1 1991 
3 481 1114 1356 
2 1255 1963 
5 364 888 1280 1712 1979 
1 716 
2 1097 1877 
3 266 1554 1984 
1 1839 
5 330 496 717 1008 1572 
1 1829 
4 331 627 982 1497 
1 1769 
3 355 358 1006 
4 205 875 1296 1693 
2 122 543 
2 1209 1360 
2 1410 1620 
2 484 891 
1 1729 
2 337 378 
3 65 845 870 
2 261 1903 
3 508 650 1893 
5 100 201 881 994 1885 
5 346 643 777 906 927 
3 48 220 1071 
3 500 1168 1697 
3 142 1197 1909 
4 458 1138 1698 1825 
2 849 1766 
2 48 1412 
3 859 1208 1225 
2 497 1169 
4 873 889 1496 1812 
3 1062 1346 1923 
2 236 1525 
2 714 1257 
2 204 1374 
4 472 1423 1424 1513 
0 
2 120 140 
2 418 446 
2 219 1091 
3 808 832 1188 
0 
2 413 1352 
1 597 
2 1191 1603 
3 1108 1198 1527 
1 1883 
2 155 1002 
7 306 317 487 735 1473 1866 1868 
4 208 380 452 1369 
3 735 812 1126 
4 43 79 105 1079 
1 1007 
2 1291 1833 
3 938 1266 1987 
4 23 74 342 1979 
6 231 835 999 1134 1384 1743 
5 871 967 1034 1042 1453 
3 41 453 463 
3 588 847 1958 
2 296 1295 
2 929 1521 
0 
2 314 456 
1 1706 
3 181 1316 1955 
2 932 1241 
2 965 1158 
2 577 1085 
0 
3 227 356 1743 
0 
3 825 1155 1676 
1 794 
4 244 1038 1618 1680 
2 228 769 
3 187 904 1928 
3 1195 1412 1901 
1 1406 
1 1849 
2 1573 1943 
7 437 440 647 949 1348 1773 1882 
3 684 1303 1915 
2 482 1672 
2 939 1294 
1 782 
6 777 878 885 928 1090 1154 
2 881 1245 
1 1324 
0 
3 488 1270 1442 
4 8 371 590 1222 
3 195 831 1875 
3 171 992 1875 
1 1096 
2 552 1777 
2 651 745 
1 596 
2 279 1065 
4 89 95 1894 1960 
1 572 
3 479 1243 1858 
0 
3 114 656 1498 
3 1180 1398 1614 
1 1432 
1 865 
3 39 566 1644 
2 424 1854 
3 701 816 1632 
5 435 439 732 1393 1721 
1 1186 
1 470 
4 508 716 959 1893 
3 852 1126 1277 
4 158 568 1112 1618 
2 1376 1968 
0 
3 727 773 1107 
2 142 1529 
2 1212 1748 
4 23 174 541 627 
0 
2 344 493 
2 1315 1426 
1 14 
4 215 1443 1494 1787 
3 517 1230 1957 
3 33 1063 1246 
4 1069 1715 1800 1964 
3 358 675 1282 
3 207 646 1682 
0 
1 26 
1 745 
0 
3 422 1338 1642 
1 176 
4 811 920 961 1234 
3 307 660 808 
3 991 1144 1976 
2 1508 1643 
2 329 548 
1 813 
0 
0 
3 511 1151 1940 
1 1729 
4 19 235 994 1080 
0 
1 550 
3 43 1084 1751 
1 1535 
2 499 859 
5 51 1212 1598 1603 1629 
1 1117 
5 283 783 1480 1508 1568 
2 361 1064 
1 1085 
3 866 986 1309 
0 
3 583 1248 1363 
0 
3 157 1521 1782 
2 742 1498 
1 1220 
5 162 401 531 1511 1796 
1 1630 
2 1068 1931 
3 923 1052 1565 
3 1405 1417 1984 
2 74 1517 
2 1160 1194 
1 692 
3 84 908 1810 
1 776 
3 37 574 1479 
5 305 388 712 970 1523 
4 1 601 1424 1666 
3 48 603 1592 
5 247 364 830 874 1205 
4 208 232 525 1032 
4 952 1131 1294 1622 
1 774 
3 916 1386 1502 
4 70 1068 1691 1937 
2 517 1635 
4 33 414 1516 1673 
3 169 797 1924 
1 753 
2 316 1167 
3 1329 1427 1529 
2 1619 1793 
1 1933 
4 28 424 1178 1306 
2 628 765 
3 190 476 1953 
1 359 
1 677 
3 428 959 1546 
1 386 
4 594 1106 1606 1993 
4 285 749 1382 1940 
4 46 777 983 1141 
1 1322 
2 455 1127 
3 243 915 1168 
7 241 603 718 1012 1583 1812 1972 
1 1201 
2 97 1267 
2 271 1516 
3 805 938 1856 
2 1515 1843 
4 205 234 487 1611 
4 405 666 1793 1908 
2 668 1039 
0 
3 120 825 1073 
1 157 
2 568 1369 
5 235 326 493 728 1776 
3 335 445 1637 
3 617 1709 1911 
2 116 415 
1 576 
3 0 267 1414 
5 127 348 1094 1302 1903 
4 118 1249 1610 1675 
1 343 
4 625 713 1494 1877 
4 249 333 1130 1376 
0 
1 367 
2 841 1548 
2 1689 1910 
1 1867 
3 2 1594 1839 
2 1154 1829 
2 171 377 
0 
4 1040 1483 1708 1853 
2 1360 1565 
5 129 492 1170 1666 1908 
1 1888 
0 
2 238 527 
2 1453 1772 
4 207 585 1013 1609 
1 1971 
2 149 1334 
4 228 479 777 1322 
2 273 1093 
2 362 1319 
3 383 1418 1636 
4 809 1124 1222 1891 
4 984 1100 1341 1945 
1 1050 
1 1998 
3 40 1011 1480 
2 962 1938 
2 823 953 
0 
2 548 1266 
3 258 727 1122 
3 470 1001 1590 
2 402 565 
1 1234 
1 505 
0 
1 1199 
3 61 917 1554 
0 
3 406 1614 1787 
0 
4 284 397 1463 1954 
3 64 1164 1548 
7 222 733 904 1105 1490 1723 1823 
1 1580 
5 156 695 738 982 1945 
4 516 858 1292 1565 
4 310 547 813 1639 
1 103 
5 224 507 724 1244 1290 
1 536 
3 976 1128 1443 
2 20 229 
0 
4 345 358 1554 1816 
1 1688 
2 431 1231 
4 29 162 461 718 
2 459 661 
4 337 408 1469 1790 
6 539 939 1436 1645 1851 1975 
7 5 321 674 1289 1572 1941 1969 
1 9 
2 1354 1776 
2 341 1679 
2 1176 1662 
1 893 
3 990 1558 1903 
1 1295 
1 285 
6 41 395 604 734 1538 1612 
2 828 1856 
1 1723 
2 188 1071 
3 523 856 1602 
4 96 418 1121 1467 
2 345 349 
0 
2 261 1592 
4 369 834 876 1082 
2 1447 1464 
2 450 1336 
1 1963 
2 772 1038 
0 
1 1419 
2 307 933 
4 802 1052 1281 1904 
3 299 1472 1804 
2 1759 1862 
3 474 492 1201 
0 
3 659 786 1532 
0 
0 
3 161 1471 1865 
4 786 912 1089 1259 
2 330 616 
1 1454 
3 131 1710 1712 
2 429 470 
4 69 668 1074 1457 
2 280 1581 
7 645 890 931 1156 1270 1465 1858 
2 600 1635 
2 209 376 
1 1656 
1 176 
2 529 627 
4 150 783 1242 1768 
1 653 
3 772 1096 1486 
2 263 614 
1 1224 
1 1449 
3 152 337 1501 
0 
2 1718 1788 
3 309 474 1772 
1 940 
4 112 337 846 1150 
2 528 573 
1 1784 
1 302 
2 956 1583 
2 90 1144 
1 1019 
3 202 679 1995 
0 
4 731 784 1783 1998 
2 526 716 
3 409 1472 1651 
2 743 1210 
2 767 1118 
3 310 955 1569 
1 234 
1 1529 
2 620 1053 
1 1790 
2 1067 1117 
0 
1 1265 
1 1693 
1 1723 
3 331 1210 1865 
2 1293 1844 
3 138 406 1358 
3 529 1005 1477 
3 669 756 1437 
1 1925 
5 543 764 807 1075 1730 
5 44 1075 1218 1494 1950 
2 781 1718 
4 18 1164 1620 1867 
2 1231 1564 
0 
0 
2 329 1664 
0 
2 1145 1583 
0 
2 826 1844 
1 197 
4 311 556 896 1333 
3 464 1421 1690 
1 273 
1 1959 
0 
1 656 
2 398 1130 
3 330 1166 1324 
0 
1 450 
2 924 1506 
3 117 1353 1942 
4 733 1022 1799 1802 
5 912 1387 1581 1863 1882 
2 958 1652 
3 810 1548 1558 
1 131 
7 30 68 142 1097 1286 1767 1895 
5 47 539 1371 1504 1540 
2 649 955 
1 185 
3 1374 1509 1569 
2 137 697 
2 893 1027 
2 95 1939 
1 429 
1 969 
1 1314 
6 328 339 432 1353 1762 1841 
2 1376 1980 
0 
3 288 1348 1753 
2 237 730 
2 1332 1777 
0 
2 440 1368 
5 3 94 1361 1404 1780 
3 315 886 1088 
4 276 449 1963 1993 
2 365 1590 
0 
3 110 650 1420 
4 221 279 1743 1788 
5 460 985 1216 1854 1942 
4 257 1196 1298 1918 
4 674 793 1638 1769 
3 788 1514 1698 
1 1280 
3 304 923 1931 
1 1522 
2 476 1384 
4 389 431 1676 1931 
1 150 
1 872 
5 72 233 449 1316 1774 
1 657 
5 453 768 1494 1525 1601 
3 170 981 1588 
7 124 994 1166 1269 1424 1492 1718 
3 766 1864 1934 
3 438 1070 1507 
1 1047 
3 1143 1204 1981 
0 
4 534 581 823 1739 
4 46 769 1388 1870 
5 445 987 1224 1755 1756 
4 401 412 1536 1558 
5 606 1454 1558 1663 1667 
1 1036 
1 1446 
1 1496 
4 552 1181 1196 1761 
1 1457 
2 1949 1977 
5 144 253 264 559 1206 
2 225 1027 
5 1075 1532 1584 1632 1887 
5 666 751 803 810 1482 
2 149 1252 
4 34 359 1227 1250 
4 5 255 559 1211 
1 1833 
1 801 
2 52 983 
2 1101 1203 
8 35 167 601 914 989 1485 1803 1916 
5 31 210 211 1217 1735 
0 
3 1007 1072 1492 
0 
1 1085 
0 
3 1159 1231 1409 
3 56 893 1837 
2 157 894 
4 1365 1513 1859 1907 
3 597 610 966 
1 1900 
2 53 1192 
4 523 787 1503 1658 
1 592 
4 25 215 803 1343 
1 827 
3 664 1454 1804 
3 34 488 972 
3 118 405 630 
3 594 610 1921 
1 377 
2 861 908 
4 692 773 1239 1597 
5 139 597 614 837 940 
7 443 966 1273 1315 1451 1556 1900 
2 331 1747 
0 
4 432 526 1857 1863 
1 239 
2 353 562 
6 697 854 1043 1310 1327 1984 
0 
3 394 1548 1638 
4 429 786 995 997 
4 1340 1451 1503 1504 
2 1856 1964 
0 
1 41 
0 
3 236 378 1898 
2 1427 1652 
3 1209 1281 1319 
1 931 
3 27 604 803 
3 356 422 1196 
3 1407 1457 1862 
1 1036 
0 
3 761 1045 1334 
2 876 1120 
2 28 788 
4 170 261 370 945 
3 276 904 1986 
2 541 799 
3 419 592 1742 
3 70 327 708 
2 660 1317 
3 124 1375 1449 
2 656 1828 
6 950 1247 1397 1432 1647 1659 
4 394 1513 1589 1608 
3 12 311 628 
0 
1 481 
4 172 571 846 1493 
2 845 1584 
4 83 790 1304 1475 
1 1919 
3 424 1219 1351 
2 876 1813 
1 1276 
2 781 1664 
5 88 1655 1785 1816 1957 
2 673 1546 
5 12 459 690 1194 1847 
2 1032 1901 
2 929 1714 
1 1492 
2 507 1347 
4 101 174 1084 1194 
3 114 747 1671 
1 704 
2 463 1241 
3 139 153 284 
2 230 1584 
5 58 403 794 1287 1797 
3 443 540 1267 
1 1253 
4 744 1343 1665 1714 
3 305 550 1934 
3 577 1144 1312 
2 990 1680 
2 536 668 
2 92 161 
4 95 1114 1155 1775 
5 568 762 840 1232 1990 
3 879 1053 1426 
2 689 770 
1 1222 
3 686 902 1769 
1 36 
1 197 
3 250 302 415 
2 312 1856 
2 485 819 
3 7 1194 1951 
2 212 1207 
0 
2 1149 1513 
0 
1 911 
3 283 1226 1377 
5 608 657 1293 1799 1925 
1 1261 
2 1481 1556 
4 160 844 1320 1886 
6 65 939 1015 1650 1670 1757 
0 
3 603 1176 1742 
3 199 638 1181 
1 1147 
2 408 1333 
2 53 276 
2 65 1583 
5 72 164 318 869 1870 
4 428 582 1773 1825 
2 935 1640 
4 443 575 864 1404 
2 1450 1564 
1 1807 
2 324 477 
1 1596 
1 1379 
2 365 1925 
2 1536 1920 
3 1583 1696 1847 
2 809 1806 
3 408 529 1843 
3 1338 1697 1905 
1 1504 
3 984 1430 1595 
2 248 1612 
3 885 1218 1282 
3 1504 1753 1806 
0 
1 134 
2 1640 1847 
3 486 571 1604 
3 1123 1878 1959 
2 1227 1983 
2 532 1789 
4 111 158 727 1267 
3 885 1112 1487 
5 46 219 436 919 947 
3 37 694 996 
3 154 807 1337 
3 305 1114 1615 
1 1873 
3 300 1171 1998 
2 62 674 
2 634 927 
3 115 396 540 
2 167 1815 
5 0 352 568 860 911 
1 1328 
2 899 1274 
1 1437 
1 1225 
1 164 
2 1050 1415 
0 
4 89 290 717 1755 
2 518 1659 
2 1063 1662 
2 1065 1482 
2 33 905 
1 738 
2 313 430 
0 
4 114 773 826 1009 
1 1954 
1 45 
4 168 191 1001 1104 
2 810 1900 
2 880 1280 
3 813 1262 1959 
2 121 1372 
5 134 994 1723 1867 1873 
3 814 1040 1372 
4 412 946 1814 1939 
5 211 439 1600 1612 1763 
4 78 643 899 1169 
2 239 916 
1 1762 
6 188 642 1390 1425 1494 1972 
1 1970 
3 400 596 975 
2 773 1150 
2 62 1015 
6 326 1316 1345 1416 1711 1899 
2 713 820 
4 343 592 817 1802 
3 384 579 735 
0 
3 238 883 1751 
3 307 1055 1187 
3 160 363 1423 
1 360 
2 311 480 
2 197 320 
3 22 99 167 
3 374 1523 1844 
3 593 1842 1955 
2 479 566 
2 588 1761 
3 203 984 1500 
1 897 
2 611 634 
3 492 1578 1642 
5 62 581 1096 1110 1478 
0 
2 91 285 
3 226 419 539 
2 748 1549 
1 1160 
3 484 726 946 
0 
6 27 330 543 776 1191 1728 
2 29 345 
6 29 135 203 882 1467 1667 
0 
3 553 1502 1695 
1 1502 
1 1640 
1 880 
2 146 1362 
2 858 976 
4 333 1019 1508 1738 
5 132 346 497 1464 1717 
5 428 433 682 1714 1981 
1 686 
1 928 
2 908 1066 
3 532 921 1453 
2 818 1382 
3 1048 1481 1623 
2 258 1883 
1 1888 
5 134 149 1286 1391 1985 
4 997 1121 1649 1831 
3 5 706 1490 
1 1618 
5 93 351 792 1260 1336 
3 1135 1469 1966 
1 296 
0 
2 1472 1844 
0 
2 109 1203 
3 709 1402 1987 
1 1395 
3 343 539 1596 
3 522 1804 1900 
5 83 1166 1312 1917 1927 
3 832 1390 1478 
1 1674 
3 1332 1411 1892 
0 
1 1905 
2 1232 1254 
1 392 
2 50 542 
2 197 1206 
3 421 486 1609 
1 236 
2 1448 1636 
4 240 465 736 1169 
1 936 
3 841 1448 1725 
2 1522 1852 
3 1361 1540 1786 
2 61 258 
2 1660 1667 
1 1653 
1 668 
3 197 277 1874 
2 21 1214 
2 18 1902 
5 89 162 323 1070 1247 
2 1030 1593 
2 375 1713 
4 189 261 994 1686 
3 89 1327 1596 
1 663 
3 614 915 1896 
1 1842 
1 67 
1 488 
1 397 
1 1316 
2 583 976 
2 1065 1649 
1 708 
4 70 288 311 810 
1 1582 
3 330 1046 1277 
1 0 
3 932 1773 1870 
1 615 
2 1093 1518 
5 22 26 249 275 1000 
1 318 
2 346 388 
1 1530 
1 457 
3 720 1044 1276 
2 932 1871 
2 415 1464 
8 133 358 594 778 1736 1819 1906 1964 
3 381 1252 1661 
4 1418 1434 1735 1780 
5 211 304 370 500 952 
7 69 178 551 593 978 1002 1005 
3 1598 1659 1670 
3 344 671 1005 
4 618 709 999 1119 
2 727 1940 
4 8 36 1333 1852 
4 123 380 1803 1851 
2 1013 1280 
3 1001 1148 1479 
1 1962 
4 1251 1344 1559 1627 
1 1551 
3 899 1141 1376 
2 962 1532 
2 403 1937 
1 656 
2 1362 1569 
2 1449 1551 
1 1495 
2 1368 1417 
1 1088 
4 558 1275 1426 1711 
2 605 1088 
0 
3 1501 1648 1831 
2 169 1840 
2 1022 1026 
5 612 616 902 1681 1711 
1 1809 
4 645 856 1132 1133 
3 244 364 972 
7 131 206 556 971 1042 1269 1974 
2 12 1672 
0 
0 
0 
3 123 1121 1449 
2 1086 1770 
2 738 887 
1 1060 
2 122 1639 
2 505 1513 
3 421 1283 1771 
0 
0 
1 1294 
3 25 553 1790 
2 1059 1153 
2 852 1139 
2 469 1453 
1 1818 
1 96 
3 311 617 1563 
2 1723 1980 
4 1534 1548 1707 1786 
3 1000 1117 1599 
3 9 120 1811 
4 999 1058 1266 1340 
4 361 532 850 1360 
2 1662 1792 
4 390 739 1842 1994 
3 367 757 1532 
3 823 1254 1282 
1 1064 
1 1274 
2 704 1262 
6 69 564 631 647 974 1987 
0 
1 31 
4 830 1122 1923 1941 
1 1522 
1 1787 
1 1480 
3 17 889 1591 
3 798 881 1658 
3 513 680 1543 
1 380 
3 406 1071 1915 
1 1228 
6 94 273 407 1422 1636 1657 
0 
3 242 694 1787 
1 1116 
1 885 
3 348 853 874 
6 295 362 959 1208 1484 1487 
2 329 845 
3 76 364 1233 
2 1495 1613 
1 902 
0 
2 1225 1860 
3 608 761 1299 
3 938 1460 1713 
3 1186 1242 1850 
6 239 490 875 1334 1915 1958 
3 184 1447 1479 
2 1120 1966 
3 170 350 1969 
2 1295 1318 
4 333 350 554 809 
0 
0 
3 857 862 1510 
1 1424 
3 154 272 1629 
1 94 
1 1236 
2 1314 1704 
7 194 282 393 457 1001 1105 1736 
0 
2 1167 1596 
2 1099 1941 
4 967 1439 1672 1709 
1 1139 
2 254 905 
3 711 855 1855 
5 231 767 1039 1355 1474 
4 1169 1559 1842 1982 
0 
5 20 204 884 1777 1943 
0 
3 287 518 1156 
4 109 607 1334 1944 
3 591 896 1719 
1 1288 
2 1247 1718 
2 831 1032 
1 1877 
2 851 1333 
2 347 1180 
4 106 143 463 1510 
0 
4 33 331 1040 1095 
4 394 468 1465 1899 
5 113 717 850 1498 1763 
5 619 775 878 998 1964 
2 549 1673 
5 227 774 1043 1210 1554 
2 799 1772 
5 291 530 934 955 1576 
4 637 1094 1783 1912 
0 
1 329 
2 344 1619 
3 16 582 1037 
1 155 
4 830 923 1241 1474 
1 1906 
1 1400 
0 
0 
4 761 1297 1402 1682 
2 198 383 
3 1 2 1 1 1 1 2 1 1 1 1 2 1 1 1 1 2 1 1 3 1 3 1 1 1 1 2 1 3 2 2 1 2 3 3 1 2 2 1 2 3 1 1 1 2 4 2 1 1 2 1 3 3 1 1 2 2 1 2 1 1 1 1 1 1 1 2 2 2 1 1 3 3 1 1 3 1 2 2 1 2 1 2 2 1 1 1 2 3 2 2 2 2 2 3 1 3 2 1 1 1 1 1 2 2 2 1 1 3 1 1 1 1 2 2 2 2 2 1 2 3 2 1 4 2 2 2 1 1 2 3 1 2 1 1 2 4 1 1 3 2 4 1 2 2 2 2 1 2 2 1 2 1 3 2 2 1 1 1 2 2 1 1 1 1 1 3 1 4 2 2 1 1 3 2 3 1 1 1 2 2 1 1 1 3 1 1 1 1 1 2 1 1 2 2 1 2 2 1 1 3 2 2 3 1 1 1 2 1 2 2 3 1 1 1 2 1 1 1 1 3 1 2 3 1 1 1 3 2 2 3 2 3 1 1 3 1 2 2 1 1 1 1 1 1 1 1 1 1 1 1 1 2 2 1 1 1 3 1 1 3 1 3 1 2 3 1 2 2 3 2 2 2 1 1 3 2 1 3 1 1 1 4 1 2 1 2 1 1 1 1 1 3 1 2 2 1 1 1 3 1 1 1 2 2 2 4 1 2 1 4 2 2 1 2 3 3 2 1 2 1 1 1 2 1 1 3 1 3 1 2 1 1 2 1 1 3 1 1 1 2 1 2 3 2 2 2 3 3 2 2 3 2 2 2 1 1 2 3 1 2 2 2 3 2 1 3 1 2 3 3 1 1 3 1 2 3 1 1 2 1 1 1 1 1 1 2 2 1 2 3 3 1 1 1 3 1 3 1 2 1 2 2 1 1 1 2 2 2 2 1 2 1 2 3 1 1 3 2 1 2 3 1 2 1 2 2 2 3 2 2 1 2 1 1 1 2 3 1 3 1 1 1 1 1 2 1 1 1 1 1 2 1 1 1 1 2 1 2 2 1 1 1 2 2 1 3 1 1 3 2 1 3 1 1 1 2 2 3 2 2 2 2 4 2 3 3 3 1 2 2 4 1 1 2 1 1 3 1 2 1 1 1 1 2 2 4 1 2 1 2 2 4 1 1 2 2 2 2 2 1 2 1 1 2 2 1 1 2 1 1 2 2 4 1 3 1 1 2 4 1 2 2 1 1 1 1 1 3 2 1 3 3 1 1 1 1 1 4 1 1 2 1 3 2 2 2 3 1 1 1 1 1 1 1 2 2 1 3 2 1 1 2 1 1 1 1 1 1 1 1 3 2 2 2 2 1 2 1 2 1 2 3 1 4 1 1 1 1 1 2 1 1 1 2 1 3 3 1 2 1 1 2 1 2 2 3 2 1 1 3 1 2 2 1 1 3 3 1 1 1 1 3 1 2 1 2 1 2 1 4 1 3 3 1 1 3 1 1 2 2 1 2 1 2 1 1 1 1 1 2 1 1 2 2 2 2 1 2 1 1 3 2 1 1 2 1 1 1 2 1 2 3 3 2 1 1 1 1 2 3 1 1 1 1 1 1 1 2 1 1 2 2 2 1 3 1 1 1 1 1 3 1 1 2 1 1 1 1 1 4 2 1 1 1 1 2 2 2 2 1 3 2 1 2 1 2 1 2 1 1 1 1 1 1 1 1 2 1 2 2 1 1 1 2 1 3 1 2 1 1 1 4 1 1 2 3 2 2 1 3 2 2 4 1 1 1 1 3 2 1 2 2 2 1 2 2 1 3 1 3 1 1 2 2 1 2 2 2 3 1 4 1 1 1 1 2 2 2 4 1 1 1 1 2 2 2 3 2 1 2 2 1 2 2 1 3 2 1 3 2 1 2 1 3 3 1 2 3 2 1 2 1 1 3 3 2 2 1 1 3 2 1 1 2 1 2 1 2 1 1 1 1 1 1 2 2 3 1 2 3 1 2 3 3 2 4 1 3 1 2 1 2 1 1 3 1 2 2 1 1 2 1 4 2 2 1 2 1 2 1 3 1 3 3 2 1 1 2 1 2 1 4 3 3 1 1 1 1 1 1 3 1 1 1 2 2 3 3 1 1 1 1 1 2 2 1 1 1 2 1 2 1 1 1 2 1 1 3 2 1 2 1 1 1 1 1 1 2 2 1 2 1 2 2 2 1 2 1 1 1 2 2 3 2 2 3 3 3 2 3 1 2 5 2 1 1 1 3 3 2 2 1 1 3 2 1 3 2 1 2 1 1 1 1 1 1 1 2 3 1 1 1 2 1 2 4 2 3 1 1 3 1 1 3 1 1 1 3 2 1 1 1 1 2 1 1 1 1 2 1 1 1 1 2 2 2 1 2 2 4 2 1 2 2 1 2 3 2 2 1 1 3 1 3 1 1 1 2 1 1 2 2 1 2 1 1 4 1 3 3 2 2 4 2 1 2 2 2 1 2 1 2 1 1 2 2 1 1 2 1 3 1 2 1 2 2 1 2 1 4 2 1 1 1 2 1 1 1 2 2 3 3 2 2 1 1 1 2 2 2 1 3 3 1 1 3 1 2 3 2 1 2 1 2 2 1 3 1 2 2 1 2 1 2 4 3 3 3 1 2 1 2 1 1 2 1 2 1 2 1 2 2 1 1 1 2 2 1 1 2 1 2 2 1 1 1 1 3 1 3 1 2 2 1 2 2 1 3 3 3 1 1 1 1 3 1 2 2 2 1 1 2 1 2 1 1 3 2 1 3 1 2 3 1 2 1 1 1 2 1 1 1 1 2 2 2 1 2 1 1 1 2 2 2 1 1 2 1 2 2 1 1 1 2 1 1 1 1 3 1 1 1 2 1 1 3 1 1 3 1 2 2 1 3 1 2 2 1 1 1 3 3 3 2 1 1 1 1 2 1 2 4 4 1 1 1 1 1 2 1 2 1 3 2 3 1 1 1 2 2 2 1 3 1 1 1 2 1 2 1 1 1 4 2 2 3 3 1 1 1 1 2 1 1 2 2 2 1 1 2 1 1 3 2 2 1 1 2 2 2 2 2 1 2 1 1 3 2 2 2 1 1 3 3 4 1 3 1 1 1 3 1 2 2 2 2 1 1 3 4 2 2 2 2 2 3 1 1 1 1 2 1 1 1 2 2 2 1 3 1 1 1 1 1 1 1 2 2 1 2 1 4 4 1 3 2 1 1 2 1 2 1 3 1 2 1 1 1 1 2 1 2 1 2 2 3 2 1 2 1 1 3 1 3 1 2 2 1 2 1 1 1 2 1 1 3 2 2 1 1 3 1 4 3 1 2 2 1 2 1 3 1 1 1 3 3 1 2 2 1 2 3 3 2 1 2 1 1 2 3 2 3 3 2 1 2 2 1 2 3 2 2 2 3 2 2 2 1 1 1 2 3 1 3 1 1 1 2 1 2 1 2 1 2 2 1 3 1 2 1 3 3 1 1 3 2 3 1 1 3 1 1 3 1 2 4 2 1 1 1 1 2 1 2 2 3 2 1 2 1 1 3 2 1 1 2 1 2 3 2 2 1 3 1 1 1 2 1 1 2 1 1 2 2 1 2 1 2 2 1 1 4 1 2 2 2 1 3 2 1 3 3 1 3 2 1 1 2 2 2 2 1 2 1 2 1 1 1 1 1 1 1 2 2 2 1 3 3 2 1 1 2 1 3 1 2 4 3 3 2 3 1 1 2 2 1 1 2 1 1 1 1 1 2 1 1 1 2 1 2 2 2 1 2 1 3 4 1 1 1 1 3 3 1 1 2 1 1 2 1 2 3 1 2 1 2 1 1 1 1 1 1 1 1 3 1 1 2 2 4 3 3 4 1 1 1 2 1 1 1 2 2 1 1 2 1 1 1 1 2 1 1 2 2 1 1 2 1 2 1 2 3 1 1 3 2 1 3 1 3 1 4 1 1 1 1 1 1 1 3 3 1 1 2 3 1 1 2 1 2 3 2 3 2 1 1 1 1 2 1 1 1 1 3 1 1 1 2 3 1 1 3 1 1 1 1 1 1 4 1 3 1 3 2 2 2 2 1 2 2 4 2 2 2 2 1 2 1 1 1 2 1 1 1 2 2 1 2 1 1 1 1 2 1 1 2 1 2 1 1 3 2 1 1 4 3 1 1 2 2 3 2 3 1 2 1 1 3 1 2 3 2 1 2 1 2 1 1 2 2 3 3 2 1 4 2 1 1 1 1 2 2 1 1 1 1 1 1 1 1 2 1 1 2 1 2 1 1 2 1 3 2 1 2 1 2 3 1 1 2 1 1 1 4 1 2 1 1 2 2 1 2 1 3 1 2 1 1 2 4 1 1 1 1 1 3 3 1 3 3 2 3 1 3 3 1 1 1 1 4 1 1 2 3 1 2 1 3 1 1 2 1 4 1 2 1 1 2 2 1 1 1 1 2 1 3 1 1 2 3 2 1 2 1 2 2 1 1 1 2 1 2 2 2 1 1 3 3 
