m 2700
0 
2 304 1138 
1 890 
3 158 1164 1805 
1 60 
3 845 936 1620 
3 511 661 677 
5 40 230 353 2396 2483 
3 545 906 1033 
3 723 2199 2697 
1 1827 
3 314 1602 2641 
1 817 
4 120 1601 1944 2241 
1 1438 
4 638 980 2429 2464 
2 1563 2068 
2 272 2698 
1 314 
0 
4 1700 2343 2553 2567 
4 315 1204 2111 2233 
4 80 1089 1114 2544 
2 869 971 
4 240 1194 1778 2268 
2 645 1592 
2 355 2160 
1 1175 
2 2454 2597 
6 661 752 876 1625 2089 2164 
1 2086 
3 2273 2479 2649 
4 65 180 201 2115 
3 570 1453 1599 
5 313 1393 1672 2200 2300 
1 326 
2 735 2356 
0 
1 1582 
2 844 1624 
7 7 580 862 870 1186 1518 2566 
1 1616 
2 769 2195 
5 351 1738 1912 2141 2644 
2 718 814 
3 1608 1874 2151 
3 612 1451 1790 
1 770 
1 82 
5 116 884 926 1572 1834 
3 1423 2075 2088 
3 1228 1433 1697 
2 934 1380 
5 335 905 916 1082 1208 
6 419 479 508 1491 1683 2404 
2 486 1408 
3 884 1338 1937 
0 
2 1699 2076 
5 60 317 482 1427 1439 
4 4 59 313 2228 
4 676 935 1828 2555 
0 
2 411 1375 
2 715 933 
1 32 
2 1577 1698 
1 1944 
1 1319 
3 1246 1253 1812 
2 1629 1848 
3 217 1346 2271 
2 630 1479 
3 1694 1831 2552 
0 
3 567 1170 2572 
2 2323 2663 
3 550 954 1636 
2 646 1996 
1 667 
3 22 608 2308 
1 543 
5 48 147 566 582 1903 
2 1107 1897 
6 192 527 641 754 1891 2166 
4 543 629 1340 1414 
2 283 2048 
4 175 301 549 1818 
3 174 736 2535 
0 
2 437 1192 
2 1623 2445 
3 761 1764 1853 
0 
2 1285 2524 
2 1366 1739 
2 913 2206 
1 2105 
3 428 1538 2242 
2 1358 1603 
1 1723 
2 114 2292 
4 447 1008 1755 1814 
0 
4 274 1784 2286 2447 
1 2646 
2 911 1904 
1 2297 
1 1187 
3 1283 1365 2503 
3 954 1805 2467 
2 164 2198 
2 647 1774 
3 1632 2239 2469 
2 101 1204 
1 2585 
4 49 133 611 1087 
3 805 1495 1762 
6 1633 2044 2135 2137 2424 2548 
6 601 931 1292 2338 2657 2688 
7 13 374 396 729 1225 1647 1862 
1 2556 
2 1411 2311 
3 572 617 2404 
3 1675 2101 2332 
2 657 1436 
2 778 1380 
2 1115 2479 
4 539 1230 2024 2662 
1 1746 
1 1587 
2 495 1091 
4 588 664 919 2110 
4 116 293 1233 2323 
2 922 1278 
2 853 2216 
1 2078 
4 314 1260 2166 2487 
1 221 
1 1346 
4 994 1288 2071 2148 
1 2434 
0 
3 851 2531 2645 
3 1923 2334 2571 
1 2419 
2 229 536 
5 82 927 1053 2335 2572 
3 300 433 1586 
2 1512 1949 
1 1540 
2 402 1830 
2 239 2476 
4 705 1511 2482 2553 
2 211 2566 
3 268 1833 2193 
1 1242 
1 843 
3 3 1373 2025 
3 362 564 2547 
2 1106 1326 
3 903 1808 2343 
2 935 2553 
2 1190 2619 
3 111 1138 1641 
3 493 1909 2163 
2 287 905 
1 2532 
4 1055 1963 2392 2528 
3 423 669 2270 
1 1912 
0 
3 251 667 1563 
6 477 661 665 852 1357 1583 
3 88 317 2491 
4 87 431 2223 2618 
1 687 
4 221 721 947 1371 
3 309 1718 2415 
2 616 1708 
3 32 917 1865 
2 1320 1389 
1 823 
1 2347 
2 2495 2559 
1 729 
3 1557 1722 1811 
3 1273 2323 2326 
1 2529 
1 370 
3 633 1628 1812 
6 270 273 1054 2093 2668 2691 
3 84 1312 1332 
0 
2 969 2492 
1 1305 
1 1708 
8 619 709 726 1020 1473 1654 1763 2273 
2 1090 1848 
1 2045 
1 1034 
3 32 1703 2348 
3 933 1711 2566 
6 424 721 1342 1745 1767 2331 
0 
3 323 762 1511 
3 349 367 586 
6 433 1225 1938 2129 2197 2638 
1 1379 
2 382 1452 
1 661 
4 154 443 2042 2242 
0 
3 1191 1251 1969 
3 644 2378 2484 
3 927 985 2018 
1 1835 
3 71 1612 2605 
3 1633 1982 2348 
2 798 2142 
0 
3 138 177 2390 
3 1248 1310 2142 
3 489 2007 2665 
2 1213 1488 
1 549 
3 234 2234 2343 
4 661 1385 1629 2081 
0 
2 146 795 
5 7 341 829 1343 2284 
5 240 1132 1432 2532 2672 
3 331 333 1790 
3 345 2251 2550 
3 226 1324 2444 
4 250 1496 2132 2410 
3 441 681 1351 
1 1491 
3 894 943 1588 
2 152 2146 
4 24 231 1286 1500 
1 337 
4 449 1143 1584 2436 
2 1695 2605 
2 1248 2253 
1 1649 
4 788 1076 2123 2135 
5 309 693 2318 2656 2666 
1 822 
3 1090 1732 2184 
3 235 1245 1359 
2 172 2275 
4 322 1010 1315 1546 
0 
0 
3 736 1914 2355 
3 1576 1874 2585 
0 
6 267 480 509 1142 2519 2541 
3 929 2046 2332 
1 379 
1 787 
2 1597 2306 
2 1054 1681 
3 362 884 2597 
4 468 1619 1821 2618 
0 
5 258 763 1220 1353 2511 
2 155 2174 
1 1434 
2 191 425 
4 383 782 1288 1378 
3 17 861 1545 
2 191 1830 
4 104 1183 1528 2195 
1 2033 
4 445 660 1436 1955 
3 1390 1845 2542 
1 1828 
3 1332 1585 1591 
2 2198 2199 
2 1225 1295 
3 898 1608 2055 
3 86 1487 2082 
4 646 1322 1676 2176 
2 1142 2012 
1 1476 
5 166 781 2136 2429 2652 
1 627 
2 1974 2408 
2 752 1431 
1 894 
2 1980 2289 
4 133 659 1930 2154 
4 531 985 2122 2560 
2 345 2651 
4 1245 1336 2100 2481 
1 940 
3 823 1504 2290 
2 1388 1585 
5 148 707 836 2096 2592 
2 87 1555 
2 1624 2123 
2 822 1574 
3 1 666 2210 
2 1199 1574 
4 405 1777 2231 2408 
2 1539 2579 
2 2151 2590 
2 178 247 
3 427 1028 1073 
3 386 1244 1804 
3 1147 1631 2593 
3 34 60 2392 
4 11 18 137 2428 
2 21 2669 
4 433 803 949 2623 
5 59 174 1012 1053 1897 
0 
3 1735 1999 2517 
0 
1 1732 
3 252 522 1874 
3 205 393 2688 
1 544 
4 866 1886 2320 2357 
2 35 528 
5 939 1389 1914 2373 2639 
3 388 469 1766 
5 766 1797 1987 2509 2531 
3 629 1370 1664 
6 232 899 1079 1602 2071 2629 
3 637 1774 1850 
2 232 1542 
3 1677 1726 2489 
4 53 694 1289 2535 
2 423 1082 
3 241 1794 2020 
3 2002 2409 2481 
0 
3 590 1199 2346 
3 230 715 2015 
2 1347 1960 
5 383 697 1499 2123 2166 
3 680 1834 2347 
6 233 295 988 1600 2374 2375 
1 1687 
0 
1 1562 
6 206 1074 1138 1520 1737 1847 
2 2164 2224 
4 43 457 1228 2561 
1 1888 
4 7 1159 2183 2603 
3 371 1450 2593 
2 26 1722 
1 2441 
1 1807 
1 472 
4 868 972 1467 2278 
1 792 
1 2588 
2 159 264 
1 1290 
1 2163 
0 
3 603 948 2666 
4 206 1163 1739 2054 
1 1998 
3 497 1101 1241 
5 189 422 522 1232 1937 
2 354 2392 
2 388 580 
2 820 2222 
4 120 972 1021 2389 
0 
3 439 1604 2153 
2 1040 1700 
3 846 2172 2646 
4 260 537 1591 1851 
2 1376 1730 
2 660 2343 
3 209 1721 1829 
3 271 343 2301 
3 1484 1857 2223 
0 
3 311 1040 1200 
4 594 1205 1488 2031 
5 328 372 490 1019 2093 
0 
3 595 1008 1606 
1 1786 
2 1005 2517 
3 323 491 1459 
3 511 624 2065 
5 555 564 2109 2174 2518 
4 120 1643 1870 1959 
0 
2 1017 1447 
5 590 755 834 1205 2317 
0 
3 732 1696 2110 
4 151 507 708 1817 
1 2638 
0 
2 306 2002 
3 435 1931 2632 
1 2667 
2 1867 2551 
0 
5 634 1215 1265 1315 1596 
2 63 2475 
2 1244 1679 
1 730 
1 1639 
2 748 1426 
3 1104 1617 1860 
3 581 662 2104 
6 449 1101 1242 1295 1594 2525 
3 54 2362 2506 
1 571 
3 2010 2129 2223 
2 370 1522 
5 169 336 1108 1682 2693 
1 203 
2 270 669 
2 1346 2185 
1 310 
3 98 479 1921 
2 1192 1481 
4 442 1301 2062 2437 
5 175 725 790 1008 1924 
4 1677 2140 2252 2471 
4 148 207 316 1019 
0 
1 406 
5 557 1676 2453 2454 2500 
2 90 2156 
2 1683 2665 
1 376 
4 603 664 1048 2674 
3 236 458 1179 
6 430 791 1253 1306 1679 2404 
3 211 710 2378 
4 742 1787 2306 2327 
2 276 2477 
2 1253 1304 
5 102 862 1083 1641 2469 
1 2071 
6 242 418 763 1155 1560 2520 
0 
2 1128 1252 
0 
1 2468 
2 1545 2205 
0 
2 809 1975 
2 351 1489 
3 441 1449 2405 
1 1128 
5 931 933 1067 1516 2513 
3 809 1154 1517 
2 1109 1273 
2 1428 2430 
1 642 
0 
2 844 1489 
2 1704 2360 
7 265 908 1031 1182 1503 2153 2406 
4 328 548 1111 1562 
2 1893 2467 
1 2647 
2 358 2622 
1 1948 
1 2623 
3 881 1320 1454 
5 612 1222 1872 1964 2160 
4 173 631 941 1946 
3 1454 2140 2637 
4 54 428 1000 2440 
2 258 1194 
2 1919 2149 
1 59 
2 2018 2328 
3 672 1244 1627 
1 1528 
2 55 953 
1 2068 
2 555 1671 
5 223 773 839 1052 2521 
3 388 690 1426 
3 393 906 2468 
3 2448 2525 2588 
4 165 658 736 1288 
4 784 803 2251 2456 
5 131 733 1538 1757 1915 
3 2197 2239 2421 
2 369 2235 
3 525 640 1480 
1 2432 
1 802 
3 746 884 1799 
4 1085 1526 1587 2209 
4 513 1252 1673 1847 
1 983 
1 1537 
2 1883 2139 
1 402 
3 54 1808 2226 
1 258 
4 1973 2172 2251 2533 
2 6 394 
2 823 1427 
2 503 2612 
3 603 610 1531 
1 2440 
3 761 1505 1891 
3 891 1826 1970 
1 2580 
1 533 
2 864 1983 
1 2393 
5 322 370 562 1968 2525 
3 798 810 1223 
4 683 707 1326 1575 
5 498 572 1107 1182 1495 
2 2167 2472 
3 84 1702 2320 
1 326 
3 609 812 1353 
0 
4 294 2208 2287 2298 
0 
3 519 2360 2397 
2 996 2562 
2 1344 1607 
3 146 1204 1603 
4 379 995 1384 2121 
4 1173 1212 1262 2657 
3 128 1360 2086 
1 2574 
2 734 1174 
1 1978 
3 81 85 2025 
3 324 1076 1963 
5 8 1452 1555 2136 2527 
4 812 1749 1883 2273 
2 1291 1520 
3 469 1300 1801 
3 87 225 1542 
2 77 1759 
0 
1 1923 
5 895 1405 1611 2197 2664 
1 2140 
3 395 488 1637 
3 630 1397 1982 
2 436 1365 
3 807 1975 2262 
2 1054 1354 
5 1366 1509 1852 1980 2300 
5 1029 1805 2158 2254 2638 
3 522 578 2180 
1 1127 
4 159 395 715 1323 
2 1827 1916 
1 82 
4 75 772 796 2065 
1 1156 
4 834 1415 2011 2292 
4 33 1683 2201 2227 
4 420 669 1762 2240 
3 123 525 1685 
0 
1 844 
2 1741 2603 
1 2493 
5 663 754 1229 1630 2444 
3 562 840 1391 
0 
5 40 372 2278 2557 2683 
1 417 
3 82 957 2075 
4 996 1749 2097 2101 
2 1229 1835 
0 
2 206 2372 
3 1484 2261 2455 
4 132 875 1171 1401 
3 2280 2309 2384 
6 340 399 693 775 1685 2328 
2 1248 2474 
2 919 2025 
0 
3 387 1078 1709 
2 390 664 
3 778 1018 1214 
0 
1 1688 
0 
1 2482 
4 119 675 729 1206 
3 1788 2520 2548 
4 366 440 514 1256 
3 646 2190 2616 
3 1534 1851 2390 
2 858 2118 
3 709 2005 2422 
3 80 1520 2430 
4 529 1846 1872 2382 
1 514 
2 116 936 
6 46 476 1578 1694 1760 2534 
2 1550 2596 
0 
1 2286 
3 179 1279 2116 
3 123 1510 2165 
1 1675 
5 197 755 979 1616 2577 
1 2424 
1 2069 
3 1914 2151 2524 
3 1011 1435 2516 
3 394 1176 2495 
3 990 1660 2294 
1 2003 
2 288 2459 
0 
4 85 330 1900 1930 
3 72 556 1090 
5 477 1261 1647 1687 2107 
2 713 2150 
3 190 752 2627 
1 410 
1 1583 
3 763 1751 2058 
3 332 1055 2337 
2 15 1534 
4 663 903 1452 2060 
1 498 
4 84 1585 1872 2143 
4 464 1637 2297 2318 
2 1510 2566 
2 214 912 
4 25 1102 1208 1857 
5 78 284 604 892 1890 
2 112 1748 
3 1621 1919 2069 
2 777 1741 
5 1398 1852 2042 2090 2399 
3 1727 1876 1920 
4 794 1149 1425 1921 
3 992 1895 2630 
0 
3 1112 1849 2017 
1 702 
5 125 1594 1704 1758 1795 
2 493 1057 
2 293 968 
2 276 381 
9 6 29 173 210 227 2056 2078 2538 2660 
2 417 1431 
6 577 639 674 1958 2314 2498 
6 132 440 595 1348 1368 2027 
4 173 1546 2540 2600 
4 304 1170 1948 2210 
4 79 172 804 1897 
0 
4 169 425 571 1059 
3 1975 2030 2496 
1 897 
2 484 1040 
1 1532 
4 663 734 1816 2384 
4 601 1313 1350 1767 
6 61 837 1002 1064 1286 2014 
3 6 1120 1919 
1 2042 
2 1790 2153 
1 344 
3 236 791 2605 
4 691 934 1019 2634 
3 524 1613 1702 
2 1714 2202 
2 1487 1779 
1 1373 
2 176 1253 
2 1030 2406 
3 1087 1483 2416 
3 490 1041 2420 
5 682 1043 1209 2002 2570 
1 2585 
3 247 590 737 
3 335 1541 2505 
3 1578 2200 2384 
2 1685 2185 
2 343 1434 
3 802 1259 1311 
1 849 
1 1339 
4 969 1521 1603 1660 
1 656 
3 972 1962 2214 
3 1332 1511 2457 
4 153 904 1220 1307 
0 
3 300 524 2559 
5 402 777 981 1836 2214 
3 197 607 759 
3 443 1920 2414 
1 1059 
1 2655 
2 632 2309 
1 2399 
3 64 341 564 
1 1224 
3 2125 2549 2576 
3 44 1143 2438 
3 895 1032 1279 
3 1172 1856 2058 
5 177 203 1534 2178 2182 
1 2415 
2 9 2206 
0 
3 431 901 1055 
2 197 1656 
0 
2 1594 2444 
6 120 185 601 1282 1326 1506 
4 413 1068 1400 2186 
2 829 1933 
2 401 1451 
2 495 1932 
4 541 674 1158 2398 
2 36 2387 
3 88 255 493 
1 693 
3 816 956 2599 
1 2120 
1 2292 
1 1302 
3 444 1415 2447 
3 1689 2212 2268 
2 1297 2139 
2 1889 2464 
3 501 893 1806 
3 1765 2226 2640 
2 415 1660 
2 2390 2600 
1 875 
1 1753 
4 29 290 633 1395 
1 1010 
3 84 577 2239 
5 399 619 1062 1863 2437 
1 2378 
3 1420 1709 2030 
3 764 1899 2170 
4 709 816 1432 2131 
5 876 1206 1551 2025 2035 
3 92 516 2199 
2 205 1250 
6 267 449 636 1337 1900 2685 
4 758 1342 2342 2361 
1 2154 
2 329 1188 
1 1727 
1 1608 
5 42 1709 2325 2495 2589 
3 47 1144 2096 
3 1659 2087 2204 
1 567 
3 489 847 1202 
3 1505 1760 2530 
3 590 845 2503 
3 951 1790 1964 
2 649 708 
4 126 596 1564 2511 
4 1137 1138 2070 2329 
2 1508 1936 
1 287 
6 271 1678 1979 1998 2106 2138 
3 2274 2388 2624 
2 494 1935 
1 1501 
3 824 1005 1685 
2 261 827 
3 246 1513 2215 
1 2341 
2 431 2640 
3 442 681 2235 
2 360 2362 
2 1639 2359 
2 652 2076 
4 229 1486 2369 2517 
2 567 1131 
4 1158 1562 1643 1657 
5 219 523 1012 1885 2461 
1 2023 
3 1141 2014 2622 
1 1031 
3 500 698 1241 
5 316 494 1171 1284 1451 
5 667 1283 1926 2058 2606 
1 117 
1 996 
3 558 1169 2329 
1 2547 
2 456 461 
3 523 1187 1760 
0 
4 529 546 1572 2064 
1 1457 
2 44 2200 
0 
3 738 759 2037 
3 12 1588 2005 
1 1880 
0 
2 373 1530 
1 2270 
4 248 303 1140 1697 
4 182 298 512 826 
3 786 2026 2054 
3 1001 1486 1991 
2 823 2350 
1 787 
4 909 1556 1824 2054 
2 230 731 
3 1052 1837 1872 
0 
1 951 
0 
6 399 569 1378 1479 1924 2343 
1 1176 
1 300 
1 676 
0 
2 489 2141 
1 578 
0 
2 1592 1763 
1 157 
3 39 466 574 
4 5 775 961 1723 
3 378 2526 2561 
1 773 
5 1002 1194 1667 1805 2598 
3 699 1070 1973 
0 
2 143 1107 
6 173 872 2001 2443 2450 2474 
1 135 
3 1548 1901 2045 
2 857 2229 
1 1918 
3 855 897 1968 
2 606 1403 
2 1549 2065 
0 
2 272 1004 
2 40 447 
3 875 1678 2501 
1 520 
2 1286 2037 
2 325 1634 
2 1313 2017 
2 359 1273 
3 23 1385 1417 
3 40 1358 2173 
2 897 1165 
3 852 1027 2204 
6 1217 1632 2041 2376 2393 2430 
0 
4 588 750 863 2370 
2 29 760 
0 
0 
3 956 1460 2107 
2 1172 1797 
2 475 2396 
1 2098 
2 2113 2299 
8 49 56 264 501 1149 1408 2008 2307 
1 938 
2 1723 2577 
2 1327 1983 
1 2521 
2 1717 2615 
1 2 
3 517 1760 2599 
3 646 1730 2035 
3 746 1091 1763 
3 238 291 1327 
3 553 719 2042 
1 2570 
4 671 857 871 2394 
4 282 1820 1990 2681 
1 331 
0 
3 725 1806 2624 
0 
4 161 639 2143 2621 
1 705 
5 53 166 996 2280 2666 
4 8 491 1241 2333 
0 
3 468 932 2085 
4 828 1704 2528 2642 
1 1767 
1 106 
4 644 1365 1625 2694 
2 96 2465 
0 
1 2186 
1 53 
2 180 1452 
5 1097 1811 2235 2264 2390 
5 132 592 1305 1361 2428 
0 
2 1043 1680 
2 134 1234 
0 
0 
3 1512 1584 2283 
4 49 1009 1277 2384 
5 147 215 1112 1158 2456 
3 1316 1634 2652 
3 259 1018 2257 
2 1600 2348 
4 119 460 1166 1687 
1 908 
7 64 202 460 954 1920 2151 2356 
2 52 682 
4 61 162 1922 2677 
5 5 611 1798 1815 2279 
0 
3 885 2008 2557 
1 327 
4 297 1088 2064 2642 
3 477 1288 2134 
1 2042 
2 238 1396 
0 
2 1263 2360 
2 1202 1968 
3 177 1035 2197 
3 366 1596 1800 
3 316 1210 2656 
1 2296 
3 776 832 1307 
0 
2 486 1108 
5 77 110 933 1346 2661 
2 1796 2451 
4 738 879 1768 2066 
2 582 2055 
0 
3 2062 2261 2437 
4 1009 1203 2107 2283 
3 845 1641 2405 
1 2031 
3 1679 1882 1953 
1 2007 
0 
1 2515 
0 
3 659 1418 1592 
5 194 701 1130 2007 2262 
3 1715 1744 1994 
2 23 2205 
3 359 374 703 
1 1825 
0 
1 2233 
0 
3 1100 1451 2459 
2 2327 2436 
3 619 2278 2533 
3 15 1944 1994 
1 708 
4 1603 1942 2292 2655 
1 504 
2 1810 2039 
2 215 294 
1 1264 
2 2001 2479 
1 345 
1 2620 
4 625 1862 1937 2674 
0 
3 653 1048 2211 
1 1157 
2 140 2391 
5 537 1036 1323 1408 1704 
6 534 583 806 905 1337 2662 
2 1262 1456 
2 1363 1854 
1 2543 
2 479 1523 
2 825 2649 
3 676 848 1805 
1 1847 
1 861 
3 392 786 1377 
0 
1 1987 
4 102 390 431 2366 
3 926 960 1979 
3 252 753 2477 
5 623 1023 1459 1627 2085 
8 317 798 1223 1523 1769 2119 2163 2193 
0 
2 1586 2612 
3 1033 1328 1481 
1 2027 
3 398 1362 1687 
3 596 929 1126 
5 388 433 682 1203 2340 
3 197 1779 2316 
4 374 1110 1397 2047 
1 2616 
2 1011 2530 
2 2439 2618 
0 
2 1535 2267 
5 872 1181 1816 1858 2503 
2 310 1731 
5 561 1131 1291 1953 2603 
2 688 1593 
2 468 801 
1 719 
3 8 1015 1408 
2 200 1270 
2 947 2039 
2 995 1768 
1 2458 
1 2576 
2 1620 2147 
4 377 386 672 2274 
1 690 
2 2527 2594 
3 691 921 2476 
0 
2 1730 2368 
1 2076 
1 2418 
4 440 992 1119 1743 
2 1055 1738 
1 1721 
1 2430 
2 489 830 
4 147 317 1494 1584 
5 191 263 559 1884 2292 
6 168 637 725 1049 1231 2068 
1 2510 
3 658 2003 2069 
0 
3 669 711 2519 
0 
1 1427 
1 755 
2 1337 1780 
1 676 
1 1448 
0 
1 460 
4 730 1255 2237 2287 
3 1952 2028 2381 
3 849 1316 2339 
1 1454 
0 
5 310 1121 1870 2329 2383 
5 349 1109 1374 2135 2549 
1 2470 
2 246 544 
2 1990 2699 
3 594 1113 2225 
2 331 2491 
2 1566 2096 
3 1424 1668 2438 
3 53 336 1664 
1 447 
1 2601 
2 502 2099 
2 1351 1869 
2 116 689 
5 940 1274 1818 1946 2609 
1 22 
3 198 249 630 
4 131 893 1197 2105 
2 2156 2296 
0 
2 1343 2052 
1 1955 
3 1245 1316 2681 
2 918 1495 
1 2409 
1 2630 
1 977 
3 369 418 2536 
3 645 1867 2531 
2 2412 2589 
4 416 1943 1971 2667 
0 
1 160 
3 83 525 851 
2 423 953 
4 462 1074 1386 2596 
5 1021 1477 2020 2435 2607 
1 469 
3 655 927 1741 
1 1078 
2 22 2326 
2 127 2148 
0 
3 1508 2236 2475 
2 1494 2248 
2 1048 1277 
2 677 1226 
2 1073 1212 
1 2384 
1 1836 
0 
0 
3 1018 1673 2451 
2 563 2468 
2 451 459 
0 
2 969 1767 
4 796 1029 1659 2627 
2 231 1862 
0 
2 1584 2319 
1 1508 
2 1490 2416 
3 779 1520 2660 
5 1 164 349 779 2231 
0 
1 822 
2 800 2246 
3 258 285 2255 
3 242 718 1624 
1 770 
2 1285 1932 
0 
2 312 1354 
1 2251 
6 652 884 1466 2312 2528 2631 
2 1883 1893 
1 2276 
3 1170 1182 2670 
2 1730 1916 
3 461 1451 2252 
1 449 
3 568 2401 2653 
5 993 1207 2058 2391 2431 
6 734 797 927 1520 1866 1921 
2 353 1942 
2 1809 1972 
6 1772 1923 2043 2054 2097 2220 
2 1355 1749 
1 367 
2 3 2526 
2 871 2443 
1 931 
2 1275 1712 
0 
2 807 2224 
4 75 666 1152 1275 
6 588 803 1272 1843 2446 2477 
4 720 880 2127 2422 
3 538 1188 1358 
4 541 1315 1581 2169 
1 27 
3 624 835 1990 
2 1644 2278 
3 1588 2200 2609 
3 441 2226 2696 
2 1251 2694 
2 1027 2113 
4 468 525 1152 2150 
1 274 
2 1686 1831 
1 1327 
4 40 1417 1738 1893 
3 108 810 2021 
3 766 1173 1681 
0 
1 163 
2 213 1954 
2 90 429 
0 
4 24 480 848 1277 
1 1467 
1 1925 
2 1091 1986 
0 
3 305 340 1796 
1 386 
1 1687 
3 773 946 2335 
2 960 1019 
4 21 114 536 1905 
5 387 399 1355 1449 1565 
4 601 760 2104 2374 
3 1157 1528 1867 
2 53 645 
5 691 1797 1901 2413 2435 
2 949 1874 
0 
4 538 1121 1389 1819 
1 224 
2 596 2565 
3 410 1630 2198 
2 2016 2554 
5 873 1401 1551 1934 2611 
1 2068 
3 1286 1501 1662 
3 267 705 2134 
1 2088 
2 476 2176 
2 523 1012 
2 716 2546 
4 120 207 281 1401 
3 1120 1333 2315 
0 
3 51 351 2457 
3 577 584 1407 
1 128 
2 1055 1917 
3 370 1975 2300 
4 133 1968 2445 2576 
3 922 1508 1668 
0 
1 1257 
0 
2 1253 2408 
1 1360 
0 
5 369 802 906 2207 2506 
3 156 418 1798 
3 1410 2446 2684 
5 311 412 484 1679 2198 
5 250 296 1096 1772 2267 
1 69 
1 2351 
3 222 244 591 
0 
4 762 1600 2405 2622 
3 213 1180 2358 
3 451 503 1794 
8 69 442 446 687 1238 2126 2292 2455 
0 
2 1068 1649 
1 603 
2 1236 1645 
1 1460 
2 698 2457 
1 137 
1 631 
3 538 997 1669 
2 945 2404 
2 986 1418 
3 410 1358 2398 
1 1794 
0 
1 1960 
0 
2 1034 2127 
1 2164 
2 1171 1589 
5 187 462 868 1375 1920 
1 1088 
4 1167 1170 1614 1842 
3 1975 2065 2477 
4 926 1119 1194 2456 
1 134 
4 616 719 1960 2554 
3 2109 2214 2644 
0 
1 729 
2 109 804 
2 803 2238 
3 94 1145 2122 
4 240 676 865 1219 
2 1533 2102 
6 140 271 493 941 1890 2595 
1 335 
4 363 1718 2416 2502 
3 547 1029 1803 
1 119 
0 
1 1309 
2 281 418 
3 1435 1897 2655 
1 744 
1 1975 
1 1811 
2 548 1469 
2 430 2428 
1 741 
0 
3 446 1345 1971 
2 195 919 
1 442 
2 705 951 
0 
2 1294 2564 
1 222 
1 698 
4 192 1947 1973 2131 
2 675 867 
1 2412 
3 252 410 1174 
3 928 1070 1096 
2 2303 2479 
1 2030 
1 68 
5 181 475 1465 1666 2410 
0 
5 284 1525 2001 2303 2390 
2 564 995 
2 234 1800 
0 
4 160 524 729 1977 
4 887 894 1185 2197 
1 1015 
3 1592 1952 2285 
0 
0 
3 192 279 704 
3 1226 1639 2036 
3 2040 2539 2589 
0 
1 296 
6 763 996 1063 1461 1533 2264 
3 56 2143 2439 
3 700 1733 1943 
1 85 
0 
3 203 764 2622 
5 230 1094 1351 1615 2314 
2 535 1456 
2 1304 2591 
5 71 139 426 954 2619 
1 342 
1 664 
3 1670 1782 1919 
2 675 1444 
4 236 1086 1343 2099 
1 1400 
3 267 529 1934 
6 559 1147 1800 1883 1972 2043 
4 1162 1205 2668 2669 
0 
2 173 2109 
6 99 870 1173 1265 2055 2650 
1 250 
2 539 1239 
1 919 
3 1017 1631 2583 
2 998 2514 
2 1434 1794 
3 109 557 912 
3 95 560 2543 
1 2421 
2 664 2078 
2 1944 2239 
3 330 1482 1836 
1 177 
2 1954 2499 
3 158 686 2163 
3 1074 1776 2357 
4 63 1273 1450 2361 
3 380 1553 1972 
3 1005 2121 2269 
3 271 834 1876 
1 208 
4 52 126 2048 2106 
1 2382 
1 2489 
3 1661 2243 2690 
1 537 
5 227 869 1439 1766 1826 
3 1109 1799 1927 
1 1838 
2 299 1958 
4 181 327 1212 2199 
1 277 
3 578 1729 2451 
1 1635 
3 34 1613 2088 
4 1413 1715 2586 2588 
2 752 1432 
2 943 1888 
6 556 1021 1647 2053 2264 2296 
1 650 
1 2602 
4 730 1352 1487 1495 
6 588 1217 1225 1480 1658 1981 
1 1425 
2 858 1714 
1 1742 
1 553 
0 
3 1229 1412 1692 
8 55 884 995 1033 1659 2161 2262 2621 
2 1846 2349 
5 1243 1507 1590 1864 1877 
2 122 2187 
2 1407 2419 
1 1394 
2 85 1454 
3 569 742 1416 
2 1415 2541 
4 869 1186 1680 1770 
6 968 1264 1801 2035 2093 2166 
0 
1 757 
2 1653 2113 
2 1731 1949 
3 50 1601 2622 
1 1081 
3 652 1402 2037 
3 415 490 2003 
3 59 512 1061 
3 463 1482 1735 
0 
0 
4 290 662 2359 2463 
5 231 759 1395 1907 2029 
2 51 2259 
4 269 697 1364 1911 
3 623 1296 1565 
3 125 276 2487 
1 1679 
2 14 1601 
4 59 1385 1715 2459 
2 1680 2310 
0 
1 1785 
0 
1 1350 
0 
1 1641 
2 398 1945 
1 1065 
3 458 1205 2582 
4 354 1375 2035 2246 
7 46 732 803 977 1154 1940 2692 
6 209 545 639 917 1646 2072 
1 33 
4 475 478 1071 1414 
0 
2 997 1344 
2 813 1782 
1 1833 
2 393 1011 
3 879 1258 2654 
2 1337 2589 
3 1546 2360 2371 
1 2116 
2 1600 2514 
2 1320 1928 
2 1149 2394 
6 359 1195 1653 1757 1766 2348 
1 1961 
2 1300 1864 
2 1831 2313 
2 1818 2101 
1 2190 
2 197 2439 
2 2127 2193 
0 
3 286 1595 2476 
4 1110 1620 1964 2584 
1 2246 
4 72 834 1648 1795 
4 498 1401 2494 2553 
2 429 1015 
2 1370 1428 
2 689 1647 
2 384 587 
0 
2 795 825 
6 283 685 1400 2081 2513 2532 
3 224 387 2168 
4 457 466 1695 2649 
3 1136 2336 2619 
4 54 237 2134 2443 
1 2611 
1 2315 
2 1053 1118 
4 117 525 1097 1400 
2 235 2367 
1 1622 
1 2241 
1 343 
2 240 2407 
2 785 1219 
0 
1 468 
2 298 1754 
3 516 774 2342 
3 729 1654 2384 
2 1410 2025 
5 780 1117 1135 1234 2421 
1 560 
2 617 643 
5 153 205 704 1699 1832 
4 149 925 1603 1948 
2 788 2382 
0 
3 1576 2263 2566 
2 460 2422 
1 461 
3 40 1814 2372 
0 
8 349 547 608 1137 1158 2367 2646 2652 
3 701 1549 2241 
4 422 1944 2351 2534 
2 1000 1012 
1 2239 
1 1322 
3 502 2209 2273 
1 1850 
4 274 485 1207 2385 
2 2217 2351 
2 820 2235 
1 514 
3 673 1972 2086 
3 1287 1337 2563 
4 605 638 721 2395 
1 1026 
0 
2 505 2324 
2 98 495 
1 307 
4 150 1839 2621 2658 
2 694 1736 
2 333 549 
4 1598 2177 2277 2672 
1 2002 
3 272 454 2460 
4 252 665 1462 1813 
6 1637 1823 1995 2114 2444 2497 
2 854 2535 
2 859 1521 
3 613 1595 2271 
5 760 1217 1975 2541 2692 
0 
2 1376 2611 
3 1754 1778 2279 
2 301 545 
1 828 
1 186 
1 2347 
1 1869 
1 449 
1 2547 
4 348 469 797 1943 
2 16 172 
1 778 
2 1205 1435 
2 1080 1994 
1 2353 
3 1696 2018 2625 
1 2077 
1 2379 
2 2046 2507 
6 49 812 1891 2148 2153 2556 
2 1717 2021 
2 303 305 
2 524 2687 
3 256 1515 1993 
2 66 2370 
2 612 695 
2 2054 2208 
0 
1 1174 
2 38 2017 
2 173 635 
7 242 925 1053 1134 1803 1954 2696 
3 279 299 641 
2 148 1014 
5 130 502 2087 2509 2511 
5 238 817 1178 2117 2667 
1 1272 
2 1410 2635 
4 279 379 1819 2580 
6 25 842 968 1329 1794 2383 
3 1030 2263 2489 
6 418 657 728 1629 1732 2013 
4 1476 1550 2060 2634 
2 410 948 
3 262 1613 2173 
3 1543 2333 2679 
1 33 
6 345 930 1250 1464 1634 1881 
4 13 1423 1438 2169 
3 11 331 2060 
6 99 536 701 982 1512 1609 
1 376 
1 1913 
5 390 1694 1864 1934 2527 
1 535 
4 45 282 768 2125 
2 1603 2477 
0 
7 553 1762 1864 2141 2452 2545 2607 
1 217 
5 683 1393 1597 1987 2076 
1 1275 
2 1343 2422 
3 41 619 1766 
1 416 
2 1647 2695 
2 265 2058 
4 5 1039 1477 2478 
2 648 2537 
2 1497 1649 
1 91 
3 39 302 1143 
3 29 912 2595 
1 2554 
3 484 1011 2454 
2 190 2152 
3 70 227 1594 
3 577 1215 1761 
2 312 1362 
7 113 873 1921 1995 2080 2493 2545 
4 118 218 1871 2593 
5 866 928 1600 1837 1967 
1 1392 
1 77 
3 555 642 1547 
1 1899 
3 414 793 1333 
0 
4 164 447 961 1446 
0 
5 396 797 2180 2382 2481 
2 1177 2290 
2 1257 1670 
2 1452 1773 
5 120 631 1397 1483 1618 
1 1479 
4 245 1255 1622 2318 
0 
0 
2 1708 2050 
4 1421 1467 2500 2593 
2 197 1506 
1 1696 
2 726 2314 
3 797 1840 2496 
1 1401 
4 771 1131 1408 2262 
5 625 701 748 1781 2530 
2 1383 2641 
2 1219 2443 
2 1706 1892 
3 330 1082 2152 
2 1823 1875 
3 1320 2031 2480 
3 848 2419 2512 
3 1081 1234 2280 
1 1262 
3 1349 1645 1810 
2 488 1786 
1 34 
2 503 1126 
1 1863 
4 124 618 2020 2561 
4 284 436 1894 2392 
2 334 432 
2 782 863 
5 412 442 963 1244 1437 
7 921 1417 1440 1852 2275 2588 2611 
2 263 1188 
1 423 
4 54 438 570 2359 
0 
5 572 590 696 786 2538 
1 1184 
6 346 631 931 1017 1201 2312 
2 598 1782 
1 743 
2 1811 2302 
1 2315 
1 1407 
0 
4 73 612 1606 1916 
3 243 1489 1974 
3 401 1568 1655 
3 51 822 1866 
1 66 
4 58 1511 1962 2336 
2 20 377 
1 2546 
2 527 683 
2 201 2258 
6 467 657 909 995 1881 2240 
2 2204 2368 
2 1663 2012 
0 
4 179 196 1652 2261 
3 594 757 769 
0 
1 202 
3 1167 2062 2578 
1 1830 
5 684 1403 1965 2577 2651 
4 970 1394 1439 1823 
1 2373 
2 889 1573 
3 178 1290 2655 
2 2018 2415 
1 2618 
3 382 1050 2488 
3 186 355 1724 
3 100 845 886 
4 1722 2176 2248 2599 
0 
2 334 2608 
3 651 767 1945 
0 
1 1391 
5 380 892 1045 1153 1912 
2 1028 1422 
3 249 321 1594 
1 1339 
1 2675 
5 319 1428 1828 1890 2652 
4 1541 1958 2324 2541 
1 349 
4 43 1049 1186 2395 
2 95 367 
0 
3 575 649 1112 
1 1404 
1 1048 
1 970 
3 203 1839 2000 
1 129 
0 
2 647 2470 
3 546 583 1162 
0 
2 636 1836 
1 2411 
2 751 1998 
2 1504 1554 
1 102 
2 2243 2593 
4 495 1467 2329 2615 
3 657 2140 2588 
3 550 2177 2356 
8 612 774 810 891 1785 1887 2046 2535 
2 1630 1774 
5 117 571 1611 1862 2188 
4 197 842 893 2317 
1 92 
2 747 2525 
5 328 1385 1467 1616 2227 
5 203 675 910 1130 2231 
2 956 1036 
2 1012 2064 
3 1417 1876 2357 
0 
3 1161 1245 2295 
2 1646 2111 
3 112 332 1761 
0 
3 1374 2447 2680 
3 306 2174 2654 
2 24 1554 
3 685 1020 2270 
2 1063 2059 
1 1660 
3 1349 1457 1688 
1 2210 
2 104 2527 
3 1442 1760 2697 
3 391 1671 2222 
1 444 
1 602 
0 
5 46 232 679 776 2231 
0 
0 
1 2167 
5 337 1252 1266 1364 1592 
3 657 1479 1968 
3 955 1199 1818 
3 329 880 1209 
3 936 1242 2641 
5 501 1386 2140 2318 2448 
4 948 1324 1354 2601 
4 548 1418 1944 2430 
1 1896 
2 1291 1584 
1 311 
8 3 110 561 848 1002 2412 2442 2634 
3 746 901 1901 
1 357 
2 161 508 
1 1160 
2 984 1670 
6 186 918 1299 1690 2402 2634 
2 69 190 
3 1546 2146 2384 
2 102 1518 
2 936 1969 
4 674 1027 2134 2530 
2 402 2475 
5 87 1088 1471 1796 2082 
3 1212 1591 2170 
1 898 
3 265 2182 2356 
1 2367 
3 1547 1665 1715 
2 828 2166 
3 973 2436 2629 
3 517 1385 2090 
2 10 565 
3 61 278 1735 
1 382 
4 151 273 1713 1877 
3 73 1184 1470 
1 1511 
2 155 1458 
3 49 344 1872 
2 216 584 
4 708 1123 1370 1751 
2 830 1634 
1 1387 
4 1540 1745 2394 2476 
1 1657 
1 2393 
2 1275 2476 
2 1171 2506 
1 2289 
3 277 2052 2232 
2 609 1409 
5 349 503 1003 1896 2321 
3 70 198 2551 
1 655 
5 332 1527 1939 2390 2593 
4 379 605 2463 2556 
4 560 650 1680 2331 
1 92 
1 998 
0 
2 720 1964 
3 384 645 2178 
1 1027 
0 
2 416 2493 
0 
4 120 990 1132 1762 
3 755 1674 2673 
6 1410 1469 1606 1611 2028 2452 
2 180 2657 
3 1158 1697 1914 
3 408 1102 1207 
0 
3 1086 1559 2165 
3 396 1073 2090 
2 1633 1895 
6 476 609 641 830 1834 2202 
0 
4 45 256 322 1210 
2 1665 2078 
3 651 1378 1770 
3 1410 1830 2238 
0 
0 
1 818 
3 1600 1704 2173 
1 963 
6 506 546 1150 1354 2053 2544 
1 1054 
3 798 2576 2627 
3 325 2217 2552 
1 1760 
3 352 1396 2035 
1 745 
3 646 1288 1735 
3 84 516 1572 
3 1663 1955 2435 
6 470 1150 1186 2081 2136 2189 
1 1676 
3 653 1871 2412 
2 1802 1847 
4 83 317 667 1296 
0 
3 758 1638 2309 
4 629 763 2165 2685 
3 854 1209 1806 
2 2146 2315 
1 82 
1 106 
1 1204 
0 
1 1432 
0 
1 165 
0 
1 1434 
4 43 170 1730 1944 
2 1605 1953 
6 255 327 622 1866 2212 2313 
2 495 2318 
5 565 1153 1694 1976 2039 
1 1231 
2 856 2388 
5 481 648 677 1349 2491 
4 651 710 933 1273 
4 428 652 1158 1632 
2 935 2550 
4 144 552 1161 2190 
3 431 834 2283 
3 1196 2097 2642 
3 804 2100 2399 
1 1386 
4 1465 1938 2024 2367 
1 1951 
3 293 629 2142 
2 406 2273 
2 733 1145 
2 731 1953 
3 1217 1353 1606 
2 784 2005 
1 780 
4 56 370 990 2153 
4 207 1928 2000 2451 
2 1850 2259 
1 1451 
0 
2 982 1159 
3 1104 1339 1562 
9 13 67 980 1369 1522 1801 1912 2267 2619 
2 1447 1727 
3 477 1088 2397 
1 1312 
4 473 666 1512 2308 
3 149 1422 2397 
1 2311 
1 1929 
2 1069 1329 
4 963 1029 1913 1933 
3 1191 1372 1584 
6 276 1095 1892 2143 2407 2662 
1 2644 
1 2568 
4 663 1388 1736 2561 
2 396 2011 
3 342 1268 1279 
2 1468 2504 
2 703 1699 
2 168 544 
6 476 776 1477 1856 2139 2451 
2 1714 2175 
0 
2 1634 2350 
5 522 857 946 1233 1795 
3 213 1815 2532 
1 517 
2 1104 1304 
4 1160 1354 1376 1532 
4 510 849 1312 2214 
2 289 1695 
7 456 558 670 1232 1276 1298 1551 
1 1916 
1 1326 
1 542 
4 782 1009 2139 2630 
3 292 560 2615 
2 1401 2427 
3 218 556 2249 
2 520 887 
1 2274 
0 
4 1197 2259 2567 2571 
3 329 1007 1613 
1 2137 
1 2412 
4 898 1077 1176 2215 
2 825 2598 
1 2227 
1 1576 
4 970 980 1566 2534 
2 1547 1632 
2 78 2418 
2 2310 2433 
3 368 782 1753 
1 319 
2 1745 1938 
3 852 987 1322 
5 338 405 691 1544 2060 
3 626 1057 1426 
0 
3 607 817 1935 
0 
4 223 964 969 2230 
2 884 938 
0 
4 421 2120 2558 2578 
4 569 1959 2074 2283 
3 285 1706 2040 
2 1594 2134 
2 676 800 
2 341 2449 
1 1216 
3 655 867 1582 
5 215 483 1568 1719 2189 
1 2689 
4 337 1110 1675 2347 
2 1187 1573 
0 
4 799 2163 2431 2616 
2 128 1928 
6 158 543 592 760 1507 2431 
1 824 
2 664 1016 
3 1069 1864 2452 
1 1432 
4 670 757 1318 2224 
3 387 962 1666 
0 
3 275 2561 2592 
1 2267 
5 760 892 1418 1450 1888 
1 1333 
3 816 865 1425 
1 2325 
3 984 1035 1916 
2 1334 2012 
1 873 
5 211 650 678 895 942 
2 1161 1354 
2 118 2616 
2 199 854 
4 259 1571 1760 2343 
4 1021 2099 2183 2369 
2 86 1380 
0 
2 1652 2335 
0 
2 1094 1845 
2 1397 1883 
5 367 824 828 1161 1579 
4 282 957 1358 2194 
2 661 2681 
0 
6 636 720 804 1157 1619 2419 
2 1780 2199 
5 639 1595 1602 2002 2512 
2 2262 2515 
3 430 959 1712 
0 
3 812 940 1769 
5 394 567 859 1276 2668 
1 956 
2 2522 2618 
5 16 487 1055 1218 2446 
3 621 648 1057 
1 779 
3 140 331 448 
2 1452 2235 
0 
1 2011 
2 50 582 
4 58 794 1046 1613 
2 1569 2561 
4 136 661 1368 1875 
1 2507 
1 1632 
5 227 1487 1893 2293 2450 
2 283 1818 
0 
0 
4 908 1011 2515 2656 
6 30 539 1532 2434 2491 2665 
2 771 1587 
3 50 1221 1393 
3 29 2287 2669 
3 650 1826 1870 
0 
0 
3 191 388 1418 
1 2194 
0 
4 300 770 1080 2583 
3 583 1161 1925 
1 882 
3 1085 1351 2047 
2 296 1926 
3 124 583 1471 
1 1287 
1 2122 
4 417 1206 2270 2650 
3 97 1091 2474 
3 782 1380 2667 
4 631 879 960 2353 
0 
4 395 1280 1357 2566 
3 132 401 2121 
2 21 1773 
0 
3 883 1181 1421 
1 1547 
2 32 2599 
2 616 1463 
2 1588 2445 
1 606 
1 1012 
3 739 2010 2273 
4 537 1377 2110 2140 
4 294 1285 2103 2435 
3 246 302 343 
0 
2 717 1608 
1 1253 
4 1172 1270 1474 2606 
2 2271 2275 
3 207 421 2502 
0 
3 759 1312 2176 
1 235 
1 2466 
5 941 1220 1491 1816 2013 
5 118 246 1074 2311 2377 
3 287 545 1893 
2 118 1988 
1 782 
4 506 744 1964 1979 
6 432 478 554 1758 1799 2121 
4 43 839 1611 2295 
3 219 222 1930 
6 641 903 1338 1955 2323 2441 
0 
1 2218 
3 239 1813 1902 
1 1039 
4 140 1115 1572 2656 
2 481 2387 
2 632 1182 
5 45 308 622 933 2204 
2 1628 1664 
5 376 468 679 1572 1937 
2 293 765 
0 
2 437 1092 
1 2667 
1 561 
1 2293 
3 26 476 2566 
1 1408 
0 
6 165 364 1012 1373 2023 2511 
4 29 350 1271 2328 
3 617 1869 1900 
5 84 137 343 1418 1824 
2 526 1793 
2 1488 2671 
2 1174 1601 
2 758 1819 
0 
3 378 510 2180 
3 870 1597 1881 
3 268 395 1777 
1 1965 
4 284 1222 1724 2131 
2 1543 1759 
5 721 1857 2192 2419 2596 
0 
3 562 1643 2172 
1 2465 
4 721 1821 2314 2608 
3 353 2047 2532 
1 249 
2 426 696 
2 730 915 
1 1411 
2 1762 2580 
4 1893 2018 2527 2557 
3 604 1472 1923 
0 
1 2178 
3 155 1012 1474 
3 2055 2094 2498 
2 42 274 
0 
6 207 496 553 947 1327 2598 
5 111 280 1215 1244 2698 
6 9 280 761 1389 2059 2666 
4 34 695 814 1178 
1 570 
3 684 1872 2272 
0 
5 771 872 1705 2151 2633 
2 454 971 
2 96 723 
1 1241 
2 531 1579 
2 502 1526 
3 304 666 1783 
1 992 
2 743 1914 
0 
4 703 708 1280 1973 
2 788 1990 
1 135 
2 1529 1886 
1 2145 
0 
2 1161 2261 
1 2525 
2 373 1786 
3 175 384 421 
4 350 1169 2030 2292 
1 1078 
4 508 747 1179 2487 
3 570 1766 1992 
1 60 
1 855 
1 2007 
5 306 1138 1767 1790 2374 
2 1845 2306 
3 21 975 2368 
1 226 
5 497 791 918 1530 2072 
2 1117 2553 
1 1068 
2 1284 1877 
5 113 496 754 1369 1524 
2 571 1704 
3 13 1498 1521 
2 98 211 
4 1383 1756 2261 2621 
0 
1 2661 
4 1141 1450 1478 2606 
1 2439 
2 1118 1724 
2 1982 2557 
0 
5 233 494 510 1148 2369 
3 432 1154 2423 
3 244 2427 2616 
1 561 
3 1142 2339 2586 
0 
1 929 
1 1703 
3 1433 1939 1986 
0 
5 587 959 1708 2220 2243 
6 558 969 1408 1659 2061 2511 
2 1515 1593 
3 918 1337 1397 
0 
0 
4 1026 1245 1944 2034 
2 24 743 
1 1377 
4 169 821 1779 2104 
3 71 1550 2128 
2 2202 2636 
6 31 197 546 1526 1931 2120 
3 783 1040 1984 
3 251 1680 2128 
2 1151 2342 
1 1543 
4 359 580 979 1177 
2 936 1554 
3 589 905 1668 
0 
0 
4 925 960 1924 2011 
1 230 
1 1329 
2 104 615 
4 531 1068 2089 2372 
1 2361 
3 292 1844 2434 
2 298 1644 
0 
7 101 569 740 982 1054 1253 2224 
3 2081 2159 2499 
1 625 
2 1772 2141 
3 950 1092 1397 
3 107 642 2514 
2 531 2599 
1 883 
3 34 560 1232 
1 383 
1 1690 
3 1317 1322 2424 
0 
0 
3 262 444 2232 
2 884 2645 
2 80 1948 
3 589 713 1899 
4 1440 1997 2617 2661 
4 122 1950 2135 2325 
2 1149 1687 
2 1470 1914 
4 663 1343 1656 2182 
6 1226 1493 1691 1902 2433 2646 
1 1020 
2 399 1763 
5 247 642 1649 1799 1915 
1 1134 
2 325 527 
1 1847 
0 
4 76 133 187 2143 
2 1537 1736 
3 769 2038 2311 
3 187 1114 2403 
2 444 978 
3 483 590 2164 
5 779 807 1073 1757 2401 
0 
2 203 1852 
2 124 259 
2 906 1598 
1 144 
3 147 1202 2050 
2 1490 1699 
3 637 2443 2592 
1 119 
2 1070 2255 
1 1019 
1 789 
3 764 1505 2276 
7 20 161 226 381 834 2046 2351 
0 
0 
1 340 
5 183 344 1558 2020 2556 
4 201 218 930 1467 
1 1409 
2 826 1967 
5 1247 1522 1529 2343 2433 
0 
2 1567 2107 
0 
2 255 2453 
4 36 933 1759 1821 
3 325 1374 1770 
1 1251 
3 793 1431 1683 
4 467 533 945 1462 
3 764 1375 2288 
2 419 792 
0 
0 
2 2514 2607 
1 1008 
4 1496 1520 1822 1928 
3 1045 1705 2233 
3 795 2047 2251 
2 875 1577 
2 1462 2373 
4 586 1518 2287 2425 
3 327 1716 2371 
3 345 1206 2231 
1 345 
1 873 
2 2135 2632 
3 214 443 756 
1 1570 
0 
1 1069 
4 609 1381 1513 1643 
2 1073 1592 
7 589 674 695 926 1122 1506 1813 
2 1528 2676 
0 
2 735 2149 
2 783 1918 
1 374 
6 221 605 749 918 1322 1850 
2 994 1157 
5 168 313 371 1676 2619 
4 521 873 1841 2483 
4 897 1466 1839 2672 
2 1534 1738 
3 7 881 2397 
4 533 1946 1949 2396 
2 734 1265 
4 650 714 1926 2688 
0 
2 1156 2329 
1 1811 
2 2326 2646 
4 54 123 442 1263 
3 458 961 1250 
2 468 688 
2 1500 1955 
3 289 306 1238 
3 338 1098 2678 
2 235 1320 
1 1752 
5 1103 1314 1805 1895 1989 
1 1209 
1 710 
3 178 722 1719 
3 689 1136 1290 
0 
3 1047 1996 2464 
5 145 1412 1667 2058 2178 
1 690 
3 496 1367 1508 
4 607 1172 1516 1615 
1 2252 
4 118 620 2303 2601 
1 2372 
0 
2 1981 2253 
3 314 919 1301 
2 15 287 
5 463 608 873 1051 1801 
3 1157 2023 2025 
2 499 2584 
3 1997 2315 2351 
3 141 2086 2289 
4 1110 1209 1892 2122 
3 242 978 1825 
5 430 755 959 2533 2561 
2 718 1081 
4 1024 1338 1473 2247 
2 479 515 
2 356 2143 
1 1805 
5 852 1165 1491 1662 2337 
4 234 577 728 1547 
3 91 1233 2117 
4 1171 1243 2068 2493 
3 104 742 1776 
2 492 1799 
2 2015 2667 
3 852 2081 2540 
5 955 1126 1391 1938 1964 
3 1611 1864 2028 
2 436 2355 
3 28 436 1627 
2 587 1253 
3 494 927 1277 
3 704 1228 1259 
1 1037 
3 627 977 1439 
1 1545 
1 798 
0 
2 1431 1851 
3 15 745 2418 
2 913 2181 
1 2133 
2 110 470 
3 453 491 1127 
2 113 447 
2 1075 1748 
1 432 
1 526 
0 
3 591 852 2105 
3 411 1117 1817 
5 152 1043 1476 1839 1842 
5 445 1010 1171 1276 1609 
1 1620 
4 31 127 987 1317 
1 1666 
3 296 338 1643 
2 153 600 
2 7 2393 
1 214 
0 
0 
4 137 1436 2226 2624 
1 1721 
3 334 1382 1593 
0 
4 174 1079 1919 2086 
1 194 
4 576 1632 1860 2446 
1 1480 
4 184 624 769 2500 
2 670 1657 
1 1547 
2 663 2194 
2 1372 2293 
3 436 1653 2495 
1 863 
2 1290 2129 
3 109 775 1027 
1 1961 
1 694 
3 419 1241 1843 
2 1571 2079 
0 
2 329 1587 
1 1056 
6 267 778 1587 2163 2262 2631 
2 1667 2060 
2 460 1487 
4 1363 1464 2297 2365 
3 966 2061 2085 
1 623 
3 319 392 795 
1 395 
2 258 1059 
2 449 602 
2 489 888 
2 2067 2686 
1 2531 
2 94 622 
5 418 492 522 1765 2221 
2 846 1164 
5 545 1042 1606 1784 2189 
3 168 909 1149 
1 188 
4 774 1023 1660 1816 
4 143 329 1102 2523 
5 167 231 1487 1969 2183 
4 510 979 2437 2546 
3 612 1522 1994 
4 88 335 1548 1760 
1 1101 
1 1621 
3 661 1685 2596 
1 1334 
2 665 2450 
4 258 1416 1551 1736 
2 277 2679 
2 999 1366 
2 22 1883 
2 1611 1632 
3 1224 1701 2533 
3 159 808 1561 
2 118 602 
2 717 1074 
3 233 1922 2616 
2 408 1848 
2 73 1886 
5 20 153 162 1480 2236 
3 1216 1279 1626 
1 61 
4 121 1572 1851 2347 
4 580 938 2189 2249 
2 2010 2607 
2 184 707 
2 294 2690 
7 351 846 1675 1958 2033 2077 2437 
2 534 2582 
1 1533 
1 1309 
1 1214 
7 40 154 202 643 1515 2109 2160 
2 20 1986 
1 1957 
0 
2 691 896 
2 144 1986 
2 75 147 
0 
1 540 
0 
4 717 1038 1233 1885 
3 619 886 1714 
2 1712 2010 
1 307 
3 518 1591 2188 
0 
2 1449 2562 
2 1362 2096 
2 1477 2432 
3 115 256 692 
2 1394 2255 
1 2612 
5 361 492 1394 1680 1758 
4 769 1103 1334 1461 
2 308 2659 
1 1345 
3 300 2033 2337 
6 312 354 1633 1653 1756 1850 
1 1042 
2 1288 1625 
4 613 1109 2178 2538 
2 28 264 
3 848 1991 2197 
5 738 891 1724 2115 2298 
2 665 749 
3 1084 1800 2424 
1 1399 
3 353 575 1029 
0 
3 217 243 681 
3 804 2127 2246 
4 1110 1611 2365 2558 
2 1726 2182 
2 1088 1178 
0 
4 1217 1492 1553 1680 
3 513 1014 2587 
0 
0 
4 889 1757 1980 2673 
6 604 1022 2023 2044 2253 2550 
2 2310 2647 
5 175 265 1024 1720 2067 
5 163 1346 1490 1944 2392 
1 989 
4 903 1408 1540 2243 
5 472 800 1250 1342 1423 
2 316 474 
3 783 901 2487 
1 1568 
0 
3 633 1131 1885 
1 2638 
2 331 1825 
3 653 1099 1979 
2 1149 2511 
2 406 2377 
1 2204 
4 682 1595 1805 1811 
1 1590 
1 2272 
1 478 
4 207 403 561 2628 
1 327 
2 747 790 
3 11 1661 1798 
3 909 940 1925 
0 
3 43 1280 1956 
2 143 2307 
5 105 378 1520 2315 2403 
2 471 2617 
0 
3 31 1001 1489 
3 1358 2104 2693 
2 295 1714 
4 287 928 1520 1735 
1 1156 
2 1460 1777 
4 712 982 1296 1718 
4 247 949 2085 2148 
3 119 538 1865 
1 1540 
1 2590 
2 661 1137 
3 954 2245 2310 
3 128 996 1955 
1 76 
1 553 
3 223 438 2086 
4 247 366 905 2199 
6 407 1104 1588 2106 2157 2449 
3 191 1355 2065 
3 315 1355 2089 
1 1152 
1 2168 
3 231 1543 2394 
2 1863 2615 
2 440 990 
1 1734 
1 2385 
1 935 
1 2409 
2 1598 2542 
1 1776 
3 898 1096 2056 
0 
1 580 
1 1243 
2 763 1900 
1 2522 
1 1575 
3 119 323 2399 
1 2019 
2 1383 2560 
1 191 
2 1451 1551 
2 423 2650 
2 912 1180 
1 1618 
2 1179 1584 
2 9 1785 
2 17 2198 
1 1077 
1 1 1 1 1 1 3 2 1 2 1 2 1 2 2 4 1 2 2 1 1 2 2 1 2 1 3 2 1 3 1 2 2 2 2 1 3 1 1 1 4 1 1 3 2 1 1 1 1 1 2 3 1 1 2 1 3 1 2 1 2 3 1 1 2 1 2 2 1 3 2 2 1 1 1 2 3 3 2 1 1 1 2 2 2 4 1 4 2 1 2 1 1 1 1 2 3 1 1 1 2 2 2 1 2 2 2 1 1 2 1 1 1 1 1 1 2 1 4 1 3 2 3 3 2 3 3 1 2 1 1 1 1 1 1 1 1 3 1 1 3 2 1 1 3 1 2 3 4 2 1 2 1 2 2 2 2 1 3 1 1 2 1 2 3 2 2 1 2 1 1 1 1 2 1 2 2 3 1 1 3 1 2 1 2 1 2 1 1 1 2 3 1 1 3 2 1 3 2 2 1 3 1 3 1 2 1 4 1 1 1 1 1 2 2 1 1 1 2 2 1 2 2 2 2 1 1 2 1 1 4 1 4 2 3 2 2 1 2 2 3 1 1 1 2 1 1 4 1 2 1 2 1 1 1 2 3 1 2 3 1 1 1 1 1 2 1 1 3 1 1 1 3 2 3 1 2 2 1 1 1 3 2 3 3 2 1 1 1 2 1 2 1 2 1 1 2 1 2 1 1 2 1 3 2 2 2 2 2 2 2 1 1 1 1 1 1 3 1 2 1 1 3 1 1 1 2 3 3 1 1 3 1 1 2 2 1 2 2 1 2 2 1 2 1 3 2 1 2 4 1 1 2 1 3 2 1 1 1 2 2 1 2 2 1 1 1 2 1 2 2 1 3 2 2 1 1 1 2 3 1 2 2 3 2 1 3 1 1 1 3 1 2 2 1 3 1 1 1 2 1 2 3 1 1 3 2 1 1 1 3 2 1 1 1 2 1 2 2 1 1 2 1 3 1 2 1 1 2 2 2 3 3 3 1 1 1 1 2 2 3 1 1 2 1 1 1 1 1 3 1 2 1 1 3 1 1 2 2 2 2 2 1 1 1 1 3 1 1 2 1 1 3 1 1 2 3 3 2 3 1 1 2 1 2 2 2 1 2 1 2 1 1 1 2 3 1 1 2 2 2 1 1 3 1 1 1 1 3 1 3 2 2 1 3 2 1 3 1 1 2 1 1 2 4 3 1 1 1 2 1 2 1 2 2 1 1 1 2 3 1 2 2 3 2 3 2 1 1 3 1 1 1 2 2 1 2 2 3 1 2 3 2 1 2 2 1 3 1 4 4 4 1 1 1 3 2 1 1 1 2 1 1 2 1 1 3 2 2 3 1 2 1 1 2 1 2 1 2 1 1 3 2 2 3 1 1 2 2 1 1 1 2 2 1 1 2 2 1 2 1 1 3 3 2 3 1 2 1 2 3 2 2 1 1 1 1 2 1 1 1 3 2 2 1 2 4 2 1 2 2 2 3 1 1 2 1 2 2 1 1 4 1 3 2 4 1 3 1 3 1 1 1 2 2 2 1 1 1 1 2 1 1 3 2 3 2 1 1 1 3 2 1 2 3 2 1 1 3 2 1 1 2 2 2 1 1 2 2 1 3 2 2 1 2 1 1 2 1 2 1 1 1 1 1 4 1 1 1 2 2 2 1 2 1 2 3 1 1 1 2 2 2 3 1 2 2 2 1 1 2 2 2 1 3 3 1 2 1 3 5 2 1 4 2 1 2 1 1 2 3 1 1 2 2 3 1 1 1 1 2 2 3 2 3 2 3 2 2 1 1 2 1 1 1 3 1 2 1 1 1 1 1 3 2 2 1 2 1 3 1 1 3 1 1 1 2 2 2 1 3 1 2 1 2 2 2 1 3 1 1 1 1 1 3 1 2 2 1 2 2 1 1 2 2 2 3 1 1 1 1 2 3 2 3 1 1 3 2 2 1 1 2 2 1 1 2 2 1 2 1 1 1 4 1 1 1 1 1 3 1 1 1 2 2 1 2 2 1 2 2 1 1 1 1 1 2 2 1 1 1 2 1 3 2 3 2 1 2 1 1 1 3 1 1 2 2 1 1 2 1 2 3 1 1 2 3 2 3 2 3 3 1 3 2 2 3 1 2 1 3 1 1 1 1 1 2 2 2 2 1 2 1 1 2 2 2 2 1 2 2 1 1 3 1 1 1 1 2 2 1 2 1 1 1 1 1 3 1 1 3 1 3 2 2 2 2 1 1 1 2 1 3 1 2 2 4 2 2 2 2 1 3 1 2 1 1 1 1 1 2 2 2 1 1 2 1 2 1 2 2 3 1 3 2 1 1 2 1 1 3 2 1 4 2 1 1 1 1 1 2 1 2 1 1 1 1 1 2 3 1 1 2 2 2 1 1 1 1 1 1 1 1 1 2 1 1 1 3 2 2 1 1 3 5 1 3 3 3 1 1 3 3 2 2 2 2 3 2 1 1 3 1 1 2 1 3 3 2 1 1 3 1 2 3 1 2 1 2 2 2 1 3 1 1 2 1 2 2 1 2 1 2 1 1 1 2 2 1 1 1 3 2 1 2 2 1 2 2 1 1 2 1 2 1 2 1 3 2 1 1 1 1 2 1 1 2 2 4 2 2 3 2 1 2 2 1 1 1 1 3 4 2 4 1 1 3 1 2 2 2 3 2 1 1 1 1 2 1 1 1 3 1 1 3 1 1 1 1 1 1 2 1 1 3 3 4 3 3 3 1 1 3 1 3 1 2 2 1 2 3 1 2 1 2 2 1 1 2 2 1 2 3 2 2 1 1 1 1 2 1 3 1 2 3 4 1 1 1 1 4 1 1 2 1 1 1 2 2 2 1 1 1 2 1 1 1 1 1 1 1 1 1 2 1 2 1 2 2 3 3 1 1 1 2 3 4 2 4 1 1 2 2 1 1 1 2 2 1 1 2 1 1 1 2 1 2 3 1 2 1 1 3 1 2 2 1 1 1 2 3 1 1 1 1 1 3 4 1 2 1 1 3 3 2 1 1 2 2 2 1 1 1 3 2 1 4 2 1 1 3 1 2 3 2 1 1 1 3 2 1 1 1 1 1 1 3 1 1 2 2 1 3 1 1 3 2 3 2 2 2 1 2 2 2 1 1 2 2 2 1 2 2 3 1 1 2 1 1 1 1 1 1 1 2 1 1 3 3 1 3 1 1 2 1 1 2 4 3 1 1 2 3 1 1 2 1 3 2 1 1 3 2 1 2 1 1 1 1 2 1 1 1 1 1 1 1 2 2 1 2 2 2 1 3 1 1 2 2 1 1 1 2 2 1 1 2 3 2 1 1 2 2 1 2 1 3 1 2 2 3 1 1 2 1 1 1 2 3 1 2 3 1 1 1 2 1 2 2 1 2 1 1 2 1 3 3 1 1 1 1 3 1 1 1 2 3 1 1 1 3 2 2 1 1 2 2 1 1 2 1 1 1 1 2 2 1 2 2 1 2 1 2 2 2 2 3 4 2 1 3 3 1 1 3 1 1 1 1 1 1 1 1 2 2 2 3 1 3 1 1 1 4 2 1 1 1 1 1 2 1 2 2 3 3 2 2 3 1 2 2 2 3 2 4 1 1 3 1 1 2 3 1 2 2 1 2 2 3 1 1 3 2 1 1 2 3 2 2 1 2 2 1 2 3 2 2 1 3 1 2 2 2 1 1 1 1 3 1 2 1 2 1 4 2 1 1 4 1 2 1 1 2 1 1 1 2 1 2 2 2 3 3 1 2 2 1 2 1 2 2 1 1 1 2 3 2 1 1 2 3 2 1 1 1 4 2 1 1 1 2 1 1 1 3 2 4 1 1 1 2 2 2 2 3 1 2 1 3 1 1 2 2 2 3 3 1 1 2 1 2 3 1 1 3 1 3 3 1 1 3 2 3 1 1 1 2 1 2 1 1 1 1 1 2 1 2 1 1 1 1 2 2 1 2 1 1 2 3 2 3 1 2 2 2 1 2 4 3 3 3 1 1 2 2 1 2 3 1 1 2 1 3 1 3 2 2 2 1 1 2 1 1 1 4 1 3 2 2 2 3 2 1 1 2 2 1 2 1 1 1 3 1 2 3 1 3 2 1 1 2 3 1 1 2 2 2 3 2 1 1 2 1 1 2 2 3 2 1 3 2 1 1 1 1 3 2 2 1 1 2 2 1 2 1 1 2 1 1 1 2 1 1 1 4 1 2 2 1 3 2 3 4 1 2 1 1 2 1 1 1 1 1 3 1 2 2 1 1 1 2 3 2 4 1 2 3 1 1 2 3 2 3 1 1 1 1 1 1 1 1 1 2 3 1 2 1 1 2 2 1 1 3 2 1 3 3 2 3 2 1 3 1 1 1 1 1 1 2 1 1 1 1 4 1 1 1 1 2 1 1 1 1 2 1 3 2 2 1 3 2 1 3 1 4 1 1 2 4 3 1 1 3 2 1 2 2 1 1 4 3 3 3 1 2 1 3 2 1 2 2 1 1 2 2 1 1 1 2 1 3 2 1 2 1 3 1 3 1 1 3 2 3 1 2 1 1 1 2 2 1 1 1 4 1 2 1 3 1 1 3 2 1 2 1 4 1 3 2 3 1 1 3 1 1 1 2 1 3 1 1 1 1 2 1 4 1 1 4 1 2 2 1 1 1 4 1 2 2 2 2 2 1 1 1 3 3 2 2 1 1 3 2 1 1 1 2 2 4 2 1 1 1 2 2 1 2 1 2 3 1 1 1 1 1 2 1 1 1 2 3 1 1 1 1 1 1 2 2 1 2 2 2 3 1 1 1 3 2 1 1 2 1 1 2 3 2 2 1 2 1 1 3 1 1 1 1 2 1 2 1 4 1 2 3 1 2 1 1 2 1 1 1 3 4 1 1 2 1 2 2 1 1 2 1 2 1 1 2 1 3 1 2 2 1 2 1 2 1 3 1 1 1 1 1 2 1 3 2 3 3 1 1 1 2 1 2 1 1 3 3 1 2 1 1 1 2 1 2 1 2 1 1 1 2 1 1 3 1 2 1 1 1 3 2 3 1 1 1 4 1 1 2 3 1 1 1 1 1 1 1 1 2 1 1 3 1 1 1 2 1 1 1 1 3 1 1 2 1 1 2 1 2 1 1 1 2 1 3 1 2 1 1 3 1 1 3 1 2 2 1 1 1 1 1 2 2 3 1 1 1 1 1 2 1 1 2 1 3 4 2 2 2 2 1 2 1 1 1 1 2 1 1 2 1 1 2 2 2 4 1 2 1 3 1 2 3 3 2 1 1 2 1 4 1 1 1 2 1 2 1 3 1 2 1 1 1 2 2 2 3 1 2 1 1 3 2 2 2 2 2 1 2 2 2 1 1 2 3 2 1 1 2 1 1 2 1 1 1 1 3 1 4 2 1 1 4 3 2 1 1 1 1 3 4 3 2 1 3 1 1 1 1 1 1 2 2 1 2 3 1 2 1 1 3 1 1 2 3 2 3 1 1 4 1 1 3 1 2 3 1 2 1 1 2 3 3 1 3 3 2 1 2 2 2 1 1 1 2 1 1 2 1 1 1 2 2 2 3 2 2 1 2 1 1 1 2 3 1 3 2 1 3 1 1 1 1 2 1 1 1 3 1 1 1 1 2 1 2 2 2 1 2 1 2 1 2 2 1 2 2 2 1 1 2 3 1 1 1 3 1 2 1 1 2 3 1 1 3 2 1 2 4 2 1 1 1 1 2 1 1 1 1 1 1 1 1 2 1 1 1 2 3 4 1 1 1 4 2 1 2 4 1 2 1 1 3 2 1 1 1 1 1 1 2 1 3 1 1 1 3 1 2 3 2 2 2 1 2 3 1 2 4 4 1 1 1 2 2 2 2 1 2 2 1 2 4 1 1 1 1 4 2 1 1 1 2 1 1 3 2 1 2 2 1 1 1 4 1 1 2 3 1 1 4 1 1 1 2 1 3 1 2 1 1 2 1 2 1 3 2 2 2 1 2 1 3 3 1 2 1 3 1 1 1 1 2 2 2 3 2 2 3 2 1 2 1 1 2 2 1 2 1 1 1 1 2 2 2 1 1 1 1 1 1 1 1 1 1 1 
