p 4800
1 3943 
4 397 1175 1723 4265 
3 1662 2870 3186 
2 282 3581 
2 2371 2651 
3 543 3183 3791 
4 481 912 1137 1519 
3 553 1495 4653 
0 
6 143 788 1812 2881 3907 3992 
3 253 4121 4703 
4 1217 2751 3270 4645 
3 1112 3225 4140 
2 150 2223 
0 
3 1864 1993 2600 
4 1072 3557 3995 4188 
4 101 1519 3742 3956 
4 2775 2986 3050 4780 
0 
5 2147 2660 2816 3019 4416 
2 160 1630 
1 3973 
3 1458 1784 3760 
2 61 3584 
1 4516 
0 
0 
3 1111 1901 3439 
1 4358 
1 3249 
4 103 369 2002 2042 
2 2674 2689 
3 1775 3063 3236 
5 460 2127 2358 3131 4399 
2 2288 3068 
2 1301 4251 
1 2728 
3 1304 1481 4692 
2 2520 4400 
1 3489 
3 944 2587 4608 
3 2865 3327 3999 
3 711 2551 3316 
3 726 3869 4198 
4 430 2680 2950 3105 
2 700 3236 
1 3709 
1 1376 
3 112 2882 3982 
4 3402 3469 4007 4086 
0 
2 2150 3645 
3 269 2405 3455 
0 
5 159 1178 1475 2002 4097 
1 1278 
3 1279 2159 4258 
3 1772 2987 3357 
2 837 3410 
0 
2 24 1002 
0 
0 
3 875 1221 2442 
2 908 2775 
0 
1 715 
1 839 
1 1811 
2 138 2992 
3 998 1944 2699 
2 239 2044 
2 726 4747 
1 587 
2 896 2859 
2 1461 2527 
1 3352 
4 1646 4020 4205 4609 
1 2985 
2 2239 4728 
4 384 2403 3717 4003 
3 766 2403 4713 
1 3662 
1 3071 
4 1825 1937 3044 4715 
2 2114 2630 
2 384 1627 
0 
3 2157 4304 4332 
3 2557 3494 3961 
3 669 4001 4025 
6 1040 1351 1373 1478 1769 2314 
3 3062 4029 4650 
2 1624 4023 
1 122 
1 2004 
1 2173 
2 392 3414 
3 578 2482 3345 
1 3188 
4 17 792 1423 4721 
4 1285 1838 2062 4399 
6 31 588 918 1685 1835 3585 
0 
1 1325 
1 1355 
4 307 1700 2543 4246 
1 3604 
2 668 1490 
2 1583 3655 
2 2284 4636 
3 49 697 927 
2 832 4080 
0 
5 435 1541 1738 2473 2878 
1 586 
0 
1 1063 
5 2840 3747 3793 4051 4511 
4 383 1546 3966 4741 
4 802 2241 3714 4685 
2 95 954 
2 355 4312 
1 1373 
3 481 2777 4653 
3 3103 3325 3877 
1 2447 
0 
5 422 1693 2128 2206 3353 
3 972 2645 3396 
1 4127 
3 2441 2852 3285 
1 841 
3 1246 1404 4199 
2 843 4488 
2 803 2175 
1 2281 
5 70 238 1779 1785 4239 
2 346 389 
2 1997 3578 
2 3450 4468 
2 1855 4656 
3 9 1284 2660 
2 184 4097 
3 2672 3281 4576 
1 4573 
2 1736 4085 
1 1505 
1 238 
5 13 769 1230 2025 3279 
0 
1 2137 
0 
1 390 
2 802 3221 
2 2058 4145 
3 483 3058 4136 
2 3977 4374 
6 55 291 357 1323 2002 2701 
2 21 4136 
3 3449 4565 4749 
5 554 1036 1894 4331 4415 
2 1366 2236 
5 565 2303 2531 3355 4435 
1 4441 
3 1712 2196 3263 
2 551 3657 
6 543 1057 1607 2040 2830 4345 
1 1393 
1 527 
1 1623 
0 
2 3105 3151 
0 
5 571 2196 2228 2538 2996 
1 1400 
3 376 1654 1890 
0 
1 3560 
2 2550 3424 
0 
3 1932 3137 3217 
1 2021 
3 144 248 2675 
3 1298 1638 1665 
3 1775 1794 2971 
2 745 2192 
1 4747 
4 2919 2982 3075 3370 
2 1553 1808 
6 834 1760 3426 3463 3945 4771 
0 
2 733 4432 
3 451 2837 3273 
3 296 2779 3679 
1 2056 
3 2549 3570 4637 
1 2008 
2 277 2400 
1 2059 
1 4344 
1 3816 
3 506 838 3236 
2 3499 4313 
0 
1 4086 
1 4335 
6 1778 2291 2385 2703 3834 4521 
6 312 626 635 814 2631 4460 
0 
1 1015 
2 1114 2379 
0 
3 341 1145 1586 
3 655 862 3875 
2 1814 3230 
1 3215 
2 2597 4178 
5 504 3037 3481 3482 3509 
2 3116 3913 
2 3618 3649 
1 3145 
1 1555 
1 3374 
2 819 4510 
2 1873 2292 
2 2250 4542 
1 4163 
2 560 660 
2 1148 2971 
0 
1 464 
3 652 1460 4303 
2 2501 2575 
1 3434 
2 867 4258 
1 3161 
3 138 149 2677 
1 72 
2 4098 4124 
0 
1 2311 
2 1961 2432 
5 2206 2330 3670 3945 4679 
4 1219 1512 1649 4490 
0 
2 715 2201 
5 184 1323 2776 3841 4252 
3 1935 2171 4121 
4 1560 1813 2158 4285 
3 1388 1628 4095 
2 570 1665 
4 10 2197 2581 4043 
5 771 1547 3501 3614 4137 
3 2274 4675 4757 
2 1281 1491 
2 992 3682 
6 1364 1387 1756 2029 2051 4198 
5 541 998 1295 2889 4065 
3 515 2339 3320 
2 3120 3545 
4 946 1963 2256 3967 
2 2270 2531 
1 1824 
2 3019 3357 
1 3586 
1 3767 
3 1123 1254 3096 
5 53 1645 2369 3742 4503 
1 2802 
3 792 1330 3051 
4 801 843 2144 3838 
0 
3 1480 2062 3546 
4 1153 1267 1602 3308 
0 
1 199 
5 948 1071 1470 1857 4790 
2 1560 2497 
1 1133 
1 4652 
1 3 
2 2671 3475 
2 1822 4521 
4 1496 3046 3704 3932 
1 593 
3 1186 4706 4754 
0 
3 2740 3398 3907 
3 1283 2998 4030 
3 159 1773 2202 
3 1532 2030 4535 
1 1853 
1 4298 
1 1253 
2 195 2755 
2 2841 3255 
0 
1 4788 
3 722 1549 4051 
3 1573 3293 3851 
1 2366 
2 772 3641 
1 3664 
2 2917 3319 
7 779 1050 1880 2202 3446 3600 3953 
2 107 1787 
1 889 
2 3520 4588 
4 661 2388 4379 4556 
2 1286 3430 
3 209 2433 2842 
2 913 1849 
4 368 2724 2748 4024 
1 4726 
2 908 4618 
3 651 3478 3706 
1 4521 
1 1583 
2 1216 2738 
3 943 2982 4135 
2 1044 3474 
5 1267 1309 1777 3265 4094 
2 3755 3845 
0 
4 797 3159 3431 3806 
2 782 3205 
0 
1 796 
2 3511 4288 
3 2480 3178 4062 
2 1393 2732 
4 1435 1532 3372 3844 
1 1316 
4 1590 3339 3627 4165 
6 1610 1734 2407 2560 3916 4017 
2 1215 3247 
4 957 1540 2955 3237 
4 585 2828 3851 3903 
2 2462 4634 
2 214 3255 
3 2842 3112 4263 
2 454 4195 
2 3867 4757 
0 
4 139 430 2448 2792 
4 853 2015 2905 4671 
2 2484 4342 
6 767 943 1157 2177 3883 4226 
2 1823 4600 
2 1488 4649 
1 4364 
2 676 4629 
4 1361 2808 4030 4272 
2 123 419 
3 2850 3499 4066 
3 159 475 2912 
3 1521 4158 4776 
1 3239 
4 3169 3466 3864 4550 
1 3507 
5 1398 2955 3246 3376 3789 
1 3287 
5 2687 3071 3317 3409 3804 
1 938 
0 
2 4107 4636 
2 314 2974 
3 31 1771 2345 
2 520 2595 
0 
3 697 3019 4791 
1 516 
0 
0 
5 177 1524 2349 3616 4633 
1 4297 
4 1451 2111 2478 4154 
3 1602 3493 4370 
1 2805 
0 
3 794 3354 3753 
3 120 1854 3495 
3 81 87 1351 
2 1446 3630 
2 2635 2677 
1 3940 
0 
2 139 3552 
2 154 636 
3 796 1856 3555 
4 98 802 3108 3442 
3 2627 4619 4782 
1 4049 
2 494 1703 
3 3182 3614 3743 
3 1 1678 3488 
2 1087 2562 
3 1158 4000 4773 
2 1404 2396 
3 1443 3323 3576 
0 
1 3737 
3 858 2445 3780 
3 1596 2717 3463 
1 1567 
1 3878 
1 1554 
2 499 1946 
0 
1 4065 
3 951 1652 2928 
1 1147 
3 2734 3438 4277 
1 4713 
0 
4 2304 2799 3383 4686 
3 895 1304 4149 
3 355 1518 3544 
4 2155 2173 3398 3554 
6 1623 1829 2585 3276 3411 4617 
3 129 2868 3204 
2 4053 4115 
0 
3 1702 2184 3924 
1 3523 
2 843 4291 
2 587 4597 
3 1467 1753 4778 
11 45 346 672 864 995 1731 2794 4057 4405 4461 4744 
2 1922 3241 
1 2474 
2 914 1974 
3 1126 3380 4008 
3 115 2067 3456 
1 3971 
0 
1 2438 
2 1503 2710 
2 1474 3011 
1 3869 
0 
4 532 624 1263 2062 
2 1415 3447 
3 1634 2704 4098 
0 
2 1288 3817 
4 739 821 3128 3962 
0 
3 1365 1560 2351 
7 194 496 1704 1957 3263 3485 4151 
3 1911 2312 2347 
2 2015 3652 
4 343 1502 1965 2069 
1 2966 
3 4395 4461 4471 
1 3652 
2 2601 3291 
2 3808 3981 
3 34 2963 4645 
4 1963 2099 4136 4349 
1 1955 
2 1357 4348 
1 232 
1 4216 
1 3736 
3 1396 1734 3742 
0 
4 1745 2921 3123 3539 
1 1245 
6 667 2037 2062 2555 2912 4059 
1 4639 
3 1295 2698 3290 
3 3313 3717 4412 
4 357 1585 2442 2562 
1 783 
1 4738 
1 4465 
3 1381 3127 3879 
4 1919 2082 3627 4648 
4 6 125 2575 3539 
2 669 732 
2 157 4485 
2 863 2001 
4 1024 2162 2604 4091 
1 3246 
3 689 2301 2920 
2 2070 4170 
3 2004 2802 4749 
3 3687 4197 4745 
2 2052 3714 
3 2317 3395 3743 
0 
3 395 4124 4699 
4 540 1824 2514 4739 
5 451 1311 1840 3643 4507 
0 
1 659 
6 409 1359 2413 2770 2999 4645 
2 611 1555 
4 1282 1302 4493 4735 
0 
1 4392 
4 219 2220 3223 3643 
2 606 1451 
3 203 4283 4678 
1 3512 
4 2813 2990 3904 4379 
1 3847 
3 1050 2925 4566 
1 4224 
5 1170 1308 3087 3379 4519 
1 3343 
3 1595 2702 4622 
4 260 3005 3748 4771 
2 373 3315 
4 875 1291 1752 4257 
1 3949 
0 
1 370 
1 1213 
5 672 1325 1467 1885 4108 
0 
1 4212 
0 
1 1019 
4 170 863 1510 3818 
1 4790 
2 4229 4426 
2 593 3669 
3 2562 4318 4516 
6 443 1226 1404 1759 2332 4107 
1 4716 
0 
2 791 2553 
3 1874 2491 4021 
3 593 3715 4487 
1 4588 
4 1915 2625 3504 4186 
7 495 680 2424 2488 3650 4258 4583 
3 259 965 3233 
3 1121 1325 1451 
7 5 168 1126 1247 1325 3303 4309 
5 1351 1447 2405 2944 4577 
3 1083 1801 3184 
1 1056 
7 1246 1307 1646 1983 2266 3532 4307 
3 1322 3934 4668 
4 1675 2606 2740 3270 
1 3541 
3 167 840 3207 
1 878 
3 7 1890 2621 
3 162 1145 3249 
2 3296 4118 
4 816 1184 1580 2820 
1 3231 
2 964 2910 
2 1557 4179 
3 229 775 3528 
1 4147 
2 2107 4376 
1 2872 
0 
1 164 
0 
4 1637 2179 3465 3833 
0 
4 856 2332 2405 4118 
3 252 1076 2907 
4 175 3948 4178 4741 
1 3837 
4 655 856 928 2476 
4 1286 2203 2469 3101 
0 
0 
0 
2 99 1158 
4 1982 2111 2501 2706 
4 1324 2372 2794 3896 
5 1636 2022 2763 2897 3733 
0 
4 2254 2256 4560 4566 
3 1437 2600 2656 
4 339 1301 3200 3775 
2 116 4117 
5 74 428 3191 3820 4435 
2 103 643 
2 2309 4017 
2 3216 3486 
0 
6 2022 2311 2452 2683 3995 4326 
5 286 530 537 1066 1960 
3 1183 3173 4786 
4 831 1596 2491 4505 
2 3919 4582 
3 921 2587 4441 
1 2564 
1 4332 
2 1002 4402 
4 2151 2998 3398 3549 
2 3102 3560 
2 2072 2616 
0 
3 2620 3929 4781 
3 505 2981 4110 
6 983 1025 3114 3916 4337 4349 
3 1958 2829 2929 
0 
5 897 1262 1354 3118 3956 
2 500 1950 
5 1369 3525 3947 4321 4714 
3 2752 2968 4682 
0 
1 3795 
4 2830 2895 3980 4108 
2 3514 4404 
6 812 1260 3109 4217 4403 4500 
2 1611 2539 
1 4029 
2 2992 4416 
5 903 1544 2788 3093 4532 
2 2454 3406 
4 443 866 1116 2729 
2 2882 4330 
3 209 2346 4331 
1 4058 
4 654 837 1303 2974 
2 3440 4455 
4 2291 3385 3713 4078 
0 
2 634 2336 
3 735 891 4776 
3 632 982 2873 
4 209 1932 2859 3495 
3 390 2746 3876 
2 3541 4323 
0 
0 
0 
2 1893 4640 
2 3178 3259 
3 588 2153 3044 
1 854 
1 2963 
1 1354 
1 4240 
1 1628 
5 934 1867 3373 3990 4785 
3 2618 2746 3135 
3 317 1841 2579 
2 233 3048 
1 3458 
5 628 1997 2026 4167 4240 
3 215 573 1064 
0 
6 858 969 2936 4031 4372 4432 
2 846 4053 
1 498 
1 229 
3 310 893 1747 
2 3366 4146 
1 3773 
3 1225 2308 3986 
3 888 2089 2361 
2 2517 3821 
2 471 930 
4 109 1408 4092 4471 
3 91 482 2378 
4 1159 3101 3114 3445 
3 1503 2013 4616 
6 430 522 1311 1838 3557 3760 
4 700 1531 2232 2712 
1 3691 
3 1522 1805 4371 
4 353 1041 2343 2359 
3 2374 2654 3988 
2 820 3501 
2 845 3602 
6 540 706 1075 2817 3704 4226 
4 1926 2264 3764 4272 
2 1531 4377 
0 
3 2273 3695 4223 
2 2316 3292 
2 4069 4090 
5 1625 2949 3068 3110 3155 
3 1325 2183 2989 
2 487 2629 
0 
1 885 
1 1294 
0 
2 3384 3996 
4 1867 3675 4247 4780 
2 1234 3255 
3 112 372 3287 
4 1706 1896 3182 3434 
3 1562 2161 2472 
7 46 673 1568 2522 3285 3755 4610 
3 1230 2406 3006 
2 885 3903 
4 1270 1562 3716 4687 
1 2095 
1 1598 
2 680 2360 
0 
1 2276 
1 2851 
1 3106 
1 43 
0 
2 720 2491 
3 2666 4253 4313 
3 67 247 2221 
3 2383 3560 4575 
1 4723 
3 1009 2423 3167 
0 
5 713 1437 2845 2995 3627 
1 1120 
3 300 3212 4384 
1 3281 
3 2739 4067 4358 
2 1370 4667 
4 44 73 2692 3927 
3 2746 3784 4115 
0 
2 2292 3909 
0 
2 2969 3255 
3 482 2681 3851 
6 193 860 1540 1794 2959 3697 
2 3052 3592 
3 633 2365 2512 
3 1125 1529 2518 
2 2580 3648 
1 3567 
1 448 
1 3376 
1 2981 
3 2411 4535 4698 
6 1058 2409 2587 3145 3224 4185 
3 3413 4212 4640 
5 187 1309 2488 3372 3882 
1 1313 
3 1278 1373 3162 
2 1885 3415 
2 1341 2654 
3 1390 2053 3438 
0 
2 754 3784 
2 4103 4386 
1 752 
4 1888 1911 3939 4392 
1 1744 
1 3766 
4 1395 2845 3778 4198 
2 879 2568 
0 
5 934 962 2113 4065 4468 
3 1252 1626 3909 
1 1455 
1 834 
2 3228 3388 
4 82 1980 2204 2350 
3 349 1759 3698 
5 2194 2445 2609 3282 3927 
6 150 1767 2450 2503 2556 4579 
2 1974 2186 
2 254 1403 
1 303 
1 2794 
6 877 1354 2070 2685 3380 3481 
3 560 4473 4695 
2 1145 2233 
1 1553 
0 
2 306 1263 
1 2320 
4 1827 1835 2205 4236 
3 327 1795 3345 
2 476 4315 
2 2965 3630 
1 2701 
2 2890 4715 
0 
5 9 1867 3084 3231 3379 
4 1395 1526 3668 4203 
1 1600 
1 535 
2 101 271 
0 
3 382 3286 4667 
0 
4 329 391 3327 3502 
1 326 
0 
0 
1 3568 
3 272 1639 2683 
5 121 155 392 937 4770 
2 136 3945 
3 1914 3268 4248 
1 1307 
0 
0 
0 
2 3520 4576 
2 3121 4055 
1 3389 
5 618 869 1970 2887 3023 
2 2590 3853 
1 209 
2 1469 4286 
3 556 2253 2400 
2 3306 4048 
0 
4 225 1851 3339 3603 
4 678 880 3441 3601 
2 448 1302 
2 1734 4346 
1 4256 
0 
3 2134 2471 2993 
5 2168 3996 4190 4354 4746 
1 2881 
2 2061 2609 
2 2233 2421 
2 3338 4735 
5 595 1813 3067 3300 4371 
2 113 3992 
1 3819 
4 191 764 1427 2124 
1 2326 
1 1677 
2 59 628 
2 203 3017 
3 68 1546 1874 
4 551 2118 2426 2719 
3 133 2398 4750 
0 
4 135 272 427 3004 
2 1648 4750 
5 679 883 1234 1284 1313 
4 658 2979 3289 4349 
2 1182 1224 
0 
1 2870 
1 1006 
6 2383 2503 2968 3711 3818 3822 
0 
5 347 1714 2131 4118 4176 
3 644 3386 4115 
1 2346 
5 569 573 1129 2303 4470 
1 4081 
3 404 657 3014 
0 
2 733 3781 
1 2897 
3 215 1671 4512 
4 484 527 1668 2629 
6 430 960 1882 2181 3567 4681 
2 1987 2830 
3 624 3254 3375 
3 236 3534 4747 
4 2132 3303 3701 4101 
2 812 1612 
2 1317 4449 
0 
1 1165 
2 2185 3322 
1 1576 
6 64 517 1109 2273 4016 4648 
2 1080 4611 
4 774 1203 3236 4607 
2 552 1424 
2 759 1236 
5 820 1818 4121 4330 4664 
1 3304 
2 1714 2134 
2 845 2643 
5 932 1194 1412 2300 3927 
5 691 702 4225 4486 4750 
0 
5 2377 2469 2822 3003 3773 
2 665 4555 
6 308 948 1586 1944 2145 2705 
1 1065 
4 633 2884 3031 3047 
5 1332 1814 3021 3550 4323 
2 661 3944 
5 1163 1926 2284 2370 4093 
3 418 2677 4709 
2 75 3379 
3 610 1351 2096 
0 
2 2855 3659 
0 
2 1418 2891 
3 1349 2153 3956 
4 622 1583 3015 3761 
2 2855 2954 
1 1053 
2 1132 4504 
3 1402 3257 4135 
3 65 316 2067 
3 1347 4517 4623 
0 
2 1623 3173 
5 6 1734 2210 3594 4150 
5 313 1901 2105 2518 4084 
3 433 1829 3858 
3 925 3875 4272 
5 1095 1316 1795 3678 4517 
2 1312 4569 
2 103 2148 
4 2314 2965 3262 4793 
1 1299 
3 597 1347 1800 
2 1655 2718 
1 2358 
2 2363 4483 
2 915 929 
1 4763 
2 112 3231 
2 573 3107 
3 925 3474 3994 
2 667 3725 
3 1348 3246 3560 
3 884 1531 4770 
2 1130 4240 
4 649 761 2782 3489 
3 2286 3737 4137 
2 2627 4006 
2 802 2622 
1 365 
1 4225 
3 2067 4461 4591 
0 
2 2324 4288 
3 321 349 4730 
5 41 1317 2776 2953 4773 
3 2391 3020 3962 
5 262 1018 3244 4431 4538 
1 1423 
4 278 889 2071 3157 
0 
0 
1 412 
2 1493 3283 
3 1761 2423 4288 
2 122 3108 
4 1446 2815 2833 4077 
3 2852 3304 4064 
4 338 1475 2671 3835 
3 1793 2201 2681 
2 1868 3089 
3 864 3141 4353 
1 1929 
4 761 1560 2583 2830 
5 1774 3208 3945 4342 4374 
2 558 1908 
3 541 1860 4640 
3 1473 1673 3651 
6 2034 2151 2423 3773 4066 4165 
4 1840 1978 2711 3874 
2 657 3524 
1 4717 
3 4028 4199 4292 
2 130 1505 
4 1128 1205 1340 3108 
2 1681 3237 
6 1490 1978 2749 2903 3722 4692 
0 
0 
1 3975 
2 3677 4300 
4 2168 3630 3913 4351 
2 2297 2820 
5 634 1635 3904 4261 4529 
5 607 1853 2036 2252 3437 
2 1791 3170 
4 1372 3783 4387 4643 
1 4692 
2 1757 2672 
4 2732 3012 4149 4390 
2 3661 4469 
2 1019 1310 
2 1005 1674 
3 257 2989 3107 
3 2687 3128 4180 
2 3775 4679 
4 430 1868 1911 3247 
5 1622 1812 1822 3493 4734 
4 2171 2174 3641 4642 
3 71 259 1370 
2 2859 4118 
2 1376 3199 
0 
5 61 600 1748 2238 2635 
1 1411 
1 1424 
3 991 1014 4067 
1 850 
1 4628 
2 1220 2118 
4 718 1480 3324 3982 
3 3406 4428 4446 
1 4104 
0 
2 4104 4653 
1 1005 
4 211 1131 1166 3164 
1 4627 
2 1759 1924 
3 946 1658 1894 
2 526 990 
4 1226 1654 3159 3393 
1 2174 
0 
4 1199 1614 3436 4708 
2 485 3139 
1 607 
2 3841 4290 
2 3160 3317 
2 3000 3285 
1 3785 
2 3211 3326 
3 1384 2099 2781 
2 3518 4723 
5 1379 1524 2570 3074 4129 
5 1363 1387 1918 1971 4492 
2 1254 3305 
2 162 3589 
3 1526 2434 3683 
2 2742 4275 
0 
2 92 1323 
2 676 2735 
1 1374 
2 2238 2360 
4 322 1340 1359 4534 
2 1930 4115 
3 1189 1424 2477 
5 1072 3010 3853 4130 4684 
3 1566 3033 4358 
3 2345 4227 4528 
3 306 510 3950 
2 1154 4485 
3 1133 1136 2728 
1 905 
3 1467 2240 3762 
3 2994 4005 4087 
2 546 4270 
5 168 1419 1535 2593 3248 
2 743 3993 
3 1834 2788 3028 
0 
3 2811 3102 4664 
0 
2 118 1966 
3 655 2153 3949 
3 890 3096 4474 
2 593 1968 
1 3230 
4 1288 1981 2087 4379 
0 
2 1633 2104 
7 278 1446 1501 2464 3356 4459 4790 
3 16 1047 2464 
1 1398 
2 3144 3672 
3 680 1970 4718 
2 570 3810 
1 3308 
1 1694 
2 2903 3846 
2 876 2211 
4 3020 3427 3487 4123 
0 
1 545 
0 
2 3778 3959 
0 
2 398 4029 
1 2019 
0 
2 2497 4356 
4 2386 3119 4480 4497 
1 1406 
2 2648 2731 
4 1287 1604 2175 2306 
3 916 4133 4626 
0 
4 1622 1864 2083 2673 
2 3755 4773 
1 2875 
2 1993 3688 
3 1721 2050 2172 
3 1482 2561 4498 
2 3263 4256 
3 1910 2873 3874 
0 
3 2009 2167 2860 
1 1679 
2 2392 4553 
3 875 1969 3002 
5 2414 2516 2662 2790 3402 
1 28 
6 12 1651 3033 3353 4358 4630 
5 1131 1364 1941 2536 3707 
4 212 1725 2944 3616 
2 3877 4661 
4 624 1602 2413 3832 
0 
1 1897 
1 3089 
4 721 2158 3264 3418 
2 542 1439 
1 2618 
2 268 2806 
2 2315 3881 
3 736 1429 1641 
6 434 543 1822 2180 2651 3457 
4 1453 1578 2263 3919 
8 973 2901 3030 3297 3491 3585 3862 4731 
2 856 2299 
3 933 1728 2731 
3 1015 1113 4562 
3 906 1238 2630 
2 280 1052 
0 
1 3685 
2 1052 3854 
3 6 1211 2465 
0 
3 2041 2253 4700 
5 1545 2161 2386 4299 4720 
4 1221 1681 2314 4287 
4 1428 2260 2912 3989 
1 1959 
4 2003 3138 3401 3606 
6 214 554 776 1575 1581 2120 
6 1823 2051 2151 2295 2909 3397 
4 413 1668 1722 1908 
3 230 3958 4130 
1 3267 
1 2352 
3 3772 3778 4627 
2 3612 4240 
2 275 3502 
3 1051 2776 4734 
2 1688 3797 
2 2098 4605 
5 349 2154 2820 3224 4016 
2 399 578 
1 670 
2 2067 3655 
1 4193 
2 3593 4177 
4 894 2232 2951 4052 
1 2652 
2 872 3981 
1 1015 
2 1828 3228 
2 2914 3819 
0 
2 512 1741 
2 3459 3944 
2 3005 3520 
0 
1 1327 
3 1 2309 3721 
5 1254 1784 2311 2860 4025 
2 2401 3594 
1 55 
2 2707 3387 
1 3220 
1 3479 
1 847 
3 594 3767 4294 
4 556 1312 2009 2217 
3 2571 3250 4145 
3 287 2410 4472 
2 2448 2932 
1 2513 
2 1046 3484 
3 2248 2300 2910 
2 1987 2829 
2 1326 3402 
2 1785 3557 
2 884 1800 
3 2711 3417 4688 
2 1707 2672 
1 3476 
0 
2 1023 2357 
2 3858 4769 
2 1632 4770 
3 1213 1500 3359 
3 877 3954 4183 
2 1547 2960 
2 973 2065 
1 1374 
2 1855 3173 
2 1608 4581 
1 2768 
3 1706 2360 2522 
5 1137 1242 2005 2613 4716 
0 
2 521 1202 
1 3718 
2 337 3469 
2 320 4768 
1 11 
3 2506 2595 3468 
4 245 1419 2639 2991 
4 1008 2631 3024 3516 
4 64 1141 3171 4021 
3 1308 1327 3705 
0 
2 847 4386 
3 664 2712 3996 
3 532 1020 3723 
3 1862 3243 3339 
2 3175 4582 
2 1562 4704 
5 150 701 1747 4463 4567 
2 2606 3144 
3 2014 3613 4786 
3 1384 4182 4588 
3 696 845 4760 
1 2901 
2 879 2639 
2 2961 4330 
2 1132 2005 
0 
3 3413 4641 4712 
1 4753 
3 1211 1343 2256 
2 1365 3213 
1 2037 
3 470 1433 1651 
2 134 547 
1 543 
0 
0 
1 4038 
2 2979 3563 
3 762 1334 2869 
1 295 
5 268 1035 1176 1404 3896 
4 3029 3685 4085 4273 
1 3415 
4 2077 2891 3592 3935 
2 3445 4394 
4 1361 1864 2495 3425 
2 618 3887 
1 4478 
3 610 1771 4721 
4 443 779 3463 4003 
0 
5 1563 1922 2453 2981 3331 
0 
4 275 323 2268 2333 
0 
2 3632 4382 
4 703 1382 2634 3425 
2 4074 4199 
3 1495 2389 4042 
2 2185 4632 
0 
3 1559 2986 4122 
2 2071 3699 
3 3073 3973 4067 
4 56 747 2051 2240 
1 57 
0 
4 256 1899 1968 2616 
3 501 2464 4070 
6 290 1321 1782 2290 3449 3903 
3 143 845 3554 
2 102 2514 
2 311 574 
2 1094 2706 
4 447 1068 1372 1872 
3 1819 1885 2240 
3 2704 3114 3673 
3 517 1926 2523 
0 
2 2783 2896 
3 692 1631 3596 
5 259 473 1626 3023 3295 
1 1986 
4 1627 2280 3761 4715 
2 185 3846 
1 920 
1 2702 
4 36 585 3216 4550 
4 501 821 2914 3182 
4 628 2462 4404 4675 
5 38 418 2143 2502 4456 
2 3199 3647 
4 2556 2692 2998 4594 
2 547 805 
5 512 1222 1605 3492 4616 
2 323 745 
3 990 2227 4058 
4 496 672 3573 4789 
4 917 1184 1836 3009 
3 746 845 4245 
1 2517 
3 1845 4003 4195 
3 334 916 2549 
2 870 944 
1 2160 
0 
1 2407 
3 1283 2759 3894 
2 548 2309 
5 159 248 1040 2591 3421 
1 580 
7 105 522 542 543 688 3571 3833 
6 1192 2036 2645 2829 4086 4558 
4 1174 1222 2076 2457 
2 2711 4720 
2 2241 4153 
3 271 3251 3473 
0 
2 892 3295 
2 1415 3400 
3 1252 2107 3923 
2 3013 4020 
0 
4 1650 2539 3190 4186 
3 2879 3108 3949 
0 
3 973 1044 4432 
4 749 1848 1921 3149 
2 2435 4722 
2 1242 1696 
4 2270 3077 3396 3978 
0 
3 2164 3370 3373 
2 909 921 
1 931 
1 902 
1 4614 
6 92 384 544 897 1439 4395 
0 
1 4766 
5 610 646 774 3135 4710 
2 106 4690 
3 1493 2345 4538 
3 463 2575 3710 
2 2155 2491 
3 499 1044 2374 
0 
5 354 1259 2448 3542 3664 
1 3151 
4 1034 2005 4266 4502 
6 258 1113 1382 2382 3117 4187 
3 450 1243 4396 
4 163 1691 1718 3479 
1 4378 
1 3205 
2 612 2460 
5 725 998 2251 4480 4536 
5 1791 1818 1953 3422 4213 
5 985 1288 1491 2926 3828 
3 92 124 747 
5 1042 1206 3826 3924 4048 
1 2848 
4 48 1000 1897 3766 
1 4705 
1 4379 
4 1033 2257 4233 4405 
1 4418 
4 479 1557 1896 3705 
5 1270 1364 1879 2421 3525 
3 2201 2353 2712 
5 1031 1233 1735 3359 3969 
2 1438 2341 
0 
2 258 1034 
2 251 4237 
1 2166 
2 750 2285 
0 
2 2551 3818 
3 169 332 3969 
2 1583 2913 
3 758 789 4533 
1 467 
3 3852 4540 4546 
3 362 1073 4445 
3 2579 3205 3345 
1 176 
5 3755 3776 3821 3876 4268 
4 907 2910 3923 4129 
1 771 
6 134 400 532 1254 1737 2428 
0 
6 1092 2075 2395 3299 3860 4632 
0 
2 668 4776 
3 1448 1875 2990 
1 1698 
5 1003 1743 1987 2122 3550 
2 884 1906 
1 4021 
1 2769 
4 444 1333 1851 2354 
2 1443 3753 
0 
6 901 2003 2358 2376 2621 3195 
3 1057 1219 3818 
0 
4 3201 3698 4072 4782 
5 2390 2894 2923 3605 4366 
5 101 947 2337 3180 4618 
5 878 1004 1046 3528 3931 
2 1673 4343 
1 2281 
3 834 1672 3437 
1 1142 
2 1125 1734 
3 1783 2019 2638 
5 1753 2112 2262 2928 3947 
0 
3 1245 2495 4083 
1 1590 
2 333 3224 
0 
2 584 720 
3 1385 1489 1635 
3 1121 1351 3978 
2 1779 2345 
0 
1 2062 
8 401 1416 1678 2413 4033 4153 4286 4557 
4 2048 2397 2981 3909 
4 1883 2787 2822 4538 
3 385 955 1071 
4 544 2735 4377 4789 
3 1409 2557 4277 
2 3150 4205 
2 1562 2573 
4 378 505 542 3782 
1 3732 
2 1127 2715 
0 
1 763 
3 2231 2503 4039 
1 4491 
3 23 1880 2089 
2 1653 4195 
5 233 2168 2288 2388 3352 
1 76 
2 4143 4579 
2 3665 3712 
3 2426 3189 3515 
1 4334 
0 
4 429 522 1054 4032 
3 2201 3401 4660 
5 815 1824 2984 3718 4517 
3 278 2642 3939 
0 
1 4687 
1 966 
4 440 2392 2792 2861 
3 55 957 2275 
1 4709 
3 3648 4240 4639 
5 92 1489 3939 3985 4037 
3 3004 3112 4334 
2 274 1009 
1 38 
6 1102 1703 1931 2330 3896 4396 
1 4558 
1 4709 
5 3138 3410 3765 3977 4182 
3 1494 1497 2118 
2 2907 3660 
2 351 1682 
4 1438 1478 2350 4113 
5 109 975 2782 3422 4063 
3 256 1372 1841 
0 
4 952 1356 2466 4657 
2 1486 4529 
2 7 1272 
4 285 3615 3876 4640 
2 1486 2484 
3 3010 3410 4202 
1 2896 
2 1202 4678 
1 1071 
1 454 
2 439 671 
1 4474 
2 148 972 
1 1888 
2 2345 3654 
1 1587 
6 1632 2094 2309 2337 2445 3841 
4 527 1826 3171 4448 
2 3085 3424 
3 245 3127 4455 
0 
0 
0 
1 2822 
2 2892 4094 
2 419 2532 
2 6 17 
1 2155 
5 358 1754 3120 3645 4493 
3 675 2832 4776 
1 1559 
3 376 1033 3315 
3 1899 2213 2840 
4 789 1037 2172 3807 
2 2011 2751 
1 4043 
2 736 3242 
1 2810 
5 673 682 932 2617 3505 
5 292 333 1579 1652 4697 
3 2231 3068 4000 
0 
2 1057 1739 
1 2050 
0 
1 3445 
1 2540 
4 338 733 4626 4761 
3 115 2929 3238 
1 3511 
1 3902 
1 622 
4 1140 2213 3538 4629 
3 120 839 3108 
6 254 1204 2971 3482 3852 4649 
0 
3 300 3024 3935 
2 2547 3824 
3 2813 4281 4319 
4 2240 3048 4334 4511 
4 190 777 3302 4795 
2 408 2686 
3 223 500 2303 
3 1962 2595 3097 
4 559 1381 2067 2341 
2 1797 4648 
4 1275 1523 1753 4762 
5 250 279 450 962 1739 
2 3820 4100 
7 699 703 1229 1450 1849 3263 4067 
8 1265 1788 2260 2584 3906 3979 4338 4747 
3 3347 3920 4799 
0 
3 1048 2649 2725 
2 406 3527 
3 700 3688 3964 
3 2045 2369 3008 
0 
4 1955 3475 3926 4343 
2 2587 2681 
3 301 2338 3733 
2 1721 4486 
2 1145 3330 
4 874 2056 2262 3057 
1 4538 
3 1127 1783 3595 
4 1532 2050 3423 4751 
4 556 1595 1957 4517 
1 1145 
3 1640 2608 2950 
5 110 319 903 1394 2795 
3 2065 2473 3443 
2 475 4179 
4 214 889 2365 2978 
3 1508 3508 3924 
1 1797 
2 1596 4614 
5 335 1434 2246 4359 4398 
0 
1 3812 
3 2362 2659 3461 
2 3551 3623 
3 514 1580 4403 
5 405 595 1589 2669 4621 
1 2466 
1 705 
0 
3 790 2224 3802 
2 2613 4417 
9 275 379 1116 2304 3070 3105 3331 4505 4560 
2 3743 4532 
2 1094 1676 
1 1308 
0 
3 168 3116 4733 
4 1208 1964 2669 3905 
0 
1 336 
3 619 2058 4614 
1 869 
3 2706 3719 4561 
4 1023 2253 3077 3711 
2 2345 4794 
0 
1 1648 
3 1624 2719 3766 
1 3341 
1 4013 
0 
3 996 1097 3775 
5 171 421 911 3242 4297 
4 94 1618 1971 3183 
3 687 2043 2630 
3 762 1295 3509 
5 87 1297 2424 2541 3706 
3 251 648 2785 
0 
2 21 2208 
1 1294 
3 1201 1509 4528 
1 1070 
4 445 3312 3416 4211 
3 982 1438 2137 
3 581 2472 3609 
1 567 
3 185 1919 3392 
3 801 1829 2803 
2 1582 3148 
1 1125 
2 1917 3888 
2 3312 4282 
0 
3 269 3012 4137 
3 78 547 2108 
4 2081 2259 2570 4347 
3 844 1617 4592 
2 245 2371 
2 1337 4291 
5 1112 1245 1685 2078 4268 
2 412 1532 
2 1459 4033 
3 177 1020 4651 
4 922 3504 3703 4551 
1 1842 
0 
6 1018 1723 2186 2697 2786 3997 
0 
3 1663 1890 4114 
1 2193 
2 2 2391 
4 1660 1727 2700 4386 
0 
3 185 252 3091 
2 2348 2716 
3 3542 3686 4620 
3 863 1147 3367 
1 3103 
2 3622 3749 
3 862 4040 4338 
2 1427 2759 
4 966 1425 3343 4279 
1 991 
2 549 4403 
4 1604 3339 3472 4212 
2 836 3655 
3 397 1443 4178 
2 1107 3589 
0 
3 974 1141 3609 
2 1488 3618 
2 1907 3240 
4 2872 3238 4077 4483 
3 103 1651 4704 
1 1689 
2 2686 2774 
3 1155 3765 4432 
3 1686 2661 2999 
2 2495 2713 
1 1366 
2 3648 4407 
1 129 
2 1078 2585 
1 3192 
4 1343 2568 2929 4173 
1 3489 
2 1410 2695 
2 2738 3492 
2 107 1799 
1 3166 
2 425 2692 
3 395 1482 4106 
3 451 2394 3780 
0 
2 698 1210 
6 1196 2201 2467 2587 3085 4420 
4 2067 2471 2603 4390 
2 2451 3211 
0 
3 1724 1943 4665 
6 166 1716 1769 1845 3575 3815 
2 2788 2982 
3 853 882 2688 
1 2598 
1 1712 
0 
3 1366 4265 4300 
0 
1 2627 
2 1101 1574 
1 1147 
4 1 1658 2771 3318 
4 1711 2420 3488 3946 
2 1114 2723 
0 
1 1663 
2 1130 2154 
2 3446 4760 
2 2624 3307 
3 430 2626 2989 
2 2163 4320 
2 3191 4660 
5 336 467 822 912 1429 
2 1384 2681 
1 147 
3 1404 2538 4664 
4 115 2681 4570 4761 
5 1535 1560 2070 4398 4698 
3 1855 2268 3353 
1 1170 
2 2074 2575 
2 1411 4527 
3 756 1782 4459 
1 469 
3 3538 4656 4664 
5 661 1230 2788 3543 4615 
2 1002 3006 
1 3417 
1 4271 
1 3957 
4 517 3032 3261 3402 
3 429 1431 1559 
3 1521 2570 4603 
2 4456 4457 
2 258 2279 
2 987 4706 
1 3259 
5 532 767 1017 3640 4682 
3 191 1978 2962 
2 953 4396 
2 3306 3988 
2 1899 2530 
1 2788 
2 2776 3576 
2 2785 4362 
5 769 1874 2269 3624 4794 
2 3447 4788 
4 92 1712 4326 4627 
1 3059 
3 369 1262 1997 
3 58 3582 4011 
4 291 2553 3215 4117 
3 963 3932 4608 
4 33 186 2183 4051 
0 
5 323 1965 3580 4316 4560 
2 208 3767 
3 138 1440 3281 
0 
1 3041 
5 1283 1744 1830 2067 3712 
5 1430 1578 3163 4192 4410 
3 23 1176 2647 
3 138 1193 2247 
2 2591 2991 
3 307 2289 2491 
3 1563 2275 3333 
2 1825 2369 
1 2879 
2 984 1371 
2 2634 3664 
4 958 3810 4590 4769 
6 186 733 1952 3963 4014 4217 
2 782 916 
1 1864 
2 1558 1588 
2 2333 4261 
3 1700 2111 2586 
5 921 1194 2134 2935 3759 
2 545 4562 
0 
2 3104 3219 
1 2044 
3 675 2513 3697 
2 2618 3910 
4 2068 3086 4092 4456 
5 190 2677 3918 4046 4310 
1 3536 
1 2336 
3 69 4097 4438 
5 9 996 3923 4054 4361 
5 250 831 2034 3060 4447 
2 216 892 
1 2603 
2 3529 4217 
3 2274 2290 4258 
6 880 1371 2457 2712 3908 4045 
3 1289 2446 3723 
1 3271 
2 2709 2915 
6 284 996 1126 1859 3397 3594 
4 350 1146 1858 3251 
4 264 495 1469 4004 
3 85 1789 4309 
2 1510 4084 
1 781 
3 1167 3865 4675 
6 421 914 1639 2211 3196 3717 
1 1782 
1 2964 
3 2177 3007 4644 
1 2096 
3 1059 2976 4056 
3 103 781 4219 
4 1312 2542 2604 3991 
3 3209 3504 4037 
2 102 672 
0 
3 496 968 2465 
2 651 1491 
2 1656 4243 
2 3907 4598 
1 4278 
3 1315 1712 3186 
1 4529 
0 
4 1341 1999 2572 2949 
7 313 1562 2593 3973 4138 4613 4788 
2 2318 4696 
3 819 1415 3557 
1 3314 
4 293 983 2550 2793 
2 383 4388 
4 142 1207 1740 2210 
4 391 2008 2146 4092 
4 278 2564 3199 3674 
3 1823 4085 4688 
3 1822 2202 3178 
4 965 3567 4481 4653 
1 4424 
4 1227 2034 2409 4722 
3 3435 4577 4761 
5 15 1097 1259 1796 2868 
2 3361 4776 
1 4446 
4 649 695 788 2962 
2 959 995 
2 2429 3289 
1 4655 
2 3937 3980 
3 1288 2240 2822 
3 226 2287 3853 
5 536 839 1767 2133 3808 
1 1409 
0 
2 3148 4188 
1 3940 
6 1382 2497 3257 4504 4627 4770 
3 306 1458 3834 
0 
1 864 
2 1445 2196 
3 3462 3800 4489 
5 522 748 1289 3170 4654 
1 2191 
3 3135 3373 4112 
4 755 1506 3543 3746 
1 2720 
4 177 553 1660 3382 
2 2772 4141 
3 2002 2820 4041 
5 641 2060 3139 4039 4641 
3 162 1018 4340 
2 3073 3472 
3 698 1381 2557 
3 1118 1376 2245 
0 
3 1281 1525 1763 
1 3597 
3 28 913 3187 
0 
3 2381 2926 3621 
1 4447 
3 2334 2749 3099 
3 1412 2266 2947 
5 1683 2089 2684 2992 3408 
3 964 1147 1957 
1 3837 
5 1104 2024 3648 4260 4581 
6 452 755 995 3109 3981 4741 
2 2298 4789 
2 3422 4639 
1 804 
1 539 
2 2483 4620 
1 1642 
3 1034 3441 3905 
4 480 1638 2808 3362 
4 1954 2961 4082 4485 
1 1341 
3 431 1265 2821 
1 4369 
1 1017 
0 
5 681 894 1291 3143 4746 
3 2377 3716 4775 
1 2014 
1 961 
2 1045 2105 
1 1482 
4 182 635 2064 3676 
0 
2 3587 4104 
3 249 4329 4738 
1 4199 
1 85 
0 
4 4051 4083 4120 4542 
0 
3 1113 2247 4732 
0 
5 1711 2343 3533 4069 4483 
4 71 889 2435 4024 
2 3621 4034 
2 409 4597 
2 2333 3428 
1 4454 
1 2116 
2 611 3128 
1 3586 
3 1794 2279 4338 
2 1371 2327 
3 1920 2525 4424 
6 462 1571 3227 3847 4194 4205 
5 3462 3580 3646 3718 4272 
5 451 1580 1908 2392 3338 
5 608 2425 2919 3488 4099 
1 1143 
1 593 
3 243 2176 2328 
2 1556 4105 
2 262 461 
2 1608 2290 
3 454 1777 2056 
1 1063 
1 4631 
3 1066 1281 2146 
2 1109 2144 
3 812 1075 4465 
2 1034 1624 
1 4408 
1 4478 
3 433 770 4709 
2 2059 2998 
1 4520 
0 
6 968 975 1760 2054 4093 4671 
0 
3 766 2545 4222 
3 1068 2914 4386 
2 579 4066 
1 547 
2 2763 4059 
1 3632 
4 1296 2474 2976 3328 
3 865 1191 1411 
1 4149 
0 
2 2113 3256 
2 3044 3880 
2 3723 4335 
7 15 1100 2286 2350 2519 2838 2899 
1 2989 
0 
0 
3 140 654 1771 
1 3157 
4 1848 3401 3500 3649 
0 
2 484 2128 
7 31 55 159 1892 2129 3062 3817 
2 1144 1418 
2 96 489 
4 1211 1238 1363 4549 
2 3614 4633 
2 3972 4691 
2 198 1856 
4 1106 1184 2895 3277 
1 2887 
2 1527 2269 
1 4757 
2 671 3148 
5 1232 1928 2809 3615 3986 
4 347 453 4256 4748 
2 2102 3315 
1 3657 
5 2930 3045 3365 4007 4021 
2 1088 1430 
1 2262 
4 183 2038 3869 4300 
2 581 592 
3 3244 3494 4597 
2 1910 3111 
2 150 3715 
4 654 2170 2436 3477 
0 
2 2424 2648 
1 258 
1 292 
1 3852 
2 2776 3270 
2 2756 4127 
4 967 1813 1862 2180 
2 2884 3138 
2 983 1326 
2 471 1244 
1 2021 
1 3971 
2 168 3618 
4 1139 2172 3912 3949 
1 31 
4 1625 2345 3302 4552 
4 72 1804 4206 4616 
2 1569 2643 
2 2205 3983 
1 3793 
3 1444 3637 4443 
1 2160 
4 1101 1536 1579 2531 
3 258 1146 1278 
2 491 2165 
4 750 2243 4009 4509 
1 1978 
3 2240 4705 4751 
3 196 1576 1965 
1 4397 
4 156 1611 3854 3958 
2 200 1975 
3 1893 2698 2780 
1 828 
12 102 274 443 471 1442 3174 3282 3506 3838 4374 4436 4767 
1 3995 
2 1932 4728 
4 1205 1584 2609 3667 
1 3339 
9 435 908 940 1160 1557 1708 1782 2507 2809 
2 1807 4290 
2 454 2557 
3 488 774 1739 
4 948 1276 3944 3990 
3 603 2089 4762 
1 2435 
1 1742 
2 1406 4060 
5 1327 3625 4035 4202 4249 
1 1257 
1 1651 
1 4792 
2 2569 2897 
3 1647 2818 4445 
3 480 3585 3887 
4 1097 2459 3025 4706 
0 
2 2602 2804 
1 3373 
2 1068 2146 
2 2264 4250 
9 665 1458 1907 2072 2818 2888 3550 3738 4068 
2 3622 3682 
2 2346 4198 
4 3086 3268 3808 4615 
1 3597 
3 1509 4195 4433 
2 704 4204 
3 897 1833 3301 
2 3399 4581 
3 1156 3173 4131 
4 461 1031 3206 3464 
0 
0 
3 2016 2487 3976 
1 2309 
1 1070 
5 913 1930 3473 4547 4711 
1 4444 
3 562 1334 2345 
2 1646 3963 
2 2786 3326 
3 2229 3593 4498 
3 378 579 1799 
2 1431 3559 
3 761 1990 3727 
3 86 3249 3323 
1 3200 
3 1949 3269 3865 
1 2622 
3 840 1008 1486 
1 4376 
3 1145 2290 3830 
0 
1 1411 
1 2864 
2 834 3975 
2 2424 3797 
0 
1 34 
3 129 2001 3191 
2 2002 3496 
3 2258 2856 4348 
3 853 2583 4641 
1 868 
2 1874 3690 
3 825 882 1800 
0 
0 
3 152 1635 3183 
0 
0 
1 2226 
1 3313 
1 4056 
1 1304 
3 272 1969 4192 
1 889 
5 1856 1968 2087 2815 4611 
2 20 3900 
4 918 2237 3710 3769 
1 4326 
1 52 
5 601 967 1146 2666 2948 
2 2510 2886 
6 643 902 1064 2455 3902 4469 
3 1157 1728 3604 
4 420 1358 1520 3760 
5 2339 2373 2799 4316 4779 
3 89 3177 3790 
3 250 1120 3564 
2 57 2161 
3 1318 2049 4693 
8 699 1140 2159 3238 3260 3381 4053 4434 
3 485 2613 3915 
6 1732 2176 2557 2849 3289 4632 
1 1346 
2 2052 3076 
3 1389 3671 4232 
2 1106 3122 
5 826 980 1460 3270 4698 
1 4718 
2 2026 2263 
4 249 997 2328 2875 
6 1101 1526 2041 2976 4050 4053 
3 97 420 4631 
2 997 1021 
2 136 1094 
2 1961 2163 
3 349 1832 3594 
1 2611 
2 567 3788 
3 1126 2034 4569 
1 864 
2 3904 4142 
3 688 1775 3181 
3 425 3688 4659 
4 873 1273 2479 3097 
4 770 1658 3523 4573 
1 3106 
2 3462 4538 
1 2953 
0 
3 1886 4475 4520 
4 187 3029 3165 3253 
5 1661 3414 3450 3995 4479 
1 768 
2 3334 3510 
4 166 175 1883 3110 
1 253 
1 2768 
1 3086 
0 
5 247 958 1383 1468 1707 
3 291 306 1859 
3 574 3170 4624 
1 766 
5 781 2046 2531 3820 4613 
4 129 244 3616 4688 
3 3281 3304 4412 
3 1630 2568 4348 
1 3430 
2 912 1855 
4 1080 1829 3025 4357 
1 2768 
2 1525 1545 
1 4593 
2 2339 2956 
0 
3 1184 3339 4430 
3 2263 3261 3963 
1 3068 
3 504 2233 3804 
1 715 
2 2987 3666 
1 13 
4 1600 3111 3285 4140 
2 2368 2496 
1 2140 
4 1310 2395 3343 3424 
2 175 4250 
1 2110 
1 4141 
5 1456 1533 3282 4022 4248 
3 673 1163 2691 
3 776 829 2220 
3 3049 3663 3916 
0 
1 163 
1 2148 
3 1002 1043 2426 
2 80 3909 
8 1054 1278 1289 1552 1872 2055 3349 3565 
5 121 1329 3197 3297 4185 
1 3955 
1 2053 
1 4391 
3 1897 2895 3491 
2 1590 4601 
4 1785 1941 2818 3872 
2 1190 3104 
2 2936 3429 
3 227 3678 3920 
3 1370 2668 4180 
2 983 3200 
4 816 1139 1614 4359 
2 583 3755 
0 
4 262 583 1242 3193 
3 1379 2715 3035 
2 2130 4392 
2 1647 2896 
3 1142 1563 2869 
1 3984 
4 1431 1576 2020 3692 
4 1127 2170 2218 2315 
2 681 2088 
3 2373 3956 4096 
4 547 1906 3508 4107 
0 
2 1267 1740 
3 1767 2011 3829 
4 263 1344 2494 3500 
1 2318 
0 
4 684 875 2281 3365 
4 255 1817 3210 3583 
3 1475 1788 2718 
1 708 
1 2868 
3 3221 3574 4235 
2 1756 1952 
1 1297 
3 137 1426 2273 
0 
2 3375 3745 
3 111 894 2400 
1 1390 
4 935 1993 3842 4549 
4 1873 3005 3322 4204 
3 35 1460 3578 
4 1787 3602 3628 3884 
6 1283 1817 1964 2120 3056 4279 
2 208 630 
2 226 729 
1 2365 
1 3549 
2 1146 3599 
1 4740 
1 981 
4 1912 2347 2428 4115 
3 1129 3080 3283 
3 884 1190 3701 
2 487 4027 
2 2647 3865 
5 164 856 1555 2655 3007 
3 417 1602 2359 
1 3319 
1 1094 
3 2915 4367 4633 
3 664 2724 3952 
7 589 1175 1322 1509 2103 3073 4401 
1 4224 
4 242 592 1176 3850 
1 452 
0 
3 92 919 1141 
3 1124 2263 4153 
1 685 
1 492 
3 1850 2271 3428 
1 2550 
2 780 3411 
0 
2 2819 4578 
3 2385 3158 3905 
2 942 3555 
0 
2 835 3777 
1 1953 
2 1961 2171 
1 4313 
4 244 1482 2636 2648 
1 2827 
5 532 569 2569 2770 3932 
5 1267 1798 1947 3600 4717 
3 1905 2587 3582 
2 3812 4356 
2 632 1810 
2 1423 1509 
3 1573 3398 3531 
3 260 2156 2215 
1 4565 
3 1385 1557 4636 
3 2878 3058 3264 
3 676 1943 4074 
0 
10 369 1049 1356 1440 1507 1615 2043 2107 3146 3794 
3 626 855 2091 
3 452 2298 4779 
1 1666 
2 376 3535 
4 766 1489 1993 4284 
1 450 
2 1150 3907 
1 1383 
2 1415 4533 
1 2449 
2 2771 3936 
2 1199 2798 
5 34 923 1418 3884 4334 
6 676 2304 3568 3622 3626 3728 
3 706 1043 1210 
1 665 
1 1593 
1 924 
2 2397 3913 
4 735 1586 2293 2477 
1 302 
0 
5 2225 2435 3210 4365 4539 
4 269 1569 1789 4345 
3 894 2817 3171 
6 4 1649 2979 3823 4035 4231 
2 580 2736 
3 2156 2265 3380 
2 677 1359 
0 
2 1418 4109 
2 887 1927 
1 669 
2 212 4118 
2 2878 3160 
2 1903 2520 
4 1364 3726 4130 4521 
4 716 851 2808 4112 
3 2817 3920 4681 
5 208 2323 2434 3855 4138 
4 1091 1140 3887 4253 
2 3238 3780 
2 310 1460 
2 1272 4338 
3 1422 4406 4510 
2 945 1662 
5 1108 1474 1957 3796 3957 
1 2936 
1 1704 
3 1406 2227 4361 
3 400 3455 3516 
3 1444 2364 4271 
2 841 3761 
1 4026 
4 199 816 2284 3193 
3 1177 2754 3919 
1 3122 
4 81 82 2759 4256 
4 2693 2777 3011 4667 
5 53 544 569 4466 4782 
1 701 
3 336 1320 3466 
0 
2 743 1862 
3 1186 2562 3167 
1 742 
0 
4 499 1116 1443 3760 
1 1110 
0 
2 2463 3210 
2 2854 3278 
3 2511 2576 4786 
1 3483 
2 1724 3353 
3 829 1382 4315 
1 3800 
4 718 953 967 3320 
6 540 1627 2028 2125 2904 4402 
2 1958 3716 
3 840 1464 2238 
1 4783 
4 1404 2298 3180 3816 
1 1869 
1 2847 
0 
2 243 4119 
2 312 3274 
2 1037 2385 
5 1342 1944 2073 2368 3668 
1 2026 
2 2882 4001 
2 438 3319 
0 
2 2791 4022 
4 132 3205 3250 3545 
4 64 475 2881 3031 
1 4369 
2 4684 4708 
5 404 768 1509 3537 4159 
6 1819 2814 2873 3174 3969 4145 
1 127 
5 346 1187 1361 2691 2723 
1 2355 
3 769 3194 4690 
2 1709 3567 
3 592 3235 4448 
2 1265 3740 
2 623 4444 
1 2153 
3 2898 2931 3073 
2 1327 1818 
0 
2 2083 3822 
3 1369 3280 4059 
1 4593 
5 340 1303 3326 4596 4791 
4 2416 3706 3745 3912 
4 1071 1072 1282 4293 
4 1137 1840 3771 4067 
3 1493 1597 4528 
1 1707 
0 
3 574 887 4770 
2 3864 4481 
4 825 1708 3924 4454 
3 699 1636 3912 
3 115 1584 3955 
2 432 1986 
1 2529 
1 573 
2 1046 2365 
2 378 4403 
2 2185 2685 
5 331 2918 3950 4196 4797 
0 
2 99 4058 
3 1916 2486 3286 
3 348 1497 3614 
2 3435 4729 
3 2483 4019 4476 
2 2102 4116 
3 540 745 4346 
3 3167 3684 4127 
0 
6 536 595 713 1358 1787 4618 
1 2721 
1 3485 
1 2270 
4 1259 1433 1690 2642 
4 2225 2595 2999 3539 
5 279 1090 1879 3652 4333 
1 4619 
0 
2 3680 4768 
4 234 579 3304 3338 
3 1304 3990 4667 
6 769 851 1456 2598 3680 4030 
2 4313 4365 
2 3579 4630 
2 1218 4139 
2 2067 4073 
1 3450 
0 
3 2152 3126 3929 
4 2418 4054 4313 4596 
3 735 2590 4435 
3 1188 1805 3477 
3 495 1285 3941 
0 
4 1110 3740 3880 4527 
2 666 1314 
3 736 913 4604 
2 1993 2677 
2 39 2381 
2 2766 4129 
3 700 1210 3241 
1 1291 
0 
1 1954 
1 4266 
1 76 
1 3336 
1 2475 
1 1763 
5 164 263 2050 2205 2650 
2 1518 3816 
0 
2 3254 3648 
2 2842 3537 
1 1113 
1 4037 
2 175 1737 
3 619 1337 4485 
2 1539 3547 
1 1627 
4 1836 2863 3280 4540 
3 107 3200 4519 
1 3513 
3 1980 4470 4763 
1 4277 
3 1550 2804 2846 
1 4685 
3 197 1316 4164 
6 180 1853 2319 3700 4566 4586 
5 43 1392 3072 3233 4269 
1 3962 
2 535 1773 
2 3036 3348 
3 471 2591 3140 
3 769 1306 3954 
8 90 1448 1896 2069 2163 3440 4088 4305 
1 2819 
1 4689 
1 336 
1 1102 
4 398 475 531 2410 
1 2991 
4 598 1857 3582 4115 
2 2820 4736 
1 2717 
1 3895 
3 759 1696 2208 
4 2080 2332 3873 4567 
3 1033 1647 1754 
4 1185 2684 3946 4484 
4 1848 2951 3195 3373 
2 1450 4175 
2 2631 3317 
5 234 481 1357 1742 4356 
2 2418 4279 
1 3971 
1 4115 
2 651 1399 
1 737 
4 253 3579 3581 4203 
0 
3 962 2131 3885 
2 1563 2627 
2 421 1694 
2 1799 2859 
6 41 597 743 1572 1707 2334 
2 3251 3700 
3 2814 3033 4118 
5 813 2512 2633 2838 4108 
5 1323 1786 2555 3037 4646 
0 
4 1057 1849 3399 4346 
2 3773 3977 
5 370 1218 1556 2496 2618 
1 2981 
2 218 4414 
2 1715 2503 
2 3192 3959 
2 15 584 
2 458 3368 
2 2085 2918 
2 1708 1815 
2 485 1836 
0 
4 549 1231 4004 4645 
0 
1 1582 
4 768 828 2065 4447 
1 3091 
2 2178 4259 
1 2936 
3 1211 1601 2162 
1 3478 
2 3545 4433 
2 603 1281 
2 1531 3521 
4 650 1122 1806 2595 
1 4715 
2 605 4372 
3 553 1418 3421 
4 937 2117 3351 4265 
0 
2 1730 4244 
2 539 2915 
1 1731 
5 393 936 1720 2584 4776 
0 
2 689 863 
5 86 1132 1625 3976 4756 
7 209 1220 2574 3096 3596 3703 3898 
3 3089 3889 4771 
2 2590 3245 
6 1270 1792 2914 3501 3698 4382 
3 386 1002 3363 
2 2330 4080 
2 3661 4676 
3 1430 4312 4429 
3 1219 1236 2930 
0 
2 3242 3795 
3 1470 2495 3613 
3 883 2045 4206 
1 4221 
4 130 1326 3272 3661 
1 3262 
2 1784 2302 
4 1093 2028 2330 3896 
1 1566 
2 2531 3856 
3 4 1126 4494 
5 1164 2669 2919 3329 3646 
0 
2 677 749 
3 2303 3714 4072 
1 584 
0 
3 4222 4323 4719 
2 1593 3913 
2 20 143 
2 1689 3403 
2 1110 3835 
1 2702 
0 
0 
4 714 2151 2822 4588 
1 3882 
2 2251 3653 
3 1596 1608 2652 
1 3585 
2 283 957 
4 145 987 1196 4469 
1 1097 
1 32 
2 184 2960 
1 4687 
7 238 386 895 1808 2519 2961 4596 
1 3382 
0 
2 45 3864 
6 732 958 1572 1735 1738 4439 
2 3923 4441 
2 592 801 
2 1907 2571 
3 774 2479 3989 
4 1554 1687 3182 3208 
2 364 993 
2 1714 3849 
2 32 3542 
0 
2 2232 2448 
5 726 1306 1702 3403 4202 
1 2404 
0 
2 1698 3842 
1 4658 
1 1658 
6 473 2060 4112 4327 4562 4693 
1 71 
1 1663 
3 159 785 4471 
5 514 1300 2663 4013 4502 
1 208 
2 445 1290 
3 889 2883 4719 
5 579 1287 1613 3116 4539 
3 1179 2760 3689 
1 3955 
1 1821 
2 439 4694 
4 968 1195 1328 3050 
4 673 1225 1383 1818 
2 1690 3629 
0 
3 1453 2257 4084 
2 1666 3116 
3 405 2566 2790 
2 922 2275 
3 840 1618 3737 
2 1889 3940 
1 2492 
2 3891 4102 
4 1725 2448 3357 4683 
4 314 2308 3649 4738 
1 1566 
0 
2 3463 3972 
3 37 1052 4205 
2 624 4781 
2 3789 3896 
2 1093 1130 
2 332 988 
1 3755 
2 414 2981 
3 1041 1447 2749 
1 2372 
1 3041 
2 320 1699 
2 724 3885 
3 289 549 3488 
3 3037 3050 3450 
3 1038 3360 3398 
1 4767 
0 
0 
3 636 650 727 
2 2842 4099 
2 314 4519 
4 975 1905 2735 4009 
0 
2 11 1527 
1 613 
1 4545 
1 2401 
2 296 4675 
4 2033 4276 4449 4752 
1 4681 
1 4170 
5 1321 1672 2403 3654 4175 
2 2707 3675 
2 3582 4674 
3 3156 3598 4242 
3 581 1984 2878 
1 2820 
2 3663 3669 
3 2521 3270 3593 
1 3318 
3 1209 2198 2212 
2 1414 2863 
3 499 2332 4246 
2 1723 2356 
2 1891 3883 
1 3582 
2 1687 4436 
7 18 65 3341 3567 3848 4155 4562 
7 248 944 1154 1765 2032 4307 4703 
2 125 2404 
0 
1 195 
2 2060 3075 
3 1031 3031 4699 
3 934 1490 4573 
3 1293 3047 3987 
1 4269 
3 1628 1766 3473 
5 1658 2109 3177 3589 3978 
3 1445 3200 4675 
5 622 1059 1713 1747 1764 
1 3515 
3 1110 2717 2957 
2 2440 4194 
4 346 1474 4044 4680 
1 1853 
3 430 580 773 
2 1583 3659 
1 4161 
1 3326 
3 2357 2875 3393 
2 417 2156 
0 
1 4384 
4 270 489 3150 3827 
1 1639 
2 2085 2547 
1 380 
1 1123 
2 4665 4666 
3 354 1919 2383 
3 2014 2067 3737 
4 1530 3176 3304 4301 
2 1061 2854 
1 4403 
2 508 1551 
3 2446 2589 3509 
2 955 2146 
2 20 4497 
3 680 2370 2384 
5 2081 2089 2247 3662 3872 
2 2322 2558 
6 556 981 1157 1892 2565 2764 
2 1922 4606 
7 887 1445 1516 1872 2666 4309 4619 
1 3683 
0 
2 2872 3413 
0 
2 2331 2892 
3 339 4528 4643 
3 608 1191 1326 
4 168 616 865 962 
3 3171 3555 3767 
3 1522 2880 4620 
4 955 2842 3224 4144 
1 4796 
0 
1 3599 
1 194 
3 1993 2590 3929 
3 2871 3327 4314 
3 119 1525 4789 
1 297 
10 312 342 2535 2747 2833 3081 4329 4341 4412 4423 
1 4197 
1 3891 
4 720 758 4439 4742 
2 2547 4124 
1 2430 
2 1375 4604 
1 2163 
2 356 4108 
2 709 3057 
2 132 956 
1 3635 
3 2417 2811 4607 
2 899 904 
2 2130 3438 
1 4574 
0 
4 75 635 999 2586 
2 1106 1176 
2 1474 3881 
0 
4 2542 2769 3316 4433 
2 2123 4088 
2 42 4386 
1 3945 
2 3596 4482 
4 422 1864 2277 3821 
2 1252 2260 
5 2 849 3026 3701 4494 
2 2839 3050 
6 563 1684 2825 3649 4252 4298 
5 634 1104 2446 2958 3837 
0 
4 1099 2171 2798 3657 
0 
1 3554 
5 115 2342 2380 2763 3202 
3 1338 1790 4664 
1 2832 
3 9 827 2442 
3 49 625 2437 
1 2705 
3 891 2035 3509 
1 4540 
1 2152 
3 812 2010 4067 
1 2089 
3 259 4033 4625 
2 786 4149 
3 901 1257 3980 
5 1517 2827 3120 4191 4414 
0 
3 1422 4260 4424 
3 616 2009 2245 
6 1293 1499 2259 2977 3441 4217 
4 581 861 2080 4281 
3 2456 3622 4331 
2 1993 3680 
2 3661 4104 
2 1128 1235 
0 
3 975 1079 3826 
2 2424 3226 
1 347 
2 3888 4421 
5 570 1487 3154 3400 4075 
0 
2 1146 4457 
3 558 1190 1402 
3 2980 3419 4106 
3 357 471 1142 
2 1394 4377 
5 1168 1302 1981 2634 4196 
5 1821 2307 2625 4239 4691 
1 3523 
1 305 
2 2480 2602 
5 189 1958 2652 4220 4656 
1 487 
2 469 2960 
1 3600 
2 1422 3131 
3 2953 4556 4631 
2 510 4015 
3 1372 1903 4357 
0 
2 412 1431 
3 608 1541 1696 
4 2018 2639 3502 4273 
1 2456 
1 1187 
1 3272 
0 
1 1800 
5 657 2249 2393 2612 3114 
2 3223 3625 
0 
0 
2 4218 4744 
0 
0 
0 
2 544 1114 
1 4597 
2 4044 4320 
1 1906 
2 2151 4170 
2 687 1848 
3 45 1582 4302 
4 1163 2572 3320 4085 
2 3506 3746 
4 944 2189 2924 4769 
5 904 3105 3891 4202 4433 
2 338 362 
5 2215 4080 4128 4166 4670 
4 2790 3490 3555 4330 
1 2873 
2 733 4063 
3 1204 2675 2921 
3 1237 1920 2677 
2 1760 1867 
3 460 645 3828 
2 1831 3829 
2 784 919 
5 455 3274 3427 3656 3830 
1 3697 
4 613 851 3193 4463 
1 731 
0 
3 186 230 1547 
2 3768 4519 
1 4742 
3 368 628 3393 
1 4528 
6 1834 1986 2172 3237 3408 3680 
1 2896 
2 1586 4356 
3 846 1251 2371 
2 2911 3788 
6 606 741 1265 1444 2596 2734 
3 189 321 1713 
0 
2 1469 3037 
2 79 3899 
3 18 1275 3842 
4 58 2222 3732 4065 
0 
4 688 992 1731 1994 
2 508 1409 
4 1219 1786 2563 4104 
5 70 621 1907 3862 3888 
1 825 
1 1055 
1 720 
2 175 4129 
1 3315 
4 290 601 1306 1975 
4 499 1689 2496 3092 
1 1028 
2 3424 3885 
3 1109 3896 4233 
2 887 3777 
3 843 1479 4605 
3 515 1172 2287 
3 701 1748 3429 
4 1832 2303 3405 4649 
3 1569 3308 3528 
1 1312 
3 1047 1498 3918 
4 440 2404 3727 4125 
3 988 1645 4438 
3 1335 3999 4600 
1 858 
1 903 
0 
1 838 
2 3199 3526 
4 20 265 372 4427 
4 945 1081 4441 4683 
1 892 
0 
3 812 1295 3686 
4 1220 1549 3574 4712 
3 2083 2211 3945 
3 2870 3673 4687 
1 4668 
1 1059 
3 1255 2192 3170 
1 1128 
6 891 2442 2781 3360 3805 4727 
1 1752 
4 1048 1112 2589 4359 
0 
2 2257 4037 
2 2554 3435 
8 219 2591 2741 2984 3469 3606 4273 4361 
1 3117 
1 3839 
0 
3 1781 2737 3177 
0 
2 4294 4475 
3 85 643 1991 
1 2018 
3 285 4241 4580 
2 891 2783 
3 652 1552 3409 
3 2234 3709 4252 
4 18 2711 2741 2871 
1 271 
2 734 3551 
1 3399 
1 3188 
2 3537 4634 
1 2290 
3 1576 2851 3906 
2 157 2342 
1 1770 
2 1813 3136 
0 
3 93 2002 4713 
2 33 3260 
2 3914 4661 
0 
1 3484 
1 831 
8 35 687 1533 2219 3474 4034 4508 4624 
1 3248 
1 1602 
3 84 364 4667 
1 2551 
5 1277 1895 2309 2456 3625 
1 1033 
3 189 2780 3426 
1 2165 
2 1344 1614 
1 3779 
1 4238 
2 2299 3417 
2 2842 4126 
0 
2 4440 4497 
3 788 3425 3569 
2 1511 1707 
4 1807 2092 2199 4348 
4 512 3206 3617 4062 
2 3218 4043 
4 959 1119 2632 3758 
0 
2 1665 2610 
2 2999 3166 
2 622 4106 
0 
0 
3 268 1065 2631 
2 1556 2185 
3 3201 3316 3416 
2 1905 4190 
4 4288 4369 4667 4731 
5 574 670 3273 3317 3508 
3 602 1061 3901 
2 126 1669 
3 1803 2248 4669 
4 45 173 1602 2954 
4 710 2187 4043 4758 
3 928 992 4662 
7 392 954 973 1338 1546 3409 4041 
5 618 1911 3236 3505 4083 
2 687 2196 
5 2024 2224 3171 4134 4627 
3 342 1479 3569 
2 3825 4117 
5 607 670 1290 2936 3772 
2 4617 4753 
5 220 1607 2706 2716 3775 
2 1364 3038 
2 610 4517 
1 1091 
3 261 1521 2892 
3 810 3133 3742 
3 2167 2402 3414 
1 469 
0 
1 4581 
3 2510 3433 3800 
2 479 1512 
6 448 993 1950 3277 4330 4469 
1 4277 
3 3196 3475 4688 
2 34 2923 
2 3586 4736 
2 3121 3670 
0 
4 650 1354 1887 4727 
1 3060 
1 182 
4 1144 1485 2035 3543 
3 1024 1893 4559 
4 2555 3834 4435 4565 
1 960 
4 3252 3879 4240 4245 
1 1926 
2 1074 1231 
3 222 743 3808 
1 2345 
2 3584 4597 
3 1640 1877 2013 
3 1341 3184 3995 
2 1449 2802 
3 173 1362 3298 
0 
0 
1 2907 
4 687 3428 4116 4152 
2 2762 3841 
2 948 1998 
1 2323 
3 326 1020 3217 
2 1027 2380 
2 237 3829 
2 747 3354 
2 1783 3576 
1 1015 
1 2192 
2 1701 3092 
3 718 2410 2489 
1 4496 
1 360 
4 984 1885 2203 3029 
6 1221 1510 2370 2831 3111 3438 
1 4105 
4 594 911 1207 2098 
3 2062 2446 3289 
2 1228 3856 
2 2810 4413 
3 2157 2786 3041 
4 331 642 1859 3493 
0 
2 1423 2428 
2 2183 4228 
5 396 698 1302 2686 3229 
4 5 1624 2137 4611 
2 545 3149 
1 3209 
2 2 1845 
2 1901 4707 
2 100 3054 
1 1464 
1 1337 
3 587 1733 2128 
2 1695 2599 
4 2256 2400 2968 4467 
5 2450 3543 3760 4092 4185 
3 1418 2572 4229 
2 1829 3130 
2 2241 4608 
1 4340 
4 1000 1305 1857 3018 
6 585 2115 2252 2543 2787 4524 
2 1421 3098 
2 2878 3614 
0 
3 422 3553 4363 
4 327 1368 1399 2441 
3 2099 3087 3979 
2 551 3389 
4 963 2686 3669 4339 
4 1837 3185 4194 4721 
4 2274 2368 2416 4031 
2 1030 1709 
4 722 3580 3673 4643 
2 1243 3790 
1 4594 
3 217 1773 4257 
2 590 1301 
2 182 3159 
1 3088 
1 1803 
1 1180 
3 155 2278 4655 
1 3446 
2 504 2937 
7 743 1157 1435 2833 3439 3568 4518 
1 12 
1 2904 
2 1955 3998 
2 765 1167 
1 3182 
3 216 1067 3604 
5 557 788 927 3660 4524 
1 3529 
3 541 2551 4582 
0 
2 2452 4039 
6 33 46 203 877 3109 3973 
3 338 974 2976 
6 1541 1684 2161 2387 3747 4180 
1 359 
4 1683 3529 3576 4181 
4 431 2522 3714 3761 
3 1529 1623 2641 
2 1227 4117 
3 946 2023 4194 
1 2633 
3 362 486 931 
3 337 995 3761 
2 1057 3069 
3 30 554 2114 
2 1185 2441 
4 1330 1823 2588 3713 
4 3142 3470 4054 4121 
2 2192 4095 
3 866 2534 4235 
6 297 341 696 731 4299 4398 
1 1990 
2 907 1879 
0 
3 642 1758 4551 
3 2161 3063 3575 
4 1752 2218 4031 4428 
2 919 2646 
4 166 451 1103 1562 
2 1120 2342 
2 323 4116 
0 
1 1149 
2 804 2092 
3 2116 4732 4762 
5 11 549 2032 2168 2766 
2 1820 4742 
2 2645 2933 
3 194 3101 4262 
3 2433 2966 4086 
2 3410 4687 
1 421 
3 2009 3128 4565 
2 2417 4046 
2 150 4772 
2 2460 2542 
5 145 723 1779 2207 3659 
3 768 2062 2231 
3 952 2299 4264 
1 4167 
5 132 700 1028 2224 3550 
2 794 2483 
3 363 697 3322 
1 4347 
4 846 1869 2163 3174 
3 473 3998 4457 
2 458 4324 
2 685 3933 
1 301 
0 
2 1295 1332 
1 555 
3 1128 2241 3855 
1 3151 
1 1406 
1 831 
2 2096 4246 
3 1553 2043 3739 
2 543 868 
6 881 956 2207 2501 2810 3943 
1 1035 
2 817 1762 
3 1730 4244 4694 
3 275 1077 3008 
1 4337 
2 3648 4014 
0 
4 1634 1643 4309 4404 
3 474 2141 3615 
1 1852 
6 516 1524 2016 2997 3530 4198 
6 43 2863 3098 3475 3633 3850 
5 364 1027 2574 3101 3459 
2 1723 2767 
3 305 2305 2438 
4 260 2423 2951 4424 
2 3500 3640 
4 873 2287 3287 3404 
3 401 2114 4109 
1 1009 
1 126 
6 1030 2109 2462 2797 3374 4098 
3 42 796 2839 
1 1986 
2 2652 3689 
1 1575 
2 1265 1602 
1 3461 
2 1788 3864 
3 2195 3921 4674 
1 3982 
2 2528 3437 
2 4396 4734 
3 830 1957 2501 
7 335 819 1227 1676 2066 2217 3441 
0 
2 1619 2775 
0 
4 513 1673 2227 4095 
0 
5 99 782 1399 4490 4564 
0 
2 1564 4568 
2 2554 4741 
1 2240 
2 3365 3653 
1 2622 
3 77 1460 3672 
4 129 1112 1740 2420 
2 382 3162 
2 164 4551 
2 1071 3522 
4 58 265 2723 4735 
1 4171 
3 1202 1384 4564 
2 2742 3031 
3 1865 3542 4362 
1 1919 
1 2635 
0 
3 2018 2273 3350 
1 662 
1 1668 
1 2601 
1 3589 
4 189 1346 4484 4780 
0 
4 333 745 4063 4353 
7 649 1346 1887 2086 2572 3667 4781 
3 224 3326 4006 
4 866 2283 3464 4264 
5 362 740 3883 3965 4348 
1 3457 
1 3623 
3 512 788 896 
3 434 774 2373 
1 2161 
2 1890 2678 
2 417 3760 
2 694 3511 
3 630 3920 4232 
2 854 4777 
3 1179 3800 4135 
1 765 
4 811 3207 4075 4260 
0 
1 3535 
2 1638 4353 
3 1020 2798 2974 
1 3872 
2 492 4318 
3 130 1344 3536 
2 1146 1822 
5 289 420 601 2338 2742 
3 2097 2593 3053 
2 1333 2907 
4 1144 1468 1999 4654 
5 50 1110 1192 1752 4686 
2 2661 2692 
3 3322 3511 4234 
3 3007 4372 4681 
2 623 1010 
0 
2 1907 2976 
3 364 3048 3108 
4 59 1485 1498 3275 
3 421 2320 4107 
0 
5 744 1240 2825 3758 4344 
4 98 2193 3122 4651 
2 748 1256 
2 1634 3098 
5 1195 1749 3080 3841 4170 
1 1120 
1 2911 
3 3461 3778 3992 
4 1323 2621 4541 4733 
5 1371 1490 1913 4223 4670 
1 1579 
5 180 1511 2227 3001 3507 
3 1259 1270 3084 
2 191 3075 
2 1081 2966 
3 1947 2318 3155 
2 2249 3006 
3 311 2209 4242 
1 326 
1 3543 
1 3126 
3 235 698 3875 
3 1863 2485 3036 
1 1023 
5 983 1427 3336 4632 4675 
5 414 750 2856 3171 4504 
3 28 3224 4300 
3 629 2557 3728 
4 820 1918 2896 3339 
3 392 3758 4180 
2 1584 4011 
1 4666 
5 670 1258 1538 4029 4267 
3 306 1729 3222 
2 444 1768 
2 3713 4335 
3 161 1283 4526 
4 141 2193 2508 2741 
0 
2 3701 4371 
1 4092 
0 
2 53 2396 
1 435 
2 1126 3377 
5 653 4095 4265 4629 4654 
2 1171 3317 
0 
5 1593 3332 3420 3705 3968 
3 1884 1956 2188 
4 191 405 1263 2727 
3 2099 3375 3677 
2 567 3975 
2 360 2407 
0 
2 1218 4256 
4 50 1215 3037 3910 
1 3252 
0 
4 1676 1895 4347 4739 
3 1330 2105 2785 
3 322 929 3068 
5 283 1571 3130 3316 3510 
1 1197 
3 2026 2513 4023 
3 317 2614 3675 
3 1181 1366 4587 
0 
2 219 774 
2 219 1547 
2 2419 3844 
2 1189 3066 
4 451 2493 3682 4456 
1 590 
2 1081 4304 
5 397 1724 1958 2740 4594 
4 40 934 1697 3874 
1 2957 
2 1128 2245 
2 1308 1699 
6 379 996 3178 3995 4106 4547 
3 90 2023 3823 
2 383 635 
1 2129 
0 
3 3615 4024 4125 
2 204 356 
5 1999 2270 3321 3951 3989 
3 254 678 2634 
3 796 1153 2930 
0 
3 539 1655 1837 
3 1531 3109 4623 
3 2062 2952 4104 
2 361 3424 
5 1587 2266 3101 3806 3971 
5 219 1626 2814 2884 4522 
2 2195 3475 
4 330 1542 3384 3404 
3 507 4456 4539 
1 2544 
1 617 
2 1464 2789 
2 1220 2396 
0 
1 1032 
0 
4 309 809 1172 4572 
3 2617 4116 4170 
3 3356 3885 4472 
3 426 2186 2916 
2 969 3778 
3 612 1382 3840 
1 3018 
4 1567 4140 4624 4739 
4 560 1424 3008 4520 
3 1816 3232 3240 
1 3315 
1 2338 
1 547 
2 1943 4582 
1 867 
3 2349 3391 3617 
3 1809 3396 3538 
5 2445 2535 3055 3549 3837 
5 1545 1746 3536 3985 4498 
3 469 481 2496 
2 3943 4393 
2 550 637 
5 1361 1667 2689 3361 4628 
7 1747 1888 3138 3194 3432 4342 4445 
2 419 3906 
3 261 2441 2615 
1 274 
1 2540 
0 
3 601 2294 3537 
4 892 1411 2089 3285 
4 1594 3052 4076 4789 
1 389 
1 3204 
5 420 1284 2877 4024 4146 
5 391 2324 2831 2957 4238 
0 
5 16 672 1193 1851 3885 
1 4066 
1 2112 
5 179 602 716 931 3796 
1 4678 
0 
2 1251 4589 
1 2158 
2 2240 4701 
2 3667 4683 
5 738 864 1860 2451 2775 
4 800 2359 3224 4143 
3 3084 3112 4559 
1 197 
1 1325 
1 3641 
1 1311 
3 2278 3024 4357 
3 1712 3260 3949 
4 401 1765 3163 3240 
0 
2 140 2288 
4 2505 2581 4099 4741 
3 1777 1956 3212 
2 3 2581 
5 1772 2334 2564 2761 2773 
2 2274 4122 
3 24 3147 4577 
4 103 1128 2082 2670 
3 266 1951 3132 
1 1934 
0 
5 1036 1679 2786 3369 4711 
0 
0 
3 734 1257 3593 
5 1162 2110 2766 3592 3940 
4 912 1177 1822 2177 
1 1578 
3 1294 2631 2867 
2 1900 2093 
2 2762 4736 
3 2295 2836 3756 
5 306 2333 2922 3981 4130 
1 820 
3 679 2289 4011 
1 819 
3 108 2154 3230 
1 1422 
4 1144 3037 4355 4726 
1 3786 
0 
4 1636 1681 4153 4579 
0 
0 
4 1152 3731 4111 4741 
2 1232 2642 
6 254 396 2006 2484 3202 3850 
4 1496 2014 3313 3498 
4 376 1114 2206 4298 
2 3087 3535 
3 221 1682 2040 
0 
1 3907 
2 1903 1945 
5 1670 2090 2359 2898 4586 
3 1594 3378 3840 
2 1767 4584 
4 2076 2937 3073 4699 
1 2359 
3 335 480 720 
1 2289 
1 2713 
3 385 784 980 
1 4621 
2 1269 1985 
1 3316 
0 
1 2853 
0 
2 2048 4442 
0 
0 
3 1759 3321 4478 
3 303 997 3572 
0 
2 496 504 
1 4131 
4 52 1521 4560 4722 
3 1956 2652 4561 
1 1305 
6 737 1477 1692 1910 2534 3310 
4 221 1999 2724 2872 
2 540 4469 
1 966 
3 453 457 2497 
2 2668 3350 
2 1507 2759 
3 110 1160 1677 
1 2966 
3 167 2017 2875 
1 4302 
3 899 2795 3281 
2 1487 3231 
4 989 2637 2645 2900 
3 83 2818 4478 
2 2234 2765 
3 304 1361 1792 
2 1463 3859 
1 2222 
5 2065 3373 3566 4287 4412 
2 789 2435 
4 530 2765 3208 4507 
3 244 3133 4785 
2 2166 3728 
5 1074 3352 4169 4188 4487 
4 1290 3026 3212 4334 
2 1857 4468 
5 695 2760 3478 3913 4027 
1 1932 
2 979 3464 
2 916 2250 
1 195 
5 2500 2503 2899 2976 4418 
0 
4 257 2090 3485 3813 
2 1037 2823 
1 2489 
2 1135 1255 
3 1667 3023 4282 
1 490 
3 1100 1568 2184 
4 2707 3329 4168 4340 
1 2133 
1 674 
2 2262 3736 
1 4119 
3 3788 4398 4430 
1 684 
1 4272 
3 733 1805 2967 
3 767 1421 2634 
2 1276 4245 
2 2550 2588 
6 868 2300 2870 3452 3946 4598 
0 
2 1655 2631 
3 285 680 4420 
3 1222 1381 3461 
3 317 1627 2463 
1 1113 
1 4455 
2 47 3049 
3 1357 2148 4666 
2 851 1614 
2 1463 1782 
3 630 3251 3448 
4 121 491 2655 3241 
2 537 2025 
4 703 1927 2425 4345 
3 81 474 1829 
3 1214 1469 1956 
2 1613 4370 
1 4765 
2 1175 3804 
1 975 
3 1226 1819 1992 
0 
1 930 
2 2382 4187 
5 2113 3011 4274 4398 4769 
3 2359 3440 3671 
1 4010 
0 
1 3612 
2 1452 2987 
4 581 1573 3950 4690 
2 4702 4783 
1 3745 
2 466 3692 
4 403 935 2719 2809 
1 2089 
1 3302 
3 2453 2516 4527 
0 
4 17 269 467 3121 
4 396 492 1603 3920 
1 4490 
3 2283 2463 3735 
2 1888 2952 
2 119 3238 
2 515 4012 
2 1670 4053 
0 
1 4007 
4 3859 4111 4579 4585 
2 382 1416 
0 
7 324 700 1098 1401 2254 2733 4605 
1 3599 
0 
5 3089 3413 3442 3877 4020 
1 1800 
6 23 672 2155 2413 3194 3383 
5 903 1297 2398 3241 3247 
1 1054 
0 
1 681 
2 1485 1688 
5 757 1376 1618 3787 4161 
5 267 1183 1778 2831 4339 
2 2972 4400 
2 2148 4548 
1 4583 
3 2465 3963 4582 
5 1151 3114 3963 4588 4640 
5 663 887 967 2594 4780 
0 
4 585 994 1622 3116 
2 1401 3877 
4 2326 3003 4208 4393 
5 758 1085 1151 3420 3524 
1 3078 
4 404 1704 2387 4140 
1 860 
1 1451 
1 985 
2 727 752 
1 1029 
2 3607 4592 
4 3766 3858 4278 4517 
4 2179 2980 3694 3883 
4 362 2730 4218 4238 
2 2157 3213 
2 5 4053 
1 4159 
3 119 2047 4323 
1 2345 
2 615 2641 
2 2392 3560 
2 1155 2125 
0 
0 
5 1884 2422 3126 3387 4352 
1 4413 
1 1600 
0 
3 364 2220 3721 
2 3031 4537 
4 326 3508 3879 4124 
4 1526 4069 4145 4258 
5 459 1874 2092 3145 4153 
0 
2 1076 1793 
0 
2 1592 2335 
2 3682 4313 
0 
2 1712 3914 
3 202 2428 2532 
2 447 2002 
4 527 851 1392 1419 
2 833 1168 
4 587 1561 2205 4148 
4 666 1401 2868 4328 
2 851 2459 
3 2371 3494 4048 
2 1550 4709 
2 3113 4014 
2 1374 2903 
3 2802 3840 4050 
2 1372 2963 
3 2269 2964 3161 
4 2120 2966 4047 4505 
0 
1 1116 
2 567 1325 
3 208 1880 3140 
3 957 2662 3837 
0 
5 572 1909 2873 3537 3835 
2 272 2062 
1 3039 
4 3525 3623 3827 4528 
6 248 1026 1509 3156 3417 4644 
3 2286 2695 2986 
0 
2 333 3483 
1 324 
2 1079 1298 
2 509 1955 
1 2775 
1 2688 
3 2311 3316 3614 
4 301 339 732 4203 
5 1397 1547 2031 4200 4758 
3 813 1047 1873 
3 1136 2058 4069 
2 2385 3297 
2 2650 3175 
1 4559 
4 914 1200 3787 4078 
2 3665 3752 
1 1406 
1 4626 
2 1128 2992 
0 
4 360 2470 2680 3333 
3 1828 2116 2302 
0 
2 344 4405 
0 
5 44 441 2021 3937 4505 
1 4254 
0 
3 2247 2818 3394 
1 2569 
3 968 1104 3489 
4 215 915 3434 4358 
4 636 1401 1496 4400 
4 126 1115 3758 3776 
1 407 
3 479 3142 3806 
2 1991 2516 
2 1124 2861 
2 745 2667 
4 349 2772 3376 3788 
2 2289 2358 
7 2583 2739 3001 3522 3557 4004 4452 
0 
3 1260 2082 2386 
3 1642 2906 2992 
1 2632 
1 3962 
4 2722 2844 2954 4577 
1 4691 
1 4438 
2 1321 4548 
2 2567 4295 
6 580 1254 1482 2648 2730 3002 
0 
1 2631 
2 2985 4059 
1 2147 
1 3102 
2 1543 2153 
4 339 702 1283 4194 
4 508 982 2182 4475 
3 1608 1918 2323 
3 1563 3057 3544 
6 9 289 1843 2352 3620 4414 
1 1818 
5 729 762 1444 2239 4242 
2 1806 3469 
0 
4 2041 2463 2472 4563 
5 220 980 2364 2659 3675 
2 3064 3815 
2 2162 4113 
3 336 607 2234 
0 
2 1808 3010 
4 596 1127 2401 4379 
5 1564 2250 2384 3385 3743 
1 3334 
0 
5 1334 1402 1812 2682 3935 
5 425 1374 1587 2471 4461 
1 4679 
2 1571 4798 
3 726 768 884 
1 4339 
3 605 2510 2838 
0 
2 1424 4416 
3 285 1774 2332 
1 3292 
1 548 
3 1257 1549 3923 
1 2356 
3 1871 3869 4403 
0 
4 755 1470 1478 4127 
6 387 1878 2720 3593 4165 4671 
1 2514 
0 
5 0 3304 3540 4049 4395 
3 893 1171 2071 
6 191 244 803 963 2866 3025 
3 1724 2571 3701 
2 612 1431 
1 571 
5 518 1064 1338 2041 3575 
5 1050 2480 3733 3994 4666 
1 3500 
3 2308 4165 4204 
1 306 
2 1203 2556 
3 2242 2473 2708 
4 17 610 902 2265 
2 1751 2392 
2 1148 2058 
2 1085 2599 
0 
2 90 4483 
4 448 945 2552 3890 
5 1794 2108 2218 3771 3772 
3 1568 4078 4598 
2 3376 4030 
2 120 4374 
2 262 4778 
1 3461 
4 1384 1393 2446 4457 
0 
4 436 2039 2577 3508 
2 2007 2727 
5 22 1277 1849 3236 4321 
1 4120 
4 978 2124 3465 4478 
2 2102 2630 
3 158 1485 2594 
5 1344 1439 2786 4192 4277 
2 1563 3206 
4 616 1871 2891 4153 
4 459 1165 1911 3600 
3 49 1009 3335 
1 2046 
1 2261 
2 1478 3538 
3 664 2014 4111 
1 2783 
2 677 1762 
5 1142 2685 3500 4349 4523 
3 649 2071 2502 
1 1836 
3 9 832 3420 
1 1058 
2 929 3950 
9 16 592 2063 2193 3149 3493 4077 4142 4344 
4 694 826 1225 4322 
1 1658 
4 3227 3290 4224 4504 
2 42 3013 
3 399 1533 4332 
3 91 2437 4636 
0 
3 81 1263 1315 
3 1824 2606 3885 
2 1055 4069 
3 936 3374 4286 
3 50 2018 3751 
2 434 4571 
2 2053 2749 
1 3729 
3 1772 3443 3602 
2 3748 4211 
2 1620 2702 
5 1794 3310 3825 4268 4354 
1 2925 
2 875 1157 
2 336 589 
1 4093 
2 2486 4134 
3 78 1335 3758 
4 536 1221 1413 2018 
2 2231 2440 
3 94 3477 4480 
4 314 1944 3498 3554 
2 91 1176 
1 2399 
2 2301 3675 
1 971 
5 93 620 1087 3445 4550 
7 290 354 2503 3965 4063 4198 4463 
3 657 3210 3261 
2 1467 4155 
3 1443 1653 2889 
3 1945 3068 4274 
3 2076 2371 4249 
0 
4 1478 1837 2537 3035 
1 1250 
3 1456 1893 3235 
1 1671 
3 1892 3108 4779 
2 1272 4772 
4 253 1528 3088 3106 
3 2792 2946 4156 
1 1818 
2 1808 3278 
1 3830 
3 817 1374 3823 
3 394 3943 4517 
2 2172 3827 
6 119 300 1775 1939 4370 4728 
2 1163 4351 
6 423 658 2161 2172 3749 3791 
4 1812 2511 3252 4113 
1 810 
2 1834 2142 
1 430 
4 627 1310 2482 4681 
4 471 1984 2460 3899 
2 2075 4507 
3 4072 4182 4584 
2 331 3087 
4 1490 2959 3372 4030 
1 956 
5 259 411 761 2987 4404 
5 356 967 1982 3558 4148 
8 724 1005 1277 1562 2465 2887 4437 4526 
1 2089 
5 686 1943 3807 3854 4005 
1 1282 
0 
3 1421 2655 4061 
1 2507 
2 1271 2343 
2 2907 3389 
1 3551 
3 955 1684 3995 
4 630 3858 3964 4251 
1 4475 
3 113 2636 2956 
1 857 
1 1920 
3 1433 1939 3109 
3 913 1826 2715 
5 147 1255 1858 2951 4205 
4 50 206 1326 3274 
1 1055 
2 2557 2864 
0 
1 686 
1 485 
6 668 1807 1856 3194 3453 4407 
3 894 1978 4018 
2 323 1517 
4 251 3253 3343 3458 
2 2265 4302 
3 55 144 1811 
3 240 445 3326 
3 1958 2747 3579 
3 1561 4403 4705 
1 868 
3 2722 4324 4428 
1 753 
7 1011 1013 1934 2900 2991 3506 4385 
2 1962 3172 
5 1703 2911 3093 3493 4572 
4 367 532 2266 3411 
5 522 616 2590 2850 4251 
2 2376 3323 
1 606 
4 3612 3752 3986 4384 
3 1887 2383 2698 
3 1489 3915 4054 
1 1660 
7 423 727 854 1045 2298 2564 2578 
4 2487 3155 3265 3521 
4 586 1773 3113 3243 
6 555 569 853 999 2379 2589 
3 2432 3693 4462 
2 1939 3974 
4 10 249 880 3252 
3 1275 3583 4270 
1 1081 
4 240 494 2846 3806 
2 3011 3498 
1 3081 
4 131 2033 2489 3939 
1 2956 
4 1033 1402 2521 2996 
5 1047 1148 2382 3600 4470 
2 2098 3644 
1 4770 
2 1095 4277 
2 3111 4019 
4 321 907 3387 4371 
3 157 160 461 
3 254 935 1645 
2 1849 2385 
1 2506 
5 12 2224 3527 3780 4342 
3 1891 2230 4499 
2 2182 3995 
2 1462 3568 
1 2833 
4 156 1185 2446 3807 
2 662 3554 
1 561 
2 3820 4066 
4 418 988 1988 2890 
1 912 
1 451 
1 3155 
8 1329 1443 2315 3609 3808 3980 4478 4495 
1 378 
2 2775 4032 
1 4044 
1 4469 
1 358 
2 2445 3792 
0 
2 2796 3766 
0 
2 228 4654 
1 2549 
4 335 967 3940 3952 
1 2956 
2 654 3284 
1 3689 
1 3672 
5 488 2758 2948 3417 3521 
1 3358 
0 
1 1696 
0 
2 2573 2759 
2 853 4518 
1 1162 
3 218 571 1678 
3 559 1585 4782 
4 993 2251 3238 3442 
1 3240 
3 1233 1485 4061 
2 1203 4282 
1 4496 
4 743 2241 3194 4197 
3 539 1337 4240 
2 1364 3726 
3 16 1877 3672 
0 
2 826 3099 
1 2892 
3 1783 2144 3978 
1 1161 
5 1955 2791 3209 3244 3903 
5 343 1315 1459 2094 4393 
2 2480 2914 
3 490 2843 4185 
6 44 258 758 2091 3315 4030 
4 134 971 1271 1936 
1 3852 
0 
4 1498 2076 2692 2954 
4 789 2581 3851 4270 
4 2095 2287 3952 4750 
5 78 1449 1955 2728 4085 
2 2044 2643 
0 
2 3777 4446 
0 
0 
4 1634 4012 4322 4392 
3 524 744 1676 
1 1371 
1 4262 
0 
2 465 4462 
4 618 1794 1816 2896 
2 2940 3789 
1 1835 
1 2919 
2 2644 4390 
2 1980 2658 
3 684 3422 4551 
3 511 2310 3998 
2 885 939 
3 349 680 4287 
1 1049 
1 3181 
2 529 3195 
0 
1 2371 
3 2166 3385 4243 
2 1379 3002 
1 3404 
2 2278 3254 
1 781 
2 1388 4516 
3 3079 3555 3789 
2 138 2915 
7 647 654 933 1152 1477 3142 4186 
2 3046 4413 
3 2762 3430 3909 
3 1842 4232 4704 
2 2624 3307 
3 1313 3142 3699 
4 107 2770 3301 4689 
1 695 
2 804 2231 
2 2076 4035 
2 2088 2228 
3 36 4078 4108 
4 248 2872 3049 4459 
2 714 2386 
1 3870 
1 4770 
5 823 1103 2015 2403 3468 
3 517 3215 4458 
5 57 236 540 1817 3807 
1 2611 
4 1910 2894 3389 4464 
2 982 1798 
2 3273 4214 
1 342 
2 3283 3375 
5 1 1718 2622 3458 4686 
2 1363 2526 
1 3445 
3 1401 1651 4014 
3 2551 2784 4532 
4 1056 4122 4203 4478 
2 1750 2397 
5 354 681 915 1956 3696 
3 1255 2930 3037 
2 3727 4034 
1 1038 
1 2756 
6 414 1448 2546 3129 3978 4133 
2 1844 3787 
3 1673 2290 2576 
0 
2 1551 2897 
3 1643 3686 4183 
1 506 
1 2350 
3 250 4405 4606 
4 815 1443 4006 4343 
3 1141 3667 4226 
5 330 942 953 3100 4314 
0 
2 1026 2068 
2 427 1650 
1 971 
2 2464 4437 
2 1183 3043 
2 3895 4340 
1 4555 
3 377 1623 4330 
3 294 2872 3616 
2 1140 3255 
5 979 1718 2021 3439 4771 
2 2810 4440 
3 2950 3658 4096 
1 233 
2 89 3487 
1 2557 
1 4388 
2 547 2776 
0 
4 543 1825 2822 3312 
2 1808 4743 
0 
2 123 2638 
6 204 714 2329 2504 2511 3813 
2 2839 4288 
2 783 2421 
2 1777 2156 
1 4776 
2 531 3395 
1 1551 
2 1732 2946 
2 612 3973 
2 3996 4211 
5 637 892 2658 3793 4718 
2 3291 4102 
0 
3 592 1769 2149 
1 2698 
2 3821 4676 
2 1935 2842 
8 625 880 1237 2957 3128 4297 4767 4795 
3 162 626 2898 
4 89 599 4000 4672 
1 2497 
5 1465 1479 1552 2358 3673 
3 207 1992 3448 
1 4692 
2 607 3309 
4 1563 1671 1952 2389 
5 3208 3767 3928 4364 4575 
5 1894 3198 3689 4295 4596 
1 2842 
4 348 963 3543 4140 
3 1425 1571 4286 
3 201 3413 3995 
3 168 2369 3716 
4 822 2488 2593 4791 
4 1647 3288 3472 4761 
6 463 2130 2208 3086 3376 4566 
4 461 607 846 3989 
0 
2 980 4052 
1 3800 
4 960 3372 3392 4564 
2 826 4014 
2 3606 4674 
4 1090 2335 2575 2978 
5 2211 2926 3574 4362 4366 
5 29 724 1048 1112 3875 
3 1590 2253 3033 
0 
3 1812 2395 3037 
4 1766 3361 4357 4365 
1 3204 
3 352 4339 4403 
3 2368 2504 4362 
2 1422 4357 
2 2307 4488 
0 
3 1923 2443 3100 
3 379 3719 4051 
4 675 831 3452 4135 
3 657 2620 3405 
0 
5 158 963 2062 3966 4651 
0 
3 562 2119 4662 
3 682 1447 2913 
1 1367 
5 310 508 1068 1378 3919 
0 
1 4651 
2 1269 2634 
0 
4 722 2801 4111 4681 
2 4104 4775 
6 753 1224 1663 1981 2865 4396 
1 985 
2 1854 4306 
1 4755 
3 988 1708 4221 
1 2244 
4 503 755 2258 4211 
3 3540 3777 4195 
1 1258 
4 456 1351 3943 4603 
6 1365 1482 1761 3337 4386 4751 
1 2057 
6 1590 1739 3255 3694 3727 4596 
3 34 102 4563 
3 39 3768 3876 
1 2309 
2 600 2424 
8 618 1595 1675 2478 2812 3937 4100 4364 
4 617 1303 3312 4065 
4 430 1379 3867 4285 
1 2390 
3 1692 4092 4599 
1 1972 
1 4598 
1 1783 
0 
4 474 2207 2842 3667 
3 3176 3801 4241 
3 2597 2892 3907 
1 162 
4 20 621 3931 4750 
1 1601 
2 1380 3680 
0 
2 1707 3704 
1 2906 
0 
1 2842 
4 1861 1954 2894 3320 
0 
1 529 
2 3019 4754 
3 1010 3261 4102 
1 2638 
2 2217 3694 
1 946 
4 193 657 1340 1688 
4 2094 2615 2863 2954 
1 2161 
4 164 587 2512 3140 
3 2062 2774 4471 
2 4067 4293 
3 1811 3012 3893 
2 2681 2845 
2 3083 4301 
4 165 597 2682 3020 
2 3637 4456 
1 2048 
2 2106 2454 
3 1398 2081 3543 
3 1010 1866 4208 
3 1813 1904 2609 
2 1510 2452 
2 870 2756 
1 4660 
0 
1 3885 
0 
2 1948 2471 
3 629 1512 3708 
6 1304 1755 1807 3485 3512 4442 
4 1755 2909 3290 3969 
1 4257 
3 1071 1744 4252 
1 209 
4 430 456 940 3924 
2 4119 4216 
3 1230 2968 4030 
1 4260 
2 478 1970 
1 2405 
1 3193 
3 141 761 3674 
7 989 2153 2672 3128 3650 4157 4756 
4 856 2545 4130 4661 
4 456 668 2701 4436 
2 1186 3522 
1 775 
2 1065 1504 
4 2191 3043 3904 4079 
2 2486 4731 
0 
7 1261 1973 3640 3662 3975 4153 4270 
1 2193 
3 1091 1370 4023 
2 1860 2470 
1 2867 
4 924 1684 1943 3961 
2 2571 3370 
5 483 1051 1920 2539 4723 
2 885 1574 
2 537 3672 
2 135 4367 
1 1884 
3 245 3345 3744 
1 1457 
1 1034 
2 501 1521 
2 2651 2870 
1 4153 
2 3168 4184 
4 1091 2816 3083 4625 
4 1102 2110 3538 4516 
1 4141 
1 618 
0 
3 1363 2702 4567 
1 269 
4 906 1879 3438 3998 
4 595 1602 3830 3869 
0 
3 496 3669 4060 
1 3068 
1 2053 
3 225 2390 4772 
2 119 1552 
1 862 
1 4640 
0 
0 
4 25 531 4237 4498 
7 909 916 1469 1580 3118 3787 4049 
2 3224 4176 
4 512 2543 2748 2972 
3 1976 2191 3528 
4 208 284 318 2382 
1 3509 
2 3989 4672 
2 3200 3231 
0 
2 3449 4067 
3 1743 2516 3740 
6 1049 1632 2466 2828 2975 3840 
3 982 1494 1846 
0 
0 
4 622 1603 4269 4725 
3 1395 2354 4729 
1 1044 
2 292 742 
1 1370 
1 3805 
5 946 1356 1445 1577 2188 
3 2368 2706 3512 
3 1397 2542 2885 
1 3421 
2 227 1939 
0 
0 
1 2753 
2 1397 4744 
2 2105 3493 
2 3769 3894 
2 2005 2286 
3 360 1301 4029 
5 1655 3259 3355 4223 4761 
2 2043 4615 
2 1108 4629 
0 
2 888 4296 
2 310 2924 
1 1443 
2 1326 1483 
3 3139 3569 3857 
4 583 1602 1777 3645 
2 1613 3646 
4 1131 1801 2698 2775 
2 3912 4399 
3 3345 3359 4353 
4 161 2340 3140 3277 
4 510 583 2550 4348 
3 1230 2569 4502 
2 3347 4679 
3 917 2180 4606 
1 1738 
1 4008 
2 3520 4106 
3 146 2186 2782 
1 2857 
2 716 4339 
2 145 809 
4 544 1863 3584 3891 
1 2322 
4 769 1462 3609 3752 
2 3046 4718 
4 1208 1910 2097 3125 
5 596 1228 3233 3533 3771 
2 540 3770 
2 3624 4061 
1 3752 
2 2550 3622 
1 3479 
5 309 538 1233 2666 3772 
1 3563 
1 1793 
1 940 
2 1648 3786 
2 2214 2461 
3 1306 3214 3488 
0 
5 2462 2511 2677 4340 4398 
5 428 1946 2023 2945 3147 
4 1843 3701 3964 4409 
1 4407 
2 350 3013 
1 2246 
1 4708 
2 1754 4395 
2 2518 2848 
3 1156 3004 3755 
3 2821 4285 4569 
2 877 2854 
3 41 1774 3197 
1 78 
1 700 
3 876 2146 3183 
0 
2 1849 2205 
3 1350 1589 1611 
3 1747 2092 4552 
3 671 1308 2044 
2 421 3115 
3 316 1423 2491 
3 393 2498 2822 
3 1667 1916 2832 
4 1596 3631 4737 4799 
1 514 
3 909 3505 4697 
3 2203 3068 3527 
2 2889 4497 
3 1095 1540 3861 
5 1016 1151 1769 1879 3111 
2 1007 3542 
4 353 1545 3458 4553 
2 1112 2505 
3 1967 2173 2924 
4 1273 1406 2163 3437 
3 376 2006 2307 
2 340 3055 
0 
4 111 367 2341 4001 
1 197 
0 
3 472 1477 1913 
6 641 744 965 1496 3772 4513 
3 1240 1893 2131 
1 997 
3 985 2828 3212 
2 1832 3841 
4 11 460 499 2606 
1 2591 
0 
3 480 875 1558 
3 351 1547 3007 
1 93 
4 1654 3414 4374 4381 
1 281 
4 7 125 1013 1860 
4 1885 3401 3458 4163 
3 1870 3221 4698 
3 142 1746 2919 
1 1493 
2 2696 4796 
1 2184 
3 1468 1733 4450 
3 1115 3064 4470 
2 3107 4376 
0 
5 880 1061 1737 1746 2879 
2 1711 2807 
4 2807 3444 3710 3950 
6 725 794 2404 2502 3071 3100 
2 548 3027 
1 3104 
2 2956 3422 
3 347 1978 3940 
2 4332 4523 
0 
3 2761 3334 4355 
6 255 1303 1828 2755 2787 3437 
2 2637 4328 
0 
4 506 1500 3561 4736 
4 244 994 3925 4568 
1 2792 
6 864 2384 2757 3405 4058 4384 
2 613 1759 
3 2723 3020 3566 
2 1047 2444 
2 121 2548 
3 417 3402 4265 
5 703 1472 2676 3026 3275 
5 1195 1858 2206 3130 4759 
2 2559 4246 
3 1355 2450 3733 
3 2007 2915 3892 
4 38 975 986 4336 
2 2160 2698 
2 2710 3307 
1 775 
1 1850 
2 1532 4623 
4 742 1739 2168 4655 
5 494 2781 3625 4732 4745 
1 1139 
1 3565 
1 3734 
3 10 2776 4749 
3 1229 1685 4243 
3 1377 2055 4100 
3 287 1757 2083 
1 3187 
3 1023 2444 4602 
5 895 1476 1484 1974 3824 
2 1354 4731 
2 2105 3589 
2 1240 3024 
3 82 415 3062 
1 612 
4 85 786 1297 2619 
2 533 1211 
2 970 2333 
5 1075 2169 4323 4580 4761 
2 2658 2705 
2 1140 1328 
3 101 1262 3209 
3 1342 1862 3645 
3 717 1032 4485 
0 
1 4532 
2 315 3606 
2 3031 3135 
3 80 2064 4051 
2 2485 4533 
1 943 
4 1128 3100 4476 4710 
3 1941 3269 4699 
2 1607 3421 
3 996 1154 3337 
3 501 830 3357 
4 2565 3132 3598 4678 
1 4621 
3 477 1935 2724 
3 495 3472 3527 
2 2296 4765 
6 120 571 1911 3348 3579 3612 
3 2845 2973 3271 
1 4310 
3 430 2940 4546 
2 490 4699 
2 826 1926 
4 73 188 867 1563 
1 2015 
4 161 489 4703 4788 
5 841 844 885 4204 4416 
3 1579 2055 4396 
1 2756 
2 1241 3115 
2 287 4427 
1 4389 
2 2630 4469 
3 255 344 2012 
2 3106 3852 
1 4688 
2 1234 1729 
6 1540 1738 1863 4347 4551 4718 
3 1559 2072 3269 
2 926 2545 
0 
2 3720 4740 
1 1353 
3 2062 2743 4330 
2 1216 2500 
4 1200 1793 2953 3727 
7 802 932 1201 1879 2469 4132 4255 
4 191 515 2632 4300 
3 3279 4042 4510 
3 399 944 1098 
0 
2 1927 4385 
7 358 633 1408 1522 1865 2627 4317 
2 3386 4799 
2 429 3967 
3 2156 2347 4041 
4 18 695 3370 3773 
3 605 2729 3373 
4 393 1421 2405 4179 
2 2427 3734 
0 
2 649 3670 
3 594 1232 2418 
0 
4 299 1768 1849 4749 
5 1311 1447 1912 2840 3551 
3 278 528 1071 
3 372 2462 4346 
1 2079 
1 919 
2 1615 1767 
2 1553 4330 
2 2834 4658 
1 2480 
1 3926 
3 1564 4621 4777 
1 1 2 1 1 1 1 2 1 1 1 2 2 2 1 4 1 1 2 1 3 1 1 2 1 1 1 1 2 1 1 3 2 2 3 3 1 1 2 1 1 2 2 4 2 1 3 1 2 1 2 1 2 1 1 3 1 2 1 2 1 2 1 1 2 1 1 1 1 2 1 1 1 2 2 2 2 1 2 2 1 1 1 2 2 2 1 1 1 3 3 1 3 1 2 1 1 2 1 2 2 3 1 2 1 1 1 2 1 2 3 1 3 2 1 3 2 1 1 1 1 2 2 2 1 3 1 1 1 2 2 1 3 1 2 1 2 1 2 2 2 2 1 2 1 1 1 1 2 1 3 1 1 1 1 2 2 2 1 2 2 2 2 3 4 1 1 1 3 1 1 1 1 1 1 1 2 1 1 1 1 1 4 1 3 1 1 2 2 1 1 1 1 3 1 2 1 2 1 2 1 1 1 3 2 1 2 2 4 3 1 1 2 1 2 3 2 2 3 3 1 1 1 1 1 1 2 2 1 2 2 1 1 2 2 1 1 1 3 2 2 1 2 2 3 3 1 3 1 1 3 3 1 2 1 2 1 1 2 3 3 3 2 1 1 1 1 1 2 3 2 2 2 1 4 3 1 1 3 2 1 1 2 3 3 4 1 2 1 1 2 1 2 2 2 1 1 2 1 1 4 2 1 2 1 3 4 1 1 1 3 1 2 1 3 1 2 2 1 1 2 2 1 4 2 1 3 1 1 1 1 2 1 1 1 3 1 2 3 1 2 1 1 1 2 1 1 3 3 3 3 1 2 2 1 1 3 1 1 2 2 2 4 2 2 1 1 1 1 1 1 1 3 1 1 1 3 1 3 2 2 1 1 3 2 2 1 1 1 1 3 1 3 1 1 3 1 2 1 2 3 3 1 1 2 1 1 1 2 2 1 2 2 1 2 1 1 1 1 2 2 3 1 2 1 1 1 2 3 1 4 1 2 3 1 2 1 1 2 2 2 2 1 1 2 2 1 3 1 1 2 3 2 1 2 1 1 1 1 1 1 2 1 1 2 1 1 1 1 2 2 4 2 3 2 4 1 2 2 2 1 2 1 1 1 3 1 3 1 3 2 1 1 1 2 1 1 1 2 1 1 1 1 2 1 1 2 2 1 1 1 1 1 1 1 1 3 2 1 1 2 1 1 1 2 1 2 4 1 2 1 1 2 1 1 2 1 3 1 1 4 2 1 4 3 2 1 2 2 1 1 2 1 1 1 1 1 2 2 3 3 2 1 1 1 1 1 2 1 4 2 2 1 4 3 1 1 1 3 2 3 1 1 1 1 2 1 1 1 1 2 1 3 2 2 1 2 1 1 1 2 4 1 1 1 2 2 2 4 1 1 2 1 2 1 1 1 1 4 3 1 2 3 2 2 3 1 1 2 2 2 1 2 3 1 2 2 1 1 1 1 2 3 2 1 1 1 2 1 2 2 3 1 1 3 2 1 4 2 1 1 1 2 1 2 3 2 1 3 2 3 2 3 1 2 3 1 3 1 1 2 4 1 1 2 2 1 2 2 2 1 1 1 1 2 3 2 2 3 3 2 1 1 2 2 1 1 1 1 1 1 1 1 1 2 2 1 1 3 1 3 2 1 1 2 1 1 4 1 2 1 1 2 2 2 2 2 1 1 2 1 2 2 2 2 3 1 1 1 1 3 1 1 1 2 2 1 1 3 1 1 4 2 2 1 1 3 2 2 2 1 2 1 1 4 2 2 1 1 1 1 1 2 3 2 2 2 1 3 1 1 1 1 1 3 1 2 1 1 1 1 1 4 1 3 1 1 1 1 1 2 1 1 2 1 3 2 1 1 3 2 3 1 1 1 2 3 1 1 2 1 3 1 1 3 2 1 1 2 3 1 2 1 3 2 3 1 2 1 2 1 3 1 2 2 1 3 2 3 1 1 1 2 2 1 1 1 2 3 2 1 1 2 1 1 1 2 2 3 2 3 1 2 2 2 2 1 2 2 2 2 1 2 3 3 2 1 2 1 3 1 3 3 1 2 2 2 1 3 2 1 1 2 2 1 2 3 1 1 3 2 2 1 2 1 1 1 2 2 2 2 3 1 2 1 1 2 1 2 2 3 1 1 1 3 2 1 1 4 1 1 1 2 1 1 2 1 2 2 2 2 1 2 4 1 4 2 1 2 1 1 2 3 4 3 2 1 1 2 1 4 3 3 3 2 3 2 3 1 2 2 1 2 1 2 2 2 3 2 2 2 1 1 2 1 2 2 1 1 1 3 1 1 2 1 2 1 2 2 1 2 1 1 2 1 1 1 2 2 1 1 2 2 2 2 2 1 1 1 1 1 2 1 1 3 1 1 2 2 1 2 1 1 1 1 2 2 1 3 3 1 1 1 2 1 1 1 2 3 1 2 2 3 1 1 3 3 1 1 2 1 2 1 1 1 3 1 2 1 1 1 3 1 1 3 1 1 2 2 2 1 3 1 1 3 1 3 1 1 2 3 1 4 2 3 3 3 1 1 1 1 3 2 1 2 3 2 2 3 1 1 1 1 2 1 1 2 2 1 2 4 1 1 1 1 3 1 3 1 2 1 1 2 2 3 2 1 1 1 1 2 2 2 1 2 1 1 1 1 1 2 1 1 1 1 2 2 1 1 2 2 1 1 1 3 2 1 2 2 2 2 2 3 2 1 1 1 1 1 1 1 2 1 1 2 1 1 1 1 1 2 1 1 2 1 1 1 1 3 1 2 3 3 1 1 3 1 2 1 2 2 1 2 2 1 1 1 2 3 1 2 1 2 1 1 1 1 1 1 1 1 1 3 2 3 1 1 2 3 2 2 1 3 3 1 4 1 2 1 2 3 2 2 1 1 1 2 2 2 1 1 4 2 3 1 2 2 2 1 1 2 3 1 1 2 1 1 1 2 1 1 3 2 1 3 1 3 3 2 1 1 2 2 2 2 1 2 2 1 1 1 2 1 3 1 3 2 2 1 1 1 1 1 2 1 1 1 1 3 1 2 2 2 1 2 1 1 1 1 1 1 1 1 2 2 2 4 2 1 2 1 3 1 3 3 3 2 2 1 2 3 2 2 2 3 1 1 2 1 4 2 3 2 3 1 2 1 1 1 1 1 1 3 3 3 2 2 2 2 3 1 2 4 1 1 1 3 1 1 2 1 1 1 1 1 1 3 1 2 2 1 4 1 2 2 2 1 4 2 1 1 4 1 3 1 2 1 2 3 2 3 1 1 1 3 2 1 4 1 2 2 2 1 1 1 1 3 1 1 1 1 1 2 1 4 1 1 2 2 1 1 1 2 1 1 1 1 3 2 3 2 1 2 1 1 4 2 1 2 1 1 3 1 1 1 1 3 1 2 1 2 1 1 1 1 1 2 1 1 2 3 1 2 1 1 1 1 1 3 2 1 2 1 1 1 1 3 1 2 1 1 3 3 2 1 3 2 1 1 1 1 1 1 1 1 3 4 3 1 2 1 3 1 3 1 3 3 2 1 2 1 1 1 3 1 1 1 2 1 3 1 3 1 1 2 1 3 1 1 2 2 1 1 2 1 2 3 2 1 1 2 1 1 3 2 3 4 1 2 1 3 2 1 1 1 1 1 2 2 1 2 1 1 2 1 1 1 2 1 1 1 1 1 2 4 3 3 2 2 1 2 1 1 1 1 1 2 1 3 3 2 1 2 1 1 1 1 3 1 1 2 2 1 3 4 2 1 1 1 1 2 1 3 3 1 2 2 1 1 1 1 1 2 3 2 3 2 2 3 2 1 2 1 1 1 3 1 1 3 3 2 1 1 1 2 1 3 1 2 2 1 2 3 1 2 1 1 2 1 2 1 4 2 1 1 1 1 1 1 1 1 1 1 2 2 1 1 1 2 1 1 1 3 1 3 2 2 3 1 2 3 1 2 2 3 1 1 4 2 1 2 1 3 3 3 1 1 1 1 3 2 2 2 1 1 3 2 1 2 1 1 2 2 2 3 4 1 3 1 1 1 2 2 2 1 1 2 3 1 2 2 1 1 4 3 1 2 2 2 2 3 1 1 2 1 2 2 2 2 1 2 1 3 2 1 1 2 1 1 3 2 2 1 2 2 1 1 2 2 2 1 1 2 2 1 3 3 4 2 1 3 1 3 1 2 3 1 1 3 2 2 2 1 1 2 2 3 2 1 2 3 1 4 1 1 1 1 1 1 1 1 1 2 3 2 1 1 3 1 1 2 1 2 1 1 2 2 1 1 2 3 3 3 3 1 2 1 2 1 2 1 1 1 3 1 1 2 2 2 1 1 1 2 2 1 2 1 1 1 2 1 1 3 1 1 1 2 1 1 2 2 1 3 1 2 2 2 1 1 1 1 1 1 3 3 1 1 2 2 1 1 1 1 3 2 2 4 1 3 2 1 3 1 1 1 1 1 1 3 3 2 1 1 1 2 2 1 1 3 1 2 1 1 1 1 1 2 3 1 1 2 2 3 3 1 1 1 1 2 2 1 2 1 3 2 2 1 1 2 2 1 3 2 3 3 2 3 1 1 2 1 3 2 1 2 1 2 1 1 1 1 2 1 1 3 1 1 2 1 1 1 1 1 1 2 2 1 1 1 1 1 3 2 2 1 2 2 2 3 3 1 2 3 1 1 2 2 4 1 1 3 1 2 2 1 2 1 1 1 2 1 2 2 4 1 2 1 1 2 4 1 2 1 1 1 1 1 1 2 1 1 1 1 1 1 1 1 3 2 1 2 1 1 1 3 1 2 1 3 1 1 1 2 2 2 2 1 1 1 2 1 3 1 3 1 1 1 2 1 1 2 2 1 1 1 1 2 1 2 1 1 2 1 4 3 3 1 1 2 1 2 2 2 1 2 3 2 2 2 2 1 2 2 1 2 1 2 1 1 3 1 2 1 1 3 3 3 1 1 1 1 1 1 3 1 2 2 1 1 1 1 1 3 2 1 2 1 2 1 1 1 3 1 2 1 1 1 2 4 2 2 1 1 1 2 1 1 3 2 1 1 4 2 1 2 1 1 1 2 2 3 3 2 1 2 1 1 2 1 1 1 1 1 4 2 1 3 1 2 1 2 2 2 3 1 1 3 1 1 2 3 1 1 3 3 3 2 1 2 2 2 2 1 1 2 2 2 1 2 1 2 1 1 1 1 3 2 1 4 2 1 2 2 2 2 1 1 2 1 3 1 1 1 1 2 1 1 2 3 1 2 1 2 1 2 1 1 1 1 1 1 2 1 1 2 1 1 1 2 2 1 1 2 2 1 2 3 1 1 1 2 1 3 1 2 2 2 2 1 3 3 1 1 2 1 4 2 1 2 1 1 3 2 2 1 1 3 3 1 1 1 1 1 2 1 3 2 2 2 1 2 1 2 1 1 2 2 2 1 1 1 2 2 2 3 2 2 2 1 1 2 1 1 2 1 1 2 2 2 2 3 1 1 2 3 1 3 1 3 2 2 1 1 1 2 1 1 1 1 1 1 1 1 1 2 1 4 2 4 1 4 1 2 1 1 1 2 3 1 1 1 1 3 1 4 1 2 1 1 1 1 3 1 2 1 1 1 2 1 2 3 1 1 3 2 1 2 2 1 3 1 2 2 2 1 1 3 3 1 1 1 1 1 1 1 1 1 1 2 1 2 1 1 1 3 1 2 1 3 1 2 1 1 1 1 1 2 1 1 2 2 3 1 1 1 1 1 2 2 2 2 1 1 1 1 1 1 2 2 3 3 2 1 1 1 2 1 4 1 1 2 2 3 1 4 1 1 1 2 2 1 3 1 1 2 1 3 1 1 1 2 1 1 1 1 1 3 3 2 2 3 1 1 3 1 2 2 2 2 3 2 2 1 2 1 1 2 1 2 3 1 2 1 3 2 1 2 1 1 1 1 3 2 1 2 2 2 3 1 1 2 1 1 2 4 2 2 2 2 3 1 1 2 1 2 1 2 3 2 2 2 3 1 1 2 1 2 1 2 1 1 2 1 1 1 1 1 1 3 3 2 1 2 1 1 2 2 4 1 1 2 3 1 2 1 1 2 3 2 1 1 1 2 1 1 3 1 2 2 2 1 1 3 1 1 3 1 1 2 1 1 3 2 1 1 2 1 2 2 2 1 1 1 2 2 2 1 1 2 1 1 2 2 2 3 1 1 2 1 1 2 2 2 1 1 1 1 2 1 3 1 3 1 1 1 2 2 1 1 1 3 1 2 2 1 2 2 2 2 3 2 1 1 1 2 3 2 1 1 1 3 3 3 2 2 1 2 1 2 1 1 2 3 2 2 1 2 1 3 2 1 1 1 1 1 1 2 2 3 1 2 2 1 2 1 1 2 3 3 3 2 2 3 1 1 1 1 1 2 1 4 1 3 1 2 1 1 2 1 2 2 1 3 1 1 1 3 1 2 2 1 2 2 1 3 1 2 2 1 1 1 2 1 2 1 1 1 1 2 1 1 3 3 2 1 1 1 1 4 1 1 2 2 1 3 1 2 2 1 1 1 1 2 1 4 3 2 2 1 1 1 2 1 1 2 1 2 3 1 2 1 1 2 1 3 3 1 1 2 2 1 3 1 2 1 2 1 1 1 2 2 1 1 1 1 1 2 1 1 1 1 1 1 1 1 1 1 1 1 1 3 3 3 2 1 1 2 2 1 1 1 3 3 2 2 1 3 2 1 2 1 4 3 1 3 1 3 1 1 2 2 1 3 1 2 1 3 3 1 3 3 3 3 1 1 1 2 1 1 4 1 1 1 1 1 2 3 1 2 1 3 1 2 2 1 2 1 1 1 2 3 1 1 3 1 1 2 2 1 2 1 2 1 1 1 2 3 4 2 1 1 1 1 1 1 2 3 3 2 1 1 1 1 1 2 2 1 1 1 2 1 1 2 1 2 1 2 1 1 1 2 1 1 1 1 2 1 3 1 1 1 2 1 2 2 3 3 3 2 4 1 3 2 1 1 1 3 1 1 2 1 4 2 2 3 2 3 1 2 3 1 1 2 2 1 1 3 1 2 1 1 1 1 1 1 1 1 1 2 1 1 1 1 3 1 3 2 1 3 2 1 1 2 1 2 3 1 1 1 1 3 2 1 1 1 3 1 1 2 1 3 2 3 3 1 2 1 1 2 1 1 2 1 3 1 2 1 3 1 1 1 2 4 3 3 1 1 2 1 1 2 2 2 2 3 3 3 2 1 3 3 2 1 1 2 2 2 1 1 2 1 3 2 3 1 1 1 2 1 1 1 1 1 2 3 1 1 1 2 1 1 1 1 1 1 1 1 1 3 1 2 3 3 1 2 1 2 1 2 2 3 3 1 2 2 3 1 2 1 2 3 2 1 2 3 1 1 1 2 3 3 1 2 2 2 2 1 1 1 1 2 3 1 1 1 1 1 1 1 2 1 2 3 1 1 2 2 2 1 1 1 2 2 1 4 1 3 3 4 1 1 1 3 1 2 2 3 1 1 2 1 2 2 2 2 2 2 1 1 2 2 2 1 2 3 1 2 2 2 1 1 2 1 2 1 1 1 3 2 1 1 1 2 1 2 1 1 3 1 2 1 3 1 1 1 2 1 2 1 1 2 1 2 4 3 3 3 2 2 2 3 1 2 2 1 3 3 1 2 3 1 1 2 1 2 3 1 2 3 2 1 3 1 1 1 2 1 1 1 1 1 1 1 4 2 2 2 4 2 2 1 2 3 1 2 1 3 1 1 2 2 1 1 2 2 2 1 1 1 1 1 3 1 2 1 2 2 1 2 1 1 1 3 2 1 3 1 1 2 2 1 2 2 2 2 3 1 1 1 3 2 1 1 2 3 2 2 3 1 3 1 1 1 1 1 1 1 1 1 2 1 2 1 3 2 1 1 1 1 1 1 2 1 1 3 2 1 1 1 2 1 2 1 2 2 2 1 1 1 1 2 3 3 2 3 3 2 1 1 3 1 1 1 1 1 2 3 4 2 1 1 2 2 2 1 2 1 1 1 2 3 3 2 1 3 3 1 4 1 2 2 2 1 2 1 1 2 2 2 3 1 1 2 1 3 1 1 1 1 2 1 2 3 1 2 1 2 1 1 3 1 1 3 1 3 2 3 2 1 2 3 1 2 1 2 2 3 2 1 1 1 1 1 1 3 2 2 1 2 1 1 2 2 1 3 2 1 2 2 2 1 1 3 1 1 2 1 2 1 1 1 1 1 2 2 3 2 2 2 4 2 1 2 2 2 1 1 2 1 2 2 3 1 1 2 2 2 3 2 3 2 1 3 1 1 2 1 3 2 1 2 1 2 2 1 2 2 1 2 4 1 1 1 1 2 1 1 1 1 3 1 2 1 3 1 1 3 1 2 2 1 2 3 1 4 2 3 3 2 3 1 1 1 2 1 1 2 2 2 2 1 2 2 2 1 1 2 3 1 1 3 1 2 3 1 2 2 2 2 2 1 1 1 2 1 1 1 1 3 1 1 2 2 1 1 1 2 2 1 1 1 2 2 3 1 4 1 2 2 2 1 2 1 1 2 2 1 3 1 3 2 2 1 2 1 2 1 1 1 1 2 1 1 1 3 1 2 2 4 1 1 1 2 1 1 3 2 2 1 2 3 1 2 1 2 1 2 2 1 1 2 1 1 1 3 4 1 3 1 2 4 3 1 1 2 1 1 3 1 1 2 3 1 1 1 1 1 2 2 3 1 1 1 1 3 1 1 1 1 1 1 1 1 1 1 1 1 2 2 1 1 1 2 2 2 2 1 1 1 2 1 2 1 1 1 2 4 1 2 2 2 1 2 2 4 3 2 2 2 1 1 1 2 3 1 1 3 1 1 1 2 1 1 2 4 2 2 3 1 3 1 3 2 1 1 1 1 3 1 3 2 1 1 3 2 2 1 2 1 2 1 2 3 1 2 1 2 3 2 1 1 1 3 1 2 1 3 1 1 2 1 2 2 3 1 1 3 2 1 1 2 2 2 2 1 1 1 1 1 2 3 1 2 1 3 4 1 2 4 1 1 3 1 2 1 1 1 3 2 1 1 1 1 2 2 1 2 2 2 1 4 2 2 1 2 3 2 1 1 3 4 3 1 2 2 4 1 1 2 2 2 1 1 1 2 2 3 1 2 2 1 3 2 1 4 1 2 1 2 3 1 1 1 3 2 1 2 3 1 4 1 1 2 2 1 1 1 3 1 1 1 1 2 2 3 2 1 1 2 1 2 1 1 1 2 1 3 2 1 1 3 1 2 2 4 2 2 4 4 1 1 2 3 2 1 3 4 3 3 2 2 2 2 1 1 2 1 2 1 3 4 1 1 2 2 3 1 2 1 2 3 2 2 1 2 1 1 1 1 2 1 1 1 3 1 2 1 2 2 2 1 1 1 2 1 4 1 2 1 1 2 2 1 1 1 2 3 1 1 1 2 1 3 2 2 1 2 1 2 1 1 1 3 1 1 2 1 3 1 1 2 1 3 2 2 1 3 1 1 1 1 2 1 1 2 1 2 1 2 1 1 1 1 1 2 1 1 2 1 1 1 1 1 2 2 1 2 2 2 1 1 1 3 2 1 1 1 1 1 2 1 2 2 1 2 1 3 3 3 1 2 1 1 2 2 3 1 1 1 1 1 1 3 3 1 2 1 3 1 1 1 1 3 1 1 2 2 2 2 1 2 1 1 1 2 1 2 3 1 1 2 3 2 1 2 1 2 1 1 2 1 1 1 3 1 2 2 1 2 1 2 2 3 3 1 1 2 1 2 1 1 3 2 1 2 1 2 3 2 3 3 1 1 1 2 2 2 2 4 3 1 1 1 1 1 1 2 2 3 3 1 1 1 1 1 3 3 1 1 2 1 1 3 1 2 1 3 2 1 2 1 1 1 1 3 1 2 1 1 1 2 1 1 3 1 2 1 1 1 2 2 1 1 2 2 3 1 2 2 1 1 1 1 2 1 1 1 1 1 1 3 1 1 1 3 1 1 3 1 1 1 2 1 3 1 2 1 2 3 2 1 2 1 2 2 1 2 4 1 3 1 1 1 1 1 1 4 3 1 1 1 2 1 3 1 1 1 1 3 1 2 2 2 1 2 2 1 1 2 1 2 2 2 2 1 3 1 1 2 2 2 2 1 3 2 1 1 1 3 1 1 1 2 1 3 3 1 2 2 1 3 2 1 2 1 1 4 4 1 2 2 2 1 3 2 1 2 1 3 2 1 1 2 1 1 1 1 2 3 3 3 1 3 1 1 2 1 2 2 1 1 3 2 2 1 1 2 2 3 1 2 1 4 1 3 3 2 1 2 2 2 1 1 2 1 2 2 4 1 3 2 2 3 2 2 2 1 1 3 1 1 1 2 2 2 1 2 2 3 1 1 2 2 1 1 2 1 1 1 1 1 1 1 1 2 3 1 2 1 2 2 2 2 1 3 2 2 2 3 1 2 2 2 4 1 1 2 1 1 1 1 1 1 1 1 3 2 1 2 2 2 3 2 1 1 2 3 2 2 1 3 1 2 1 2 1 3 2 1 1 1 1 1 1 2 3 1 1 1 1 1 4 1 1 1 1 2 1 2 2 1 2 1 1 2 1 1 2 1 1 1 2 2 3 1 1 3 1 1 3 1 2 3 3 2 3 2 2 1 1 2 1 1 4 1 1 2 1 2 2 2 2 2 1 1 2 2 1 1 2 1 3 2 2 2 3 1 1 1 1 3 3 1 2 1 2 3 1 2 1 2 4 1 2 1 2 1 2 2 3 3 3 2 1 1 2 2 1 2 2 1 3 3 2 1 1 1 1 3 1 4 1 1 1 2 2 1 1 1 3 
