m 2500
5 148 496 845 1265 1334 
4 1769 2075 2248 2354 
4 255 756 911 1776 
1 36 
2 1163 2133 
4 7 149 1017 1774 
1 284 
2 5 2025 
3 702 2052 2131 
1 1902 
3 1373 1477 2266 
5 1059 1144 1706 2006 2463 
5 255 519 878 1029 2225 
2 834 2196 
1 1796 
1 140 
3 34 727 2491 
4 252 1173 1226 1702 
4 311 968 1896 2444 
1 2362 
3 52 1425 1567 
0 
2 1011 1167 
3 847 1152 2235 
0 
2 392 2038 
3 673 829 1734 
0 
0 
6 661 1203 1731 1920 2159 2388 
1 1337 
1 399 
3 1407 1470 1477 
5 193 355 515 610 1526 
2 16 358 
2 1719 1822 
1 3 
0 
1 856 
1 1647 
0 
3 1472 2098 2336 
3 1564 2122 2175 
1 397 
1 1924 
1 1330 
1 1273 
5 139 954 1127 1497 1831 
3 1443 1951 2302 
0 
0 
3 102 857 1508 
3 20 239 2350 
2 233 1535 
3 354 1310 2275 
1 1608 
4 666 1548 2044 2378 
5 397 459 1189 1845 1995 
3 1367 2004 2403 
3 193 2139 2393 
1 1494 
3 277 305 310 
0 
2 1564 2423 
3 418 2152 2315 
4 805 994 1319 2458 
3 925 1237 2431 
1 912 
5 696 1187 1378 1619 1655 
1 912 
2 175 373 
2 346 1923 
3 736 1045 1648 
3 620 1257 1483 
2 1374 2204 
3 670 761 1424 
0 
1 140 
3 295 742 2092 
2 1570 1748 
3 1009 1308 1817 
0 
1 328 
1 1747 
2 2089 2191 
2 1608 2127 
1 2194 
0 
4 1861 1973 2172 2317 
2 1208 1345 
0 
2 605 1079 
2 851 1927 
3 276 376 2346 
2 185 2043 
1 1960 
6 210 335 785 1348 1957 2278 
5 467 534 1173 1953 2043 
4 959 963 1190 1453 
4 1617 2258 2351 2458 
1 1560 
0 
5 51 505 1172 1347 2007 
3 1247 1314 2174 
3 247 2071 2421 
2 816 1204 
3 354 932 1241 
4 153 325 639 965 
4 408 979 1584 1636 
6 565 861 978 1282 2028 2357 
2 1243 2043 
4 443 1859 2225 2253 
3 373 665 1825 
2 305 1934 
4 180 547 1499 1577 
2 339 2185 
3 168 611 2335 
4 262 1401 2205 2398 
5 464 1349 1775 1906 2267 
3 982 1348 1990 
5 1077 1910 1926 2257 2456 
1 348 
3 415 748 1722 
2 1402 1523 
3 726 828 1030 
3 884 1269 1901 
3 915 1009 1087 
3 766 1245 2312 
0 
1 282 
3 672 892 1488 
2 862 2090 
3 410 1149 1331 
1 2342 
3 540 1670 1772 
2 1277 1562 
2 925 2082 
4 556 596 1076 2261 
1 2419 
3 47 595 1824 
7 15 77 1062 1572 1890 2150 2170 
1 1500 
2 1249 2460 
0 
2 1553 2066 
3 874 1376 1833 
0 
3 644 818 1320 
2 0 354 
6 5 515 773 816 1582 2455 
2 1622 2393 
1 1864 
2 311 388 
3 107 1876 1883 
6 378 1745 1852 1928 2126 2361 
1 831 
2 318 941 
2 1203 1919 
1 2147 
4 583 847 1142 1696 
5 809 1139 1233 2154 2225 
1 1023 
1 771 
4 519 742 1317 2493 
2 1315 2484 
1 1520 
1 943 
3 1454 1704 2022 
4 116 336 1033 2308 
2 565 800 
3 847 866 1913 
2 1986 2146 
5 959 1479 1502 1623 2309 
3 352 965 1130 
3 334 981 2183 
4 70 611 1103 1487 
4 875 880 1160 2053 
3 686 1738 2219 
3 996 1037 1811 
2 1937 2307 
1 114 
2 1873 1936 
2 763 2353 
1 1062 
2 1174 1754 
1 94 
1 623 
3 360 1336 2201 
4 580 1346 1519 1828 
4 274 557 1012 2434 
1 2050 
4 725 751 1706 2043 
2 469 2035 
5 33 59 1415 1499 2067 
5 518 1129 1955 2178 2252 
2 2132 2271 
3 1470 1508 1543 
3 926 1385 1458 
0 
3 530 2311 2405 
1 834 
3 729 1149 1683 
2 890 1988 
0 
0 
1 2466 
4 796 929 1001 2104 
2 671 2400 
2 1126 2221 
3 1283 1552 1923 
3 96 320 1905 
5 223 1017 1074 1462 2373 
4 694 1160 1314 1372 
4 769 1192 1314 1439 
1 2211 
4 316 666 1399 2276 
1 1074 
2 388 1051 
2 1142 2188 
1 2092 
2 290 2330 
4 941 1773 2008 2032 
2 515 2131 
5 211 246 416 1845 2190 
4 820 1213 1322 2387 
1 2301 
2 249 735 
6 675 1110 1439 1914 2033 2158 
4 238 1052 1760 2066 
1 1576 
2 484 1379 
2 463 1829 
0 
5 53 1037 2197 2320 2421 
4 343 424 678 1167 
5 588 765 1008 1850 2090 
0 
1 1124 
4 228 508 1318 1728 
3 52 2428 2459 
3 651 1397 1886 
1 611 
4 1069 1285 2047 2492 
4 581 1277 1478 2183 
2 627 1547 
1 1674 
7 223 452 1613 1668 1726 1990 2171 
3 104 1512 1761 
1 1747 
3 226 1270 2016 
1 1771 
4 1380 1779 2228 2356 
2 17 1029 
1 511 
3 1193 1908 2433 
4 2 12 695 1517 
0 
4 325 984 2007 2182 
0 
0 
4 502 745 1276 1976 
4 364 945 1519 2315 
4 117 647 1619 2132 
3 1237 1454 1616 
0 
1 428 
3 848 2397 2495 
3 1421 2032 2265 
1 1853 
2 1548 1877 
0 
3 1301 1888 2377 
1 1786 
4 658 710 2121 2232 
2 189 910 
2 834 2367 
4 93 1474 1594 2339 
1 61 
3 671 2296 2377 
0 
4 1344 1983 2208 2375 
2 1427 1860 
1 129 
5 696 1011 1118 1510 2196 
5 6 722 1637 2132 2314 
2 343 2027 
5 953 1130 1595 2022 2217 
5 513 1536 1609 1849 2417 
2 467 2332 
3 2149 2174 2334 
5 220 737 1349 1392 1563 
3 568 919 1945 
0 
3 383 1291 1612 
3 1624 2113 2309 
6 78 931 1737 1815 2267 2341 
2 1555 1901 
2 422 1986 
2 1540 1920 
4 985 1636 2361 2402 
4 348 1182 1465 2326 
2 780 1019 
0 
0 
2 1642 2205 
4 61 113 1258 1680 
1 2167 
1 679 
2 1282 1967 
1 946 
2 61 428 
4 18 152 1263 2232 
2 590 1247 
2 1397 1683 
2 375 1264 
3 1473 1529 2286 
3 215 1133 1223 
0 
4 156 782 1335 1768 
2 1181 1212 
2 210 1346 
2 2147 2458 
2 1397 1950 
5 1312 1343 1408 1804 2193 
3 678 1434 1626 
4 107 257 1129 1520 
1 1209 
3 806 1810 1811 
3 82 1464 1552 
1 2277 
0 
2 375 932 
1 1559 
7 351 451 518 1270 1446 2093 2356 
5 174 1469 1505 1526 2095 
2 96 2072 
2 168 2480 
1 518 
1 2185 
5 115 1464 1544 1745 1976 
2 403 1994 
1 1273 
1 2278 
5 234 285 612 1551 1768 
1 348 
2 1849 2452 
3 71 1262 1640 
1 1098 
6 121 300 344 671 930 1735 
2 1100 1355 
1 2227 
5 333 475 536 1261 1852 
3 173 1123 1672 
2 930 2426 
3 54 106 148 
2 33 1549 
1 1875 
1 1904 
3 34 641 1233 
1 1962 
1 187 
3 697 1656 2028 
3 759 862 2059 
1 1201 
1 261 
2 975 1514 
1 588 
4 772 1219 1711 1879 
3 555 2155 2365 
1 1852 
1 2331 
1 2387 
3 526 1210 1631 
5 70 112 970 1287 2031 
3 540 735 809 
4 314 331 1081 1988 
6 93 573 1244 1656 1858 2465 
3 542 734 2135 
2 154 1200 
1 1156 
1 1598 
0 
3 650 1038 1317 
2 293 425 
1 1466 
1 1763 
3 1122 1591 2139 
2 1005 2384 
2 152 217 
0 
5 718 828 906 2005 2459 
3 974 2491 2497 
4 25 1553 1783 2253 
3 653 888 1112 
1 2139 
1 1129 
2 497 867 
2 43 57 
4 942 1311 1823 2063 
3 31 480 858 
0 
3 923 1131 2206 
2 1305 1631 
3 340 1109 1526 
4 576 2151 2350 2360 
1 974 
2 635 2423 
1 810 
3 108 661 2282 
3 599 1029 1828 
1 132 
1 1687 
2 1648 2003 
1 1088 
3 522 1031 2265 
5 122 746 841 974 2466 
2 223 954 
2 1831 2310 
1 64 
3 858 1205 1697 
0 
2 515 1180 
4 297 676 925 1568 
2 1807 2075 
4 234 1169 1218 1446 
5 383 695 1157 1218 2186 
2 1299 1518 
1 1731 
4 265 310 951 1052 
1 885 
3 1829 2001 2313 
3 487 2362 2459 
2 1964 1971 
0 
1 986 
4 1030 1192 1650 2150 
2 1056 1695 
3 2105 2370 2463 
3 939 957 1496 
1 459 
4 1047 1350 1848 1892 
2 1375 1711 
0 
3 111 1466 1651 
4 667 1850 1934 2289 
1 2443 
0 
0 
2 733 2194 
2 1863 2382 
0 
1 333 
3 246 1089 1849 
1 2395 
3 1977 2179 2314 
4 1245 1955 2001 2236 
4 603 653 749 2185 
3 595 1304 1509 
2 488 1763 
7 57 439 527 1169 1709 1831 1954 
1 1535 
0 
0 
1 231 
5 118 1559 1694 1710 1762 
4 1737 1927 2343 2475 
0 
3 97 288 2302 
2 1228 2230 
3 192 1589 1607 
1 1652 
2 1868 1940 
5 1594 1671 1880 2218 2352 
1 1331 
1 1963 
2 351 1090 
1 2324 
2 830 1643 
0 
3 698 1595 2153 
4 399 1257 1298 1411 
3 638 1613 2350 
2 1275 1288 
3 1947 2104 2307 
9 230 554 584 727 795 931 1423 1543 1804 
3 1022 1176 2479 
2 1119 1530 
5 431 1146 1501 1676 2431 
4 458 623 1992 2309 
2 522 829 
1 1576 
5 793 1003 2231 2348 2478 
1 1155 
0 
2 597 1992 
1 1434 
3 0 1007 2045 
2 396 2456 
2 1402 2204 
1 1883 
4 901 1687 1845 2239 
1 1252 
2 260 2445 
4 1112 1472 1513 2205 
3 954 1826 2446 
1 102 
0 
0 
4 238 1545 1559 2181 
1 778 
3 1615 2035 2449 
4 253 1004 1369 1659 
2 917 2098 
4 287 575 887 1584 
2 1600 2222 
4 33 149 222 421 
2 859 1165 
2 2091 2419 
5 194 333 337 1133 2320 
4 12 163 877 2399 
2 1483 1649 
2 703 1128 
5 414 489 803 1640 2372 
3 717 1036 1710 
0 
0 
1 372 
2 459 2012 
3 1330 1771 2064 
2 817 2381 
1 199 
2 632 1767 
5 865 1904 1935 2013 2174 
4 823 1760 2466 2479 
4 97 638 1882 2000 
0 
4 351 751 1570 2323 
2 1716 2092 
2 1707 1981 
2 755 2246 
4 134 374 1280 2388 
3 1034 1716 2061 
3 377 1905 2118 
5 599 2051 2054 2072 2423 
0 
3 1560 1733 1861 
1 677 
5 114 818 1097 1197 1320 
0 
1 1831 
2 1300 1705 
1 2346 
1 1580 
2 910 2062 
3 484 1891 2327 
1 368 
4 137 574 1685 1728 
5 189 997 1065 1870 2429 
3 766 1109 2003 
3 649 856 1150 
2 861 1926 
2 758 1927 
1 1182 
3 736 878 1668 
1 1427 
4 109 169 640 2118 
2 1805 2031 
2 1263 1820 
4 291 1691 1725 2031 
4 907 1947 1957 2169 
2 1327 2496 
1 1671 
3 1527 1567 2025 
2 376 1894 
2 556 952 
4 513 1263 1278 1870 
2 404 984 
1 1744 
0 
1 870 
3 188 663 1160 
2 243 2000 
2 852 1656 
5 159 597 1090 2360 2474 
3 484 1603 1746 
1 2128 
1 1938 
1 1502 
4 235 366 1071 1306 
3 880 1816 2120 
2 312 2398 
2 1370 1543 
2 1924 2348 
0 
3 676 2452 2487 
4 139 457 1523 1708 
2 137 1231 
6 494 583 880 1520 2042 2046 
1 988 
4 409 543 1032 2234 
1 2377 
2 885 1718 
1 1408 
3 456 1321 1631 
2 1446 1671 
5 91 871 996 1774 2486 
2 2004 2308 
1 1284 
0 
1 2413 
3 33 1443 1477 
3 116 175 241 
2 343 655 
1 1050 
3 1118 1203 1576 
2 948 1180 
2 870 2373 
1 1912 
2 880 1595 
3 1695 2340 2349 
3 73 1553 2316 
3 987 1177 1710 
2 1303 1651 
4 186 488 2187 2382 
2 2081 2183 
3 1731 1752 1782 
0 
5 244 881 1563 1789 1856 
0 
1 1618 
2 770 1942 
0 
3 531 1013 2233 
3 1637 1875 2492 
0 
4 406 992 1691 1776 
2 651 1804 
2 994 2260 
3 481 534 1243 
4 107 1844 2024 2320 
1 565 
3 358 1249 2146 
2 1791 2453 
0 
2 147 1898 
3 725 1432 2375 
0 
3 262 1412 2066 
1 1818 
1 559 
2 382 2439 
3 240 636 1097 
1 1111 
3 393 456 1959 
1 2277 
1 612 
2 1201 2468 
1 1991 
5 273 936 1536 2107 2175 
0 
2 1749 1806 
6 29 408 868 1541 1674 2127 
4 697 1060 1706 2405 
2 580 1953 
5 930 1540 1648 2000 2277 
1 112 
3 56 215 1782 
6 444 1017 1504 1957 2186 2320 
2 1524 1834 
1 1921 
3 75 1358 2282 
5 207 278 348 1964 2273 
5 130 676 878 1017 2354 
1 26 
1 1360 
3 227 1170 2267 
4 422 594 672 2112 
3 546 1947 2173 
3 234 324 1146 
4 307 1307 2160 2308 
1 2476 
0 
3 721 1509 2457 
1 1689 
0 
1 1396 
4 177 1311 1940 2151 
2 2079 2233 
1 994 
3 973 1621 1899 
1 821 
1 1023 
0 
0 
2 212 1051 
5 255 425 753 1188 2217 
2 68 283 
2 361 662 
3 479 1982 2248 
2 1143 1309 
2 936 2254 
4 1146 1784 1930 2106 
1 8 
3 521 1826 2273 
1 1454 
1 1434 
0 
2 1424 2310 
2 1933 2162 
1 866 
1 273 
2 1634 1994 
4 1134 1540 1723 1841 
2 1946 2391 
1 1756 
1 1038 
2 1794 1903 
3 523 981 2305 
5 390 840 1666 2247 2494 
2 1079 1103 
1 1062 
2 682 1232 
3 284 1122 1511 
1 1089 
1 822 
6 191 645 937 1070 1569 1802 
2 124 1135 
3 16 484 1306 
2 1114 2424 
6 201 753 807 1555 1692 1866 
3 1437 2160 2423 
0 
2 1980 2219 
3 448 1568 1933 
3 377 1253 1908 
3 226 374 946 
7 72 563 957 1679 1690 2235 2476 
3 290 859 1968 
5 1384 1495 2182 2261 2285 
2 843 2270 
2 1424 1800 
3 993 1094 1630 
4 78 163 2142 2440 
4 1303 2096 2141 2455 
2 1334 2279 
2 260 2285 
1 415 
2 1293 2335 
2 122 1165 
4 456 946 2097 2334 
0 
5 191 536 1014 1305 1527 
3 843 845 1015 
3 695 729 1205 
1 1291 
3 539 1668 1876 
2 2 1421 
1 2140 
3 561 770 1657 
1 362 
1 2358 
3 75 1058 1438 
2 997 1911 
3 182 928 2433 
1 1956 
1 235 
4 127 558 2066 2094 
2 1150 1453 
2 882 992 
3 213 1981 2262 
6 630 758 975 1149 1621 2122 
1 162 
4 367 1658 1985 2451 
2 149 1117 
1 2444 
0 
2 1251 2151 
2 790 2466 
2 509 2036 
1 1478 
3 301 1492 1853 
0 
3 318 1455 2203 
2 987 1635 
1 1053 
1 96 
3 1400 1865 2304 
4 1083 1487 1931 2311 
1 815 
1 2327 
2 777 1979 
0 
3 1362 1368 1656 
2 491 2254 
2 1722 1891 
2 484 1542 
4 206 1197 1762 2050 
0 
0 
2 1077 1962 
2 169 1736 
0 
4 1614 1790 1896 1944 
1 522 
4 1090 1470 1906 2345 
1 65 
3 327 896 2132 
3 729 929 1505 
1 1390 
3 160 374 1391 
2 407 1878 
3 1064 1085 1936 
0 
1 2320 
1 963 
5 788 1019 1536 1686 2085 
4 105 149 1096 2222 
3 529 1725 2403 
4 147 547 945 2415 
1 858 
2 224 1837 
1 690 
3 724 1007 1290 
3 533 1212 1598 
2 1154 2083 
2 1886 2065 
0 
2 1272 2316 
3 124 390 1901 
3 26 489 2046 
5 477 1000 1557 1993 2251 
3 155 1023 1161 
4 1115 1224 1908 1945 
1 1436 
7 13 200 275 1072 1462 2022 2267 
2 1261 1339 
0 
2 1056 2220 
3 1176 1649 1957 
1 2179 
5 718 871 886 932 2058 
3 415 1936 1964 
3 858 1094 2225 
4 739 752 1061 1604 
2 1163 1828 
2 0 752 
5 1561 2002 2012 2069 2336 
4 23 159 170 2476 
3 266 1186 1940 
2 1849 2499 
1 946 
2 92 1508 
2 582 880 
2 1947 2053 
2 2292 2336 
0 
5 38 559 1272 1610 1642 
3 51 949 1894 
4 399 419 819 842 
4 516 737 1568 1877 
1 1916 
5 109 560 972 1154 1903 
3 131 362 2449 
2 1212 1551 
1 1220 
2 532 2146 
2 170 709 
2 396 939 
2 661 2105 
3 1030 1247 2055 
4 579 616 1345 1390 
3 605 840 1759 
1 2125 
0 
2 145 2069 
1 176 
0 
2 519 1630 
3 12 563 672 
0 
8 176 589 597 618 852 1943 2422 2462 
3 627 1596 2060 
5 768 1242 1253 2121 2283 
1 1553 
2 125 1596 
3 429 601 2399 
2 840 1055 
3 513 1608 1675 
3 393 921 2337 
1 919 
3 202 918 2199 
0 
2 130 1294 
1 955 
1 2084 
4 1843 2124 2374 2432 
3 806 2147 2197 
1 1583 
2 2066 2490 
0 
2 1048 2022 
2 500 1819 
2 1783 1811 
0 
4 1316 1409 1861 1972 
1 1895 
2 390 1494 
3 569 1757 1955 
2 2061 2145 
2 1996 2064 
2 274 553 
1 2 
3 67 69 1369 
1 1376 
0 
3 126 941 1830 
0 
2 512 2034 
2 890 1980 
4 291 889 1078 2406 
1 2178 
3 888 937 1297 
1 1872 
2 401 1764 
1 1001 
3 66 136 422 
3 197 1090 1867 
0 
4 763 1031 1649 2116 
4 206 807 1100 1287 
3 348 353 664 
4 295 484 1933 2474 
4 106 331 840 1583 
1 1364 
1 2220 
0 
4 658 700 1896 2325 
2 725 921 
2 1102 1273 
2 438 867 
1 2121 
4 156 221 915 1007 
2 398 1137 
1 166 
2 1013 1087 
5 261 818 950 1295 2075 
5 309 735 749 850 2006 
0 
1 615 
3 857 1412 2084 
2 945 2259 
3 428 1948 2154 
4 574 1222 1631 1710 
3 286 1005 2492 
3 47 416 504 
3 893 988 1937 
1 984 
4 438 736 1678 1955 
0 
4 98 172 1428 1860 
1 2139 
2 2175 2405 
2 969 1497 
4 98 814 1767 1945 
1 1842 
2 107 173 
0 
2 1753 1959 
1 18 
3 962 1301 1332 
3 373 1091 2217 
0 
2 861 2054 
3 689 1532 1846 
4 391 405 415 1449 
3 365 770 1918 
1 1023 
2 1463 1549 
2 109 1721 
5 108 1212 1354 1442 2242 
1 1696 
5 174 717 993 1793 1801 
1 119 
2 1113 1673 
6 257 576 956 1249 1508 2239 
2 299 2169 
3 434 1185 1384 
6 621 783 1026 1137 1389 2010 
3 598 955 1540 
1 1872 
4 1072 1441 2233 2336 
2 2082 2098 
5 635 768 1025 1101 1448 
2 741 981 
4 65 637 688 1985 
1 1538 
2 178 605 
3 557 762 1069 
5 1428 1482 2141 2143 2261 
2 1903 2096 
2 830 1063 
5 206 924 1232 1718 2388 
1 1033 
2 491 2401 
1 511 
4 387 953 1123 1920 
1 1549 
7 496 822 941 1092 1867 2129 2409 
3 235 1761 2047 
4 80 126 1029 2360 
0 
2 22 283 
1 189 
4 632 944 1921 2294 
4 751 1310 1626 1666 
3 752 1657 1681 
2 1641 2460 
5 5 211 667 672 1804 
2 1095 2424 
4 301 815 1244 1998 
1 2161 
2 1810 2493 
4 485 1101 1649 1948 
5 161 691 831 976 1211 
0 
3 992 1721 1722 
2 987 2051 
1 2270 
2 1074 1234 
6 12 252 409 1009 2021 2197 
4 124 435 869 1500 
4 414 928 2157 2449 
4 599 1592 1594 1879 
4 168 1002 1651 2097 
2 541 2210 
0 
1 523 
3 178 233 1491 
2 382 715 
0 
3 1804 1954 2364 
2 1988 2369 
1 1630 
1 1742 
0 
5 72 1408 1717 2203 2467 
4 1052 1829 2001 2109 
2 440 1982 
3 900 1062 2273 
1 1220 
3 613 1442 1533 
3 217 694 2432 
5 228 428 1046 1860 2232 
2 784 2146 
1 1197 
2 886 2057 
4 436 837 1394 1826 
1 2445 
3 761 1864 2025 
2 11 1699 
2 662 1201 
2 843 1906 
7 140 183 720 1048 1071 1243 1722 
3 1000 1197 1693 
4 811 1197 1550 1912 
4 557 1138 1198 1781 
0 
0 
1 2259 
3 242 997 1362 
1 725 
3 588 1062 1783 
2 834 990 
1 2214 
3 211 216 1028 
0 
2 137 2433 
4 120 799 1832 2041 
1 919 
4 91 719 1134 1208 
1 1694 
1 375 
2 1781 2413 
6 787 1147 1701 1950 2207 2354 
1 1214 
3 811 1198 2027 
0 
2 126 944 
3 413 2096 2238 
4 452 723 1812 1869 
6 475 583 804 926 2126 2290 
2 970 2079 
1 1007 
1 1791 
4 741 842 1453 2005 
2 1018 2281 
3 816 1155 1755 
2 547 651 
3 347 1694 1709 
1 2401 
4 349 929 1296 2214 
4 992 1022 1103 2429 
2 938 1427 
3 175 719 1101 
1 2114 
1 1853 
2 1241 2463 
1 2197 
2 1290 2230 
5 403 558 2142 2297 2495 
2 227 2160 
3 652 1653 2354 
2 393 503 
2 983 1578 
5 728 1437 1644 1955 2038 
2 832 1490 
2 1536 1687 
4 773 1947 2092 2475 
6 283 614 1168 2155 2397 2419 
1 486 
2 1402 2443 
1 2410 
4 386 722 1149 2184 
2 352 1005 
2 237 1288 
1 1408 
2 208 1428 
1 47 
3 521 1824 2467 
4 194 325 395 1451 
2 173 286 
4 401 1371 1877 1912 
1 1533 
2 316 518 
5 712 1079 1169 1491 1911 
1 726 
2 1157 2245 
3 942 987 2055 
3 1065 1143 2056 
1 160 
1 1507 
1 1479 
4 159 218 1222 2176 
3 699 1138 1671 
4 11 1180 1516 2023 
0 
6 487 678 701 1203 2259 2312 
3 1083 1621 2203 
2 2369 2370 
7 132 201 770 1122 1325 1517 2272 
3 559 767 1721 
1 2020 
1 23 
2 1307 1508 
3 824 861 1977 
3 492 1096 1587 
2 379 2143 
2 425 1136 
1 2155 
1 2486 
3 176 212 580 
1 831 
2 1330 1838 
2 4 844 
1 1692 
4 516 748 1514 1821 
3 1716 2287 2494 
4 22 234 1230 1910 
2 1118 1706 
6 424 459 1134 1713 2215 2371 
1 675 
1 2144 
2 102 1180 
4 17 97 1768 2227 
1 184 
0 
2 485 838 
2 621 1900 
2 1961 2346 
4 1185 1496 1654 1791 
6 421 615 1144 1172 1991 2444 
1 319 
3 300 562 2048 
0 
1 1942 
3 986 1179 1592 
2 848 2264 
2 68 2229 
1 695 
1 57 
2 98 1688 
2 1529 2454 
4 213 435 1551 2211 
1 254 
0 
1 1818 
0 
7 547 796 1054 1063 1064 1435 1564 
4 1065 1085 1342 2054 
1 2033 
3 378 1552 2238 
5 363 656 1060 1525 2313 
1 1900 
5 29 157 614 1146 1509 
3 105 1466 2242 
3 419 753 2045 
3 1274 1377 1531 
1 1787 
5 89 1079 2326 2348 2380 
5 326 1262 1313 2349 2378 
2 372 1917 
3 1023 1345 1402 
6 319 823 863 979 1338 2130 
1 224 
5 1084 1310 1439 1612 2301 
1 2185 
1 2239 
2 1712 1762 
2 424 425 
3 367 1548 2012 
2 864 1049 
1 1988 
3 952 1142 2073 
2 316 1899 
2 832 2416 
3 1998 2092 2343 
4 17 1255 2079 2267 
1 2303 
2 468 1290 
0 
3 1167 1316 1363 
3 596 1932 2360 
4 721 1001 2001 2150 
3 160 358 1598 
1 1028 
0 
1 2093 
3 66 263 1479 
1 1816 
2 1546 2203 
0 
4 106 1106 2113 2485 
1 882 
5 110 638 1062 2246 2405 
4 376 1019 1642 1822 
3 127 455 1547 
1 1890 
4 103 312 869 2220 
0 
3 142 641 984 
2 1516 2490 
2 776 2043 
3 501 2370 2433 
10 734 882 1321 1635 1667 1703 1908 1938 2029 2487 
1 2166 
3 1226 1382 1553 
1 2093 
2 73 480 
2 305 1803 
0 
0 
3 351 835 1333 
2 346 1209 
6 311 567 575 1379 1481 1915 
4 314 1511 1769 1929 
2 0 1286 
3 1408 2302 2403 
1 1270 
1 1381 
4 125 1494 1623 2115 
5 249 333 1267 1610 1717 
0 
3 827 856 1384 
7 46 341 938 1831 2291 2358 2497 
1 1206 
1 482 
4 260 1292 1351 1836 
5 135 243 1610 1809 2126 
1 575 
0 
2 540 1472 
2 1591 1925 
3 109 308 2492 
1 209 
2 607 2402 
1 242 
1 1265 
4 373 929 1468 1527 
3 482 1124 2074 
2 1403 2381 
3 822 1108 1228 
3 293 754 1986 
3 1276 1871 2405 
2 747 1732 
4 892 1580 1609 2491 
3 945 1672 1752 
2 1100 2492 
3 921 2228 2498 
2 480 1736 
2 426 1448 
1 550 
2 271 969 
0 
4 622 743 1782 2067 
2 457 2001 
2 402 751 
3 588 727 1982 
4 679 1153 1912 1935 
1 80 
1 699 
4 54 1014 1214 1320 
3 398 686 2442 
4 323 1787 1795 2443 
2 1209 1596 
3 103 212 213 
4 164 1548 1689 2326 
3 904 1230 1823 
3 163 382 1836 
4 238 1482 1896 2114 
2 65 1628 
4 147 547 1310 1827 
4 603 1253 1652 2488 
1 224 
1 2300 
1 2476 
2 1149 1995 
2 1934 2223 
4 570 1858 2079 2345 
0 
2 1330 1592 
7 45 528 1162 1329 1870 1943 2490 
3 132 473 1387 
1 969 
2 1261 2039 
5 0 744 1352 1941 2321 
2 318 2116 
1 187 
2 30 1893 
1 1212 
1 835 
0 
0 
2 1198 1785 
2 323 1444 
2 280 1918 
5 89 870 1211 1932 2272 
5 188 320 1576 2393 2478 
1 102 
4 96 119 1418 1505 
2 118 290 
1 440 
1 1276 
3 1334 1376 1803 
2 1513 2016 
1 979 
1 349 
1 2081 
1 1943 
1 670 
2 2227 2307 
3 674 1437 2172 
0 
3 792 1069 2390 
1 1230 
3 933 2245 2315 
4 1671 1993 2159 2463 
0 
2 58 2166 
5 792 1446 1588 2098 2145 
2 511 912 
2 591 1501 
2 1131 1597 
1 212 
1 10 
5 74 1668 1720 1957 1991 
3 441 1632 2050 
4 145 913 1352 1931 
3 1206 1445 2121 
2 68 2482 
3 230 1263 2409 
2 251 2258 
2 1268 1696 
1 1255 
3 1728 2086 2270 
3 738 986 1272 
2 197 1560 
0 
1 1331 
2 2283 2358 
2 987 2070 
4 808 870 1985 2288 
1 809 
1 290 
4 1589 2030 2339 2459 
1 1056 
1 2284 
1 685 
6 240 313 322 1627 2456 2495 
0 
2 215 1545 
2 786 1534 
1 117 
6 123 498 1120 1211 1873 2231 
1 1289 
0 
1 1406 
1 1405 
4 32 1531 2038 2367 
5 323 602 1045 1125 1266 
1 904 
0 
3 480 1607 2290 
6 647 949 1487 1994 2121 2213 
0 
0 
1 193 
1 2216 
1 1865 
1 1348 
2 1454 2091 
1 2477 
2 267 756 
0 
3 484 1493 1915 
3 75 707 740 
1 20 
3 1664 2147 2385 
6 281 564 1102 1694 2329 2374 
4 959 998 1126 1878 
1 2461 
1 2374 
2 1879 2329 
1 645 
0 
4 324 495 705 1844 
2 1197 2402 
3 833 1677 1801 
3 730 1114 1360 
5 761 1799 1883 2251 2498 
3 213 227 1214 
0 
2 990 1958 
2 979 1050 
3 48 610 2324 
2 1343 2170 
1 1377 
4 333 424 604 1368 
1 2335 
2 992 1299 
2 974 1490 
4 1475 1854 1958 2424 
4 1129 1807 1810 2045 
1 1986 
6 98 767 1094 1800 2236 2336 
6 167 263 704 1419 2039 2371 
2 782 1605 
0 
0 
1 197 
0 
2 2213 2439 
0 
4 211 834 1843 2355 
4 977 1539 1972 2355 
3 328 339 1853 
2 300 1980 
4 384 443 1204 2020 
0 
2 1287 2257 
3 334 1609 2170 
5 32 196 804 1477 2219 
0 
6 41 503 1280 1575 1630 2376 
1 315 
3 276 1493 1617 
1 1450 
0 
5 10 32 610 1470 2150 
2 243 779 
8 172 1141 1237 1540 2060 2216 2331 2460 
2 2468 2494 
2 1263 1587 
6 998 1318 1534 1643 1782 2014 
2 73 520 
3 1844 1977 2235 
1 1829 
0 
3 175 787 1412 
1 130 
1 1943 
4 1115 1449 1774 1844 
2 1037 1134 
1 780 
3 1423 1474 1670 
5 60 906 1269 2366 2494 
2 738 1864 
2 438 1179 
2 47 962 
2 2182 2481 
2 114 193 
2 141 1030 
3 487 1370 2138 
3 172 587 1987 
0 
1 667 
3 334 807 1348 
2 2046 2431 
1 1140 
5 51 196 851 984 1153 
5 457 682 1203 1835 2338 
4 283 1622 2001 2020 
2 722 1264 
3 247 1585 1867 
4 503 1353 2060 2167 
2 365 1165 
1 1880 
4 1144 1250 1716 1853 
3 255 1149 2059 
4 426 1749 2089 2148 
2 188 261 
3 165 325 597 
0 
3 1535 2234 2244 
3 123 595 1531 
1 668 
1 1201 
3 33 334 403 
4 572 751 1287 1567 
1 1894 
2 315 1191 
3 486 1851 1953 
4 1206 1407 1523 1894 
1 973 
2 1050 1132 
2 1400 1482 
3 53 460 1522 
6 287 658 815 1116 2005 2124 
2 1837 2061 
3 995 1843 2303 
3 1463 1827 2285 
7 298 664 712 988 1479 1610 1931 
1 661 
1 795 
5 196 484 591 2266 2421 
1 339 
3 508 1399 1950 
1 1239 
2 244 1245 
6 56 269 1219 1315 1580 1966 
6 355 977 1006 1747 1858 2084 
2 1064 1795 
5 343 863 1192 2122 2307 
4 209 328 1200 1764 
5 144 392 620 883 1255 
2 2446 2484 
2 296 729 
0 
2 830 1593 
2 1807 1951 
3 332 464 508 
3 100 545 1385 
1 846 
1 135 
3 290 627 2175 
4 42 63 1197 1642 
1 1647 
1 1849 
4 20 572 1527 1604 
3 422 733 859 
2 725 1995 
3 79 536 1812 
0 
2 140 2261 
1 2063 
0 
1 1472 
6 229 490 614 1346 1764 1986 
1 114 
4 1113 1946 2034 2215 
1 2082 
4 552 1294 1548 2488 
1 2087 
1 149 
2 897 932 
2 108 513 
1 1512 
1 2127 
2 1155 1481 
2 1368 1993 
5 469 1393 1639 1917 2387 
1 1835 
2 386 1281 
5 1032 1185 1329 1989 2312 
1 1557 
4 276 472 1032 1925 
5 286 479 618 2074 2342 
4 881 884 1313 1897 
2 1371 1971 
3 380 823 1233 
1 2347 
2 514 1795 
1 2344 
1 2385 
3 584 1862 2194 
2 843 1567 
2 1455 2181 
0 
2 469 1411 
3 55 85 887 
4 287 1294 1469 1886 
5 856 1270 1277 1540 2267 
0 
5 293 1214 1644 1744 2305 
2 246 481 
3 802 1643 2244 
1 510 
2 263 2179 
6 99 1474 1875 1953 2161 2195 
1 629 
2 68 262 
3 1879 2461 2471 
6 689 770 1147 1949 2296 2356 
3 150 1510 2276 
3 172 1269 1669 
2 294 2494 
1 1697 
4 324 1014 1878 2385 
1 1397 
1 1319 
0 
4 741 877 1042 1472 
5 372 402 603 952 1738 
1 1375 
0 
2 711 1684 
2 783 1253 
3 108 299 2293 
3 284 633 1853 
1 2264 
2 1589 2173 
3 346 522 2439 
1 1016 
5 304 856 1244 1564 2105 
3 477 1482 1614 
2 1114 1612 
1 1988 
1 1960 
2 39 1565 
4 72 412 664 1924 
4 520 838 928 1022 
2 435 1988 
3 443 622 1033 
3 470 1321 2450 
2 1111 1716 
1 1179 
1 68 
4 361 376 582 792 
2 758 1015 
2 772 1920 
1 511 
0 
1 2455 
0 
0 
2 1426 2095 
0 
3 718 1014 1934 
1 1253 
5 246 563 755 1374 2365 
3 1623 2051 2228 
2 134 1493 
6 472 571 604 1143 1365 2133 
3 352 1295 1674 
1 983 
3 245 661 1672 
1 887 
3 487 2343 2361 
2 1436 2205 
3 957 2040 2414 
3 736 1837 1900 
1 305 
2 1015 2143 
2 2171 2329 
3 201 313 2054 
2 1634 1927 
2 556 2040 
2 815 2011 
5 411 500 1116 2038 2352 
1 1190 
2 683 1315 
2 736 2325 
2 568 635 
2 729 1164 
4 1063 2050 2173 2359 
4 464 1080 1098 1427 
3 436 619 2089 
6 159 980 1381 2018 2239 2245 
2 419 1625 
1 1999 
3 1059 1866 2486 
0 
1 1083 
1 17 
1 1253 
2 167 2411 
1 550 
4 11 191 662 1168 
2 538 2130 
2 595 2431 
3 459 1098 2065 
4 464 523 621 952 
3 367 441 2099 
1 1217 
2 1169 2151 
1 1763 
2 2142 2410 
5 537 541 1166 1516 1653 
2 1045 1270 
3 601 1001 2330 
2 35 2434 
4 1374 1975 2205 2400 
4 978 1025 1150 2243 
4 122 794 1025 1062 
2 712 2274 
0 
2 568 817 
1 246 
1 2415 
5 238 556 1383 1879 2115 
1 1825 
0 
3 29 427 625 
3 1293 1887 2119 
3 545 2316 2406 
1 26 
4 348 2128 2188 2260 
2 800 1298 
3 295 465 2055 
2 177 1631 
1 2406 
1 1978 
0 
1 1043 
1 1983 
2 577 1612 
4 154 339 2091 2119 
1 584 
3 83 248 1549 
2 79 2201 
3 660 1518 1767 
0 
1 2460 
3 625 1295 1990 
3 967 1933 2072 
2 184 2405 
1 1096 
2 714 2347 
1 907 
1 1957 
2 871 1869 
3 228 533 2326 
2 247 1008 
4 464 796 1217 2231 
3 385 458 1714 
3 923 1552 1576 
0 
1 2324 
4 531 963 1749 2406 
3 318 343 1173 
3 1 1264 2115 
3 1876 2044 2229 
2 250 528 
2 134 2499 
2 221 1925 
4 5 605 1490 2141 
1 118 
2 2 635 
0 
2 2154 2312 
1 251 
0 
3 1065 1082 2196 
4 625 666 1303 1482 
3 392 902 1071 
1 701 
1 1342 
2 272 2057 
3 1207 1312 2085 
2 1819 2327 
1 627 
2 802 1832 
3 642 1093 1179 
2 2019 2319 
2 981 1918 
1 716 
5 1312 1550 1600 2033 2400 
1 14 
1 2017 
1 2415 
1 1438 
2 740 1453 
3 981 1436 2124 
2 725 1860 
4 1258 1352 2014 2471 
7 323 484 636 1017 1040 1805 1861 
2 566 1804 
2 660 2234 
3 423 1451 1558 
0 
1 1277 
3 327 1021 1451 
3 178 327 902 
3 1089 1570 2114 
1 2030 
1 1897 
1 295 
3 589 1238 1990 
1 80 
3 648 1195 2364 
3 901 1788 2016 
2 567 2173 
1 1165 
2 35 1244 
2 398 1316 
2 139 1128 
2 112 1729 
3 504 703 1056 
2 1320 1539 
4 188 409 844 1957 
4 231 430 1046 1485 
2 915 1961 
6 47 417 459 549 1273 1919 
3 1077 1790 2080 
2 145 2439 
1 668 
2 1509 1590 
3 1276 1317 1888 
3 820 1537 1679 
2 1162 1899 
1 2220 
1 1990 
1 712 
4 964 1906 2236 2319 
5 895 1462 1538 2041 2381 
5 639 1434 1484 1490 2235 
3 57 223 500 
3 973 2005 2088 
1 1951 
1 440 
5 287 345 452 849 1566 
2 235 444 
2 1530 2433 
5 154 351 369 2250 2394 
6 268 780 1105 1464 1516 1637 
1 1450 
0 
3 627 2068 2344 
0 
3 376 1327 1549 
2 111 2433 
4 281 959 1052 1802 
4 88 545 904 1804 
4 1603 2150 2178 2328 
2 449 2492 
3 151 1058 1495 
2 786 1417 
3 729 1699 2460 
3 926 1007 1512 
1 471 
2 1089 1759 
3 557 575 1330 
2 1292 2218 
2 922 989 
3 181 1402 2429 
0 
3 356 633 1617 
4 153 755 1770 2378 
5 269 859 1131 2044 2494 
3 810 1428 1626 
5 367 1032 1431 1620 1728 
2 472 1515 
0 
1 534 
3 153 499 1438 
0 
1 2114 
4 240 825 1609 2224 
2 1732 1961 
2 271 1836 
0 
2 140 1246 
4 554 794 2099 2272 
1 440 
2 1337 2489 
5 573 857 1528 1531 2480 
2 905 1969 
4 18 802 936 1318 
4 1596 1814 2210 2473 
2 644 2248 
3 689 1223 1838 
4 1177 1202 1679 1924 
4 125 296 828 2438 
1 9 
3 716 861 999 
3 357 532 2116 
2 210 542 
5 118 804 1061 1842 2312 
0 
5 254 734 832 1253 2214 
0 
2 120 1167 
2 762 1134 
5 617 1064 1131 1307 1974 
1 170 
1 227 
2 1263 1423 
2 860 2317 
3 1210 1589 2498 
3 975 1344 1793 
3 157 1831 2177 
4 29 298 1005 1658 
2 669 1013 
1 2086 
2 71 209 
5 44 592 1648 1900 1994 
3 1281 1594 1773 
3 120 560 2146 
6 92 465 561 1684 2242 2287 
1 154 
1 1264 
1 701 
4 787 1376 1540 2498 
2 1231 1345 
4 708 733 931 1753 
4 113 444 1326 1666 
3 532 1307 2018 
3 181 811 841 
3 179 955 2121 
4 586 1253 2094 2108 
0 
3 471 686 848 
1 1334 
2 630 1184 
4 880 1330 1357 1489 
2 802 1969 
3 291 832 963 
2 713 1578 
6 483 569 677 853 1117 2442 
3 951 1022 2302 
2 1621 2081 
3 322 1083 1545 
3 48 1558 1847 
0 
4 97 663 1530 1617 
2 459 1040 
6 194 455 907 957 1114 2151 
1 764 
7 96 569 667 838 1374 1758 1828 
3 1441 1450 2493 
2 653 967 
2 95 1646 
3 1178 1830 1887 
2 359 799 
1 474 
4 432 671 841 2437 
0 
1 1548 
3 308 2348 2396 
1 737 
3 1895 1944 2277 
1 2396 
3 432 1597 2288 
4 904 1463 2247 2332 
3 88 2386 2461 
2 1912 2363 
2 1720 2333 
3 260 339 2486 
5 454 1154 1484 2026 2106 
3 1740 2027 2288 
1 790 
3 732 918 1465 
2 538 769 
5 698 1047 1306 2049 2123 
3 280 1743 2049 
1 2274 
4 772 994 1390 2128 
5 171 297 1291 1452 1576 
1 1502 
7 202 375 1041 1221 1645 1650 2261 
1 1592 
5 119 246 1752 1816 1840 
3 657 1180 1374 
2 488 494 
4 830 1365 1588 2260 
4 340 711 1412 1924 
3 57 1325 1569 
1 909 
1 2007 
2 1019 1225 
2 1698 2050 
5 534 581 664 2323 2492 
8 430 455 1046 1232 1304 1510 2258 2384 
2 846 2224 
3 412 558 2364 
2 58 606 
4 390 1094 1536 1846 
3 11 946 2080 
3 102 257 1997 
1 221 
0 
1 987 
3 1686 2121 2298 
3 527 846 1219 
1 532 
2 1482 1803 
0 
3 249 1353 1819 
2 1797 2169 
2 1696 1935 
1 1792 
3 1151 1466 1510 
3 1029 2101 2474 
5 167 286 834 900 2416 
1 1144 
1 639 
3 7 572 1058 
1 1977 
4 285 1085 1978 2284 
2 109 361 
3 1253 2231 2330 
3 1393 1813 2056 
3 373 566 568 
3 221 267 2359 
3 227 1199 1795 
2 917 1578 
2 192 510 
1 778 
0 
4 25 1114 1407 1687 
2 1333 1454 
2 1678 1685 
2 1077 1843 
1 597 
5 94 97 110 191 1251 
3 56 1770 1877 
3 496 1205 1451 
5 597 829 1506 2192 2243 
3 242 1008 2337 
2 1182 2067 
2 1982 1983 
5 190 796 1375 1693 1999 
3 543 1026 1669 
2 8 2135 
2 176 853 
4 543 972 1198 1683 
3 869 1137 1737 
3 1138 2030 2377 
2 1055 1786 
2 840 2319 
3 362 1517 2454 
3 881 1479 1513 
4 541 908 1537 2143 
1 553 
3 398 1573 2473 
2 528 909 
2 825 1709 
5 144 228 647 766 898 
3 193 1303 2048 
3 1856 2208 2453 
2 846 874 
1 1389 
1 104 
3 335 543 1753 
1 1222 
2 1288 1595 
4 1 423 945 2151 
2 2276 2416 
1 2108 
2 2136 2418 
4 687 1091 1226 1327 
3 1832 2006 2126 
3 624 1356 1949 
3 136 991 1579 
1 824 
3 894 949 1549 
2 815 1787 
2 1383 1922 
1 1581 
3 1846 2099 2487 
3 84 1518 1695 
2 131 235 
3 517 1419 1745 
5 78 219 537 1117 1225 
4 333 1236 1256 2313 
2 766 1938 
2 334 1664 
5 743 999 1088 2134 2220 
2 749 1033 
4 41 512 991 1368 
3 1711 1891 2088 
0 
1 2021 
0 
2 2142 2224 
3 206 483 2295 
3 437 868 1642 
3 701 1977 2244 
1 658 
2 1938 2077 
1 1046 
0 
0 
2 676 2149 
2 294 1241 
4 1104 1318 1812 1885 
3 1269 1728 1769 
3 928 1335 1904 
0 
2 542 565 
2 1732 1745 
1 589 
7 273 882 940 1377 1412 1937 2011 
4 42 770 1551 2370 
1 1982 
4 895 1536 1801 2439 
1 872 
6 154 1090 1277 2080 2250 2302 
3 85 661 1586 
3 585 1735 1985 
2 1007 2151 
3 1212 1707 2473 
2 8 222 
4 195 262 284 806 
2 4 1671 
2 2096 2241 
2 377 2052 
1 2078 
1 2458 
2 1501 2279 
4 59 386 394 960 
3 757 2266 2321 
4 743 998 1774 2184 
4 742 1109 1715 2103 
5 998 1156 1681 2061 2215 
1 1171 
2 908 1368 
6 171 641 865 1053 1926 2276 
4 158 321 896 1426 
1 1518 
2 289 2112 
5 140 435 1232 1477 1862 
7 404 686 776 1713 1955 2075 2129 
1 64 
1 479 
3 160 951 1778 
3 368 1118 1158 
0 
2 1031 2365 
1 227 
2 29 1365 
5 679 730 1110 2248 2467 
3 1020 1617 2343 
3 708 2273 2312 
0 
0 
0 
3 1254 1367 2385 
2 306 1513 
0 
4 569 985 2017 2464 
3 140 1444 1469 
2 246 1682 
2 88 1360 
4 677 1639 1693 1820 
3 103 289 532 
4 42 658 961 1563 
3 1142 2177 2385 
2 1919 2176 
3 194 920 1862 
3 454 839 1616 
0 
2 508 1605 
3 257 738 1498 
3 174 243 624 
2 1122 2141 
4 115 338 456 1215 
2 425 667 
1 623 
2 218 1735 
0 
2 223 2437 
1 84 
1 2046 
1 323 
3 86 448 1603 
2 1617 2290 
3 13 283 1781 
6 233 896 1029 1107 2309 2405 
0 
1 890 
0 
2 187 1748 
0 
4 782 1045 1147 1239 
2 74 498 
5 117 304 503 1677 1720 
1 401 
1 1083 
2 280 2068 
0 
3 1034 1897 2484 
2 214 1192 
0 
2 1412 1460 
3 1073 1100 1908 
3 1169 1578 2143 
2 1416 1479 
3 286 695 970 
2 472 1871 
4 177 732 1470 2459 
5 837 934 1247 1839 2096 
1 208 
3 514 816 2474 
1 1326 
4 1886 2002 2103 2499 
4 12 111 160 842 
1 2384 
3 350 1173 1359 
3 251 1297 1669 
3 1187 1770 2352 
2 468 1108 
4 491 1402 1762 2029 
3 273 311 1052 
3 632 687 990 
3 599 1522 1806 
4 23 736 1484 1844 
3 455 1453 1842 
0 
2 1088 1200 
5 500 984 1216 1696 2441 
0 
3 2134 2247 2446 
4 979 1204 1927 2249 
2 1721 2046 
3 1522 1614 2106 
3 1136 1364 1696 
4 539 1243 2383 2419 
3 718 1972 2241 
4 1 698 1898 2160 
1 2242 
2 1852 2126 
2 830 1438 
1 194 
2 111 392 
3 700 793 2461 
0 
0 
2 120 1468 
3 99 1380 2001 
3 950 1068 1146 
3 637 1735 1993 
5 137 738 998 1572 1988 
1 769 
0 
3 1186 1638 2276 
2 267 414 
3 10 1543 2140 
6 118 295 675 834 1226 1610 
0 
0 
3 739 1027 1383 
1 195 
3 1149 1345 1891 
4 671 703 1048 2162 
2 1723 1984 
1 54 
5 215 1622 2076 2146 2264 
4 329 654 664 1969 
2 96 342 
2 744 2138 
0 
1 1095 
2 408 670 
3 882 1388 2361 
2 1395 2027 
3 738 745 1539 
2 315 2369 
2 1166 1927 
3 1390 1971 1978 
1 444 
3 1090 1411 2195 
1 1273 
1 854 
1 1636 
1 1013 
2 2104 2476 
2 278 1621 
1 1109 
2 2011 2450 
0 
1 1323 
2 225 1214 
6 48 467 1266 1948 2126 2341 
2 1227 1538 
1 786 
2 717 1612 
0 
4 179 483 1359 1551 
3 168 606 679 
4 172 294 488 2197 
2 417 707 
2 199 787 
6 127 1146 1592 1778 1906 2162 
4 430 1201 2093 2365 
2 284 454 
4 64 261 1364 2494 
3 620 827 1733 
2 88 1916 
0 
3 1792 1842 2058 
5 233 518 639 667 813 
2 1334 2140 
0 
2 536 2000 
3 476 1443 1766 
2 936 1690 
4 300 1208 1315 1760 
3 554 789 1788 
1 1862 
4 1427 1431 1682 2432 
3 220 1718 2029 
2 370 1479 
3 288 1972 2337 
1 1975 
3 289 749 2498 
3 116 747 1447 
5 41 846 854 990 1453 
4 888 2047 2332 2341 
1 1509 
2 276 1393 
1 619 
3 295 2302 2337 
2 133 1595 
4 465 1225 1676 2161 
3 1601 1856 2483 
2 804 1327 
3 93 551 1178 
3 1599 1756 2356 
4 491 592 1208 1967 
2 619 1209 
3 52 404 481 
1 99 
3 472 1687 2229 
1 182 
4 1 672 1083 1111 
2 1462 1463 
4 251 333 1621 2347 
1 109 
3 760 1273 1388 
2 1693 2032 
5 404 583 1009 1231 2403 
4 154 299 1676 2283 
2 19 431 
1 1974 
4 1040 1818 2003 2376 
4 368 1668 2157 2313 
1 1494 
2 275 1407 
0 
3 1041 1148 2286 
4 437 1148 1252 2122 
2 1169 1454 
1 522 
2 211 616 
3 895 1427 1430 
2 280 645 
3 1472 2364 2390 
6 271 278 600 2056 2471 2474 
3 56 1209 1876 
0 
1 1208 
4 529 1289 1843 2420 
2 449 623 
1 2246 
3 387 2001 2226 
5 1426 1602 1626 2166 2176 
2 1973 2417 
4 224 371 1589 2449 
3 29 540 1001 
0 
2 1362 2376 
1 713 
0 
3 59 150 1346 
1 1852 
2 453 2468 
2 1967 1970 
2 266 1118 
2 117 590 
2 519 885 
4 207 1720 1795 2495 
2 1003 1099 
3 299 1284 1435 
4 58 817 1266 2360 
0 
7 199 662 961 1243 1292 1754 2197 
4 919 1733 1739 1767 
1 2425 
0 
2 1007 1379 
2 1121 1715 
1 1704 
0 
2 609 1082 
1 1678 
3 818 1727 1798 
3 1224 2022 2076 
2 287 2386 
1 2078 
4 138 517 1118 2246 
1 2381 
3 104 233 1543 
1 880 
4 63 406 543 730 
3 728 1018 1450 
2 2407 2478 
1 353 
0 
1 239 
3 557 1101 1873 
0 
4 66 487 1506 1708 
3 895 1051 2329 
6 254 763 1076 1252 1851 1859 
2 189 1719 
0 
0 
2 1964 2190 
1 1901 
5 650 1460 1640 1833 2124 
1 742 
1 2239 
2 1311 1947 
3 445 1120 1312 
3 18 774 1180 
2 502 1057 
3 504 1554 2241 
0 
0 
4 510 862 1031 2387 
2 1652 2298 
1 772 
2 345 594 
2 642 2068 
2 1191 2059 
4 149 743 1661 2486 
3 120 497 1397 
1 682 
4 65 99 321 2137 
5 239 390 431 1393 2219 
5 142 1016 1479 1751 1866 
4 1429 1620 1973 2254 
1 880 
4 11 437 1106 1365 
2 2169 2482 
1 376 
4 205 415 533 777 
3 1045 1128 2160 
3 656 1480 2395 
0 
0 
3 1620 1803 2377 
0 
3 1897 2063 2130 
5 583 931 2021 2222 2377 
2 465 1117 
5 680 736 847 1324 2295 
1 1420 
3 491 1346 2425 
2 485 533 
2 336 1894 
1 1498 
2 1378 2464 
1 2344 
3 164 1554 2210 
1 1241 
5 605 1159 1699 1976 2455 
3 594 1253 2088 
2 1321 1580 
1 1893 
3 898 1250 1330 
3 16 391 1294 
7 242 633 953 1282 1296 1863 2000 
3 163 1021 1958 
7 718 1166 1480 1494 1624 1877 2315 
4 266 1109 1397 2400 
1 570 
2 391 1273 
5 1297 1438 1917 1931 2334 
3 849 1772 2224 
3 1 2 1 1 1 1 2 1 1 2 4 3 1 1 1 3 2 4 2 2 1 1 2 1 2 2 1 1 2 2 1 1 3 1 3 2 1 1 1 1 1 3 2 1 1 2 2 3 1 1 2 1 2 2 1 1 2 2 3 2 3 1 2 1 3 1 1 3 1 1 1 2 1 2 1 1 1 1 2 1 1 1 1 1 1 2 1 3 1 1 1 1 1 2 1 1 2 2 1 1 1 1 1 1 2 3 1 2 1 2 1 3 1 2 1 3 4 3 3 2 2 2 2 3 3 2 2 1 2 2 1 1 2 1 2 1 2 1 3 2 2 1 1 3 2 1 2 2 2 2 1 1 3 3 2 1 1 1 1 1 1 2 2 1 1 2 3 2 3 3 1 3 1 3 2 2 2 1 1 1 1 1 1 2 1 1 1 3 1 1 1 1 2 5 2 3 2 1 2 1 1 2 1 1 1 3 3 2 2 2 3 2 1 2 1 1 2 1 1 1 1 1 2 2 2 2 3 1 2 1 3 1 1 2 1 1 1 3 2 1 2 1 2 1 2 1 3 1 1 1 2 1 1 2 4 1 1 1 1 2 2 2 1 1 1 1 1 2 2 1 2 1 2 2 2 3 1 3 1 2 2 1 1 3 2 3 2 2 1 2 1 1 3 1 3 3 3 2 2 2 1 1 1 1 2 2 1 1 1 1 3 1 1 2 1 3 1 2 1 1 1 3 2 1 2 1 1 4 1 1 1 2 3 2 2 1 1 1 5 2 2 1 1 2 2 2 1 1 2 1 4 3 3 1 1 2 1 2 1 2 2 4 1 1 1 1 1 2 1 2 2 2 2 1 3 2 3 2 2 2 1 2 2 1 2 3 1 3 1 2 3 3 3 2 1 3 1 2 3 1 2 1 1 3 1 1 1 1 1 2 1 2 2 2 1 3 1 2 1 1 2 1 1 1 1 1 1 2 2 1 2 2 1 1 3 1 3 1 1 2 2 1 3 1 1 1 1 2 2 1 1 2 2 3 2 3 1 2 4 1 1 1 1 4 1 1 3 1 2 2 1 1 1 2 1 1 2 1 1 1 1 2 2 3 2 3 1 1 2 2 1 1 1 1 1 1 2 2 1 2 1 1 4 3 2 1 1 2 1 1 2 1 4 2 4 1 1 4 1 1 1 3 2 1 1 1 1 1 2 1 1 2 1 3 1 1 2 2 2 2 2 2 4 1 1 1 3 1 1 2 1 1 2 4 1 1 2 3 1 1 1 1 1 2 2 3 1 3 3 2 1 3 1 2 3 1 1 1 1 4 3 1 5 1 2 2 1 2 1 2 3 1 1 2 2 1 3 1 2 1 2 1 1 1 3 2 1 1 2 2 1 2 1 4 2 1 1 1 1 3 2 3 2 3 2 1 3 1 1 2 1 2 3 1 2 3 2 2 3 1 1 1 1 3 3 1 1 1 2 1 2 1 2 1 1 1 1 3 1 2 3 4 2 3 1 2 3 2 1 2 2 1 1 1 2 3 3 3 2 1 1 1 1 1 2 3 3 1 2 2 1 1 1 3 2 2 1 4 2 2 1 2 2 1 1 1 1 2 1 1 2 1 2 2 2 2 1 1 2 1 2 1 2 1 2 1 2 1 3 1 1 2 1 1 3 4 4 3 1 1 1 3 2 1 1 2 3 1 1 1 3 3 1 2 1 1 1 3 1 1 2 2 2 1 2 1 1 1 2 1 1 3 1 1 1 3 3 2 2 2 1 1 2 1 2 2 2 1 2 1 1 1 2 1 2 1 1 1 2 1 1 1 1 1 1 2 2 1 2 3 1 1 1 2 3 3 1 1 1 1 1 2 2 1 1 1 1 1 1 1 1 1 1 3 1 1 1 3 1 2 3 1 2 1 1 2 4 3 2 1 2 2 2 2 1 2 3 2 3 2 2 3 1 1 1 2 1 1 1 2 1 1 1 3 1 1 3 2 1 4 2 3 2 1 1 1 3 1 1 1 1 1 1 1 1 1 1 1 1 3 1 1 1 1 2 3 2 2 1 1 1 2 1 1 1 1 2 2 2 1 2 1 1 1 2 3 1 3 4 2 1 4 2 1 1 1 1 2 2 2 2 1 1 2 4 4 1 1 1 1 1 3 1 1 3 1 2 1 5 2 1 1 1 2 2 1 2 1 2 1 1 3 1 2 2 1 1 3 1 1 4 1 1 3 3 2 3 2 1 2 1 3 2 4 2 2 1 2 2 2 2 2 2 1 2 1 3 2 3 1 2 2 1 1 1 1 2 1 2 2 3 1 2 1 1 1 1 3 2 2 1 1 1 1 1 1 2 1 1 3 1 1 2 1 1 1 1 1 1 2 1 3 3 1 2 2 1 3 1 1 1 3 3 3 3 1 1 1 3 1 1 1 1 2 1 1 1 1 3 1 1 2 3 1 3 1 1 1 1 4 3 1 1 2 2 1 1 3 2 1 2 3 1 2 2 1 1 1 2 1 3 1 3 3 3 1 2 2 1 1 2 2 1 2 1 3 1 3 3 2 3 2 1 2 2 1 2 2 2 2 1 3 1 3 1 2 1 2 3 3 1 1 2 3 3 1 2 2 2 1 2 1 2 1 2 3 3 1 3 1 2 2 1 1 1 1 1 1 3 1 2 3 1 1 1 2 1 1 1 1 1 2 1 1 1 1 2 2 1 1 3 1 3 1 3 1 2 2 2 1 1 3 1 2 1 2 2 2 2 2 1 2 2 2 4 1 1 2 1 2 2 1 3 1 1 2 2 1 1 1 2 1 1 1 1 1 2 1 2 1 1 2 2 1 2 2 2 1 1 1 2 1 2 1 1 2 1 2 2 2 1 3 1 2 1 1 1 1 1 1 2 2 1 2 2 2 1 1 2 3 1 2 1 3 3 2 1 2 2 1 1 1 1 2 2 1 1 2 1 3 1 4 1 3 4 3 1 2 1 1 3 1 1 1 1 1 1 1 1 2 2 1 1 2 1 2 1 1 2 1 1 3 1 3 3 2 2 2 1 1 2 1 1 2 1 1 1 1 1 3 1 2 1 1 3 1 1 2 1 1 2 1 1 1 1 3 2 2 3 1 1 1 3 1 1 1 1 1 1 3 1 1 1 1 1 1 2 1 2 1 1 3 1 1 1 2 2 3 2 1 2 2 1 1 1 1 2 1 1 2 2 1 2 2 1 1 1 1 1 1 1 1 1 2 3 2 2 1 4 1 1 3 1 2 1 4 1 1 1 3 1 1 3 2 2 1 1 1 1 2 1 1 2 2 1 4 1 2 3 2 1 3 2 4 1 1 3 1 5 1 1 3 2 2 1 1 1 1 1 2 1 1 1 1 1 2 3 1 1 1 2 2 1 1 1 1 1 1 2 3 2 2 2 3 1 2 1 2 1 4 1 2 1 1 1 4 2 1 2 2 3 2 1 2 3 4 3 1 1 4 1 1 2 1 3 2 2 3 2 1 3 3 1 1 1 1 2 1 1 2 1 1 1 1 1 2 1 2 1 3 1 3 1 1 1 1 1 2 1 2 2 1 2 1 1 1 2 1 3 2 1 2 1 2 2 3 1 1 1 1 2 1 2 3 3 1 1 2 1 3 1 1 2 2 2 3 2 2 1 4 3 1 1 3 1 3 1 2 1 2 4 2 1 1 1 1 2 2 1 1 2 3 1 2 1 1 2 1 2 1 2 1 2 1 1 3 2 2 1 1 1 1 1 2 1 3 1 2 4 2 2 2 2 1 1 3 1 1 1 1 2 1 2 3 3 1 4 2 2 1 1 2 1 2 2 2 2 2 2 1 1 1 1 1 1 2 1 1 1 1 3 1 1 2 2 1 3 1 1 2 2 4 3 1 2 2 1 2 2 1 3 2 3 1 2 3 2 1 2 1 1 1 2 2 4 2 3 1 1 1 1 1 1 1 2 1 1 1 2 2 1 3 1 2 1 1 2 3 2 1 2 2 2 4 1 1 1 1 1 1 1 4 2 2 1 2 1 2 1 3 2 2 2 1 3 2 1 1 2 2 1 1 2 1 2 3 2 1 2 2 2 2 1 2 1 3 2 3 3 3 1 2 1 1 1 1 2 2 2 3 3 2 1 1 1 2 2 2 1 1 2 1 3 4 1 3 1 1 1 2 1 2 1 1 1 2 1 3 2 4 2 1 1 2 1 1 1 2 3 1 1 2 2 1 1 2 1 2 3 2 1 1 2 1 2 2 1 1 1 3 2 1 2 2 1 3 1 1 1 2 2 2 1 3 1 2 1 3 1 1 1 2 1 1 1 1 2 1 2 1 2 2 3 3 1 3 2 1 2 2 1 1 3 2 3 2 2 1 1 2 1 3 3 2 2 1 1 2 1 1 2 1 1 1 1 2 4 2 1 2 2 3 1 1 1 1 2 1 3 2 3 3 1 1 1 3 1 2 2 3 1 3 1 1 2 2 1 4 1 2 2 2 2 1 3 2 1 1 1 1 4 1 1 1 1 2 2 2 1 1 2 3 1 1 1 2 2 1 1 2 1 2 1 1 1 2 1 3 1 2 1 3 2 1 2 1 1 1 3 2 2 1 3 2 2 2 3 1 2 2 2 2 1 1 3 1 1 1 2 1 1 1 3 2 2 2 3 3 1 2 2 3 1 3 3 2 1 2 2 1 2 2 2 3 2 1 1 2 3 2 2 3 1 2 1 4 2 3 1 1 2 1 2 1 2 2 1 2 2 1 1 1 3 1 1 2 1 1 1 2 1 2 1 2 2 2 2 1 1 4 2 1 3 1 1 1 1 1 1 2 1 1 3 1 1 2 2 1 2 4 2 2 2 2 1 1 2 1 1 3 1 1 1 1 1 2 1 1 1 1 2 1 2 3 2 2 1 2 2 1 1 2 1 3 2 2 1 3 1 1 2 1 1 1 3 2 4 1 2 1 2 1 2 1 3 1 1 1 1 2 1 1 1 2 1 2 4 2 1 3 1 1 2 3 2 1 2 3 2 2 2 1 1 1 1 4 1 2 1 1 3 3 1 1 3 4 2 2 1 1 2 1 2 1 1 1 1 2 3 1 1 1 1 1 3 1 4 1 1 2 1 1 3 2 1 3 2 2 2 1 1 3 2 2 2 2 1 1 2 1 2 1 2 2 2 1 1 1 1 2 1 1 2 1 2 1 4 1 2 2 1 3 2 1 3 2 2 1 3 2 1 1 2 2 2 1 1 2 2 2 1 1 2 2 2 4 4 1 2 2 2 1 2 1 2 2 2 3 3 2 2 3 2 2 3 1 2 2 2 1 1 1 2 2 1 2 1 1 3 1 1 1 2 2 1 1 4 3 1 1 1 1 1 2 4 2 1 1 1 3 1 1 1 1 1 1 3 1 2 1 1 1 3 1 3 1 2 1 1 1 2 1 1 2 2 1 1 1 3 2 3 1 3 2 1 1 1 1 1 1 2 3 3 2 1 1 2 1 3 1 2 2 2 2 2 2 1 1 2 2 1 1 2 3 3 1 2 2 3 2 2 1 2 2 1 2 2 2 1 1 1 1 2 2 3 3 1 3 3 3 2 1 2 3 1 1 1 1 1 3 1 4 1 2 3 1 2 3 1 
