m 1500
2 1401 1496 
3 218 955 1206 
2 87 724 
1 991 
2 946 1454 
6 36 834 848 890 1149 1274 
2 284 446 
2 322 1496 
3 45 653 1238 
3 335 338 457 
3 535 949 1001 
4 186 621 644 706 
3 19 189 725 
4 60 334 584 1421 
1 296 
1 380 
3 34 353 1216 
4 59 211 702 1297 
2 196 311 
3 12 761 1399 
3 510 552 567 
2 101 310 
3 985 1167 1414 
1 711 
0 
1 572 
1 173 
2 572 1270 
2 574 734 
6 315 409 661 1021 1159 1197 
5 435 556 813 1000 1351 
3 523 899 1157 
3 365 970 1174 
5 227 515 699 966 1355 
5 16 41 382 638 710 
1 692 
5 5 315 823 851 1070 
1 837 
3 187 981 1215 
0 
4 178 479 488 798 
7 34 343 369 716 972 988 1077 
5 130 675 1064 1097 1295 
7 97 572 591 599 610 923 1484 
0 
5 8 467 496 951 1217 
4 552 609 1192 1243 
0 
4 62 451 682 719 
1 1247 
7 613 796 1190 1205 1295 1300 1442 
5 343 363 526 1307 1357 
2 1264 1428 
4 146 255 676 1392 
3 698 1310 1327 
2 296 1386 
4 138 228 1337 1394 
3 786 945 1345 
0 
3 17 193 1139 
1 13 
2 906 1427 
3 48 720 743 
2 64 1473 
2 63 1427 
7 140 305 458 557 669 1198 1281 
0 
2 263 1104 
5 119 196 225 359 791 
5 346 497 874 912 1362 
5 175 579 996 1373 1389 
0 
2 140 648 
2 120 1394 
5 95 556 788 1216 1452 
5 278 472 1013 1170 1424 
2 404 1137 
0 
4 92 242 919 1034 
4 91 687 719 1327 
0 
2 743 1000 
1 991 
2 432 1450 
3 214 691 1103 
1 527 
0 
1 2 
6 238 306 317 672 735 1096 
3 393 1120 1345 
2 304 790 
4 79 419 470 579 
6 78 117 185 719 1225 1329 
2 791 876 
3 776 1005 1241 
5 74 281 1018 1023 1139 
6 313 457 720 743 835 1285 
3 43 534 967 
5 233 694 847 959 963 
3 234 458 1211 
1 929 
1 21 
3 172 507 1347 
3 1247 1314 1362 
2 446 1247 
0 
1 1241 
0 
2 636 1077 
3 403 797 1065 
3 443 1277 1356 
3 675 859 1241 
2 343 1373 
1 1305 
2 312 680 
1 490 
3 1335 1370 1404 
3 92 1195 1262 
1 595 
3 68 262 840 
4 73 577 879 902 
5 189 210 348 1147 1410 
2 915 1270 
1 1172 
2 530 994 
0 
1 824 
4 245 266 585 881 
2 824 1467 
2 451 694 
2 42 442 
6 238 1008 1090 1362 1401 1402 
1 806 
2 1018 1316 
0 
1 191 
1 1157 
3 555 942 987 
2 56 565 
0 
2 65 72 
4 516 1146 1358 1479 
2 1064 1103 
6 699 715 1061 1114 1156 1482 
1 171 
1 876 
1 53 
2 262 565 
2 818 1424 
5 455 1017 1020 1022 1122 
1 221 
2 186 1136 
0 
1 1393 
1 861 
2 1068 1096 
0 
1 203 
3 273 536 1107 
2 486 696 
5 730 748 806 1225 1233 
4 617 843 868 1127 
1 1405 
1 519 
0 
2 248 612 
1 943 
3 186 204 234 
5 334 1063 1206 1255 1308 
2 228 1215 
2 347 993 
2 144 486 
2 102 176 
4 26 965 983 1097 
2 289 860 
4 70 461 987 1158 
6 172 922 985 987 1142 1338 
3 919 947 1046 
5 40 537 1194 1311 1496 
2 654 1437 
3 305 921 1115 
0 
1 498 
0 
0 
2 92 396 
4 11 151 167 315 
4 38 1068 1201 1229 
4 494 1080 1218 1346 
3 12 121 399 
1 598 
5 135 225 529 568 1251 
0 
3 59 999 1254 
3 1051 1086 1103 
2 589 717 
3 18 68 508 
5 426 563 564 1054 1233 
2 499 1248 
1 530 
2 738 1052 
0 
1 1400 
6 157 647 773 1029 1114 1253 
1 167 
1 1117 
2 1104 1296 
0 
5 1079 1126 1280 1326 1348 
4 552 762 849 1313 
4 121 372 523 1397 
3 17 574 994 
0 
3 769 1314 1412 
4 84 756 1100 1263 
0 
2 537 916 
2 805 1470 
5 1 424 642 666 1494 
1 677 
2 330 864 
5 150 682 743 773 988 
3 622 642 1131 
5 774 816 826 1089 1399 
4 387 822 1213 1386 
6 68 191 802 843 1301 1437 
0 
1 33 
5 56 169 238 924 1383 
0 
2 484 1167 
4 432 1096 1262 1427 
0 
2 98 906 
4 99 167 526 843 
5 628 688 760 1265 1344 
2 1072 1190 
1 479 
3 88 131 228 
5 716 941 959 984 1052 
4 300 386 924 1478 
0 
4 78 285 642 992 
1 1405 
1 1376 
5 127 636 955 1154 1285 
2 1223 1415 
2 1220 1293 
3 165 1201 1247 
2 984 1446 
0 
2 514 1043 
3 343 845 1015 
1 933 
0 
3 53 695 1002 
0 
1 907 
1 1380 
1 1146 
2 358 533 
3 572 1315 1438 
3 119 147 411 
3 67 454 481 
2 269 423 
3 267 286 428 
2 127 408 
8 265 463 610 675 906 1031 1118 1249 
0 
2 264 623 
2 333 1383 
1 1162 
3 286 345 485 
6 158 497 791 841 1171 1438 
2 990 1206 
2 834 1482 
3 474 1135 1260 
2 635 1061 
1 75 
0 
4 801 1353 1472 1483 
2 95 925 
3 318 609 1125 
3 392 882 1487 
2 6 722 
2 242 842 
4 265 272 630 1022 
4 929 1013 1027 1083 
1 327 
1 174 
2 832 1063 
0 
3 371 776 1368 
2 383 491 
3 1109 1222 1491 
1 945 
3 14 55 600 
2 422 486 
1 1236 
2 485 1077 
4 240 348 682 1326 
0 
2 396 448 
2 622 758 
4 90 470 906 1136 
4 65 180 561 758 
2 88 482 
2 1153 1179 
1 1080 
5 391 672 699 1160 1197 
3 21 327 428 
3 18 936 1232 
3 114 1089 1090 
3 96 701 1320 
0 
4 29 36 186 1286 
4 733 990 1222 1327 
2 88 1080 
3 282 896 1364 
1 628 
0 
0 
3 7 724 744 
1 712 
2 1266 1476 
3 520 612 690 
1 1260 
3 288 310 539 
1 401 
1 1489 
3 220 751 1028 
6 459 479 549 870 1273 1432 
3 337 615 908 
2 270 856 
5 13 168 1072 1249 1321 
2 9 1261 
0 
5 332 841 1018 1030 1388 
3 9 457 1185 
2 464 544 
1 558 
1 795 
0 
5 41 51 112 252 1444 
2 1328 1434 
4 272 432 1000 1452 
4 69 393 551 978 
2 170 1476 
6 121 300 440 844 1266 1491 
0 
3 440 1227 1481 
4 475 761 833 1276 
1 803 
2 16 926 
5 479 554 1083 1336 1450 
0 
2 627 1038 
0 
3 260 876 1327 
3 68 1237 1462 
6 437 904 959 1009 1083 1281 
1 676 
3 759 862 1431 
2 51 712 
1 933 
3 32 646 917 
2 494 1170 
2 1426 1439 
2 588 1471 
3 41 786 1259 
4 830 890 1122 1148 
1 292 
3 210 526 989 
3 681 787 1470 
3 645 720 1168 
2 1050 1314 
2 1156 1378 
5 1019 1100 1206 1471 1494 
1 672 
0 
2 15 1208 
2 843 1196 
2 34 742 
1 293 
4 596 625 738 966 
2 426 1114 
2 240 417 
3 224 831 1449 
2 652 1040 
1 487 
2 406 1288 
2 309 1272 
1 283 
3 89 346 455 
1 1028 
1 874 
3 185 302 647 
1 1456 
3 644 1063 1311 
3 189 1358 1480 
1 1034 
3 328 796 1003 
2 1231 1284 
2 109 999 
2 76 651 
2 754 1292 
4 390 423 494 1342 
0 
2 266 714 
3 29 1064 1379 
2 715 1053 
1 262 
3 631 869 1474 
0 
1 1227 
2 818 941 
2 1224 1317 
2 386 787 
1 844 
3 91 858 1138 
3 678 1158 1381 
3 756 797 888 
3 297 586 925 
3 264 406 1209 
3 218 950 1092 
1 478 
5 197 385 1060 1146 1164 
1 1194 
4 265 310 531 1149 
1 1385 
1 1001 
2 795 1474 
5 83 231 345 551 1145 
0 
0 
1 30 
1 801 
4 360 463 464 690 
4 496 939 1251 1383 
4 624 650 713 714 
3 348 350 686 
2 990 1221 
3 130 947 1479 
6 110 466 489 830 1111 1445 
2 469 667 
0 
5 6 104 850 924 1333 
1 835 
2 302 733 
6 474 882 912 1357 1363 1490 
0 
3 48 129 810 
1 1089 
1 594 
3 263 547 1039 
7 149 393 605 661 907 937 1243 
0 
3 9 96 338 
4 65 99 1263 1450 
3 331 709 719 
1 1439 
2 175 887 
3 711 799 834 
3 267 437 1314 
4 339 437 482 842 
0 
3 443 915 1020 
3 45 848 1160 
3 480 730 737 
4 444 777 1089 1109 
3 91 304 896 
0 
2 75 747 
0 
4 276 449 617 963 
2 351 590 
1 680 
1 643 
2 425 1279 
5 40 237 331 354 1216 
4 468 965 1196 1232 
2 263 638 
3 306 464 818 
2 520 1447 
3 230 774 1295 
4 272 299 628 890 
5 159 171 297 884 1199 
4 389 646 931 1412 
3 40 492 809 
1 443 
5 115 840 898 1233 1344 
2 293 1478 
4 488 948 1025 1133 
3 588 1365 1481 
4 188 366 406 815 
1 557 
2 45 438 
4 69 273 1007 1456 
4 182 1261 1297 1431 
2 198 883 
1 1034 
5 888 924 1046 1232 1384 
2 945 987 
1 558 
0 
1 1017 
1 1046 
2 102 1129 
3 196 761 1059 
0 
2 20 977 
2 722 1022 
2 585 1219 
1 794 
3 251 982 1126 
2 33 640 
6 141 750 991 1144 1353 1359 
5 673 1167 1169 1226 1255 
2 820 968 
2 163 744 
2 325 483 
2 1203 1493 
2 1372 1448 
3 31 210 976 
0 
1 538 
5 51 234 372 1334 1403 
4 85 785 978 1067 
0 
3 191 753 1231 
3 124 199 953 
2 428 894 
2 859 1221 
1 260 
2 97 982 
1 10 
4 158 616 1003 1124 
4 178 216 1092 1491 
4 525 614 1303 1407 
3 327 755 1246 
0 
1 1061 
1 905 
1 1054 
3 339 770 1056 
1 1205 
1 1329 
1 454 
0 
2 331 1358 
0 
2 346 432 
4 20 46 209 1135 
0 
1 354 
1 137 
3 30 74 1185 
3 65 495 870 
7 340 503 807 867 951 1109 1266 
3 699 1150 1393 
3 885 1100 1479 
3 305 810 1037 
2 571 640 
2 197 1378 
3 197 1315 1412 
4 138 147 1319 1325 
4 849 925 1147 1228 
2 20 1412 
4 191 733 856 1259 
2 1407 1447 
2 725 1327 
2 562 588 
5 25 27 43 261 1335 
0 
3 28 211 704 
0 
2 1276 1486 
1 120 
0 
4 70 91 726 1370 
1 1332 
1 1375 
4 781 828 852 913 
2 897 1201 
4 13 589 1108 1449 
4 127 512 608 628 
1 422 
1 1481 
6 368 493 571 599 1366 1473 
6 195 584 869 1208 1387 1417 
3 475 626 1083 
1 43 
1 851 
1 1346 
4 453 987 1438 1472 
4 118 664 842 1479 
2 384 1499 
3 749 871 1046 
1 190 
4 43 588 847 1401 
1 296 
1 1429 
0 
3 674 719 956 
1 921 
5 455 642 774 816 1091 
3 701 1241 1477 
2 639 653 
1 585 
4 46 282 1028 1142 
2 43 267 
1 753 
3 165 325 1393 
2 50 1481 
2 538 618 
1 332 
4 536 679 1168 1263 
3 161 474 1401 
1 614 
1 732 
2 1053 1443 
3 11 796 949 
2 222 303 
3 269 902 1488 
2 439 1294 
1 384 
5 590 1009 1277 1385 1428 
3 356 789 1047 
4 235 319 485 585 
1 1151 
3 286 770 1173 
3 412 871 1377 
1 784 
0 
2 741 1491 
4 277 877 1062 1283 
4 108 245 1082 1293 
2 761 1494 
2 34 481 
5 607 894 1024 1324 1344 
7 515 562 757 846 890 939 1170 
0 
5 218 222 242 605 1356 
3 477 998 1171 
4 11 398 647 1114 
3 374 875 1225 
2 365 487 
4 203 396 644 1039 
1 72 
1 1272 
4 439 882 1232 1488 
2 404 1364 
2 388 1064 
3 8 607 1459 
2 179 1277 
1 1112 
2 879 941 
0 
0 
0 
0 
4 29 455 1041 1408 
1 838 
0 
1 595 
0 
3 218 715 1014 
1 444 
0 
2 65 871 
1 1444 
2 707 1071 
5 88 309 378 680 959 
2 517 1352 
2 603 1184 
5 42 111 267 887 1170 
3 53 361 1343 
2 219 738 
2 420 846 
2 616 837 
5 114 476 672 944 1144 
3 373 1008 1105 
6 48 221 300 1263 1329 1353 
2 1054 1313 
1 1442 
0 
3 440 925 1264 
3 79 860 1233 
2 235 1019 
1 1183 
2 325 437 
2 84 1043 
1 35 
1 859 
4 98 129 1018 1455 
2 255 1318 
1 159 
1 1162 
1 54 
6 33 143 309 559 866 905 
0 
5 313 606 863 1060 1149 
2 17 1008 
2 1009 1282 
2 574 1105 
1 919 
1 11 
3 671 787 900 
1 1431 
3 459 1065 1283 
3 34 905 1452 
5 23 462 723 867 1345 
3 323 363 1160 
1 439 
5 408 439 1073 1112 1301 
3 143 410 666 
4 41 239 1153 1166 
1 195 
3 747 830 1101 
5 48 79 92 459 603 
4 62 96 374 1205 
1 1025 
2 284 511 
1 711 
2 2 322 
2 12 570 
3 579 746 767 
1 1303 
2 738 1260 
3 753 1201 1270 
2 160 468 
1 829 
3 619 1052 1293 
4 316 448 568 921 
3 28 753 1306 
1 88 
1 1300 
1 468 
4 200 384 677 728 
0 
0 
2 634 747 
1 382 
4 62 81 96 221 
3 322 519 1106 
1 1091 
3 726 1419 1452 
4 472 718 741 1083 
1 160 
2 597 770 
1 516 
1 330 
2 1029 1490 
7 529 611 729 734 821 1167 1467 
2 405 1200 
1 539 
2 214 421 
3 640 1120 1480 
3 303 305 1270 
1 362 
2 235 1476 
5 19 351 508 637 1058 
1 209 
2 885 915 
1 1076 
1 914 
2 802 995 
4 726 921 1032 1150 
1 882 
3 213 1125 1262 
4 544 630 749 1121 
1 1388 
1 1451 
4 203 221 1149 1210 
3 223 484 605 
1 1118 
5 94 292 1151 1251 1336 
1 469 
4 842 877 1154 1171 
1 1138 
1 1375 
1 582 
0 
2 888 1118 
2 632 1137 
1 527 
4 57 369 953 1304 
5 373 417 707 812 1427 
3 74 1315 1482 
3 627 1334 1403 
3 90 849 911 
3 68 93 273 
0 
0 
1 513 
3 341 431 1172 
4 50 401 621 1278 
3 109 421 1228 
1 40 
2 462 1136 
1 965 
2 280 436 
3 225 766 967 
3 352 1022 1471 
2 1040 1142 
1 217 
3 132 160 1227 
4 558 929 1229 1451 
0 
3 488 946 1374 
4 451 561 1207 1417 
1 1402 
4 787 823 1162 1406 
1 30 
2 1284 1454 
2 494 1473 
3 223 605 904 
0 
5 148 415 482 1268 1415 
0 
2 518 827 
1 753 
2 224 1397 
4 36 812 1000 1398 
3 126 128 1154 
1 1149 
2 223 934 
2 820 1345 
2 582 890 
3 731 830 1432 
5 370 443 718 829 1045 
2 387 1132 
1 290 
1 351 
3 5 275 462 
2 96 447 
2 1041 1346 
2 37 679 
1 662 
0 
2 119 490 
2 273 337 
6 285 464 595 778 858 1236 
5 161 225 234 381 1395 
2 348 418 
2 252 1349 
4 640 678 1005 1061 
2 98 599 
2 5 467 
4 209 566 790 952 
2 446 904 
2 36 592 
6 582 1172 1187 1250 1394 1472 
2 1430 1464 
0 
1 1049 
2 333 568 
0 
4 419 842 1034 1233 
3 111 532 693 
2 174 687 
5 154 1045 1154 1197 1472 
3 362 1178 1449 
1 701 
2 220 995 
3 868 1159 1286 
1 699 
4 558 711 1275 1396 
2 161 865 
3 412 589 1055 
4 331 557 1001 1091 
4 597 631 669 1340 
0 
1 1211 
2 69 395 
3 645 1133 1488 
4 93 145 358 1390 
6 635 778 945 974 1042 1269 
2 1056 1209 
2 120 656 
1 1176 
3 127 1029 1060 
4 283 449 650 768 
1 499 
2 486 1226 
3 560 763 1176 
1 1139 
2 461 675 
3 421 501 783 
1 1419 
7 5 370 485 640 828 918 1202 
2 1099 1294 
1 1290 
3 959 1030 1150 
2 531 639 
1 1453 
5 318 470 1018 1197 1467 
2 583 1240 
1 490 
1 31 
3 707 1048 1286 
0 
4 120 623 1373 1435 
3 1266 1340 1361 
3 360 816 850 
3 542 699 710 
4 61 233 267 304 
2 257 455 
1 332 
0 
1 1274 
2 790 1204 
3 69 449 1147 
2 582 1088 
1 765 
4 122 466 763 1330 
1 216 
1 365 
1 890 
4 78 177 705 1017 
1 1005 
6 180 604 733 767 1043 1437 
1 176 
1 43 
6 228 240 446 501 1018 1494 
7 281 422 566 686 1020 1157 1273 
1 353 
1 1465 
0 
4 100 287 807 1057 
1 1201 
2 487 1484 
0 
3 253 364 1076 
4 826 1113 1486 1495 
0 
1 311 
2 455 1105 
1 1108 
2 438 640 
0 
3 239 415 656 
1 137 
1 166 
1 680 
7 57 295 502 877 963 1318 1450 
3 4 809 1368 
2 177 442 
1 492 
2 10 621 
1 424 
2 45 558 
2 849 1131 
3 530 786 992 
1 1204 
2 1 245 
2 603 1484 
1 1236 
0 
6 98 239 360 672 893 1467 
1 1016 
1 1178 
0 
6 98 474 945 1011 1365 1477 
0 
3 173 480 800 
3 33 384 1048 
2 97 802 
1 518 
1 1107 
2 32 1219 
0 
3 41 1003 1376 
0 
2 877 1222 
2 1333 1365 
3 523 986 1339 
4 510 1150 1420 1470 
2 346 527 
1 1460 
0 
2 38 1174 
2 514 534 
3 173 1243 1344 
5 239 249 1054 1210 1257 
4 22 176 1479 1494 
2 976 1030 
6 137 175 176 502 594 1253 
2 41 221 
1 372 
3 274 316 441 
3 3 82 516 
4 242 953 1268 1494 
3 170 1260 1474 
4 124 211 1340 1494 
2 766 864 
1 70 
1 1262 
2 643 1402 
2 193 403 
7 30 81 345 823 1148 1164 1265 
4 10 430 870 1269 
3 255 1256 1276 
3 401 536 972 
1 1133 
3 94 846 920 
0 
1 497 
4 131 681 702 1351 
4 360 626 703 1402 
1 1122 
3 963 1059 1298 
3 1247 1367 1417 
3 75 287 1167 
2 666 1165 
2 252 1222 
1 960 
3 149 505 919 
7 95 133 337 694 896 924 1426 
2 377 688 
5 149 466 925 1097 1161 
1 29 
6 149 286 511 803 1101 1416 
2 95 1161 
1 639 
2 492 721 
0 
1 287 
3 330 394 609 
4 203 752 881 1388 
3 337 893 986 
1 267 
3 767 1092 1473 
0 
4 78 400 500 858 
1 1460 
0 
1 561 
1 356 
3 454 647 1333 
2 388 804 
2 661 836 
1 877 
5 251 691 921 1051 1094 
0 
2 830 861 
4 177 501 506 597 
4 627 1097 1320 1440 
4 900 966 1315 1443 
1 855 
1 375 
3 194 1043 1169 
3 200 239 732 
6 410 620 1062 1144 1284 1353 
5 197 543 683 984 1391 
1 869 
2 544 878 
1 929 
2 761 1403 
4 508 1011 1362 1464 
3 426 701 881 
4 143 277 541 846 
2 635 1053 
3 168 290 398 
4 42 142 409 652 
2 109 709 
1 1431 
1 527 
4 155 187 1208 1422 
0 
2 36 1312 
1 671 
2 236 334 
2 714 1483 
1 1374 
2 1151 1445 
2 764 933 
4 41 108 299 1114 
3 1113 1215 1418 
2 208 1082 
3 188 308 317 
0 
4 636 1079 1149 1156 
7 287 354 360 590 747 1159 1324 
1 1394 
0 
1 194 
0 
1 913 
5 223 312 452 469 1139 
3 131 312 1398 
4 605 745 870 1281 
4 424 537 1032 1312 
2 1276 1313 
3 1043 1176 1342 
0 
5 88 155 231 1316 1397 
4 42 173 1020 1047 
2 1209 1453 
1 891 
4 214 377 560 1349 
3 718 1022 1103 
0 
6 84 142 194 1101 1131 1321 
3 67 206 1343 
3 681 704 937 
1 744 
2 158 969 
2 584 938 
3 294 469 558 
2 1243 1477 
2 443 1354 
2 655 714 
2 934 1078 
6 143 203 385 644 1077 1244 
1 180 
0 
2 205 1447 
5 267 775 783 1155 1349 
1 1348 
3 89 757 1410 
3 770 1273 1487 
5 149 370 1010 1248 1386 
2 1186 1382 
2 536 1328 
4 282 769 1231 1252 
2 208 514 
1 161 
0 
1 507 
1 1207 
3 222 952 1103 
2 831 1149 
3 492 875 1004 
2 1169 1211 
2 276 552 
3 151 304 799 
2 76 784 
2 419 779 
4 59 95 886 1089 
0 
0 
3 176 609 804 
0 
3 516 680 1053 
1 432 
3 141 259 426 
3 121 566 912 
2 370 1000 
7 5 428 701 773 825 1082 1132 
5 559 767 893 977 1435 
4 629 776 1075 1443 
1 1470 
3 307 716 1456 
8 245 778 824 861 1352 1428 1451 1477 
1 1118 
5 143 376 1082 1201 1318 
5 31 136 925 1365 1491 
3 175 420 1227 
3 29 865 1083 
3 309 467 712 
3 1020 1023 1174 
4 271 697 812 1330 
1 1493 
3 426 1000 1484 
1 1014 
3 716 1282 1494 
5 22 230 517 753 1013 
2 374 616 
4 517 1051 1134 1300 
5 75 366 640 675 1358 
4 273 643 778 1348 
3 123 795 852 
2 630 1193 
4 32 981 1161 1245 
1 1227 
3 880 885 1094 
0 
2 862 961 
3 307 1307 1496 
0 
0 
1 1257 
1 689 
1 674 
2 338 556 
1 1123 
1 852 
0 
1 1274 
2 50 236 
0 
3 46 1213 1435 
2 1173 1415 
3 178 427 1252 
2 117 1290 
2 381 480 
4 29 309 861 896 
2 65 1482 
1 486 
2 754 1436 
6 187 248 583 729 930 1156 
1 890 
1 521 
3 911 954 1498 
4 50 545 720 1253 
4 1 168 274 377 
2 810 1130 
3 380 589 1068 
3 423 878 1098 
2 773 984 
5 99 873 1134 1214 1441 
0 
2 224 1192 
2 1211 1310 
3 38 169 1078 
3 16 74 479 
1 45 
1 188 
3 512 970 1367 
4 247 1290 1339 1400 
2 441 532 
4 294 316 974 1015 
1 246 
1 416 
4 92 160 645 1317 
3 517 884 1249 
6 350 414 806 1158 1175 1415 
3 566 797 1251 
5 187 807 1325 1352 1366 
1 1363 
4 402 529 1125 1360 
4 311 480 501 650 
6 160 197 490 687 858 1320 
1 1377 
1 1374 
3 298 842 957 
1 359 
1 8 
1 1406 
1 897 
5 94 106 111 606 1493 
0 
5 46 455 983 1110 1277 
1 1114 
1 1174 
1 539 
6 49 103 104 248 1012 1335 
2 198 1122 
4 267 334 1226 1456 
1 852 
5 191 438 776 1228 1356 
2 1125 1194 
5 203 987 1205 1382 1408 
3 193 1408 1461 
2 168 517 
1 1002 
2 984 1182 
0 
2 369 568 
4 276 326 728 993 
3 335 498 1445 
5 117 231 769 997 1464 
4 214 458 616 682 
2 52 686 
2 235 1000 
4 324 348 558 903 
1 1453 
3 818 992 1353 
2 877 1001 
4 27 122 729 758 
0 
3 391 649 1356 
3 331 925 1121 
3 5 910 1189 
1 867 
4 351 576 1002 1093 
5 110 626 654 1243 1309 
1 796 
1 478 
1 208 
3 65 360 1091 
5 703 1166 1303 1408 1455 
3 635 709 1402 
3 402 814 1053 
2 96 245 
3 315 865 900 
0 
4 390 1467 1471 1478 
0 
3 892 1195 1220 
1 1486 
1 405 
4 247 636 732 1481 
3 624 891 1309 
4 42 50 484 1476 
1 206 
2 17 498 
1 1011 
1 1361 
3 50 736 1169 
2 225 714 
1 1341 
3 538 727 1282 
3 786 1345 1361 
1 113 
1 734 
4 51 1179 1359 1435 
1 168 
2 1277 1294 
3 54 1214 1320 
3 178 398 1327 
2 1070 1092 
3 209 683 1093 
5 103 213 375 463 1397 
4 261 564 788 1048 
2 133 1096 
2 416 1225 
3 695 945 1156 
1 565 
4 313 1047 1233 1310 
2 334 1103 
0 
1 1408 
2 639 1083 
2 565 1229 
2 208 300 
6 54 79 316 358 570 1311 
2 344 1124 
4 92 546 682 1427 
3 915 1162 1461 
0 
1 580 
4 446 975 1039 1436 
4 526 789 1441 1498 
3 116 572 1247 
2 354 776 
1 56 
1 176 
3 976 1220 1393 
3 871 903 994 
2 1302 1436 
2 406 1094 
2 676 1104 
4 235 490 639 983 
6 57 89 711 827 1304 1370 
4 188 593 836 1473 
1 102 
3 208 1119 1171 
3 845 1100 1118 
1 1444 
2 30 1008 
3 673 1154 1229 
5 280 516 682 1053 1268 
1 1111 
2 33 1462 
5 110 642 1251 1272 1375 
2 51 449 
4 141 399 549 1170 
3 516 1307 1433 
1 1231 
3 903 1299 1304 
4 69 103 131 1059 
2 449 1230 
3 318 651 1376 
4 493 963 975 1157 
2 588 1229 
2 1012 1219 
2 292 946 
0 
3 116 579 1345 
0 
1 522 
4 70 112 902 1429 
4 809 1074 1235 1457 
3 581 780 1356 
3 244 972 1364 
2 631 1234 
2 376 563 
1 409 
1 258 
1 420 
2 1123 1253 
3 228 270 438 
1 501 
2 429 626 
3 55 224 1122 
1 589 
3 337 771 1029 
1 70 
1 876 
2 1054 1497 
1 53 
4 153 559 612 1339 
4 56 73 852 1084 
3 843 1432 1469 
1 867 
5 210 822 1096 1314 1495 
2 823 1090 
2 19 223 
2 202 1220 
4 0 131 599 617 
5 131 811 998 1009 1283 
3 526 789 1058 
1 116 
2 162 243 
2 812 1239 
2 538 569 
5 661 1253 1254 1282 1323 
0 
2 121 1120 
0 
4 213 487 564 567 
0 
1 22 
4 246 818 1193 1227 
1 1022 
3 589 810 1012 
1 1078 
2 746 889 
1 977 
1 13 
1 1068 
0 
2 75 148 
0 
2 367 1018 
5 61 64 231 787 1329 
3 52 626 1154 
2 601 1373 
1 853 
5 362 498 708 1066 1459 
3 331 829 1395 
1 1359 
1 344 
4 902 1150 1192 1307 
3 1200 1333 1341 
3 179 225 921 
4 261 273 594 1457 
2 367 460 
1 1047 
2 1211 1334 
2 50 684 
3 620 1048 1151 
3 343 670 1350 
3 443 1075 1261 
1 249 
3 483 569 1117 
1 522 
3 387 584 862 
4 83 354 458 945 
3 772 807 1154 
4 74 345 710 746 
3 895 1098 1267 
2 4 814 
2 694 1282 
4 397 497 1153 1249 
2 1374 1438 
0 
2 653 1431 
2 979 1035 
2 1254 1330 
2 359 1355 
0 
3 853 1059 1262 
1 927 
0 
5 128 753 896 959 1288 
0 
1 1395 
4 217 373 977 1152 
4 368 377 803 1288 
4 280 594 852 861 
5 63 588 815 1032 1346 
3 412 431 993 
0 
4 324 347 760 1295 
4 606 963 1110 1154 
3 240 491 1288 
5 141 442 560 595 985 
2 399 757 
5 350 493 587 613 1293 
5 143 275 788 1198 1498 
2 280 1073 
4 43 931 956 1164 
0 
3 576 934 1291 
2 283 1121 
3 623 650 875 
1 329 
2 449 752 
5 294 348 537 634 1157 
0 
3 521 1163 1241 
8 218 377 637 924 985 992 994 1166 
2 934 1397 
4 0 7 178 1179 
1 1391 
3 1204 1334 1482 
1 596 
1 1 1 2 2 2 1 1 3 3 2 3 1 2 2 1 2 2 1 2 1 1 1 1 1 2 1 2 1 3 3 2 2 2 1 2 3 1 1 1 2 3 1 2 1 2 2 1 1 1 2 2 2 2 1 2 2 2 1 1 1 1 3 2 1 4 1 2 3 3 3 1 1 2 2 2 1 1 1 1 1 3 2 1 2 1 1 2 3 2 2 3 2 3 2 1 3 3 3 3 1 2 2 1 1 1 2 1 1 1 3 2 2 2 1 1 1 3 2 2 3 1 1 1 2 1 1 3 1 1 2 1 1 3 1 1 2 2 1 1 2 3 2 1 1 1 1 3 3 4 1 3 1 1 1 3 1 1 1 2 5 2 1 2 1 3 1 3 4 1 2 2 1 2 2 2 2 1 1 1 2 1 1 1 1 3 1 2 1 2 1 4 1 2 2 1 2 1 1 2 2 1 2 4 1 1 2 1 2 3 2 3 1 4 1 1 1 2 2 1 3 3 3 2 1 2 1 1 3 1 1 1 1 1 2 2 2 2 2 2 3 1 2 1 1 4 2 1 2 2 1 2 2 1 1 1 1 1 1 2 2 2 1 1 1 3 1 2 1 2 2 1 3 2 1 1 2 1 1 1 4 2 1 1 2 1 4 4 1 1 2 1 2 1 3 2 1 1 1 1 1 1 2 2 1 1 1 1 1 1 2 2 3 1 1 2 1 1 2 1 1 1 3 2 2 2 1 3 2 1 2 4 1 3 3 1 1 3 1 2 1 2 1 4 2 1 2 1 3 1 2 2 1 1 2 1 1 1 1 2 1 1 2 3 1 1 1 1 1 2 2 1 1 1 1 3 2 1 1 1 2 2 2 2 2 1 2 3 2 2 2 2 2 1 2 1 1 1 2 1 1 1 3 2 2 1 1 1 2 2 3 2 3 1 1 1 2 1 1 2 2 1 2 2 1 1 2 1 1 2 2 2 2 1 1 1 1 2 2 2 1 1 1 2 1 1 2 1 1 4 1 3 2 1 2 3 1 2 1 1 1 1 1 1 1 1 1 1 2 2 2 1 1 1 3 3 1 1 2 1 1 3 3 2 2 2 3 1 1 1 2 2 2 1 3 1 1 1 4 2 1 2 2 1 1 1 1 1 1 1 2 2 2 2 1 1 4 1 1 1 1 2 2 1 1 1 3 2 1 2 1 2 2 1 1 1 3 3 2 1 1 1 2 1 1 2 2 1 1 1 1 1 4 1 1 1 1 3 2 1 1 3 3 2 2 2 1 2 3 2 1 1 1 1 2 1 2 1 1 2 1 1 1 2 1 1 1 1 2 2 1 1 2 1 2 1 3 2 2 3 2 1 1 1 1 2 4 1 2 3 1 2 1 1 3 2 1 1 1 2 2 2 1 1 1 1 2 2 3 1 2 2 2 1 1 3 3 1 2 2 2 1 1 2 1 2 2 2 2 1 1 1 1 2 2 2 2 1 1 1 1 1 1 1 2 1 1 2 1 2 2 1 2 2 2 4 3 2 1 3 3 3 2 1 1 1 2 2 1 1 1 1 1 2 4 3 1 1 2 3 1 2 1 1 1 1 1 2 1 2 2 2 1 1 3 2 1 2 1 3 2 2 1 1 2 2 1 1 2 2 1 2 1 2 2 1 1 1 1 1 1 3 1 1 2 2 2 2 1 1 1 1 2 1 2 2 2 3 4 1 1 3 1 1 2 1 1 2 1 1 3 2 2 1 1 1 3 1 1 1 1 2 1 1 1 1 1 3 1 3 1 1 1 1 1 1 3 3 1 3 1 2 3 3 2 1 2 3 1 2 2 1 2 1 3 2 1 1 2 1 2 2 2 4 3 1 1 3 2 1 3 1 1 1 3 2 1 2 2 1 1 1 3 1 2 3 3 1 3 2 1 1 3 1 1 1 1 1 1 1 1 3 1 1 1 2 1 1 1 1 2 1 1 1 2 1 2 2 2 1 1 2 2 1 1 2 1 2 3 2 1 1 1 1 1 1 1 3 1 1 1 1 4 2 2 1 3 2 2 1 1 2 1 2 2 2 2 2 2 2 2 3 1 1 1 3 2 2 1 2 2 2 1 2 2 1 1 1 1 1 1 3 1 2 1 1 3 2 1 1 2 1 1 2 2 2 2 1 1 4 1 1 1 2 1 3 1 1 2 1 3 1 1 1 1 2 2 1 1 1 1 2 2 1 1 3 1 1 1 2 2 1 1 1 1 2 1 1 1 1 2 1 2 2 1 1 1 2 2 3 1 3 1 1 2 1 2 3 2 2 2 1 1 2 1 1 1 1 1 3 2 1 3 1 2 1 1 1 2 3 1 2 1 4 1 1 3 1 2 2 1 1 3 1 2 2 3 1 2 4 1 2 2 1 3 3 1 1 1 1 2 2 1 2 2 2 1 2 2 1 2 1 2 3 2 1 1 1 1 1 2 1 2 2 1 1 2 3 3 2 2 2 1 1 3 2 1 2 2 1 1 1 1 1 3 1 1 2 3 2 1 4 3 2 2 2 3 1 1 2 2 2 2 3 1 1 2 2 3 2 1 1 1 1 2 1 1 2 1 3 3 4 1 2 2 1 3 1 1 1 2 3 3 1 3 1 3 2 2 2 3 3 2 1 1 1 3 1 2 3 1 1 1 2 1 2 1 1 1 1 1 1 1 2 2 1 3 2 1 1 1 1 2 1 1 1 2 1 3 1 2 2 1 2 1 3 3 1 2 1 2 3 2 1 1 3 2 3 2 4 1 1 3 4 2 2 2 1 1 2 1 1 1 4 1 2 2 3 2 1 1 1 1 2 4 2 1 2 1 1 3 2 2 3 1 1 1 1 4 3 3 1 3 1 3 2 1 1 1 1 1 2 2 1 2 1 3 1 3 1 3 1 2 2 3 3 1 1 1 1 3 1 1 3 2 1 1 4 1 2 2 3 1 4 2 3 1 1 2 1 3 2 1 1 1 1 3 2 1 1 4 1 2 1 4 2 1 1 1 1 3 2 2 1 3 1 2 1 1 1 2 1 1 3 2 1 4 1 2 1 2 3 2 2 3 3 1 2 1 1 3 1 1 1 1 2 2 1 1 1 2 1 1 1 1 1 4 1 1 1 1 3 1 2 1 2 2 3 1 1 1 2 2 1 2 2 1 1 3 1 2 1 3 1 2 1 2 3 1 1 2 1 2 1 1 1 3 2 1 2 2 3 3 2 1 2 3 4 1 2 2 1 3 1 1 1 1 1 1 2 3 1 3 2 1 1 3 2 1 1 2 1 3 1 3 1 1 2 1 1 3 2 1 1 4 1 4 3 1 2 2 3 3 1 1 1 3 2 2 2 1 2 1 3 4 1 2 1 2 1 
