s 5500
5 946 1515 2152 2283 4414 
1 2242 
0 
3 2589 4219 4704 
6 44 512 839 1645 2367 5108 
4 351 1890 4921 5137 
2 2886 4030 
1 819 
1 167 
5 140 406 1208 3487 3554 
3 519 2222 3760 
3 2311 2972 4883 
4 1166 2622 3002 4221 
3 1319 3394 4257 
3 1608 1936 4824 
1 3803 
3 902 1793 5285 
2 2557 4522 
3 835 2023 4765 
3 1801 4427 5332 
3 1276 2630 4611 
3 1083 2293 5215 
3 1274 2839 5347 
4 1570 2112 3832 4246 
3 63 2380 3429 
3 1211 2916 4930 
3 2833 3528 4277 
1 3111 
4 557 1587 2223 4400 
4 1633 2070 3027 5083 
2 1849 3470 
1 1779 
6 43 1223 2690 2725 4727 5240 
3 600 1077 5444 
3 319 476 1596 
0 
4 717 1222 1551 1828 
1 3559 
3 1455 4075 5070 
2 1695 1967 
4 875 2671 4588 5202 
2 1673 5275 
3 2329 3242 4561 
3 32 1388 2044 
5 4 4074 4472 4896 5048 
3 1290 1447 3559 
3 1887 2907 5176 
2 3126 4868 
1 5138 
5 260 1917 2484 4392 5408 
1 385 
5 122 2251 2985 3705 4676 
4 927 2885 3281 4618 
5 781 2429 3643 3735 4357 
2 679 5341 
1 3617 
1 619 
5 911 949 1487 4630 4864 
1 384 
1 2547 
3 2020 3148 5428 
2 3624 4233 
1 5312 
5 24 155 1912 3270 3821 
2 1789 2406 
2 2732 3600 
3 1715 2121 2270 
0 
6 467 616 2144 2269 2425 3141 
1 294 
3 1844 2508 4196 
2 478 2869 
2 770 5491 
4 1504 2738 3130 4386 
3 902 3993 4762 
3 198 4449 4535 
0 
1 2590 
4 1187 1569 4083 4272 
2 258 2017 
4 417 739 2120 4597 
6 300 2637 2760 3630 4102 4167 
1 5135 
1 5387 
2 4033 5215 
0 
2 4887 5416 
1 5101 
3 923 2557 3270 
3 1378 1650 4726 
2 946 4660 
3 1156 5046 5121 
0 
1 1522 
3 1127 1502 2568 
0 
5 1381 3266 3875 4023 4856 
4 256 1698 2533 3845 
2 924 4651 
4 1315 2215 4957 5407 
4 345 1182 1929 4784 
5 1722 2867 4173 4384 5450 
2 3402 5158 
2 1562 5004 
2 2269 4322 
1 2453 
0 
0 
3 2784 4779 4996 
2 2270 3406 
2 1116 1973 
1 5357 
2 1936 3845 
3 1536 4071 4450 
1 4355 
3 1319 3773 5159 
1 3260 
3 966 3383 3950 
0 
1 856 
2 523 4829 
1 1139 
2 51 1625 
1 2641 
2 502 2654 
3 2312 3582 5490 
3 2444 2507 2667 
2 2904 4572 
1 1491 
1 4387 
0 
4 1402 1838 2510 4349 
3 1685 2819 3550 
2 1930 2428 
4 1922 2170 3952 4522 
0 
2 3285 4155 
4 970 1289 2393 5005 
0 
1 3502 
2 9 1962 
3 471 574 1517 
1 3204 
2 2116 2185 
1 4768 
2 2666 3121 
3 596 1553 5005 
3 3072 3350 5181 
3 469 576 3141 
3 526 1478 1651 
3 2745 3371 4381 
2 585 1172 
3 1756 4264 4474 
3 218 2024 5006 
5 163 777 2905 3221 5099 
3 63 1215 4416 
1 2569 
3 281 1277 1386 
5 713 1617 1724 1839 2979 
1 3719 
3 292 2466 3823 
2 502 4063 
0 
3 154 2896 3213 
1 2956 
2 379 2003 
1 789 
3 8 2550 3812 
3 2201 3203 5042 
3 1062 2089 5108 
2 951 4277 
3 224 3058 3637 
0 
2 2821 3939 
2 3341 4001 
5 738 1208 3353 3862 4759 
5 746 1861 2199 2494 3621 
0 
3 1251 3469 5441 
2 1229 3344 
2 610 1596 
3 394 4303 4529 
1 1024 
6 347 1611 1685 2423 4704 4944 
2 565 5377 
4 2460 3075 3472 4293 
0 
2 774 1338 
2 215 3384 
1 4012 
4 851 2685 5199 5219 
2 1207 1520 
3 196 1491 4327 
2 1096 1960 
2 1671 2391 
1 3742 
5 192 915 2891 3285 3890 
0 
3 75 3186 3209 
2 1003 1206 
3 784 1823 2974 
1 786 
3 3030 3616 5355 
6 204 1839 3147 3891 4309 5060 
3 203 3413 4997 
1 2371 
3 3991 4198 4738 
2 3366 4431 
4 580 1245 2404 3903 
2 1284 2872 
0 
1 4101 
3 1294 2930 4394 
1 522 
3 221 956 1323 
2 188 1529 
2 4142 4959 
6 423 658 1285 2058 2534 4719 
4 153 2057 3742 5007 
3 1023 3066 5442 
1 4239 
4 214 3292 3880 4674 
3 863 3418 3996 
1 2374 
3 171 495 5450 
4 625 695 3247 5286 
2 1885 2806 
2 392 4516 
2 1696 1716 
2 1677 2241 
3 1223 1621 2748 
3 621 1792 1962 
2 2829 5061 
2 2317 3647 
2 592 3559 
1 3964 
2 2672 3285 
1 4363 
3 469 3177 5486 
1 732 
5 733 1937 2400 3790 4310 
2 1128 2503 
3 846 1808 3373 
3 4194 4877 5165 
0 
3 605 1732 2292 
0 
1 4513 
1 4477 
0 
1 3573 
4 2796 2841 3359 3822 
3 1939 2794 2862 
2 2210 5267 
2 525 1571 
6 1299 1486 2256 4160 4652 4697 
1 97 
0 
1 79 
1 4462 
3 49 1386 4324 
1 572 
3 1006 1602 4811 
1 2298 
4 2292 2845 3451 5220 
0 
1 4489 
4 493 3407 3457 4247 
1 2848 
1 1837 
4 1338 2299 2411 4104 
0 
1 420 
0 
2 2440 2644 
0 
1 3110 
1 887 
3 1994 4686 4766 
2 4952 5279 
2 3031 5434 
4 157 316 985 4226 
6 1121 1475 1665 1965 3560 4770 
3 1262 1930 5032 
5 2369 2775 3947 4538 4854 
2 3606 4040 
2 773 1134 
4 1065 1805 3592 5425 
1 2318 
3 338 3422 4786 
1 2972 
2 3228 4232 
2 160 1299 
4 439 1915 3276 3863 
1 69 
1 796 
1 3287 
3 1482 4681 4768 
3 2871 3909 5486 
1 1293 
5 81 1218 3124 4343 5070 
2 743 3066 
4 803 1090 1756 3334 
0 
3 1034 2332 2443 
2 3376 5072 
3 1525 1828 2220 
5 785 3526 4186 4397 4658 
2 701 4933 
5 902 1146 1225 4027 4598 
3 1349 1992 3444 
2 4449 5452 
1 4016 
4 2024 3661 5247 5469 
1 391 
1 1456 
6 281 1033 1470 2802 3414 4979 
2 3017 3599 
1 4385 
2 34 790 
2 749 1851 
3 1065 3066 5212 
3 1243 1537 2329 
4 3321 3327 4715 5389 
3 386 3816 4214 
1 3063 
2 2418 4521 
0 
1 5378 
3 819 2026 2679 
1 1242 
2 4136 4323 
1 2968 
0 
2 2724 4170 
4 401 1790 4665 4797 
2 675 2641 
3 1271 1512 1545 
3 289 1415 4296 
1 2179 
2 2564 3748 
1 5321 
2 462 3062 
4 618 1496 2061 4317 
1 1744 
2 100 4138 
2 1777 2690 
2 183 1479 
0 
4 354 428 1262 3841 
2 355 4261 
4 5 1129 1280 3340 
2 1902 3583 
3 1926 2203 4710 
5 349 1769 1920 3286 3391 
2 350 573 
2 1458 2762 
9 425 828 2269 3104 3168 3341 3816 4489 4682 
3 673 2325 3358 
3 1924 1936 3270 
4 1286 2883 2884 4624 
3 3228 4862 5292 
1 1733 
5 830 1059 2280 4541 5057 
0 
2 3313 5061 
5 1378 2197 3629 5329 5370 
3 4000 4203 5335 
3 617 1552 5084 
4 1568 3277 4667 4694 
3 1468 2295 4711 
3 1129 2134 4379 
4 1001 3711 3761 4582 
3 1422 4513 4721 
1 1491 
2 1244 5396 
3 1129 2481 5027 
0 
2 3799 4821 
3 165 919 2278 
4 2379 3290 5045 5252 
4 2272 2789 3730 5217 
3 780 3336 5015 
3 3560 4158 5373 
1 58 
3 50 2462 3715 
4 324 2246 3844 4385 
1 1197 
3 4537 4700 5001 
0 
0 
3 314 687 4584 
3 227 726 5204 
1 1124 
3 181 4072 5101 
2 3042 4804 
0 
4 1720 3254 4171 4308 
3 2218 2382 4738 
2 1352 5325 
2 1616 4669 
4 335 667 1610 4140 
1 4725 
4 1744 2162 2199 4691 
2 500 2019 
4 2640 3711 5172 5466 
3 9 2264 3746 
3 1801 2731 5300 
4 516 1158 1259 3005 
4 635 1622 3236 4639 
4 2049 2052 3042 3403 
2 2013 5218 
3 2883 3628 4028 
3 758 2875 4313 
2 492 3017 
5 2147 2154 2661 3723 5264 
4 2865 2910 3089 3099 
2 80 2756 
1 3937 
3 589 1117 1176 
5 272 1186 2934 2949 5241 
2 534 5480 
4 2728 4616 4722 5039 
1 217 
2 2540 3512 
5 357 587 1027 2472 3724 
1 2854 
2 1373 4553 
5 349 2451 3758 4669 5338 
5 1211 2461 2964 3347 4315 
3 1101 1861 3154 
3 2247 4690 4927 
3 1470 3522 3606 
2 732 2682 
2 852 1652 
0 
2 1326 2475 
2 2414 3749 
2 869 2420 
3 293 1108 2052 
2 515 1539 
2 595 2336 
1 2376 
5 1230 2708 2723 2905 4251 
4 935 1092 2178 5313 
1 4519 
1 1465 
1 4576 
1 4620 
0 
2 2682 3333 
0 
0 
5 822 1172 2626 3392 3791 
1 1127 
4 1208 3572 4069 4566 
2 2018 2750 
1 1509 
3 1774 2412 3411 
4 1888 2088 3160 3435 
5 838 3493 3498 4428 5476 
0 
2 342 1974 
3 676 1983 2186 
3 1838 2254 5497 
3 1588 4100 4872 
4 590 1849 3680 3699 
4 68 4065 4125 4718 
4 1151 1346 2379 5061 
6 148 238 2311 2904 4524 5007 
2 2070 2957 
2 141 1588 
4 807 4894 4941 5275 
1 642 
3 885 1305 2071 
4 900 1053 1523 4310 
2 34 3101 
3 2259 2277 4013 
2 71 5071 
0 
1 664 
2 2229 2947 
4 1262 2892 3495 5295 
3 1293 4148 4484 
1 5241 
1 2157 
1 2741 
5 959 2763 3678 4191 4687 
2 822 2894 
3 2733 3057 4272 
2 1200 4644 
3 2025 3007 4809 
2 414 775 
3 267 849 1033 
4 1013 2164 2165 5425 
3 224 2178 5034 
2 1482 5136 
1 2945 
1 1896 
3 1960 3203 4615 
4 404 3250 4566 4676 
3 3297 4729 4842 
3 124 161 2516 
1 2321 
4 604 958 4526 4807 
1 5181 
2 1049 1991 
3 919 3709 5013 
3 4487 4773 4996 
3 967 1051 4601 
5 1574 1792 3141 3837 5352 
4 1470 1681 3545 4872 
3 4 1489 2855 
2 2530 3388 
1 4419 
3 440 1315 5278 
5 408 1933 2768 3690 4626 
4 520 1289 1690 2797 
6 652 1701 3824 4983 5118 5262 
3 10 2753 3711 
3 517 1616 4678 
2 3114 3532 
5 213 1175 1579 2091 3087 
3 120 1137 3675 
3 2427 2591 5375 
1 254 
4 149 1609 2752 4358 
2 1548 1686 
3 2153 3671 5204 
3 2619 4156 4775 
1 2082 
0 
0 
4 3096 3232 4199 5004 
5 421 763 1910 3597 4875 
2 4060 4803 
4 1542 2485 4662 4745 
4 1706 3145 3241 4299 
0 
3 1481 3875 5379 
5 1318 2254 2369 4761 5056 
1 2212 
2 1214 2720 
2 2009 5151 
3 2166 4627 5255 
1 4611 
1 5251 
4 1223 3202 4346 4391 
4 1020 1756 3104 5246 
5 1451 2475 3360 4440 5137 
2 1549 4866 
4 967 3267 5002 5036 
3 621 2702 2941 
2 4119 5452 
3 2525 3981 4140 
0 
0 
5 28 1147 2772 3433 4597 
2 2500 3652 
3 1811 3914 4149 
3 584 1296 5382 
1 2421 
0 
2 2666 5466 
4 1379 1417 2913 4388 
4 184 604 2436 5318 
1 4653 
3 628 2769 5372 
2 1889 3622 
1 1747 
2 1551 4595 
3 1926 2208 3019 
3 261 2432 4474 
4 355 1671 2061 2869 
2 141 4160 
2 1510 3843 
3 148 2719 4971 
2 659 849 
2 930 2138 
1 1118 
2 208 5098 
2 3380 4909 
2 733 2937 
3 2296 4692 5293 
3 560 951 1860 
6 151 3467 3691 4084 5201 5225 
0 
2 425 4936 
1 2301 
1 419 
3 466 2015 2249 
0 
1 234 
7 1078 1439 2423 4225 4666 4701 5266 
4 1719 2331 3195 3288 
4 441 1314 2123 5020 
4 146 1067 2532 4798 
2 765 2493 
4 817 1650 2368 4193 
1 3982 
4 33 3080 3528 3973 
1 1296 
1 3325 
0 
4 504 565 1617 2055 
3 245 3700 4810 
6 1184 2680 3345 3705 4385 5372 
2 1742 3589 
1 3958 
2 678 4383 
3 180 5174 5231 
0 
1 3190 
3 944 3623 5153 
2 1955 4268 
2 1210 4721 
4 68 3946 4652 4922 
3 368 2622 5426 
5 343 814 930 3764 5299 
5 56 1436 1472 1713 2081 
1 2226 
5 231 552 1240 2186 2613 
2 3287 4691 
3 885 1639 4711 
3 1411 3329 5100 
4 225 2791 3689 5193 
2 4388 5177 
2 661 2157 
3 567 3243 5162 
4 1220 1271 4709 5238 
2 934 3599 
1 3196 
2 4047 4424 
0 
0 
3 409 914 1377 
1 5110 
1 3597 
1 2622 
3 855 2344 4589 
4 2646 3888 3900 4082 
3 2857 2868 5302 
3 473 1106 4380 
1 1385 
3 1012 2740 3755 
3 1628 4377 5401 
2 2607 2961 
3 2410 3731 4842 
2 709 2881 
2 1291 3657 
1 4151 
4 1026 2230 3603 5258 
2 518 2113 
1 4706 
3 706 708 5073 
2 2151 5449 
2 2282 3069 
3 1114 2747 3159 
3 217 2826 4855 
2 577 5190 
0 
5 627 882 1503 4715 4774 
2 3381 4749 
2 1596 4069 
8 480 1264 2047 2317 4560 4696 4793 4872 
2 3962 5225 
2 2124 5284 
4 401 1229 2808 4050 
3 2917 4340 5248 
4 1096 2561 4251 4932 
4 2620 2685 3789 4719 
4 1243 1621 2415 2571 
1 5421 
3 358 1382 3287 
2 1446 4290 
3 336 3999 4007 
3 463 1693 4398 
3 2395 3076 3770 
2 609 1974 
7 54 1845 2673 3168 3972 4598 4639 
2 5013 5253 
4 1029 2244 4561 5314 
1 2153 
3 3290 4993 5214 
3 1035 1174 3131 
2 1651 4563 
2 1381 4395 
4 391 1407 3591 3740 
0 
1 1740 
1 1438 
2 1557 4000 
2 2859 4181 
1 1851 
0 
4 225 2864 2953 3660 
1 4068 
3 2416 2971 4602 
2 5029 5141 
4 2319 2973 4374 4397 
2 2028 3513 
4 308 1690 2052 2562 
3 1554 3826 5400 
2 4129 5425 
1 1588 
1 3295 
3 654 1272 3904 
2 924 3153 
3 654 4570 5048 
3 648 2389 4091 
2 1717 3966 
1 3531 
1 4168 
3 158 1048 5256 
0 
0 
4 962 1653 3074 4570 
2 36 5498 
3 2051 3670 3817 
1 4534 
0 
3 1889 2866 4305 
2 2514 3252 
2 2251 4243 
3 1991 2356 2894 
3 1157 3520 5299 
3 392 4081 4128 
0 
3 2585 3315 4765 
2 1089 5165 
3 858 4650 5292 
3 2582 2666 4248 
4 239 433 3121 4658 
3 240 582 4294 
1 2152 
4 2242 2401 3068 3302 
3 3164 3923 5218 
4 968 1251 3180 5071 
1 175 
2 80 5067 
3 1315 2623 3630 
2 1580 5020 
3 1661 2698 4200 
3 301 3223 5068 
2 747 4674 
3 1577 2532 5256 
3 176 3192 5140 
3 744 887 1990 
3 829 1293 2022 
3 320 1821 3261 
3 973 1548 3258 
2 1292 3978 
2 830 3786 
1 5478 
1 5118 
4 3275 4324 5056 5232 
0 
2 2222 5404 
4 413 930 1564 2602 
2 4069 4168 
3 1214 1914 4199 
2 2291 3594 
3 1349 1754 1816 
3 534 809 1737 
5 816 1002 1571 5063 5169 
2 597 3506 
2 2836 4588 
1 3670 
4 3042 3895 4329 4624 
2 2072 5205 
1 72 
2 2388 3394 
2 1047 3701 
3 286 3102 5483 
3 187 3357 4774 
2 492 2034 
0 
2 154 4871 
2 1008 3790 
2 2209 3302 
3 382 3521 3750 
3 53 947 2660 
1 1582 
1 4470 
3 200 1925 3584 
3 307 1137 3391 
6 201 1742 3050 3134 3250 4617 
4 2168 2676 3788 4146 
1 1171 
2 166 3896 
1 319 
4 906 2476 3003 4513 
3 1321 3139 4949 
2 2504 4121 
2 842 1204 
2 1296 2204 
2 295 4472 
4 1476 2910 3555 5213 
2 1746 4820 
2 4147 5037 
1 3949 
4 2739 2741 4102 4750 
3 1093 2580 5145 
4 302 1978 3146 4347 
1 3477 
1 3525 
0 
4 472 838 904 3416 
1 4078 
2 763 1313 
0 
2 2847 4163 
2 3992 5491 
3 965 1483 4765 
3 618 2091 4966 
2 1884 5359 
5 764 1085 2748 4320 5195 
2 598 4417 
3 1012 1186 4314 
5 7 329 1407 2053 4372 
2 2207 5255 
1 2152 
6 453 488 4049 4280 4860 5460 
4 3558 4287 4657 4663 
0 
1 4159 
1 4985 
1 4457 
2 357 4640 
2 748 5082 
9 363 752 1244 1338 1571 3848 4035 4655 5282 
2 854 3379 
1 3102 
2 2548 2997 
2 3314 4255 
5 18 1959 2617 3421 5169 
5 1710 4198 4312 5073 5498 
1 4945 
4 460 807 1290 4310 
2 4 996 
0 
1 1089 
2 794 3426 
1 2491 
4 1222 2670 3711 5331 
2 1542 4136 
2 242 1123 
2 1366 4309 
1 3429 
3 493 577 2002 
0 
2 190 3727 
6 434 1659 1898 2170 2514 4062 
2 4141 5399 
2 831 4700 
3 639 3733 5319 
2 119 2081 
0 
1 730 
4 3106 3310 4552 4649 
1 4459 
1 2478 
3 1301 2909 2939 
2 222 3047 
1 1560 
2 2474 4761 
1 2528 
0 
2 2143 4400 
2 438 2215 
3 2278 4026 4253 
0 
1 1647 
0 
3 3933 3964 5476 
1 40 
3 1359 2372 2434 
0 
3 2398 3979 5211 
3 1590 1638 1858 
3 1453 2639 5195 
0 
1 661 
6 1168 1571 2205 3651 4009 4825 
7 1361 1430 2026 2483 2743 3045 3934 
6 474 623 3120 3641 5326 5429 
5 1895 1965 2034 2718 5451 
4 277 747 2919 3028 
3 1466 4204 4423 
2 3040 5498 
0 
0 
2 3809 4399 
0 
0 
4 2310 4099 4613 4876 
2 997 1437 
1 3008 
3 1822 1844 2453 
2 1234 2757 
3 475 3241 5492 
1 4471 
7 16 74 309 1788 2231 3901 4437 
2 2902 3668 
2 807 1343 
1 5401 
2 791 1677 
1 4523 
2 1712 5311 
2 3895 4211 
2 3840 4764 
3 57 1853 4327 
1 3752 
0 
3 635 2007 3030 
8 196 1196 1632 1672 2628 3380 5082 5493 
0 
1 1004 
1 3011 
4 379 507 3109 3306 
2 4411 4928 
3 1291 1786 3143 
3 1531 3210 4495 
3 88 3347 5407 
6 98 707 1378 3314 3773 4751 
1 3493 
3 1176 2896 2942 
3 52 3766 4930 
0 
4 1240 3221 4197 5488 
3 578 618 758 
2 4309 4583 
3 3392 4488 4688 
3 3168 4916 5316 
4 630 3244 3324 5245 
1 444 
3 4082 4658 4973 
3 1377 1392 2212 
0 
1 1498 
3 1599 1750 4030 
3 3735 4507 5038 
3 2735 4591 4602 
2 2298 4601 
5 613 2890 3478 3657 4781 
2 2140 3501 
7 0 90 954 1394 1916 2824 5493 
4 781 1192 1429 5219 
3 2833 2961 3519 
2 57 4784 
2 1432 1483 
3 170 584 5480 
3 2314 4149 5209 
5 3075 3088 4912 5089 5175 
4 946 1931 2581 3985 
4 1233 2313 2493 3142 
4 214 1437 1465 1560 
2 2508 4352 
4 504 1865 1900 3686 
3 487 2672 3785 
4 1048 1089 2020 4380 
0 
3 716 4549 4789 
2 2834 4966 
3 1009 1734 3482 
2 813 4840 
5 117 1277 2532 5122 5146 
2 509 551 
2 737 2535 
2 3761 4228 
3 137 3706 5004 
2 2123 2846 
3 3479 4564 5373 
3 750 3539 4641 
0 
1 4516 
0 
3 1610 3919 5223 
0 
3 1575 2460 4694 
2 2716 2769 
5 3791 3792 4579 4739 4840 
2 1822 2368 
5 1360 1624 3822 4319 4858 
0 
5 281 1208 4450 4675 4895 
0 
2 2556 2621 
1 1596 
1 5181 
0 
4 2657 3148 3344 4372 
3 4690 4920 5271 
3 2538 4007 4258 
1 3981 
1 3279 
4 839 2294 2611 4870 
2 896 1877 
3 3188 4524 4848 
4 1405 1953 4487 4997 
1 4311 
1 372 
5 764 2095 3554 4865 5139 
2 199 1231 
1 917 
2 4412 5442 
3 262 2234 2848 
1 1912 
3 778 2696 3945 
4 964 1767 5056 5166 
1 3528 
3 1148 3242 5307 
2 644 818 
5 494 1772 3141 3780 5421 
2 3039 4321 
0 
0 
2 4170 4245 
2 1779 3019 
2 1246 2231 
2 548 3745 
5 1978 2428 3137 3483 5275 
0 
1 219 
3 182 1087 2222 
4 3038 3234 3713 4404 
1 651 
3 425 1136 4387 
1 3958 
6 681 1850 3275 4754 4792 5236 
3 2946 4193 4422 
0 
1 3055 
2 316 493 
3 304 2935 5263 
1 684 
1 3177 
1 5469 
0 
2 2453 3847 
1 3507 
0 
2 2038 3206 
2 1936 5183 
3 1062 3716 4417 
1 5443 
6 1053 1476 1530 3607 3623 4712 
2 772 4030 
2 713 960 
2 506 3431 
4 1432 3267 3534 4740 
2 509 2651 
2 3405 5240 
3 475 1046 2865 
1 3087 
1 3707 
3 2479 2560 4620 
1 1532 
3 2855 2961 4296 
2 363 4071 
1 3406 
6 1446 1544 2947 4713 5170 5284 
4 169 1044 2121 3430 
2 3574 4204 
4 2340 3909 4677 5017 
4 287 321 2319 2403 
0 
1 596 
3 1796 2023 3113 
2 2396 4565 
3 1145 2433 4339 
0 
1 1565 
2 3982 5002 
2 1553 4824 
0 
1 3084 
4 33 2214 2747 4303 
4 593 4377 5444 5482 
1 1523 
4 1094 2633 2946 4737 
0 
2 2559 2846 
4 21 3149 3558 4159 
0 
3 816 2372 3881 
2 2900 3610 
4 1024 1605 4718 5444 
4 1471 2809 4356 4876 
4 729 841 960 1989 
3 302 3545 4595 
1 4521 
4 444 1236 2328 4001 
4 802 2345 2860 4657 
1 1080 
3 1573 2450 3121 
5 193 669 1616 2975 5264 
0 
1 3394 
3 1467 1547 1681 
3 2206 2865 3452 
1 430 
2 1133 4025 
2 3889 4533 
2 1763 5200 
3 2898 3634 5293 
4 642 3580 3650 5267 
4 1377 1657 3616 5462 
4 439 2022 2977 4127 
3 3140 3206 4351 
1 3770 
1 2771 
4 1786 2503 2905 5083 
0 
2 657 4958 
1 2167 
3 110 4063 4205 
4 419 3114 3516 3595 
5 579 2111 3625 3659 4824 
3 1259 5067 5451 
0 
4 282 2994 3727 3733 
1 4997 
5 846 2342 3547 3581 3913 
1 393 
3 1556 2213 2566 
1 1916 
4 94 454 4854 5287 
4 241 2053 2168 4961 
4 351 371 376 3711 
1 5229 
1 3911 
1 5347 
3 1102 1944 4219 
4 286 1654 2133 3108 
1 2951 
4 1027 2689 3306 3407 
3 523 785 4487 
3 1234 1575 3534 
1 121 
3 2104 5406 5488 
1 3823 
1 1822 
3 3878 4218 5429 
1 1610 
3 1070 3522 4550 
2 309 3907 
5 557 1744 2118 4430 5467 
2 1011 1455 
3 2381 4369 4740 
3 1677 2246 2546 
2 468 3928 
2 3670 4877 
1 2369 
0 
3 1813 3306 5233 
2 91 4093 
1 725 
1 408 
2 1889 3358 
2 2691 3813 
0 
0 
2 2822 5092 
3 1327 2274 2817 
6 1861 1947 2667 3210 3297 4282 
3 12 1763 4169 
3 2834 3252 5058 
4 883 1215 2158 4578 
3 3783 4593 5317 
5 1236 2706 3091 4954 5065 
3 788 4742 5381 
6 151 453 1808 1939 3058 4982 
0 
2 684 2682 
4 522 3818 3956 4156 
3 419 926 3318 
2 2776 3472 
4 1701 4216 4838 5070 
1 4142 
5 1240 3189 4011 4851 4879 
2 2340 4751 
5 100 2271 2631 3054 3900 
2 1367 2513 
4 606 2442 3118 5217 
1 5261 
4 420 818 1190 1285 
4 78 1639 3490 4073 
2 1695 3651 
3 1917 3452 4331 
3 1186 1191 3461 
3 1190 4106 5334 
2 947 4139 
1 2957 
3 3236 4730 4963 
2 2320 5278 
3 915 2064 4330 
5 387 1415 1899 2458 5069 
2 3013 4248 
2 4723 5484 
4 490 3588 4650 5235 
2 1584 5018 
1 1726 
2 3050 5136 
1 794 
2 3535 4744 
4 199 3475 3831 4021 
2 191 2876 
4 9 175 455 985 
0 
3 615 1441 2984 
3 25 429 3617 
3 2054 3428 4225 
2 3369 5477 
4 542 760 3187 4130 
3 155 1168 1908 
1 4337 
3 2694 3234 3342 
2 300 4345 
1 4365 
6 629 1655 2132 4150 4429 5285 
0 
5 36 844 2166 3539 5418 
3 32 230 547 
2 3865 4984 
2 309 3763 
4 1258 1284 4125 4688 
2 2864 4176 
3 2382 4803 5243 
2 179 667 
3 443 3781 5124 
4 1003 1936 4917 5035 
2 3473 3501 
3 955 1517 1590 
3 899 1138 4170 
2 2040 4568 
3 1092 1170 3787 
5 1239 2765 3205 3426 5401 
1 2793 
3 1237 2546 5491 
5 621 929 1180 2168 4506 
1 3461 
7 330 2331 2591 2703 3614 4116 4159 
4 322 671 3360 4996 
4 375 830 1500 3904 
2 208 1897 
4 1019 1390 1779 4332 
0 
4 1981 2706 4947 5397 
2 1430 3451 
1 4350 
5 178 737 2801 4000 4871 
4 1437 3301 3705 4476 
1 5058 
2 3767 3895 
2 3796 4327 
2 1777 3487 
0 
3 1226 1939 2302 
4 408 1119 2072 2271 
0 
1 3566 
6 283 349 482 3319 3394 3414 
1 2582 
1 664 
2 1772 1903 
3 1609 2902 2931 
4 3347 3906 4682 4823 
2 1957 2811 
1 4614 
4 2036 3140 3550 4927 
3 337 629 5325 
3 706 1797 2234 
2 2051 4547 
1 22 
0 
1 20 
3 157 966 1647 
1 5296 
1 3514 
3 351 2996 3446 
1 2334 
5 1558 2798 3371 3458 4369 
2 4932 5100 
3 209 1226 3799 
3 217 1186 4352 
2 360 2265 
1 1343 
1 2376 
6 137 517 1448 2831 3472 5452 
5 45 838 1745 1845 3773 
5 649 921 1345 3204 4662 
3 751 1451 2497 
5 299 483 748 1978 4710 
2 212 1614 
0 
3 560 601 795 
2 4812 5156 
0 
5 255 292 4008 4011 5297 
2 2351 3928 
3 862 2690 4421 
2 1984 4744 
2 1349 5232 
3 2210 2215 4345 
2 474 4512 
5 1439 1680 3359 3609 3677 
1 1589 
5 2211 3758 4209 4769 5113 
3 3905 4408 4847 
1 2698 
3 2099 2474 3262 
1 2510 
3 809 3133 5264 
3 595 2770 3844 
6 99 515 740 1690 3085 3999 
1 3314 
3 4026 4323 4861 
3 540 2943 3662 
3 13 115 1425 
1 3426 
1 792 
3 2623 2886 4057 
4 214 1719 1924 3981 
1 4883 
0 
1 436 
3 1164 3406 4168 
0 
2 1508 1679 
0 
2 1533 3145 
2 1599 1904 
0 
2 2203 4234 
3 1913 1994 3534 
3 1366 3514 4482 
2 4112 4562 
5 187 270 830 1962 4729 
1 2571 
1 5433 
2 2391 5262 
3 1398 4173 4998 
5 904 1287 1708 1940 2064 
3 3137 3553 3630 
2 1291 3127 
2 468 2833 
2 2475 4327 
1 4979 
7 310 762 1303 2125 3013 3057 3163 
3 3345 3392 5458 
1 4435 
3 399 3824 3939 
3 2376 4062 5392 
3 3415 4910 5074 
3 2525 3410 5301 
0 
3 1475 1961 3199 
0 
3 876 2703 4593 
3 983 5421 5485 
2 884 1460 
6 2437 3304 3586 3665 3708 4631 
3 2366 2653 4843 
1 3293 
0 
2 847 1336 
3 1183 4176 4980 
1 3179 
1 3800 
2 2292 2594 
2 3022 4069 
5 1798 3563 3805 5117 5346 
2 427 5185 
2 3610 4785 
3 2613 3748 4692 
6 1788 2392 3425 3639 3720 5002 
5 635 937 1107 2141 4422 
5 89 366 924 2198 4244 
4 564 2032 4754 5121 
1 5412 
3 96 686 3786 
2 673 1699 
3 1385 1697 4558 
2 5008 5395 
2 643 1383 
2 157 260 
1 4688 
2 43 2247 
1 2263 
3 1246 2077 4033 
1 2819 
1 937 
0 
2 946 5088 
0 
2 2624 5441 
3 2073 3580 4730 
2 1342 4112 
3 2841 3640 5169 
2 2592 4374 
3 1931 2221 3137 
1 131 
1 3483 
1 1900 
4 999 2379 2574 4247 
0 
6 687 819 2358 3706 4752 5257 
2 1724 2047 
2 1577 3837 
1 2696 
3 624 1636 2712 
2 1507 4991 
4 2195 2779 4174 5361 
3 2567 4714 5296 
4 338 1197 2759 4338 
3 1715 2106 3359 
2 564 3747 
1 4550 
2 5360 5477 
1 2200 
2 3136 5222 
5 373 2296 2503 3481 3522 
2 3781 4913 
1 4908 
4 1319 1543 1717 2594 
2 4821 5126 
2 2497 5388 
2 2535 5142 
5 947 2469 2697 2902 3028 
3 884 1249 5455 
1 3488 
3 950 1050 3679 
2 3457 4597 
3 2377 2635 4539 
1 4394 
2 619 1461 
4 896 956 1252 3272 
2 690 2306 
2 593 1306 
1 2547 
4 1210 3453 4615 5072 
1 3760 
2 2194 4646 
0 
2 3005 3574 
3 674 1061 3422 
2 45 4277 
1 1289 
2 4267 4491 
1 3665 
5 549 1292 1619 3286 4495 
1 4534 
4 880 3142 3913 4720 
0 
3 38 1148 3926 
5 315 2427 2712 2983 3919 
2 4496 4726 
4 356 3323 4659 4671 
3 2002 3378 4151 
1 1361 
4 1436 2744 2783 3644 
1 4260 
3 2165 4278 4503 
2 3868 4962 
5 446 956 1791 2484 3078 
5 888 1481 2321 2503 3187 
3 1099 3689 3791 
2 370 2380 
2 1634 1673 
4 316 432 511 3655 
1 1088 
3 619 2725 2790 
0 
0 
4 282 1357 3869 4237 
4 797 1046 3286 3287 
3 3512 3804 5482 
1 149 
5 347 2925 3088 4588 4831 
5 2197 3998 4238 5183 5277 
4 539 1466 2588 4627 
5 297 496 1863 2095 2331 
3 813 950 4970 
6 1939 3096 3154 4731 4923 4964 
2 3502 3643 
2 255 1546 
1 57 
5 1518 3118 3641 4021 4434 
4 512 2465 2737 3592 
1 4323 
5 128 192 374 3343 4162 
1 3315 
1 4902 
3 1968 2676 4434 
1 1998 
3 343 2326 3997 
2 1960 4422 
2 939 4197 
3 1640 2021 3804 
2 1244 2480 
4 2845 3267 3627 5461 
3 94 2872 3177 
4 661 4466 4789 5494 
1 73 
4 2256 3543 4553 5167 
2 3321 3874 
4 1412 1670 4024 4909 
6 1329 2324 3021 4164 4430 4521 
3 457 3423 4240 
2 575 4528 
4 1578 2145 2557 3729 
3 337 5223 5339 
1 4300 
2 3154 3252 
1 0 
2 4098 4115 
2 141 1233 
5 1488 1686 2440 2492 2538 
1 4256 
1 191 
2 2611 3700 
3 93 2211 2753 
6 475 1079 2870 4466 4876 4880 
1 2505 
2 306 4133 
0 
2 4689 5050 
1 2095 
4 215 2269 2644 4363 
3 1046 1832 4012 
4 922 1797 1977 3726 
2 1057 3131 
2 1331 4105 
3 2034 2164 3187 
1 3713 
2 113 1809 
5 322 2627 3435 3447 5271 
0 
4 440 1848 2049 3577 
0 
2 2079 4094 
5 536 845 1711 4959 5080 
2 1425 3811 
3 1061 3857 4042 
2 337 3563 
5 1486 1703 2037 4089 5036 
4 1099 2020 3472 3787 
3 527 750 3635 
3 550 2570 4315 
2 2578 3035 
3 36 570 5001 
2 368 3942 
2 146 1074 
3 702 2344 3524 
1 4444 
3 1125 2785 4871 
1 691 
4 1282 1974 3700 4238 
2 5159 5441 
3 864 956 5251 
3 2777 3883 4237 
1 103 
3 2871 4249 5417 
2 758 2522 
2 1072 2601 
0 
2 3539 4221 
2 369 1690 
4 78 3345 4624 5187 
5 23 1695 1789 2706 3291 
5 254 764 830 883 5016 
3 2293 2621 5397 
3 1095 3808 4695 
1 510 
3 979 1138 3098 
2 2289 3578 
4 745 1409 4719 4745 
3 1511 3417 3521 
1 522 
1 741 
2 2169 2489 
1 782 
1 1945 
2 1201 2174 
2 1950 2962 
2 3854 4925 
4 28 1916 2178 2914 
5 465 471 704 2128 3136 
2 1307 2036 
3 879 1233 1933 
1 5010 
3 2532 3156 4209 
0 
4 2280 2409 3488 5305 
5 2542 4067 4449 4924 4965 
5 34 180 663 988 3866 
2 2669 5474 
1 3209 
2 940 1332 
4 3064 3796 4725 5239 
3 3067 4111 4117 
3 262 2247 4996 
4 1906 2316 2895 4391 
1 2382 
2 1087 2806 
0 
4 1620 2289 4274 5286 
2 14 2127 
2 526 1266 
5 401 977 1144 2792 4041 
1 183 
2 4599 5241 
3 2085 4069 5184 
1 1294 
2 2511 5289 
7 400 520 1096 4544 5109 5400 5442 
3 158 604 4018 
2 1914 4557 
2 1451 3694 
4 1607 2095 3907 4633 
5 230 671 1717 2400 4396 
6 409 1751 2643 2658 3585 5270 
1 3168 
2 983 1931 
3 122 2237 3300 
1 4154 
2 2593 5277 
3 645 2589 5235 
3 2347 5033 5317 
0 
2 2260 3645 
1 915 
3 29 2077 2278 
2 1469 2676 
0 
2 1411 1929 
1 4053 
3 879 4799 5415 
7 623 1187 1740 2516 2738 4216 5343 
1 1499 
0 
2 5126 5498 
2 3501 4089 
0 
3 4 2780 5459 
2 1799 5046 
4 872 1277 4621 5057 
2 4370 5412 
2 2233 3421 
4 89 598 2658 2905 
4 149 685 3614 4488 
4 434 3618 4431 5257 
1 716 
4 1134 1656 1807 5488 
3 1220 4047 4893 
1 1654 
5 1107 3275 4051 4979 5181 
1 4270 
3 852 4353 5195 
2 2323 3547 
3 742 3461 4411 
3 2792 2858 3797 
0 
2 3139 3673 
4 282 3220 3583 3711 
1 2943 
3 2034 2722 3976 
1 2207 
3 1761 2448 4120 
1 1507 
4 194 573 4143 4409 
2 915 4965 
2 41 1469 
3 2112 2605 3668 
1 1808 
3 3208 3626 4463 
7 229 906 1150 2313 2611 5096 5132 
2 3312 3826 
5 1329 2322 2482 2866 3764 
3 1306 4796 5070 
2 511 1099 
2 1870 2964 
2 2960 4659 
1 4397 
4 132 183 3409 3517 
2 527 1518 
0 
0 
0 
10 517 701 1315 1568 2135 2754 3106 3429 3602 3823 
0 
1 2698 
1 676 
1 3513 
6 39 1188 1570 2505 3525 5438 
3 228 3001 3489 
3 1383 3828 4606 
3 97 2882 4349 
2 1382 3113 
1 2323 
5 518 1178 3359 3412 5348 
2 2299 5099 
2 1546 1953 
0 
3 3878 4356 5138 
2 537 2311 
1 3643 
2 1343 3692 
1 2903 
2 836 2071 
3 1542 2130 2448 
2 908 3762 
3 619 3028 5146 
3 2402 3102 3946 
2 66 1416 
2 228 3206 
3 710 1425 1621 
1 2947 
2 594 1323 
1 397 
1 2418 
4 101 2601 3369 3507 
2 3451 3918 
3 158 1408 3155 
5 3371 3396 4456 4510 5408 
3 1202 3655 5274 
0 
1 2040 
0 
0 
2 4304 4647 
1 245 
2 362 5460 
8 964 1772 1968 2804 3176 3734 5300 5384 
1 5438 
1 5488 
4 763 2026 2749 4829 
1 3804 
1 2925 
4 689 1639 4159 4830 
1 2857 
2 607 786 
0 
4 344 403 1147 5151 
2 1290 2712 
4 798 1911 4780 5306 
2 569 5225 
0 
4 1785 1908 2254 5160 
3 940 4479 4515 
3 1622 2612 5065 
3 3274 3440 4985 
0 
3 762 2216 3270 
1 3647 
5 152 302 548 4227 4951 
2 1789 4031 
2 2276 5224 
1 2008 
4 3392 4216 4397 4539 
3 1669 2787 4187 
1 5378 
3 1104 1166 5027 
0 
3 3103 3226 4517 
1 4334 
5 1009 1953 2054 4605 5492 
2 2466 2972 
1 354 
2 3210 3411 
0 
3 1013 1265 1734 
2 3541 4112 
1 458 
2 3138 3415 
4 4149 4363 4867 5435 
5 346 1256 1852 3378 5195 
1 5350 
4 31 1018 1246 3998 
1 3521 
2 2634 2864 
2 5304 5378 
1 4119 
2 3011 3483 
2 1749 2967 
6 921 1112 2038 2695 4556 4557 
0 
6 902 1376 2766 3444 4174 4364 
3 64 1570 1757 
2 335 4089 
4 1465 2962 2975 4850 
4 231 510 2388 3565 
4 16 2502 3480 5136 
2 2669 4368 
1 3446 
1 1068 
4 1272 1531 1875 3124 
1 1372 
3 1646 1883 2270 
4 1953 2760 3168 4825 
6 19 407 2128 2368 4958 5285 
2 2098 3100 
2 3284 5065 
0 
2 287 4785 
4 2054 2161 3724 4066 
4 1654 2016 2034 2479 
4 242 1172 1675 5069 
1 1536 
0 
4 559 4013 4069 4582 
1 2985 
2 1155 4191 
0 
1 1882 
5 762 2580 2864 3590 4813 
0 
2 2656 4844 
2 4652 5207 
1 1832 
1 749 
4 898 982 1142 3060 
1 200 
0 
2 2103 2856 
2 2422 2550 
5 2385 4250 4741 5265 5448 
5 36 306 2681 3336 4418 
2 3985 4904 
3 2479 3356 3485 
4 3097 3357 4047 5288 
5 1530 1820 2637 2665 4893 
0 
2 3583 4447 
3 2547 2691 4675 
1 4784 
2 269 3101 
2 131 464 
3 158 203 3665 
3 4056 4748 4811 
0 
5 2363 2978 3224 3862 4653 
1 2330 
4 70 898 2295 3389 
2 679 1290 
2 2311 4684 
2 2229 2296 
2 1539 3637 
3 30 466 5388 
2 1029 2322 
5 320 693 3041 3107 5122 
2 1777 4463 
3 911 2898 3864 
0 
2 3498 3619 
4 2960 3095 3222 4023 
3 2295 4084 4917 
3 879 2663 4466 
4 2566 2671 2746 5438 
3 584 1989 2238 
4 176 430 1165 4874 
4 2327 2678 3245 3398 
4 1482 2109 5017 5103 
1 4336 
2 958 2896 
2 2250 5404 
1 2420 
0 
0 
2 1682 4924 
4 3897 4544 4635 5216 
2 3462 4021 
1 5128 
2 2850 4006 
3 1797 3790 5227 
4 2084 4862 4949 5442 
1 997 
4 2635 2991 3551 4560 
2 1897 3246 
3 2640 4254 4445 
2 2212 3244 
2 1815 2812 
2 1799 4627 
4 815 1918 2331 4436 
5 226 2319 2540 4124 4666 
2 4438 5364 
3 46 3118 4156 
7 459 2227 2455 3411 3691 4289 4946 
4 568 721 1159 2219 
2 5 3951 
1 2953 
0 
1 4018 
1 3155 
2 886 5474 
1 498 
3 1245 1879 2235 
3 852 2225 3027 
2 1197 4651 
4 958 1404 3898 5461 
4 2868 3483 4243 4501 
5 352 2013 3314 3812 4650 
2 1265 2175 
1 1332 
0 
2 1603 4559 
4 2039 2314 2400 4583 
3 1215 1749 2010 
1 4418 
1 534 
3 1746 2919 5456 
4 63 1007 2464 5448 
1 1335 
6 760 1618 3767 3800 4436 5354 
2 293 4835 
4 946 1126 1587 5291 
5 49 1189 4056 4110 5366 
2 1884 5256 
1 5078 
2 354 2081 
1 2245 
3 134 1939 4336 
2 3322 5481 
3 359 1323 2277 
1 784 
6 353 571 2552 2968 4784 5182 
4 1941 3196 4619 4797 
1 4855 
3 100 1636 3525 
2 133 283 
3 954 1401 1624 
2 3205 5248 
6 516 1590 2028 2449 3348 3849 
3 2894 4043 4305 
2 3307 3559 
6 14 112 359 1043 1231 4460 
2 240 3472 
5 1949 2030 4252 5242 5255 
7 252 1172 1258 1484 1922 2336 3630 
2 1343 2759 
2 1927 4832 
1 3892 
0 
2 1133 4392 
2 1583 4214 
2 3382 5462 
4 1165 3101 3348 5016 
0 
3 1938 2401 4359 
2 1585 3170 
1 2286 
3 2161 4516 4875 
7 999 1703 1767 1800 3183 3850 5185 
1 5259 
3 614 3230 3380 
2 2593 4062 
6 1268 2384 2781 4333 4775 4838 
0 
3 835 2244 3594 
3 193 499 1497 
3 1357 2105 2283 
4 140 231 1338 2802 
1 3437 
1 2334 
4 282 886 2772 5455 
1 5247 
2 39 3753 
2 1494 1734 
5 2068 2207 2354 2426 3842 
2 2432 4985 
1 3093 
2 2297 4438 
1 110 
4 462 678 1558 3066 
1 3895 
1 4172 
2 1531 3679 
4 803 1021 1293 3608 
0 
1 2582 
3 1248 1995 5101 
2 2631 3290 
2 463 2875 
2 1302 4756 
3 2543 2675 2987 
2 3279 5215 
1 3041 
0 
2 1089 1860 
5 747 2328 3367 4013 4252 
2 506 724 
4 310 3744 4499 4603 
2 2565 5410 
2 278 1335 
1 1981 
1 4477 
1 2224 
2 1495 2928 
0 
0 
0 
4 849 1459 3224 5360 
2 165 2241 
2 3565 5263 
1 4165 
1 5439 
2 914 3555 
3 1759 2771 3218 
1 543 
1 1908 
3 2471 3713 3935 
1 2937 
5 411 1902 3924 4204 5115 
4 2513 2960 4094 5272 
2 590 4688 
1 1807 
2 79 3578 
2 456 4945 
3 404 3869 4527 
6 60 960 1547 4817 5016 5438 
3 1499 2632 4175 
4 748 1108 3000 4493 
3 18 1068 5478 
5 153 313 3833 4634 4911 
1 491 
5 329 884 1737 4138 5300 
3 2950 4157 4253 
3 700 1933 2398 
1 2252 
2 1938 4843 
4 2663 3716 3729 5259 
2 1379 5019 
1 3202 
9 775 886 1534 1667 1807 2178 3715 4450 4918 
1 4121 
2 1270 1589 
2 1546 3075 
4 1042 1786 2555 2655 
1 1907 
3 1235 1728 4973 
3 2409 3347 3721 
0 
2 4051 4221 
2 43 4313 
0 
0 
6 664 1408 2177 2990 4042 5029 
0 
3 410 1539 3403 
0 
2 718 1273 
4 410 439 701 5420 
4 819 1128 4030 4778 
3 1212 1767 1806 
2 604 5245 
2 2876 3943 
3 218 2688 5295 
4 217 2354 2723 3279 
0 
0 
3 343 573 2716 
2 4020 4092 
2 3231 5333 
3 1196 1343 3237 
2 4618 5125 
0 
4 3080 3350 3885 4830 
2 1969 5099 
0 
5 29 470 2249 2414 2486 
4 474 1710 2718 5119 
2 769 1259 
3 1397 3777 4085 
1 2215 
2 2683 5367 
1 3578 
4 1390 1633 2301 4652 
1 2319 
1 1541 
1 3729 
7 619 856 1920 2659 3684 4804 4838 
3 530 2335 2619 
2 3140 3819 
2 1876 2819 
1 1613 
2 2495 4977 
1 3197 
3 459 2336 3650 
2 169 4398 
2 2821 3391 
6 522 814 2147 3666 4559 4731 
1 2324 
1 3506 
2 4449 4935 
4 1002 1482 1528 1620 
1 4033 
3 2197 3694 5188 
2 1802 2244 
1 1311 
1 4301 
1 3241 
5 2722 3049 3094 3349 4452 
2 1825 2947 
4 1140 2507 4555 5285 
3 1961 2352 3175 
1 1416 
0 
0 
2 1863 4515 
0 
3 1118 2263 4338 
3 23 1674 3602 
2 652 4408 
3 2537 3507 4273 
0 
4 143 2956 3773 4210 
1 5431 
2 1147 3553 
1 3578 
4 80 2241 4944 5118 
3 66 1062 4674 
0 
3 595 971 5021 
4 666 2905 4208 5024 
3 1349 2765 4090 
3 3064 4626 4731 
2 1608 5024 
6 1588 1801 2792 4140 4507 4790 
2 3498 5312 
2 1711 4295 
0 
2 1220 2473 
4 1134 3408 4560 5150 
2 371 4849 
4 1690 2639 2759 3759 
0 
0 
4 578 2493 3188 4064 
3 2446 3205 3602 
1 945 
1 1377 
2 2623 3404 
2 868 3249 
5 68 2457 3117 3882 4868 
3 1511 3202 5489 
0 
3 415 2091 3823 
3 3011 5425 5429 
3 2273 3392 4676 
2 2529 4614 
3 655 4115 4153 
7 0 734 821 2942 3717 3847 4941 
3 528 682 3993 
2 415 2438 
2 2605 4851 
2 2460 4163 
2 485 627 
3 1168 2337 4925 
2 3321 5338 
5 3282 4516 5007 5084 5321 
3 1806 1952 3316 
3 403 3275 3412 
2 2292 5453 
2 494 1534 
4 494 1463 3406 4213 
2 544 1222 
3 1115 4282 5124 
5 787 1128 1240 3115 3164 
3 1581 2237 3319 
3 134 852 4266 
2 3773 4986 
2 2671 4986 
1 2932 
2 1584 2409 
2 1903 5398 
3 3159 4778 5181 
2 2047 3035 
5 444 495 1587 2034 3051 
2 339 3132 
0 
1 5346 
0 
0 
2 2981 5099 
1 143 
4 463 621 2264 3943 
0 
4 2304 3834 4738 4895 
1 3925 
3 3759 4276 5334 
3 3539 3684 4977 
1 4644 
0 
2 1443 4717 
4 1413 3159 3937 4465 
1 3854 
4 366 1480 2097 2856 
1 1378 
3 176 403 3380 
2 1420 2960 
2 168 3665 
1 2594 
2 353 1334 
1 795 
2 883 3173 
1 1100 
4 820 1668 1969 4412 
3 571 2793 5341 
2 779 4546 
2 253 1304 
4 1308 1522 2577 3357 
4 541 937 1881 3885 
2 1125 4370 
1 1077 
6 99 869 1304 2074 4141 4981 
3 1754 2443 4883 
1 2650 
2 398 2278 
2 1889 2802 
2 306 2528 
4 1401 2670 3607 3704 
4 10 757 1024 2696 
2 28 3294 
3 1997 4009 5440 
1 1898 
4 620 2682 5073 5299 
4 1888 3189 3894 5017 
0 
2 481 1847 
2 651 2360 
3 902 1019 2544 
0 
2 1649 5161 
3 1006 1272 3524 
2 1897 3495 
3 2385 2607 4181 
3 1625 2169 3707 
1 1860 
1 3958 
3 4097 4469 5176 
4 229 2003 2120 5145 
2 1 735 
1 3117 
6 681 1959 2098 2968 5139 5202 
2 1921 3251 
3 386 1150 4342 
3 431 1388 1602 
4 2399 4171 4924 5084 
3 590 2070 4910 
2 1866 5353 
3 51 723 2309 
1 2029 
2 3606 5133 
4 464 540 1749 5114 
1 2741 
4 255 1505 2845 5297 
0 
2 3694 4818 
1 477 
3 1631 3819 3849 
1 2439 
1 3549 
2 1389 2111 
2 406 2186 
5 1286 2967 3129 4614 4844 
1 3879 
0 
0 
5 68 104 357 1529 4835 
4 66 109 1799 4457 
6 1182 1259 2481 3319 3362 4635 
2 381 3831 
3 2149 3103 4137 
2 1164 3316 
1 4110 
1 1758 
3 477 1924 3352 
4 379 870 1633 2218 
1 2686 
3 363 1594 3159 
2 3008 4341 
2 656 5128 
7 0 1961 2732 4292 4930 5078 5396 
1 3920 
1 4679 
2 1951 4716 
1 3172 
0 
3 1576 1607 3440 
2 4056 4519 
3 761 3750 3820 
6 245 264 1370 2163 2983 3622 
4 21 1572 2521 3794 
1 996 
8 370 1844 1857 4003 4726 5292 5348 5353 
6 583 1422 1847 3075 3396 4614 
1 1972 
4 263 943 2307 2594 
3 270 1702 5377 
2 2655 2706 
2 588 2077 
1 1258 
0 
3 2188 2390 2644 
3 4060 4406 4900 
3 1438 4965 5327 
3 2298 3233 4323 
3 3498 3595 3606 
2 2251 3986 
1 895 
7 11 469 1706 1846 4911 5321 5437 
2 125 3175 
4 955 1677 3855 5343 
3 952 1907 3702 
2 3063 4938 
4 1603 2338 3565 4419 
2 233 664 
2 288 4210 
6 699 1065 1885 2078 3707 4144 
2 1195 4062 
6 503 1466 4140 4272 5004 5476 
3 1679 1850 3662 
3 1660 1700 4984 
5 1508 2092 3508 3722 4647 
2 358 4108 
3 1496 2926 4171 
1 1862 
5 1092 1990 2583 3741 4652 
5 42 322 3976 4868 5441 
2 1843 3039 
5 594 1242 1482 1884 3480 
4 304 2746 3710 4980 
1 3476 
3 1281 1964 5464 
1 2082 
5 441 1939 2088 3616 4988 
1 2158 
5 2316 3110 3374 4134 5245 
0 
4 1064 1181 3370 4131 
2 2503 4393 
2 1123 4702 
2 4291 4924 
3 639 1554 2519 
2 1093 4907 
3 3388 4872 5393 
2 1629 4338 
0 
0 
0 
2 1300 3142 
4 2105 3723 4751 5475 
1 4853 
3 1969 2058 4002 
2 3979 5190 
1 724 
2 2705 4074 
2 1407 3224 
3 3182 4434 4738 
2 2230 4473 
2 3686 4422 
1 4839 
4 1842 2571 3538 3741 
1 4678 
2 3483 4985 
1 1363 
1 4 
5 598 982 1801 4071 4367 
4 284 540 1153 5147 
2 3593 3812 
1 205 
2 876 1085 
3 2622 3967 4775 
1 223 
3 2797 3730 3923 
5 442 1288 1353 2547 5298 
3 1434 4456 4598 
3 2820 4799 4992 
4 380 468 1405 3218 
3 24 1468 3743 
3 1149 3571 3909 
4 398 1228 1604 5154 
0 
3 1957 2601 5083 
3 1827 2236 2417 
0 
2 2773 5229 
3 771 1792 4762 
2 709 4173 
1 2304 
3 194 1341 3432 
3 1376 4462 5003 
3 137 2910 3587 
2 4155 5194 
4 677 2451 4386 4689 
2 1069 3620 
0 
3 878 2028 3136 
2 2248 3554 
3 240 1621 1907 
4 735 1949 2605 4284 
4 1714 2729 3462 4790 
1 1065 
4 208 3640 4522 5298 
0 
3 64 3854 5109 
1 5077 
2 2793 5042 
3 1594 2041 2174 
2 647 4481 
4 270 3010 4585 5455 
1 458 
3 3240 4001 4893 
3 437 2070 4220 
2 671 2859 
1 697 
3 2385 3873 5244 
5 326 1721 3140 4326 4826 
1 3856 
3 438 1867 5223 
2 561 4327 
2 1826 2918 
2 183 593 
2 2926 3100 
3 68 3644 4038 
2 1969 4824 
2 524 1456 
2 133 1021 
3 53 3406 5275 
2 2982 3512 
2 2536 4346 
5 572 1970 5011 5305 5330 
1 1070 
1 876 
3 3009 3831 4904 
3 565 3433 5227 
2 1362 5257 
2 2154 3875 
4 2261 3104 4319 4528 
2 274 1518 
0 
3 1184 3428 3714 
2 304 2216 
2 126 3611 
1 4683 
3 2139 2886 4667 
0 
2 1669 1711 
2 1933 5084 
4 1095 3246 3315 5460 
3 428 2395 3019 
1 4900 
4 105 898 1039 3739 
0 
3 1888 2732 3707 
0 
3 2144 3645 4323 
4 1197 2722 2733 4709 
2 3110 3528 
3 185 979 2156 
3 429 4244 5384 
1 385 
0 
2 1912 2598 
2 1489 5127 
2 160 1768 
2 3465 5180 
0 
4 1429 3145 3882 4641 
1 5079 
1 2011 
1 425 
3 2132 3605 4294 
4 865 1311 3846 5132 
5 436 549 1347 3169 3669 
3 791 2872 4169 
3 2582 2945 5244 
1 861 
4 1056 1807 1830 4442 
1 1500 
4 376 2271 4719 5184 
3 1679 4097 4127 
3 884 3891 4359 
2 49 1465 
2 536 4516 
5 2070 3278 3347 4309 5364 
0 
1 3038 
2 1581 3185 
0 
1 843 
3 1518 2530 2587 
5 597 955 2138 3248 3948 
2 176 2815 
3 2086 4416 4764 
1 3966 
6 1292 1427 3389 4037 4321 5068 
1 3105 
2 4291 5131 
2 558 5070 
2 2833 3598 
3 1793 2911 3987 
7 241 1112 1422 1466 2341 4061 4737 
2 793 3958 
2 1524 1695 
3 2649 3744 5488 
4 126 2104 3300 4341 
6 70 957 3254 4963 5054 5176 
2 3358 5070 
5 131 1312 3513 4719 5105 
3 1615 2810 4158 
1 5002 
3 1183 2014 5334 
5 722 852 3284 3384 3474 
3 3122 3149 4632 
2 502 1639 
1 4987 
1 4899 
1 2344 
2 3690 4951 
1 2293 
3 1564 2960 4074 
0 
0 
4 554 1355 2879 5105 
1 3871 
2 3596 4156 
4 866 2220 2638 3096 
1 2150 
3 513 2492 3944 
3 3340 3754 4132 
4 596 745 966 1592 
3 97 3323 4330 
2 217 5469 
3 968 1428 3113 
2 2431 4528 
3 2114 3448 4319 
6 993 1518 3101 3242 4407 4644 
1 4645 
2 424 1885 
0 
2 1595 5372 
4 1985 3661 3763 4786 
3 2231 3635 3964 
0 
2 1150 1239 
7 59 1440 1835 2376 4008 4315 4867 
1 833 
2 3290 3632 
3 167 1826 4976 
4 2736 2912 4629 4670 
3 1926 3772 5109 
1 2771 
2 4594 4868 
1 2038 
2 987 3045 
3 17 88 1511 
1 3453 
2 1082 4832 
4 1056 3921 4611 4708 
3 669 4330 5197 
4 701 4606 5317 5433 
1 3271 
1 340 
1 1993 
5 1125 1859 4167 4814 5175 
1 1414 
1 94 
5 156 2999 3386 4205 4684 
3 1549 4938 5205 
4 671 1339 2363 4134 
2 3853 4101 
2 3505 3988 
1 1405 
0 
0 
2 2211 3135 
4 1550 4087 4108 5433 
0 
4 802 1816 3106 3551 
1 954 
4 731 1263 1980 2477 
2 2328 4121 
1 4146 
4 728 2641 3417 3963 
2 3359 4598 
2 2492 3018 
3 1481 4124 5091 
3 3 1628 5374 
2 77 3053 
2 524 1242 
1 1400 
2 1627 1956 
5 1370 1425 2202 2298 4913 
3 3115 4033 4986 
2 4491 4811 
3 2636 4392 4896 
3 2464 2896 3611 
2 3390 4828 
3 3142 4442 4928 
4 1565 1722 2384 4328 
3 758 2765 4330 
1 3945 
1 3197 
3 1674 2155 2401 
1 4787 
2 646 2236 
2 2811 4586 
6 2917 3460 3840 4089 4862 5476 
1 2743 
4 996 1521 1677 3706 
1 1751 
4 621 1375 4378 5284 
2 3327 4699 
1 4608 
0 
2 835 3849 
2 2644 2740 
4 529 2082 3326 5137 
2 670 3367 
2 987 1572 
5 12 617 638 2373 4257 
7 740 1322 2142 2705 2808 4282 4862 
2 1396 3131 
0 
4 453 2821 4528 4584 
1 1537 
3 915 3641 3754 
1 3244 
2 20 4630 
3 1182 1982 4035 
1 2021 
5 1080 2769 3305 3903 4352 
1 1781 
3 1434 1878 2876 
4 2597 4651 4775 4828 
3 81 1832 3290 
2 2528 3562 
4 880 2135 3992 4938 
2 405 1880 
4 123 336 2585 4066 
1 3457 
4 1622 4820 4859 5023 
5 274 1529 2304 2618 5281 
1 4680 
2 640 2723 
0 
1 5280 
2 2506 5331 
1 2217 
2 1051 3864 
2 2895 5091 
4 1363 3472 4315 5408 
2 124 3983 
2 2038 2300 
2 1818 3277 
2 991 4838 
4 1622 1650 3754 3835 
1 2081 
3 781 3979 4494 
1 415 
0 
4 1858 2031 3023 4984 
1 2715 
3 1832 3373 3767 
3 145 563 731 
2 126 1165 
1 4307 
4 1597 1794 4830 5093 
5 844 2221 2966 4168 5476 
6 40 1859 2172 4479 4548 5233 
3 236 959 4886 
3 679 3892 4819 
0 
4 1985 2705 3266 4526 
5 787 1494 1634 2700 3929 
1 2882 
1 1862 
1 329 
2 606 3109 
3 1828 4598 4840 
5 433 450 1174 2226 3983 
2 2075 4661 
1 4037 
6 190 670 3544 4297 4752 5041 
3 2279 4073 5035 
5 3911 4664 4815 5107 5169 
4 2057 2962 3544 3940 
2 1136 4236 
3 32 346 1301 
3 1160 1835 4075 
0 
2 4212 5111 
3 1217 3071 4228 
2 1786 3790 
3 1008 1410 2222 
1 1429 
4 742 1310 1692 3779 
0 
2 2676 5048 
1 4925 
5 552 2851 3751 3775 3900 
6 1242 1359 2810 3022 4103 5495 
1 4503 
5 2357 2623 2675 3168 4068 
6 1170 1248 1570 2300 3110 4280 
0 
1 443 
2 3100 4035 
3 3714 4447 5352 
0 
6 1411 1456 1745 3534 3870 4803 
2 3138 4622 
0 
1 2664 
6 980 2061 3853 4252 4287 4835 
1 3636 
5 886 2071 4087 4958 5141 
1 576 
3 542 2813 4841 
3 4325 4429 5261 
3 1667 2102 2458 
5 443 2058 2646 3863 4385 
2 334 3778 
4 32 1472 4686 4770 
0 
1 3429 
3 422 3154 4819 
2 2402 3730 
0 
3 407 2827 3651 
5 65 2283 2455 3878 4032 
3 489 2458 4900 
1 5074 
3 942 3100 5042 
1 2551 
1 1489 
4 73 1639 4269 4550 
2 801 4555 
2 644 2618 
6 486 801 2255 3421 4566 5230 
4 3529 4062 4215 4624 
4 884 2610 3924 5333 
5 1461 3154 3981 4055 5317 
2 150 2916 
2 1859 2332 
4 657 1077 4767 5365 
2 230 816 
1 1737 
3 456 2938 3713 
5 2755 4309 4630 4829 5435 
1 526 
2 519 1522 
2 1690 3803 
3 2751 3469 4571 
2 417 5291 
2 899 4351 
2 2936 5425 
3 1415 1940 2135 
2 81 1800 
2 4323 5285 
4 356 3085 4284 5230 
1 487 
3 3455 3550 5439 
4 1237 2125 2602 4246 
2 1788 4725 
0 
1 516 
3 567 980 2633 
1 1314 
5 1111 2008 2553 3567 5292 
4 557 1965 2935 2995 
3 2387 3910 4953 
0 
3 284 3826 3910 
2 1177 4777 
2 1561 2986 
0 
1 1413 
2 1645 4959 
2 1957 4056 
1 4630 
1 1461 
1 108 
1 1556 
1 2791 
2 1761 4509 
1 4384 
1 381 
1 1472 
2 625 2786 
5 1610 1662 2128 3246 5236 
5 1238 2208 2408 4441 4961 
1 252 
1 4926 
2 251 3581 
4 517 2375 2845 5241 
4 1282 3761 3872 4161 
1 4010 
1 3081 
3 1251 4920 5454 
4 316 1962 2219 3576 
0 
1 1734 
1 5139 
3 226 1605 4679 
2 5214 5275 
2 667 2623 
1 1088 
2 2511 2703 
3 1268 2608 4322 
4 1882 3285 3473 5446 
1 2720 
1 3700 
2 2494 3159 
1 3537 
3 1164 3651 5202 
2 4803 5160 
3 132 1391 2084 
1 2378 
4 173 2090 2626 3191 
2 1163 4873 
2 4995 5459 
4 946 4857 5334 5462 
3 4184 4792 5414 
1 658 
1 2731 
3 2854 3202 3297 
1 232 
3 3221 3737 4019 
2 1289 3625 
1 4260 
6 26 948 1346 2501 3829 4436 
3 963 1167 3920 
0 
2 766 3365 
2 3031 4024 
3 2985 3202 3232 
2 22 5499 
1 4739 
2 251 1399 
1 4481 
2 4179 4942 
1 4310 
5 264 1501 2256 2797 5410 
4 971 1082 4823 5342 
1 811 
2 268 1006 
2 4210 4318 
2 1874 4789 
3 2702 2945 4559 
1 3895 
1 3186 
3 426 2828 4314 
3 512 1058 3964 
2 1825 2197 
4 641 1741 3251 5474 
2 1662 4185 
4 692 2415 4229 5087 
2 1093 3468 
0 
1 252 
1 4792 
5 695 1227 1781 1816 3844 
3 416 1053 1100 
3 721 1679 5325 
1 101 
3 641 1901 4552 
2 71 573 
2 1523 3364 
2 298 1563 
4 209 1502 2476 4584 
1 4434 
1 4781 
4 413 1983 3913 4772 
3 1207 2056 2635 
2 3939 4498 
1 3847 
3 2525 4285 5373 
3 3557 4122 4529 
3 648 3838 4194 
2 1698 2677 
6 360 412 3385 3531 3720 5266 
3 360 3059 4879 
2 52 4636 
4 6 1322 2446 3550 
0 
3 3879 3904 4495 
0 
2 944 4394 
2 196 3474 
1 482 
1 3457 
3 488 724 1934 
2 1603 2652 
6 163 926 1865 2598 3830 4960 
0 
4 1105 1853 4292 4620 
0 
1 1086 
1 3076 
5 903 1266 1429 3689 3809 
2 1709 3788 
3 127 469 3142 
5 154 443 1112 1650 2124 
1 5497 
1 46 
0 
1 862 
3 416 797 2393 
2 2502 3996 
3 2551 5397 5415 
1 564 
1 1587 
2 3697 5059 
2 25 2745 
2 668 2609 
4 2422 3093 4790 5058 
4 887 1911 3668 4833 
2 3323 3804 
1 4732 
1 3114 
1 5419 
2 4691 5324 
3 1479 1739 3492 
2 2326 2424 
3 3410 4230 4941 
1 1998 
1 3685 
2 212 4866 
2 1266 5192 
1 2173 
0 
3 420 2975 3869 
2 1034 2772 
4 2758 3611 3622 3685 
4 582 2012 3102 3784 
1 2750 
2 862 3046 
0 
2 552 4657 
3 926 2152 4891 
5 1318 1666 4310 4425 4560 
2 5219 5321 
4 497 2477 2851 4156 
2 1030 1080 
5 481 1061 1718 2103 4629 
1 3041 
1 420 
3 2027 3695 4389 
2 1135 4256 
3 2997 3696 5147 
2 695 1891 
1 3790 
1 4741 
2 164 2116 
6 470 1193 3493 4261 4720 5092 
0 
0 
6 1683 1856 2014 2200 2522 4591 
5 646 948 1058 4402 5483 
4 1585 1791 2688 4203 
1 3167 
2 429 1682 
1 3264 
1 2670 
2 1785 2265 
5 332 1926 2244 3080 4286 
0 
1 2994 
1 697 
4 11 290 1768 4482 
1 699 
2 200 3566 
5 1096 1791 2934 5040 5423 
2 4959 5475 
2 1108 4166 
2 1842 3731 
2 158 5486 
0 
1 2184 
2 2430 5446 
4 1456 2292 3779 5004 
3 1210 3450 4891 
4 51 1812 2838 3702 
2 2777 3285 
2 1985 3336 
1 4956 
2 5094 5338 
4 2047 3717 4719 5398 
2 1878 4978 
1 3872 
1 4235 
3 1121 2970 4603 
1 2772 
2 1280 4025 
3 833 2952 5154 
1 3075 
2 2569 3652 
3 2022 3934 4042 
1 1696 
2 12 5483 
1 791 
0 
3 408 1445 4748 
1 3908 
1 491 
3 897 2281 4912 
1 2435 
2 2411 5386 
4 918 1784 2148 3395 
1 4520 
2 1198 1349 
1 5183 
1 3129 
3 3992 4297 4561 
2 317 414 
1 2587 
3 571 1018 2451 
0 
5 1508 4163 5001 5008 5141 
2 1371 2703 
3 2663 4655 5405 
0 
1 5210 
0 
2 29 1898 
4 887 1429 1713 4921 
0 
5 202 914 3766 4927 5385 
3 280 2837 3653 
2 3254 3563 
0 
1 4744 
3 1550 2177 4699 
0 
1 5376 
3 1025 2488 3815 
4 1014 2330 4387 4827 
3 889 5016 5472 
3 1851 1987 2948 
4 395 410 768 4107 
1 5289 
0 
2 884 2556 
1 2939 
1 863 
1 5122 
2 2102 4130 
3 786 1203 5014 
2 2178 3839 
2 4287 4827 
1 2590 
1 1182 
3 1032 4145 5126 
1 5119 
6 489 1349 3699 3881 3974 4840 
2 171 1172 
1 2884 
1 1822 
2 5137 5470 
3 342 3464 4797 
3 325 2315 3188 
4 1600 2126 3148 3764 
0 
5 219 301 321 1974 4408 
2 1601 3902 
1 735 
2 656 5029 
2 4821 5337 
3 2694 4752 4928 
4 147 3911 4219 4857 
2 4689 4718 
4 716 4160 4682 4995 
6 185 953 2037 2296 2998 3852 
3 677 2901 4040 
0 
1 1465 
0 
5 600 2067 2968 3275 4274 
2 2800 3106 
0 
0 
4 1076 3469 3540 4671 
3 1315 2762 4201 
0 
3 522 1054 4413 
2 953 1479 
1 416 
1 4726 
3 1170 4010 5367 
1 3277 
2 1971 2918 
2 2102 4571 
1 1856 
4 533 1484 2528 3276 
2 1831 4030 
2 1575 4251 
3 416 4382 4692 
4 1802 2424 2709 2735 
5 476 1837 1947 2538 4398 
6 773 832 1714 2937 3265 4467 
3 1765 2273 3601 
6 357 548 2439 3290 3566 4014 
2 2498 4912 
4 859 1690 2580 3081 
2 1851 5470 
2 1134 4795 
4 919 2680 4820 5207 
8 276 2338 2459 2706 4275 4500 5169 5390 
1 27 
0 
5 1068 1699 2535 5013 5331 
6 521 1117 2922 3721 4236 5153 
3 2168 2595 4145 
0 
3 2144 2243 5419 
3 1184 1488 1887 
0 
1 885 
5 145 732 1095 3180 4005 
2 2515 4681 
2 3757 4918 
3 300 1797 3834 
0 
1 47 
3 1345 3612 5170 
1 3275 
2 2265 3015 
2 73 4064 
3 684 1532 2624 
1 2179 
2 1313 4850 
4 786 3530 4578 5074 
2 2577 4348 
5 1421 1588 2398 4459 5382 
3 1021 1344 1401 
3 1775 2713 5315 
3 792 1664 4153 
4 1109 1270 2083 2418 
4 68 148 510 1013 
5 955 1453 2351 2600 2904 
2 921 5264 
0 
5 537 1331 2469 3365 3670 
3 803 3828 4316 
1 203 
3 60 991 3064 
2 1083 2515 
2 3820 5291 
0 
2 3443 4897 
1 707 
6 430 1484 1514 2728 2744 5084 
5 1724 1894 3874 4045 4513 
2 1592 4729 
0 
0 
6 657 2176 2195 2280 2815 3920 
2 459 4937 
2 3249 3925 
0 
1 1349 
3 736 2168 3627 
0 
3 3756 4215 4724 
1 2963 
7 357 679 933 1623 1800 2705 5249 
1 2475 
2 1950 4983 
2 4080 4851 
2 2287 4041 
1 2205 
0 
2 2105 2312 
2 1734 4553 
5 238 1036 1502 3714 5251 
0 
4 1368 3363 4739 5354 
4 737 3121 4227 4744 
0 
1 2359 
4 1953 3366 3372 3873 
1 3859 
2 2489 4672 
4 198 2853 3771 4433 
3 1214 1466 1534 
4 998 2138 3063 3813 
3 1180 2227 4180 
2 612 3914 
2 2821 4098 
1 746 
1 3660 
3 4389 4801 5424 
2 594 5351 
3 631 1927 5200 
3 2087 2604 4180 
2 3996 4796 
2 1357 3295 
0 
1 5286 
5 547 2033 2145 2828 2838 
4 168 499 4341 5342 
3 142 1291 3293 
4 1237 1932 2139 5265 
3 1042 1109 1716 
2 4539 4699 
1 1676 
5 198 1598 3551 4117 5265 
3 922 1165 1770 
3 4206 4824 5009 
0 
2 163 4998 
1 4498 
2 3824 5488 
1 3642 
0 
2 2008 2379 
1 5453 
3 1665 3258 3327 
7 154 929 2830 4188 4238 4433 4617 
1 1856 
2 743 4734 
3 1842 2002 2358 
1 3922 
2 1765 5197 
2 3669 4515 
3 291 361 5320 
0 
2 1955 3342 
2 2063 4502 
3 533 2838 4018 
1 2307 
3 1025 1217 4880 
3 3377 3554 3573 
4 409 1194 4877 5459 
2 2064 4966 
1 4624 
0 
4 2413 3442 3699 5475 
5 537 900 2101 3393 3808 
4 42 1011 2538 4040 
2 628 4721 
4 934 1881 2629 4271 
3 1862 3588 4632 
3 1879 2450 2792 
1 225 
3 2493 4109 4826 
3 2143 3161 3379 
5 500 786 3693 3721 5040 
3 2245 2857 4158 
4 722 1167 1514 5340 
2 3782 5382 
5 397 2508 3032 3663 4407 
2 4386 5309 
2 4895 5485 
1 4235 
4 750 3220 3862 4503 
0 
2 116 3718 
3 749 3991 5081 
1 1311 
3 3294 3638 3727 
3 2965 3728 5463 
2 3102 4185 
4 96 2675 3589 4066 
3 551 1050 1501 
1 5258 
0 
7 63 88 359 1754 3905 4452 5443 
3 2563 4452 4504 
1 1437 
2 5204 5494 
1 1752 
8 755 1029 1657 2162 3080 3128 4602 4817 
2 293 3096 
3 369 2656 3092 
2 2486 4960 
3 995 1986 2058 
0 
1 52 
1 2160 
0 
3 1803 2514 5435 
5 136 196 236 2812 2986 
5 354 1451 1476 3851 5123 
4 296 622 673 1476 
1 594 
1 5481 
7 380 683 1982 2549 2637 3104 4554 
3 1570 5114 5433 
3 221 3763 5227 
4 1364 3204 3720 4343 
3 2223 3263 3415 
2 705 3199 
3 3932 4803 5291 
3 501 1165 2828 
3 3651 3663 5255 
1 4634 
2 1625 2507 
2 1252 4100 
2 735 779 
0 
1 1362 
2 2633 3789 
3 919 1136 1155 
1 1935 
1 5396 
3 4054 4338 5335 
2 859 4625 
2 5212 5416 
1 1678 
1 365 
6 834 924 1316 1902 4594 4718 
4 728 1492 2450 4769 
2 2161 2274 
0 
3 1176 3700 3958 
4 1262 2169 2271 3670 
0 
5 323 1506 2159 3326 4908 
1 1923 
3 1458 2533 2920 
1 934 
1 602 
3 2619 3321 4093 
4 323 2614 3220 4478 
1 3764 
5 624 3753 3877 4122 5008 
0 
1 4387 
0 
3 450 3528 3967 
1 302 
2 3425 3837 
3 382 1828 2987 
1 4094 
1 3759 
1 3778 
3 351 2531 4179 
2 174 357 
3 1217 3230 3868 
3 1491 5074 5432 
2 179 991 
7 606 1350 1569 3748 4215 4331 5311 
0 
5 429 923 1267 2041 2486 
2 1933 1947 
1 2102 
2 147 2067 
0 
2 2277 5290 
1 175 
2 4344 4631 
0 
2 1830 3696 
4 774 1831 2211 4211 
4 358 1159 2509 4194 
5 251 1306 1416 1701 2586 
2 549 1243 
0 
1 2271 
1 3179 
3 2870 5100 5376 
3 2836 3145 5237 
3 207 3183 4463 
2 1990 2620 
2 3668 4580 
4 1213 1722 4503 4704 
2 2340 3728 
4 150 1282 1725 4104 
1 3183 
2 242 2665 
2 2338 5180 
3 3729 4139 5080 
1 305 
1 3235 
3 1459 1777 5086 
2 831 3249 
4 581 915 1955 2199 
1 662 
2 1946 4761 
1 117 
3 188 2514 4252 
3 2883 4186 4686 
4 2569 4323 4765 5101 
3 3735 4184 5334 
2 513 2346 
5 1844 2497 3754 3844 5169 
1 2599 
3 354 785 2090 
6 453 932 1350 1760 2149 4288 
2 3241 3502 
5 13 771 1098 1262 4258 
1 3011 
3 1725 2296 3612 
1 4323 
1 1862 
0 
1 5221 
1 5484 
1 102 
3 410 2049 3469 
1 2142 
2 1052 5328 
5 109 1060 1327 2165 2429 
5 267 1136 3833 5337 5382 
2 2133 4361 
3 1685 4339 5072 
3 1355 2927 4765 
3 458 1770 1888 
4 1701 2162 3559 3939 
4 204 4352 5218 5402 
3 316 1262 4392 
3 1354 1775 3294 
2 807 5087 
3 1578 2585 3464 
2 222 4166 
2 3466 4235 
0 
4 835 1649 2741 3762 
2 289 1446 
4 1509 3480 3534 5158 
3 3714 4036 4334 
4 1376 3335 3979 4093 
5 842 1237 1320 4368 4977 
1 4635 
2 1212 2442 
4 24 848 1690 2727 
2 1062 3923 
2 1049 5289 
2 2391 5154 
2 557 2436 
3 4240 4527 5028 
2 459 1537 
0 
2 1963 3469 
0 
1 3847 
4 1752 2289 3624 4502 
2 4777 4874 
3 3240 3861 4817 
2 3152 5163 
4 310 1788 3640 5000 
0 
2 1280 1795 
2 1537 4111 
2 2537 4919 
2 4371 4534 
2 2984 3709 
5 264 1249 1723 3536 3796 
2 1100 1189 
2 1441 2558 
2 4839 5077 
1 2764 
0 
4 267 1433 2642 2893 
1 1282 
0 
2 2609 5418 
4 1190 1241 1661 4260 
2 1872 2402 
1 5126 
3 3062 3417 4183 
4 2467 3899 4743 4882 
2 3419 4740 
1 585 
4 2860 4412 5309 5378 
5 178 2755 3084 3403 3437 
2 30 3559 
1 4678 
6 185 1177 1289 1547 1937 2653 
3 1232 2812 4780 
2 2514 2891 
2 1206 4934 
1 2333 
1 804 
1 944 
1 972 
3 1793 2331 3423 
2 1422 4599 
2 964 5256 
5 1021 1403 1784 1901 2365 
1 5300 
1 1830 
2 4030 5177 
4 9 1256 4304 5481 
3 1431 1594 4418 
1 1696 
1 1187 
0 
1 2925 
3 460 925 2957 
2 4184 4582 
3 482 2235 3878 
2 4462 5072 
0 
4 460 1855 2129 2308 
0 
0 
3 945 1232 1643 
4 139 1485 3393 4097 
0 
2 4590 5226 
1 2573 
2 765 2093 
5 1040 1722 2114 5079 5258 
1 2324 
2 3579 5227 
2 4504 5190 
2 4368 4783 
3 424 1477 2430 
4 700 1694 2510 5146 
3 1279 1336 5074 
0 
2 1117 4452 
2 1685 5007 
0 
2 948 3829 
2 725 4138 
3 780 1578 1780 
4 432 1145 1422 4512 
1 5407 
5 1554 2234 3533 5206 5424 
4 805 1695 1929 4038 
1 307 
0 
7 26 600 1010 2459 3333 3776 5227 
4 2742 4403 4819 5431 
2 3134 5096 
2 711 2883 
2 521 4446 
1 3524 
7 1050 1138 1335 2712 3423 4885 4913 
2 1205 4515 
1 3451 
2 2816 4965 
1 2363 
4 973 1222 1567 2191 
2 3084 4834 
2 1773 4636 
2 3751 4661 
2 1505 5441 
2 2685 2688 
2 511 1090 
0 
4 1123 1660 3635 3876 
2 3641 4185 
1 2262 
4 132 1270 2764 2886 
4 1878 2580 3209 5109 
2 4132 4466 
3 1344 2118 4335 
7 9 1002 2399 3235 4897 5108 5219 
2 797 2007 
2 4352 5473 
1 2880 
2 823 1083 
7 37 45 234 1935 3412 3470 4169 
4 282 383 4063 4969 
1 3766 
2 2638 5388 
4 1372 1545 3032 4847 
1 4505 
5 1792 2004 2316 5017 5093 
5 1261 2974 3104 4607 5290 
5 2771 4229 4398 4839 5469 
1 4819 
0 
0 
3 2381 3635 4733 
3 455 3740 5430 
2 250 3235 
2 1063 1445 
2 3774 4879 
4 2802 3849 4682 5270 
3 1539 4883 5091 
5 1576 2017 2076 2119 4727 
2 3509 4662 
2 1106 1397 
2 1123 2796 
3 125 4017 4860 
3 352 1665 1834 
1 784 
1 1622 
1 1362 
3 2393 3632 3980 
3 1200 3245 5177 
4 607 3266 3669 3970 
4 1816 3810 4309 4994 
2 687 5245 
2 287 1489 
2 2370 3860 
3 761 1959 3658 
3 1117 2308 5291 
3 2527 4838 4922 
2 534 637 
2 2501 4396 
3 317 630 3843 
2 65 4928 
1 3103 
6 1690 2112 2139 4670 4831 5299 
3 651 4952 5015 
0 
1 2473 
5 285 432 2253 2308 3643 
3 1046 2221 4757 
1 1978 
2 1306 4521 
2 1086 1374 
4 2444 2598 2936 4530 
2 3127 3396 
2 4500 4785 
4 1242 1651 3744 4564 
0 
6 202 1107 2336 3826 4440 5289 
2 55 1211 
1 1652 
1 1855 
1 2396 
2 176 4458 
3 568 2292 2936 
2 613 1046 
4 61 3440 4441 4621 
4 1118 2831 4279 5071 
1 1676 
2 1501 3164 
1 412 
2 366 3800 
4 81 740 1344 1939 
1 5356 
3 2549 3587 5076 
1 4508 
2 1105 5136 
7 1548 2544 3547 3571 3759 5037 5346 
2 2717 4444 
3 171 1848 3990 
3 3263 4772 4911 
3 1376 4590 5347 
5 1399 2404 3444 3827 5188 
5 885 1488 2628 3548 4336 
2 3216 3828 
4 53 1485 1707 3606 
2 1461 2425 
2 1631 2457 
0 
2 233 1755 
2 4853 5289 
1 5487 
2 1106 2088 
5 883 1188 2731 2817 3298 
4 558 2999 4226 4627 
2 3031 3813 
0 
2 1470 1726 
1 4483 
2 649 944 
2 3594 5433 
2 1118 5452 
3 695 3193 4914 
2 313 2543 
3 1318 2322 4425 
3 3254 3298 4464 
0 
4 1362 1450 1839 2201 
1 2091 
1 5202 
6 903 1674 2919 3368 4748 5173 
3 2475 3227 3589 
5 718 767 1152 3145 3319 
1 528 
0 
4 1664 4637 5017 5023 
1 3944 
1 523 
1 5322 
1 1306 
2 487 3870 
3 1432 1977 3762 
1 466 
2 4132 4136 
0 
0 
2 2081 2191 
3 2929 2936 4337 
2 958 2361 
0 
0 
3 625 1467 2902 
3 516 2520 5175 
3 585 1888 5090 
2 1708 3896 
1 3250 
3 1619 2097 2258 
1 2950 
2 2952 3356 
2 2915 3730 
0 
5 466 3057 3240 3809 4507 
7 605 1521 1558 2814 3318 4046 5011 
1 772 
5 2314 2985 4508 4610 4935 
1 3842 
1 2221 
3 51 606 1252 
3 970 1407 2611 
4 1055 2237 2319 2455 
4 1362 4611 4877 5081 
4 507 3450 4504 5271 
1 2332 
7 372 405 519 844 1129 1665 5319 
1 4251 
4 1025 1535 2011 2750 
5 2442 2710 3177 3424 5337 
2 385 2034 
3 1044 2031 5160 
2 2152 2990 
2 3260 4847 
2 159 5100 
3 1376 2883 3293 
4 2041 3114 3250 3788 
1 2324 
2 415 2352 
4 425 1806 4523 4680 
0 
3 1531 4237 4425 
3 851 1121 3263 
2 3264 3370 
4 1511 2031 2080 3375 
4 381 2375 2729 3697 
2 647 2978 
1 4930 
2 855 1121 
1 1734 
3 53 941 3387 
2 5201 5491 
2 2830 5322 
0 
2 2453 4896 
3 687 3572 3742 
2 2328 2363 
4 195 218 3740 3775 
3 2380 4321 5015 
3 1992 2506 3614 
1 1020 
2 406 4751 
2 1417 4646 
6 340 1375 3345 4002 4776 5194 
2 437 4926 
3 780 2291 5220 
4 2702 3542 4583 4797 
5 912 4051 4215 4564 4920 
2 1967 3329 
4 2531 2628 2658 3389 
1 644 
2 3166 4804 
1 3123 
2 428 1308 
4 2135 2190 3338 3635 
3 10 1442 4405 
3 372 969 2798 
3 1712 3421 3679 
4 1225 2543 3292 5229 
4 618 1679 3064 3328 
0 
4 927 3030 3561 4897 
4 1254 1914 2665 4035 
1 4126 
1 4731 
2 677 1110 
1 3186 
1 2552 
5 115 924 1290 2116 2171 
2 3575 5366 
2 2702 3742 
3 3528 3923 4443 
1 2073 
4 2724 3339 3843 4630 
3 2698 2983 5077 
1 1013 
2 1230 1423 
2 3253 4085 
1 1169 
2 2937 4971 
4 959 4726 4965 5018 
2 752 1381 
2 1236 1547 
3 787 2903 3721 
3 670 3305 4085 
6 240 778 1875 2695 2954 4370 
4 453 981 1467 4631 
1 981 
0 
2 2293 4254 
1 5447 
4 1255 1600 3451 5091 
2 1662 4176 
1 3892 
3 378 1284 4437 
4 1369 1914 3629 4849 
3 4409 5043 5204 
0 
4 15 2754 4420 4922 
5 1477 1499 1738 2920 4237 
1 1372 
0 
0 
3 1573 3241 4948 
3 892 2902 3699 
1 3590 
1 1543 
4 167 1902 2370 4240 
4 1160 3188 3653 3821 
0 
2 3038 5367 
4 324 357 4177 4838 
2 718 3827 
1 1175 
2 2083 2260 
4 2291 3150 4251 5000 
2 63 3813 
2 251 983 
4 160 1141 1690 2147 
3 518 1352 3215 
1 4886 
4 702 1678 2775 3616 
2 3640 3817 
3 1697 3146 3642 
3 2833 3519 5342 
2 2896 5485 
5 1206 2272 2435 5250 5461 
1 23 
3 2024 3407 5124 
3 2188 3124 4523 
1 2658 
0 
3 510 1409 3335 
3 2881 4396 4495 
1 3051 
4 910 2609 4720 4834 
2 349 4529 
2 1969 3703 
4 575 3599 3778 3848 
4 386 1314 2864 3389 
3 97 112 5090 
2 2474 4139 
6 1039 2152 2878 3439 4367 4743 
2 830 3843 
4 1933 2260 2617 3576 
2 1953 4199 
4 3286 4275 4706 5060 
2 3075 4395 
5 2572 2716 3900 4234 4702 
4 1586 2196 2406 4110 
1 2313 
1 2419 
3 1544 4467 4745 
2 4234 4352 
2 3184 5160 
2 3593 5079 
2 3442 4291 
3 175 1842 3258 
3 293 2723 3968 
3 1853 2651 4475 
2 1224 5431 
1 1596 
1 3942 
2 1464 3342 
5 1475 2019 2934 4322 5198 
3 2712 3678 4395 
3 2526 5137 5224 
3 2798 2992 5225 
2 2417 3183 
2 1506 3155 
4 96 539 2438 4193 
1 3547 
1 3329 
5 1143 1705 2732 3495 4247 
2 2266 2888 
1 221 
2 1085 3057 
4 2144 2469 4872 5092 
1 1561 
0 
3 2067 2212 4866 
0 
2 4004 4343 
1 640 
1 1103 
2 196 5443 
3 203 2483 4875 
3 1942 2673 3798 
0 
1 2227 
5 768 909 1254 1975 2852 
4 789 3692 4354 4396 
3 1871 4650 5124 
1 1900 
1 3465 
4 640 1182 2702 3853 
3 902 3926 4947 
1 3067 
2 208 2633 
3 706 1244 2888 
3 1309 3270 5247 
1 1267 
2 1146 1620 
1 3006 
5 298 1064 2381 4236 5457 
2 2773 2775 
3 1131 2687 3072 
0 
4 1123 1453 2875 4133 
2 559 3190 
1 4891 
0 
0 
2 1723 5186 
2 977 1456 
4 2284 2834 3159 4454 
3 2560 4716 5127 
1 3225 
6 736 2375 3430 3776 4907 5266 
2 2013 2743 
3 2189 3161 5105 
3 1455 3901 5112 
2 3995 4413 
4 1151 1300 5219 5455 
1 2676 
1 5434 
0 
2 3296 4345 
2 874 4767 
2 884 3000 
1 2011 
1 4440 
2 418 2195 
1 4297 
5 173 1352 2877 3412 5167 
2 2688 5392 
0 
2 1552 3867 
2 2056 2186 
2 2530 3674 
2 1008 2603 
3 616 1714 5032 
1 284 
2 2493 4427 
2 800 4843 
1 117 
2 1890 4159 
2 134 4893 
0 
1 5163 
1 4676 
1 1175 
0 
5 608 1028 2239 2504 3318 
0 
0 
0 
1 665 
1 2585 
5 235 874 2544 2855 4137 
0 
3 710 2496 4439 
2 2373 3333 
3 3863 4594 5453 
0 
2 3589 4120 
1 4192 
3 679 5017 5433 
3 600 4338 4365 
1 3057 
0 
4 1667 2329 4696 5333 
3 4042 4940 5315 
1 751 
5 878 2355 2660 3425 5149 
1 3587 
5 554 994 1323 2744 5407 
3 599 1073 5138 
2 2654 2682 
0 
2 954 1829 
2 2309 5381 
3 2502 5278 5362 
1 2573 
0 
1 3637 
2 206 3261 
3 812 2639 3016 
3 74 2153 5204 
0 
1 3927 
5 222 2911 3198 5308 5493 
1 1496 
3 1480 1779 4952 
3 675 1315 5056 
4 367 691 1251 5316 
4 174 1092 2413 4523 
3 2354 3748 5393 
1 2295 
2 3887 4430 
1 3121 
2 1874 4282 
2 675 993 
5 1299 2547 4118 4430 4514 
2 883 2224 
3 2799 3091 5169 
4 1180 1299 4442 5473 
2 189 1530 
4 477 1811 1990 5248 
1 3104 
0 
3 312 4549 5322 
1 3582 
3 1617 1893 3232 
1 2830 
1 2062 
5 1206 1488 1872 4661 4823 
3 4857 4886 5193 
2 96 1856 
4 1507 2837 4864 5150 
3 1102 2996 4654 
2 870 1317 
1 309 
1 412 
1 4506 
6 6 940 1047 2053 3097 3486 
1 1757 
1 2732 
6 84 1390 2096 2595 4987 5042 
1 4397 
4 830 2631 2709 3767 
1 3424 
2 2497 2684 
3 2425 3525 5275 
1 4655 
4 285 3076 3242 5217 
3 1610 3172 4451 
4 1544 2047 3000 3977 
3 1934 5296 5403 
0 
1 3155 
1 3700 
4 632 1655 1831 5231 
1 5370 
2 822 4514 
1 667 
3 1657 2043 3752 
0 
3 1637 4600 5289 
1 3309 
3 2744 4968 5427 
4 1840 1917 2290 2781 
1 1322 
1 4979 
0 
3 535 2305 5456 
2 2503 4683 
6 852 1353 1956 2320 2742 4371 
3 161 1116 3560 
2 2138 3130 
2 467 5430 
4 1806 2641 3266 5286 
2 1595 4079 
2 696 2705 
8 455 663 759 1371 1613 1811 4879 4960 
0 
4 113 1059 2368 4494 
2 394 5268 
4 1187 2686 4638 4866 
4 44 2357 2522 4516 
2 38 2691 
0 
1 4348 
1 808 
2 4067 4553 
2 3171 4380 
2 726 5386 
2 640 936 
1 78 
3 585 1857 4991 
3 2073 3782 3789 
0 
2 2578 2718 
1 4819 
5 1546 1643 1790 2609 4838 
1 2125 
2 709 5240 
1 2062 
4 1156 3326 3425 5395 
3 1541 2014 3337 
0 
0 
4 2240 2482 3502 5074 
4 1516 3191 4885 4898 
1 895 
3 465 3301 4887 
2 211 2572 
2 81 801 
2 2703 5078 
3 270 3371 5408 
2 1533 4116 
2 1191 4708 
3 3042 4730 4741 
3 2325 2578 5352 
1 3248 
4 1917 2275 3854 4558 
2 1601 3447 
3 1337 1398 1773 
0 
0 
2 1516 2151 
2 1242 4105 
3 1601 3209 4317 
2 4008 4394 
3 553 1783 5076 
2 1669 3970 
3 793 2035 2583 
3 2880 3329 4822 
2 5188 5237 
4 1885 2588 4414 4892 
2 467 1226 
1 3768 
2 1108 2482 
2 726 4666 
2 703 4183 
3 1214 3049 4624 
3 2340 4140 4324 
4 2531 3552 3681 5303 
2 1525 3913 
2 2338 2571 
0 
3 331 845 3681 
2 2273 3964 
3 345 2026 3520 
3 1192 3375 3846 
6 401 554 2128 2321 4131 4444 
2 853 2215 
2 216 1179 
1 1671 
1 2319 
2 3055 3115 
3 787 2584 4775 
1 799 
2 483 5120 
3 559 952 1776 
1 1220 
2 650 1459 
0 
2 2151 3139 
1 1626 
6 136 2394 4258 5170 5302 5326 
5 529 1175 1887 2527 2945 
1 2027 
3 383 2511 3251 
7 825 1083 1242 1740 3951 4743 5245 
3 255 574 3074 
2 2798 4583 
2 1491 5193 
3 811 2156 3021 
1 1508 
2 2005 5193 
3 2977 3418 5223 
2 81 2566 
4 712 759 1327 2670 
3 1166 2476 3559 
3 334 1017 1234 
3 397 2248 2326 
3 1976 4375 5408 
3 101 1342 2389 
2 1413 1788 
2 2021 4329 
3 1227 1367 3797 
1 3816 
0 
2 2843 3340 
4 3189 3197 4767 5132 
3 692 2236 4794 
1 5487 
3 3464 4129 5035 
4 2825 3387 3494 4985 
6 2858 3265 3548 4275 4816 4970 
3 307 3385 4424 
2 1761 5312 
2 3221 4573 
1 4724 
1 4893 
2 487 1813 
1 3971 
3 598 1030 3875 
3 243 2881 3358 
0 
1 70 
2 929 1498 
4 206 836 4643 5372 
6 533 760 3850 4660 4710 4762 
1 742 
1 3085 
0 
3 367 2962 5255 
3 888 1063 2013 
3 1116 2569 4692 
1 3211 
0 
3 2124 4703 5434 
2 1308 1592 
5 2116 2318 2849 4310 4637 
2 909 3357 
1 2693 
1 2165 
2 324 1945 
4 2742 3166 3345 3752 
4 1178 1639 1760 5013 
1 5023 
1 1143 
4 3 1133 3072 5058 
3 2414 4594 5288 
3 12 1567 2043 
0 
1 5435 
0 
2 593 1212 
2 281 3652 
2 1756 3180 
2 969 2694 
2 2859 3567 
3 2927 4377 4839 
1 5391 
1 291 
1 61 
4 1334 3853 3858 4296 
3 2993 3257 3419 
3 2689 3114 3909 
4 1475 1561 3726 3804 
3 1480 1558 3221 
1 220 
4 1509 3434 3812 5376 
5 4413 4626 4859 5242 5274 
0 
3 723 1901 4632 
3 1378 2461 5134 
1 1017 
2 23 2765 
3 267 1405 3878 
2 731 1198 
2 1563 4431 
2 1827 4427 
6 443 669 3098 3712 3820 4285 
4 1938 1990 2716 3384 
2 870 2027 
2 1880 3794 
1 834 
2 1519 2951 
3 13 2622 4659 
4 993 3394 4155 4807 
0 
3 1462 2832 3461 
2 350 2957 
1 5320 
1 4349 
1 152 
0 
2 2170 4683 
2 1449 5446 
2 614 4685 
2 2738 5212 
1 1658 
1 3244 
4 78 489 2321 5329 
1 2114 
3 1607 3080 4293 
3 3110 3851 4185 
1 2190 
3 26 170 1447 
3 1463 4742 4939 
1 3625 
4 822 2706 5073 5193 
1 4836 
4 1165 2167 2623 4006 
1 5328 
3 2401 2762 5304 
2 2879 4251 
1 2968 
3 823 2716 3052 
1 3392 
1 1888 
1 674 
3 2343 2499 3861 
2 2283 2898 
3 185 4274 4869 
3 733 2473 5011 
2 2130 4557 
3 338 1058 4234 
5 2685 3016 3938 4731 5061 
0 
1 537 
1 1513 
1 2100 
0 
2 181 1077 
4 1731 3487 4867 5403 
3 721 1934 4419 
1 4858 
3 2668 5154 5422 
2 397 4639 
9 203 847 931 2486 2751 3590 4764 5250 5477 
6 240 475 838 2844 2943 4210 
1 1000 
1 836 
2 413 2044 
2 818 2854 
4 429 1549 2547 2653 
1 3146 
6 343 4117 4686 4717 5001 5318 
1 2849 
4 983 2439 2537 4674 
2 816 4827 
3 1014 2497 3743 
4 104 2811 3869 4409 
8 331 1317 1490 2307 2457 2761 3386 3397 
5 260 755 4131 4906 5189 
1 2721 
1 2418 
6 192 911 1255 1347 2421 5257 
1 2601 
2 768 4175 
6 1196 2533 2561 2602 4640 5164 
2 1189 3345 
1 1246 
2 1957 4931 
2 1766 3424 
1 3553 
3 1864 1922 3641 
2 1216 3685 
5 1415 2111 2347 3309 3973 
2 1070 3409 
1 668 
3 2281 2507 3203 
1 2246 
3 300 3293 3887 
2 3354 4814 
4 1218 1304 3932 5091 
2 547 2431 
2 803 4834 
4 3135 4077 4490 4787 
3 131 1698 4263 
1 1250 
2 1109 2757 
6 957 1285 2633 3413 3556 3858 
1 1659 
1 3896 
2 114 5014 
3 1088 1705 5192 
2 53 4834 
1 526 
2 1949 2483 
0 
1 3408 
0 
3 237 1529 1776 
1 1788 
2 1219 3973 
1 4929 
3 2368 3847 4454 
3 1794 3426 3511 
2 1149 1282 
3 1648 2213 3790 
2 3449 4062 
2 819 991 
0 
3 699 1400 4705 
1 4172 
0 
3 645 1078 4230 
2 2613 4417 
1 371 
3 642 960 4080 
1 150 
1 3099 
1 609 
2 101 2788 
4 318 386 606 2723 
3 73 2395 3255 
5 129 1027 3039 3331 5281 
3 564 626 5257 
2 2950 3194 
1 4495 
2 547 1603 
6 49 1944 2597 3414 4772 4989 
3 2341 4845 5334 
5 212 1435 2890 4118 5113 
4 686 3852 3870 5166 
4 1621 3598 3838 3896 
6 307 699 1684 1760 4034 4456 
4 676 2089 3101 3567 
2 892 4826 
3 28 868 5479 
0 
1 2961 
1 3529 
4 1025 4748 4910 5202 
1 3760 
1 2305 
2 2538 3254 
3 1309 2113 3066 
3 1671 3801 4322 
0 
2 920 1661 
3 1005 2207 3468 
3 3087 3927 4241 
3 0 4124 4957 
2 4832 4846 
2 155 2495 
3 817 1044 4378 
3 1828 1909 3488 
4 514 2316 4305 4961 
1 3803 
1 1301 
6 1030 1377 1497 2361 4842 5201 
3 888 4683 4756 
3 632 4186 4854 
3 2943 3662 3726 
0 
3 19 3948 4250 
1 460 
3 1220 2721 5172 
4 1147 1508 4004 4008 
3 207 1652 4249 
0 
2 3186 3221 
5 1488 1494 2359 2873 5081 
1 1351 
3 1884 1914 2833 
4 902 3799 4865 5251 
2 1886 1972 
1 3966 
3 549 3616 3936 
2 2793 3624 
3 2479 2600 4011 
2 3776 4616 
3 1555 3636 4140 
2 1880 5327 
1 3532 
2 1834 2710 
0 
5 75 311 1595 2094 5250 
3 113 985 2034 
1 4041 
5 2102 3270 3271 3516 4979 
0 
2 3920 4367 
1 5330 
4 1725 2377 4397 5498 
3 827 2270 4655 
1 3621 
3 860 3136 5217 
1 1936 
2 4553 4656 
3 259 2392 3496 
5 1676 1852 3366 4735 4963 
1 3663 
1 2195 
4 1503 1523 1858 3552 
2 3102 3857 
0 
1 2240 
1 783 
1 901 
3 44 796 5019 
2 2360 5198 
2 152 572 
1 3864 
1 1252 
2 248 1996 
1 3327 
3 1750 2671 4548 
0 
2 2410 2842 
3 1336 2972 4997 
2 3656 5180 
1 483 
1 4515 
1 5348 
4 508 999 1137 5453 
2 932 1651 
3 266 357 4699 
1 4348 
2 1449 2596 
1 5157 
1 2022 
4 2660 4071 4541 5225 
6 922 1451 2888 3838 4390 4981 
1 1457 
1 4905 
2 2877 3214 
1 1992 
3 3110 3613 5383 
2 1901 4643 
2 3231 3440 
4 1463 2704 3258 3369 
6 3271 3510 3709 4968 5083 5192 
2 3564 4831 
3 1240 4029 4510 
3 941 2128 3699 
2 3633 3702 
2 2787 4752 
2 1725 4506 
1 5200 
3 1305 3522 4797 
4 247 373 791 3155 
2 4008 4049 
6 1750 2109 3227 3535 4485 5111 
6 227 975 1952 2160 2485 4074 
2 1765 4757 
0 
2 445 2290 
1 3012 
4 326 1091 1508 3609 
3 17 134 2404 
5 907 3724 3834 4001 4951 
2 469 998 
2 4608 5140 
2 504 2675 
3 2019 3434 4557 
4 1510 2439 2536 2626 
4 181 2880 3841 4814 
1 3611 
0 
0 
1 1103 
3 719 1452 3449 
1 75 
0 
2 388 4904 
1 284 
3 1434 1760 3207 
0 
2 363 4494 
0 
0 
3 1616 1871 4993 
0 
1 2209 
2 1273 5235 
2 2671 4479 
2 962 4016 
4 1145 1418 2738 4843 
0 
2 859 2868 
5 427 1505 3176 4079 4461 
1 3290 
3 2104 2739 5216 
1 1786 
5 1618 1786 4295 4527 5447 
2 1383 4110 
3 1906 2091 2851 
5 664 1878 2133 2943 4614 
3 42 681 3016 
1 1337 
1 685 
4 972 3614 3752 5105 
1 1069 
3 455 500 2741 
0 
1 1235 
0 
2 708 716 
3 2755 3094 4829 
1 127 
3 4188 5439 5467 
0 
0 
2 447 5021 
1 5246 
4 1168 3134 5139 5206 
1 981 
1 3368 
1 5422 
3 372 1811 3494 
5 931 1907 3751 4161 5497 
4 391 2626 2872 4592 
1 2411 
1 2608 
0 
3 40 766 1479 
2 639 4672 
3 3504 3639 5047 
2 942 2960 
1 4584 
3 1169 1359 5214 
4 2554 3314 3968 4220 
2 570 1090 
0 
4 80 557 1433 4702 
6 309 679 2377 2586 2681 5283 
2 1612 3481 
2 4053 4677 
2 509 943 
3 697 942 3275 
2 1992 2994 
0 
1 1767 
2 1697 2562 
2 3566 4693 
2 2615 4525 
0 
3 3702 5090 5392 
5 20 545 2560 3708 4684 
1 5061 
1 895 
5 1269 2150 2265 2296 4560 
2 499 1441 
2 422 4443 
2 786 3221 
2 52 2065 
1 1927 
3 448 1056 2898 
2 1647 3624 
1 2713 
0 
6 360 768 1569 2742 3238 4130 
1 3310 
3 516 2126 4241 
5 544 1481 1883 3652 5046 
1 4824 
3 2551 2947 5427 
5 57 2630 2751 2782 3778 
4 1362 3354 3791 4799 
4 2515 3245 4243 5142 
2 1620 4743 
2 2024 3299 
4 1871 2271 3427 5494 
2 2885 3541 
2 3673 4210 
1 4073 
3 409 679 4308 
3 828 4330 4721 
2 973 2469 
0 
2 4198 4501 
4 490 2192 2538 5066 
1 2539 
3 1443 3747 4760 
2 1731 2324 
0 
1 859 
5 730 1200 1902 3897 5178 
6 98 1899 2636 4706 4768 4995 
6 255 616 1819 2077 2328 5146 
2 566 1842 
1 4025 
5 830 3023 4039 4457 5183 
1 4461 
3 823 1093 2941 
3 307 732 936 
3 1458 1683 4257 
2 90 4199 
4 2683 3542 4021 4781 
4 536 1291 3579 4737 
2 823 4849 
2 2687 5044 
1 335 
4 593 1885 4128 4777 
2 369 2446 
0 
3 400 428 5291 
2 2551 3602 
3 1458 3084 5140 
3 3185 4589 4971 
0 
7 221 744 2121 4319 4920 5013 5400 
3 985 1835 4830 
4 51 500 2149 3955 
2 1064 4600 
4 520 2364 3471 5342 
2 2285 2806 
2 2645 3724 
2 297 3122 
5 357 1267 3074 3576 5300 
5 2445 4061 4266 4423 5255 
4 1846 2569 4611 4843 
1 4268 
4 278 2725 3385 4317 
1 487 
4 932 1226 1387 2015 
5 1527 2395 3073 4757 5327 
2 431 992 
3 403 622 2924 
4 583 1375 3099 4205 
1 4607 
2 369 979 
1 1573 
2 664 3976 
1 255 
1 5178 
5 2614 3035 3207 4489 5286 
3 388 854 4855 
2 593 4831 
3 2342 3853 4597 
2 4208 4797 
3 3 183 3369 
1 4374 
4 653 3851 4651 4996 
0 
3 2560 4106 5289 
2 629 2458 
4 353 1293 4199 5185 
2 370 623 
1 1046 
1 1061 
2 1414 5467 
2 323 661 
2 2286 3921 
2 2194 4317 
4 467 1087 3073 3314 
7 217 670 1577 2481 2510 2990 4772 
4 1453 2957 3840 4973 
4 373 615 3243 4640 
1 422 
1 1199 
2 3166 4189 
3 402 1600 2766 
5 89 1457 2295 3090 3785 
5 32 3578 5122 5311 5438 
0 
4 501 1338 3156 5071 
3 1194 1397 4107 
5 1484 2091 2126 3769 4297 
2 2921 4852 
1 3571 
3 3223 5115 5143 
1 4463 
2 4941 5099 
3 1080 2503 4662 
4 206 398 2188 2359 
3 981 2840 3179 
6 1050 1149 3466 5018 5056 5143 
3 1827 2955 4107 
3 1171 4278 5255 
4 3465 3847 4159 4633 
4 1205 1302 3034 3180 
3 536 1577 3857 
0 
0 
4 1840 3005 3668 4404 
1 662 
1 801 
4 924 1181 2352 3746 
6 1407 2685 3071 4509 4954 4977 
0 
2 1029 1379 
0 
2 1984 4423 
3 3607 4517 4689 
0 
1 175 
1 4646 
3 540 865 3382 
3 74 2388 4199 
0 
3 910 2495 4309 
5 18 728 813 3386 3410 
1 278 
3 2747 3933 4180 
3 144 297 4651 
2 1308 3315 
2 282 2725 
1 4922 
5 2875 3638 4392 4719 5035 
1 508 
2 661 774 
5 529 1957 2373 2636 4146 
1 3748 
3 2776 3441 4666 
2 2053 2176 
2 108 5473 
2 1746 3473 
3 944 2874 4661 
0 
1 3511 
5 100 949 1836 1926 5100 
3 1374 1805 3613 
2 289 2543 
2 2606 4348 
1 4919 
4 962 1503 2850 5162 
3 2128 2402 2918 
0 
3 1029 2825 2863 
1 664 
1 4181 
2 3108 4989 
3 1680 3198 5233 
6 335 1927 3062 3751 4512 4703 
1 596 
3 1638 2378 4631 
0 
3 3194 4856 5484 
0 
5 535 1228 2712 2818 3296 
3 395 2081 3756 
0 
0 
2 504 4258 
2 4828 4913 
1 491 
2 605 5287 
4 262 1840 2596 5424 
1 1297 
1 1816 
3 2566 4344 4529 
1 2687 
1 4185 
3 2020 3275 3442 
1 2258 
6 2673 2728 3529 3568 4088 5341 
5 798 2643 3109 4829 5171 
3 378 1426 3070 
1 4122 
3 1267 2846 4021 
6 14 1074 1118 2426 3211 4628 
2 883 1800 
3 2418 3248 4399 
3 3039 3052 4320 
3 2599 2636 4808 
5 120 1737 2751 4571 4820 
4 1740 2067 2669 4675 
4 1479 3602 4505 4701 
3 1941 2559 4415 
2 2919 5087 
6 3540 3840 4347 4357 4841 5068 
3 1915 2269 2716 
1 4281 
0 
8 1178 1957 2081 2657 3596 3816 4089 5318 
4 2362 3454 3567 4230 
4 965 981 2681 3057 
3 2720 4834 5463 
3 501 647 4422 
5 1363 2030 3949 4550 4684 
2 1818 2265 
1 4393 
1 4415 
3 1309 3563 3718 
2 998 4950 
4 2134 3800 4663 5161 
2 1791 3133 
3 1180 2155 3171 
1 4732 
2 2353 3648 
3 284 1127 4424 
3 658 1928 4700 
2 96 4801 
4 2824 3072 4022 5494 
2 983 4306 
3 2643 4241 5010 
2 822 3582 
1 1317 
5 361 1876 2609 2623 5107 
0 
3 57 4024 5362 
2 1002 4437 
4 550 2930 3885 4073 
4 1776 2547 4304 5021 
4 47 2144 2329 2554 
1 4293 
1 996 
5 777 1251 1556 4933 4948 
5 465 511 664 2346 3882 
1 2822 
5 1861 3441 5029 5043 5300 
4 534 1952 3891 5165 
3 895 1088 1523 
4 243 1152 3236 3708 
0 
4 1180 2884 3575 4069 
2 1523 3234 
1 5324 
1 3465 
4 11 1324 2216 3577 
0 
2 3534 4098 
3 2672 3825 4022 
3 86 4100 5354 
0 
0 
0 
3 2942 2984 3915 
1 4124 
6 1655 1832 2413 3952 4190 4901 
1 472 
3 985 2188 3256 
3 44 2597 3739 
3 3152 3554 3766 
1 4098 
1 2518 
3 2305 2452 2733 
1 4893 
2 1493 5062 
0 
3 1829 2435 4537 
1 4497 
2 4324 4961 
2 2345 3923 
2 1424 3321 
2 581 1507 
4 1354 2249 4404 5408 
4 2024 2311 3638 4986 
3 953 3008 3105 
4 1423 2594 3534 4808 
1 3660 
1 5274 
1 933 
3 1231 1857 5160 
2 2034 3123 
2 3448 4788 
4 992 2801 3752 4674 
2 5 3028 
4 616 3596 3803 4771 
2 1484 4943 
5 1595 1870 2248 2343 4933 
4 1586 2158 2701 5342 
2 2795 3749 
3 431 1270 3030 
4 920 2600 3071 3600 
1 4366 
4 25 927 2283 3732 
2 4333 5355 
2 669 1283 
3 308 4871 4924 
1 3475 
2 2094 3702 
2 587 5149 
1 3160 
3 2315 2570 2639 
2 4278 5495 
1 3977 
4 472 2152 2927 4736 
1 2843 
1 4923 
2 183 2120 
2 837 2018 
2 1888 5154 
2 1248 3901 
3 3808 4871 5231 
2 792 1876 
2 4848 5409 
3 1756 2520 4523 
3 279 3603 3998 
3 2773 5010 5044 
4 1170 4752 5472 5485 
0 
1 2988 
2 99 4414 
3 1114 1801 2718 
4 216 1542 2780 2976 
3 2896 3278 4069 
4 1128 2793 4419 4906 
1 1464 
4 1194 2508 4463 5145 
1 1484 
5 1595 1672 2306 3537 3785 
4 814 963 3237 4967 
1 4966 
2 4055 4504 
1 3560 
2 1483 4185 
3 576 3784 4672 
0 
3 936 2040 4720 
0 
0 
1 2550 
4 2086 2191 3426 4752 
1 2991 
6 316 1348 1657 4058 4452 5072 
2 1367 2332 
2 2215 4495 
1 1172 
3 518 3170 5448 
3 1224 2323 2663 
5 826 1752 1970 2365 4184 
4 2171 2172 2595 4911 
2 2517 4033 
1 2336 
3 4392 4795 5303 
0 
2 1412 4084 
1 2378 
2 683 4544 
2 3590 5074 
3 2823 3074 4651 
6 108 508 1243 1602 4706 5303 
5 204 999 1122 4482 5203 
2 1342 3213 
0 
2 3444 3820 
4 388 1551 3021 4317 
4 551 1073 1376 2512 
1 2392 
6 103 533 970 2321 2983 5460 
2 137 146 
1 153 
4 218 469 2160 3517 
3 1384 3021 3329 
1 3211 
3 1591 4859 4953 
3 2432 3700 4294 
0 
5 507 680 3113 4216 4674 
2 3050 4355 
3 382 3603 3743 
4 1571 1947 2020 3040 
6 1064 1863 2227 3565 3673 3972 
3 1201 3785 4740 
2 2032 4472 
2 595 741 
3 2123 4576 4867 
0 
3 2643 3673 4217 
3 2124 2127 5497 
0 
2 5124 5483 
4 376 1763 5040 5484 
1 3434 
4 698 2047 3069 4874 
1 5223 
0 
3 283 3946 5465 
1 1629 
1 495 
4 1231 2686 4183 4772 
2 551 1546 
2 799 3635 
1 941 
1 422 
3 2975 3250 5027 
2 2685 5298 
5 168 2408 2735 4033 5440 
2 3801 4874 
2 4664 4953 
1 380 
3 91 1646 4627 
1 4590 
3 44 708 2700 
0 
1 1527 
0 
0 
0 
1 2508 
0 
5 540 755 1009 3999 4740 
2 363 1647 
4 1167 1253 2918 4219 
1 2915 
2 203 3851 
5 232 365 468 4297 4612 
1 4902 
1 764 
0 
3 1170 1751 1803 
1 4644 
2 739 1119 
3 743 2497 4834 
2 1197 1808 
6 38 300 1178 1680 2500 2509 
4 478 737 3625 4729 
5 305 1441 3409 3496 4979 
4 654 836 2226 4280 
7 1354 2734 3134 3343 3514 4097 4994 
1 5083 
2 3632 4119 
3 2407 3454 3779 
3 1919 2283 4103 
3 2470 3507 3860 
2 1542 3375 
3 3261 3708 4434 
2 829 915 
5 29 1112 2384 4504 5075 
6 368 2160 2248 2449 3154 5094 
0 
1 3378 
3 2859 3416 4833 
1 1394 
1 953 
3 3691 3845 4610 
5 2588 2652 3577 3796 4345 
4 1163 2957 3882 5252 
2 2669 3565 
2 2989 5084 
0 
2 1677 3530 
0 
1 580 
5 154 1702 2068 2184 4736 
6 624 1283 3364 3719 4784 5172 
5 87 394 1981 3386 5416 
0 
1 1863 
0 
5 2510 2525 3925 4564 5141 
1 5174 
2 2687 4862 
3 4 169 3554 
4 1616 2406 2552 3551 
1 636 
2 2693 4515 
1 3926 
2 1308 4394 
2 2254 3291 
2 2013 4734 
0 
1 1372 
3 518 754 2120 
2 2071 3056 
2 4148 5483 
2 91 1379 
4 966 1851 3048 4727 
1 3286 
5 1230 2167 3833 3897 5026 
1 2065 
4 1426 1642 3055 3463 
2 2465 3921 
3 1873 2282 5426 
0 
0 
1 2499 
3 1677 2474 4180 
1 2253 
2 4244 5476 
1 82 
4 496 1203 1793 3634 
5 5 549 2619 3061 3871 
3 48 1705 3982 
4 1002 2244 2805 4578 
3 746 4525 4671 
4 698 2718 3021 5105 
2 1428 4632 
2 4734 4740 
1 5475 
3 802 2241 4963 
4 966 1713 3513 4652 
3 2369 2952 5210 
0 
3 3979 4936 5357 
2 2133 4024 
3 543 1744 5477 
0 
2 613 3114 
5 2382 2997 3432 4307 4946 
0 
1 1297 
2 4492 5293 
2 102 3423 
3 115 1559 5267 
5 1749 2818 3716 3859 4917 
2 2233 4849 
2 628 4789 
2 3443 3954 
2 4330 5267 
3 243 729 4875 
2 1009 4395 
2 1505 3939 
0 
7 764 835 1399 2687 3110 3389 4010 
4 1061 3127 4155 5454 
2 4820 5438 
3 405 4429 5100 
2 3668 5390 
2 610 5106 
3 953 2566 3690 
3 46 2240 2508 
4 626 3486 3588 5237 
2 4650 4698 
0 
4 2467 3374 4483 5298 
5 147 505 989 1657 2176 
1 1926 
4 1043 1480 3014 4655 
2 1613 2481 
3 1373 1953 4710 
1 3918 
1 1569 
3 2097 3640 4123 
1 4324 
3 659 2355 3510 
0 
5 2931 4356 4504 5221 5499 
5 625 4022 4162 4165 4280 
2 2394 3748 
4 816 880 1659 1777 
0 
2 2561 3226 
2 3869 4473 
1 190 
3 1104 3196 4511 
5 585 3736 4422 5238 5461 
5 40 2244 2817 3667 4404 
1 4997 
5 392 528 3273 3801 3993 
2 769 2570 
2 3524 4578 
2 1819 3109 
0 
1 952 
2 3025 5147 
1 878 
3 321 3311 4269 
1 797 
3 683 2807 4593 
3 21 84 1986 
2 1871 4555 
4 381 1184 4040 4459 
3 411 736 3413 
5 190 947 2944 3554 3928 
3 264 3750 5358 
2 3400 5192 
1 1421 
5 977 1512 2420 4166 5030 
3 1758 3871 5366 
5 585 665 1747 3872 4494 
1 3504 
5 1875 2436 3292 3509 3528 
0 
3 1130 2387 3763 
2 2741 2762 
3 610 4047 4948 
2 755 1303 
3 1155 2671 4796 
0 
3 1200 1628 4547 
2 1029 2792 
3 3365 4123 5177 
2 629 5201 
1 1600 
3 32 1052 4091 
5 420 484 1612 2797 5482 
2 1938 4241 
1 1228 
2 2417 2477 
5 934 2055 2338 3591 4159 
2 548 4577 
3 313 1966 3905 
3 668 1932 4013 
1 3168 
3 3831 4309 4449 
4 546 1560 3177 4437 
2 380 5092 
2 680 5255 
0 
8 544 820 1938 3298 4203 4683 4742 5253 
4 713 745 1918 3482 
5 1407 1652 2437 4327 4388 
3 651 3268 3507 
2 1954 2031 
0 
2 1185 2721 
2 518 1341 
2 1034 2004 
4 415 1096 1313 3143 
3 1827 3205 3209 
3 593 2883 3923 
4 253 1106 5159 5164 
1 4072 
0 
2 1622 3576 
3 992 1537 3709 
1 2014 
0 
3 1726 4241 4915 
7 41 472 1021 2429 2807 4038 5452 
0 
2 1480 1627 
3 515 1195 3987 
1 279 
1 2648 
2 2644 4387 
1 830 
1 4598 
3 666 1061 2613 
6 16 1220 1801 2104 2761 5431 
6 225 1607 3201 4066 4699 5455 
3 1127 4810 5444 
2 1831 4220 
7 1615 3043 3431 3616 3648 4053 4708 
2 3352 3566 
6 1916 2756 3150 3296 3595 4669 
5 361 730 2295 2771 5306 
3 583 1105 5157 
0 
2 482 2057 
3 1278 1414 4043 
2 1299 2256 
4 2376 2404 5041 5180 
4 618 725 2226 3602 
6 407 1734 2026 3484 4682 4874 
1 1355 
2 641 4155 
3 4132 4989 4996 
2 1782 4284 
2 1594 2432 
2 1746 5292 
2 1011 5433 
1 3996 
2 3255 3468 
0 
3 908 3345 4727 
3 62 2129 4187 
1 444 
2 681 5440 
2 3138 3977 
2 933 4000 
4 1169 1629 2562 2744 
3 565 4317 4838 
2 855 3711 
3 3228 4262 5341 
4 341 2160 2311 2944 
3 3676 3737 4016 
0 
2 2924 4881 
3 399 1271 2866 
2 885 4155 
3 2306 4445 4689 
2 3405 4283 
2 366 4272 
2 2432 4455 
3 844 2649 3113 
1 19 
3 2063 2743 3976 
6 1191 2190 2513 2824 3387 4393 
2 367 3309 
0 
3 3070 3407 3714 
3 428 2159 2989 
1 1512 
1 3252 
4 54 2208 4819 5320 
5 2846 3203 3829 4678 4925 
2 1639 2313 
0 
0 
3 1372 2181 3635 
3 22 1132 3639 
3 1701 2295 4486 
0 
1 1778 
1 3195 
3 510 2710 4108 
2 2250 2295 
3 1914 3179 4887 
2 202 4931 
1 3631 
2 111 5149 
1 5220 
1 815 
2 1419 2002 
1 1413 
2 3987 4864 
0 
2 1886 2486 
1 2747 
3 1917 3774 5224 
3 2075 3091 3815 
0 
0 
2 366 4048 
0 
4 567 606 2542 4198 
3 383 972 2879 
1 2589 
1 524 
4 3037 3364 4240 5475 
2 184 2299 
4 328 1762 1782 3468 
1 539 
1 5451 
2 1171 3986 
4 560 3136 3253 3407 
1 4500 
2 1734 2461 
1 3030 
2 3010 4081 
1 83 
3 1427 1849 3562 
1 323 
2 3110 5173 
1 4231 
3 1353 3940 4610 
2 2346 4002 
0 
2 1384 4093 
3 375 2283 3308 
3 1248 1572 2912 
2 2175 2990 
1 853 
3 702 1616 4674 
3 645 905 1237 
1 3413 
2 4043 4304 
2 757 1866 
1 3023 
1 1140 
4 99 923 3523 3981 
6 49 1725 2653 4104 4172 4910 
1 4950 
2 1993 2845 
0 
2 1380 1648 
0 
1 2825 
2 1638 2912 
3 86 3311 5101 
1 1563 
2 1222 3460 
2 2923 3117 
1 2052 
3 672 1013 1360 
2 4307 4581 
1 2975 
3 3194 3524 4811 
5 287 494 703 2148 2758 
2 617 5128 
2 4055 4629 
1 60 
3 885 1143 2148 
2 3572 4065 
4 2117 3529 3865 5285 
1 3343 
7 1340 2562 2578 3291 3658 3972 5307 
3 280 3930 4208 
4 1776 2751 3284 4223 
0 
1 2311 
6 1695 1735 1859 2020 4727 5171 
3 2006 2764 4573 
3 2224 5042 5314 
5 178 1396 1559 2329 3543 
4 219 1005 1616 1876 
3 1045 3270 3890 
4 33 1078 1087 5287 
0 
3 2812 2982 4267 
2 3795 4557 
3 1827 1912 4983 
1 655 
2 101 224 
3 886 1119 5380 
5 311 553 1289 3659 5275 
4 2163 3219 3968 4487 
2 2801 5170 
5 1430 1965 2411 3928 5286 
2 1911 4060 
1 3909 
1 1350 
3 1645 2823 3236 
4 822 1733 2450 5004 
4 1501 1900 3831 5201 
3 1107 1946 2824 
2 3264 4841 
1 2334 
2 5032 5491 
2 405 563 
3 1147 4573 4714 
0 
4 313 1037 2534 3567 
2 3061 3107 
0 
2 3040 4954 
4 3556 4011 4779 5496 
3 1597 1895 2857 
5 2352 2976 3240 5144 5376 
6 460 874 2321 2609 2670 5134 
4 1213 1419 4309 5151 
2 753 2023 
1 4400 
2 421 951 
3 1923 3289 3487 
3 1078 1477 5241 
5 773 2961 3002 5026 5120 
4 1199 3401 4801 5027 
4 1360 3256 3830 4954 
3 238 298 2979 
3 3649 4182 5493 
6 929 1140 1654 1736 2506 3215 
1 2145 
1 125 
5 72 812 1239 3736 5465 
2 900 1767 
4 915 946 3996 5487 
4 1503 3273 4635 4857 
2 2703 4939 
1 5473 
4 464 2906 4583 5024 
5 717 836 889 1642 4456 
2 2839 5192 
3 2 1 2 3 1 1 1 2 2 1 2 1 1 3 2 1 2 1 1 2 3 2 2 1 3 3 1 4 1 3 1 2 1 3 1 1 2 3 1 1 1 3 3 2 3 3 2 2 2 1 2 2 3 1 1 1 4 1 1 3 1 1 4 1 1 2 1 1 2 2 2 2 1 3 2 1 1 2 1 1 2 2 1 2 1 1 1 3 1 1 2 1 1 1 1 3 2 1 3 3 2 2 1 1 2 1 1 1 2 2 1 3 1 2 2 1 2 1 1 1 2 3 1 3 1 2 1 1 1 1 3 2 3 2 1 1 2 1 1 1 2 2 2 1 2 3 1 3 2 3 1 2 1 2 1 1 1 3 1 3 1 1 1 1 2 1 1 2 3 2 2 1 1 1 2 1 1 2 1 1 1 1 2 1 1 1 2 2 1 3 1 1 2 1 1 3 1 3 3 3 1 3 4 1 2 1 2 3 1 1 1 3 2 2 1 1 2 2 3 2 3 2 1 3 1 1 2 2 2 1 1 1 3 2 1 1 1 1 1 3 1 3 3 1 3 1 1 2 1 1 2 2 3 1 3 1 1 2 2 1 1 2 2 3 1 2 1 1 1 4 1 2 1 1 1 1 1 2 1 1 3 2 2 2 3 2 2 1 2 1 1 1 3 1 1 1 1 2 2 3 1 3 1 3 3 1 3 1 3 2 2 1 2 1 1 2 2 1 1 1 3 3 3 1 1 2 1 1 1 1 2 1 1 1 1 3 2 1 1 1 2 1 4 1 1 3 1 1 1 1 3 2 1 2 3 1 3 1 1 1 1 1 3 1 1 2 2 1 1 3 3 1 1 1 2 2 1 2 1 3 3 2 2 2 2 4 1 1 1 1 2 1 2 2 2 1 2 1 1 2 4 2 1 2 1 3 2 1 2 2 1 1 2 2 3 1 2 1 3 1 1 2 1 1 2 1 1 2 2 3 1 1 1 1 1 2 2 1 2 1 1 1 2 1 1 1 2 2 1 1 1 1 1 1 2 2 1 1 3 2 1 2 2 2 3 3 2 4 2 1 1 1 1 1 2 2 2 1 1 1 2 1 2 1 1 1 2 3 1 1 2 3 3 1 1 1 1 1 2 3 2 2 1 1 1 2 3 1 2 1 2 1 2 1 3 2 2 3 3 3 1 1 2 2 2 3 1 1 3 1 1 1 1 3 3 1 3 1 1 2 1 1 3 3 1 1 1 2 1 3 2 1 1 1 1 1 3 2 2 2 1 1 2 2 2 1 2 1 2 1 2 2 2 1 3 1 3 1 1 1 1 1 2 3 4 1 1 2 1 1 1 1 3 1 2 2 1 4 1 2 2 2 1 3 1 3 2 2 3 3 1 1 1 1 3 3 3 3 2 1 2 1 1 1 2 2 1 1 3 1 2 2 1 1 1 1 1 1 2 2 2 2 2 1 2 1 2 1 2 2 2 2 1 2 1 1 1 1 1 1 2 2 1 2 2 1 1 2 2 2 3 2 3 1 1 1 1 2 2 1 3 1 1 2 2 2 1 1 1 2 2 2 1 1 3 1 2 3 2 1 2 1 1 1 1 4 1 3 3 1 2 1 4 1 1 2 2 1 1 1 2 1 2 2 2 2 1 2 1 1 2 2 2 1 2 1 1 1 2 1 2 1 2 2 2 2 1 2 2 1 1 1 1 2 2 1 1 1 1 1 1 2 2 1 2 2 1 1 2 1 1 2 1 1 1 1 1 1 2 1 1 1 2 2 2 2 2 1 2 2 1 2 3 2 2 2 3 2 1 1 1 1 1 2 2 1 2 2 1 1 1 1 2 1 1 4 1 2 3 1 1 2 4 1 1 1 1 1 1 2 2 1 2 2 2 2 1 1 2 1 1 1 1 1 2 1 2 1 2 1 1 2 1 1 1 2 1 2 3 1 1 3 3 1 1 1 1 1 2 1 1 2 1 1 2 2 1 3 1 2 1 1 2 2 2 2 2 2 2 1 1 2 1 1 3 1 2 2 2 3 2 2 1 3 1 2 2 2 1 3 1 2 1 2 1 1 2 1 2 1 4 3 2 4 1 3 1 1 2 2 1 1 1 2 2 2 1 1 1 3 1 2 2 2 1 4 4 1 2 1 1 1 1 2 3 1 1 3 1 1 1 1 1 1 1 1 1 3 1 1 2 3 2 1 1 1 3 1 1 1 1 1 1 1 1 1 2 1 1 1 1 1 3 1 1 1 2 2 3 1 2 2 1 1 3 3 1 2 2 2 2 3 2 1 1 1 3 1 1 3 1 1 1 3 2 1 1 2 2 1 1 1 1 2 1 1 1 1 2 1 1 1 1 3 1 3 1 2 1 3 1 1 1 1 1 2 1 1 1 1 3 2 1 2 1 1 1 2 2 3 1 1 2 2 1 1 2 2 2 2 1 2 1 1 2 2 2 1 2 2 1 4 3 1 3 3 1 1 2 1 1 1 2 1 1 3 1 1 1 1 1 3 1 2 1 1 2 3 3 1 1 1 3 1 2 2 2 2 1 1 2 1 2 3 2 3 1 3 1 1 1 1 2 1 1 1 1 1 1 2 2 1 1 1 1 1 1 2 1 3 1 1 3 1 1 3 3 3 2 1 2 3 1 1 2 1 1 4 1 2 1 2 1 1 1 3 4 1 2 1 2 2 1 2 2 2 3 1 2 3 2 1 2 1 3 2 2 3 1 1 1 2 2 2 2 1 3 1 1 4 1 2 3 1 1 1 1 1 2 1 3 1 1 1 2 2 4 1 2 3 1 2 1 3 1 2 1 2 1 2 3 2 2 1 2 3 1 2 2 1 2 3 2 1 1 3 3 1 2 2 1 3 3 1 1 1 2 1 1 1 1 3 1 2 1 3 2 1 3 2 3 3 1 1 1 1 2 1 2 2 2 3 2 2 2 4 1 3 3 1 2 1 3 1 2 1 2 1 3 1 1 1 1 2 1 1 2 1 2 1 2 2 1 1 2 3 1 3 2 1 2 2 1 1 1 1 1 2 1 1 2 3 1 4 2 1 2 1 1 2 1 2 1 1 1 1 2 1 1 1 2 2 2 2 2 2 2 3 3 2 1 2 2 2 1 2 1 1 2 1 2 2 1 1 1 2 3 1 2 2 2 1 1 2 1 1 2 1 1 2 2 2 2 2 2 1 3 1 2 2 1 3 1 2 1 2 1 1 3 3 1 2 1 2 1 1 3 1 1 1 3 1 1 1 1 2 1 1 1 2 2 1 3 1 2 2 2 3 2 2 3 1 2 2 2 1 1 1 1 3 2 1 1 1 1 1 1 1 3 2 3 2 3 2 1 1 1 1 3 2 3 2 2 2 2 2 2 2 2 2 3 2 1 2 1 1 3 1 3 1 2 1 2 1 1 3 3 3 1 2 1 2 1 1 3 1 2 2 3 1 1 2 1 1 1 2 2 1 2 1 1 3 2 2 1 2 1 3 2 1 3 2 1 3 1 1 1 4 2 2 3 2 3 2 3 1 1 2 1 1 4 1 1 2 2 2 3 1 2 1 3 2 2 1 1 2 2 2 2 2 2 2 1 3 2 2 2 1 1 2 1 1 4 1 1 1 2 2 1 2 1 1 1 2 3 1 2 2 3 3 2 3 1 2 1 1 2 1 2 1 3 2 2 2 1 1 1 2 2 1 1 2 3 1 1 3 1 2 2 3 3 2 1 2 2 1 2 2 1 3 2 2 1 2 1 1 1 1 2 1 3 2 2 1 1 2 1 1 3 2 1 3 2 1 3 2 1 1 1 1 1 1 2 1 2 1 1 1 1 1 2 1 1 1 2 1 1 2 1 1 2 1 3 1 3 1 3 2 2 1 2 1 2 2 1 3 1 1 1 1 2 1 2 2 1 1 1 1 2 4 1 1 1 3 1 1 1 1 1 2 1 3 1 1 1 1 3 3 2 3 1 1 2 1 1 1 3 2 1 1 1 3 1 2 1 1 2 2 3 1 1 2 1 1 2 2 1 4 2 2 1 2 2 1 1 1 2 1 2 3 4 2 1 1 1 2 4 2 1 1 1 1 2 1 1 1 1 2 2 1 1 3 1 1 1 1 2 2 3 2 2 2 1 1 1 2 2 1 2 1 1 3 2 1 1 1 1 1 1 1 3 1 2 1 2 2 1 2 1 1 2 1 1 2 1 1 1 1 1 2 2 2 1 1 1 1 1 1 3 3 2 2 1 4 3 2 2 4 3 2 1 1 2 1 3 2 2 1 1 1 2 1 2 1 1 1 1 3 2 1 2 3 1 3 2 1 1 2 2 1 2 3 3 2 1 4 2 1 2 1 1 2 3 3 2 2 1 1 1 2 1 1 1 1 1 3 2 1 2 2 2 2 2 2 3 1 4 1 1 1 1 2 2 1 1 1 2 1 3 1 2 2 1 1 1 1 2 2 1 2 1 3 1 2 1 2 2 1 3 2 1 3 2 1 2 2 1 1 1 1 1 1 1 2 1 2 3 1 1 1 1 1 2 4 2 1 2 1 1 2 1 3 3 3 1 3 1 2 1 2 2 1 1 3 2 1 1 3 2 3 3 1 1 2 1 1 4 1 3 1 2 1 1 1 1 2 3 1 1 1 1 1 2 3 2 1 3 1 1 3 2 1 2 2 1 1 3 1 2 2 4 2 1 2 2 2 2 2 1 3 2 1 2 2 1 1 2 1 1 2 1 4 2 2 2 2 1 1 2 1 2 3 1 1 1 3 2 2 1 2 3 1 1 2 2 2 1 1 2 1 1 2 1 2 2 1 1 2 1 2 1 1 3 2 3 1 1 4 1 2 3 2 2 2 2 1 2 2 1 2 1 2 1 2 4 1 4 1 2 3 2 3 1 2 1 1 1 4 2 1 1 1 1 1 1 3 1 1 1 2 2 1 1 2 1 1 1 1 3 1 3 1 2 1 3 2 2 1 1 1 1 3 1 1 1 2 1 2 1 2 1 2 1 2 2 2 2 1 3 3 3 1 1 1 1 2 3 2 2 2 3 1 1 2 1 3 2 2 2 2 1 2 3 3 1 4 1 2 1 2 1 2 1 1 2 2 1 1 2 1 4 1 3 3 1 1 1 3 1 1 3 3 2 2 1 1 2 1 1 1 2 2 2 2 2 4 1 1 2 1 1 1 1 3 3 2 2 3 2 1 3 2 2 3 1 3 1 3 4 1 2 2 2 2 2 3 2 3 2 1 3 2 1 2 1 3 1 1 1 3 1 1 2 1 2 2 1 1 1 1 1 1 2 2 1 1 2 1 1 1 1 1 2 1 1 2 1 2 3 1 1 1 1 2 1 4 1 2 2 2 2 2 1 1 1 1 1 3 2 1 3 3 3 1 2 1 1 1 1 4 1 2 2 2 1 2 2 1 1 3 3 2 2 1 1 1 3 1 1 2 2 3 1 2 2 2 1 2 1 1 2 3 1 1 1 1 1 1 3 2 1 3 1 1 1 2 1 1 1 2 1 1 1 1 1 1 3 2 2 2 3 1 1 2 2 1 1 1 2 1 2 1 1 3 3 4 2 2 1 1 3 2 3 1 2 4 1 2 1 1 2 2 4 2 1 1 4 2 1 1 3 1 2 2 3 2 1 3 1 2 2 2 2 3 1 1 1 2 2 3 1 4 1 1 4 2 2 3 1 1 3 3 1 1 2 1 3 5 2 2 1 3 2 1 1 1 2 1 1 2 2 2 1 2 1 1 1 2 1 1 1 3 1 2 1 3 1 2 3 3 1 2 1 2 1 1 2 3 1 4 1 1 2 1 1 1 1 1 3 2 1 1 3 3 2 1 2 1 1 1 2 2 2 2 3 2 3 3 4 1 2 2 3 1 2 1 3 1 1 3 3 2 2 1 1 3 1 2 2 1 1 2 1 2 3 1 1 1 1 2 2 1 1 2 1 1 1 2 1 2 2 1 2 1 2 1 2 2 1 3 1 1 1 2 1 1 3 1 3 2 2 2 1 1 3 1 1 2 2 1 1 3 3 2 4 2 4 1 1 1 2 1 3 1 1 1 1 2 1 2 2 3 3 2 1 3 1 1 1 1 1 3 3 1 1 2 1 3 2 2 3 3 3 2 3 1 1 1 1 1 1 3 3 1 1 1 1 3 2 2 2 1 3 2 1 3 3 2 2 3 2 1 1 2 1 1 1 1 1 1 2 4 1 2 1 2 1 1 3 2 2 2 3 1 1 3 2 1 1 3 1 1 1 2 2 2 2 1 1 2 1 3 2 1 1 1 3 4 1 2 1 3 1 1 1 3 1 3 2 1 2 1 1 1 1 2 2 1 1 1 2 1 1 1 2 2 2 1 2 4 1 1 2 2 1 1 1 1 1 1 1 2 2 1 2 1 2 2 1 2 1 1 2 2 3 2 3 3 3 1 1 1 2 2 2 1 1 1 1 2 1 3 1 2 3 1 1 1 3 1 2 2 2 2 3 3 1 2 1 1 1 2 1 1 2 2 1 3 1 1 1 2 2 3 1 2 1 1 1 2 2 4 1 1 2 2 1 2 1 1 2 1 1 1 1 1 2 2 1 2 2 2 1 3 1 3 2 1 2 1 2 1 2 3 3 3 1 2 2 2 1 2 2 1 2 2 3 1 1 3 2 2 1 1 1 1 1 3 1 1 1 3 1 2 4 1 2 2 1 1 2 3 1 3 3 1 2 1 1 3 2 2 1 2 1 3 1 1 2 2 2 2 2 1 2 1 1 1 2 2 2 2 2 1 2 3 1 2 3 1 3 1 2 1 1 1 2 1 1 1 2 2 1 2 2 1 1 1 2 1 1 3 2 1 3 1 1 1 2 1 1 1 1 1 2 2 3 1 1 1 2 2 2 1 1 2 2 1 2 2 2 2 1 1 2 2 1 1 1 4 1 1 1 2 3 1 2 2 2 1 3 1 1 1 1 4 1 3 2 3 1 3 2 4 1 2 2 1 3 4 2 1 3 3 3 1 3 3 1 1 1 2 2 1 1 1 2 1 1 2 3 1 1 4 1 3 3 2 1 3 4 2 1 1 1 2 1 2 2 1 1 2 2 4 3 3 1 1 2 2 1 1 2 2 1 1 2 4 1 1 2 1 1 1 1 1 3 1 3 3 1 2 1 2 2 1 3 3 1 2 1 1 2 3 2 1 1 2 1 1 1 2 1 1 3 2 2 1 2 2 2 1 2 1 1 1 1 3 1 3 3 1 1 2 1 2 3 2 1 1 1 2 1 1 1 1 1 1 1 1 2 4 3 1 2 1 2 2 2 1 2 2 2 1 2 1 1 2 1 2 1 1 1 2 2 2 1 2 1 2 2 1 1 1 3 1 2 2 3 1 1 1 1 2 2 3 2 2 1 2 3 1 2 3 2 1 3 1 1 2 1 1 1 1 2 4 1 2 2 1 1 2 2 3 1 2 1 3 1 1 4 1 2 1 1 2 2 1 2 1 1 1 3 1 1 1 1 1 1 2 2 2 1 2 2 1 1 1 1 2 1 2 1 1 1 1 3 2 3 2 1 1 1 1 2 4 1 2 3 2 2 2 2 2 2 1 2 1 1 2 1 1 1 1 3 2 1 1 2 2 1 2 1 2 1 2 2 2 1 1 2 1 1 2 2 3 2 2 1 1 2 3 3 1 2 3 2 3 1 1 1 1 2 1 3 2 2 1 2 1 2 1 2 3 1 1 1 1 1 2 1 2 1 3 1 2 1 2 1 2 4 3 1 2 1 1 2 1 1 2 3 1 2 1 3 3 1 2 3 2 1 4 2 2 1 2 1 1 1 1 1 2 3 1 1 3 1 2 2 1 1 2 4 1 2 3 1 1 1 1 2 2 1 1 2 1 2 1 3 1 1 2 3 2 1 1 2 1 2 1 2 2 2 2 1 1 1 1 2 1 1 2 1 1 2 1 1 1 3 1 2 1 2 2 1 1 1 2 1 1 3 1 3 3 1 1 2 2 1 1 1 2 3 1 1 1 1 1 1 1 1 1 2 2 2 4 3 3 1 1 2 2 3 1 1 1 1 4 1 2 2 1 2 2 1 1 2 1 3 2 1 2 1 1 2 2 2 1 1 1 2 1 2 1 1 2 2 1 1 2 2 4 2 3 2 1 1 2 1 3 1 2 1 2 2 3 3 3 1 1 3 2 4 1 1 1 2 2 2 1 3 1 3 1 1 2 1 1 1 1 1 3 2 1 1 1 1 3 2 2 2 1 4 1 1 2 1 1 1 1 3 1 1 1 2 2 1 1 3 1 1 3 2 1 1 3 1 1 2 2 1 2 1 2 1 3 2 1 1 1 2 2 4 2 1 1 1 1 2 1 2 1 2 3 1 3 2 1 1 2 1 1 2 1 2 2 2 1 2 2 1 3 1 4 1 1 1 3 1 3 2 1 1 1 2 2 1 1 3 2 2 2 3 2 1 2 2 1 2 2 2 1 1 1 1 2 1 4 3 1 2 3 1 1 2 2 3 1 3 2 2 2 1 1 1 1 1 1 1 2 2 1 1 3 1 1 1 3 1 1 1 2 1 1 3 2 2 1 3 3 2 3 2 2 1 3 3 3 1 1 3 1 1 2 1 1 2 1 2 1 3 2 2 3 1 2 3 1 1 1 4 1 1 3 1 2 1 1 1 1 1 1 2 1 2 1 2 1 2 2 1 1 2 2 2 2 1 1 1 1 1 3 1 1 2 1 2 1 1 1 2 2 1 1 2 1 1 2 1 4 3 1 2 1 1 1 2 2 1 2 1 1 1 1 1 1 1 1 1 1 3 2 3 1 2 1 2 1 2 1 1 2 2 1 2 1 2 1 2 2 1 1 1 2 1 2 1 1 2 1 1 1 1 1 1 1 1 1 1 1 1 1 2 2 1 2 2 1 1 2 1 1 1 1 1 3 1 2 2 2 3 3 2 1 1 3 3 2 1 1 2 2 1 1 1 1 1 1 3 1 3 1 1 1 2 2 2 1 1 2 1 2 3 1 1 2 1 1 1 2 3 2 1 4 2 3 1 2 2 2 1 1 3 1 3 2 1 3 2 1 3 3 2 1 1 1 1 2 1 2 3 1 3 1 3 2 2 2 1 1 1 3 2 1 1 1 3 2 3 1 3 3 3 1 1 1 1 1 1 1 3 1 1 2 1 1 1 1 1 1 1 2 4 2 1 1 1 2 1 2 3 3 2 1 2 1 2 1 1 2 2 2 1 1 1 1 3 3 2 1 1 3 1 2 3 2 3 3 3 1 1 2 2 2 1 1 1 2 1 3 2 2 1 1 1 3 2 1 3 1 1 1 2 2 2 1 2 1 3 2 1 2 2 2 2 1 1 3 2 2 1 2 1 1 2 3 1 1 1 2 1 2 2 3 1 1 2 1 1 1 1 2 3 1 1 1 1 3 3 2 1 1 1 3 2 1 1 1 1 2 2 1 1 2 3 1 1 1 3 2 2 1 1 1 1 2 2 2 2 3 1 2 2 2 2 2 2 1 1 1 1 1 1 2 1 3 2 3 2 1 1 3 2 2 1 2 3 1 1 2 2 2 1 1 1 1 3 2 1 1 2 3 2 1 2 1 4 3 1 4 2 3 2 2 2 1 3 1 1 2 3 1 2 3 2 3 2 1 1 1 1 1 3 3 1 1 2 3 3 4 2 1 1 1 1 1 5 2 2 1 2 3 1 3 1 2 4 1 3 3 1 1 1 2 1 1 3 3 2 1 2 1 1 2 3 3 2 2 2 1 2 2 2 2 1 3 1 1 1 1 1 1 2 1 2 2 1 3 2 3 2 2 1 3 1 1 1 1 1 3 1 1 1 3 2 3 3 1 1 1 2 3 2 2 3 3 4 2 1 2 1 1 1 4 1 1 2 4 1 1 3 1 3 1 1 2 2 1 2 2 1 3 3 3 1 1 2 1 1 2 1 1 2 3 1 1 3 1 1 3 1 2 3 2 1 1 2 1 1 2 1 3 1 2 2 2 2 1 4 1 1 1 3 1 2 3 2 1 1 1 1 1 2 1 2 1 1 1 3 1 1 1 1 1 2 2 4 2 1 1 2 1 1 2 4 1 1 2 1 1 3 3 1 3 2 1 3 3 1 2 1 1 2 2 1 3 2 1 2 1 3 1 1 1 2 2 2 2 2 1 1 1 1 2 1 1 3 1 1 1 1 1 1 3 1 2 1 1 3 2 1 2 2 1 3 1 1 1 3 3 1 2 1 2 1 1 1 1 1 1 2 2 2 1 1 1 1 1 2 1 1 2 3 1 1 1 1 4 3 2 1 2 3 4 3 1 2 4 2 2 1 1 1 1 1 2 2 1 1 1 3 1 1 1 1 1 1 1 1 1 2 1 1 2 2 3 2 2 3 3 3 3 1 2 1 1 1 1 1 4 1 1 1 2 1 2 1 1 1 2 2 1 2 1 1 2 1 1 1 2 2 2 2 2 2 1 3 1 1 1 1 1 1 1 2 4 1 2 2 2 3 2 2 2 1 1 1 3 4 2 2 1 1 2 2 1 1 2 4 2 2 3 2 1 1 3 1 2 1 2 2 1 1 1 1 2 1 4 1 2 2 1 1 2 1 3 1 1 1 1 1 1 2 2 1 1 1 2 2 2 1 1 2 1 2 1 1 5 1 2 2 3 1 1 1 1 1 1 1 1 3 1 1 2 3 1 1 3 2 1 1 2 2 3 2 1 2 2 2 3 1 1 2 1 3 1 1 2 3 3 1 1 1 2 3 1 3 1 1 1 2 1 2 1 1 1 2 1 1 2 3 1 2 1 1 2 1 1 3 4 1 1 2 1 1 3 3 2 3 1 1 2 2 3 1 1 1 3 4 2 1 1 3 1 1 2 2 3 1 2 1 2 1 1 3 1 3 2 2 1 1 3 1 1 1 1 4 1 1 2 2 1 2 3 1 2 2 1 1 2 1 1 1 1 3 3 3 1 1 1 2 1 3 2 2 1 1 1 1 2 1 1 1 2 2 2 1 1 2 1 2 2 2 2 1 2 2 1 1 2 2 2 1 1 1 2 3 3 1 4 2 3 3 2 1 2 1 2 1 2 3 1 2 1 2 1 1 1 3 1 2 2 2 4 1 2 2 1 2 1 1 1 1 1 3 2 1 1 2 2 2 1 1 1 1 1 1 1 1 1 2 1 2 3 2 1 2 1 2 1 1 1 2 1 3 2 2 1 1 1 2 1 1 3 1 2 1 1 1 1 1 1 2 2 3 3 3 1 2 1 2 1 2 3 1 1 3 1 1 1 1 1 1 2 1 1 3 2 1 2 1 4 1 1 1 1 1 1 1 1 1 1 1 1 1 1 2 1 1 1 3 2 2 1 2 1 1 1 1 5 3 2 1 3 1 1 1 1 3 1 2 2 2 3 1 2 1 2 2 2 2 2 2 2 1 2 1 2 3 3 3 1 2 1 1 1 1 1 4 2 2 2 1 1 1 1 1 1 1 2 1 2 1 2 1 1 1 2 1 1 2 4 1 1 1 3 3 1 3 3 2 2 1 1 2 2 1 1 1 2 2 1 2 3 1 1 2 1 1 3 2 2 2 1 2 1 3 1 3 1 1 2 2 2 2 1 1 1 1 4 3 1 3 2 1 2 2 3 1 2 1 1 1 2 3 1 3 1 1 2 1 3 1 3 1 3 1 1 2 2 1 2 1 2 1 1 2 2 2 1 2 2 4 2 3 2 2 1 2 1 2 1 3 1 2 1 3 2 1 3 2 2 2 1 4 3 3 1 1 2 4 1 2 1 4 1 3 1 1 1 2 1 1 2 1 1 2 1 1 1 3 1 1 2 2 1 1 1 2 1 1 1 1 2 3 3 1 1 1 3 2 3 3 1 2 3 1 3 1 4 1 1 1 1 1 2 1 2 1 1 3 3 2 1 3 2 1 1 3 1 1 1 1 2 2 1 3 1 1 1 2 2 1 3 1 1 1 3 2 1 2 3 1 1 1 3 3 1 1 1 1 2 1 1 1 2 2 2 2 3 1 2 1 1 1 3 2 1 1 1 1 1 1 1 1 3 3 3 2 2 1 1 2 1 2 1 2 3 1 1 2 3 3 1 1 1 3 2 2 2 3 1 1 2 1 2 1 3 2 1 1 1 1 1 1 2 1 1 2 2 1 3 1 1 3 1 1 1 1 2 1 2 2 2 3 1 1 3 1 3 1 2 3 3 1 2 2 1 2 1 1 4 2 2 2 3 2 2 2 1 2 2 3 1 2 3 3 1 3 1 1 2 3 1 2 3 1 2 1 2 2 3 3 1 3 3 1 3 1 2 3 1 2 2 2 1 1 1 2 
