m 1800
2 1324 1701 
3 304 1418 1448 
0 
2 391 1721 
0 
6 53 848 1010 1461 1620 1734 
3 677 1001 1241 
2 230 353 
3 468 932 1445 
2 723 804 
3 27 867 984 
5 18 314 399 790 841 
2 465 1090 
1 120 
1 618 
3 980 1529 1538 
4 127 268 953 1574 
3 402 675 898 
5 11 314 590 896 1364 
3 628 1032 1361 
2 767 1653 
0 
1 1034 
1 1769 
2 240 294 
2 645 1512 
1 517 
5 10 215 565 656 1047 
3 797 835 1634 
3 725 1018 1357 
1 813 
4 973 1373 1470 1687 
1 1215 
4 460 553 699 1055 
3 49 952 1400 
1 1777 
8 556 851 905 915 1370 1511 1608 1798 
0 
3 885 1387 1657 
2 676 844 
3 757 870 1480 
2 593 716 
2 1142 1275 
3 341 838 1744 
1 1714 
4 974 1152 1251 1332 
2 551 1202 
3 996 1003 1670 
1 900 
1 34 
2 496 1527 
3 533 605 1656 
3 531 650 780 
4 5 92 335 486 
5 479 508 591 783 1761 
1 1796 
2 137 1779 
0 
2 799 1176 
2 60 1162 
5 59 313 693 1203 1328 
2 845 935 
2 1020 1762 
2 873 1311 
0 
2 180 857 
2 114 1158 
1 202 
1 659 
3 912 1094 1246 
3 729 1073 1296 
1 1371 
3 359 1509 1603 
2 752 925 
1 310 
4 765 1170 1467 1672 
0 
4 438 954 1450 1636 
1 527 
1 478 
2 508 1508 
1 1273 
3 963 1466 1755 
3 454 744 997 
4 366 527 991 1654 
5 294 776 798 1340 1727 
4 283 325 364 1317 
1 860 
2 735 1396 
0 
2 1037 1774 
0 
2 53 763 
3 250 1236 1370 
3 724 1040 1491 
3 423 1366 1739 
1 913 
3 317 362 1567 
1 1363 
2 458 758 
2 823 1663 
2 1725 1749 
2 108 1755 
0 
1 1006 
1 392 
0 
0 
2 102 566 
3 383 465 960 
3 252 677 954 
4 123 1064 1298 1627 
3 1217 1769 1774 
2 732 1339 
3 66 812 1204 
3 428 1418 1685 
6 187 239 565 794 1033 1153 
4 595 787 805 1762 
1 1756 
2 449 1591 
9 13 197 325 373 396 516 710 747 933 
1 247 
2 511 1716 
3 111 617 1472 
0 
1 1436 
1 1678 
4 16 703 958 1579 
4 565 1038 1124 1210 
0 
2 293 688 
3 406 495 1701 
1 1633 
1 1233 
1 1100 
1 947 
0 
3 56 366 1260 
3 651 776 1100 
0 
3 386 551 1572 
2 634 690 
1 1159 
5 204 662 921 1576 1751 
3 622 967 1369 
1 1727 
3 188 597 1436 
1 1435 
5 300 473 508 843 1566 
1 1422 
1 1721 
3 930 1029 1530 
4 169 239 429 676 
6 682 684 753 1029 1047 1217 
4 263 472 1111 1584 
5 168 343 393 607 1537 
2 342 710 
1 203 
2 1373 1388 
4 362 564 711 1619 
1 426 
4 568 908 1427 1604 
4 703 753 935 1699 
2 1190 1719 
1 1676 
1 1009 
0 
2 550 732 
6 155 487 946 1063 1233 1422 
4 152 228 915 1481 
1 416 
0 
0 
4 665 849 1121 1429 
1 335 
3 651 670 818 
0 
1 1799 
2 1325 1442 
3 331 808 830 
3 65 917 1460 
0 
3 764 1118 1456 
2 447 520 
2 695 1374 
1 1199 
5 459 911 969 1351 1557 
2 116 329 
5 146 337 374 918 1709 
0 
2 415 1798 
1 1698 
2 432 1312 
0 
3 980 1343 1566 
1 732 
2 416 1708 
7 120 473 573 595 726 1533 1609 
3 948 1090 1682 
1 1219 
0 
5 369 418 736 932 1322 
1 67 
3 157 442 526 
1 143 
0 
1 1060 
5 223 325 851 969 1738 
3 938 953 1784 
2 1074 1452 
2 220 1220 
3 274 1343 1383 
1 1185 
1 334 
2 1544 1576 
3 27 1118 1241 
0 
1 1705 
3 548 1383 1568 
2 1242 1277 
2 210 677 
2 1187 1212 
0 
2 207 489 
1 1028 
3 631 1449 1492 
3 234 434 1018 
2 1181 1564 
2 169 652 
0 
3 7 1324 1767 
4 827 1132 1287 1696 
0 
0 
4 226 424 644 684 
5 610 892 988 1150 1660 
2 1333 1341 
2 591 816 
2 431 901 
2 116 152 
3 24 386 600 
1 873 
4 285 650 1158 1536 
2 724 1354 
3 1018 1353 1670 
1 854 
3 788 1223 1443 
6 121 299 312 454 693 1469 
1 822 
4 652 1090 1466 1628 
2 93 1245 
2 476 1375 
3 110 1094 1315 
1 1730 
2 1724 1728 
0 
5 601 661 785 853 974 
1 1491 
4 720 1409 1519 1697 
1 532 
2 695 1279 
2 420 1615 
2 697 1749 
1 154 
3 362 797 1784 
2 1467 1768 
0 
6 711 812 1158 1275 1353 1718 
2 16 374 
1 534 
3 425 1091 1152 
5 448 646 943 1040 1703 
5 645 1227 1335 1761 1780 
3 288 1091 1438 
4 211 283 681 1004 
2 927 1133 
1 1436 
2 669 1642 
2 928 1588 
4 691 1341 1585 1796 
1 1632 
2 587 993 
2 918 1152 
2 86 274 
1 931 
2 242 908 
2 865 1439 
4 629 1587 1681 1752 
4 273 627 950 1666 
2 608 1769 
2 926 1652 
0 
1 990 
4 130 659 1033 1418 
7 24 85 377 394 531 1222 1748 
1 345 
3 300 681 770 
1 940 
2 604 882 
1 247 
5 148 296 386 707 1196 
0 
4 535 1223 1624 1673 
1 322 
4 1 470 850 1206 
5 1091 1287 1299 1355 1565 
4 480 574 601 1777 
1 1157 
1 953 
2 457 1591 
4 74 427 949 1073 
3 344 873 904 
3 247 489 793 
4 60 521 1124 1181 
2 11 18 
4 410 1630 1699 1769 
3 803 1116 1333 
7 97 501 645 688 811 959 1074 
0 
1 1617 
1 1639 
2 1240 1377 
2 303 1285 
0 
1 1646 
7 86 120 207 866 1420 1457 1617 
4 353 433 528 935 
1 1389 
1 351 
4 187 1107 1609 1631 
2 470 629 
6 179 899 1017 1171 1602 1659 
3 874 1075 1537 
2 1566 1676 
3 213 1491 1677 
3 53 174 577 
3 545 1082 1323 
3 188 1018 1141 
2 608 1509 
2 506 1064 
2 1378 1454 
6 43 495 715 839 1269 1611 
2 156 1030 
5 155 510 599 641 1223 
3 311 398 1580 
4 295 467 574 1318 
2 1139 1687 
1 1039 
1 1122 
1 947 
3 424 1182 1532 
3 328 457 1661 
2 894 988 
5 7 326 492 803 1159 
1 1450 
0 
0 
0 
1 1461 
2 72 567 
0 
0 
4 97 159 264 769 
3 364 945 1065 
2 86 363 
0 
3 84 137 866 
1 1793 
1 871 
2 201 701 
4 919 1232 1422 1658 
2 1254 1492 
3 380 388 510 
3 120 870 1087 
3 188 268 877 
2 1170 1614 
3 439 704 1724 
4 294 643 800 926 
4 392 619 846 1746 
2 951 1060 
4 372 1376 1462 1744 
1 1443 
1 729 
3 109 1243 1632 
1 1484 
1 1596 
6 140 240 300 730 915 1765 
2 633 1494 
4 372 795 990 1019 
0 
2 706 1504 
1 3 
3 105 378 1019 
3 155 1459 1474 
4 294 511 1155 1598 
4 418 942 1181 1209 
2 120 997 
0 
2 344 1447 
4 11 866 909 1159 
1 569 
4 430 628 1210 1696 
6 17 472 507 708 1584 1641 
1 1738 
3 1071 1251 1346 
1 454 
2 131 723 
0 
2 531 1651 
3 502 1294 1526 
4 315 415 634 1122 
1 698 
2 1047 1073 
0 
2 708 1512 
2 190 410 
4 170 196 960 1035 
1 662 
3 201 395 694 
2 562 968 
4 261 610 766 1465 
1 725 
1 1525 
4 95 564 1075 1108 
3 234 350 1392 
1 270 
4 160 508 1285 1346 
3 310 1470 1787 
1 115 
1 152 
1 401 
1 238 
3 192 506 1179 
2 326 921 
1 226 
4 630 791 918 1397 
2 753 1457 
4 464 561 763 1068 
3 77 956 1683 
1 376 
1 1471 
2 621 1498 
4 203 998 1306 1330 
4 461 715 1130 1610 
2 506 535 
2 1176 1304 
3 971 1253 1478 
2 183 1641 
3 271 1118 1564 
6 119 882 1155 1620 1663 1670 
1 675 
6 569 1136 1252 1343 1394 1410 
3 1154 1332 1523 
2 668 1034 
3 83 247 405 
3 1162 1439 1769 
1 1075 
3 309 351 1073 
5 99 605 1265 1341 1703 
1 186 
2 33 539 
1 443 
3 969 1109 1683 
2 615 714 
2 437 1397 
2 12 109 
0 
3 345 804 1460 
2 8 1253 
1 1377 
3 304 330 1779 
0 
5 154 402 699 822 836 
3 148 197 1263 
1 876 
0 
4 251 653 972 1072 
2 1046 1531 
4 79 837 1171 1177 
2 54 1554 
3 306 905 1158 
0 
0 
2 528 1790 
0 
4 628 926 1127 1329 
3 53 615 955 
4 168 531 1168 1189 
1 771 
6 223 312 1052 1299 1621 1739 
1 1198 
2 1293 1568 
6 353 648 725 1001 1635 1688 
3 1065 1181 1188 
1 1525 
4 131 341 532 1772 
3 50 497 621 
5 496 556 642 1007 1269 
2 531 640 
0 
2 1352 1460 
3 317 588 1799 
3 409 626 1587 
5 773 947 1317 1714 1758 
1 842 
0 
3 339 432 444 
2 402 1229 
5 54 80 148 426 1659 
2 1449 1613 
5 343 372 861 977 1717 
4 122 394 1022 1287 
4 619 787 1149 1427 
2 812 1014 
7 554 610 631 756 1282 1343 1563 
1 846 
2 120 1505 
1 26 
3 642 968 1680 
0 
2 183 1657 
2 313 1653 
2 1462 1625 
4 701 798 810 976 
1 1607 
3 1182 1402 1472 
2 203 1114 
2 78 84 
2 326 483 
1 1501 
0 
8 52 294 408 487 498 559 1103 1562 
3 259 495 1129 
5 51 597 906 1359 1598 
1 269 
2 302 444 
1 703 
2 792 1279 
3 857 1019 1262 
2 460 959 
0 
1 734 
2 605 885 
3 920 1125 1734 
1 1350 
2 336 552 
2 1373 1749 
0 
1 218 
2 642 1205 
2 167 1346 
5 46 140 1154 1632 1792 
1 545 
2 33 864 
1 514 
4 737 1295 1388 1553 
3 36 497 997 
0 
2 1075 1251 
2 531 1011 
2 1258 1433 
3 437 1354 1738 
2 419 1546 
0 
2 159 423 
4 27 116 128 1614 
2 108 1494 
4 359 596 922 1028 
2 161 1156 
4 400 451 964 1734 
1 1683 
1 573 
3 785 1486 1518 
2 197 571 
3 306 345 1331 
0 
2 676 1186 
2 335 663 
3 840 1462 1656 
2 670 895 
2 694 1401 
1 1329 
4 1175 1381 1428 1509 
4 1197 1201 1647 1749 
5 589 913 926 1574 1595 
1 628 
0 
3 281 1183 1361 
4 501 1032 1171 1775 
1 584 
7 18 605 950 1240 1428 1436 1675 
4 54 237 674 1248 
2 776 1068 
2 41 1421 
2 809 1053 
4 117 197 664 1400 
4 567 1018 1214 1678 
3 146 533 722 
0 
1 343 
1 240 
2 256 306 
1 1648 
0 
2 298 1546 
5 51 458 542 590 1250 
1 1484 
2 155 1125 
4 289 338 1521 1680 
3 1098 1460 1778 
5 235 420 514 617 1543 
1 1053 
4 703 794 1089 1578 
3 1482 1550 1688 
1 1610 
3 463 486 1576 
5 689 1079 1136 1216 1279 
4 123 610 1265 1361 
1 14 
4 378 512 1097 1667 
2 1447 1467 
2 441 496 
2 144 1516 
1 716 
1 1176 
2 990 1660 
2 502 1373 
1 288 
5 19 401 485 585 1174 
3 287 330 1451 
3 435 820 901 
4 225 514 787 1123 
1 1399 
4 387 763 827 1090 
2 141 410 
1 683 
0 
3 959 1330 1661 
2 1081 1534 
1 1563 
5 498 939 1050 1379 1415 
3 343 1256 1594 
3 497 518 549 
4 377 766 852 1491 
2 234 1547 
5 25 272 317 1102 1208 
5 271 978 1168 1243 1593 
3 697 742 1012 
3 492 1019 1799 
1 867 
6 52 242 740 852 1181 1595 
3 138 175 1064 
4 228 249 964 1425 
2 476 830 
1 1754 
2 1117 1445 
1 27 
0 
0 
3 68 293 969 
1 1176 
4 256 906 929 1127 
4 143 417 1248 1369 
5 577 698 916 951 1058 
1 595 
4 173 800 1546 1640 
0 
0 
2 453 825 
1 277 
3 175 579 848 
2 897 1146 
2 1248 1426 
0 
2 591 734 
5 17 450 1311 1313 1424 
6 39 152 576 1002 1286 1737 
6 6 110 220 1171 1470 1609 
0 
1 890 
0 
3 274 296 1238 
4 153 834 934 1500 
1 635 
4 153 234 814 1114 
0 
0 
3 824 1076 1253 
5 130 317 867 1506 1721 
3 616 1272 1483 
1 141 
3 279 1186 1279 
5 785 894 968 1329 1742 
3 60 247 1589 
3 418 580 1605 
3 184 260 1476 
1 948 
4 262 647 1243 1434 
3 411 663 1543 
3 33 472 1393 
5 734 930 981 1245 1250 
4 369 523 913 1521 
1 1556 
8 127 162 536 612 999 1314 1601 1609 
2 376 1511 
1 1013 
4 390 794 1034 1241 
3 300 759 1179 
4 402 414 777 981 
1 759 
2 120 156 
5 159 267 862 1263 1362 
0 
1 1087 
2 463 1397 
3 341 443 1464 
4 41 623 1224 1519 
2 1316 1695 
3 1295 1538 1647 
1 1165 
5 258 1039 1477 1502 1578 
5 1103 1282 1534 1548 1637 
2 597 1515 
2 9 406 
3 94 243 939 
3 29 421 492 
1 197 
4 1042 1289 1445 1554 
2 909 1594 
3 70 382 1501 
5 386 760 861 1023 1068 
0 
4 113 167 195 1131 
2 746 971 
4 541 674 700 1498 
1 88 
3 201 1155 1393 
2 555 1593 
1 1561 
2 1333 1693 
1 650 
4 961 1158 1416 1446 
2 647 879 
3 1296 1366 1581 
2 83 1390 
0 
2 733 873 
3 120 1397 1740 
2 760 1315 
2 800 1145 
0 
0 
1 73 
5 153 162 436 1467 1693 
1 1097 
1 961 
3 514 1021 1572 
2 40 1596 
2 99 1707 
4 707 709 1362 1716 
3 730 748 1776 
3 841 1133 1299 
0 
4 92 437 633 1167 
3 182 1252 1442 
1 75 
4 420 643 1131 1515 
3 20 827 1086 
1 1234 
2 362 1709 
3 296 1591 1645 
2 488 1044 
2 934 1047 
1 503 
2 1505 1760 
3 1120 1661 1745 
5 85 138 592 951 1336 
2 708 814 
2 1611 1763 
2 1342 1437 
1 52 
1 1163 
3 1206 1449 1678 
2 54 1459 
2 1394 1532 
4 256 572 692 1490 
2 824 1355 
6 117 512 631 1201 1712 1727 
4 246 882 1394 1680 
2 1103 1643 
4 11 1331 1740 1759 
1 435 
3 537 1133 1200 
2 312 1254 
5 116 612 706 973 1042 
2 388 1143 
3 1467 1568 1655 
3 28 264 822 
4 85 523 1297 1561 
3 58 1398 1436 
6 377 665 749 920 1114 1141 
1 1524 
4 1399 1400 1583 1598 
5 316 353 1101 1284 1394 
4 9 467 1340 1567 
4 117 1143 1304 1468 
3 996 1112 1663 
2 1169 1429 
1 179 
2 594 1178 
1 523 
2 317 1102 
5 114 267 513 1162 1678 
1 30 
3 684 777 1065 
2 1080 1394 
3 237 1144 1353 
1 1573 
5 175 820 1024 1078 1755 
1 1346 
3 630 818 989 
2 1370 1408 
3 248 472 797 
3 100 886 1374 
4 687 786 1348 1699 
2 668 1091 
2 1234 1708 
3 231 633 767 
2 924 1556 
2 1130 1391 
3 179 653 1099 
0 
2 1149 1221 
0 
3 682 875 1378 
2 28 1176 
3 472 1424 1641 
1 478 
2 43 1728 
2 341 1267 
1 578 
2 11 761 
2 504 909 
1 148 
3 39 1056 1366 
2 61 905 
5 378 515 1005 1029 1626 
1 1717 
2 5 670 
1 173 
2 304 1358 
2 36 207 
4 643 650 1520 1574 
2 256 1098 
5 245 877 1001 1504 1548 
1 1329 
2 949 1343 
3 65 538 1755 
0 
2 1165 1450 
2 87 885 
3 510 730 1345 
2 711 1471 
1 1097 
1 553 
4 286 1338 1625 1647 
5 325 366 399 1327 1616 
3 10 649 688 
1 1091 
2 1164 1385 
4 40 373 976 1457 
2 368 897 
1 1494 
6 63 241 311 746 1217 1715 
1 332 
1 834 
2 474 1485 
2 374 854 
0 
4 742 1020 1207 1460 
1 897 
1 1660 
3 298 449 788 
1 1480 
2 956 1149 
3 38 542 860 
1 823 
1 1575 
1 1621 
2 1119 1717 
1 679 
0 
3 235 1546 1730 
2 1091 1763 
5 352 692 1138 1266 1327 
4 579 1142 1453 1618 
3 18 1199 1584 
3 671 871 880 
2 17 1781 
1 331 
2 48 1354 
2 238 630 
2 996 1790 
2 1058 1061 
2 311 960 
4 36 480 845 1542 
4 533 661 1391 1646 
1 1496 
3 161 285 1033 
3 399 728 842 
0 
4 186 1006 1602 1734 
2 69 1625 
3 96 584 701 
1 1438 
3 36 169 386 
3 663 1234 1630 
1 180 
3 188 282 435 
4 370 1212 1305 1492 
3 543 800 1798 
6 143 433 1204 1211 1215 1680 
4 567 980 1114 1644 
1 1715 
2 828 1266 
3 73 1584 1592 
6 290 377 485 584 949 1260 
2 275 1158 
2 278 1316 
4 661 1159 1189 1652 
3 151 700 1186 
3 284 1360 1749 
5 8 201 965 1080 1511 
5 120 964 1456 1458 1470 
3 682 772 1213 
3 61 162 326 
1 1123 
0 
1 208 
3 640 724 1494 
3 297 1088 1762 
3 1234 1288 1377 
1 395 
4 271 1012 1251 1396 
0 
2 363 1177 
3 168 1409 1509 
4 135 349 503 1077 
5 198 696 982 1266 1651 
4 310 856 926 1572 
3 288 590 1039 
4 379 663 776 1307 
1 34 
4 16 208 308 1082 
5 77 110 998 1346 1504 
1 486 
3 438 884 1638 
3 1284 1482 1545 
1 127 
3 317 539 637 
4 109 416 904 1383 
3 741 755 1576 
2 1131 1132 
2 82 1674 
3 569 652 933 
1 932 
2 1577 1615 
1 144 
3 419 518 692 
5 186 207 462 659 1265 
2 1190 1744 
2 446 733 
2 476 1541 
2 31 794 
3 45 256 1222 
2 1178 1333 
4 523 870 1378 1551 
1 510 
2 646 1096 
0 
4 15 194 922 1044 
2 700 708 
5 948 1003 1042 1047 1603 
1 1150 
2 10 1139 
1 1414 
0 
3 1075 1449 1579 
2 235 352 
2 820 1645 
3 292 388 625 
3 84 1416 1572 
1 1535 
1 281 
1 1676 
0 
4 47 806 902 1483 
3 83 396 556 
2 442 954 
2 703 1643 
2 1265 1529 
4 6 492 854 1014 
2 676 1347 
2 47 982 
3 274 1386 1547 
2 846 1686 
2 104 911 
2 497 1087 
1 1331 
3 165 1079 1603 
2 5 1653 
2 559 1523 
6 647 943 1070 1219 1223 1263 
2 705 1053 
4 513 1001 1227 1312 
0 
0 
1 331 
7 29 226 244 337 596 1524 1633 
8 388 392 538 648 1203 1440 1577 1582 
3 62 879 1274 
3 756 1110 1397 
1 511 
2 730 1161 
3 818 1383 1539 
1 1197 
2 1200 1367 
1 1181 
5 224 567 1230 1439 1731 
4 151 153 846 1703 
2 342 1529 
0 
3 19 588 1145 
3 116 293 908 
4 22 453 706 1278 
1 416 
0 
2 90 1587 
1 128 
4 347 720 950 1346 
4 94 271 1248 1288 
0 
3 727 794 982 
2 1591 1745 
3 771 980 1719 
1 1730 
1 477 
5 27 153 412 772 982 
2 1119 1333 
3 1055 1497 1512 
1 640 
0 
1 489 
3 594 611 1013 
2 1091 1666 
3 33 1049 1762 
1 844 
1 1169 
4 663 903 1661 1736 
1 1296 
2 206 379 
2 903 1443 
0 
1 168 
5 111 339 651 1376 1641 
4 363 493 814 1448 
0 
0 
4 437 592 730 1255 
2 1113 1569 
1 1012 
1 404 
3 476 1151 1567 
7 70 310 412 457 1314 1483 1583 
5 209 317 1189 1374 1649 
5 332 423 456 558 987 
2 687 1444 
1 947 
4 818 1113 1494 1515 
3 616 1009 1682 
3 815 932 1196 
2 638 1320 
3 336 953 1723 
2 1447 1787 
1 1701 
0 
4 767 1197 1671 1722 
4 373 713 1007 1589 
2 940 1629 
2 612 1270 
6 12 198 249 633 1176 1628 
8 270 273 305 825 868 893 1054 1197 
0 
1 1576 
2 69 252 
0 
3 978 1245 1518 
4 619 754 863 1410 
2 609 853 
1 830 
2 134 138 
1 803 
4 645 811 1631 1666 
3 531 721 789 
1 1316 
3 1507 1662 1717 
0 
1 329 
2 423 1379 
1 462 
3 1021 1321 1477 
1 154 
2 806 1555 
3 1069 1078 1191 
4 526 684 800 922 
1 1549 
1 316 
3 655 1612 1767 
5 182 215 448 1494 1633 
2 889 1048 
1 775 
2 173 1573 
4 348 410 1242 1484 
4 631 936 1699 1716 
2 128 313 
2 543 607 
1 1551 
3 485 661 1629 
0 
1 532 
5 443 829 1318 1384 1570 
3 732 766 962 
4 231 962 1231 1790 
4 275 761 792 1245 
1 1367 
1 1450 
2 451 616 
2 1425 1679 
4 894 1425 1588 1679 
2 346 984 
0 
2 337 800 
4 42 895 1578 1584 
2 795 805 
2 816 1248 
3 749 1032 1285 
2 671 1159 
1 1766 
0 
4 512 832 884 1284 
2 235 983 
1 1072 
4 45 270 282 1546 
1 116 
3 452 551 1161 
5 394 449 736 1358 1455 
2 568 1576 
2 307 1531 
9 66 242 267 480 741 927 1619 1634 1704 
5 142 353 399 929 1146 
2 1602 1612 
4 1023 1154 1197 1772 
5 59 455 812 1330 1406 
2 781 1267 
3 869 1626 1712 
2 719 859 
0 
1 763 
2 487 646 
2 807 1057 
3 75 375 1566 
5 331 478 588 677 1288 
1 1452 
1 1358 
3 628 1269 1295 
1 582 
7 58 445 624 660 835 1090 1694 
3 478 945 1661 
3 809 975 1561 
3 432 707 1326 
1 1299 
7 227 313 395 493 650 1027 1225 
5 350 525 1183 1368 1798 
2 587 1182 
2 1322 1686 
3 212 1327 1756 
4 576 691 930 1534 
1 221 
1 493 
3 487 929 1074 
2 163 970 
2 1113 1794 
0 
1 1254 
1 1660 
0 
2 300 1080 
5 583 1025 1086 1091 1161 
1 490 
2 185 896 
3 792 1026 1736 
3 583 787 1555 
2 46 1287 
3 60 1019 1574 
4 114 921 1436 1566 
2 549 1574 
3 304 782 1767 
4 879 1453 1531 1539 
2 645 1690 
3 395 1535 1797 
3 128 401 1221 
1 921 
2 221 919 
2 934 1492 
2 596 1665 
3 32 921 1298 
2 616 1723 
3 112 153 873 
0 
2 199 1012 
2 210 1605 
3 832 1210 1437 
4 294 974 1376 1422 
5 246 302 343 1012 1788 
2 716 1444 
1 1181 
0 
5 272 1014 1270 1706 1739 
1 1766 
5 507 1321 1477 1666 1797 
2 1028 1664 
3 1132 1312 1729 
1 370 
2 133 168 
4 768 826 916 941 
0 
2 93 1257 
1 1794 
1 681 
1 1644 
3 321 590 1446 
3 6 215 706 
2 219 1122 
4 383 646 697 1784 
0 
6 250 700 1096 1133 1475 1772 
1 69 
0 
5 591 662 672 1040 1144 
1 1381 
2 605 700 
4 45 404 558 943 
3 451 764 1403 
5 446 468 687 1276 1342 
3 371 793 1193 
1 1068 
2 641 1503 
2 1236 1645 
1 560 
3 1393 1598 1768 
2 137 926 
2 1408 1531 
1 538 
4 473 711 1012 1504 
0 
5 458 617 969 1000 1498 
5 894 924 948 1418 1503 
3 839 1163 1426 
1 1488 
3 341 497 1174 
3 1089 1227 1322 
0 
2 689 1278 
1 81 
3 1020 1295 1489 
2 42 267 
1 1253 
2 219 1556 
3 1034 1272 1621 
5 260 537 616 691 1619 
1 1314 
2 1560 1565 
4 514 721 1708 1721 
0 
5 803 957 1149 1323 1338 
3 322 426 1145 
1 676 
5 231 305 511 1202 1488 
3 941 1040 1171 
1 727 
2 1495 1516 
0 
1 1617 
1 491 
2 409 1524 
5 555 718 1174 1274 1464 
4 70 743 1059 1435 
3 798 1396 1453 
2 111 1215 
5 305 489 761 1180 1734 
1 1448 
1 1470 
0 
0 
3 445 805 1733 
1 919 
1 442 
2 951 1767 
0 
1 1664 
0 
2 63 675 
3 192 1014 1231 
2 675 1767 
4 703 1073 1280 1639 
3 252 748 1688 
3 717 928 1104 
2 86 503 
3 345 1130 1625 
0 
1 1081 
2 1110 1229 
6 201 1184 1270 1403 1490 1786 
3 336 1284 1682 
2 0 230 
1 178 
2 1179 1424 
3 866 894 1185 
1 60 
4 485 581 692 855 
3 442 637 1162 
4 574 790 1008 1767 
2 45 452 
6 236 316 739 975 1048 1468 
1 1689 
1 272 
3 776 1554 1600 
0 
3 865 1284 1539 
3 113 1524 1654 
3 85 804 1503 
3 236 279 458 
3 779 1253 1664 
6 194 211 451 514 856 1721 
1 1456 
2 861 1691 
7 404 426 550 819 954 1039 1706 
2 1002 1762 
1 824 
1 1657 
1 544 
1 186 
1 500 
4 244 267 816 1429 
3 243 561 900 
2 305 786 
0 
1 29 
5 850 1155 1173 1449 1770 
1 533 
1 931 
4 19 587 617 1708 
3 711 759 1631 
2 98 1530 
3 18 1542 1794 
1 1457 
3 95 743 844 
3 1026 1134 1521 
2 1182 1506 
2 144 662 
4 36 93 821 1482 
1 71 
0 
4 31 158 546 626 
4 184 823 1074 1457 
4 251 1461 1680 1781 
4 380 1064 1222 1442 
4 321 469 941 1543 
4 340 834 976 1454 
2 640 1108 
1 1668 
2 582 1249 
0 
5 211 218 960 1024 1661 
3 1130 1437 1572 
1 869 
2 1004 1799 
1 38 
2 158 555 
1 327 
2 744 1590 
4 829 906 1478 1551 
1 424 
4 699 736 1259 1613 
8 451 784 788 803 815 1413 1556 1686 
1 1757 
3 88 943 1297 
5 435 464 714 747 1021 
1 799 
3 632 802 1783 
5 34 595 802 1487 1630 
1 580 
1 525 
2 1252 1322 
0 
1 1537 
1 1162 
1 1692 
2 821 1261 
2 258 946 
3 451 1097 1507 
0 
1 1723 
1 1394 
1 985 
3 640 1493 1533 
2 741 991 
2 1769 1770 
5 1 115 293 1266 1649 
0 
3 325 1427 1764 
1 593 
5 149 168 370 1222 1731 
0 
4 675 836 1326 1537 
4 652 1137 1138 1669 
2 672 1267 
3 161 512 1420 
2 582 590 
4 173 807 1353 1712 
0 
0 
0 
1 560 
2 697 1662 
4 147 1296 1565 1607 
6 125 146 276 590 799 1204 
4 779 1221 1384 1537 
2 273 914 
4 286 455 1028 1559 
1 1019 
0 
3 178 764 1376 
4 246 381 1061 1451 
2 1076 1224 
3 8 655 727 
2 741 1240 
3 398 620 1083 
4 1 1065 1300 1467 
5 225 509 782 987 1358 
4 77 354 859 1135 
3 629 1443 1522 
3 209 1172 1646 
4 895 1207 1297 1567 
2 340 1378 
1 1155 
4 182 933 1344 1530 
5 325 436 870 1365 1374 
2 933 1707 
3 393 783 1693 
5 180 467 500 609 879 
3 5 358 1375 
4 380 522 578 1471 
0 
3 715 1295 1600 
1 420 
2 82 249 
6 75 265 620 753 796 1448 
2 805 1333 
2 247 1695 
5 31 427 677 933 1301 
4 440 862 1462 1569 
3 123 525 1525 
0 
1 393 
1 1245 
3 695 1593 1773 
3 720 1110 1229 
2 446 1391 
0 
4 40 883 1653 1657 
1 169 
4 613 957 1370 1643 
4 689 996 1073 1592 
3 384 606 1122 
1 876 
1 572 
4 1400 1555 1585 1613 
3 1268 1287 1683 
2 1274 1695 
3 785 1322 1649 
4 94 257 334 643 
4 225 371 919 1213 
3 1415 1583 1773 
6 387 566 872 939 1078 1118 
2 1290 1534 
2 907 1497 
2 1049 1496 
3 441 734 1265 
1 1788 
1 682 
2 529 729 
1 720 
3 1256 1266 1340 
5 390 854 954 1263 1716 
2 516 774 
2 688 1368 
3 1105 1410 1522 
1 80 
4 72 338 582 946 
0 
3 36 704 932 
3 25 414 1049 
0 
0 
3 722 766 1078 
2 622 1290 
0 
2 572 1096 
3 258 716 1677 
2 852 1590 
4 608 701 1367 1549 
4 1451 1507 1615 1624 
2 452 1011 
4 801 1018 1294 1339 
3 422 494 1472 
1 409 
1 50 
0 
3 15 1000 1030 
4 151 1363 1456 1773 
4 477 1157 1207 1261 
2 350 784 
2 197 1415 
4 638 721 1186 1495 
2 992 1209 
1 242 
5 155 332 1405 1424 1437 
2 15 718 
3 1024 1207 1338 
1 1758 
1 972 
3 905 1364 1637 
4 610 698 1377 1772 
2 214 1628 
1 957 
5 562 604 665 892 1152 
4 644 1004 1748 1776 
2 721 854 
3 1115 1521 1759 
1 613 
3 976 1126 1391 
1 1694 
1 555 
3 479 727 1336 
3 1112 1201 1487 
4 702 828 1277 1394 
1 186 
0 
1 1439 
1 1281 
3 738 798 1178 
1 531 
2 514 639 
2 227 448 
3 305 1281 1435 
5 148 194 333 1170 1204 
4 97 804 1072 1453 
3 218 491 796 
2 1069 1471 
1 1130 
1 1607 
6 140 756 949 991 1384 1712 
2 817 1121 
5 16 584 852 1203 1205 
1 887 
6 143 214 615 961 1093 1156 
2 966 1019 
3 612 720 1142 
2 127 987 
1 344 
3 743 1691 1705 
2 1019 1591 
4 802 1073 1493 1613 
5 154 402 896 925 1142 
2 279 1487 
0 
3 287 502 1037 
2 278 1138 
2 693 1087 
2 1390 1520 
5 119 309 770 1043 1582 
2 925 1483 
4 646 737 1476 1632 
3 641 728 1629 
2 584 650 
3 385 757 1685 
0 
4 394 533 802 1259 
0 
2 1336 1464 
3 703 1660 1763 
3 331 911 1160 
3 72 982 1009 
1 161 
2 694 1220 
0 
3 524 1435 1571 
2 36 1668 
4 197 329 677 703 
2 443 614 
3 341 778 1645 
3 1117 1160 1667 
4 509 1393 1487 1583 
2 375 565 
3 261 966 1522 
1 866 
4 319 325 1292 1649 
1 895 
3 159 1158 1279 
2 5 449 
3 489 888 1278 
2 1649 1786 
1 1631 
2 302 1522 
4 522 865 912 1318 
2 846 1164 
1 111 
3 249 1090 1544 
3 1088 1127 1594 
3 315 916 1400 
5 329 1102 1362 1623 1729 
5 280 383 551 1593 1773 
3 132 1018 1118 
2 28 1158 
2 492 1760 
1 77 
2 721 1542 
2 956 1696 
2 320 1314 
1 665 
4 402 447 836 1064 
1 277 
3 789 999 1482 
2 922 1239 
4 770 989 1257 1611 
5 324 906 1452 1701 1793 
3 583 718 865 
1 602 
5 1074 1418 1490 1617 1622 
1 1716 
2 408 948 
2 290 929 
4 20 521 1010 1480 
2 84 1339 
1 796 
2 51 578 
5 38 520 1349 1480 1697 
1 370 
2 331 508 
5 235 625 881 1194 1601 
7 351 637 775 1058 1177 1383 1746 
2 1105 1434 
4 100 449 806 1785 
3 1230 1309 1342 
1 1214 
4 288 1054 1102 1229 
3 619 1612 1748 
2 1380 1608 
2 1425 1689 
3 47 244 449 
1 1086 
1 75 
1 302 
1 963 
1 590 
3 164 333 994 
2 334 1519 
4 126 596 782 812 
2 1137 1138 
5 518 608 788 921 1375 
1 287 
3 198 1079 1323 
4 438 462 570 1488 
0 
2 115 1596 
3 1005 1184 1394 
2 31 346 
3 492 613 1315 
2 1334 1669 
1 1208 
2 1345 1581 
1 1407 
3 739 753 1459 
2 1176 1552 
3 717 1469 1489 
3 231 401 1638 
2 258 1657 
2 191 1748 
5 162 315 824 1123 1791 
0 
4 0 131 1084 1646 
0 
3 271 458 1029 
2 1158 1706 
2 217 1581 
3 1227 1346 1704 
2 758 1458 
4 196 826 1282 1361 
2 188 769 
0 
0 
4 787 1164 1429 1572 
0 
3 44 503 1751 
2 873 923 
5 122 759 1123 1504 1650 
4 510 847 889 1105 
1 267 
2 163 1044 
0 
5 3 150 688 1282 1343 
2 1086 1724 
4 1082 1216 1412 1726 
3 254 376 1722 
1 101 
1 1723 
3 85 145 787 
2 254 838 
2 1231 1631 
3 253 892 1045 
2 1028 1422 
0 
1 1304 
5 5 543 569 911 1299 
1 1752 
2 1058 1200 
1 676 
3 207 403 561 
3 95 489 1227 
2 747 790 
0 
1 692 
0 
3 43 380 970 
2 775 1043 
2 378 1661 
0 
4 294 1547 1667 1698 
5 101 262 546 583 931 
1 1793 
2 143 1714 
3 287 1735 1772 
0 
1 654 
4 82 102 818 857 
2 118 1185 
2 1395 1797 
2 503 1540 
2 790 1549 
2 774 1635 
3 54 272 1774 
5 62 117 940 1055 1347 
3 778 893 1601 
1 1420 
1 386 
2 1147 1228 
6 230 1117 1206 1307 1313 1331 
2 265 1259 
6 23 112 289 315 455 1417 
2 1358 1417 
0 
5 495 1161 1245 1543 1752 
4 1476 1493 1530 1632 
3 90 112 1761 
1 588 
3 760 1547 1780 
2 35 306 
1 609 
2 56 470 
2 272 1776 
2 898 1375 
0 
1 1399 
3 208 264 1243 
1 1663 
2 1322 1622 
2 427 1083 
2 1223 1499 
0 
3 483 902 1132 
1 1699 
1 551 
3 367 1646 1750 
3 1191 1237 1364 
0 
2 55 279 
3 1209 1229 1757 
4 36 190 920 1182 
4 177 501 648 1386 
1 2 1 1 1 4 2 2 3 1 3 4 1 1 1 3 2 3 2 2 2 1 2 1 2 1 2 1 3 3 1 3 1 3 1 1 3 1 1 1 1 3 2 1 1 2 2 1 1 2 3 1 4 2 3 1 1 1 1 1 2 3 1 3 1 2 1 2 1 2 1 1 1 1 2 3 1 3 2 1 2 2 3 2 4 1 2 2 3 1 1 1 1 3 1 2 1 1 2 3 1 1 3 1 2 2 1 1 1 1 1 2 2 1 2 1 3 3 1 1 2 1 3 1 1 1 1 3 2 1 1 3 2 2 1 1 1 2 1 1 3 2 1 2 3 1 1 1 2 2 1 2 1 3 2 1 2 1 3 2 1 2 2 1 2 1 1 1 2 2 1 1 1 2 2 1 1 1 2 1 3 1 1 2 2 1 2 2 2 1 1 1 2 1 3 1 1 3 1 1 1 3 1 2 1 1 2 2 2 2 2 1 2 1 3 2 1 1 1 1 1 1 1 1 2 1 3 1 1 1 1 1 1 1 2 2 3 1 1 2 1 1 3 1 1 1 2 2 2 4 1 1 2 1 3 1 3 1 2 1 1 1 1 1 4 1 1 3 1 1 2 2 2 3 2 2 1 2 1 3 1 1 1 1 1 1 2 3 2 2 1 1 2 2 4 1 2 1 2 1 1 1 2 2 1 2 4 2 1 1 1 1 1 3 1 3 3 4 1 2 1 2 1 1 1 3 2 2 1 1 3 2 1 2 3 1 2 1 3 1 2 3 3 2 2 2 2 1 2 1 3 2 1 1 2 1 1 1 1 2 1 1 3 3 1 1 3 2 1 2 2 1 2 3 3 1 1 2 3 2 1 2 1 3 1 1 2 2 3 1 1 2 1 2 3 3 1 1 1 3 1 2 2 2 2 2 1 1 2 3 2 1 1 1 2 3 2 2 2 2 2 1 1 1 1 1 2 2 2 2 1 2 1 1 1 1 2 1 2 2 1 1 3 2 2 1 1 1 1 3 1 1 3 2 1 1 1 3 2 1 1 1 2 3 3 2 1 1 1 1 2 1 3 1 2 1 2 2 2 2 2 1 1 1 1 2 1 4 1 2 1 3 2 1 1 1 2 1 1 1 2 1 1 2 1 1 3 1 4 1 4 2 2 3 3 1 1 1 3 1 1 2 1 3 1 1 1 1 3 2 1 3 2 3 2 1 1 1 2 2 1 1 1 3 1 1 3 1 2 1 2 1 2 2 1 1 2 1 3 1 1 2 1 1 3 4 2 3 1 2 2 2 2 1 3 1 1 2 1 1 2 1 1 1 3 1 1 2 2 1 4 2 1 2 2 4 1 2 1 1 2 1 2 1 1 3 1 2 1 2 4 2 2 4 1 2 2 2 2 1 1 3 2 2 1 2 2 1 3 1 3 4 2 1 1 2 1 2 1 1 3 3 2 1 1 3 3 1 1 2 2 2 2 1 1 2 2 1 1 3 1 2 1 1 1 3 1 1 1 1 2 2 1 1 1 2 3 3 1 1 1 1 2 1 1 1 1 1 2 1 1 1 2 1 1 3 1 3 2 1 1 1 2 4 2 1 2 3 1 1 1 1 1 2 1 4 1 1 3 1 3 3 3 2 3 4 1 3 2 2 1 1 2 1 3 1 1 2 2 1 1 3 2 2 1 1 3 1 2 2 1 1 2 1 1 1 2 2 1 2 3 2 1 2 2 1 3 1 2 1 1 2 3 1 2 4 3 3 1 2 1 1 1 1 3 1 2 1 3 2 3 2 2 3 1 2 1 2 2 3 1 2 3 4 3 2 1 2 2 1 1 1 1 2 2 1 3 2 3 2 1 2 1 2 3 2 2 2 2 2 2 1 2 1 1 1 1 1 2 2 2 1 2 1 2 2 2 1 1 1 2 1 3 2 2 1 1 1 1 2 1 2 2 1 1 1 1 1 2 2 2 2 2 2 2 2 1 1 1 1 2 1 1 1 2 2 1 1 2 1 2 1 1 3 3 2 3 1 1 1 2 2 1 1 2 1 4 1 3 1 1 3 1 2 1 1 2 1 3 1 2 4 1 2 1 2 4 1 2 1 4 3 2 3 1 1 1 1 1 2 2 2 1 3 1 2 3 3 3 2 1 4 2 3 2 2 1 1 1 1 3 2 2 1 1 1 1 1 1 1 1 2 3 2 1 1 1 1 2 1 2 2 1 1 2 1 1 1 3 2 1 2 1 2 2 1 2 3 1 1 1 1 2 2 3 1 1 2 2 2 2 2 4 2 2 1 1 1 2 4 2 1 1 2 4 1 1 1 1 1 1 1 1 1 1 1 1 3 1 2 3 1 2 1 1 1 1 2 1 1 1 1 1 1 2 2 1 2 2 1 1 2 1 1 3 4 1 1 2 2 1 1 3 2 3 2 2 1 2 1 3 2 1 1 1 1 3 1 1 1 3 1 1 2 1 1 1 2 1 1 2 1 4 1 1 2 1 2 2 1 2 1 2 1 2 1 1 3 3 2 1 3 1 2 1 1 1 1 1 1 1 1 3 1 1 2 3 2 4 1 1 2 3 1 1 3 1 1 1 1 3 1 3 1 2 2 2 1 4 2 2 1 2 2 1 3 1 1 1 1 2 4 2 1 1 2 2 1 2 2 1 4 2 1 1 1 3 2 2 2 2 2 1 1 1 1 2 2 2 2 3 2 1 3 3 2 2 2 1 1 1 1 2 2 2 2 1 1 1 2 1 3 2 1 2 1 1 1 1 3 2 2 1 1 1 1 2 1 2 1 1 1 2 2 1 2 1 1 4 1 2 1 3 2 2 1 2 1 2 2 1 1 1 2 1 3 2 1 1 2 3 1 3 1 3 1 1 2 2 3 2 2 1 1 2 4 1 3 1 1 2 1 2 1 2 2 4 1 1 3 2 2 1 1 3 2 1 1 1 1 1 1 1 1 1 1 3 1 3 1 1 1 2 1 2 1 1 2 1 3 1 1 1 2 1 1 2 1 3 2 2 1 1 2 1 1 1 1 1 1 2 1 1 2 3 1 1 1 3 1 1 1 3 1 1 1 1 2 1 2 1 2 1 1 1 2 4 3 3 1 1 2 1 2 2 1 1 2 2 1 2 1 2 3 2 2 2 2 1 1 2 1 2 1 1 1 1 1 3 1 3 1 1 1 2 4 1 2 3 1 2 1 1 1 3 3 2 1 2 1 1 1 1 2 2 3 2 1 2 3 1 1 1 1 1 1 2 2 1 2 1 3 1 3 1 1 2 4 1 3 4 3 2 1 1 1 1 2 1 1 1 3 2 1 1 1 2 1 2 1 3 1 2 3 2 2 1 3 2 1 3 2 3 2 1 1 3 2 2 1 1 1 1 1 3 3 3 1 1 2 1 1 3 1 1 1 1 1 3 3 2 3 2 1 1 3 1 1 1 2 3 3 1 1 2 2 1 2 1 1 2 1 2 1 2 2 2 2 1 2 1 2 1 2 1 1 1 1 1 1 1 1 1 2 2 1 1 2 2 1 2 1 1 1 1 2 1 2 1 2 1 1 1 1 1 1 1 2 2 2 1 2 1 1 1 1 3 1 1 1 3 1 1 3 1 2 1 2 1 2 3 2 1 2 2 3 2 1 1 1 1 1 3 1 1 2 3 1 1 2 1 2 2 1 1 3 1 1 2 2 1 4 1 3 2 3 3 2 1 2 2 1 2 1 1 2 2 2 1 1 3 3 1 2 3 1 1 2 2 1 2 1 1 1 2 1 1 1 2 1 5 1 2 1 1 2 3 1 3 2 2 2 2 2 3 2 3 1 2 1 1 2 1 3 1 2 2 2 3 3 1 1 2 1 3 1 1 3 1 2 1 3 1 2 2 2 1 2 1 1 2 2 1 1 1 1 1 1 1 3 2 1 1 1 2 2 1 1 1 2 2 1 2 1 2 2 2 1 1 1 1 1 4 2 1 1 2 4 3 4 1 1 3 1 3 1 1 2 1 3 3 3 1 2 1 1 1 3 2 1 2 2 2 1 3 1 2 2 4 2 
