q 600
4 95 108 387 599 
4 58 238 416 595 
2 191 550 
1 161 
2 103 411 
6 58 93 95 102 340 524 
3 107 372 465 
1 105 
3 296 309 439 
2 477 597 
3 95 97 196 
4 194 339 341 378 
5 199 260 297 342 349 
0 
2 85 453 
3 417 460 509 
5 19 265 283 309 569 
4 203 260 265 467 
1 327 
2 16 557 
5 116 346 447 544 595 
2 322 405 
5 33 40 90 121 196 
3 276 388 593 
1 392 
5 86 173 511 544 552 
2 282 444 
2 375 478 
2 152 443 
2 41 102 
4 191 197 205 390 
0 
2 355 363 
4 22 72 368 480 
2 189 374 
3 94 380 471 
2 57 536 
5 113 131 409 484 494 
2 117 476 
3 57 539 567 
3 22 52 485 
2 29 226 
3 184 189 444 
0 
2 130 409 
3 203 307 388 
0 
2 171 275 
6 84 145 313 319 331 558 
3 359 554 577 
4 76 274 400 443 
1 396 
2 40 546 
1 146 
0 
5 356 365 391 430 482 
3 75 102 414 
6 36 39 105 172 239 435 
3 1 5 575 
0 
2 239 287 
3 266 277 421 
1 272 
1 563 
1 529 
1 532 
2 218 492 
4 82 91 196 258 
2 272 586 
2 126 220 
2 346 573 
2 420 509 
4 33 141 381 432 
0 
6 79 92 208 372 387 389 
2 56 477 
2 50 361 
2 167 245 
2 88 328 
4 74 234 287 320 
2 227 508 
2 550 552 
1 67 
2 146 217 
3 48 124 320 
5 14 185 269 317 399 
4 25 262 482 485 
0 
3 78 295 596 
4 123 159 266 561 
1 22 
1 67 
2 74 187 
2 5 274 
4 35 121 209 532 
4 0 5 10 162 
4 152 393 398 515 
4 10 304 459 464 
1 420 
1 185 
0 
2 308 464 
9 5 29 56 173 268 276 336 420 506 
3 4 380 495 
5 210 274 408 413 491 
3 7 57 354 
2 153 574 
4 6 113 332 529 
1 0 
2 350 440 
2 291 388 
2 281 598 
3 119 491 540 
5 37 107 158 269 312 
0 
1 516 
4 20 285 330 513 
3 38 331 440 
2 422 596 
6 112 126 221 356 451 521 
1 495 
3 22 94 377 
0 
2 89 270 
2 84 320 
4 365 386 435 538 
5 69 119 206 440 526 
0 
2 240 509 
1 391 
2 44 278 
3 37 223 518 
1 523 
1 449 
2 249 441 
1 232 
1 244 
0 
0 
3 262 292 494 
1 447 
3 72 267 382 
2 314 539 
3 215 414 578 
1 315 
4 48 427 430 595 
4 53 83 268 542 
2 259 372 
1 260 
1 213 
1 587 
2 210 294 
3 28 96 472 
3 106 281 383 
0 
2 171 241 
4 203 246 455 509 
2 169 564 
3 113 320 443 
4 89 327 374 515 
3 359 370 493 
5 3 163 230 575 581 
4 95 219 296 518 
1 161 
3 219 240 303 
1 545 
2 281 430 
2 77 596 
4 387 415 468 554 
4 157 265 312 413 
2 316 404 
2 47 155 
3 57 210 388 
2 25 102 
1 538 
2 223 239 
3 234 313 464 
1 571 
2 206 458 
2 314 400 
3 227 249 585 
3 273 392 395 
1 484 
0 
3 42 222 358 
4 85 99 274 568 
1 493 
2 92 452 
1 402 
3 34 42 592 
1 558 
3 2 30 501 
1 285 
2 382 420 
2 11 236 
3 253 265 292 
4 10 22 67 395 
3 30 291 487 
2 305 456 
4 12 300 475 558 
4 251 282 539 588 
2 428 456 
1 550 
6 17 45 156 283 289 350 
0 
3 30 356 371 
3 126 178 539 
1 444 
3 74 570 587 
3 94 337 588 
4 104 151 172 587 
1 304 
0 
2 149 591 
0 
2 143 387 
2 471 548 
3 83 408 434 
3 66 306 576 
2 162 164 
2 69 559 
3 119 468 529 
2 184 337 
2 131 175 
0 
1 532 
3 41 436 444 
4 80 180 393 428 
0 
1 258 
2 161 245 
0 
3 135 257 454 
2 414 551 
3 79 176 538 
2 411 582 
1 194 
0 
2 1 323 
5 57 60 175 427 584 
5 128 164 417 501 545 
3 155 393 462 
0 
1 272 
2 136 540 
3 77 230 456 
2 156 343 
4 442 450 531 570 
1 366 
3 134 180 428 
0 
4 200 280 340 494 
1 573 
3 195 497 520 
3 256 369 577 
2 295 558 
3 254 276 359 
2 232 386 
6 67 229 262 355 419 571 
2 147 355 
3 12 17 148 
1 471 
5 86 139 258 321 326 
4 311 407 456 466 
3 316 397 499 
4 16 17 169 195 
2 61 89 
2 141 416 
3 102 146 489 
3 85 113 448 
2 123 307 
1 555 
3 62 68 243 
3 181 370 398 
5 50 93 104 185 447 
3 47 310 354 
5 23 102 256 407 520 
4 61 417 451 486 
4 130 292 337 378 
2 287 430 
2 251 302 
5 111 153 166 460 524 
3 26 200 518 
3 16 203 505 
2 525 527 
4 116 192 331 530 
2 482 556 
3 60 79 279 
5 353 368 405 492 499 
1 203 
2 378 447 
5 110 197 377 438 535 
5 139 195 278 328 531 
2 481 559 
3 151 336 358 
4 88 255 398 507 
3 8 162 504 
6 12 378 470 488 534 593 
2 508 595 
3 322 412 467 
2 199 377 
0 
2 280 437 
4 164 329 372 546 
3 97 211 428 
2 198 347 
2 218 467 
6 45 270 381 424 565 582 
1 101 
2 8 16 
1 275 
3 263 399 406 
2 113 169 
4 48 176 378 543 
5 142 179 441 456 492 
4 144 516 580 586 
3 170 264 416 
1 85 
0 
1 48 
6 79 84 124 158 401 452 
1 262 
4 21 299 423 426 
1 238 
0 
0 
3 262 404 567 
3 18 159 384 
4 78 292 412 561 
1 303 
4 116 388 509 565 
4 48 117 285 592 
3 107 396 531 
0 
1 541 
0 
2 102 294 
3 209 222 278 
2 427 517 
2 11 554 
2 5 251 
1 11 
3 12 487 534 
1 246 
2 368 464 
1 440 
2 20 70 
2 305 395 
0 
2 12 469 
2 109 203 
1 508 
1 545 
2 288 548 
2 105 275 
3 32 258 259 
7 55 119 205 443 468 478 596 
0 
3 184 294 435 
3 49 160 256 
0 
2 76 531 
1 447 
2 32 570 
0 
3 55 125 457 
2 248 499 
3 487 499 513 
3 33 288 344 
2 254 400 
2 160 273 
1 205 
4 6 74 147 303 
0 
2 34 159 
2 27 483 
0 
3 121 291 300 
5 11 278 290 297 313 
0 
3 35 103 481 
2 72 307 
3 141 193 506 
2 153 419 
1 327 
1 594 
5 125 257 440 519 594 
5 0 74 168 215 559 
5 23 45 110 172 330 
2 74 580 
1 30 
3 55 129 532 
4 24 181 536 551 
3 96 227 241 
1 586 
4 181 196 347 405 
3 51 332 492 
1 264 
3 96 273 295 
3 85 311 428 
3 50 179 369 
1 320 
1 188 
0 
2 170 326 
3 21 288 395 
1 311 
2 263 276 
3 104 217 580 
2 37 44 
0 
4 4 235 493 559 
2 299 328 
3 104 169 437 
4 56 143 233 501 
1 168 
4 1 267 316 455 
3 15 240 277 
0 
2 258 383 
4 71 98 102 193 
3 61 523 552 
1 118 
2 322 500 
2 307 434 
1 536 
2 322 430 
3 145 239 338 
5 201 227 249 304 399 
0 
6 55 145 166 279 426 564 
0 
3 72 434 489 
0 
4 217 424 432 534 
4 57 125 358 584 
2 226 537 
2 302 413 
1 291 
2 8 472 
8 109 117 126 345 386 457 507 547 
2 134 314 
1 247 
4 28 50 158 356 
5 26 42 207 226 504 
1 554 
1 546 
6 20 140 274 290 362 494 
2 269 538 
1 133 
1 247 
2 119 277 
2 187 320 
1 14 
1 232 
2 156 416 
7 198 201 245 263 314 557 567 
3 365 440 538 
1 178 
3 97 536 588 
2 15 281 
1 517 
4 241 465 500 575 
0 
4 97 101 176 344 
5 6 462 510 532 560 
1 263 
4 17 299 306 568 
3 168 221 356 
1 349 
1 297 
6 35 216 261 541 546 548 
3 152 439 567 
0 
0 
1 199 
1 38 
3 9 75 486 
3 27 356 585 
1 537 
1 33 
2 293 380 
4 55 86 286 554 
1 375 
2 37 182 
2 40 86 
3 277 477 527 
3 197 342 367 
1 297 
3 268 432 542 
1 519 
2 104 112 
4 66 288 314 396 
4 160 186 411 517 
4 37 139 251 447 
3 103 120 521 
0 
1 253 
0 
4 264 288 366 367 
4 423 462 541 586 
3 191 240 414 
1 563 
0 
2 296 444 
1 283 
2 102 382 
2 295 440 
3 80 298 351 
6 15 71 128 156 330 534 
1 465 
2 25 516 
0 
2 116 367 
0 
4 96 159 516 591 
4 115 315 511 515 
3 338 461 493 
3 131 162 282 
2 386 490 
2 253 276 
2 119 495 
0 
2 132 421 
2 5 281 
2 284 573 
1 126 
2 284 486 
0 
3 64 107 221 
1 285 
4 247 292 332 361 
5 65 94 225 391 465 
2 548 559 
4 297 342 434 509 
2 291 581 
4 36 392 425 459 
3 436 479 593 
5 125 174 234 448 457 
4 39 142 200 206 
2 112 244 
3 334 471 500 
3 146 489 599 
2 313 572 
2 20 25 
3 165 240 352 
4 52 303 446 471 
1 440 
5 216 353 471 533 567 
0 
3 2 81 202 
2 233 392 
3 25 81 421 
0 
5 49 168 339 445 482 
1 271 
1 286 
3 19 456 572 
5 48 190 199 255 574 
6 220 293 387 411 533 580 
1 465 
2 89 328 
0 
2 63 502 
2 157 430 
2 307 330 
0 
5 39 326 456 472 548 
2 185 467 
1 16 
3 208 247 363 
3 177 258 585 
2 543 557 
3 70 252 525 
2 106 558 
3 58 161 462 
2 218 592 
2 49 254 
2 143 599 
0 
4 315 389 408 559 
2 161 535 
2 235 307 
0 
2 239 435 
3 180 478 571 
4 68 315 394 500 
3 150 208 210 
3 200 209 459 
0 
0 
2 213 515 
3 189 331 576 
3 23 297 537 
2 385 386 
4 1 20 145 298 
4 88 118 167 356 
1 9 
1 111 
3 0 542 578 
3 3 1 1 1 1 1 1 3 2 2 1 3 1 2 3 3 1 2 1 1 2 3 1 2 1 2 2 1 1 3 1 3 2 2 3 1 2 1 1 1 2 2 1 2 1 1 1 4 1 1 1 2 1 1 4 1 2 2 1 2 3 1 1 1 2 2 2 1 1 1 1 4 1 1 2 2 1 2 2 1 1 1 1 2 1 3 1 3 3 1 1 2 2 2 4 2 1 1 1 1 1 3 2 4 3 2 2 1 2 1 1 2 1 1 1 2 4 2 1 2 4 1 2 1 2 2 1 1 1 1 1 2 2 1 1 1 1 1 3 1 3 1 2 2 1 2 2 1 1 1 1 3 1 1 1 3 2 3 2 2 2 2 1 3 1 1 2 1 1 2 2 1 2 2 3 2 1 2 1 3 3 1 1 3 2 2 1 1 1 1 2 2 1 2 1 1 4 1 1 2 1 1 2 1 2 1 2 3 3 3 1 1 2 1 1 1 3 1 1 2 3 1 2 1 2 3 2 1 2 1 1 2 1 3 3 1 1 1 1 2 2 1 1 2 2 2 4 2 2 1 3 1 2 2 2 1 1 1 1 2 1 2 2 2 2 1 1 4 3 1 2 2 2 3 2 2 2 4 2 2 2 1 1 2 1 2 1 2 1 1 2 2 3 3 1 1 2 1 3 2 1 1 2 2 2 3 3 2 1 1 1 2 1 2 1 1 2 1 1 4 1 1 2 1 1 3 1 1 1 1 2 1 1 1 1 1 2 1 3 2 2 2 1 2 1 2 1 1 2 1 1 1 1 1 2 3 1 2 3 1 1 1 1 1 1 1 2 1 1 1 1 3 1 1 1 1 1 3 1 1 1 2 2 2 1 4 2 2 2 1 2 1 1 1 2 2 1 3 2 2 1 2 1 1 1 2 1 1 1 1 2 2 2 3 2 2 1 1 3 2 2 1 2 1 1 2 2 3 1 3 1 3 1 2 1 1 3 1 2 3 3 1 2 1 1 2 2 2 1 1 3 2 1 1 1 3 2 1 2 1 1 3 1 3 2 1 2 2 1 1 2 1 1 1 2 2 1 4 1 1 2 1 2 3 2 3 1 1 1 2 1 1 1 1 1 1 1 1 3 1 1 1 1 2 2 1 2 2 2 1 3 1 1 1 3 2 2 3 1 1 2 1 1 3 1 1 1 1 4 2 3 1 2 1 3 3 2 1 3 1 3 3 2 2 3 1 1 3 1 2 2 3 1 2 1 1 2 3 1 1 2 1 2 1 2 1 2 1 1 2 2 1 2 1 1 2 3 1 1 3 1 1 1 2 1 2 2 1 1 1 1 3 3 2 2 1 1 2 2 
