s 3700
3 892 1976 2298 
1 2709 
2 153 2408 
2 1132 1224 
0 
3 806 1105 2539 
5 1829 1931 2400 3045 3158 
2 265 2586 
0 
3 1276 1719 2266 
3 692 1835 2161 
3 1365 2877 3511 
0 
3 2046 2196 2263 
1 865 
2 1409 2549 
2 500 3555 
5 1271 1952 2719 3207 3663 
3 168 2744 3543 
5 1207 2267 2568 3239 3285 
3 2394 3398 3452 
4 466 478 1000 2334 
1 1357 
1 3409 
3 112 2558 3189 
4 442 2028 2630 3107 
1 2250 
7 651 832 853 1215 2185 2195 2510 
0 
3 237 992 1016 
5 1469 1980 2348 2487 3138 
3 59 1445 2045 
5 470 473 1264 1341 2152 
2 266 1431 
2 113 2387 
3 189 270 1458 
2 2999 3078 
4 1217 1703 1842 3454 
2 1639 1933 
3 126 1653 1718 
4 1524 1696 2961 3077 
3 2140 2313 2682 
1 1331 
2 71 3426 
0 
2 2489 3068 
3 249 558 2566 
1 2727 
3 382 3233 3585 
1 832 
3 800 1911 2375 
0 
2 739 3100 
4 1497 3236 3482 3655 
4 1944 2189 2876 3404 
1 1896 
1 441 
2 1764 3671 
4 518 912 1203 3106 
4 31 239 1303 3560 
4 80 198 1427 1524 
5 178 1045 1425 2789 3304 
4 2398 2959 3301 3506 
2 1625 3259 
1 1762 
1 1549 
6 895 1366 2663 2869 2992 3290 
1 3350 
1 1663 
4 113 376 1464 3307 
3 2436 2931 3030 
7 43 430 789 2051 2111 2157 3266 
3 1060 1751 2688 
4 1078 1684 2053 2275 
1 2059 
0 
0 
2 2036 3109 
2 273 1869 
2 261 1423 
5 60 1555 1799 3083 3649 
4 2545 2652 3210 3448 
3 1349 1434 3617 
4 981 2819 3655 3664 
1 1264 
4 2162 2528 2665 3056 
5 1762 2009 2190 2340 3268 
1 2794 
4 528 1630 2201 3474 
3 881 2277 2896 
0 
2 659 2161 
2 2232 2580 
6 471 695 2288 2427 2559 3322 
5 305 384 624 2265 3091 
1 1414 
2 3111 3640 
3 415 1400 2141 
2 3186 3669 
2 2673 3458 
2 695 3419 
2 2959 2967 
4 136 2190 2344 3581 
3 1633 1931 2370 
4 391 915 1101 1805 
6 2287 2568 2771 2858 2933 3070 
1 3646 
0 
1 3250 
2 2859 3253 
2 158 1811 
1 3349 
5 24 256 1652 2388 2858 
3 34 69 829 
4 2736 2773 3430 3615 
3 1160 1472 1806 
2 548 2838 
0 
2 336 2380 
2 418 2897 
3 500 2962 3336 
2 903 1021 
0 
3 510 1105 2931 
2 2410 3128 
1 2760 
4 39 373 394 1564 
4 662 1134 2729 3558 
1 634 
5 425 1027 1171 1693 1760 
0 
2 1444 2075 
4 986 2578 2741 3396 
3 264 1016 3185 
2 2075 2746 
2 1238 1457 
3 102 841 2522 
6 321 815 1315 2003 3225 3533 
2 2760 3404 
3 1735 2017 3374 
2 463 861 
3 1174 1469 2669 
4 239 545 658 1157 
2 2298 2387 
3 427 721 2122 
2 3039 3536 
2 369 616 
2 3123 3675 
2 1191 2331 
3 470 1304 3153 
2 1111 1759 
2 1689 2890 
2 399 1453 
2 2 2506 
2 219 3066 
1 587 
1 1218 
1 3408 
3 110 526 3256 
1 1194 
1 929 
4 226 1337 1774 3165 
2 2048 3104 
2 2924 3317 
3 1462 3270 3698 
2 2297 3080 
2 350 2326 
6 355 585 1534 1859 2638 3507 
6 18 412 1732 2226 2425 2453 
1 553 
2 1172 3670 
2 1293 1463 
3 542 1536 3170 
4 659 1689 2022 2329 
2 1665 2362 
1 1606 
1 1809 
4 547 864 1230 1695 
3 61 2419 3002 
2 2495 3179 
4 473 582 1022 2734 
1 1466 
3 2018 2321 2441 
1 2675 
3 2378 2999 3108 
1 522 
0 
0 
2 1284 1393 
4 35 1633 3165 3217 
2 2347 2822 
2 550 1555 
2 1620 2650 
0 
4 526 2666 3025 3505 
2 1968 2022 
1 406 
5 351 393 700 905 3551 
3 60 219 892 
3 719 955 1513 
0 
1 1623 
3 776 1006 1647 
3 1367 2167 2528 
2 864 3633 
2 2455 2760 
2 2253 2734 
2 577 3274 
0 
1 3588 
1 541 
2 2412 2570 
3 2595 2876 3034 
3 1944 2033 3349 
1 1699 
1 1794 
3 638 1389 3231 
0 
3 365 475 3483 
3 154 198 2148 
2 1583 1802 
5 254 1104 1499 2346 2807 
2 400 2352 
2 2833 3355 
1 2481 
4 789 1161 2902 3392 
3 161 311 3251 
2 2105 2747 
0 
1 3508 
2 2950 3448 
0 
2 280 1843 
3 299 3224 3333 
2 979 1122 
3 1078 1524 2901 
2 404 554 
1 29 
1 1545 
3 59 142 2126 
4 539 1279 1501 2540 
0 
3 244 1054 1640 
1 3556 
3 242 510 875 
2 323 1477 
1 1576 
1 3664 
2 374 1395 
4 46 394 783 819 
4 446 741 1174 1578 
3 445 1399 3653 
1 814 
5 290 1131 1783 2750 2858 
4 221 1081 1351 2514 
3 434 3350 3423 
3 112 2548 3102 
5 923 1301 2819 3125 3467 
1 2436 
2 964 3488 
1 2730 
1 79 
2 1005 1155 
2 2083 2958 
5 133 775 1382 2384 3645 
3 7 1165 3472 
3 33 1207 3052 
1 2527 
5 503 1331 2520 3428 3646 
0 
3 35 1206 2337 
1 2695 
4 2015 2057 2537 2734 
3 78 1300 1513 
1 1874 
2 943 3078 
2 767 3430 
0 
5 990 1709 1762 3489 3610 
3 1013 2785 3369 
3 232 1319 2460 
4 1215 2378 2708 2938 
2 1807 2762 
2 2745 3332 
0 
4 769 1418 2209 3020 
1 2207 
4 333 541 1869 2411 
6 870 1002 1650 2061 2141 3318 
5 542 1504 2773 2947 3379 
3 253 1299 3668 
1 3569 
1 2669 
4 1440 1443 1585 3543 
3 755 1237 3305 
1 1880 
1 1741 
1 1439 
3 1141 1905 3040 
2 233 2688 
4 1197 1815 2708 3162 
3 2308 2669 3654 
3 1795 2348 2506 
0 
2 1849 2114 
2 94 1156 
3 898 1502 3657 
1 3403 
0 
2 1201 2524 
1 3464 
3 226 1075 2331 
1 2986 
3 956 2515 3171 
0 
4 656 1604 1797 2540 
4 512 1612 2281 3355 
0 
0 
3 2144 2370 3110 
1 2118 
2 137 2682 
5 814 985 1719 2405 2935 
5 245 2334 2365 2655 3457 
1 3660 
2 1573 2464 
2 1120 3238 
0 
1 545 
2 660 837 
4 1242 1922 1998 2211 
3 607 2918 3591 
1 3416 
4 287 1861 2951 2987 
2 840 866 
4 501 1474 2561 2691 
5 118 540 584 596 2906 
5 1031 1653 2938 3220 3485 
2 2944 3124 
4 606 1813 1950 2374 
2 3020 3323 
0 
4 1185 1352 2908 3448 
1 3208 
1 2224 
5 356 2148 2291 2927 3409 
3 915 1201 1715 
3 1058 1515 2131 
3 1499 2579 3257 
4 854 1157 1401 2843 
2 166 1720 
2 197 1000 
1 1082 
3 1059 1088 2853 
2 2615 3523 
2 167 2023 
5 345 1600 2931 3030 3067 
1 1164 
4 1510 1582 2317 2570 
2 3091 3496 
2 433 608 
3 1193 1755 2757 
2 1643 2773 
3 1733 2103 2265 
5 1777 1900 2392 2589 3055 
1 218 
2 1134 3549 
2 1077 2134 
0 
3 146 1909 2621 
2 2601 3660 
2 2506 3511 
4 531 916 2216 2646 
6 126 1063 1988 2060 2807 3590 
2 248 1170 
3 1760 2496 2632 
4 69 518 1061 3332 
1 1331 
1 3375 
2 706 3120 
2 403 3061 
3 529 2231 2399 
2 48 2168 
2 1482 3339 
3 94 531 1940 
2 2165 3011 
0 
3 685 794 1915 
4 464 626 3183 3485 
2 530 2001 
4 2332 2582 3256 3458 
2 104 1312 
4 1410 1452 2070 2803 
2 197 626 
2 126 249 
2 1404 1688 
1 519 
2 1718 1887 
1 2483 
2 152 1204 
6 222 749 1374 1623 1919 2922 
3 1505 1623 2989 
3 2102 2816 3567 
5 380 1366 1946 2226 2964 
3 236 2537 3481 
3 579 1292 2795 
6 196 501 1591 2236 3054 3477 
0 
0 
3 425 2622 3508 
2 1256 1281 
3 682 2027 2331 
4 168 918 1252 1763 
2 1116 2411 
3 1829 2561 3435 
6 97 1658 2257 2265 2831 3653 
1 2061 
2 1026 1876 
2 119 1570 
0 
3 529 2240 2411 
0 
0 
2 2649 2873 
2 694 1888 
4 129 409 1322 1584 
2 2527 2703 
2 144 1839 
1 3393 
2 1421 3514 
3 71 2701 3638 
1 3439 
1 1257 
5 360 670 1502 1761 2716 
3 255 2346 2493 
2 1171 2470 
3 1026 2644 3516 
2 1160 2764 
2 1601 2254 
0 
3 698 1193 1338 
2 56 3369 
4 25 3050 3168 3587 
4 927 992 2122 2331 
1 678 
1 251 
5 250 2457 2575 3357 3567 
3 449 2278 2783 
1 3530 
2 447 1354 
2 472 917 
1 2745 
0 
2 1334 1591 
3 1036 1289 1590 
0 
1 2400 
0 
1 2943 
1 3531 
1 3073 
1 2433 
0 
2 140 3428 
1 388 
2 2180 3132 
7 21 1036 1054 2605 2974 3090 3492 
6 1462 1786 2511 2644 2800 3360 
1 2533 
1 2463 
3 32 149 2839 
4 93 792 2297 2774 
1 450 
4 32 180 1570 3521 
1 2770 
3 218 1000 1451 
3 3033 3320 3469 
3 1180 2171 3694 
3 21 1365 2248 
0 
2 1769 1957 
2 1140 1814 
3 1566 1742 3419 
1 3110 
0 
1 2792 
0 
2 1073 3351 
3 717 737 1527 
0 
1 1420 
1 3514 
0 
3 609 2099 3109 
0 
5 840 2254 2497 2826 2886 
0 
1 1328 
0 
1 2654 
4 16 120 2680 2869 
2 335 406 
5 536 1110 2263 2644 3659 
5 268 724 1447 2672 2919 
3 935 1240 1503 
1 799 
3 654 987 2325 
0 
1 3546 
2 2013 2790 
5 123 244 1122 1361 1698 
3 1328 2339 3698 
1 316 
4 544 893 1328 1436 
1 2878 
0 
1 2348 
1 776 
3 58 376 2912 
2 396 1949 
1 3005 
2 1513 3292 
5 185 780 1710 1860 2092 
0 
0 
0 
3 158 194 1216 
1 3070 
3 88 803 908 
8 381 420 755 1469 1777 2303 3266 3680 
5 389 2172 2348 2759 3305 
7 372 384 695 1032 2387 2600 2767 
1 581 
1 1713 
2 1340 2268 
2 824 1840 
2 502 2864 
2 1755 3157 
0 
2 240 3259 
3 336 1852 1873 
5 210 287 551 1637 2297 
2 172 289 
0 
4 513 1029 1094 1467 
3 142 328 3008 
1 1413 
3 177 2874 3085 
1 116 
3 2024 3059 3560 
1 191 
3 541 1231 2019 
0 
4 169 1443 1915 2862 
1 236 
2 1036 2216 
2 766 3278 
3 960 2336 2797 
4 46 901 1954 2932 
3 1935 2558 3326 
2 2169 3595 
1 839 
2 897 2579 
2 3264 3697 
1 2928 
1 3544 
1 2232 
1 3063 
0 
2 1641 2511 
1 3525 
3 1334 1517 3533 
3 1771 3047 3608 
1 3357 
0 
3 2527 3454 3672 
1 2324 
3 207 3126 3244 
3 1284 1946 2292 
4 405 1164 2195 2465 
3 2060 2245 3690 
6 532 947 1128 1320 1963 3291 
2 180 1024 
1 1187 
3 336 2548 2865 
1 167 
2 2630 3464 
3 155 2278 3375 
4 1228 2802 3309 3579 
1 2907 
1 2621 
0 
1 949 
2 2375 2444 
1 903 
3 1291 1653 1981 
5 336 1983 2841 2880 3413 
5 1344 1688 2423 2638 2679 
1 2729 
3 1156 1177 2013 
5 967 2666 2731 3606 3695 
1 942 
1 3522 
2 1179 2431 
4 1139 1253 1759 2450 
3 2530 3234 3479 
4 339 654 2223 3602 
4 331 1425 2299 2455 
3 360 786 2175 
1 493 
3 1696 2438 2937 
1 614 
1 2440 
1 2833 
5 611 998 1199 1480 2800 
3 815 1989 2014 
1 146 
2 910 1863 
2 2441 3099 
0 
1 650 
1 3085 
2 1310 2708 
1 3347 
4 94 706 1708 2111 
1 2298 
3 388 393 2941 
5 1263 1610 1933 2426 2453 
2 2540 3546 
0 
4 820 2330 2598 3243 
2 896 2128 
3 2019 3109 3555 
1 2139 
1 128 
1 841 
0 
2 1637 3463 
2 216 2099 
5 1021 1058 1446 2994 3274 
2 1110 3520 
1 3550 
2 1311 3196 
5 669 1075 1632 1847 3627 
1 1414 
2 1504 2189 
2 906 3433 
1 3186 
2 1943 3338 
3 1204 1254 2666 
3 620 1439 2288 
2 27 695 
4 926 1770 3222 3348 
1 1857 
6 506 606 741 2503 2837 3602 
2 810 1229 
2 315 1391 
2 2180 2868 
2 142 2235 
5 91 173 922 3017 3288 
3 329 965 1742 
2 1205 2985 
3 127 1952 3002 
0 
0 
1 2215 
2 738 2582 
4 1676 2172 2661 3181 
3 1030 2745 3100 
4 643 2054 2078 3377 
4 433 1211 1984 3233 
1 692 
3 1672 2635 2865 
0 
0 
1 2959 
1 903 
0 
3 444 876 979 
2 1621 2194 
3 1912 2034 3693 
3 1841 3047 3164 
2 411 3061 
2 1814 2383 
4 726 792 1208 2151 
4 387 1480 1763 2684 
1 2580 
2 1610 3110 
0 
2 755 2763 
5 940 1213 1648 2370 3028 
1 1412 
5 10 671 2322 3369 3543 
1 3028 
2 424 3500 
6 93 100 531 651 2579 2853 
1 751 
3 2955 3102 3138 
4 440 1212 1789 1818 
0 
1 197 
1 2075 
1 1630 
0 
1 2983 
4 790 1831 2711 3490 
4 379 624 2525 2884 
1 2816 
0 
3 1108 1477 2794 
2 1352 3061 
2 2573 3322 
0 
0 
2 2273 2929 
1 2760 
0 
6 488 760 1150 1717 2204 2651 
3 842 938 1587 
3 199 745 1724 
2 2526 3269 
1 144 
0 
2 1781 2938 
2 503 3437 
3 1041 1650 3664 
3 684 2239 2986 
3 780 883 2483 
5 822 1359 1562 1877 2488 
1 2374 
0 
1 828 
3 864 2231 2729 
2 2600 2917 
3 2882 3038 3175 
1 1379 
0 
2 488 3228 
3 666 2296 3600 
3 52 767 3510 
3 1553 2639 2915 
5 250 654 2991 3104 3523 
3 1217 2865 3587 
1 945 
1 3297 
1 719 
2 1879 2066 
2 1735 1962 
2 1652 2771 
2 400 3007 
3 1942 2583 2612 
4 696 1095 1619 2285 
0 
2 1371 3616 
3 1426 3154 3540 
4 294 529 689 3009 
4 1085 1480 2629 3550 
1 2557 
3 786 2896 3160 
1 3361 
4 717 1725 2008 2928 
0 
1 1162 
3 3406 3441 3521 
2 1658 3581 
1 3698 
2 556 2314 
3 276 739 1851 
6 1136 1585 2176 3438 3552 3633 
2 285 1910 
1 1775 
3 2540 2811 3000 
2 1181 1858 
3 1898 3193 3610 
0 
3 264 1767 2525 
3 202 517 1165 
2 1842 3320 
2 1330 2288 
2 1391 2961 
6 522 727 1454 1574 1842 2457 
3 1438 2248 2971 
2 3057 3445 
3 249 1556 1723 
0 
2 1659 1741 
3 608 758 2029 
4 1243 1364 1926 3560 
2 2695 3354 
5 71 225 1226 1256 1382 
2 705 1520 
1 2598 
3 471 684 1952 
1 3602 
4 387 852 1056 2857 
1 2683 
1 3449 
1 2938 
1 1267 
4 505 1877 2068 2343 
3 50 2414 3397 
0 
1 3514 
1 528 
3 878 1409 2629 
2 1183 1627 
2 5 1380 
5 1489 1532 1798 2284 2404 
5 1519 1807 1888 1921 3385 
6 1000 1241 2051 2689 3319 3438 
4 655 1411 2210 3130 
1 989 
4 1695 1832 2679 3249 
2 1601 2475 
4 252 322 967 2459 
3 137 615 3318 
2 2348 2784 
1 1002 
1 1417 
4 249 1013 2532 3523 
3 630 2010 3430 
1 2771 
1 728 
1 2773 
2 535 1014 
6 1284 1501 1659 2715 2760 2873 
5 1354 1724 2262 2546 2867 
3 1895 3031 3083 
4 731 2934 3028 3637 
6 113 1551 1613 2018 2584 3344 
1 1546 
2 1727 2147 
3 27 49 2417 
1 1288 
3 1282 2146 3148 
1 3299 
1 1359 
1 329 
1 1188 
1 561 
5 334 495 1209 3079 3195 
3 136 635 2962 
5 718 1636 1805 1833 2482 
0 
0 
1 886 
3 1568 1700 2328 
4 1181 1901 3055 3584 
2 1564 2817 
2 1876 3135 
4 855 1411 2933 3244 
1 3387 
2 794 2383 
1 27 
6 349 1568 1766 1939 2737 3109 
3 850 1504 2833 
0 
4 1127 2510 3143 3168 
0 
3 2802 3412 3576 
0 
5 140 2380 3157 3166 3406 
3 1259 3156 3484 
3 3467 3566 3576 
3 177 204 732 
5 14 1007 1872 3157 3322 
3 334 2442 2971 
0 
0 
2 1670 3494 
1 288 
1 3636 
0 
2 2170 3293 
2 2782 3128 
4 244 1649 1902 3141 
3 678 1322 3374 
0 
2 804 1236 
2 1651 2610 
3 1832 2189 2609 
3 89 3039 3177 
1 1126 
3 727 2004 3595 
1 1268 
2 2953 3291 
2 845 2788 
2 1786 3127 
4 1578 1619 1660 2138 
2 1078 1914 
1 3385 
2 2156 2341 
3 0 198 2801 
4 513 1207 1666 2151 
1 1901 
3 66 2301 2810 
2 631 1838 
2 562 3380 
2 306 2259 
4 1038 1904 3066 3364 
2 1355 1533 
3 558 914 2797 
0 
4 121 594 676 1006 
2 1144 1533 
5 197 1563 1677 1885 2743 
4 646 1864 2420 3092 
0 
2 528 3294 
3 1150 2912 3009 
4 617 1431 1559 3637 
2 1765 3451 
2 58 3303 
1 2431 
3 901 3326 3608 
4 104 346 1005 2112 
4 372 1863 2002 2055 
3 450 2179 2236 
2 412 3237 
3 1046 1619 1925 
2 1363 1815 
1 1455 
2 659 3662 
3 257 2066 3355 
5 1419 1729 1762 1794 3380 
2 1251 1723 
3 652 1090 3164 
2 443 2106 
2 1015 2693 
4 160 2144 2327 2656 
1 2218 
0 
6 1313 2142 2345 2484 2864 3285 
1 1224 
0 
2 504 3231 
1 3523 
4 972 2512 3249 3382 
2 718 3551 
2 2640 3658 
4 690 2730 3051 3587 
1 1699 
2 601 2448 
1 275 
4 1568 2507 3168 3255 
3 743 1215 1283 
5 1124 1387 1732 2758 3413 
4 581 1065 3400 3445 
2 2507 3680 
1 592 
1 1543 
0 
3 1677 2042 2898 
1 2214 
1 2129 
4 199 1409 1418 2968 
4 313 1551 2894 3682 
0 
2 3084 3699 
3 1070 1808 2381 
3 557 2266 3341 
1 2320 
0 
1 3532 
2 259 1542 
3 660 1093 2453 
1 2655 
3 600 814 3411 
1 3558 
2 2016 2093 
0 
2 2429 3665 
6 937 1448 1499 3025 3177 3296 
2 1115 3362 
4 1081 1127 1473 2059 
3 1150 1721 2990 
0 
6 1269 1966 2444 2744 3421 3647 
2 1124 2895 
4 234 678 2459 2593 
0 
3 83 2267 2409 
3 1944 2528 3283 
2 1244 2936 
4 2516 2568 3018 3332 
2 322 1096 
2 132 2000 
5 506 991 2004 2108 2823 
2 1091 1908 
2 811 2721 
3 278 1610 2692 
4 987 1884 2055 3573 
5 29 443 2034 2637 3664 
1 3533 
1 3396 
0 
4 1419 1715 2972 3449 
3 1386 2653 3444 
5 614 1756 2403 2493 2738 
0 
4 21 351 475 809 
2 2002 2571 
2 288 817 
3 1370 1847 1998 
4 2025 2349 2388 2475 
6 262 915 1213 1835 1851 2876 
3 202 903 1163 
5 865 1307 2185 2455 2667 
1 1915 
0 
3 1403 1815 2283 
3 2431 2670 3099 
1 3370 
5 279 819 2113 2719 3458 
1 824 
2 928 1861 
4 29 133 1206 1884 
3 2248 2897 3460 
0 
0 
3 1335 1532 2455 
3 121 639 3247 
4 180 2532 2948 3130 
1 3000 
3 582 2241 2295 
1 2831 
4 417 436 2495 2935 
3 129 2262 2471 
0 
1 544 
2 668 3376 
1 337 
2 531 2242 
3 1368 2415 2869 
1 2668 
2 3190 3684 
5 454 466 555 2237 2723 
0 
5 899 1338 1444 3056 3113 
3 1057 1296 2079 
1 1970 
1 725 
5 1768 1937 2146 2556 2897 
3 2817 3428 3492 
3 1502 2494 3362 
2 61 2329 
4 919 1849 2807 3025 
3 2323 2503 2938 
1 3396 
2 2972 3615 
1 3073 
0 
0 
2 1620 3282 
3 242 466 1648 
2 2979 3661 
3 794 2410 2817 
3 1039 2977 3111 
3 347 639 2474 
2 353 2305 
2 72 2294 
2 376 1318 
3 2361 3279 3643 
3 373 2096 3645 
3 2659 2724 3655 
1 947 
3 2028 3266 3671 
3 1073 1639 2222 
1 1070 
3 1508 3069 3262 
4 959 1068 2136 3081 
3 2310 2710 2768 
1 2583 
2 487 1067 
0 
4 311 643 1832 1887 
3 1655 2683 2860 
3 367 1187 3457 
7 73 235 889 1480 1630 1962 2373 
0 
2 1412 3420 
5 254 974 2067 2722 3445 
1 352 
2 1285 2856 
2 1756 2995 
1 756 
1 2367 
2 1130 2963 
5 353 2188 2474 3076 3314 
3 1556 1579 3229 
3 926 1139 1790 
3 988 1752 2002 
2 1960 2395 
3 965 1369 2234 
2 544 2360 
4 751 1889 1922 2514 
1 985 
0 
3 1413 1729 2761 
1 2990 
1 2501 
6 104 1619 1833 2191 2621 2903 
4 1967 2664 2872 3031 
2 2537 2855 
1 221 
2 5 123 
1 2996 
2 1782 2232 
2 709 2524 
1 3349 
3 502 640 3045 
3 150 1600 3566 
2 2473 2669 
2 2411 2951 
0 
4 973 1163 1201 1908 
3 413 2392 2949 
3 2101 2428 3008 
1 3537 
3 2422 2885 3217 
1 326 
0 
3 234 510 2042 
2 1629 3292 
9 946 978 1135 1293 2511 2527 2576 2736 3527 
1 3654 
3 882 2865 3556 
2 857 974 
2 581 3121 
1 2410 
4 1087 1389 2964 3171 
2 253 2304 
2 3 1297 
1 1882 
3 127 366 3227 
3 1124 2038 2390 
1 768 
3 1410 2481 2493 
2 2009 3537 
5 604 1090 1992 2299 2316 
3 481 1848 1899 
2 298 1714 
1 3694 
5 1791 2822 3257 3304 3633 
6 904 1297 1577 1699 1899 1918 
2 1365 1756 
2 2628 2866 
2 1450 2804 
0 
1 2391 
3 717 909 975 
0 
2 2103 2761 
6 1855 1877 2176 2210 2601 2986 
1 2642 
4 262 1681 3014 3228 
8 305 599 1800 2253 2473 2550 2668 3478 
6 142 349 1420 1546 2012 2823 
1 1905 
2 2088 3643 
5 115 437 2715 2960 3224 
1 225 
6 762 1249 1277 1857 1994 3689 
2 1006 1115 
3 357 579 1189 
6 265 776 1548 1710 2265 2838 
1 3444 
2 2282 2975 
2 1975 2198 
1 2600 
3 374 1687 3242 
4 129 435 1493 1591 
3 170 2553 3600 
1 1596 
3 141 250 1502 
3 1177 1887 2626 
2 1969 2678 
5 599 1175 2180 2975 3063 
4 1998 2071 3043 3486 
1 603 
2 477 2751 
6 772 847 1460 1957 2128 2751 
2 1487 3540 
4 805 2580 3197 3332 
1 1449 
1 342 
4 1813 1943 2400 3187 
3 583 1077 1761 
2 838 3679 
3 1164 1300 2608 
2 2551 3131 
2 148 2132 
3 1237 3392 3447 
5 361 440 1689 3006 3016 
3 159 2043 2641 
1 2633 
1 1791 
1 300 
0 
4 614 2339 2958 3228 
2 2067 3677 
3 309 346 1115 
3 1597 2599 3297 
1 58 
4 399 649 1440 1504 
2 661 2919 
5 270 1016 1354 2270 2313 
6 19 266 893 1260 2096 2817 
3 684 2639 3273 
5 840 1589 1957 2929 3440 
0 
3 670 1277 2641 
2 698 2598 
4 690 1005 1543 2347 
3 1315 1330 1427 
8 27 281 945 2228 2387 2773 2920 3297 
1 526 
4 37 742 1956 2927 
1 156 
0 
2 2246 2518 
3 2251 2533 3389 
0 
1 3105 
4 3 933 1879 2093 
2 2584 2649 
3 789 2522 3416 
0 
2 588 2170 
1 655 
3 177 1706 3664 
2 551 1665 
1 3686 
4 1282 1826 2448 3345 
2 1856 2234 
2 1651 2268 
2 878 1627 
2 294 1192 
5 135 1363 1498 1780 2233 
1 2620 
3 504 3518 3599 
4 809 1908 2401 2550 
2 330 1887 
1 787 
2 983 1811 
3 1550 2226 2815 
2 1863 3360 
2 1982 3430 
1 3397 
2 1162 3221 
2 1755 1892 
1 925 
1 412 
4 604 1462 1985 2725 
2 649 2695 
1 1607 
2 410 789 
4 432 1834 2738 3274 
1 3595 
2 862 2766 
2 1207 2000 
1 3110 
1 3446 
2 627 2818 
4 32 84 2262 3682 
0 
1 1490 
3 798 1622 1972 
2 884 3553 
6 977 1492 1976 2968 3199 3422 
2 2121 3138 
2 17 3243 
1 2704 
2 2209 2354 
1 2562 
0 
4 9 1942 2494 3090 
5 1162 1211 1931 2726 3483 
2 1579 2780 
2 240 2428 
1 3222 
1 410 
3 834 1233 2629 
3 945 1971 3389 
4 188 578 825 1634 
1 1083 
2 2943 3163 
5 1979 2264 3529 3580 3631 
4 833 1375 2024 2242 
3 454 2380 2506 
1 2487 
3 595 3339 3473 
2 405 3254 
5 171 1124 1573 2390 3355 
2 2427 2617 
3 1506 1818 2592 
1 1039 
4 1132 1144 1717 2960 
2 1786 2126 
3 290 2079 3380 
3 273 1189 3636 
2 257 1389 
0 
2 59 1678 
3 149 2711 3363 
1 2256 
1 3068 
1 1007 
2 1391 3383 
0 
5 622 1604 2955 3023 3158 
2 642 2702 
3 391 1374 2795 
2 932 2591 
2 2358 3195 
3 137 1214 1621 
2 2920 2984 
2 1689 3126 
6 1061 1816 2142 2207 2625 3199 
2 280 2183 
3 581 3032 3461 
2 1505 3123 
3 425 876 1993 
1 2439 
1 2373 
4 3021 3084 3316 3626 
3 1826 2723 3443 
1 2169 
5 497 511 513 3006 3353 
0 
3 778 1214 3038 
3 42 268 377 
1 2907 
1 3233 
4 453 571 3364 3477 
2 1020 3225 
1 2685 
1 161 
3 440 1038 2770 
1 1703 
3 534 2811 3020 
3 32 1539 3037 
1 3465 
2 1646 3564 
2 597 3052 
4 1769 2494 3193 3655 
2 1769 3059 
0 
3 1902 2695 3220 
2 82 1537 
0 
4 254 1529 1802 2308 
3 342 710 1799 
2 1391 3039 
5 449 826 1206 2859 3362 
1 900 
1 1864 
2 22 3598 
0 
2 728 836 
0 
5 510 1376 2097 2184 3385 
0 
3 920 1238 2067 
4 787 1491 1982 2047 
4 11 478 1145 2965 
2 66 403 
2 203 3147 
2 1033 2911 
1 1093 
3 1003 2314 2934 
3 753 2443 2748 
2 2953 3317 
3 1637 2045 3631 
2 400 1312 
2 1288 1855 
3 1361 1649 2244 
2 1591 2578 
2 1575 2027 
2 735 2130 
1 806 
1 2714 
3 264 789 1676 
2 1614 3565 
1 3122 
2 1435 2083 
3 997 1932 2835 
3 946 2343 3236 
1 1709 
5 216 1130 1301 2513 3383 
0 
5 656 779 1308 1353 2042 
3 1447 1626 2029 
3 188 1565 2663 
1 2539 
3 248 1671 1996 
2 1504 3558 
0 
3 1647 1974 2802 
2 251 2047 
1 97 
2 349 1500 
1 3553 
2 1010 1723 
2 395 3548 
2 1704 1894 
1 1818 
3 2673 2975 3038 
2 2126 2855 
4 15 804 955 1455 
4 392 1137 3189 3645 
2 810 850 
2 691 1080 
2 546 1098 
4 95 644 2213 2711 
3 2078 3150 3547 
2 1462 3092 
3 818 1838 1916 
2 285 955 
3 924 996 2848 
3 490 1157 3114 
5 429 1565 3295 3624 3631 
0 
4 79 1980 2766 2861 
1 2546 
3 61 607 1735 
1 754 
4 60 1214 1504 3437 
2 1824 3497 
1 1791 
1 2881 
3 33 910 3405 
2 1983 2816 
1 2053 
2 82 1459 
1 1385 
2 513 2097 
4 1982 2818 3272 3282 
4 781 2250 2969 3359 
4 297 650 2111 3635 
3 293 1204 3471 
0 
1 1588 
3 293 553 3421 
5 131 1038 2616 2632 3324 
1 31 
4 639 2168 2323 3552 
6 503 1392 1800 1825 3071 3520 
2 972 3320 
2 1184 2998 
1 1147 
2 475 1800 
3 392 1460 3547 
2 152 1638 
2 780 1909 
3 921 1409 2369 
1 3032 
2 135 3620 
3 35 2177 3377 
3 1434 1860 3142 
6 1181 1452 2172 2311 3199 3396 
2 2071 2943 
5 164 467 1253 1416 2814 
1 171 
3 69 1840 2396 
0 
3 181 2224 3089 
2 544 2173 
0 
6 30 141 529 2044 2261 2902 
3 2247 2746 3402 
2 2267 3650 
4 115 1547 1759 3569 
3 974 1812 2117 
3 335 2590 3140 
1 1506 
1 2164 
4 245 709 2724 3250 
3 1809 2166 3417 
2 1596 2591 
4 614 685 756 1078 
1 3225 
1 383 
3 2197 2323 3092 
2 2792 2875 
0 
1 1729 
3 1182 1570 1891 
1 3089 
6 807 1651 2923 3308 3427 3476 
2 1266 3073 
3 1364 1710 2911 
4 1269 1580 2852 3153 
4 1171 1509 2385 3254 
0 
0 
2 2445 3684 
2 53 1664 
2 1238 2547 
3 221 348 972 
5 1401 2230 2376 3252 3365 
6 240 825 1853 2020 3220 3632 
7 306 433 1044 1174 1653 1877 3494 
1 504 
7 289 645 855 1204 1396 1427 1961 
3 401 1321 1660 
2 1295 1475 
1 1655 
4 1069 2696 2877 2910 
4 1493 1789 2679 2870 
3 358 2509 3254 
1 2280 
2 1937 3591 
4 199 273 521 1804 
2 2416 2939 
2 347 3398 
1 2969 
1 571 
6 1790 2480 2719 2803 3196 3667 
3 808 1704 3555 
1 790 
0 
1 2895 
0 
3 40 60 235 
2 1673 2032 
1 1780 
1 488 
0 
1 1351 
3 1897 2169 3035 
2 3030 3037 
4 807 1020 3008 3193 
6 900 904 1703 2003 2180 2258 
3 167 2750 2774 
1 2596 
1 172 
4 1349 2117 2436 3268 
2 2704 3554 
1 1341 
3 2425 2534 3568 
3 2482 2737 3383 
1 964 
3 950 1213 3441 
2 2522 2974 
1 238 
4 830 1157 2346 3047 
2 1472 2759 
2 1165 1728 
4 65 2366 3311 3510 
1 1245 
5 829 956 2419 3188 3255 
1 2918 
1 740 
0 
4 80 191 1934 2567 
5 783 1089 2137 2757 2842 
0 
1 3208 
4 910 1918 2981 3447 
4 1724 2450 3256 3458 
0 
4 728 1756 2080 2626 
2 905 3016 
6 126 848 1915 2159 2820 3058 
2 1393 1421 
2 482 2984 
2 1972 3134 
7 846 854 944 2314 2619 3462 3676 
1 2721 
5 418 473 1487 1820 2676 
1 2982 
2 2419 2702 
2 325 1293 
2 780 2003 
3 1378 2013 2558 
1 246 
2 1144 3343 
2 250 888 
3 1089 1278 2569 
2 1492 2069 
0 
5 358 2256 2294 2424 3219 
1 220 
2 425 2680 
4 293 768 2419 2954 
1 2798 
1 718 
5 1442 2248 2763 3265 3662 
1 1209 
6 454 1679 2021 2692 2704 2735 
8 406 453 1171 1377 1788 1888 2208 2418 
0 
1 3687 
2 2132 2858 
0 
2 1173 1479 
4 1202 1776 2392 2782 
4 1758 2417 2604 3383 
2 2541 3617 
3 356 1111 3508 
2 438 813 
3 1957 3142 3372 
1 1832 
2 315 1310 
1 1855 
4 175 1762 3130 3165 
1 1255 
0 
1 3557 
3 627 687 990 
1 2356 
1 316 
5 829 1646 2055 2069 3060 
4 1383 2186 2247 3455 
1 1638 
2 2772 3251 
1 2535 
4 1789 2374 2399 3037 
7 751 888 919 1101 2118 2380 2892 
5 192 1053 1657 1742 3081 
5 679 1315 2077 2358 3687 
3 1267 1733 2196 
4 201 400 401 3167 
2 2516 2582 
2 63 3097 
8 1392 2035 2077 2254 2435 2626 3066 3691 
3 805 1236 2670 
2 2910 3323 
2 1123 2829 
4 88 702 1078 3178 
1 1644 
3 643 2434 2980 
4 103 189 2334 3501 
2 1284 1650 
0 
1 842 
3 541 637 1373 
2 1453 1615 
3 38 1067 3640 
2 242 1754 
3 569 3230 3523 
4 2066 2459 2514 3080 
3 362 2217 3686 
6 1631 1794 2588 2646 2744 2927 
1 2720 
3 1343 1613 2640 
4 202 1398 2306 3300 
2 690 1054 
4 875 1376 1769 2054 
5 288 725 1634 2792 3114 
4 879 1235 1489 1988 
5 112 748 2013 3354 3361 
7 39 337 595 1502 2318 3351 3393 
3 2107 2646 2988 
5 1076 1507 2224 3154 3332 
4 1824 1863 2292 3516 
2 1620 3444 
2 415 764 
3 785 825 2752 
3 888 1505 1939 
1 2338 
4 2232 2598 3359 3411 
3 68 2179 3349 
2 1497 2268 
3 174 1231 2690 
2 893 3347 
2 2483 3414 
1 2489 
3 1795 1995 2705 
1 869 
2 1395 3507 
3 672 1808 2875 
3 1525 3132 3547 
1 3636 
1 2501 
2 667 1382 
4 905 952 3023 3053 
4 1303 2574 2751 3446 
1 1590 
0 
1 1155 
1 2836 
0 
2 73 2987 
0 
2 1762 3414 
1 1170 
4 395 597 2531 2822 
7 151 173 1193 1317 2129 2702 3504 
0 
0 
0 
3 129 2120 3552 
2 2815 3105 
3 177 812 3475 
2 40 610 
1 1906 
1 510 
7 214 941 1144 1706 2775 2831 3554 
5 846 1783 2832 3534 3655 
4 2021 2195 2904 3119 
2 3313 3394 
6 37 1339 1533 2378 2764 3586 
2 1405 1519 
1 2538 
3 1230 1699 1893 
0 
4 624 2287 2510 3012 
6 278 1388 1862 2048 2347 3284 
6 522 1165 1491 2292 2504 3261 
1 1955 
1 2192 
3 533 2807 3359 
3 1141 2042 2328 
6 346 996 1976 2102 2518 2768 
1 3234 
3 717 1297 1860 
3 39 397 1818 
2 9 322 
1 350 
4 975 2202 2305 3509 
2 2178 2369 
5 783 925 1403 2104 2981 
7 719 826 1560 2333 2366 2774 3607 
4 760 1931 3280 3569 
2 1952 2649 
2 831 2057 
1 1548 
3 924 1098 1486 
2 2664 3676 
1 3203 
8 168 946 1966 2506 2553 2817 2885 3088 
2 363 1622 
0 
4 139 747 1425 3219 
1 2187 
2 2345 3670 
0 
1 3360 
1 2581 
2 296 785 
4 482 660 1620 2717 
2 3136 3497 
2 3186 3595 
1 2568 
0 
1 1894 
1 3456 
0 
1 3572 
1 72 
1 1091 
0 
1 1640 
5 361 537 1250 3212 3284 
7 998 1084 1145 1562 2418 2678 3162 
1 1988 
1 1598 
6 150 604 1472 1774 3044 3281 
2 129 375 
3 433 1187 3422 
6 64 86 278 924 1606 1686 
2 412 685 
3 57 2097 2780 
3 911 2327 3147 
2 854 2955 
1 775 
3 1042 2273 2960 
7 480 1345 1346 1649 2120 3327 3545 
3 652 1874 2133 
1 572 
0 
2 1999 2626 
4 161 1759 2470 2727 
1 770 
2 1597 3020 
2 364 529 
2 2927 2969 
1 3327 
5 1238 1526 1915 2536 2869 
3 723 2291 2450 
2 1107 3262 
4 253 1700 2006 2242 
1 2664 
1 2276 
3 467 887 1298 
0 
1 1591 
6 698 1509 1618 2319 2760 3546 
3 1090 1518 2079 
3 1143 1196 1429 
2 1833 2066 
2 3080 3513 
4 215 924 1644 2953 
2 302 1669 
1 2473 
3 315 2449 3543 
1 807 
3 80 1352 2192 
5 1156 1447 1451 1972 3691 
2 2997 3406 
2 220 1351 
0 
2 1513 1879 
4 104 842 1966 2474 
2 115 1834 
2 282 808 
4 959 1672 1898 2183 
4 176 1478 2537 2928 
0 
5 110 1244 2692 2852 3325 
2 1473 2045 
2 339 1186 
3 481 683 2264 
4 300 920 1010 2554 
1 1318 
0 
5 698 1295 1406 1718 2059 
0 
1 1570 
0 
3 2613 3443 3569 
0 
2 1428 1656 
2 1447 3064 
4 1233 1326 3052 3654 
0 
1 2272 
2 6 414 
2 2304 2629 
1 705 
5 812 880 1075 1603 3405 
4 842 1101 1792 2156 
6 1257 1806 1858 2393 2530 3251 
3 10 1005 2295 
0 
1 3667 
2 896 1417 
3 427 2700 3040 
5 535 1464 2739 3367 3632 
1 681 
5 37 777 780 2530 3133 
5 232 1956 1957 2412 2776 
3 2189 2315 3067 
0 
0 
3 643 1003 3333 
5 1140 2048 2143 2160 2817 
4 304 1046 2026 2518 
0 
2 767 1005 
2 540 2728 
2 1501 3155 
0 
7 1153 1375 1605 1961 2132 2446 2779 
2 1234 2334 
3 653 1162 2534 
6 772 1834 2510 3566 3587 3669 
2 167 3522 
5 522 1459 1717 2222 3447 
2 333 1015 
4 1709 2359 2892 3601 
5 617 916 1246 1656 2051 
3 906 1356 1932 
0 
1 3447 
1 2418 
3 2153 3461 3666 
4 78 287 2720 3080 
0 
1 2069 
3 865 2272 2807 
4 540 2179 3391 3644 
4 274 1770 3590 3625 
1 1939 
2 417 849 
4 728 799 1153 1502 
0 
5 746 1224 1804 2779 3255 
2 295 2731 
0 
3 1133 2394 2937 
1 2519 
3 991 1016 3290 
2 905 2170 
2 3099 3229 
4 397 1075 1175 1242 
5 424 808 1591 2981 3030 
3 1095 2670 3644 
2 3601 3641 
3 1487 1909 3264 
2 1250 3210 
2 1706 3360 
3 1405 1747 3113 
1 827 
2 55 1974 
2 1530 2820 
3 773 1808 2992 
2 1140 1144 
1 364 
2 847 894 
2 875 1348 
0 
3 899 2359 3537 
3 298 1158 2715 
3 1697 2285 3658 
3 2598 2623 3124 
4 988 1115 1241 2574 
4 369 1454 1891 3394 
1 769 
3 50 2280 2419 
2 680 2134 
2 2040 2733 
6 889 2453 2665 2808 3094 3557 
8 387 553 1008 1564 1780 2260 2521 3174 
2 1417 2803 
2 2442 2545 
3 1144 1559 2305 
3 400 2871 3426 
3 1921 2848 3031 
2 808 1920 
2 330 1095 
3 2795 3359 3666 
1 2883 
1 919 
3 787 2372 2704 
1 1964 
1 2974 
1 2153 
0 
5 6 103 1277 1725 3312 
3 1386 1864 2264 
2 38 627 
4 1555 2438 2510 3344 
3 559 2457 2801 
2 2072 3428 
3 1042 1512 2812 
0 
5 854 1660 1875 2068 3577 
3 384 2889 3405 
0 
3 750 1276 2980 
3 648 1186 2619 
3 54 213 982 
1 2068 
3 403 578 2875 
3 2654 3463 3634 
0 
1 519 
1 339 
1 2789 
5 17 662 792 1726 2426 
0 
2 558 2234 
1 1711 
2 1217 1843 
5 480 1181 1209 1602 1843 
0 
0 
2 1092 3046 
3 1504 1855 1993 
3 747 1078 3524 
3 581 2260 3351 
2 1927 3686 
0 
4 977 1732 1805 2916 
1 1102 
3 195 2297 3617 
2 1176 2016 
2 1040 3223 
3 1283 2166 3143 
4 1267 1567 1800 2553 
0 
4 1398 1896 2273 3291 
4 1168 3351 3591 3674 
3 0 1269 1715 
0 
1 2222 
1 1287 
5 30 1423 2063 3046 3175 
2 595 2717 
3 1247 1364 1437 
3 596 1432 2884 
1 670 
1 1253 
0 
0 
4 373 1651 1757 1998 
3 615 3619 3644 
2 1999 2670 
1 3660 
2 1139 2434 
3 1322 1961 2983 
2 1162 2659 
1 1669 
1 1395 
1 2605 
5 330 1003 1178 1988 2314 
6 1773 1990 2257 2598 2873 3232 
3 986 1260 3234 
2 389 2077 
4 916 1001 1091 2344 
4 137 1533 1574 3667 
3 883 987 3478 
2 2301 2666 
2 1783 2175 
1 2127 
2 760 2539 
4 86 1138 3371 3492 
1 820 
1 3385 
2 1157 3191 
7 509 599 1575 1652 2391 2723 2854 
3 615 2931 3225 
1 272 
2 969 1969 
3 139 3203 3463 
3 182 829 3215 
2 551 632 
3 1501 2346 3031 
3 1590 1701 2389 
4 173 195 2971 3541 
2 355 2347 
4 549 1288 2205 3162 
2 1004 3160 
2 1849 2325 
4 411 1378 2511 2823 
2 25 1066 
3 786 1392 3528 
1 2632 
1 2128 
5 1525 2575 3304 3549 3604 
1 213 
2 680 992 
2 1626 3460 
1 77 
0 
3 1135 2067 2860 
0 
1 1913 
1 2484 
4 952 1122 1391 1714 
3 1194 2264 2964 
4 1469 2795 2887 2925 
4 31 1373 1812 2802 
3 13 2685 3572 
2 1364 1399 
4 162 1709 1848 2698 
1 2403 
1 3341 
5 71 809 1863 2313 2590 
1 2732 
3 73 1433 2054 
5 669 1649 2053 2230 2930 
3 916 991 1613 
1 3476 
4 272 1727 2686 3074 
1 3072 
3 74 974 1818 
4 373 580 2161 3696 
2 288 416 
2 2578 3035 
1 1980 
0 
0 
6 746 923 1642 1792 2238 2255 
7 1081 1200 1363 2038 2108 2513 2635 
5 799 1939 1945 2646 2953 
3 1580 1613 1871 
2 392 3645 
3 1178 1461 3493 
2 1936 2116 
3 3092 3601 3677 
1 3385 
5 131 134 701 2333 3601 
4 2168 2946 3436 3549 
5 1621 1626 2001 3030 3366 
3 669 1415 3548 
4 1039 1299 1790 2166 
4 1562 3001 3099 3680 
0 
0 
3 263 1385 2681 
1 3185 
0 
0 
0 
4 1159 2494 2519 2933 
0 
1 3294 
0 
1 522 
2 969 1224 
0 
1 3456 
6 1063 1207 2398 2609 2865 3252 
3 1361 1436 1764 
1 2920 
2 493 638 
2 2439 3657 
3 1117 2345 2750 
4 402 1715 3328 3515 
3 363 1152 2221 
1 1723 
1 227 
1 927 
2 1654 3615 
3 987 2067 3029 
0 
1 2423 
3 71 624 1439 
1 915 
2 1013 2735 
1 304 
0 
1 2072 
3 1473 1537 2292 
2 320 1619 
1 3425 
2 1693 1769 
2 1270 2949 
2 144 443 
1 2731 
0 
0 
4 239 1298 1408 2228 
1 2007 
3 631 1181 2031 
4 954 1689 2881 3206 
2 1379 2668 
1 347 
4 1191 1594 1855 2702 
1 1770 
3 367 1912 2902 
2 3282 3494 
2 1070 2541 
2 1556 2442 
1 888 
2 633 2630 
3 41 3127 3321 
4 97 288 3141 3635 
4 932 1318 2734 3028 
2 1848 3350 
2 319 929 
0 
2 834 1042 
2 831 3014 
4 219 345 2425 2498 
2 2178 3089 
2 2242 2498 
3 684 893 2822 
1 32 
5 1868 1929 2260 2693 3526 
2 2713 3252 
0 
2 891 1833 
5 71 2284 2512 2637 2797 
0 
2 1564 2191 
1 1848 
4 10 91 2060 3317 
1 85 
1 3332 
2 1476 2671 
1 385 
5 1478 1971 2079 2439 3400 
4 203 2632 2869 3345 
3 382 1446 2076 
3 560 1327 1530 
3 873 1228 1885 
1 477 
3 530 667 1460 
2 1467 2722 
1 3618 
2 608 2006 
2 768 1153 
1 1458 
6 1722 2149 2269 2588 2897 3002 
4 917 1663 1873 2283 
4 465 657 1177 1533 
2 2232 3267 
1 3494 
2 1319 1808 
3 1361 2549 3544 
5 27 1007 2683 3182 3201 
2 1614 2642 
2 1736 2489 
2 1088 3140 
5 54 645 880 1844 3371 
3 86 102 2432 
5 1101 2159 3154 3187 3262 
2 1712 1799 
1 2503 
2 679 3205 
5 27 579 1701 3015 3406 
3 13 1622 2860 
2 1483 3279 
3 1168 2293 3251 
0 
2 3152 3170 
1 88 
4 1721 2629 3033 3630 
1 3617 
2 717 2384 
4 2024 2480 2902 3112 
0 
4 286 1318 2316 2879 
1 1591 
3 285 1273 3026 
4 810 1153 2573 3430 
3 330 2681 3033 
2 2673 2752 
1 1414 
1 953 
2 665 2264 
2 372 555 
2 1643 2230 
2 930 2242 
0 
0 
3 2103 2278 2429 
4 1067 1860 1978 2576 
2 606 2243 
4 344 1466 1655 3309 
2 2541 3480 
4 168 403 1245 3258 
3 2783 3097 3525 
5 1215 2126 2254 2485 3433 
2 2294 3464 
3 1500 2054 2217 
2 381 732 
8 92 566 1107 1662 2181 2319 2406 3499 
3 1238 3090 3524 
3 1093 1234 1954 
1 658 
2 406 917 
2 1036 2689 
2 2066 2360 
2 726 3085 
2 420 2293 
1 1024 
7 1032 1288 1783 2150 2218 2445 3135 
2 2223 2593 
1 1376 
2 580 3220 
1 1220 
2 1470 1614 
5 478 781 1017 1588 3306 
0 
3 26 1438 2459 
2 1221 3044 
1 3664 
3 206 1156 2502 
4 438 495 1626 2228 
2 2066 3426 
3 1305 1582 3648 
4 415 1999 3163 3228 
3 1533 2530 3296 
2 898 3197 
3 1915 1963 2153 
2 1469 3596 
5 826 1027 1264 3199 3268 
7 13 502 2391 2854 3338 3347 3406 
6 1287 1814 1932 2043 2215 3248 
6 94 363 415 1165 2459 2713 
3 9 960 3659 
4 19 981 1471 3631 
3 534 1235 1664 
2 2178 3575 
1 1206 
0 
2 1828 1872 
4 714 1768 1974 3441 
1 3302 
2 73 2858 
3 1785 2349 2680 
3 89 2406 3480 
4 447 587 2221 3143 
0 
2 1511 1911 
2 316 2944 
1 1167 
3 1010 2179 2369 
4 807 2157 2551 3653 
5 751 1906 2703 3409 3673 
0 
2 105 1708 
5 93 650 778 2924 3591 
2 2529 3448 
1 3133 
3 345 1781 3229 
5 578 1656 1710 2117 2346 
3 2198 2240 2973 
3 1060 1582 2229 
3 1024 1835 2475 
1 738 
4 165 471 541 1968 
3 0 143 625 
2 607 1139 
0 
3 895 2005 3350 
2 2408 3631 
3 529 3361 3600 
3 1131 1830 2430 
3 1059 1721 1918 
1 1647 
1 3398 
4 301 1351 3213 3428 
0 
3 1071 2432 3281 
2 1460 2848 
2 3107 3394 
4 41 1206 2051 3145 
5 766 1370 1568 1998 3541 
2 1844 3636 
5 1139 2207 2428 2588 3411 
1 358 
1 1653 
2 1789 2232 
4 961 2503 2740 3500 
2 182 2335 
3 692 3341 3468 
3 1047 1446 1483 
2 576 3525 
2 506 2026 
2 166 3083 
3 929 1765 2461 
2 846 1714 
2 173 1045 
1 630 
4 148 311 411 443 
1 390 
2 1724 2075 
5 21 323 1633 1856 3698 
2 2321 3366 
2 557 2880 
2 270 2553 
1 1661 
2 511 1199 
3 86 2783 3636 
4 891 2602 3236 3319 
1 2371 
2 799 1387 
3 102 2002 3426 
3 932 1737 2101 
5 221 434 1546 2020 2292 
4 190 1213 1709 2023 
5 30 302 516 530 816 
2 1004 2276 
0 
0 
1 222 
3 2745 2919 3016 
1 1273 
0 
1 1611 
0 
4 1314 1621 2960 3524 
3 1862 1904 3147 
4 1094 2238 2962 3172 
2 1062 3148 
1 174 
0 
1 3070 
3 323 3193 3429 
4 1549 1724 2550 3446 
3 1086 2375 3671 
1 2855 
5 1455 1722 2283 3443 3658 
4 103 319 690 2701 
1 2342 
3 1926 2769 2792 
5 1078 1324 2572 2786 3278 
6 339 729 1618 3126 3223 3597 
4 50 593 2367 2731 
2 1500 3644 
0 
3 184 281 1703 
1 3120 
5 118 861 1289 1619 3491 
1 959 
0 
2 683 852 
2 264 2204 
1 1493 
2 2908 3542 
5 34 143 531 1215 2844 
4 112 1004 2738 3386 
1 2021 
2 1135 1293 
4 1149 2013 2263 3321 
4 364 1116 1597 3595 
3 1834 2486 3474 
2 20 1882 
3 1092 2624 2998 
3 1464 2650 3587 
0 
2 62 2096 
2 381 1618 
3 6 456 1186 
2 1241 2738 
0 
2 998 2049 
1 807 
3 322 3157 3393 
4 2232 2277 3024 3257 
0 
3 2 2302 3285 
1 981 
3 124 1056 1129 
4 287 413 420 1113 
4 211 1843 2512 2582 
0 
1 800 
2 1033 3408 
1 1514 
2 832 1598 
3 1591 1756 1867 
7 178 1551 1572 1585 1911 2502 3078 
1 906 
1 2451 
1 1119 
3 597 2110 3421 
1 1582 
3 168 1540 2148 
3 627 1952 2668 
5 93 1294 2908 3450 3679 
3 1117 1279 2316 
3 971 2221 2880 
3 2304 2965 3615 
4 603 913 1011 3549 
2 2190 2310 
1 461 
3 1632 1992 3354 
3 1626 2717 3416 
4 70 258 1537 3353 
0 
2 610 1934 
5 1323 2100 2166 2476 3407 
1 612 
4 182 618 2509 3351 
3 866 1917 2137 
1 1371 
3 593 977 2728 
6 1496 2242 2745 2921 2986 3626 
1 1855 
1 3167 
4 942 1233 2681 3093 
1 1797 
3 604 1560 1781 
2 2421 3123 
0 
5 168 627 965 1914 3131 
2 3071 3639 
5 205 607 1007 1020 3213 
0 
3 446 780 1935 
1 3421 
7 814 979 1642 2250 2265 2618 3080 
2 280 3117 
2 2327 2919 
1 3055 
4 469 2555 2663 2884 
1 325 
1 579 
0 
2 2530 2723 
1 2599 
0 
4 435 1774 2519 2899 
2 1027 2650 
0 
3 1112 1156 1796 
4 1058 1088 1805 3288 
3 813 1004 2295 
1 2439 
0 
2 2979 2983 
1 2701 
2 1518 2205 
4 224 1137 2998 3216 
3 842 1541 2501 
4 398 727 1667 2664 
3 932 2041 3578 
1 2228 
1 2393 
2 30 1290 
1 728 
3 45 1668 2187 
0 
0 
0 
4 434 998 1137 2591 
5 1044 1276 1345 2088 3590 
2 179 1026 
1 375 
4 495 2516 2959 3481 
4 2148 2150 2764 3596 
2 2913 3312 
0 
3 1100 1675 2482 
3 2253 2419 3637 
4 654 1047 2193 2320 
1 1710 
3 2788 3032 3500 
6 153 302 371 1289 1732 3311 
2 944 948 
0 
5 1510 2441 2909 3042 3270 
6 27 857 1708 1858 1934 3571 
5 467 569 1124 2027 3359 
3 937 2157 2412 
2 1389 2067 
4 254 1095 1642 2890 
1 313 
5 984 1624 2497 2983 3611 
0 
4 1220 1715 1849 3685 
3 1883 2088 2470 
3 268 2521 3669 
4 1915 2520 2798 2993 
5 136 1226 1544 2699 3119 
1 2526 
3 309 1108 2690 
3 706 775 3159 
2 720 2523 
4 267 426 575 1124 
3 85 203 982 
2 2289 3098 
5 605 1834 1842 2258 2467 
2 1688 3474 
3 819 1022 2621 
5 468 1221 2632 3349 3658 
4 1540 1857 3360 3392 
1 1617 
1 1780 
4 272 404 1103 1809 
2 1705 3121 
3 5 1394 2008 
5 240 315 628 771 3108 
4 1599 2136 2225 3592 
0 
1 3614 
1 3149 
2 81 1917 
3 826 1424 2592 
2 1498 3217 
5 256 584 3033 3222 3624 
2 15 2184 
4 1156 1241 2366 3070 
4 1190 2284 2850 3196 
0 
4 1172 1732 1972 2337 
2 1815 3435 
1 2463 
1 1042 
2 757 2678 
4 24 559 1575 3003 
1 93 
1 3418 
3 335 414 3203 
2 1274 3372 
1 2580 
1 3259 
1 3514 
1 46 
1 1555 
5 19 105 984 1745 2949 
1 1579 
4 211 358 2997 3540 
1 1001 
3 2373 2802 2839 
2 711 2210 
2 1678 1908 
2 446 2032 
4 1124 2222 3412 3636 
2 2932 3526 
4 132 1377 2062 2694 
3 348 562 695 
4 92 686 1183 2563 
1 1740 
8 390 666 1624 2412 2719 2798 2875 3586 
5 750 1072 2670 3135 3237 
3 829 1225 2977 
0 
1 7 
1 2696 
3 1644 2178 2316 
2 364 3308 
4 1474 2051 2659 3140 
5 1313 1479 2493 2849 3564 
3 1295 2546 3263 
3 979 2243 2595 
2 2705 3010 
3 212 2593 2610 
2 1535 2954 
0 
6 630 791 1212 1662 1907 1999 
3 1202 2468 3174 
3 531 733 1169 
3 370 1153 2644 
4 2341 2746 3158 3430 
2 2994 3416 
1 1598 
4 466 1997 2988 3035 
0 
1 3670 
1 1189 
3 880 2096 3038 
3 879 2595 3552 
2 2777 3210 
1 750 
2 1822 3073 
0 
1 354 
3 1444 2780 3001 
2 1294 2809 
2 2459 3362 
2 1568 1943 
3 1239 2638 2826 
8 369 590 1101 2532 2990 3165 3253 3302 
2 409 3461 
3 1907 3012 3554 
4 2395 2746 2810 3281 
2 1318 3163 
4 1175 1562 1626 1773 
1 3171 
2 1146 3009 
7 756 804 1282 1830 2202 3298 3635 
6 25 586 2139 2645 3075 3168 
1 3158 
5 375 1444 2030 2167 2533 
4 1195 2696 2843 3077 
1 2848 
3 672 2067 2998 
2 2724 3441 
2 992 2157 
3 167 597 2620 
2 740 1208 
2 939 1646 
2 1194 1211 
2 1154 2186 
1 3411 
4 436 467 502 2601 
1 2630 
4 372 1644 1654 2068 
0 
1 3475 
3 423 1225 1726 
3 192 2396 2471 
1 717 
3 81 2869 3214 
2 997 2809 
3 499 1947 3697 
2 323 966 
4 929 2836 3080 3370 
2 2911 3384 
0 
4 1064 1994 2590 2966 
1 3177 
1 667 
2 3007 3227 
4 66 1393 2463 3648 
5 1102 1730 1784 2483 2801 
2 85 1914 
5 194 600 649 2005 3511 
1 1007 
4 1034 1156 2130 2426 
6 141 292 301 1112 3342 3662 
5 1011 1627 1889 1990 2583 
3 2164 3344 3348 
4 503 2704 2806 3175 
4 99 1407 2212 2959 
2 3373 3603 
1 183 
1 1570 
1 2843 
5 1176 1756 2557 3227 3493 
4 597 812 1509 3062 
4 500 1584 2276 2830 
5 2083 2211 2448 3527 3557 
2 41 321 
5 795 1076 2185 2901 3537 
1 685 
2 1336 2046 
1 2057 
1 3165 
3 72 299 2791 
2 809 2237 
2 1665 2524 
1 335 
4 990 1590 1811 3563 
2 928 2153 
1 2578 
6 271 788 1254 1348 3144 3450 
4 1508 2587 2633 3378 
2 2763 3236 
1 2048 
1 2522 
3 1839 2865 3428 
5 430 2370 2479 2849 3675 
4 1311 1572 1689 2132 
4 426 2285 2970 3500 
5 1272 1538 1590 1926 2672 
3 1669 2594 3015 
0 
0 
5 281 300 622 2837 2906 
1 1 
2 1071 2927 
3 705 1304 1414 
1 2758 
4 2154 2265 2769 3575 
2 1381 2880 
3 825 1160 1905 
2 433 3357 
3 1742 1981 2435 
3 2816 2907 2971 
4 17 1013 1518 2582 
3 1645 1869 3535 
2 989 1569 
3 1081 2173 3506 
4 1036 1326 2013 2467 
5 1064 1477 2636 3054 3136 
1 1253 
1 1277 
2 47 1774 
3 1852 2444 3402 
4 127 598 732 2770 
4 260 940 2985 3644 
5 600 1880 2123 2375 3280 
2 2052 3360 
1 1913 
4 180 206 272 2142 
2 1590 2113 
2 114 1124 
2 854 1541 
4 998 1257 2388 2401 
1 1840 
2 2320 3353 
1 132 
0 
1 905 
4 18 977 1644 3518 
5 283 451 668 2353 2445 
4 134 1470 2602 2624 
2 227 3633 
3 1371 2854 3490 
3 3089 3162 3637 
3 253 1534 2101 
3 1180 1181 1678 
2 1659 2212 
0 
0 
1 3452 
0 
2 361 1556 
2 946 2712 
2 530 1547 
7 125 138 205 715 825 1789 2893 
3 1098 1152 3648 
1 282 
4 689 1588 2697 3126 
3 437 1703 2498 
0 
2 1259 1423 
1 531 
2 1071 1715 
3 2372 2713 2883 
3 474 1338 2729 
4 105 748 821 3460 
1 1616 
5 114 289 362 823 1215 
3 471 1534 1724 
1 1699 
4 1843 2887 3021 3453 
2 2611 3073 
2 3089 3532 
3 1855 1879 3042 
4 1278 1764 2616 3491 
0 
2 874 1597 
3 447 2227 2340 
2 816 3394 
2 279 3210 
2 2373 3640 
0 
3 886 2505 2876 
3 61 1951 3290 
1 509 
1 2688 
4 485 1484 1650 2372 
1 3069 
3 87 709 2851 
6 405 1312 1923 2044 3099 3140 
1 3456 
3 557 901 2157 
5 1586 2521 2582 3258 3464 
2 3297 3681 
2 467 614 
3 892 1935 2664 
6 588 859 1398 2045 2572 3657 
4 392 1518 1916 2817 
1 1147 
0 
1 2672 
6 221 373 1046 1713 1872 3355 
1 1914 
2 2617 2653 
2 895 2624 
3 771 1340 3373 
2 1937 3259 
2 2924 3598 
1 1462 
3 1245 1694 3077 
4 402 707 1432 2718 
7 848 1043 1056 1207 1732 1848 2803 
2 1263 1437 
3 83 257 3010 
4 1564 1897 3020 3427 
0 
5 190 1143 1688 2151 3510 
3 987 1157 2027 
1 3124 
0 
2 495 2620 
0 
2 3414 3485 
1 1629 
1 2680 
3 415 1025 1699 
2 1700 2862 
4 223 613 855 3276 
0 
4 1386 3296 3437 3632 
2 1682 2656 
2 654 2708 
2 116 1165 
3 470 2572 2882 
1 3572 
3 596 3293 3691 
1 1556 
3 349 2633 2677 
2 2387 3697 
0 
2 3139 3350 
0 
4 1419 1920 2311 2634 
2 2591 2701 
2 2551 2902 
1 2794 
2 1492 1811 
3 353 695 3268 
3 2013 2263 2748 
3 1103 1408 2368 
1 1083 
1 794 
6 105 112 253 1594 2275 3392 
3 109 1354 2893 
3 1076 2038 2196 
1 1423 
3 553 2832 3479 
0 
2 536 932 
6 584 672 742 1126 2096 2700 
1 1146 
1 826 
2 657 3128 
7 66 500 1033 1780 2167 2652 3391 
1 1509 
1 1919 
1 1102 
3 423 825 1999 
1 547 
5 1484 1672 1946 2582 3492 
5 54 212 1005 2788 3548 
2 11 1508 
3 514 3274 3433 
1 2207 
4 596 2336 2429 2714 
3 1430 2129 3553 
2 734 2839 
2 1924 2769 
3 706 1983 2463 
2 1119 1732 
1 495 
4 2044 2776 3249 3582 
0 
2 1940 3072 
2 151 2514 
0 
2 1619 1862 
2 2760 2859 
1 956 
3 978 1522 3239 
3 89 758 3536 
5 119 1017 1042 2178 3083 
2 952 3149 
2 2470 3526 
0 
2 235 2683 
6 225 1469 2134 2205 2850 3418 
2 1101 3168 
1 1701 
0 
2 336 2708 
3 589 1332 2718 
3 342 2386 2427 
3 2509 3174 3335 
2 1508 1628 
3 1368 1491 2657 
2 518 909 
2 2499 3313 
0 
2 740 3095 
2 1966 3419 
4 733 3105 3236 3273 
2 331 1552 
4 503 1205 2353 2461 
3 1215 1316 2098 
1 2445 
1 400 
4 1489 3230 3418 3486 
3 163 2288 2813 
2 2044 3618 
0 
5 345 1217 1644 1778 2710 
5 564 760 1809 3319 3367 
4 714 1209 2950 3054 
2 2054 3392 
4 70 123 356 2014 
2 558 2577 
3 105 850 2088 
2 828 1370 
2 322 1026 
1 983 
2 610 1882 
7 281 337 723 797 1047 3081 3177 
2 1514 3121 
0 
1 626 
1 3165 
3 458 1286 1461 
3 338 2281 3419 
2 3053 3497 
1 2076 
1 289 
1 1022 
4 1116 2121 2568 3186 
3 230 2929 3150 
2 333 1113 
0 
5 885 1372 1794 2068 3457 
2 1585 2596 
3 697 1310 1766 
0 
1 3328 
2 263 1199 
6 62 101 675 2497 2673 3191 
4 1160 1297 1768 2358 
3 40 779 3696 
4 120 841 2360 3401 
4 1087 3042 3203 3206 
3 403 1130 2043 
2 1365 2430 
2 2659 3622 
1 101 
2 955 1269 
3 1438 1516 1778 
1 2703 
4 781 866 2022 2718 
3 996 1049 3250 
2 2293 3551 
3 466 1544 1928 
3 1167 1177 1407 
0 
2 1057 2584 
1 3234 
2 1055 2478 
2 1632 1942 
4 1559 1723 1888 3512 
1 1571 
7 704 1993 2478 2516 3340 3559 3670 
2 1316 1566 
2 661 2730 
4 312 726 1153 2445 
2 333 1684 
2 1654 2605 
1 401 
5 975 1099 2621 3269 3592 
1 741 
2 66 1898 
1 2521 
3 639 2603 3399 
1 1084 
1 1106 
2 1801 2570 
4 1449 2395 2481 2635 
2 36 184 
3 771 1023 3366 
2 2080 2616 
3 178 662 2178 
1 2558 
1 3008 
1 520 
2 1193 1328 
3 749 2662 3582 
5 545 1117 1532 3004 3225 
3 755 909 2628 
4 2594 2819 3051 3401 
1 385 
2 1708 2623 
0 
4 1155 2147 3140 3573 
2 2195 2705 
3 1193 1563 2353 
2 659 3429 
1 984 
1 3133 
5 285 340 1340 1776 2820 
2 1325 2776 
0 
2 1310 1677 
2 2406 3468 
3 194 972 1046 
1 2209 
0 
4 690 693 828 2142 
3 2108 3199 3588 
5 70 356 1531 1888 2077 
4 827 1102 1920 2020 
5 1320 1456 2505 3083 3618 
5 476 2202 2211 2548 3516 
1 212 
3 1530 2062 2605 
0 
3 1341 1531 1618 
5 734 1330 1407 2609 3416 
3 145 881 1353 
2 298 1839 
0 
3 2509 2779 2963 
1 1178 
2 1759 2251 
2 6 1110 
3 1960 1980 3228 
5 572 681 1546 3222 3388 
1 3556 
0 
2 442 3550 
2 940 3010 
4 266 1344 1826 3658 
2 1677 2945 
3 406 2724 2929 
3 364 847 2462 
2 85 1038 
1 782 
1 1564 
2 549 1346 
3 1613 3128 3240 
4 380 682 710 3086 
1 2679 
2 567 1177 
2 1825 3391 
0 
4 154 899 1626 3127 
4 356 1844 3327 3407 
2 45 1306 
3 1069 2793 3300 
4 105 527 2364 2550 
2 1447 2454 
2 2058 2889 
5 460 1050 1490 2613 2777 
1 2057 
2 2630 3334 
1 1088 
4 40 2633 2815 3087 
3 36 275 2419 
5 840 3124 3229 3256 3257 
6 165 1642 1793 1869 2459 2656 
4 1070 1620 2938 3586 
0 
6 80 827 2326 2897 3032 3612 
2 958 1325 
3 547 621 2239 
1 3061 
2 3077 3459 
1 1732 
5 1466 1488 2149 2749 2778 
3 466 1276 2233 
2 94 359 
4 906 1416 1483 2073 
1 2448 
1 1914 
3 2915 3382 3594 
0 
3 1625 2227 3296 
1 2529 
5 618 1011 1886 2080 2795 
2 52 668 
1 3344 
2 256 697 
0 
2 162 741 
4 1223 1694 2917 3695 
1 58 
2 25 2312 
2 184 2540 
5 77 493 632 854 3349 
5 319 483 687 1261 3506 
3 96 1057 3609 
1 2205 
2 1038 1894 
2 1420 1650 
0 
1 3642 
1 2460 
0 
2 1701 2522 
2 379 2379 
3 1128 2538 2939 
1 1384 
3 147 1321 2451 
4 338 1907 2824 3079 
1 257 
4 577 1317 2374 2763 
4 887 2140 3066 3383 
4 124 874 2868 3060 
0 
3 810 1022 1606 
2 1190 2453 
2 465 1673 
3 1842 2290 3019 
2 1567 3146 
4 849 2242 2583 3137 
2 1743 2724 
1 3135 
3 30 697 1270 
1 2846 
5 1474 2188 2590 2795 3014 
3 875 2141 3505 
3 1459 1602 3620 
3 857 1971 2278 
2 2695 3492 
1 2313 
2 3134 3541 
5 1367 1765 2359 3164 3166 
2 834 2361 
2 2544 2898 
4 1415 2950 3327 3430 
0 
1 2200 
2 149 1492 
3 754 1655 2191 
1 1853 
2 862 3521 
4 537 861 865 2405 
4 6 1310 2602 2631 
1 2525 
3 758 2025 3564 
1 3638 
5 300 1756 2024 2749 3402 
4 1286 2257 2625 3497 
3 681 926 3147 
7 161 189 1606 2621 2687 2942 3585 
2 861 3147 
2 1623 2447 
6 442 857 944 2630 2903 3508 
0 
2 172 2200 
4 313 1130 2627 3281 
1 2360 
0 
3 1915 2599 2909 
3 734 1980 2672 
1 3318 
4 881 972 2660 2938 
1 1630 
1 179 
1 3530 
1 667 
1 2185 
2 388 3347 
0 
2 133 2084 
7 98 647 1744 2949 3397 3677 3684 
3 1186 2191 3505 
2 1551 3497 
2 24 1410 
1 1035 
2 2012 2959 
0 
5 773 1345 1532 2365 3432 
0 
3 840 1314 3650 
3 642 1518 2551 
2 1183 2259 
0 
5 1269 1318 1460 2262 3029 
1 3698 
1 2185 
0 
4 1731 2017 2561 2963 
0 
2 2194 3443 
2 2129 2963 
1 17 
2 343 1558 
1 3607 
4 81 1892 2611 2785 
1 3627 
1 1755 
2 2308 2455 
2 2652 3536 
1 2018 
2 2481 3469 
4 189 1119 2547 3689 
2 3459 3571 
3 1582 1735 3455 
5 337 1348 1501 2245 3625 
1 1249 
4 652 1280 2548 3047 
2 1970 2374 
4 233 1160 3622 3668 
5 137 1335 1481 2014 3008 
0 
3 1134 2662 2678 
5 737 1155 1199 2257 3046 
4 1089 1886 2291 3079 
3 1641 2923 3292 
3 216 935 3368 
2 1999 3583 
3 48 670 1333 
4 605 1716 2000 2978 
0 
6 53 1387 2341 2697 2917 3273 
2 918 2583 
1 326 
2 19 2895 
1 3060 
0 
1 1170 
3 630 1271 3685 
2 577 850 
1 3353 
0 
1 1021 
2 2264 3424 
3 812 937 2887 
3 108 1477 2972 
4 226 1616 1834 2198 
4 1500 2096 2154 3426 
2 109 2621 
3 1292 1493 1510 
4 944 1551 1879 3634 
4 158 390 1560 3079 
4 348 1143 2406 3079 
4 2226 2798 3560 3673 
4 63 539 2564 2812 
0 
1 1710 
3 1069 1782 2191 
1 2592 
3 563 1891 3442 
1 1588 
4 71 529 1066 3611 
1 2181 
5 86 1537 2262 2853 3350 
2 720 2990 
3 164 2509 3416 
0 
2 1437 3640 
3 1208 2917 3236 
6 207 639 1257 2878 3482 3618 
0 
1 2833 
0 
2 556 2373 
2 1062 2197 
2 1725 2731 
4 1759 2310 2624 3171 
3 1053 1437 2135 
1 982 
2 1709 1755 
3 19 932 2408 
2 3329 3680 
0 
2 659 2474 
1 3319 
3 66 1884 2789 
3 581 885 1974 
3 521 1123 3230 
2 873 2841 
2 908 2090 
3 1421 3539 3601 
4 972 2258 2835 3097 
4 744 1202 1215 2799 
1 2629 
1 835 
2 1647 3069 
1 62 
2 2274 2621 
1 912 
4 61 1143 2032 3332 
2 294 530 
1 2248 
1 69 
3 1489 2589 3311 
2 588 2224 
0 
3 1549 2506 3308 
2 1931 2499 
2 1702 2913 
1 1088 
0 
1 1325 
3 163 1372 2161 
5 288 815 3176 3323 3466 
4 809 2341 2928 3289 
3 476 777 1448 
2 2140 2391 
3 93 711 865 
3 340 1628 3318 
1 1444 
1 1811 
2 559 914 
4 1769 1779 3067 3150 
2 2102 2957 
1 3286 
0 
2 3440 3686 
7 283 376 984 1183 1655 2163 3304 
2 233 1847 
1 3075 
1 2909 
1 120 
0 
2 648 2263 
2 383 1291 
1 2983 
3 960 2050 2322 
1 2669 
1 1577 
4 829 1934 2671 3101 
2 1233 2167 
0 
4 623 1666 2263 3183 
2 652 2671 
8 111 213 1109 1663 2533 3109 3373 3606 
6 67 255 2143 2301 2846 3268 
6 487 1653 1963 1975 2441 3631 
1 3498 
4 1328 2436 2740 3245 
3 788 1652 2434 
5 223 316 923 1293 2807 
0 
3 446 573 2716 
0 
5 1438 1662 1713 1923 2511 
6 467 1246 1739 1893 2534 2732 
3 759 1652 2303 
4 973 1044 1354 2618 
1 1304 
2 899 1334 
2 1500 3372 
3 2077 2335 3000 
2 1840 2928 
1 3231 
3 279 441 692 
2 1012 2656 
2 2009 2189 
3 1602 2562 3365 
3 2674 2811 3349 
2 139 876 
3 378 587 3613 
1 1030 
2 669 1458 
1 2696 
1 289 
3 897 924 1299 
0 
2 937 3095 
5 1308 1389 1541 1598 3127 
1 2657 
5 808 890 1361 2011 2074 
1 2388 
1 851 
1 3047 
3 1221 1283 3498 
1 3573 
3 1873 2869 3064 
6 225 1192 2534 2858 2930 3555 
3 428 1653 2405 
4 1702 1909 2312 2784 
0 
4 132 994 1048 1460 
4 800 1248 3186 3417 
3 20 1515 2307 
2 2994 3606 
2 947 2166 
2 2962 3010 
3 1470 2728 3162 
1 307 
2 54 138 
3 1431 1832 1940 
5 763 861 1801 2195 2263 
2 2439 3067 
2 157 2415 
3 23 345 2285 
0 
4 967 1662 2316 2643 
2 859 2576 
2 596 946 
5 1667 1686 2828 3465 3679 
0 
6 332 1226 2435 2603 3038 3270 
2 1478 3397 
3 2560 2902 2923 
5 100 482 2916 2944 3623 
1 1080 
4 977 1443 2423 2458 
2 1269 1761 
1 255 
1 3248 
1 2119 
5 43 1919 2255 2344 3252 
2 1489 2820 
7 268 463 1043 1936 2308 2700 3479 
2 2365 3017 
7 114 276 820 1247 2210 2602 3150 
0 
1 3193 
4 646 2228 2878 3480 
0 
2 414 2554 
1 2076 
3 724 1427 2835 
2 768 809 
1 431 
2 1209 3331 
4 763 1543 2273 2636 
1 3264 
4 1326 1822 2369 3205 
4 997 1166 1657 3581 
3 782 947 1081 
3 1262 1678 2366 
4 1192 1559 1860 1866 
4 81 230 342 2289 
2 796 996 
2 2427 2695 
1 911 
2 20 2755 
1 2776 
2 37 575 
2 1614 3219 
3 1748 2095 2796 
4 323 1077 2953 3643 
4 99 390 1013 1560 
2 3087 3218 
3 1017 2035 2771 
4 1320 1868 2622 3684 
1 1568 
3 637 1947 2017 
4 310 586 2229 2798 
2 1342 3414 
1 3318 
2 257 863 
2 2322 3024 
2 476 3216 
0 
1 1440 
1 265 
1 1291 
4 88 2393 2531 3597 
2 1695 2648 
2 1489 2056 
2 406 1334 
2 1156 2004 
3 605 2862 3428 
3 2225 2277 3433 
2 404 2497 
2 53 3274 
2 218 1277 
1 862 
3 337 388 2828 
2 1178 2923 
0 
1 259 
1 278 
3 705 2748 3554 
2 2380 2780 
5 466 1043 2009 2875 3144 
2 2071 2678 
5 869 1502 2135 2182 3525 
0 
3 359 3524 3616 
5 1428 1743 2945 3163 3188 
2 3352 3389 
1 2232 
4 694 2320 2505 2703 
2 1633 3584 
0 
0 
1 1689 
3 194 3141 3187 
3 62 2722 3110 
2 167 1671 
4 229 409 1600 3168 
3 1721 3563 3589 
4 739 1549 2822 3656 
3 11 371 2666 
1 2981 
1 1793 
4 429 491 802 2565 
1 2102 
3 436 1656 3033 
0 
2 1240 2744 
0 
2 640 1447 
3 473 763 3156 
3 602 1859 3667 
5 354 741 819 936 1641 
4 1962 2233 2358 3496 
4 570 2227 2324 3494 
4 2153 2577 2899 3671 
2 1124 2681 
1 2029 
1 1287 
2 448 3180 
1 459 
2 963 2778 
3 137 571 993 
1 1700 
1 2720 
3 145 2896 3214 
4 1118 1138 1904 2683 
0 
1 3295 
3 754 1182 2570 
3 2022 2314 3146 
1 2386 
4 18 293 692 1797 
2 565 2184 
1 1769 
3 508 628 1789 
3 1415 1452 1673 
3 1404 2078 2876 
4 366 2032 2076 2431 
3 641 756 3050 
3 197 938 2973 
4 768 1446 1693 2610 
3 1268 1402 2881 
4 1538 1699 2623 3490 
4 16 632 1519 3392 
3 243 1126 3048 
3 1609 1914 2681 
3 127 968 1396 
1 2983 
4 59 549 787 3258 
0 
0 
2 2692 3509 
3 1343 2591 3160 
1 1383 
3 863 1111 1858 
3 402 446 3622 
1 1540 
4 291 1472 1725 1822 
0 
2 2510 3218 
3 1750 2046 2840 
3 991 3014 3390 
1 3663 
2 2269 2713 
2 859 863 
1 1939 
1 2484 
2 588 3596 
1 1287 
3 102 764 3444 
2 2887 3007 
1 3232 
2 847 3501 
2 48 3165 
3 1703 2582 3081 
5 442 742 940 1858 2396 
2 209 3029 
1 3509 
3 373 1874 2494 
4 331 1512 1975 2288 
2 2541 2990 
0 
1 3095 
5 560 883 1258 1744 2392 
3 2261 2498 3579 
2 2374 3474 
2 1357 2813 
1 1240 
4 738 1172 2303 3674 
5 1862 1890 2073 2075 3295 
3 606 654 793 
2 2674 3685 
1 2032 
0 
3 600 3349 3399 
2 1724 3209 
2 572 914 
1 3111 
2 278 773 
2 2516 3266 
1 3083 
1 3375 
1 2543 
4 114 1049 2107 2430 
2 753 3496 
4 82 1599 1968 2203 
4 2174 2925 3032 3274 
1 1989 
2 1457 3142 
0 
3 2966 3224 3567 
1 3419 
3 1421 2548 3698 
2 1874 3220 
2 1325 2445 
2 643 3211 
0 
0 
1 2202 
6 1287 1373 1421 2267 2302 3351 
3 1501 1840 2835 
4 204 768 1143 2747 
2 1947 3255 
3 1439 2141 2629 
6 871 1300 1674 2315 2340 2576 
4 828 910 2502 2749 
2 430 3161 
2 2454 3642 
4 96 1639 2786 3272 
1 1890 
2 3116 3639 
3 1062 1159 3457 
5 1873 1889 1989 2376 2730 
4 264 1063 1410 2070 
2 106 268 
1 977 
3 2256 2663 2761 
1 80 
2 1471 3195 
0 
0 
3 251 415 2284 
3 301 1125 1826 
5 53 83 1064 1345 1700 
1 3510 
3 306 2100 2802 
5 939 1906 2369 2533 3052 
2 502 2266 
3 324 370 1991 
1 1055 
3 922 1588 2669 
2 17 3574 
6 83 247 725 992 1230 2252 
1 971 
2 1868 1923 
4 1518 1837 2003 3522 
2 290 3224 
3 98 1858 2520 
4 170 1737 2607 2983 
4 57 1066 2367 3526 
1 575 
2 2285 3258 
2 1975 3600 
2 147 2701 
2 1568 1730 
3 1200 2073 3186 
0 
3 1188 2427 3414 
4 529 948 2080 3286 
1 2799 
2 956 1264 
0 
4 1035 1496 3186 3461 
3 2518 3243 3603 
4 1232 1643 1964 3331 
2 1593 1621 
0 
2 1162 3217 
1 580 
3 1626 1800 2841 
0 
1 680 
2 477 1142 
2 600 3105 
2 2060 2961 
3 563 2654 2844 
6 164 511 765 2334 3200 3624 
1 958 
2 1 1 2 1 2 1 2 1 2 1 1 1 1 1 1 1 2 1 3 1 2 1 1 1 2 2 4 1 1 3 3 2 1 2 3 1 1 3 1 3 3 1 1 1 2 1 1 2 2 1 1 1 2 1 2 2 3 1 2 2 4 1 1 1 1 4 1 2 2 1 3 3 3 1 1 1 1 2 2 1 1 1 2 2 2 3 1 2 1 1 1 3 4 3 2 1 2 2 2 1 1 1 1 1 3 2 1 1 2 1 1 2 1 2 3 2 1 1 1 2 2 1 2 1 1 2 3 2 1 1 2 3 1 1 2 3 3 1 3 1 1 2 2 2 3 3 2 2 1 1 1 3 3 3 1 1 1 2 2 1 3 2 2 1 1 1 3 3 2 1 3 1 1 3 2 1 3 2 2 1 1 2 1 3 2 1 1 2 1 1 1 2 1 2 2 1 2 4 3 1 1 3 2 1 1 1 1 1 2 1 1 1 2 2 1 2 1 2 1 3 3 1 2 2 2 2 1 1 2 1 1 1 2 2 2 1 2 2 1 1 1 3 2 1 1 1 2 1 2 1 3 1 3 2 1 3 1 1 3 1 1 3 2 3 3 2 2 3 1 1 1 3 3 1 2 1 1 2 1 3 2 1 1 1 1 1 2 2 1 1 2 1 3 1 2 2 1 2 1 2 2 1 1 2 1 3 2 1 1 2 1 2 2 1 3 2 1 1 3 2 1 3 2 1 2 1 1 2 2 4 2 2 1 1 2 3 2 1 1 1 1 2 2 2 2 1 1 2 2 2 1 1 1 1 1 1 1 1 2 2 3 1 1 2 1 1 1 1 2 3 1 2 3 2 2 1 1 1 1 2 2 1 1 2 2 1 3 1 2 3 2 2 1 1 1 1 2 2 1 3 3 2 3 2 2 3 1 1 2 3 1 2 1 1 1 1 2 2 1 2 1 1 1 2 4 2 1 2 2 1 1 1 3 2 1 3 2 1 1 3 1 1 1 2 1 2 1 2 2 1 1 1 3 2 1 1 1 1 2 1 1 1 2 2 2 4 3 1 1 3 3 2 3 1 3 1 3 1 1 2 1 1 1 1 2 1 2 3 1 2 1 1 2 1 4 1 1 1 1 4 1 1 2 1 2 2 1 1 1 4 1 1 1 1 1 1 1 2 2 1 1 1 1 1 1 3 1 1 1 3 1 1 1 1 2 2 3 1 2 2 3 2 1 2 1 1 1 1 2 2 2 1 1 2 2 2 1 3 3 2 1 2 1 1 1 2 1 1 1 1 3 1 2 1 3 2 2 4 1 3 4 2 1 2 1 2 3 2 2 1 1 1 1 1 1 2 2 2 1 3 2 2 2 2 1 4 1 1 1 2 2 2 1 1 1 1 3 2 1 2 1 1 2 2 2 2 1 1 1 3 1 1 1 1 1 1 2 3 2 2 2 2 1 2 1 2 1 1 2 1 1 3 1 3 1 1 2 1 3 1 2 2 1 1 2 1 2 1 2 2 1 2 1 1 1 1 1 1 1 2 3 2 1 3 2 1 1 1 1 1 1 3 1 1 2 1 1 2 1 1 1 2 1 1 1 3 1 1 2 2 2 1 1 1 1 1 2 2 1 2 1 1 3 1 2 2 2 3 1 1 2 2 3 1 1 1 2 3 3 2 2 1 2 1 2 2 1 2 1 1 3 1 3 2 2 2 1 2 1 1 1 2 2 1 1 1 2 2 2 2 3 1 2 1 2 2 1 1 1 4 1 1 1 1 2 3 2 1 1 2 1 1 2 1 1 1 2 1 1 2 1 1 2 2 2 1 1 1 3 3 2 1 1 2 2 2 2 1 1 2 2 1 1 1 1 1 3 1 3 1 2 1 1 1 1 2 1 2 2 3 2 1 1 1 2 2 2 1 3 2 2 3 1 1 1 1 2 1 3 1 2 2 3 4 2 3 1 1 1 1 1 1 1 1 2 2 1 1 2 3 2 1 1 1 2 1 1 1 1 1 1 3 2 2 1 2 1 2 1 1 1 1 3 1 3 1 1 2 2 2 1 2 2 2 2 3 2 1 2 2 2 1 2 3 3 4 2 1 2 1 1 3 2 1 2 1 3 1 2 4 2 1 1 1 1 4 3 1 2 1 1 3 2 2 2 1 1 2 3 2 2 1 1 2 3 2 1 1 3 1 2 2 1 2 1 1 2 2 4 1 3 2 1 4 2 1 1 2 1 1 2 2 1 1 1 3 1 3 1 4 3 1 2 2 1 1 3 1 1 2 3 1 2 2 3 3 1 1 1 3 1 3 1 1 1 1 3 1 1 2 1 2 1 2 1 1 1 2 2 1 1 2 1 2 1 3 3 1 2 1 1 1 1 1 2 2 1 4 2 1 2 2 1 1 1 3 3 1 2 4 2 1 1 1 3 2 3 4 1 1 1 2 2 1 1 1 3 2 4 1 1 2 2 1 2 1 1 1 1 2 2 2 2 1 1 1 3 1 1 3 2 1 1 1 4 2 2 1 3 2 1 1 1 3 2 2 1 1 1 2 2 1 1 2 1 1 2 1 3 3 1 1 1 3 1 2 1 1 1 3 1 1 3 1 2 2 3 1 2 1 1 1 2 2 4 1 2 1 1 1 3 3 1 2 3 1 2 2 1 1 4 3 1 2 1 1 2 1 3 1 1 1 2 1 2 1 1 1 2 1 2 2 2 3 3 2 4 4 2 1 1 1 2 2 5 1 2 2 1 2 1 1 1 1 3 2 1 1 2 4 1 2 1 3 3 2 2 1 1 2 4 2 1 3 2 2 1 2 2 3 1 1 3 1 2 2 3 1 1 1 1 2 2 1 1 2 2 2 3 1 3 1 1 1 1 1 2 2 2 1 1 2 2 3 1 3 3 2 1 1 2 1 2 1 2 1 4 1 3 1 2 1 1 3 1 2 1 1 1 3 1 1 1 1 1 2 2 1 2 1 2 3 2 1 2 3 2 2 1 3 2 2 2 1 1 2 1 1 1 2 1 2 1 1 2 1 1 3 3 1 1 1 2 4 2 1 2 1 1 1 3 1 3 1 2 1 3 2 1 1 2 2 3 2 1 2 1 2 3 2 1 2 2 2 2 2 1 1 3 1 3 2 1 2 2 1 1 3 1 1 1 1 1 2 2 2 3 3 3 1 1 2 2 1 2 1 2 3 1 1 1 1 3 1 3 1 1 1 1 1 3 1 2 2 1 2 2 2 3 2 1 2 2 1 1 1 3 1 1 2 1 1 2 2 1 1 1 2 1 3 1 2 1 3 1 2 1 1 2 2 2 2 1 1 2 1 3 1 1 3 1 2 1 2 1 1 2 2 3 1 2 1 1 1 1 1 3 2 1 3 2 1 2 2 1 1 1 1 2 2 2 1 2 2 2 1 1 2 2 1 1 2 1 1 2 1 1 1 2 2 1 2 3 2 2 2 2 1 2 2 1 1 3 2 1 2 3 1 2 1 2 1 1 1 3 2 1 2 1 2 1 1 1 3 2 2 2 3 1 1 2 1 1 1 1 2 2 2 3 2 1 3 1 1 1 1 1 1 1 3 2 1 1 2 1 2 1 3 1 3 2 2 1 1 1 1 1 1 1 2 1 1 2 1 2 1 2 2 4 3 4 1 2 1 2 3 1 1 2 1 1 3 2 1 1 2 1 1 1 2 2 4 2 3 1 3 2 2 1 3 1 1 3 2 4 3 1 2 3 2 2 2 1 1 2 3 2 1 1 2 3 1 1 1 2 1 2 3 1 1 1 2 1 1 1 1 2 3 3 1 1 1 2 1 2 1 1 1 1 1 3 1 2 1 1 2 1 4 4 3 1 2 3 3 2 1 1 3 1 1 2 1 2 4 2 1 1 2 2 2 1 1 2 1 2 1 1 1 2 2 1 2 3 1 1 1 2 1 1 1 1 2 1 1 2 2 1 1 3 3 1 4 1 2 2 3 1 1 3 2 2 1 1 1 1 2 3 1 1 4 2 2 2 1 1 2 1 1 1 3 2 2 1 2 2 1 1 2 2 4 2 2 1 1 2 1 2 2 3 1 2 3 2 3 1 2 1 1 1 2 1 2 1 2 2 2 1 1 2 2 2 2 3 2 2 1 1 1 2 1 1 3 2 4 1 1 3 2 1 1 3 1 1 1 2 2 2 4 2 3 2 1 1 2 1 1 2 1 1 1 2 1 1 3 1 1 2 1 3 1 1 2 2 1 1 2 1 3 1 2 3 1 3 1 1 1 1 1 1 1 1 1 1 3 3 2 1 3 1 1 2 1 1 3 2 1 1 2 2 2 3 1 2 1 1 1 1 1 1 1 3 1 2 2 2 1 3 1 3 3 1 2 2 3 1 1 1 1 1 2 1 3 1 2 2 1 1 1 1 1 3 2 2 2 1 3 1 1 2 2 1 1 1 2 2 1 1 1 1 1 2 3 3 1 1 1 1 2 3 1 1 1 1 3 2 1 1 1 3 2 1 2 2 2 3 1 2 2 2 1 1 1 4 3 1 1 1 1 3 3 2 3 2 1 3 2 3 1 1 1 1 3 1 1 1 2 1 3 1 2 1 2 3 3 2 2 2 3 2 2 2 1 1 3 1 1 2 2 3 4 3 1 2 1 1 1 2 2 1 1 3 2 1 1 3 1 5 3 1 2 1 1 3 1 1 1 1 4 1 2 1 2 2 1 1 2 1 2 1 2 3 1 2 1 2 1 3 3 1 2 1 1 1 1 1 1 3 1 1 1 2 3 1 1 1 2 1 2 1 2 2 3 1 2 1 1 1 2 2 2 1 4 1 1 1 3 1 3 2 2 1 1 2 1 1 2 2 1 1 1 2 1 1 3 1 2 1 2 1 2 1 1 3 1 2 1 1 3 3 1 2 1 1 1 2 3 2 1 2 2 3 1 1 3 2 2 2 2 1 1 1 3 1 3 2 1 2 1 2 2 3 1 2 1 1 1 1 2 1 1 1 2 2 1 1 1 1 3 2 2 1 1 3 1 2 1 2 2 1 1 2 1 1 1 2 1 3 2 1 1 2 2 3 2 2 2 2 2 1 1 1 2 2 2 2 1 1 2 1 1 1 2 3 2 2 3 3 2 1 1 1 1 1 3 4 1 1 2 1 1 3 2 3 4 4 1 2 1 2 1 2 1 3 1 1 1 1 3 1 3 1 2 1 2 1 4 2 1 2 1 1 2 2 1 1 3 1 1 2 1 3 1 1 1 2 2 3 1 3 1 2 2 2 3 2 1 3 4 1 1 1 2 2 2 1 2 1 3 2 3 1 1 1 1 3 3 2 2 2 4 1 2 2 3 3 1 1 1 1 3 1 1 2 1 2 2 3 3 1 3 3 4 3 3 1 4 1 3 1 2 2 1 1 2 2 2 1 2 1 3 3 3 1 1 2 1 2 1 4 2 1 1 1 1 1 2 2 1 3 2 1 1 2 2 2 3 1 1 1 1 3 2 1 3 2 1 2 2 2 1 2 1 2 3 2 1 1 1 3 2 2 1 3 1 2 1 1 2 1 2 2 1 3 3 3 2 1 2 1 1 1 2 1 2 1 1 2 1 3 1 1 1 1 3 3 1 1 1 2 1 1 1 2 1 1 2 2 1 1 3 2 1 1 1 1 2 1 4 1 2 3 1 2 2 1 1 1 1 2 4 2 2 2 3 1 1 1 2 1 2 2 1 1 1 2 2 1 1 2 1 4 1 2 2 1 1 2 2 1 1 3 2 1 1 1 2 1 2 1 2 1 3 1 1 1 1 1 2 1 2 1 2 3 1 1 1 1 1 1 3 3 3 2 1 3 1 1 4 1 2 1 1 2 1 2 1 1 1 1 1 1 2 1 1 2 2 2 1 1 2 3 1 2 2 2 2 1 3 1 4 1 3 1 1 1 3 1 1 1 1 2 2 1 2 1 1 1 2 2 1 1 2 2 2 1 3 1 1 2 1 1 3 2 3 1 1 1 1 3 2 2 3 4 1 2 2 1 3 3 2 1 2 3 1 1 1 1 2 1 1 1 4 3 1 2 2 1 1 2 1 2 2 3 2 2 1 1 3 2 1 2 1 3 2 2 2 1 3 1 2 2 2 2 2 1 1 2 2 1 3 2 2 2 2 2 1 2 1 2 2 1 1 1 4 3 3 2 1 2 1 2 2 1 1 1 1 1 2 1 2 2 2 2 3 1 2 2 1 1 2 1 2 3 1 2 3 2 2 1 1 1 2 2 1 3 1 1 3 3 2 1 1 1 3 4 1 3 4 2 2 1 1 4 2 1 1 2 1 1 3 1 1 2 1 3 4 3 1 3 2 1 2 2 1 1 1 1 1 1 1 2 3 3 1 3 1 1 1 1 1 3 1 3 1 1 1 1 3 1 2 1 3 3 3 1 1 2 1 3 1 1 2 1 1 3 1 2 1 3 1 1 1 2 2 3 2 2 2 1 1 2 2 2 1 2 1 1 1 2 2 1 2 1 2 1 3 4 1 1 1 1 1 1 1 1 1 1 1 2 2 3 1 1 1 1 1 1 3 1 1 1 1 4 1 1 1 4 2 3 1 4 2 1 2 2 2 1 1 1 1 1 1 2 3 3 2 2 1 1 2 2 1 1 2 2 1 1 1 3 2 2 1 1 1 1 1 2 1 3 1 2 1 1 3 1 1 2 1 1 1 4 1 3 1 1 1 2 1 1 2 1 2 1 1 2 2 1 2 2 2 1 1 1 1 2 1 2 3 1 2 1 1 1 3 1 3 2 1 1 3 1 1 1 1 1 1 1 2 2 2 1 3 2 2 3 1 3 2 1 1 1 2 1 1 2 2 4 2 1 2 1 3 1 1 3 1 2 1 3 1 1 1 3 1 1 2 3 1 3 2 1 1 3 1 1 1 2 3 4 2 2 1 2 1 2 2 1 2 1 2 1 2 1 1 2 1 3 1 1 2 2 2 1 1 2 2 1 1 4 2 2 1 3 2 1 2 1 1 2 2 3 1 1 2 2 1 3 2 1 2 3 3 2 1 2 1 1 2 2 2 3 3 3 1 2 2 1 2 2 1 1 2 2 1 2 3 1 2 2 1 1 3 1 2 2 3 1 3 1 2 3 1 1 3 2 1 3 2 1 2 1 1 2 1 2 3 2 1 2 2 2 1 1 1 2 1 2 1 4 1 1 1 2 1 2 2 1 1 2 2 1 1 1 1 2 3 2 3 1 1 1 2 1 3 2 1 1 1 1 1 1 1 1 3 1 3 2 2 2 2 1 2 1 1 2 1 2 3 2 2 3 5 1 3 4 1 3 2 3 1 1 1 1 2 2 2 1 1 1 2 1 1 2 4 1 1 1 1 1 1 1 3 1 1 1 2 1 1 1 2 1 2 2 1 2 1 3 2 2 1 2 1 1 2 2 1 1 2 3 1 1 1 2 1 1 1 1 3 4 2 1 1 2 2 1 1 2 2 1 1 2 3 1 2 1 1 1 3 3 1 1 1 1 1 2 1 1 1 3 3 1 2 1 3 1 1 1 1 1 1 2 3 1 2 1 1 3 2 2 2 1 3 2 1 2 1 1 1 2 2 1 1 2 2 2 1 1 1 3 2 2 4 1 3 1 2 1 3 2 1 3 1 1 2 1 1 2 3 3 1 3 2 1 3 1 1 2 2 2 2 3 2 2 1 2 4 1 4 1 3 1 2 1 1 3 2 2 1 2 1 1 1 1 2 2 1 2 3 2 1 2 2 1 2 2 2 4 1 2 2 3 1 3 1 1 1 2 3 2 1 1 1 1 1 1 2 2 1 3 2 3 1 1 1 3 1 1 1 1 2 2 5 1 2 1 3 2 1 2 2 1 1 1 1 1 3 1 1 1 4 2 1 2 3 2 1 1 1 1 1 1 1 3 1 3 3 2 2 1 1 1 3 2 2 1 2 2 1 1 1 1 1 2 2 1 2 3 1 2 1 3 3 3 3 3 1 2 2 1 1 1 1 2 2 1 1 1 1 1 1 1 3 1 1 2 1 1 1 1 1 3 3 2 3 1 1 2 1 2 1 3 1 1 1 3 2 2 1 1 2 4 1 2 1 1 1 1 3 1 1 1 1 1 2 1 1 2 2 1 2 1 2 1 3 2 1 2 1 1 1 2 4 3 2 2 2 3 2 2 2 1 1 1 2 2 1 1 1 2 1 1 1 2 1 3 1 4 1 2 2 1 2 3 1 1 3 3 2 1 2 1 1 1 1 1 1 2 1 4 3 1 2 1 2 3 1 2 1 3 1 1 1 1 2 1 1 3 2 1 
