i 5800
1 1355 
3 297 1761 3868 
1 27 
1 3655 
2 4468 4503 
1 3179 
1 1252 
1 5306 
1 2450 
4 928 1528 2893 4951 
5 1571 2293 3032 3249 5328 
3 1982 4249 5678 
3 932 3141 4487 
4 4982 4983 5116 5213 
1 2821 
0 
6 2538 2620 4334 4757 5262 5311 
2 1400 1672 
3 202 1233 5056 
1 3767 
3 2350 3199 5712 
4 1201 1810 2511 5689 
1 1547 
6 649 1149 2320 2465 4873 5443 
3 1358 2205 4550 
2 3617 5019 
1 2522 
3 2 73 4556 
0 
1 1166 
2 4080 4166 
2 1124 5412 
2 1638 4264 
3 338 3688 5620 
3 1524 4524 4987 
3 2353 4906 5104 
1 2476 
1 1025 
1 2628 
2 2816 4166 
2 2353 3417 
5 1309 3071 3501 4304 5630 
1 1949 
4 598 1746 2660 4000 
4 101 495 1387 2418 
1 4600 
1 2490 
3 2495 4430 5758 
3 1626 2196 5791 
2 3184 4756 
1 4945 
3 3545 4599 4971 
2 441 4068 
2 131 1684 
3 2236 3383 3435 
5 198 324 902 3110 4202 
1 3875 
2 1287 5338 
5 1855 1919 2456 2683 5602 
4 891 1788 2200 2723 
4 1083 3228 4907 5388 
3 3466 3893 5349 
1 477 
4 1139 2514 4537 5381 
0 
4 463 1664 2245 5686 
3 3343 3563 4135 
2 1127 4872 
2 920 5645 
2 2977 3866 
7 116 682 1201 2580 2827 3232 3763 
1 5718 
3 2272 4870 5155 
4 27 1832 2280 3215 
3 3948 4060 5486 
1 874 
1 301 
1 2991 
2 2372 3544 
2 5265 5745 
2 1855 2164 
1 2788 
2 2703 4031 
1 2196 
0 
3 359 5334 5602 
6 412 963 1947 2429 4635 5744 
1 1619 
3 721 2282 3809 
0 
1 656 
4 2291 2570 5621 5733 
0 
0 
3 1381 4557 5393 
2 501 3985 
2 786 1598 
4 1226 2407 2580 3431 
0 
3 1364 4494 4722 
1 3593 
3 44 908 1723 
2 767 3916 
2 3546 4093 
2 4247 5785 
4 3229 4329 4423 5291 
3 310 426 4462 
3 1264 1741 3553 
1 5435 
3 464 1521 4684 
0 
2 2538 5405 
2 485 1575 
2 282 4161 
2 624 3022 
1 3857 
3 70 2126 5074 
3 579 936 3938 
3 2592 2958 5181 
1 5099 
2 2453 5707 
0 
2 965 2090 
1 3848 
1 5036 
1 3930 
0 
1 1446 
0 
3 607 1746 4570 
3 764 1074 2960 
3 53 2364 4907 
1 3324 
4 2039 3080 3449 4580 
5 407 921 2353 4132 5248 
4 675 3006 3074 4431 
3 716 1955 5574 
2 2672 3952 
3 996 1828 4893 
2 1852 2685 
2 3300 4073 
4 708 3470 3483 5714 
0 
2 3991 5493 
4 199 1872 1985 3419 
5 194 478 3430 3978 4385 
2 3242 3297 
1 4966 
5 1215 1508 2410 3049 3626 
3 859 1834 4692 
2 625 1377 
3 1544 2687 3277 
3 291 546 2798 
2 3440 3674 
0 
2 2873 4917 
5 3286 3514 3550 3571 4708 
7 1034 2218 2544 3447 4020 5036 5366 
1 538 
2 3658 3842 
4 1198 1240 1623 4307 
3 2769 4805 5136 
1 3435 
6 437 1213 1630 4397 5108 5539 
1 2419 
3 2701 4898 5348 
2 952 2859 
3 1908 3830 4687 
0 
1 1620 
2 989 2282 
0 
2 3403 5313 
3 2029 2915 5677 
2 3186 3706 
4 1154 1686 2413 3370 
1 5119 
3 3202 3503 4522 
3 2853 2929 3979 
4 1680 2194 2334 2336 
4 1867 3488 4159 5148 
6 2461 3321 5187 5299 5400 5435 
2 634 5556 
5 431 926 3233 3737 5704 
3 501 755 2768 
3 1995 3149 4027 
0 
2 364 2327 
1 303 
2 3865 4919 
0 
1 4430 
3 609 4811 5367 
1 4500 
5 145 2662 3461 4296 5169 
2 1773 5166 
1 1925 
4 1712 1801 2454 5210 
2 55 3635 
2 144 4607 
1 3654 
3 450 3436 4727 
3 18 3221 3873 
1 1228 
1 2812 
4 1390 1771 3829 4172 
1 1022 
3 1778 4020 4181 
3 2883 5505 5622 
4 992 1996 2474 2939 
5 1247 1361 1937 1991 2961 
4 2514 4744 5227 5703 
2 1085 3856 
0 
1 3086 
3 510 1589 3600 
5 1389 2495 2821 5048 5717 
3 1821 2128 3784 
3 2277 2490 4740 
2 1179 3945 
2 895 1870 
0 
2 1763 1991 
1 1685 
3 2393 3074 5128 
3 574 3835 4539 
5 1457 2761 4314 5042 5168 
6 571 708 887 1078 2728 5203 
2 322 1188 
1 4863 
4 651 1267 1663 4997 
6 466 1873 1961 3344 4007 5789 
4 2047 2210 4317 5747 
7 450 1624 1867 3329 4227 4248 5660 
1 4239 
3 3937 4027 4879 
1 2029 
4 705 3755 3891 4537 
5 548 921 1437 1567 3977 
3 249 1190 1951 
2 482 3278 
2 4386 4676 
2 322 4274 
2 2266 3242 
3 547 2935 3818 
1 3593 
6 453 1374 3264 3516 4751 5203 
1 4671 
0 
3 239 3022 5370 
3 805 2001 3431 
2 3385 3406 
2 638 918 
1 3800 
2 534 1579 
2 1731 5174 
3 1003 1944 4129 
6 967 1818 1930 2097 2785 2945 
1 5386 
4 1002 2326 3724 4263 
3 996 3760 4666 
3 725 1092 2620 
4 561 3573 4532 4612 
1 4914 
3 430 3653 5528 
0 
4 1457 3793 4148 5773 
3 2432 3548 5397 
1 4392 
0 
3 2456 4439 5366 
3 578 2509 4010 
5 966 1459 2602 3580 4962 
2 2376 4745 
3 949 4352 5303 
2 1361 3271 
2 2471 4272 
0 
2 2819 4201 
1 1952 
0 
6 588 699 959 1542 1813 4409 
3 113 5015 5429 
4 357 1530 5147 5627 
3 1908 3393 4888 
2 3009 4715 
4 1027 3018 3187 3377 
3 1748 5011 5552 
5 1357 1579 2644 4193 4693 
2 3971 5489 
3 1066 1892 2297 
4 152 3035 3894 5603 
3 2507 3952 4786 
1 839 
6 405 615 1935 2609 4553 4658 
1 792 
3 426 511 4237 
3 1 3845 4060 
3 4200 4214 5093 
4 2240 2713 2909 3647 
2 3102 3486 
3 76 611 4880 
2 976 5527 
1 188 
2 1397 2903 
3 1170 3659 5670 
7 590 750 810 1953 1990 4416 4922 
1 2496 
4 799 1849 2994 4878 
1 1985 
7 106 613 1768 2562 2800 2983 5212 
3 570 2904 5250 
2 800 3512 
2 1602 4740 
2 1035 4450 
3 484 4025 4193 
1 4694 
5 646 1239 1493 2082 4649 
0 
1 4481 
1 3116 
2 892 2195 
5 228 242 1594 2874 5588 
2 1668 2939 
7 55 778 1159 4091 4468 4974 5795 
2 3919 5490 
4 1012 2303 3809 5218 
1 2593 
4 874 1980 2967 5425 
4 562 1353 2721 4128 
1 1538 
1 5104 
1 702 
2 3318 3804 
2 3081 5253 
5 736 1213 2435 3765 4814 
0 
5 994 3819 4210 5226 5654 
4 33 852 3344 5678 
4 1528 2046 3110 3840 
3 624 1568 5224 
3 1414 1721 2567 
2 765 5429 
2 2934 3081 
4 563 2012 3980 5777 
7 508 621 2354 3271 3937 5157 5262 
1 757 
2 3387 3535 
4 522 2993 3352 5735 
2 2463 2482 
0 
0 
4 934 2942 4448 5257 
3 4278 4322 4775 
2 2894 4932 
0 
4 872 1466 2535 4714 
2 283 2743 
1 2677 
5 85 563 1699 5183 5742 
4 491 1904 2396 5242 
1 1618 
1 3032 
2 2527 3768 
1 187 
1 3179 
1 5571 
1 4752 
2 532 3472 
3 635 2392 5353 
4 500 2917 3159 5018 
1 4262 
2 418 3644 
0 
2 4114 5579 
2 4710 4779 
1 939 
1 3211 
6 1714 3231 3295 3691 4206 5415 
0 
1 1272 
0 
2 3151 4752 
4 517 539 2215 4025 
4 2585 4996 5233 5348 
3 1336 4558 5536 
3 2335 2973 3405 
2 813 1591 
3 416 1838 2471 
0 
3 560 2590 3823 
4 1400 1672 2459 5186 
1 5474 
3 599 3791 4586 
2 3291 4359 
5 565 1255 1519 2738 4247 
2 1006 3912 
2 1909 4977 
3 778 2365 4727 
1 3840 
0 
1 2647 
3 4961 5186 5401 
2 1331 1368 
2 4216 4281 
4 294 3767 3991 4693 
1 3190 
4 134 4249 4266 4921 
0 
3 2613 4085 5311 
2 888 3656 
1 1297 
3 86 4358 4927 
5 3124 3187 4068 4320 5674 
2 3325 4418 
2 3139 4958 
2 388 3429 
0 
1 372 
3 1484 1486 3084 
0 
2 2517 2587 
1 787 
3 3003 3170 3457 
6 1508 3026 3074 3584 3764 4933 
5 1921 2809 2866 2881 5336 
5 106 296 1720 2607 5382 
1 680 
2 3202 4981 
2 4100 4436 
3 264 1080 1777 
2 183 5341 
1 788 
2 1059 4121 
1 5086 
4 939 2041 2883 3120 
1 3984 
3 163 461 942 
4 592 643 897 5443 
1 2759 
2 3377 3597 
1 52 
1 965 
1 4021 
2 1496 5693 
2 4560 5293 
0 
4 2230 4544 4568 5132 
1 691 
1 3668 
8 201 233 586 817 2435 2534 5506 5776 
6 1423 3583 3690 4699 4780 5729 
2 2588 4859 
4 246 580 1949 3552 
1 1674 
3 1280 3672 5142 
3 1937 5288 5465 
3 1132 2043 5594 
0 
2 3445 3958 
2 1941 2130 
4 437 1073 2738 3732 
2 589 3473 
2 65 3425 
1 109 
3 489 986 1727 
3 231 856 5613 
3 1257 4547 5676 
2 4646 5559 
3 755 2597 5196 
1 4521 
2 2842 4779 
0 
1 5024 
3 1552 1885 2582 
1 1357 
3 1951 2380 3378 
2 62 4261 
3 145 909 4071 
4 2155 3335 4083 4349 
3 668 3526 4427 
3 3005 4076 4084 
3 240 2298 2722 
3 1476 2412 3521 
5 315 2204 2695 3099 4023 
4 112 3455 4931 5509 
2 3744 5468 
1 1982 
1 4581 
3 465 1666 4781 
2 1354 4762 
1 360 
1 2405 
4 2622 3383 4147 4349 
4 3299 4007 4174 5150 
3 44 1290 4881 
2 2814 3393 
2 673 5564 
2 1958 3480 
2 1613 3626 
2 370 4738 
5 95 184 2789 5143 5453 
3 878 2359 5234 
6 1141 2068 2304 4013 4035 5313 
3 3737 3950 4169 
3 1635 3245 5163 
1 929 
2 3019 3342 
2 345 3169 
3 2235 2365 3899 
3 215 4162 4990 
5 296 1679 2387 2896 4027 
1 519 
2 1669 3047 
0 
2 1784 2949 
0 
2 383 810 
2 1581 1962 
2 512 4595 
3 2538 4458 4751 
2 2131 4859 
4 348 2045 3970 5264 
4 935 2124 2460 3983 
0 
2 2426 4772 
0 
2 654 4168 
3 2371 2737 5321 
0 
4 537 1653 1663 3171 
3 1723 3977 4352 
3 368 584 2539 
3 730 3589 5536 
2 254 648 
2 1839 5614 
4 1333 1419 2315 4629 
2 530 2466 
3 158 1628 3103 
1 383 
1 3338 
4 2013 2233 3929 4101 
2 2345 3055 
0 
0 
4 921 4135 4148 4227 
5 152 3904 4175 4511 4950 
3 244 1385 3937 
6 238 1974 2380 4404 4560 5535 
1 5198 
2 2151 5121 
2 2890 5307 
1 3631 
0 
4 1480 2863 3266 4745 
1 5780 
3 824 3649 3938 
1 4509 
5 1981 3265 4378 4957 5076 
6 705 2277 2892 3000 3954 5099 
4 390 652 1701 4810 
4 262 1306 1973 5589 
2 329 678 
4 344 359 1937 5543 
1 835 
8 395 639 1420 2727 4219 5358 5431 5583 
6 651 660 678 1843 3132 4279 
2 880 5665 
1 1872 
3 1875 4917 4965 
2 311 2579 
4 227 1064 3228 5322 
0 
2 832 5749 
4 225 814 1429 4758 
3 1999 2450 3728 
1 5392 
2 4367 5493 
1 271 
5 117 692 3638 4390 5333 
5 453 1031 4489 4813 5282 
2 2123 5322 
3 1522 1605 3093 
2 3993 5238 
3 532 2167 5532 
3 1158 3416 4574 
2 450 1634 
4 2812 2824 4605 5464 
2 281 1028 
5 462 2932 3429 3975 4558 
5 306 652 852 4824 4967 
1 4742 
2 438 1216 
0 
1 2219 
2 1367 1748 
2 4013 5480 
7 812 1325 2799 3440 4528 5107 5577 
2 43 4762 
1 393 
5 1888 3413 3495 4822 5682 
1 2373 
2 4705 5419 
2 1899 4581 
3 2994 3800 5383 
2 2363 5323 
1 3491 
4 129 768 2613 5446 
2 2639 4657 
2 192 3904 
4 2294 2968 4218 5593 
3 301 2708 5019 
2 4025 4481 
2 310 2349 
3 2995 3388 5473 
2 294 2751 
4 932 2311 3835 5565 
3 717 1104 5434 
4 2380 4286 4503 4956 
4 648 3323 3686 5261 
2 1062 5386 
2 345 1660 
2 1625 3878 
3 998 3861 3950 
4 114 340 2873 5640 
3 150 1026 4079 
1 1210 
3 722 3545 5452 
1 5071 
7 2475 2524 2941 3654 3959 3972 3999 
2 2693 4595 
2 4093 4278 
4 3321 3663 5004 5231 
1 652 
2 182 1180 
2 369 1895 
6 916 1044 2387 4192 4579 4690 
3 1321 2734 5059 
1 252 
3 565 1455 3696 
1 5635 
1 5781 
0 
1 438 
2 2537 4043 
0 
5 317 1595 2242 4346 5625 
1 654 
4 534 619 2509 2589 
4 23 2627 4033 4624 
1 1920 
4 230 566 3598 4240 
4 560 590 633 3036 
5 1443 1845 2371 4360 5036 
3 527 647 4822 
3 3404 5286 5289 
3 90 3638 4053 
3 2503 4052 5689 
5 1198 1342 1693 2345 2438 
6 801 2662 2664 2719 2743 5704 
3 566 3134 4678 
3 2020 2156 4740 
1 4798 
1 5075 
1 5715 
2 4954 5136 
2 1810 4850 
3 2019 2041 5387 
5 480 1296 2358 3162 4246 
1 1544 
2 4580 5591 
1 992 
2 880 1631 
4 497 1037 1054 4597 
1 4545 
3 135 2653 3094 
2 1259 4182 
2 1471 5624 
8 562 566 1731 2202 4081 4741 5668 5694 
1 4393 
3 427 1126 5313 
2 2045 4294 
3 70 4021 5319 
3 1299 2331 3837 
2 4667 4754 
2 2788 5557 
4 971 1044 1980 2090 
6 1128 1495 2167 2911 3809 5266 
3 753 3306 4895 
1 2341 
2 763 2720 
2 448 5455 
6 579 1393 1645 2363 4856 5537 
3 2942 3546 4613 
1 2896 
1 3652 
4 1695 1858 1939 4987 
1 1072 
2 1116 1930 
1 281 
0 
1 3168 
4 332 1633 1885 2297 
2 4237 4711 
3 4906 5482 5797 
4 237 559 2788 2924 
1 2200 
2 1373 2572 
4 141 227 3913 5734 
4 1703 2707 2753 4862 
2 3167 4701 
2 786 5446 
5 2862 3087 4040 4430 4931 
7 1674 1835 3270 3966 4051 4582 5286 
2 1011 3386 
3 1920 3392 5519 
2 136 2959 
2 617 5754 
2 1789 2668 
5 805 1230 2000 3080 3461 
3 1921 3166 3425 
2 88 998 
2 627 1307 
0 
0 
1 261 
4 1796 1811 4425 4994 
1 4166 
0 
1 5366 
3 533 1707 4468 
6 1280 2027 3388 4670 4946 5698 
1 2842 
3 1292 4344 4557 
3 765 2289 3317 
1 4898 
1 335 
1 3764 
1 3479 
4 2133 2304 3164 5591 
1 1863 
2 3660 5291 
3 976 4486 5310 
1 4164 
2 3936 5600 
1 5385 
4 1958 3467 4285 4947 
2 2324 2434 
1 1022 
1 2820 
1 306 
1 3449 
1 5116 
2 688 2521 
1 3948 
3 184 469 3032 
2 2518 2672 
5 346 2291 5105 5181 5496 
1 3331 
2 2906 3572 
1 5392 
2 2463 2826 
4 950 983 3214 3803 
5 690 888 1018 1188 1923 
4 130 1695 3326 4166 
5 342 734 2063 2671 5745 
1 3413 
4 102 4684 4940 5163 
3 607 1180 3887 
1 3488 
1 4950 
3 2317 2707 4098 
2 3709 4891 
1 2343 
1 3699 
1 3766 
5 866 1236 2286 3222 4008 
2 4501 4924 
4 324 398 4160 5737 
0 
0 
3 1038 1607 4569 
3 1037 3655 4589 
2 3925 4470 
1 4754 
4 1182 4328 4975 5219 
2 96 711 
1 422 
3 432 5567 5783 
3 1169 3618 4768 
4 977 1206 4179 4225 
3 2052 2060 2859 
3 295 3725 5534 
3 1816 2202 3259 
1 1382 
2 2628 4990 
2 1380 4222 
2 3640 4513 
2 3201 4453 
2 308 2623 
6 312 1762 2067 2711 2841 4225 
4 659 2144 2434 4109 
3 825 1863 5433 
2 2294 3656 
0 
3 250 719 4183 
0 
2 4168 4602 
2 4318 5677 
0 
3 306 517 5440 
3 1064 1954 3820 
3 597 3275 5703 
1 387 
3 574 999 1640 
0 
0 
3 450 2615 5517 
3 3974 4282 5642 
3 3329 4672 5033 
3 2002 4237 5318 
3 866 2153 4360 
4 1011 3368 5090 5559 
2 1280 5063 
4 556 2623 3418 4270 
1 802 
1 2064 
4 866 1920 4411 5793 
4 1981 2283 2812 3327 
1 2993 
2 4198 4398 
1 1328 
2 573 5298 
3 1050 1183 1629 
4 2805 3041 4175 5374 
5 564 2469 2971 3579 5385 
2 1972 4507 
4 1375 1626 2265 3506 
2 2023 4785 
3 293 2381 3088 
2 1090 5671 
3 2386 3124 5415 
2 3401 4550 
1 5277 
2 1325 5507 
0 
1 3185 
2 1204 2469 
3 3842 5529 5570 
2 2789 3676 
2 870 4464 
4 1494 1928 2217 2954 
2 338 590 
1 2540 
3 985 4464 5641 
2 894 1022 
2 466 4368 
0 
3 1820 1952 4769 
7 149 1036 2143 2913 2987 3624 5137 
1 1142 
3 3106 3143 3849 
3 1885 2531 4790 
2 3470 3969 
0 
0 
4 776 821 827 5285 
3 1636 3537 3792 
3 1785 2498 4091 
3 1112 1526 2795 
5 850 999 1907 3075 5722 
3 3983 4185 4785 
2 356 4330 
3 1440 2506 2763 
3 75 328 4322 
1 1212 
1 4714 
3 1417 3496 5186 
3 502 2638 3030 
2 1934 4828 
5 567 672 1588 2999 3967 
3 3535 4941 5292 
1 4521 
1 1480 
2 935 2024 
0 
3 1361 2374 3774 
4 227 1277 1824 5264 
2 410 763 
3 2321 2427 4493 
2 2166 2642 
3 59 4528 5124 
2 321 5099 
3 1944 3120 3504 
7 855 1618 2332 2778 4810 5240 5328 
2 220 3902 
2 1144 3919 
3 438 2564 3526 
1 2301 
3 4022 5173 5190 
3 1495 3572 4772 
0 
5 55 1393 1928 2129 4304 
1 5353 
1 4903 
4 1185 4034 4828 5233 
2 3848 5556 
2 5252 5792 
2 101 4606 
3 478 1214 2686 
1 1149 
0 
1 1891 
5 1157 1301 1855 2023 4995 
1 5116 
2 1563 3344 
6 636 1008 1289 1557 2330 4100 
3 2303 4256 4540 
2 252 1015 
3 1901 4161 4964 
2 68 2968 
6 134 238 545 1293 5001 5714 
0 
4 1087 2785 3755 3833 
1 5750 
3 938 1508 4791 
3 183 929 1175 
6 3279 3499 4494 5179 5261 5677 
4 9 2670 3787 3818 
2 506 926 
4 1916 2000 4591 5373 
2 1562 4379 
5 12 616 4023 4193 5110 
2 2328 5165 
1 352 
4 523 884 1451 2829 
2 117 1647 
0 
5 925 1107 2813 3296 5156 
2 376 435 
2 2169 3177 
3 1027 1494 5315 
2 437 5065 
2 1051 2495 
2 4093 5042 
0 
3 2143 2861 5221 
0 
4 1353 3413 4715 4983 
4 274 1298 3637 4104 
2 762 2004 
6 2649 3991 4373 5338 5452 5629 
2 166 3923 
0 
3 2755 2935 4357 
2 960 2776 
1 3128 
1 4241 
4 2832 2853 3944 4408 
2 281 5582 
3 955 5259 5663 
0 
2 1146 5559 
3 86 3888 4146 
5 2785 3045 3843 4442 5329 
5 122 442 2436 3432 5185 
3 272 1139 3294 
1 257 
0 
1 4780 
3 3049 3474 4600 
2 686 3727 
7 975 993 1636 2006 4704 5055 5135 
4 976 1204 3708 5250 
2 1472 3266 
2 972 5285 
5 302 742 973 2216 4774 
2 790 1119 
2 3927 5106 
5 1872 2630 4237 5356 5590 
0 
1 4498 
3 1747 3005 3828 
1 762 
3 2998 3850 5219 
4 854 1927 2013 3043 
1 465 
3 1693 4197 4613 
2 4078 5494 
2 170 1544 
2 1175 2097 
0 
4 209 671 1770 3372 
5 972 1243 1601 1974 2246 
4 337 1116 1414 2275 
2 2291 2802 
4 138 260 1537 4477 
4 3532 3695 4618 5501 
3 623 721 2110 
5 814 870 3620 5122 5396 
4 1935 2605 3121 3138 
3 3078 3702 5685 
2 259 1554 
2 256 5101 
4 1641 2155 2335 2992 
6 1161 1275 2381 3501 3607 4798 
2 396 1501 
2 3384 3426 
3 916 2136 2815 
1 1372 
3 3234 4658 5002 
4 714 822 1071 1719 
2 326 5540 
2 2625 5659 
1 3932 
2 918 2722 
2 4608 4736 
3 1115 1571 3725 
2 763 3525 
2 1763 3216 
3 2294 3101 3128 
1 5637 
6 206 748 855 1641 2047 3240 
3 2595 3954 4371 
1 4598 
1 37 
3 625 2054 3808 
7 286 941 1552 3517 4929 5295 5533 
3 588 5582 5641 
2 1625 3494 
2 3701 3906 
1 580 
2 5659 5792 
2 3508 4464 
3 157 1833 3247 
4 314 2046 4734 5727 
2 859 1931 
2 673 782 
4 781 2647 3408 4427 
2 3361 3597 
0 
3 1931 3472 3962 
1 1106 
4 2756 3634 3851 4625 
3 636 686 2368 
3 3923 4856 5522 
2 2284 3448 
0 
0 
3 2270 4080 5707 
3 833 1537 4928 
5 943 3112 3807 4177 5155 
1 2004 
2 1738 5413 
4 673 3383 3862 5392 
1 4152 
1 2219 
3 2131 5091 5196 
2 3565 5472 
2 433 5084 
3 1398 2452 5206 
3 2583 2719 3000 
2 620 2985 
1 4246 
3 571 811 2124 
4 3392 4027 4332 5167 
3 290 4385 4445 
0 
6 2048 2454 3019 3739 4361 5038 
3 2613 2798 2918 
0 
3 1011 2089 2479 
4 697 3942 4506 5752 
2 461 3620 
3 130 3292 4654 
0 
1 1664 
1 4430 
3 227 1683 4279 
2 5352 5525 
2 430 3347 
1 1143 
4 2983 4319 4948 5792 
3 60 2660 5381 
2 1192 2508 
2 212 4112 
2 3775 4623 
2 923 3765 
1 3569 
0 
4 840 3160 3604 3812 
2 3509 4740 
1 261 
0 
4 3825 4046 4463 4775 
0 
1 3240 
1 5523 
3 2703 5295 5729 
1 3346 
2 1913 4905 
4 1516 2867 4052 5438 
4 1256 2963 3003 4983 
2 2096 5447 
1 617 
4 1461 2366 4312 4330 
4 1042 1944 2713 5509 
2 938 2606 
2 1281 1883 
3 1702 3925 3932 
2 2090 3783 
0 
1 869 
5 1372 1427 3311 3745 4991 
0 
1 1017 
3 698 994 1155 
3 1502 2843 3015 
2 2706 4052 
4 977 1176 2997 4661 
3 2300 2409 3615 
3 1673 1906 2153 
3 2857 3404 4452 
1 5187 
2 31 1911 
2 1936 2756 
5 680 2221 3543 3776 5737 
3 67 1885 2515 
1 687 
1 4292 
2 1394 5231 
0 
2 457 4802 
1 3800 
2 2804 4510 
1 5585 
1 3217 
3 1624 2525 4636 
2 1378 5285 
5 63 966 2507 2641 5257 
2 2703 4550 
3 503 4801 4946 
4 860 3103 4376 5131 
3 1081 1286 4810 
5 896 1215 3628 4476 5542 
1 5778 
3 962 4043 5060 
5 2140 2896 3678 3808 5524 
1 2300 
3 23 910 1610 
1 1468 
2 1553 3765 
3 3146 3633 5630 
0 
3 175 3128 3671 
1 1116 
2 1698 4086 
1 913 
2 585 5508 
2 324 1547 
2 2949 4471 
4 1005 4403 4474 5652 
2 3168 4239 
1 4804 
0 
2 1447 5495 
2 29 2322 
4 2290 2667 5121 5308 
1 5249 
3 789 2446 4339 
3 305 1653 2551 
2 5341 5521 
1 1803 
6 2419 2493 4716 4858 5294 5728 
3 1756 1870 5615 
4 926 990 3292 3857 
2 1119 1434 
2 1820 4327 
1 3828 
1 219 
5 634 768 1218 1320 4604 
2 1220 3471 
2 785 4565 
2 833 1849 
1 2476 
2 905 1910 
3 1546 3169 4758 
2 3241 4779 
4 228 763 1325 2018 
4 1348 1599 3283 5249 
3 239 4639 5329 
2 2977 3570 
7 1084 1240 2671 3098 3153 3777 5617 
2 3019 4114 
3 1791 1803 3520 
1 5059 
4 1754 2009 4686 5057 
3 1598 3346 4673 
2 160 658 
0 
2 1801 5226 
9 21 70 1281 2443 3662 4186 4507 4885 5239 
3 3076 4009 5020 
3 2952 3127 5105 
3 847 973 4265 
2 2290 5300 
2 790 3215 
5 1720 2596 3387 4109 4358 
3 1399 2449 5627 
5 1706 1960 2124 2546 5176 
1 626 
4 2146 2708 3744 4078 
2 875 2774 
5 163 335 2025 4055 5295 
3 909 2414 5194 
3 148 1144 2947 
3 592 3617 3985 
2 2116 5112 
3 1180 1359 5348 
0 
5 1181 1603 3375 3953 5235 
1 4348 
3 1726 5479 5500 
0 
3 3999 4006 4356 
6 2678 2969 3497 3760 4989 5057 
2 97 4018 
3 2265 4006 4537 
3 203 2246 2612 
2 3350 3504 
2 719 4816 
1 4243 
3 2851 3579 3969 
2 18 2297 
2 4010 4439 
3 2899 3512 3838 
2 776 4108 
2 3882 4249 
1 2251 
2 317 2931 
4 160 1192 1832 2113 
6 1756 2339 3218 3500 4558 5067 
3 1625 3273 3584 
2 993 3915 
0 
2 3676 3691 
2 2039 2828 
1 210 
2 3226 4213 
0 
1 3287 
0 
2 6 5457 
3 2092 2403 4962 
3 2397 4242 5110 
3 395 3486 3765 
3 1102 3852 5163 
2 467 1719 
1 5004 
1 676 
1 1570 
1 1988 
3 4256 4422 4842 
4 1432 2515 5061 5588 
2 107 4582 
2 2562 5668 
0 
2 230 3425 
2 4714 4885 
3 1358 2441 5461 
2 1629 4522 
5 2247 3275 3513 5185 5602 
1 380 
2 2830 2928 
4 1884 4175 4273 5493 
1 1005 
4 1593 2615 3526 5074 
5 887 1364 1550 3524 3963 
1 3225 
2 3639 5658 
4 455 731 823 4495 
3 1108 1201 3869 
3 2098 2359 3254 
3 2019 2477 3577 
1 2791 
2 3077 4709 
3 1143 1957 2775 
4 57 3864 4118 4990 
2 1349 2752 
2 916 3455 
2 495 3279 
2 3174 5302 
1 733 
3 921 3322 4474 
1 4220 
4 1527 3766 4468 5452 
4 668 2788 3525 4863 
1 411 
3 949 2728 2848 
2 683 4257 
4 2288 2694 4990 5588 
2 913 5175 
3 2102 2683 2989 
2 1716 1742 
1 5669 
0 
3 561 1561 5319 
2 722 5100 
2 1951 2703 
1 41 
3 3677 4351 5746 
0 
0 
2 2231 3951 
2 2341 3972 
1 3088 
3 2269 3000 4225 
5 2009 2262 3600 4336 4687 
1 2076 
1 2670 
2 1180 2710 
1 637 
3 4857 5102 5710 
3 4595 5360 5457 
3 1654 1961 2423 
4 597 844 1188 4156 
5 1377 1695 3576 4299 5307 
2 2212 2609 
4 831 1662 3798 4183 
2 2873 4016 
0 
1 403 
3 4176 5057 5377 
3 536 3569 3911 
0 
1 5227 
4 385 1981 2670 4026 
2 2091 5560 
2 2620 3633 
1 3111 
3 1506 2002 4709 
1 1976 
3 658 1948 2169 
4 2196 3096 3479 4587 
1 1490 
3 1591 1938 2688 
3 1943 2856 3258 
2 3489 4014 
2 1189 1775 
5 1288 3273 4856 5045 5158 
3 2844 4123 4219 
1 5121 
0 
3 329 948 3884 
2 490 3395 
1 0 
1 4422 
4 288 475 3279 3832 
4 24 1269 4003 4129 
4 1218 4364 4986 5276 
3 1381 1885 5412 
5 210 275 886 2689 4157 
1 2409 
0 
2 99 1277 
2 2451 4195 
2 2139 5104 
5 595 1970 2437 2822 4629 
3 403 2995 5145 
2 2259 2391 
3 3837 4981 5409 
2 2985 3958 
3 1009 1113 5523 
3 707 1785 3587 
4 246 3200 3565 5026 
2 837 2444 
2 1473 5429 
4 150 1326 3835 4290 
4 1138 1608 3775 4878 
3 2595 5487 5542 
2 796 1702 
6 94 1360 2550 2967 3279 3875 
4 794 1758 4762 5582 
3 3054 4174 4337 
2 3700 5372 
3 547 3042 3118 
1 1553 
3 44 2739 4086 
3 2551 3516 4556 
1 216 
4 205 3811 4298 5155 
0 
3 1439 1900 3913 
3 692 902 4007 
2 1130 3200 
1 2960 
2 2733 4036 
4 304 1525 3428 4585 
3 1060 2567 2616 
2 1208 2932 
2 17 391 
4 2592 3261 3367 3471 
3 1621 2417 3572 
0 
2 1740 4043 
3 3514 3620 4528 
4 2287 3739 4676 5465 
3 3369 3833 5721 
2 3324 3649 
1 3885 
0 
2 1864 2694 
0 
1 5772 
2 341 994 
1 3046 
3 4072 4625 4853 
3 877 2762 5077 
2 1721 3124 
3 536 1583 4211 
3 565 2068 5171 
0 
3 3207 3746 5130 
3 451 1852 4639 
4 3744 4476 4603 5779 
1 1996 
3 3501 4163 4899 
4 1113 4830 5366 5629 
5 2922 4742 5507 5535 5612 
3 574 3655 5589 
2 2529 5608 
1 3805 
2 1263 2161 
2 4084 4519 
3 1176 1928 1996 
1 5000 
0 
2 238 5795 
1 4792 
6 1392 2103 2350 3512 4770 5272 
2 873 4058 
1 3229 
1 3923 
2 653 3205 
2 2306 4073 
0 
5 127 2255 2511 3114 3637 
4 1165 2976 5078 5796 
1 4190 
0 
1 5095 
1 935 
0 
0 
2 4526 5121 
2 639 1518 
4 2502 3018 3387 4917 
3 226 266 3851 
2 2540 4781 
2 272 3311 
0 
3 1105 2286 3796 
2 2286 4957 
0 
3 3711 4611 5639 
2 2915 5760 
6 356 1469 2673 2951 3172 4728 
2 1732 1923 
4 1150 2094 2830 5600 
3 1466 2133 5402 
1 4008 
3 677 1663 2192 
1 974 
1 1376 
4 4518 5733 5751 5772 
0 
6 483 3037 3991 4830 4938 5275 
2 4052 5440 
0 
1 4507 
5 554 883 3634 4770 4982 
3 1868 2334 3174 
3 2987 5031 5673 
4 1574 4584 5274 5405 
6 419 2307 2818 3324 4277 4944 
1 3649 
2 419 4447 
4 1661 3541 4562 4589 
3 2546 3038 5035 
2 1971 4983 
5 1344 2011 2733 3322 5610 
1 4518 
1 4250 
2 317 3176 
2 851 941 
3 687 900 1876 
3 444 4526 5255 
2 2003 3078 
1 5372 
4 3012 3617 3969 5612 
3 3119 3436 5215 
3 1006 3246 3576 
4 1117 4440 4613 5718 
1 5251 
4 2635 3320 3536 4851 
2 4450 4580 
1 1340 
2 4214 4387 
5 148 424 925 2788 3062 
1 3600 
1 2760 
1 3021 
0 
2 2154 2593 
0 
1 2547 
2 1101 2909 
4 3343 3361 4825 5039 
3 1455 3755 5189 
3 395 2098 2281 
2 3611 3820 
2 109 2267 
2 582 2030 
1 5156 
3 34 2097 4189 
2 1397 3768 
2 869 3540 
3 1295 1605 4261 
2 9 339 
1 4133 
2 283 5208 
3 3128 3264 3896 
0 
3 3718 3822 5020 
2 2601 3840 
0 
2 1821 2524 
3 996 1050 2677 
5 330 3656 3967 4319 4738 
1 3443 
2 5199 5213 
1 5639 
1 281 
0 
6 151 669 989 1861 3005 5114 
1 4587 
4 1186 1757 4120 5690 
3 22 1159 4718 
1 4235 
2 1776 2629 
1 1277 
0 
2 474 1027 
2 1151 1386 
4 1002 1900 2302 3480 
1 1624 
0 
4 916 2053 3687 3850 
0 
1 3245 
2 4302 4736 
4 1306 2055 2464 4816 
4 931 2985 3295 3793 
1 915 
1 5494 
2 4290 5635 
1 5343 
1 238 
4 340 3505 4375 5518 
1 3592 
4 1260 4227 4417 4703 
4 10 1017 3581 5369 
2 2121 5097 
0 
1 1483 
3 112 2970 3113 
0 
2 3898 5147 
1 2783 
5 254 288 1724 2330 5647 
1 1921 
3 518 3103 4396 
0 
3 1419 3699 4160 
1 3616 
2 1985 5121 
2 2157 3503 
2 2813 2985 
3 880 1831 4909 
2 215 5266 
2 2365 2445 
4 387 1345 4498 4575 
2 3162 4826 
2 1276 5337 
2 322 5600 
3 646 2872 5699 
2 3064 3466 
3 3836 4290 4612 
4 96 1197 4410 4665 
4 1189 3080 4849 5083 
4 2729 2932 3370 5496 
3 993 2787 3034 
2 313 5498 
1 1220 
2 3486 5481 
3 582 1527 4196 
0 
1 781 
6 1378 2202 4019 4274 4302 5554 
0 
4 1149 1681 2397 4999 
2 4374 5589 
4 2588 3178 4236 5704 
3 499 4764 4802 
2 4442 5703 
5 2604 2905 3074 3445 5212 
3 1672 3669 4041 
1 3373 
4 361 894 3247 5082 
1 87 
2 169 5227 
4 1402 2584 4363 4962 
1 5617 
2 160 3259 
5 233 1137 1555 4432 4574 
4 622 1029 1242 3954 
3 48 837 3294 
0 
4 538 2682 4287 4858 
5 833 1270 2701 4051 4214 
1 163 
2 672 5097 
2 2193 4632 
5 702 1784 2133 2166 2811 
1 586 
6 505 2411 3008 3383 4187 4197 
6 867 972 2023 3427 3638 4540 
0 
3 32 1873 2960 
2 4563 5042 
2 814 5322 
3 1004 1022 3334 
1 5745 
1 2948 
2 2784 5103 
1 692 
4 2770 3648 3816 5737 
2 936 3801 
3 2354 2829 5638 
1 2281 
1 4793 
1 1894 
0 
2 530 1170 
4 1324 3716 4255 4404 
2 2073 3537 
2 4253 4613 
1 4646 
2 3183 5500 
1 4048 
4 621 2642 3793 5558 
2 1487 1960 
2 1328 3981 
4 230 530 1471 5104 
3 65 1076 5730 
3 2223 3735 5270 
3 489 1928 5382 
1 2594 
3 323 5255 5751 
2 513 1762 
1 3253 
4 2117 3626 4550 5131 
4 17 391 1616 3921 
4 1121 2019 3242 3390 
5 454 713 2906 5247 5456 
2 2959 5313 
0 
2 2555 4151 
0 
5 511 3622 3986 5112 5793 
2 179 3704 
1 1610 
1 3967 
2 1078 1879 
3 53 2925 4193 
2 223 5778 
2 175 3858 
0 
2 4005 5211 
0 
1 4680 
1 3692 
0 
2 658 987 
1 2314 
4 696 764 1326 3588 
2 2994 3618 
0 
6 1156 2936 3767 5046 5491 5741 
2 359 4138 
1 2206 
2 560 3476 
3 1109 1380 2029 
3 709 3676 5193 
3 3373 4843 5661 
1 1953 
3 1209 1809 3635 
2 730 2946 
2 3097 4264 
3 3020 5532 5696 
0 
1 2493 
2 197 4223 
1 2954 
1 378 
3 2687 2827 5527 
1 1303 
5 2230 3126 3385 4480 5349 
1 5498 
5 1011 1257 2457 4650 4658 
6 426 1207 2304 3720 4091 5283 
3 341 1418 2758 
1 4870 
4 101 531 4323 5078 
2 1579 2475 
2 1748 5555 
2 1222 5427 
2 465 5670 
1 2728 
3 3220 3355 5539 
0 
6 255 678 2420 4655 5245 5769 
2 1467 4000 
1 2448 
3 2412 3331 5561 
0 
1 4275 
0 
2 1053 4275 
2 4456 4936 
2 1404 3281 
3 107 2413 2606 
2 1303 5151 
2 1875 3953 
1 3277 
2 3101 3186 
3 43 129 5580 
4 982 1994 2161 3877 
5 287 595 1725 4282 4437 
4 2441 3289 3475 3832 
0 
2 2999 5682 
4 2195 4772 4882 5671 
2 3047 4561 
3 1196 5484 5756 
2 2582 3277 
4 1174 1241 2956 4889 
4 1546 2126 2386 5490 
1 1382 
0 
1 1883 
2 1 5658 
2 800 1669 
2 222 1019 
2 2962 3369 
3 2585 2942 3507 
2 4674 4763 
2 2916 4978 
2 310 5082 
4 2600 3620 4330 4663 
1 992 
2 205 2149 
3 2026 2125 3211 
2 195 3356 
1 3951 
2 1348 5092 
3 1549 3179 4398 
3 430 5119 5309 
2 207 4488 
2 2627 3480 
0 
3 2028 3863 4673 
0 
0 
3 515 1633 4938 
3 868 1373 1975 
2 2181 5294 
2 3214 4811 
2 59 2703 
5 718 3450 4734 5246 5741 
4 2477 4192 5012 5314 
5 1194 2162 3153 4262 5220 
0 
1 2560 
3 3061 3652 4105 
2 3256 3574 
3 726 3024 3754 
1 4950 
2 1964 2217 
2 3171 3179 
2 2677 3116 
3 197 1200 2479 
0 
4 1172 1194 1921 4818 
2 3137 5569 
1 4626 
3 2177 5361 5711 
2 3173 3731 
1 4938 
5 1706 2345 2449 4675 5610 
4 21 666 2272 3112 
2 726 2972 
1 5457 
3 281 3102 5091 
1 4494 
1 4895 
4 793 2169 2714 5169 
2 4301 4615 
1 257 
0 
3 858 1177 2113 
5 217 1536 2039 3386 4114 
1 4100 
0 
6 887 2242 2780 3836 4295 5480 
1 2870 
0 
1 2576 
3 138 3640 4083 
0 
1 2980 
3 1588 3851 5402 
2 73 1240 
4 1034 2142 2698 3391 
2 149 4340 
2 713 2880 
0 
2 2516 4228 
4 388 1947 3447 3949 
3 535 3257 3573 
4 2377 2401 2829 4911 
1 4696 
1 3888 
1 566 
5 2923 3845 4007 4561 5194 
1 653 
2 5025 5528 
2 5217 5587 
1 4894 
2 308 1183 
2 2573 4982 
2 3503 3555 
5 139 1423 2060 4360 4717 
1 2273 
1 5747 
6 58 80 913 2945 5054 5751 
2 2847 4259 
3 2778 3758 4825 
3 696 3371 4925 
1 4941 
2 2413 4659 
2 1544 2886 
2 3622 4629 
4 740 802 4427 5755 
3 1411 3055 4585 
0 
0 
2 180 233 
2 1481 3844 
1 3949 
2 220 1174 
0 
4 144 568 979 4570 
2 231 1638 
2 3684 4267 
2 569 1743 
1 1495 
1 3648 
1 2381 
2 1683 5588 
5 1970 2339 4064 4956 5256 
4 2650 4153 5357 5700 
1 4921 
3 1108 1760 2916 
4 1274 4063 4324 5512 
8 474 702 862 1127 1360 3120 4260 5363 
5 1963 3458 4225 5030 5140 
2 3714 5263 
2 600 3805 
1 4716 
1 3291 
2 912 2875 
3 290 4009 4642 
1 5383 
5 1651 3070 3317 4340 4523 
1 635 
1 5575 
1 4773 
2 2096 4607 
3 603 2994 4000 
2 1392 1554 
1 919 
3 2055 3581 4629 
2 4431 4908 
1 360 
1 5466 
3 1121 2783 4167 
1 870 
3 167 284 1912 
1 397 
3 1185 3730 4805 
1 1124 
2 1908 3216 
2 1100 3381 
4 2099 4029 4775 5598 
0 
2 930 3532 
0 
0 
1 58 
4 650 715 827 3007 
6 425 720 1580 1803 2001 3998 
2 4948 5532 
2 763 1467 
0 
3 196 2072 4732 
0 
1 985 
7 851 902 1434 1666 3413 3453 5210 
2 3249 4012 
3 257 698 5172 
3 1036 1041 5122 
3 2539 3351 4052 
1 4932 
2 879 2683 
4 294 1000 3035 3280 
4 1125 2157 4516 5397 
7 210 456 563 2695 3390 3476 3973 
4 1345 2189 2542 3212 
3 696 3606 5297 
3 3353 4452 4904 
6 460 2262 2579 3629 4129 5744 
4 3287 3640 3903 5317 
4 1346 4970 5237 5776 
3 256 893 1106 
0 
2 2481 5222 
2 86 1838 
2 1342 3578 
6 42 453 3438 3503 4129 4649 
2 2800 5266 
4 239 476 1308 3892 
2 279 858 
4 306 1705 4586 5433 
2 811 4373 
2 136 2081 
1 5743 
2 1286 3497 
3 498 746 3503 
1 2676 
2 1209 1661 
5 231 1324 3514 4111 5601 
3 518 3815 4606 
1 1886 
5 1798 2782 2932 3538 4033 
4 2968 3900 4012 5336 
2 3196 3289 
2 4032 5191 
2 3961 5549 
5 2026 2101 3903 4166 4474 
5 1367 1880 2509 5159 5589 
1 1489 
3 836 2270 2936 
2 561 3442 
2 548 993 
2 1785 4716 
3 1341 3014 5680 
1 3602 
1 3297 
1 2530 
2 328 686 
5 558 828 1336 2922 4376 
2 11 487 
1 2540 
1 5573 
6 144 309 1585 2753 4001 5010 
1 4025 
0 
4 1261 1996 3389 3555 
1 2621 
3 306 2721 3415 
6 210 222 3772 4492 5319 5479 
1 3935 
0 
4 1747 4258 4845 5059 
2 185 3411 
6 209 1425 1434 1988 3758 5073 
1 4006 
3 3231 3424 3561 
2 575 2907 
3 719 930 4157 
2 250 1921 
2 820 1340 
2 1497 5284 
2 950 1052 
1 3794 
3 972 2529 4918 
1 5174 
3 2370 2827 3404 
5 1196 1317 2036 4126 5677 
3 2187 2528 2724 
5 1490 2314 2815 3634 4896 
2 344 5283 
5 541 985 3088 3811 5025 
3 4030 4949 5181 
2 2798 5611 
1 2742 
1 4609 
2 1188 5299 
5 667 1283 1673 3254 3336 
2 661 3002 
1 2464 
1 4609 
3 838 913 1636 
3 884 3549 3813 
2 1213 2881 
3 1772 1969 5336 
3 731 2702 3981 
4 1781 2130 3015 5615 
3 173 236 1702 
1 1522 
3 4356 4648 5143 
2 2210 3720 
5 2203 2472 3531 5139 5496 
2 2615 3548 
3 2634 3807 5763 
2 2009 3883 
1 4810 
1 3124 
6 133 1246 1821 3104 3582 5719 
0 
5 435 667 2512 3955 4881 
0 
3 457 3512 4364 
0 
4 522 681 2117 2968 
3 339 1035 3478 
4 232 1022 2866 4309 
2 1068 4064 
1 4541 
3 2712 4802 4953 
1 2235 
2 791 5308 
7 1557 2679 3167 3603 4654 5545 5584 
2 1026 3981 
5 1561 1902 3300 4759 5338 
0 
1 2415 
3 3759 4559 4797 
1 5383 
2 791 1852 
0 
1 4111 
1 765 
3 826 3793 4421 
3 2423 2962 3234 
1 5131 
4 800 4214 4702 5387 
4 503 1420 3682 5549 
2 3317 4990 
4 2356 2961 4829 5606 
2 3522 3852 
2 1925 2293 
4 1655 3836 4904 5568 
1 3071 
1 2390 
1 1318 
2 3631 5357 
1 2730 
0 
3 2163 2267 5549 
2 1955 4704 
3 317 2088 3240 
1 3904 
1 4754 
2 3888 4445 
0 
1 4789 
2 2082 4133 
2 1071 3285 
5 122 686 1110 2872 4398 
6 1337 3193 3432 5085 5092 5622 
2 1253 4014 
0 
6 1468 2535 3887 4424 4788 4858 
3 2645 3103 4928 
6 1103 1898 2546 3616 4311 5418 
3 257 990 1524 
7 1282 1519 2247 2499 2742 2853 5411 
4 1914 2544 3337 4827 
0 
2 1969 4384 
2 1302 4406 
2 1439 3304 
1 2872 
3 4497 4741 4906 
0 
1 4856 
1 4356 
2 3121 3684 
1 998 
1 5063 
1 5064 
2 1240 1820 
0 
1 3553 
2 1217 4649 
4 1671 2045 2895 4750 
2 2547 3606 
2 3356 5544 
2 4542 5744 
3 1572 3177 3251 
0 
1 581 
3 523 1064 1209 
2 1772 5791 
2 116 1757 
1 2846 
3 217 2940 4630 
3 902 3687 3997 
2 460 2028 
7 521 1057 2884 3128 3393 4777 5368 
1 2415 
4 739 1469 1633 3668 
0 
3 3793 4664 5787 
2 1008 2514 
2 2435 3299 
2 4917 5527 
2 1366 4279 
2 1147 4113 
1 4877 
2 1833 5041 
4 859 946 2857 3232 
3 801 2248 4222 
1 3719 
2 1211 2808 
1 5730 
2 3777 4495 
6 1771 3802 4340 4495 5045 5566 
0 
3 550 2362 3606 
2 3340 4551 
4 821 1121 3934 4016 
2 1513 2686 
4 479 1004 3911 5279 
2 661 3455 
4 1586 1936 2240 4559 
0 
0 
4 3775 3951 5505 5625 
5 1432 1747 2230 4086 5723 
2 1791 4525 
2 2080 2892 
1 80 
2 3236 4564 
3 890 1633 4028 
4 584 687 4867 4953 
2 2773 3215 
6 940 1342 1816 4901 5162 5796 
1 3114 
2 4798 5580 
3 2412 3622 4434 
1 2794 
1 2913 
0 
1 5345 
2 1806 2274 
1 5310 
2 3125 4055 
4 4203 4356 4981 5300 
4 1786 3142 3877 5246 
2 3833 3962 
2 3301 4419 
3 2577 3065 4113 
0 
1 2613 
2 2010 2641 
1 3148 
1 1938 
2 3242 5799 
1 5092 
2 1471 3935 
3 1632 3364 4146 
5 179 2809 4022 5305 5483 
3 321 1752 3175 
6 48 83 1343 3674 4421 5364 
2 2766 3410 
1 4094 
0 
2 59 706 
3 3704 4180 4544 
9 678 793 1608 2408 2790 3644 3997 4268 5288 
5 2033 3222 3826 3978 4653 
2 484 5092 
2 24 2209 
5 1700 2603 2668 3066 5294 
3 2273 3472 5297 
1 3196 
3 2205 2701 4561 
4 232 2032 4744 5285 
1 3458 
1 1327 
0 
1 5750 
3 383 3274 4493 
2 976 2910 
3 851 1798 4911 
3 157 3426 4987 
6 594 1056 3036 4592 4854 5055 
2 3137 4952 
2 1126 2581 
0 
3 1665 3848 5464 
2 3577 5593 
3 3331 3394 5038 
1 5581 
1 2676 
1 2446 
4 2339 2942 4101 4544 
6 447 1717 2161 3345 4852 5259 
7 1313 2253 2408 2775 2781 3740 4553 
2 4412 5538 
4 541 3192 3281 4878 
1 2920 
3 509 2051 4240 
2 54 2867 
4 2490 4253 4300 4910 
1 3027 
2 2567 3635 
4 299 2157 3645 4239 
1 5033 
3 646 1824 4216 
1 2513 
3 2976 4072 5055 
1 65 
4 993 1228 2745 5693 
3 1271 2098 3363 
3 2144 4882 5550 
2 2616 3974 
2 3372 5168 
2 1238 3821 
1 4018 
2 2231 4279 
2 2433 2479 
1 1446 
1 2934 
0 
4 3208 3359 3389 5273 
4 1369 2280 2413 2889 
3 2495 3564 5542 
1 2386 
2 1317 1941 
1 4229 
3 2489 3556 5431 
3 837 1227 4485 
3 243 2350 2818 
2 1521 2080 
1 4659 
5 1316 3185 3930 5333 5704 
5 1049 1972 3231 3769 3955 
1 2700 
2 72 1810 
5 1853 2207 2917 3717 4472 
2 2177 5227 
2 994 3891 
1 5221 
5 218 559 3479 4734 5132 
1 4127 
2 2551 2759 
5 73 2259 2627 2858 5631 
3 1519 1649 3030 
3 88 170 3446 
1 828 
1 1046 
0 
4 776 1461 1462 3254 
5 1406 2784 3483 4400 5438 
2 1300 5763 
2 734 2492 
2 1167 1205 
3 91 757 995 
0 
7 10 2072 2618 3091 3275 3728 4972 
3 610 803 1020 
1 4272 
4 3647 4694 5228 5301 
5 290 702 1233 2386 4678 
1 482 
5 2836 2868 3102 3517 4285 
2 1120 1148 
1 898 
4 1554 2985 4934 5725 
3 326 917 4492 
5 503 739 1720 2814 4789 
2 2492 4618 
2 1444 2341 
2 1484 4758 
1 4156 
0 
0 
2 616 2976 
2 4402 4457 
0 
5 1694 2011 3167 3535 3610 
4 536 3562 5120 5628 
2 2815 4138 
4 771 4540 5364 5782 
0 
0 
4 23 2931 4033 4505 
4 889 2996 4711 4905 
3 1166 2562 4989 
1 5777 
1 747 
1 3472 
3 259 5185 5440 
1 187 
3 933 4655 5055 
1 4671 
4 916 1579 3912 4626 
2 683 3915 
4 894 4888 4928 5326 
1 3904 
4 179 1481 2887 2915 
3 386 1004 3837 
2 179 4430 
3 3080 3883 5472 
2 2540 3063 
3 1241 1880 2229 
5 2627 3812 4190 4359 4907 
5 689 1314 2306 2775 5438 
1 5070 
2 773 2586 
0 
4 542 658 1809 5673 
1 4198 
2 2997 3936 
1 3891 
2 613 3143 
6 20 1439 2266 2950 3655 5455 
3 3356 3841 3884 
1 2701 
6 35 40 134 3202 4788 5358 
3 345 1648 3828 
2 2406 5135 
3 2070 2893 3752 
1 2530 
1 668 
4 502 1282 4771 5134 
0 
2 2870 3411 
1 2151 
5 605 692 3165 5431 5637 
2 131 5549 
5 398 509 1590 3300 4966 
2 1105 2548 
0 
4 1044 3181 4919 5678 
1 2480 
3 2008 4714 5713 
3 528 653 3974 
2 78 5726 
1 601 
3 886 4575 4891 
2 3251 5725 
2 273 4223 
3 1840 4326 4559 
1 5648 
2 3392 5153 
4 476 548 618 5369 
7 839 1005 1878 2863 2878 3350 5789 
2 4163 4503 
0 
2 3382 5412 
2 3405 4322 
5 841 1757 2261 2297 2874 
3 511 636 3537 
1 3150 
3 2934 5282 5511 
2 2075 4505 
4 1369 4320 4829 5251 
3 369 3976 4902 
1 224 
0 
1 3610 
3 360 3004 5725 
3 1254 1610 3012 
2 4159 5672 
0 
2 2592 2823 
1 1840 
2 4132 4921 
2 1253 4839 
2 3797 4810 
1 492 
1 2355 
2 97 4221 
2 2202 2231 
3 1120 1362 4384 
2 148 3142 
3 1635 3083 3971 
3 483 1734 2172 
4 175 1741 1860 2259 
1 1214 
3 2057 2132 4739 
2 4098 4600 
2 1402 4831 
3 44 4377 4561 
4 164 1173 4283 5720 
1 1731 
0 
2 4572 5323 
2 1324 2065 
2 2854 3395 
3 3895 4092 4570 
1 525 
5 889 4172 4304 5037 5102 
1 5107 
2 86 3668 
0 
0 
3 267 3777 4670 
1 2254 
3 747 801 4872 
5 335 450 2137 2780 2964 
3 965 3295 4474 
1 1367 
3 658 4236 4537 
0 
1 3018 
3 1269 1749 3119 
2 4245 4988 
4 1201 4663 5413 5490 
1 1375 
3 1590 4204 4807 
2 1169 2228 
0 
3 1733 4482 5716 
4 1208 1809 4286 5237 
5 8 575 2832 3528 3572 
2 1365 5527 
3 1060 2762 4660 
1 120 
3 197 1068 3307 
1 3861 
2 58 270 
4 1719 2789 3277 5163 
1 4608 
3 391 2604 5682 
2 523 4379 
1 181 
1 3753 
3 349 761 3727 
3 1561 2021 2523 
2 23 5216 
2 537 5651 
1 3769 
0 
4 835 847 2971 5328 
2 4333 5393 
2 276 388 
2 2033 4613 
0 
1 209 
3 629 1724 4542 
4 36 1184 3372 4400 
2 1283 1790 
1 2939 
5 1071 1801 2254 3946 4603 
2 2369 3716 
3 1946 4399 4514 
3 349 3930 4424 
0 
2 4142 4320 
3 3524 4530 4800 
1 4985 
2 5636 5689 
2 4035 4901 
1 2264 
5 46 218 2237 3485 4304 
1 4106 
3 2289 2305 5190 
2 1173 1711 
1 5106 
7 47 216 943 2260 4435 5147 5326 
1 307 
3 3908 4181 4886 
1 868 
1 2098 
2 5139 5453 
1 3824 
2 1456 5214 
2 657 3715 
0 
1 5678 
1 873 
3 292 1139 4622 
2 1084 5331 
5 271 648 1970 2625 2704 
1 4020 
5 21 1446 2969 3988 4154 
3 2041 2681 3667 
4 2243 2979 4709 4902 
6 63 211 2136 2832 4638 5128 
4 1127 1263 4257 4682 
3 1837 2667 5274 
3 421 5037 5501 
1 756 
0 
1 4421 
3 753 3119 3229 
4 26 2654 4838 5683 
1 2464 
2 629 1536 
4 1137 3272 5052 5396 
1 5432 
1 363 
1 2010 
2 1430 2006 
4 1979 2357 3643 5723 
1 862 
3 3426 4566 4786 
1 3911 
2 450 3529 
3 356 2094 4848 
1 5035 
5 644 3179 3745 4612 5270 
3 16 111 520 
3 532 1932 5571 
7 853 1458 1983 2338 3013 4183 4571 
4 4079 4736 4787 5286 
2 1938 2890 
3 2860 3769 3990 
2 157 2099 
0 
5 1209 1488 2096 2659 2666 
4 1515 2118 3933 5599 
3 2366 4730 5474 
1 5043 
4 1381 3923 4357 4913 
4 1170 1388 2279 5573 
2 3459 5565 
1 5608 
1 2679 
2 1677 5366 
2 3868 5301 
2 4407 5375 
1 4421 
0 
2 1793 3184 
3 2738 3851 4312 
3 310 1265 2322 
1 3891 
2 897 4996 
1 5653 
3 2743 3142 3197 
6 341 1398 2239 3733 5340 5391 
2 4037 4756 
3 3300 3576 5324 
2 91 5215 
2 2915 3847 
2 707 4412 
5 1850 2870 3770 3968 4028 
0 
0 
3 1827 4292 4766 
2 2184 3604 
0 
5 570 1941 2734 3884 4710 
2 70 97 
4 2221 3724 4019 5071 
4 474 1755 2747 3945 
1 1061 
2 1621 3757 
4 384 1765 4912 5696 
2 2343 3186 
2 421 4108 
3 452 1612 4418 
3 648 5645 5769 
1 390 
4 3393 4015 5576 5649 
4 118 1401 2400 5784 
5 327 1513 4820 5037 5271 
1 1667 
5 1023 1379 2718 3373 5415 
2 1207 2600 
1 469 
0 
1 2602 
6 1769 2596 2758 3226 4595 5080 
3 1534 3477 4885 
3 272 2599 5617 
2 2206 4335 
5 1615 2459 3737 4405 4577 
5 1000 2842 3295 3783 4185 
3 1107 1741 4264 
2 426 4907 
1 4445 
4 294 1327 5122 5612 
1 3039 
0 
2 1228 4402 
5 409 607 1069 2186 4117 
1 3493 
3 817 1276 2034 
3 1398 2249 2687 
1 4512 
3 2293 2951 4321 
1 4337 
4 16 261 1338 4182 
2 1989 4512 
1 493 
3 799 824 5377 
1 4808 
4 1013 2509 3168 4204 
0 
6 649 1779 2280 2340 3479 5325 
5 38 795 2960 3355 4287 
3 1549 3976 4337 
4 979 3642 4269 4608 
2 3057 5714 
5 3182 3424 4245 4536 5227 
1 3386 
1 2035 
3 1504 3016 5179 
1 2928 
0 
3 878 3718 5263 
1 608 
1 4558 
3 1139 2187 2676 
5 890 1660 3497 4891 5261 
2 4123 5293 
2 288 3094 
1 2095 
1 5086 
3 401 1038 5115 
2 4924 4996 
2 951 4972 
1 1881 
0 
3 3882 4670 5614 
2 675 3596 
1 2522 
2 3302 3620 
0 
2 2732 5271 
0 
3 2546 4125 5436 
3 43 1083 4791 
2 3447 4304 
3 194 659 3450 
4 2831 2901 3510 4497 
3 659 2940 3557 
0 
1 2546 
3 1167 2516 5470 
4 718 2206 3270 5348 
2 3219 4593 
4 928 1319 1336 4227 
3 765 1192 3623 
3 137 756 5391 
5 1466 3405 3743 4129 4393 
2 5472 5534 
0 
4 1959 2227 2641 3539 
6 358 1537 1800 2717 3620 4661 
1 1225 
4 2053 2554 2855 4608 
0 
2 2512 5452 
2 1628 4519 
6 58 1302 1934 3437 3779 5033 
0 
2 139 3944 
3 909 2154 2806 
3 151 1715 2616 
3 1345 3003 5568 
3 1361 4840 5595 
2 2807 4306 
1 5250 
1 4576 
1 630 
2 1300 1411 
4 484 1937 2890 3045 
3 3787 5598 5719 
2 3438 3463 
3 1833 2772 3258 
2 5175 5620 
4 2271 2837 4450 4882 
5 165 1629 2209 2352 5306 
4 2027 2805 2825 3410 
7 82 1098 1140 1308 1788 4996 5181 
2 2509 5152 
2 3070 4506 
4 1118 3445 4156 4500 
4 709 771 2849 5471 
3 611 1211 3456 
2 2946 5486 
2 1320 4997 
1 800 
1 2050 
3 299 1106 4291 
1 1816 
0 
1 3776 
1 2677 
3 2595 5032 5062 
4 659 1061 5066 5070 
2 690 4599 
4 329 1990 2750 3944 
2 482 1015 
4 59 4260 4369 5057 
1 2010 
0 
1 4293 
1 565 
4 227 1298 1728 4693 
3 1600 4344 4924 
2 2078 5136 
2 4318 5650 
6 2657 3442 3889 4030 4589 5762 
2 1396 1490 
4 637 2579 3485 4281 
0 
1 3195 
1 528 
4 395 461 2561 3520 
3 1387 3998 5608 
1 3127 
3 3480 4087 4352 
5 2016 2098 4238 4581 5377 
3 357 659 2566 
2 5069 5094 
1 2246 
1 5047 
1 2582 
1 5054 
2 3091 3724 
1 2721 
2 615 4302 
3 1288 5355 5712 
3 709 1985 4475 
0 
2 954 5658 
2 1043 1125 
1 3291 
3 1721 2600 4979 
3 439 2279 5687 
3 1510 3586 3729 
2 226 5155 
4 1417 2452 4058 4386 
2 873 4854 
2 3724 5054 
1 5129 
1 2197 
0 
2 184 3428 
4 161 2833 2962 5780 
3 1646 3088 4092 
2 3023 4600 
1 2698 
4 2168 3925 5224 5500 
4 1212 3755 4596 5391 
3 1286 2231 2341 
3 955 3776 4978 
0 
2 894 1857 
3 3967 4570 4599 
4 1824 2435 4770 5738 
2 2231 4346 
4 1964 2941 3385 4568 
3 1578 1906 4567 
4 1644 2287 4151 5418 
3 257 923 964 
1 5192 
1 1601 
5 81 685 705 1296 1508 
5 501 849 2457 3094 3995 
1 2202 
3 1284 2946 4814 
2 2862 3935 
1 5517 
1 2173 
3 869 3551 5411 
1 3444 
0 
4 152 1069 2015 4840 
4 597 4622 4690 5775 
4 310 1950 2962 3671 
2 3882 4519 
2 995 3661 
0 
3 1134 2952 3317 
2 834 2702 
3 2686 3399 3772 
3 2690 3927 5611 
3 2146 4916 5767 
4 425 2194 4521 4895 
1 5573 
3 1633 4346 4899 
5 204 587 828 2915 4936 
3 938 1587 3599 
4 496 2304 3225 4694 
4 1008 2011 2316 4459 
4 39 3159 4368 5312 
0 
3 1484 2266 4124 
2 278 4139 
1 749 
3 14 216 4604 
2 1367 3268 
1 2400 
4 587 2848 4065 4686 
1 2702 
3 761 4410 4445 
4 70 1715 2008 4046 
1 1246 
4 935 1648 1840 3141 
2 1273 1468 
2 2663 4896 
3 958 2450 2514 
2 2769 4198 
0 
0 
4 2299 3749 3819 5113 
3 2700 3073 3899 
0 
1 4945 
3 3141 3179 3783 
1 800 
3 471 732 2605 
3 1117 3133 4199 
1 1350 
1 4970 
4 2127 3162 3972 5362 
2 1856 3669 
2 1298 2824 
3 2707 5245 5411 
1 4492 
5 1232 3193 3311 4597 4936 
0 
5 178 958 2098 4044 4228 
6 2424 3025 4153 4314 4679 4939 
2 2679 4988 
1 1346 
2 1122 2143 
1 2280 
3 166 791 4468 
6 2543 2972 2981 3479 3584 4097 
3 946 4842 5360 
4 712 2792 3397 3806 
3 554 2381 4850 
2 4859 5703 
2 4832 5425 
3 425 2047 4715 
2 1101 2236 
2 2299 3607 
1 5240 
5 1825 2361 2573 4495 5434 
0 
5 1595 2090 2104 3026 3116 
5 155 624 1329 3475 4265 
4 322 2386 3680 4273 
2 1891 3167 
1 4158 
1 5696 
3 2381 3842 4516 
2 3207 3859 
1 1835 
2 425 2025 
0 
5 208 435 2988 3595 5776 
1 2131 
1 3028 
2 1861 4523 
2 2334 4856 
3 3461 5603 5641 
2 2259 5164 
6 551 2542 2695 3247 4113 5743 
0 
3 559 2163 3434 
5 9 2356 3406 4255 4847 
1 354 
2 2117 4224 
5 511 694 1147 3443 4545 
0 
1 3519 
3 1235 4032 4413 
2 3773 5128 
1 2663 
1 3566 
2 304 4951 
4 311 4832 5279 5739 
4 1615 3195 3250 5284 
3 759 1674 3482 
1 1999 
1 4609 
2 299 1516 
3 2216 4343 5294 
1 687 
2 3698 4739 
3 859 2174 4976 
0 
7 173 1465 2334 2571 2812 4354 4706 
3 1767 1883 4166 
4 370 2273 4183 5459 
1 1069 
2 3039 4346 
1 2234 
0 
6 1428 1981 3378 5469 5631 5687 
4 1844 2945 3655 4258 
1 705 
2 1684 3731 
2 3405 5262 
3 4371 4384 5549 
3 1273 2636 2986 
4 178 4720 5284 5421 
2 3668 5016 
2 1239 2320 
7 589 1399 1600 1964 3393 5641 5685 
0 
3 343 2256 2389 
2 244 954 
3 1698 1972 4868 
0 
0 
3 209 323 2478 
3 2128 2664 3318 
3 629 2782 5399 
7 352 693 1765 2229 3882 4061 4498 
1 2995 
3 3777 4361 5620 
4 257 1855 2923 5582 
4 1707 2709 2791 4906 
1 1215 
2 1643 5051 
2 515 1160 
1 2350 
4 1466 2618 3871 3991 
2 1203 2804 
1 4799 
2 851 1713 
2 3556 5636 
2 1756 5194 
2 3592 5615 
2 118 4031 
3 716 1675 4958 
6 130 1395 1638 2628 3096 5726 
2 210 2070 
6 1764 2065 2769 2800 4496 4547 
1 1102 
4 2435 3009 4139 5647 
1 3638 
1 5633 
3 328 1381 4201 
5 610 920 1965 2045 3762 
4 1225 2511 2999 3522 
2 1575 3810 
2 835 2469 
2 1811 2860 
2 386 4720 
0 
0 
4 1447 2244 2311 3740 
3 69 1191 5793 
3 4310 4316 5310 
2 2513 3159 
1 1830 
2 2860 4542 
2 3746 3953 
4 310 1082 3104 4586 
3 3375 4370 4973 
5 1062 1371 1562 1587 2302 
3 2928 3961 4103 
4 859 1482 4436 4887 
1 2883 
2 1302 5250 
2 4911 5769 
4 77 3715 3768 4023 
4 1004 3690 4418 5530 
2 348 829 
5 308 604 1696 1899 3398 
5 614 1368 2943 3163 4775 
3 2321 4018 5111 
6 1119 2347 4307 4868 5262 5391 
1 984 
3 880 1751 2969 
3 559 1061 1316 
2 5366 5625 
1 2020 
4 423 1102 2688 4076 
2 2396 3711 
5 481 982 1544 3787 5449 
2 135 4059 
1 1920 
1 1635 
3 285 2964 3815 
1 5618 
0 
4 1499 2397 4090 4435 
2 2540 5066 
2 1976 3772 
6 1117 2028 3162 3591 4086 4155 
1 2635 
0 
4 286 1456 2440 5412 
7 507 1068 1193 3806 4213 4307 4878 
2 1709 5585 
2 1511 3072 
3 114 249 3088 
1 2771 
3 1796 4379 5383 
2 2854 3654 
3 424 2872 5314 
5 2238 3309 3425 3627 3962 
1 2885 
4 3168 4975 5174 5228 
3 878 2281 4537 
1 3920 
5 10 362 755 5615 5770 
2 3751 4084 
1 1601 
4 291 1935 4896 5025 
3 652 2219 5569 
4 1476 3091 4184 5789 
1 1488 
2 2610 2919 
3 4482 5123 5366 
3 834 4757 5727 
3 1385 4058 5655 
2 985 5169 
0 
3 964 2695 4375 
3 1415 4415 5584 
2 513 1753 
0 
3 148 970 3781 
2 4587 4622 
0 
1 3170 
3 3129 4139 4438 
1 1383 
2 542 1864 
1 4911 
1 2631 
2 3635 3899 
1 3392 
0 
2 1794 5656 
3 1508 3247 4612 
1 2338 
1 1596 
3 2184 3353 3826 
1 2206 
1 5537 
1 5244 
2 4088 5753 
3 1894 2705 3189 
3 41 2074 5591 
1 3021 
2 2837 3972 
6 135 224 424 1615 3705 5296 
2 870 5433 
3 1202 4895 5712 
1 1285 
4 1001 1497 3481 4156 
1 3665 
5 133 719 1599 2337 5451 
4 334 343 3954 4200 
0 
1 2411 
3 419 3101 3994 
2 4309 4907 
2 214 4429 
2 712 4357 
6 839 1315 2013 2770 3022 4536 
1 5554 
0 
5 2293 2749 3037 3440 4311 
1 4556 
3 582 3282 4658 
3 675 2644 2789 
2 4700 5708 
3 1343 2960 4834 
3 1708 5713 5794 
1 1192 
2 484 4165 
0 
3 1020 1745 3084 
4 300 1813 2299 5654 
5 538 1142 1581 2095 3217 
3 2039 2983 4428 
2 4999 5727 
2 861 4280 
0 
0 
0 
3 55 339 4612 
1 1339 
2 1051 1810 
2 1575 4145 
2 1446 2170 
2 3165 5162 
5 320 1800 2872 4057 4891 
0 
2 1385 5481 
5 1500 2441 2521 3922 5429 
4 435 893 1885 4000 
2 1000 2109 
2 4840 5318 
1 4186 
5 413 841 1418 2038 5524 
1 2179 
1 1717 
3 1203 2740 5528 
6 956 1020 1154 1531 2131 4850 
4 3053 4438 5219 5546 
3 3271 5047 5611 
1 5064 
2 566 3245 
3 2843 3722 4384 
4 660 3820 3822 5532 
2 3640 4947 
2 3580 3953 
4 1804 2220 4008 5047 
2 1000 4663 
1 415 
0 
3 12 2829 2840 
3 2181 2410 2566 
3 861 2349 4348 
0 
0 
2 1152 3311 
3 4249 5363 5416 
2 2188 4126 
2 185 4655 
2 2388 3457 
2 382 4014 
2 5252 5440 
2 1192 1791 
4 4338 4907 5096 5398 
2 3776 3851 
1 4763 
2 4025 5593 
2 3971 5145 
5 370 2816 2979 4890 5356 
1 1090 
1 3671 
4 668 1592 2846 3015 
4 2995 3190 3925 5040 
2 739 5092 
5 2363 3115 4356 4726 4971 
1 720 
4 710 2053 2314 2875 
4 701 1162 2625 3029 
5 508 1186 3401 4816 5652 
2 423 3052 
3 530 1799 5620 
2 1466 3707 
2 1807 5220 
3 1291 1481 5107 
2 2195 5124 
2 1493 3948 
4 940 2121 3612 4094 
1 1612 
7 5 365 1776 1799 2537 2840 5202 
1 4555 
2 2368 3363 
2 2632 3772 
1 1658 
3 49 2560 3804 
3 846 2269 3813 
3 174 1745 2586 
3 286 413 3437 
1 5643 
4 3070 3242 3246 4562 
3 406 3163 3506 
1 4293 
1 2233 
3 2091 2851 3989 
0 
5 2736 2905 3208 5133 5564 
2 1966 2208 
1 2566 
1 4195 
1 20 
2 1374 1394 
1 798 
5 177 428 2353 3506 4703 
1 5692 
0 
2 1443 5072 
0 
2 1422 2879 
3 2258 3195 3599 
3 4774 5129 5329 
1 4824 
4 377 1772 3736 4623 
4 1938 3268 3527 5238 
2 4526 5708 
3 762 1787 5603 
5 73 1206 2168 3933 4847 
4 1019 1912 3358 4108 
2 1136 3103 
2 1241 5765 
3 2669 4786 5623 
2 1729 4038 
1 202 
3 776 2203 5542 
1 4105 
0 
3 1278 2814 5275 
3 1248 2600 4072 
1 3884 
2 60 571 
5 105 1441 2521 3650 3782 
2 4506 5046 
5 378 1998 2270 4467 5586 
4 70 2143 3991 5559 
1 183 
3 1010 2065 4548 
2 5103 5201 
1 2165 
1 5148 
2 3605 4759 
1 3329 
4 1022 1096 2082 4494 
1 1187 
5 146 243 1673 2190 3189 
1 5016 
0 
4 505 1559 3132 3385 
3 1501 3189 4546 
5 1034 1618 2890 3062 5243 
1 5217 
4 10 1929 3699 4291 
1 2905 
3 2121 2375 4017 
2 3631 4604 
2 1670 4777 
6 1282 2019 2286 4659 4893 5789 
3 5495 5581 5644 
2 1795 4339 
3 1839 3663 4876 
3 1346 2698 5296 
4 793 1623 3528 5761 
1 3809 
1 1401 
1 4014 
0 
4 246 1531 3617 4258 
4 558 3896 4357 5647 
4 554 974 3292 5495 
0 
5 2822 3212 3449 4031 5614 
0 
5 713 2668 3651 4446 5103 
6 275 345 3130 4331 4567 4919 
2 2525 4804 
2 1242 1349 
1 2215 
3 812 1271 2293 
1 4643 
5 151 1744 1755 2457 5021 
1 240 
5 927 1290 1357 1381 4079 
1 1935 
2 1740 2233 
1 3093 
2 1189 4898 
1 3729 
2 2089 4743 
1 156 
4 1250 1942 3609 4812 
0 
4 1749 1966 3860 5495 
2 5082 5566 
4 394 1890 2757 5538 
4 1074 1175 3266 3502 
0 
3 966 1626 4673 
6 378 1562 2436 2605 3442 4251 
2 938 4395 
3 146 1978 3917 
0 
2 494 2137 
4 140 2055 2365 2569 
3 2183 3883 5426 
2 2655 5760 
0 
1 2103 
2 4246 5420 
2 688 4198 
1 2454 
0 
1 3027 
0 
4 1113 1459 2851 3146 
0 
0 
0 
0 
1 4223 
5 734 1894 2069 2804 5334 
4 333 2940 3906 4651 
3 3461 4258 4631 
2 1504 4210 
4 181 632 3864 5726 
2 1293 1490 
2 619 4504 
3 132 1408 1484 
4 414 4181 4774 5664 
4 764 4553 4845 5711 
2 828 5478 
1 5405 
7 233 819 3239 3875 4463 5020 5669 
1 4933 
3 758 1734 2225 
2 3686 3707 
0 
2 1641 5045 
3 479 3772 4296 
2 2019 3833 
1 2099 
1 540 
0 
1 2152 
0 
2 507 3776 
4 66 1517 4488 5789 
3 231 338 915 
2 2230 4278 
3 1099 1197 4826 
1 1080 
1 4142 
3 3463 3922 4219 
2 1229 2381 
3 1932 3421 4054 
1 348 
4 1940 3065 3823 5475 
0 
3 1729 2628 5331 
4 1773 2119 2351 4330 
0 
1 3216 
2 2258 5280 
0 
3 1039 1517 3415 
1 4013 
5 2247 3181 4388 4808 5051 
4 2193 3475 3683 3724 
1 5399 
1 4605 
2 1401 5298 
1 822 
8 1407 1764 3569 4268 4893 5066 5743 5745 
5 175 1600 4552 5009 5092 
6 1858 3470 4192 4600 4884 5564 
3 992 2250 2476 
4 1617 1704 2595 3695 
0 
3 1220 2984 5635 
1 3646 
2 286 440 
2 476 2922 
2 3762 5331 
0 
2 1913 3538 
4 2384 3684 4295 5507 
5 54 493 1054 1635 4167 
2 1007 3504 
4 251 1717 2782 3245 
4 714 1821 2633 4929 
3 347 1207 1456 
3 614 731 3623 
3 1988 2258 3429 
4 1673 1937 5379 5761 
3 1833 3572 3664 
5 715 1065 2379 3059 4682 
7 284 496 2131 2591 2932 4550 4616 
1 2225 
2 1354 2424 
1 4275 
1 2862 
2 2994 4774 
1 2806 
2 4921 5491 
2 842 3169 
1 5545 
2 172 3894 
3 655 1122 2008 
5 386 2385 2673 2926 4192 
2 251 2893 
0 
2 1038 5553 
2 4563 4769 
4 2197 2702 4079 5582 
4 1995 2361 3423 4466 
0 
5 600 766 948 1928 4929 
0 
5 1990 3361 3458 3861 5524 
1 585 
2 40 3924 
1 824 
2 144 5110 
0 
1 3351 
1 3423 
2 3411 3422 
3 1998 2632 4075 
5 463 720 1267 3027 5068 
5 1007 2218 2532 5000 5351 
2 1636 4286 
3 1397 2768 5418 
3 416 589 3389 
1 145 
5 97 250 5384 5435 5731 
2 965 2091 
3 3680 4819 4859 
2 2892 4512 
3 54 162 3999 
5 201 1500 4356 4683 5452 
3 2683 3187 3954 
2 1949 2697 
0 
3 153 597 3091 
3 4207 4272 4432 
4 1973 2732 3295 3825 
4 1539 2896 4903 5002 
2 2796 3747 
5 459 1615 2706 3636 4417 
1 2282 
3 157 1838 2661 
3 1046 4154 5701 
5 133 751 3268 5327 5556 
4 1789 2662 3627 4768 
1 5614 
1 3924 
2 1928 4974 
0 
3 485 1289 2156 
2 2708 4249 
3 423 3150 4870 
4 1886 2211 3415 5646 
2 2552 5785 
0 
9 194 719 2888 3319 3605 5106 5343 5721 5783 
2 5400 5742 
3 2697 3349 4917 
1 4989 
0 
4 61 1596 5091 5143 
3 746 5511 5614 
2 4257 5462 
0 
3 141 863 3371 
5 1181 1401 3676 5541 5651 
5 368 1041 2207 2325 4681 
1 462 
3 970 3983 4898 
5 1749 2873 3364 3845 4660 
3 1701 1937 3702 
3 2601 3639 3745 
1 2046 
6 738 1343 2277 2627 2860 3881 
5 498 1554 1779 2741 3489 
1 3078 
4 2906 3650 4963 5442 
3 141 2287 5224 
1 4850 
2 2490 2734 
3 300 1255 1604 
4 3767 3873 4299 5679 
3 180 769 5009 
3 1347 3480 3915 
2 3712 4087 
2 606 3740 
1 5457 
2 2614 5502 
1 1029 
3 600 3998 4987 
1 877 
4 1225 1957 2642 4612 
0 
1 927 
2 1241 5393 
5 41 1005 1426 4911 5235 
1 3292 
6 177 1586 1851 1949 1958 4946 
4 893 1229 3384 5373 
1 1568 
5 837 3190 3202 4292 5796 
2 1765 5297 
2 1033 4486 
3 1091 4792 5584 
1 2663 
0 
5 312 1235 1439 2043 3852 
3 1271 4473 4754 
7 156 1405 1961 3526 3820 4865 5125 
2 4357 4675 
4 246 1388 4488 5409 
3 1027 2299 3684 
0 
2 2898 4725 
4 1194 2738 3627 4164 
1 483 
3 2071 2969 5148 
4 4262 4483 5481 5620 
5 1277 2485 4319 4411 4544 
2 1018 1296 
4 480 897 1276 3514 
1 3212 
2 2450 3259 
1 2534 
3 3997 4171 4612 
4 2033 3625 4070 5382 
2 997 1916 
1 3762 
0 
5 347 881 2314 3891 5535 
1 1504 
3 867 1655 2387 
3 1964 3381 5334 
2 2676 3973 
2 1526 4121 
2 1487 5518 
0 
3 1126 3692 5303 
3 78 4957 5305 
3 51 627 5052 
3 103 693 5296 
2 4036 4681 
3 267 2034 3619 
2 2024 5367 
1 156 
1 2795 
2 453 4675 
3 107 2115 4005 
2 4240 5750 
2 1851 1988 
5 2264 2955 3852 5434 5546 
1 2664 
0 
0 
2 4305 4376 
1 1998 
1 2315 
1 66 
4 2260 4842 5164 5552 
4 1058 1374 3962 5738 
3 2902 5520 5700 
1 5714 
3 4142 5174 5373 
4 1088 1333 3369 4580 
1 1191 
2 156 5093 
5 759 900 1402 2450 3391 
2 262 1839 
2 1795 3836 
1 5313 
3 1326 1501 2569 
2 1283 2224 
3 1948 4167 5092 
3 835 1232 4827 
3 272 3136 4152 
2 1571 1902 
1 2039 
4 451 3628 3810 5040 
4 424 1242 2860 3772 
0 
1 2760 
1 1373 
2 1695 4720 
2 533 5642 
1 4767 
1 3015 
5 1569 2957 3856 4492 4811 
4 100 245 5151 5241 
0 
1 2883 
3 2653 4444 5748 
3 440 1039 5743 
1 651 
2 2813 3208 
4 215 1317 1509 5345 
0 
4 1977 3746 4425 4792 
2 2053 4656 
2 1090 2577 
2 3238 3461 
4 1939 2118 2151 5196 
3 1005 2868 4318 
1 5129 
1 3287 
4 2314 2395 4048 4398 
2 1520 4351 
3 3177 3670 3688 
1 4613 
0 
2 1120 3841 
2 1584 2096 
5 25 1216 1499 3264 5012 
3 789 1696 3654 
3 3548 4147 4621 
6 999 1073 1405 1769 2655 2677 
3 3670 4829 4908 
5 1679 1862 2172 3968 4284 
2 2671 3388 
1 859 
3 3531 5151 5748 
3 148 499 1671 
4 3027 3450 3520 5595 
4 1144 3583 4428 5615 
1 1941 
2 3702 5686 
3 552 2077 3252 
2 5018 5598 
2 1152 1338 
4 1043 1480 2011 4251 
5 198 1706 2239 3058 4350 
1 3445 
3 949 1446 4362 
4 579 656 1636 2965 
2 1279 3477 
4 797 1828 1942 3135 
0 
1 2630 
3 2530 4307 5356 
2 372 2202 
2 2240 4910 
3 3376 3976 4329 
2 299 2296 
3 1646 1877 4375 
5 556 1408 1485 4038 4743 
2 3229 3482 
2 3270 5279 
2 695 1794 
3 264 4620 5015 
4 200 629 3025 3618 
6 3 782 1429 2350 2923 5712 
4 410 803 1538 5024 
0 
2 159 4009 
2 305 3755 
2 741 4778 
1 2802 
1 1201 
2 632 3257 
1 3391 
1 3079 
1 4968 
2 2512 3898 
4 449 2133 2429 2930 
3 1616 2847 4414 
2 3612 3621 
4 1154 2800 3161 5372 
1 455 
0 
2 153 2196 
1 4617 
6 849 1245 1703 3471 3794 4247 
2 1310 4051 
1 1147 
1 5136 
3 2874 3433 4894 
2 4918 5512 
1 2068 
2 3364 5563 
5 1874 2109 3382 3517 4646 
1 5083 
2 619 3332 
2 1557 2129 
4 33 3612 3721 5108 
0 
4 451 2992 4687 5674 
3 378 1245 4491 
5 1691 3543 3783 4064 5303 
4 3981 4087 4113 4590 
1 5514 
3 997 3373 4534 
3 639 4835 5386 
0 
2 2912 4259 
4 774 1583 3249 4965 
2 1384 4751 
1 1030 
4 1001 3476 3630 3759 
0 
2 1680 2201 
2 3074 3965 
2 174 4737 
3 3172 3332 3998 
4 973 4225 4992 5284 
1 772 
3 3817 4484 4970 
3 1464 3004 5740 
3 3490 4509 5106 
1 4301 
1 1887 
3 2503 2991 5547 
2 1654 2480 
1 2273 
2 1533 2638 
2 2145 4767 
2 1720 2032 
1 3688 
4 3133 4017 4551 5510 
0 
7 259 2581 2749 2764 3364 4412 5484 
3 792 1017 4170 
1 4455 
2 971 2463 
4 575 2293 5007 5718 
2 2760 3284 
2 1910 5108 
4 1807 2925 4026 5185 
2 461 4499 
1 2567 
4 4520 4678 4813 5000 
1 1665 
1 3211 
4 183 504 2604 4581 
4 3790 5038 5163 5184 
3 1068 1406 4315 
5 2231 2976 3491 5085 5732 
0 
2 4481 5687 
2 2673 4997 
3 486 1211 1424 
5 1113 2537 3477 3859 5128 
3 1422 2982 3602 
1 3444 
2 5537 5693 
5 2836 3877 4649 5170 5675 
0 
2 3033 4345 
1 2356 
1 2462 
2 1796 5520 
6 237 923 1518 2774 3659 4473 
1 5627 
1 2584 
3 1857 1996 4358 
5 2058 3702 3870 4054 4158 
2 260 1225 
1 5050 
4 2968 3379 3533 5396 
1 70 
2 424 737 
7 335 1087 1151 1255 4448 5157 5689 
3 775 1295 5795 
4 19 405 1698 3487 
3 363 1525 2991 
3 2270 2467 2543 
1 2573 
1 4970 
6 1991 2806 3014 3182 3335 3584 
2 2900 4089 
1 886 
4 1086 1378 2160 5128 
5 1126 2716 2776 3155 3342 
4 1192 2148 2432 2944 
0 
3 2683 5582 5795 
1 4201 
1 3049 
2 3229 5227 
6 1110 2605 2840 3692 4206 5093 
1 217 
1 4613 
1 5764 
3 928 2696 3005 
0 
0 
2 3738 4784 
2 393 5275 
2 867 4278 
5 266 1562 1660 2064 2135 
3 2005 3676 4662 
0 
3 1461 3996 5664 
3 2404 4203 4379 
1 1328 
2 4386 4980 
3 253 604 1133 
2 1647 4748 
1 2149 
1 762 
3 333 3184 4339 
2 1431 1888 
2 2862 3019 
2 1051 2035 
2 1026 1147 
5 88 326 687 3260 4903 
2 2970 3583 
2 1390 2013 
2 1090 2340 
3 2024 3185 5591 
1 4981 
6 1962 3009 4617 5034 5201 5729 
3 1646 4193 4914 
1 3710 
2 244 928 
3 337 2836 4118 
4 811 1520 3134 3514 
2 2251 4203 
3 1533 3134 5612 
4 390 3353 4413 4588 
3 2501 3890 5685 
5 1094 3442 4621 5019 5713 
4 2203 3065 4760 4930 
3 4396 4576 5685 
4 982 1178 2354 5093 
2 205 5622 
2 167 5448 
2 4600 4845 
3 1357 1749 4459 
4 923 1407 2182 3336 
1 4306 
3 225 616 1377 
4 1597 1824 2073 3574 
3 683 1370 2335 
1 1235 
0 
3 339 399 1534 
2 2351 3615 
5 159 848 2878 4879 5114 
2 964 5233 
3 1868 3904 4251 
4 297 1844 3475 4336 
1 3956 
1 2571 
5 123 906 2223 4035 4442 
1 861 
2 984 1557 
6 1043 1457 1831 2561 3155 4172 
5 1256 2071 3512 3556 4539 
0 
2 4832 4898 
0 
2 212 3592 
4 115 1175 4922 5728 
1 1686 
2 2879 3745 
1 3289 
3 623 2455 3415 
1 1054 
1 1781 
2 1287 3321 
2 189 5292 
1 69 
0 
3 1 2556 4178 
1 1281 
3 3759 4427 4641 
2 2951 5181 
2 3903 4362 
2 202 3487 
0 
4 56 1381 3329 5237 
0 
5 1747 2181 3749 4211 5513 
3 622 3882 5588 
1 4835 
0 
2 3479 5664 
8 1237 2652 2801 2942 3878 4416 5123 5210 
5 2036 2337 3301 4317 5542 
4 1353 2351 2579 3227 
1 1409 
1 5487 
2 768 2094 
5 963 1842 2085 5490 5753 
1 2732 
3 3824 3924 4431 
6 237 2275 2348 2563 3535 5289 
1 1951 
1 61 
2 291 3403 
2 2425 4220 
2 1531 3265 
1 3980 
2 1577 3667 
4 509 2837 3058 5446 
1 1965 
1 4706 
1 895 
5 1942 1969 3872 3955 4829 
6 546 609 2083 2333 3844 4057 
1 5658 
2 1030 3318 
1 5102 
2 2497 5553 
0 
0 
4 1333 2155 2533 5410 
4 396 2330 4362 5080 
2 708 1392 
2 4304 4654 
3 1243 2331 3489 
1 102 
1 3297 
1 4580 
2 325 896 
2 3031 4425 
4 1672 4912 5528 5762 
2 3119 3349 
4 952 1045 1442 2550 
6 3417 3452 3890 3941 4925 5360 
4 783 1109 2773 3163 
0 
3 978 2807 5020 
2 5572 5686 
2 541 4763 
3 125 2269 2482 
1 4502 
3 1014 1109 5012 
2 2547 3215 
3 2153 4066 5270 
4 1992 2192 2792 4046 
4 744 2347 4022 5216 
4 235 345 547 5366 
3 117 556 3947 
0 
0 
2 3924 4665 
2 1072 4000 
1 5684 
5 958 2685 2721 4395 4531 
3 219 2582 5638 
1 2479 
2 3938 4734 
3 74 754 3176 
3 1838 1869 4367 
4 504 623 4534 5573 
4 1313 1774 2160 4816 
2 137 292 
5 1220 1743 2982 3136 4245 
8 559 1023 1625 3081 3437 5068 5460 5754 
3 2041 2270 3903 
2 3846 5785 
0 
2 459 1371 
1 629 
0 
2 1968 2986 
4 1041 2182 3027 3565 
1 1277 
1 5727 
1 3705 
2 713 4211 
5 880 1538 1682 2779 4612 
2 2573 3622 
5 863 1232 1499 4990 5345 
1 522 
4 289 2411 3158 5708 
4 629 1314 2846 3073 
3 1937 3539 5724 
3 818 2249 2371 
2 589 5311 
5 2392 2629 3646 4106 4545 
2 238 531 
2 145 2203 
1 178 
3 344 3897 5693 
5 1662 2027 2054 3693 5444 
2 4636 5407 
3 523 871 3474 
1 436 
5 95 1216 4456 4801 5025 
1 1679 
0 
4 2511 4919 4938 5068 
2 3193 4525 
1 2543 
6 143 405 951 1476 2951 3232 
1 5467 
2 583 5494 
1 3084 
1 2789 
1 3796 
3 2129 2202 3530 
4 1921 2739 3495 3707 
5 629 1224 3435 4135 5158 
5 43 1732 1899 3120 3942 
4 1985 4382 4695 5062 
0 
2 1358 4167 
2 4719 5722 
3 1688 3553 4307 
3 1224 1227 1997 
5 231 494 1393 1844 4832 
3 776 1470 3137 
3 1202 1892 3658 
3 271 1234 4740 
1 4986 
3 1929 1965 4196 
3 503 596 3362 
4 1347 2092 3151 3262 
2 2591 4046 
2 1329 2153 
3 3251 3722 4535 
3 1226 2252 2996 
4 1608 2581 4962 5214 
4 157 207 2510 4642 
3 443 682 4798 
5 899 2194 3936 5086 5394 
4 484 932 2991 4036 
2 5416 5490 
5 315 383 612 1986 3157 
5 1336 3731 4333 4636 4795 
4 185 235 511 1065 
3 2166 2573 4952 
1 1914 
3 2014 2732 4045 
3 82 2958 3268 
2 1967 2899 
3 649 1964 2320 
1 905 
4 503 2488 3848 5516 
4 1396 3547 4023 5475 
1 2568 
2 3220 3649 
0 
1 712 
1 1616 
1 4805 
4 644 1146 1404 5238 
3 2853 5136 5366 
1 4030 
6 1094 2827 3935 4015 4612 5318 
1 4679 
4 1659 3610 4551 4770 
0 
0 
4 713 1629 3677 5472 
7 657 1101 1118 1477 1932 4104 5728 
1 656 
2 3351 3759 
2 1213 2179 
0 
3 3116 3904 4402 
4 1440 2762 3042 4943 
1 3006 
3 74 297 4695 
5 2942 4099 4539 4758 5089 
0 
1 1884 
3 1880 2048 3692 
3 2824 4618 4672 
5 3934 4095 4118 4213 5414 
3 4115 4461 5298 
3 52 413 4849 
0 
1 3531 
1 478 
4 1416 2244 3226 4356 
2 140 1444 
2 4581 5223 
3 3424 4185 4588 
3 481 3003 5216 
0 
2 988 1211 
5 625 2541 3279 3410 4175 
2 30 1049 
2 678 4660 
0 
2 479 1828 
5 481 1433 3033 4888 5505 
2 409 4798 
5 1156 1387 2161 3015 4402 
3 2741 3490 3693 
3 3069 4661 5430 
2 3773 5381 
5 3012 4857 5342 5641 5675 
4 324 868 1720 5710 
2 2425 2770 
4 103 631 944 5249 
3 2198 3177 4353 
2 4066 4707 
0 
1 2860 
2 771 2416 
3 4061 4129 5104 
4 429 916 1822 5694 
2 541 2229 
0 
2 2986 4624 
3 949 4052 5464 
4 1794 3223 4411 4654 
3 2491 3976 4631 
0 
3 1236 2587 3216 
2 801 1207 
1 4525 
2 1961 2062 
2 1085 5195 
4 2140 2184 2890 3693 
3 374 1193 1821 
2 4067 4493 
0 
4 2613 4895 5013 5665 
4 1287 3819 4066 4867 
0 
1 1546 
2 433 3540 
1 5631 
3 1350 2643 5145 
1 2818 
3 2659 4440 5507 
2 2009 3148 
2 2278 5486 
2 329 5545 
6 256 1358 1941 1949 2673 4099 
0 
0 
2 134 2402 
4 1529 2088 4159 4595 
1 5022 
5 66 545 3999 4161 5012 
2 5353 5583 
1 5354 
3 1699 2316 5343 
4 2819 2964 3053 4760 
1 4978 
0 
4 2484 3348 3568 5191 
0 
0 
2 3113 5581 
2 963 2193 
3 493 3619 5700 
2 266 545 
1 4560 
1 5592 
2 1677 2784 
4 1055 3580 4672 5286 
2 1881 2854 
4 2511 3448 4169 5682 
1 3015 
5 1325 2308 2706 3078 4680 
4 1361 2000 4906 5289 
3 2876 3759 4681 
3 180 2398 4133 
2 778 1583 
4 113 919 4135 4515 
1 510 
2 1426 2382 
2 743 3520 
1 3099 
8 30 39 727 764 1969 2916 4785 5099 
5 1906 3383 3578 4003 4222 
2 527 807 
3 504 4154 4863 
2 3725 4544 
1 3530 
3 205 2427 3851 
0 
3 494 1383 4493 
5 546 834 1274 4079 4231 
1 1332 
1 1051 
2 3868 4470 
1 790 
3 2201 4417 4671 
3 207 2497 3325 
3 676 2620 4443 
6 805 1328 2540 2917 5517 5738 
1 3037 
4 871 2605 4075 4411 
2 1201 3123 
1 1635 
1 4779 
2 1524 5664 
2 1448 2340 
1 4735 
4 636 1790 3371 3405 
5 288 315 932 1684 3816 
0 
3 1365 3198 4746 
3 1605 4012 4537 
2 987 1635 
4 830 2346 2833 3306 
1 2843 
2 298 3081 
3 278 2967 3780 
2 55 4239 
3 2180 3797 3821 
2 2445 2625 
1 5753 
2 378 3783 
1 3441 
1 5544 
2 4651 5077 
2 337 3320 
3 1419 3877 3966 
1 4459 
3 1248 3019 4066 
4 298 1507 1629 2067 
1 5049 
3 404 2242 4435 
0 
3 610 4653 5265 
3 565 1350 3349 
4 1294 3895 4234 4750 
3 2407 5381 5536 
4 796 2144 4167 5476 
4 1712 2376 3316 5331 
2 2895 5317 
7 790 800 1316 1886 3708 4625 5112 
1 5759 
4 233 545 1570 2670 
2 1837 2853 
2 2263 4736 
0 
2 4175 5203 
0 
1 5224 
1 4220 
1 1548 
3 1612 2438 4421 
4 296 703 820 979 
2 2742 5438 
4 234 1162 2240 4202 
5 651 2235 3554 4259 4291 
1 957 
2 1254 4787 
2 1231 5438 
2 4790 5726 
3 2442 2632 3953 
3 668 1063 3305 
3 104 395 3676 
1 233 
7 11 407 1237 3147 3456 5628 5763 
2 1492 4801 
3 3295 3634 3844 
2 4934 5448 
2 1656 2237 
0 
3 1654 2893 4358 
2 917 1262 
3 1299 2515 3468 
6 1994 2923 3264 3319 4878 5413 
3 1856 3698 4240 
2 1885 2723 
2 477 1527 
3 371 1791 3523 
1 259 
4 32 1708 2606 5333 
3 1204 2873 4708 
1 407 
1 1874 
4 2202 3369 5083 5636 
1 2630 
1 824 
2 4742 5531 
6 276 2295 3441 5147 5192 5241 
3 1274 2874 5546 
2 242 1608 
4 1736 1738 3396 4321 
1 4611 
2 1484 5645 
5 353 631 3345 3792 4989 
5 566 1078 2139 2253 4967 
1 3106 
4 404 2734 4986 5739 
3 818 1748 5658 
1 2419 
1 3622 
3 746 2299 4774 
4 618 2449 3427 4977 
3 1628 2628 4666 
2 4832 5335 
1 4676 
3 1377 1565 1597 
3 2713 3249 4240 
3 1129 2576 3506 
3 2726 3191 5650 
1 681 
2 1824 3382 
2 194 3335 
0 
1 1390 
3 1326 3487 4590 
1 2237 
2 1817 3713 
4 1560 1608 2751 5270 
0 
7 41 902 2427 2490 2661 3914 5097 
1 3560 
2 2690 3834 
5 160 2997 3019 3643 4005 
1 4988 
3 2047 3085 4548 
2 2978 4881 
2 2096 3091 
2 1105 2561 
0 
2 226 2854 
1 3739 
3 2978 4942 5112 
2 232 3883 
3 808 2731 3607 
4 1082 1538 3524 4344 
3 413 2391 2484 
2 2618 4275 
3 353 874 2385 
1 1723 
1 1884 
0 
1 2377 
2 1177 5578 
4 785 4630 5362 5579 
3 105 3646 4858 
5 872 1105 1769 3356 4892 
1 3271 
2 1065 5371 
4 2470 4026 4949 5497 
1 16 
1 2603 
3 1317 3845 5057 
3 1383 2619 2629 
2 3154 5392 
5 1169 3256 3804 5220 5317 
3 1834 1894 2149 
0 
0 
2 2910 4672 
5 733 2729 4319 4620 5513 
1 3751 
5 646 2781 2811 2919 5548 
0 
5 1221 3143 4560 5190 5271 
2 479 493 
1 3635 
2 1310 3611 
4 274 531 2741 4764 
1 4094 
1 2915 
0 
8 1224 2031 2108 2180 3165 3436 4072 4749 
5 954 2550 3087 3265 3515 
4 412 1207 3758 4255 
3 394 2340 4480 
4 653 821 1852 5025 
3 1068 2944 5356 
4 3637 3872 3912 4375 
2 1621 5650 
2 1359 2043 
2 4749 5515 
1 5360 
3 577 3949 5321 
4 856 2816 4384 5152 
1 2723 
2 2984 5562 
2 1023 2927 
1 5161 
2 951 1954 
1 1611 
6 1568 3045 3648 4362 4718 5125 
7 1142 1981 3560 4401 5421 5527 5707 
1 2418 
1 558 
5 931 2460 3024 3797 5160 
2 5279 5656 
2 5504 5537 
1 4001 
0 
5 2101 2409 2927 3133 4368 
2 145 1066 
4 241 2762 3799 5670 
2 1507 5261 
1 3363 
0 
1 579 
3 4955 5368 5422 
1 268 
3 679 2673 5207 
1 4555 
3 3296 3944 5486 
2 1581 3827 
4 163 4653 4703 4972 
4 830 1776 2090 3610 
1 2481 
2 2287 2476 
2 4376 5437 
4 2312 2612 4057 4086 
2 1161 4463 
2 548 1654 
1 2604 
2 2102 4599 
1 2557 
4 958 4768 5133 5326 
1 281 
4 1598 2826 4440 4700 
4 827 3524 4105 4185 
3 2232 2572 3724 
2 2899 3823 
2 3669 4422 
1 3046 
2 306 3882 
3 1570 3445 4180 
4 414 2588 2992 5200 
1 2183 
1 5384 
6 2064 2196 2520 2558 4236 5712 
4 1262 1356 4414 4756 
2 105 5658 
2 2094 2482 
4 726 3602 3920 4478 
1 5276 
5 480 1038 1863 3870 4428 
5 3104 3628 4427 4558 5366 
1 3086 
5 47 191 712 1077 2336 
4 135 1903 3890 4488 
2 1624 3441 
1 5158 
2 2172 5268 
3 2495 3012 4216 
2 429 2987 
3 1748 4740 5362 
2 3053 3129 
3 270 1234 4640 
4 1502 4125 4410 5673 
0 
4 964 1614 3848 5397 
1 4182 
2 3596 5715 
4 1066 2085 2608 2826 
2 3270 5200 
1 1486 
2 352 3765 
0 
3 314 1505 2700 
1 4850 
3 1122 1940 5616 
1 798 
0 
2 3726 5529 
5 1739 3985 4883 5225 5367 
2 2312 4944 
2 520 5273 
3 2815 3832 4212 
1 5612 
3 4067 4695 5335 
3 106 4833 5748 
5 1094 3329 4403 4642 5747 
3 850 854 1033 
0 
2 3411 4687 
1 3231 
5 4 324 730 1295 2859 
2 5419 5706 
3 783 4178 5166 
1 1160 
1 2273 
3 3513 3755 5706 
4 1161 1293 1969 2436 
2 2753 4547 
3 1144 1424 5438 
1 996 
1 4425 
0 
2 1717 4359 
3 319 612 3742 
3 2448 3040 5645 
2 3523 4687 
1 3710 
1 2265 
3 742 3508 4689 
1 12 
5 1778 3343 3516 4431 5524 
1 580 
1 5546 
1 3691 
4 1991 2303 2850 3592 
5 889 2215 4115 4174 4785 
4 99 927 1814 3240 
5 1280 2148 2149 2870 4731 
1 2962 
2 2105 2663 
3 981 1591 2942 
2 3732 4768 
3 193 2706 5377 
2 777 5386 
1 3931 
3 4 618 2382 
2 3323 5428 
2 2320 2390 
3 1072 2705 3230 
3 836 1201 1479 
0 
2 557 3712 
1 1134 
1 546 
3 2617 2621 3434 
2 797 5464 
1 2481 
2 4161 5676 
2 1936 2878 
0 
2 1474 1491 
4 1433 2682 2801 5060 
1 3734 
3 470 882 2809 
2 177 1270 
3 1894 2886 4844 
1 34 
4 2162 3989 4110 5647 
6 1454 1496 3213 4739 5048 5561 
0 
3 597 891 1405 
0 
1 2485 
1 3944 
2 262 4728 
0 
2 3695 3950 
1 4017 
2 2632 3088 
7 63 237 1227 2438 3030 4196 4996 
0 
3 225 3852 4061 
3 917 1636 2317 
1 2049 
3 2120 2475 2981 
0 
5 447 2201 2229 3524 4170 
4 674 2896 3976 5050 
1 3246 
3 467 2962 4475 
4 3234 4309 5588 5695 
0 
5 24 842 1140 1671 3393 
3 2152 3722 4048 
2 3370 4554 
3 294 2231 3326 
1 4552 
2 3180 4394 
3 27 1388 3092 
3 94 733 5229 
6 385 589 1241 2640 4428 5138 
4 2058 2157 2377 5322 
4 445 548 4149 4348 
4 1753 1844 2209 2418 
3 1487 3189 5620 
3 1639 3409 5631 
3 2165 4717 4845 
1 1182 
1 2532 
2 2783 3271 
3 447 2782 5597 
1 781 
6 129 1872 2425 2779 4820 5475 
1 2540 
3 2422 5033 5706 
0 
2 585 1624 
3 1591 2374 4878 
3 2692 3827 4722 
3 2604 5054 5141 
1 5708 
2 636 5642 
5 133 670 1505 3569 3918 
6 488 603 2742 3737 4074 5331 
2 713 1264 
0 
2 1483 5035 
2 1397 1864 
3 393 1953 2983 
3 1343 1545 3050 
2 3823 4075 
4 782 1487 2732 5258 
3 3693 4299 5354 
1 930 
2 2219 4791 
1 2669 
1 4823 
5 519 630 1323 2600 4133 
1 2774 
3 673 2851 5242 
1 1024 
5 51 2720 2779 4406 4865 
6 45 970 2416 2771 3371 3831 
0 
1 807 
2 1424 2479 
3 1180 2821 3252 
2 587 3366 
2 908 1962 
2 199 1898 
4 1016 2458 2630 2679 
3 2017 2022 2908 
0 
2 1464 4276 
9 262 1597 2537 3062 3110 3497 3530 3967 4046 
7 693 987 1502 1656 2472 3613 3785 
0 
1 1817 
2 3393 5027 
2 3675 3815 
4 997 2305 4065 4855 
1 5527 
2 3653 4344 
4 3619 3825 4959 5132 
3 2507 2799 3050 
2 1086 3211 
2 649 4103 
3 1043 1416 4225 
2 1805 2330 
0 
0 
4 536 1367 1862 1902 
3 2128 4328 4898 
2 3319 4106 
3 1632 5120 5738 
0 
0 
2 86 5167 
3 1137 3982 4026 
0 
1 2514 
2 1190 1423 
1 4439 
2 3870 5320 
3 1892 4020 4463 
2 3276 4813 
0 
0 
3 468 1657 3684 
1 4953 
1 2031 
4 317 1949 2116 3749 
2 1719 5117 
2 3318 4209 
2 5048 5358 
3 2203 4218 4397 
4 1074 2053 3914 4105 
4 1731 2328 3149 5171 
1 3603 
2 608 5009 
6 294 1010 1719 3093 5154 5156 
3 1860 2268 3254 
4 2452 3475 4081 5069 
3 1119 2677 4088 
1 3794 
3 1769 2443 3138 
1 2135 
2 1598 3941 
2 260 4287 
1 684 
0 
1 4820 
3 731 2432 2652 
4 247 2329 4180 4890 
4 819 4065 4152 4343 
3 1197 1781 3294 
1 1766 
4 1809 3515 3552 5506 
4 241 1406 4289 5460 
0 
3 660 2297 3734 
2 2854 4047 
2 1690 4156 
3 3472 3547 4158 
5 2515 3392 4695 5341 5799 
1 3436 
2 109 767 
1 5166 
2 1196 2824 
7 167 1317 3690 4466 4483 5387 5570 
1 4894 
4 4486 4887 4892 5037 
2 636 2799 
0 
2 149 5541 
4 288 405 2728 4900 
4 316 2296 2814 4713 
4 4001 4060 4461 4682 
1 1841 
0 
0 
1 451 
2 3095 4410 
1 710 
2 2067 4847 
3 1570 3202 4397 
2 972 2081 
1 602 
2 2915 3901 
2 4095 5222 
3 156 4265 4711 
3 1285 1340 2513 
2 375 2579 
5 703 2321 4708 4789 4830 
1 5624 
3 4694 5407 5644 
6 356 876 1268 2370 5023 5122 
4 285 948 2866 5720 
3 1173 1889 1975 
2 1852 4564 
2 1547 4375 
1 4004 
3 2929 2973 3588 
1 5495 
3 99 4576 4767 
0 
1 5365 
1 3519 
1 3165 
2 201 398 
2 1466 4532 
0 
1 2548 
1 4495 
1 1925 
0 
6 1035 1789 2277 3947 5052 5498 
1 4191 
4 1016 1560 2541 4229 
1 3706 
2 500 1538 
3 2415 2912 4526 
6 218 313 661 1091 4010 4437 
2 678 2105 
3 591 1428 4271 
4 3285 3649 5642 5676 
3 211 2210 5566 
2 273 554 
1 4195 
1 5794 
2 3801 5308 
3 4356 4365 5468 
3 2117 4220 5357 
3 246 520 3700 
2 367 382 
0 
4 684 784 2084 3513 
1 5623 
3 49 2568 4422 
2 16 3041 
4 574 1186 2307 4061 
3 2055 3238 5438 
2 3826 4139 
0 
4 490 598 1382 4813 
3 1766 3156 3929 
3 1613 4352 5251 
0 
2 2576 4867 
4 3590 3719 4722 5185 
4 789 3450 4408 4499 
2 858 3409 
6 1439 1480 2780 4048 5334 5595 
3 2359 5447 5594 
3 525 900 1752 
1 1897 
5 976 3209 3325 3398 4285 
5 353 1094 1914 2995 4802 
0 
2 2131 3253 
1 3660 
5 375 471 1187 4188 4952 
2 451 969 
2 489 1458 
0 
1 5158 
2 3790 5161 
4 838 871 4166 4493 
4 292 2532 3219 5173 
3 2541 4242 5034 
3 2094 2353 4827 
3 2087 2304 4711 
2 862 4244 
3 925 2660 4592 
4 1438 3509 3602 5347 
1 1650 
0 
1 4026 
0 
1 2058 
6 662 1005 2171 4021 4085 5100 
4 2953 4863 5320 5675 
1 2485 
4 1141 3985 4250 5700 
4 1132 1613 2050 4775 
0 
2 1163 3272 
4 161 1910 4042 4880 
0 
2 2445 5668 
3 2624 3363 5000 
0 
5 560 894 1143 2037 2404 
3 192 1787 3592 
1 3287 
4 580 3734 4643 4762 
4 335 2791 5336 5415 
1 5588 
5 1230 1561 3169 3951 5752 
0 
1 1803 
1 3433 
3 2593 4570 4669 
0 
2 600 654 
1 4594 
2 590 3210 
3 1517 1857 5487 
2 1592 3346 
3 2099 3579 4788 
3 879 905 5089 
4 2070 2391 3621 3903 
3 1427 1476 4711 
1 2417 
5 2865 2904 3854 4007 4288 
1 4462 
2 3096 5345 
2 3696 3879 
1 5574 
0 
1 2522 
1 2403 
3 2689 2798 3122 
0 
4 1262 2861 3564 5647 
1 1704 
1 4523 
4 1994 3326 3831 4564 
0 
3 2893 3215 4702 
2 2535 5050 
2 1599 4068 
5 666 2863 3128 3484 4451 
2 1504 5198 
1 2230 
1 1416 
2 2219 2763 
2 4618 5684 
5 692 1045 1349 2107 2887 
3 1322 4090 5278 
6 1173 1628 2094 4329 5108 5427 
6 452 521 2864 3433 5079 5120 
0 
0 
2 709 5229 
4 229 1296 4169 4799 
0 
2 3514 4599 
1 4915 
4 2167 4118 4766 5063 
3 2936 2997 5560 
1 4870 
4 72 1722 3457 4869 
0 
3 67 2434 5394 
1 23 
0 
0 
2 3257 5711 
3 2141 5099 5796 
8 308 1378 2233 3019 4258 4575 5032 5256 
2 235 3842 
3 301 4805 5416 
3 495 2041 4310 
3 1752 2248 2700 
2 4456 5015 
1 3371 
3 1201 1268 2601 
2 2497 5105 
3 2987 4689 4985 
4 284 2332 4084 5689 
1 1756 
2 3159 4671 
4 772 2374 2642 3116 
2 4330 4689 
4 138 3254 3369 5417 
3 1848 3680 4688 
5 688 1815 2809 3076 4117 
3 2011 2831 3035 
0 
6 165 735 3283 3474 3854 4630 
2 1426 2811 
1 4693 
3 2169 2488 5564 
2 2392 2513 
3 904 3443 3809 
3 1940 2073 5675 
2 1100 2321 
5 35 704 2105 2946 4157 
6 60 131 2340 2607 3085 3154 
2 1903 3621 
1 1588 
2 2237 3645 
5 1840 2217 2990 3056 3501 
2 2585 3921 
1 2550 
3 263 3816 5101 
1 4866 
1 2808 
5 155 569 1456 2138 3463 
2 2006 3681 
4 189 2368 3271 3988 
0 
6 407 1882 2402 3400 5282 5307 
2 306 3857 
1 5064 
3 777 2648 2729 
2 1858 3924 
0 
1 412 
3 1050 2095 2332 
3 1027 3386 3413 
1 3826 
4 485 712 5124 5332 
3 354 1933 5147 
2 424 3330 
2 2302 4252 
1 5214 
3 1739 2812 2851 
0 
4 1476 1784 1808 3988 
3 2854 5220 5699 
1 767 
2 881 1859 
1 4316 
2 4058 5360 
2 1484 4457 
2 50 2839 
3 731 1141 3503 
3 746 3135 4970 
2 1082 1922 
4 2014 4333 5524 5525 
4 546 770 1797 5010 
2 9 2903 
3 2220 4028 4779 
3 2050 2167 4647 
1 665 
1 4391 
2 618 1880 
6 558 1462 3544 5079 5281 5516 
2 415 2959 
1 4621 
1 5360 
1 402 
4 272 1253 1621 4019 
2 3482 5663 
1 919 
2 569 3699 
2 147 2365 
3 590 4279 5488 
1 3666 
1 5334 
5 1943 2845 3710 3771 4947 
2 51 3165 
3 2293 2649 4397 
1 2984 
4 324 3453 5171 5256 
3 785 3029 5506 
1 2913 
2 397 4286 
4 1767 2776 4140 5495 
1 2758 
1 3799 
4 428 1370 2180 3814 
3 13 1480 1850 
6 13 948 1102 1489 5076 5228 
0 
2 2486 4887 
3 1359 4011 4281 
4 34 696 2218 3495 
3 2442 2855 4308 
4 1225 2322 3464 4278 
6 510 795 1287 1300 2069 3969 
2 1113 5173 
1 3708 
0 
2 726 5592 
1 913 
5 384 2564 2648 2703 4537 
4 230 2710 3743 5278 
0 
2 1610 3105 
4 1435 3426 3734 4808 
1 921 
2 1010 3443 
0 
2 632 1258 
0 
0 
3 3728 5066 5150 
0 
3 3370 3488 4657 
2 1985 4950 
1 287 
4 1790 3617 3932 4135 
2 4117 5761 
0 
3 282 3653 4883 
2 2930 3243 
0 
2 370 3632 
3 25 611 3825 
4 1202 1533 3329 3927 
1 3277 
1 4134 
2 4714 5190 
3 473 3656 5160 
5 1846 2013 3035 3985 4360 
3 1374 5513 5612 
1 4616 
1 5651 
0 
1 1886 
2 1482 5192 
2 2718 4878 
5 819 2241 2683 4572 5149 
2 3815 4787 
3 1488 2536 4584 
3 124 157 653 
4 2427 2517 2593 4689 
3 1068 2225 3738 
1 1517 
2 3163 3583 
2 2142 5394 
3 226 944 1639 
2 2549 5727 
0 
4 1349 2149 3334 5181 
2 1698 3230 
3 2746 3130 3137 
4 216 4526 4652 5743 
1 4215 
3 3761 4545 4848 
2 2948 3363 
3 2525 3545 4734 
0 
4 1855 2748 2764 4577 
4 972 2219 2244 2328 
1 18 
7 1196 1225 1332 2723 4336 5304 5699 
0 
3 637 1195 1994 
2 1146 4519 
1 1263 
2 2718 4001 
5 823 2111 4867 5498 5775 
3 2112 3131 4923 
2 942 5565 
4 2719 3013 3369 5007 
1 1241 
3 3425 3954 3988 
3 2744 4660 5265 
2 2342 2719 
2 628 2581 
2 3205 5229 
1 1996 
2 116 1276 
2 663 5457 
2 558 4983 
3 1417 4209 5258 
2 1447 1723 
3 4859 4957 5710 
2 2600 3912 
1 5103 
3 1618 1768 3290 
3 1599 3685 4268 
1 1059 
2 2091 3740 
3 434 2646 4022 
0 
0 
2 4061 4828 
3 822 5450 5637 
4 1057 1813 3466 5643 
8 1775 2091 2191 2204 3164 3370 3578 5485 
4 298 3571 3783 3828 
2 2744 5447 
1 1450 
1 3154 
3 1572 1631 4304 
0 
5 119 559 892 4166 4877 
2 1307 4798 
2 1003 4914 
3 1322 2427 3907 
4 1644 3235 3270 5081 
5 35 331 1366 1663 4099 
3 757 1203 4886 
4 978 2494 3461 3712 
4 597 2428 3174 5350 
4 163 3688 3730 4858 
0 
3 932 1254 3419 
1 2996 
4 1217 1679 4225 4316 
1 2836 
2 1544 3842 
1 2647 
4 13 752 914 5707 
1 4650 
0 
3 176 1777 5144 
3 2315 4632 4859 
5 550 1167 1351 1454 1585 
4 999 1931 2609 4714 
2 3040 3882 
3 891 3175 4931 
2 3514 4375 
1 5303 
0 
5 224 2514 2900 3745 3775 
3 2765 3209 3608 
1 1422 
4 1142 1671 2066 5355 
3 447 2277 4621 
2 3195 4408 
1 2359 
2 972 2355 
6 161 665 2730 3679 4044 5205 
1 859 
1 4558 
2 2033 2500 
1 1886 
2 4577 5322 
1 455 
3 501 2031 3466 
1 5119 
4 1368 3158 4123 5244 
2 5402 5436 
5 283 1577 2495 4272 4932 
3 180 3237 3522 
1 5033 
2 494 5007 
3 1742 3593 3625 
2 2704 4368 
1 2379 
2 4658 5670 
4 72 1051 1390 2761 
4 938 1523 4658 5361 
3 345 3765 5784 
4 1349 3999 4433 4783 
2 1970 5248 
2 4379 5024 
4 4372 4784 5227 5608 
3 2169 3115 5749 
6 505 767 1256 2457 3738 5301 
2 2889 3564 
1 933 
3 195 4470 4685 
2 1065 4635 
2 226 2250 
3 194 1816 3043 
1 3749 
3 1420 4655 4974 
1 1930 
3 899 4786 4991 
5 255 2007 3029 3568 5498 
2 1301 2699 
1 1209 
2 5377 5513 
0 
2 927 2635 
1 5757 
6 118 757 2014 2703 3871 5045 
1 5322 
1 359 
2 3738 5514 
5 965 1271 2326 3731 4767 
3 391 402 877 
2 181 1123 
1 5469 
3 1518 5725 5763 
5 899 2492 4348 5023 5685 
3 1967 4142 5653 
4 2786 4272 5031 5379 
1 1703 
4 1214 1844 2956 5701 
1 4112 
4 469 1057 3606 5333 
0 
2 549 4851 
1 1540 
2 4418 4446 
2 3235 3815 
2 3179 5419 
3 227 246 4231 
0 
1 5136 
1 1060 
1 4393 
1 1530 
0 
3 197 1928 3882 
1 1688 
2 310 1615 
2 13 1540 
3 2502 4019 4935 
2 1500 2570 
3 2465 3936 4076 
2 1847 3248 
1 326 
3 785 984 3129 
4 1791 3173 4339 4939 
2 946 2276 
2 1946 4707 
1 4074 
4 340 2773 3483 4233 
1 4456 
3 337 1200 5517 
7 211 1335 1620 2274 2632 3782 5161 
4 2296 3029 4983 5324 
3 4557 4862 5072 
1 5481 
3 632 1130 5303 
0 
3 384 905 3843 
1 502 
3 1220 3501 5378 
0 
3 1943 2449 3875 
4 583 3212 4043 5507 
1 1201 
2 894 2869 
2 3593 4272 
2 360 4597 
1 3247 
2 3068 5145 
2 1731 2849 
3 1789 2181 5275 
2 1674 5581 
2 134 5159 
3 1168 1189 4093 
4 311 973 2691 2989 
4 1503 2391 4764 5594 
2 907 3152 
1 334 
1 5274 
2 1496 1668 
4 1880 4878 4974 5748 
2 352 1139 
2 4589 5077 
2 960 2230 
0 
5 619 927 2642 4387 5277 
6 16 345 2926 2997 5329 5354 
2 1887 2638 
2 522 887 
3 79 4218 5069 
3 687 1589 1950 
1 5774 
1 4434 
1 5275 
4 1665 2537 3934 4302 
3 2593 2657 4348 
1 1439 
2 2258 4458 
3 1483 2516 5254 
5 1476 3225 3791 5246 5269 
3 1359 4426 5408 
3 843 5261 5389 
2 4857 4997 
4 2155 2904 3651 4380 
1 3359 
1 4957 
3 580 2389 4921 
2 1720 2012 
4 2003 2905 2929 3708 
4 866 975 1138 2210 
5 655 713 2541 4152 5597 
0 
2 456 2202 
3 655 3891 4157 
0 
2 105 741 
3 881 3865 5669 
3 445 2643 5676 
4 1173 1786 2206 2910 
3 1027 1098 1213 
3 3074 3258 3546 
4 1939 2207 3507 5330 
4 832 3367 4067 5580 
2 181 2018 
2 1205 2180 
3 2296 2556 5163 
2 1291 5361 
5 274 3543 3692 5126 5231 
1 5057 
2 2194 3544 
2 7 2701 
3 551 1326 4921 
3 1167 2052 4748 
1 1777 
3 742 2178 2978 
4 16 409 3975 5677 
1 2816 
5 172 503 680 1675 3575 
2 1790 3026 
1 941 
0 
3 1942 4224 4339 
3 820 3122 4046 
5 682 1306 1991 5460 5696 
3 4641 4799 5790 
2 528 4367 
6 571 581 1640 4559 5141 5182 
2 605 2422 
2 2569 5228 
1 2627 
3 2332 2495 4408 
1 3449 
3 10 894 2469 
5 964 1190 3209 5262 5528 
2 5297 5520 
5 2508 3355 3379 4223 4581 
2 4931 5767 
4 579 2269 4264 5196 
5 85 3317 3538 4770 4969 
2 4288 4461 
5 425 1965 2026 4814 5617 
1 1593 
3 57 951 2055 
0 
1 2567 
3 431 1171 4682 
1 4090 
3 1566 3461 4138 
0 
4 2176 3600 3969 4834 
0 
2 4792 5384 
4 165 384 1218 2668 
2 61 1717 
1 5107 
1 3426 
1 1079 
3 369 903 4136 
3 4137 4590 5262 
2 2752 5131 
4 979 3159 3643 4361 
3 1881 2077 4750 
3 565 2353 4652 
1 5686 
6 1323 2861 3924 4366 4943 4960 
3 1806 5156 5302 
3 2846 4328 4437 
3 1885 3147 5445 
2 2196 2317 
1 4724 
10 157 270 729 1427 2555 3001 3040 3937 4044 4428 
4 192 3549 4456 5396 
2 2131 4391 
2 1571 2380 
2 249 5768 
2 4332 5629 
3 1384 1498 3671 
4 930 3504 3568 5420 
1 834 
1 2557 
0 
6 1332 2623 2742 4500 5177 5629 
1 5235 
3 3390 5192 5573 
0 
4 63 1083 4089 4221 
3 426 1666 3531 
4 604 1893 2059 3024 
3 3431 4420 5347 
2 745 835 
4 258 620 3696 4501 
3 667 2067 4687 
1 60 
1 5277 
0 
4 2567 2672 2774 2997 
4 576 760 1054 4338 
4 94 2470 3500 5635 
3 4022 4872 5041 
0 
4 999 2525 3762 5367 
3 267 1936 4442 
2 3154 5765 
2 2941 3365 
2 181 3462 
1 402 
3 1469 1831 5146 
0 
0 
3 111 1483 3328 
0 
2 3982 4713 
1 5276 
2 1370 3516 
1 3911 
3 2098 2795 2849 
4 31 1360 2384 3018 
3 1053 2443 4258 
1 4066 
4 378 841 2595 4814 
3 3147 4024 4880 
1 4893 
3 2096 2784 3428 
4 602 4469 5202 5540 
2 3305 5373 
2 2929 4376 
1 4391 
0 
0 
2 328 2865 
1 3301 
2 1726 4858 
1 4504 
4 282 342 1376 3119 
1 4088 
3 565 2264 2363 
1 2526 
3 802 1953 3075 
3 617 2870 3556 
4 108 181 3431 5655 
2 2659 5146 
3 4401 5597 5627 
7 1101 2287 2341 4238 4243 4476 4759 
1 5519 
4 810 1477 2326 3152 
0 
1 3482 
2 23 438 
2 3981 5510 
1 5363 
4 607 711 3899 5584 
3 1103 4771 5094 
2 3830 4252 
1 3005 
1 5090 
1 3080 
5 627 951 1295 2681 3436 
2 501 2500 
0 
2 691 2350 
1 1674 
5 1252 1323 1812 3492 5075 
0 
1 2917 
3 3954 4676 5319 
1 1269 
1 3468 
0 
4 587 2223 4104 4513 
2 456 1406 
1 1905 
1 3992 
2 486 4749 
3 2922 5188 5731 
1 2667 
1 2707 
4 1058 2337 2674 4051 
1 614 
2 392 2548 
3 3353 4036 4570 
1 4222 
0 
1 3327 
2 1222 1991 
2 596 1824 
4 1604 3118 3523 5230 
1 704 
1 2194 
2 1754 3724 
1 5092 
4 74 2709 4127 4395 
3 1379 3886 4825 
1 4967 
1 289 
5 325 1757 2443 3888 4024 
2 1698 3400 
0 
3 143 577 1274 
3 988 1564 3993 
6 1165 3255 3266 3289 4721 4978 
4 757 1600 2033 5575 
1 4333 
5 1602 1718 4734 5063 5174 
0 
3 1222 1658 2773 
2 997 2517 
1 3493 
0 
1 4381 
3 208 2160 4084 
3 450 4675 4975 
5 844 1428 3382 4125 5238 
2 1158 5533 
2 485 1106 
2 3722 5444 
2 2389 3467 
4 1884 3681 5588 5698 
4 3877 4344 5026 5177 
2 3694 5184 
1 4365 
2 4035 4957 
4 817 2793 4183 5226 
2 1568 3541 
2 715 5439 
3 3566 3754 5330 
1 1171 
1 1045 
2 1097 1372 
5 1147 3124 3415 4488 4949 
3 1079 4949 5675 
0 
6 302 1715 2138 2451 4376 4619 
5 264 1846 3127 3921 5329 
2 848 4455 
1 2992 
1 4271 
4 584 1709 1922 3134 
2 1027 5508 
2 792 2674 
3 548 1428 3535 
3 385 533 4221 
4 692 3067 3748 4381 
2 2232 3291 
2 163 1729 
2 1012 5419 
2 3471 4692 
5 1144 1379 2260 3222 3883 
1 563 
3 2119 4208 5772 
3 2053 3402 4128 
4 3129 3556 4273 4490 
1 3715 
2 4346 5694 
5 1968 2068 2080 2364 2927 
1 2248 
0 
2 287 3564 
2 3408 3908 
3 1608 3089 5712 
1 1725 
3 182 906 3449 
1 685 
1 1660 
4 468 822 962 3232 
2 1337 4868 
2 1734 4526 
1 4370 
1 3683 
4 497 3195 3371 4901 
3 616 2552 5065 
3 2149 3290 4744 
2 788 5617 
2 2073 2688 
2 1804 3036 
2 848 4687 
2 366 2539 
1 3928 
5 1984 2551 2810 3950 5379 
2 136 4836 
2 1896 5496 
1 2591 
2 597 5603 
1 4327 
2 374 4328 
3 1746 2171 5298 
4 2226 3255 4145 5247 
6 959 1028 1382 2945 3410 3779 
2 565 4136 
4 2053 3046 3509 5446 
2 1135 3020 
1 3231 
1 1847 
8 322 1263 1300 1879 3878 4548 4815 5512 
4 561 1429 1611 1970 
1 979 
4 670 739 3071 3813 
2 4150 4994 
3 610 2224 3157 
3 457 4771 5251 
3 2689 3627 4770 
0 
3 4568 5286 5437 
3 1914 2696 3632 
1 2547 
3 744 1468 1594 
1 1961 
4 58 85 1271 5752 
4 291 2888 3214 5577 
0 
0 
1 2070 
0 
4 1430 2553 2739 5161 
0 
2 1490 1809 
3 2015 2807 3130 
6 1428 1499 2609 3822 4460 5026 
1 466 
5 535 2652 3268 3451 3467 
5 1174 2028 2957 3032 3628 
1 4452 
5 1192 1622 2602 5336 5567 
1 3010 
0 
6 33 2699 2944 3171 3523 4562 
1 91 
3 208 2091 3829 
2 3219 4755 
2 677 4712 
3 646 2160 3001 
0 
4 283 1208 3756 5437 
2 2315 4249 
4 951 1427 5371 5377 
2 41 1152 
4 2280 2922 4122 4563 
0 
1 2966 
0 
4 640 1565 3375 5393 
3 2487 2955 4268 
3 1021 2363 5090 
2 1648 3945 
3 1464 1541 5784 
1 624 
6 854 1028 2888 2932 4090 5666 
4 818 3589 4579 4743 
2 3188 5091 
2 3255 4713 
4 68 2589 4277 4482 
1 3458 
5 1579 2964 3265 4525 4842 
1 2378 
1 2591 
3 2731 4293 4363 
3 2466 3471 5028 
2 1161 3169 
2 2565 5191 
2 337 3102 
2 3042 5435 
2 3061 4380 
0 
6 1279 1761 2755 3905 4282 4423 
2 1013 1032 
1 233 
1 1704 
0 
2 960 4963 
4 3325 3796 3881 4189 
2 567 4117 
1 5641 
0 
3 678 1265 4807 
3 1304 3329 5292 
4 305 1727 4386 5154 
2 840 1752 
1 2398 
3 1482 2345 4440 
2 413 3690 
6 3749 4090 4799 4904 5525 5730 
4 467 4515 4743 5293 
5 173 808 927 2009 5311 
4 11 338 2368 2505 
2 3487 5695 
1 1976 
0 
4 600 1751 2459 4154 
1 2522 
2 3943 4855 
5 1001 2932 3824 3827 5190 
4 65 3630 3928 5359 
3 2759 2922 3742 
0 
5 21 657 2487 3765 4888 
1 1546 
0 
1 3203 
4 444 2246 3748 3980 
3 678 4100 5548 
2 4548 5679 
4 1709 2585 2877 5319 
0 
2 731 5512 
3 1595 4939 5057 
4 1881 3566 4147 4801 
2 3448 5194 
1 5791 
4 211 812 1614 2864 
4 183 659 1612 2269 
0 
3 4469 4473 4572 
4 120 1049 4376 5116 
4 3095 3213 3971 4578 
0 
3 1322 4091 5079 
3 1806 3326 4876 
6 20 2752 3076 3655 4421 5554 
3 2370 3097 3825 
4 141 921 2631 3567 
2 664 4444 
1 2448 
1 216 
3 71 1502 3728 
2 2039 2696 
2 2419 4715 
2 1407 3461 
2 870 4004 
2 2161 2530 
1 3973 
4 2302 2375 2396 5189 
4 2372 2960 3321 4244 
5 1035 3041 3105 3964 5043 
4 1173 3857 4052 5738 
3 451 1098 3815 
3 1664 2147 5675 
2 3431 5469 
1 3740 
2 91 1474 
1 708 
2 348 5794 
0 
3 778 1126 1646 
5 2780 3565 4183 4632 5728 
2 2904 4281 
1 3711 
2 1698 1789 
2 359 3462 
6 1956 2890 3369 3597 5048 5782 
3 86 1941 2120 
4 79 765 1642 3369 
1 1310 
3 232 1854 4463 
4 3596 3625 4462 5256 
2 573 5162 
3 924 2214 3554 
3 1474 1668 1855 
3 1072 4816 5602 
3 3069 3888 4205 
2 717 3954 
1 1863 
1 1754 
1 5180 
1 47 
2 4226 5770 
2 1465 3302 
3 3259 3390 5013 
2 2732 3921 
4 2035 2288 4249 5189 
1 3786 
2 3218 5398 
0 
2 2808 5332 
1 5370 
3 1731 2589 2990 
2 3032 5759 
0 
3 1413 1474 5544 
1 266 
1 5267 
2 2799 5063 
3 450 1943 2883 
2 344 2323 
2 1145 1685 
1 1424 
2 555 2769 
1 641 
2 2317 5743 
2 788 3461 
3 2592 5157 5639 
3 104 3459 3956 
0 
1 2135 
0 
5 231 2381 3037 3254 3343 
1 5320 
3 48 2125 5702 
3 907 1032 1082 
3 827 1679 2977 
3 3097 4747 5735 
4 324 1437 3766 3779 
4 1447 2169 3506 4877 
1 704 
0 
2 2190 4682 
1 3 1 1 2 1 1 1 1 2 1 3 3 4 2 1 3 1 2 2 2 1 2 1 1 2 2 3 1 1 2 2 1 1 3 3 1 1 1 2 2 2 1 2 3 1 1 1 1 2 1 1 2 3 2 2 1 1 3 1 2 3 2 1 1 2 1 3 2 1 4 1 1 4 1 1 1 1 2 2 1 1 2 1 1 1 2 1 3 1 1 1 1 1 1 2 2 1 1 3 2 2 3 2 1 3 2 2 2 2 1 1 1 1 2 1 2 1 1 2 1 1 1 2 1 2 1 1 1 1 1 1 1 1 2 2 3 1 2 1 3 2 1 2 3 3 1 2 3 3 3 1 2 2 1 1 1 2 1 2 2 1 1 2 1 2 2 2 1 2 3 1 2 1 2 3 1 2 1 2 2 3 1 1 3 3 1 2 2 1 1 1 2 1 1 3 1 3 1 1 1 1 1 2 1 3 1 1 1 1 2 1 2 1 1 1 3 1 1 2 2 1 1 1 2 1 2 3 1 1 1 2 4 4 1 3 1 1 3 3 2 1 1 1 1 2 1 1 1 4 3 2 1 1 1 1 1 2 1 1 2 1 4 1 2 1 2 2 1 1 2 2 3 1 3 1 1 1 1 2 1 3 3 2 2 1 3 2 2 1 2 1 1 2 2 1 2 1 3 1 2 3 1 1 2 2 3 1 1 1 4 3 3 1 3 3 1 1 1 1 2 1 2 1 1 2 2 1 3 1 1 1 1 1 1 2 1 1 3 2 1 2 2 1 3 3 1 1 2 2 1 1 1 2 3 1 2 1 1 3 2 2 1 2 1 1 1 2 2 3 1 1 2 1 3 1 1 1 3 1 1 1 2 3 2 1 3 2 1 1 1 1 2 2 1 1 1 2 1 1 1 1 2 1 1 4 1 3 1 3 1 2 1 3 2 2 2 1 1 3 1 2 2 2 2 2 1 2 1 1 3 2 1 3 2 1 2 1 3 1 3 1 1 2 2 2 1 1 1 1 3 2 1 2 1 1 2 1 1 2 1 2 1 1 1 3 3 1 1 1 1 1 1 1 1 2 2 1 1 3 2 3 1 1 1 2 2 1 2 2 3 1 1 2 2 2 1 2 2 2 2 1 2 3 3 1 2 2 1 1 3 3 2 2 1 3 1 1 2 1 3 1 3 1 1 1 1 2 2 1 1 2 1 1 2 3 2 3 2 1 1 1 3 1 1 3 4 2 2 2 1 2 1 1 3 1 2 1 1 2 2 1 2 2 1 2 3 2 1 1 1 2 1 2 2 1 2 2 1 2 4 1 3 1 3 2 1 2 2 3 2 1 2 1 1 1 1 2 1 1 2 2 3 2 1 2 1 3 1 1 1 2 1 1 2 1 2 1 3 2 1 1 2 3 3 2 2 3 1 2 2 2 2 2 2 1 3 2 2 1 1 1 1 1 3 1 3 1 1 2 1 2 1 2 3 2 2 1 3 1 1 1 1 1 1 1 2 1 4 1 1 1 1 1 2 1 1 1 1 2 1 1 2 2 2 3 1 3 3 1 2 2 4 2 1 1 3 1 1 1 1 2 4 1 2 3 1 1 1 2 2 2 3 1 3 2 1 2 1 3 3 1 2 1 1 2 1 1 1 1 2 3 1 1 3 1 1 1 2 1 2 2 1 2 1 2 2 2 1 1 1 1 1 2 1 2 2 3 1 3 2 2 2 1 2 1 1 2 1 2 1 1 2 1 2 1 2 1 2 1 1 1 1 2 1 2 1 1 2 1 2 2 2 1 2 1 1 2 2 2 2 3 2 1 1 1 1 2 2 1 2 1 1 1 4 1 1 2 1 3 2 1 1 1 3 1 2 1 1 2 2 1 1 2 3 2 2 1 3 1 1 2 1 2 1 1 2 1 2 3 1 3 1 1 1 1 1 1 2 2 1 1 3 1 1 1 3 1 3 2 2 3 1 2 2 1 2 3 1 2 3 2 1 1 3 1 2 2 2 2 1 3 2 1 2 3 2 2 1 1 3 1 1 1 1 4 2 2 1 3 1 1 1 3 1 2 2 2 2 2 1 1 1 2 1 1 2 2 1 1 1 1 4 1 2 2 2 1 2 2 1 1 3 1 2 1 1 1 1 2 1 4 1 1 1 1 1 2 4 1 2 1 3 3 2 2 1 1 1 2 1 3 2 1 2 3 2 1 1 1 1 1 2 1 1 2 1 1 1 1 2 1 2 3 2 1 1 1 2 3 2 3 2 2 1 4 2 1 1 2 1 2 3 1 1 1 1 1 2 1 2 1 4 2 1 2 3 2 1 2 2 1 3 3 1 2 3 2 4 1 1 2 1 2 2 1 2 1 1 2 1 2 1 1 2 1 1 1 1 2 3 3 2 2 3 4 1 1 3 1 1 3 2 1 3 1 2 1 1 2 2 1 2 3 3 1 1 1 2 1 2 1 2 1 3 1 1 1 2 1 2 1 2 2 2 3 2 3 1 4 1 1 1 2 1 2 3 2 1 2 1 1 3 1 1 2 2 1 1 2 1 1 3 1 2 2 2 2 2 3 2 1 2 2 3 2 1 1 1 3 1 1 1 1 1 1 1 1 1 2 2 3 2 2 1 1 2 1 1 2 1 2 1 3 3 1 3 1 1 1 3 1 3 1 1 2 2 1 2 1 2 2 2 2 1 2 2 1 1 1 1 3 4 3 2 3 1 2 1 4 1 3 2 1 2 1 1 1 2 1 3 1 3 1 2 2 2 4 1 2 1 2 2 1 2 2 1 3 2 2 3 3 2 1 1 3 2 1 2 1 1 1 2 1 2 2 1 2 1 2 1 2 3 2 1 1 1 3 3 2 2 1 2 2 3 1 2 1 2 1 2 2 4 1 1 2 3 3 1 1 1 1 2 3 1 4 1 1 1 1 1 1 1 1 1 1 2 1 2 1 2 1 1 1 2 1 3 2 2 1 1 1 1 3 1 4 3 2 2 2 1 2 2 3 1 1 3 2 1 1 2 1 2 2 1 3 2 1 2 3 2 1 1 2 1 2 1 1 3 3 1 3 1 1 2 2 3 2 2 1 1 2 1 2 3 2 2 1 1 1 2 2 1 2 2 1 1 1 1 1 1 1 3 2 2 1 2 1 1 2 2 1 1 1 1 2 3 4 2 1 1 1 1 1 1 1 3 2 2 1 3 1 2 1 2 1 1 4 1 1 2 2 1 1 1 1 1 1 2 2 1 1 1 3 2 1 2 3 1 1 1 1 1 1 1 2 3 1 2 1 1 2 2 1 1 1 4 3 3 1 2 2 1 1 1 1 2 2 1 2 2 3 2 3 1 2 2 1 2 1 3 1 1 2 2 1 1 1 1 1 3 1 1 2 3 2 1 3 4 1 2 2 1 1 1 1 2 4 1 2 1 1 1 2 1 2 1 2 1 1 1 1 1 1 2 1 1 3 3 1 2 1 1 1 3 2 1 1 1 1 2 1 3 2 3 1 1 3 1 1 2 1 4 1 1 1 1 1 3 1 2 2 2 1 1 3 1 1 1 3 1 1 1 2 1 1 1 1 2 2 1 1 1 1 1 1 1 1 3 3 3 2 2 1 3 1 1 2 3 1 2 1 4 1 1 4 1 1 1 2 1 3 1 1 3 1 3 1 1 3 1 2 2 3 2 2 3 1 2 2 1 3 1 2 3 1 3 3 1 2 2 1 1 2 2 3 1 1 1 1 4 2 1 3 1 3 1 1 2 1 1 2 3 2 2 1 1 1 1 1 1 1 2 2 2 2 1 1 3 1 2 1 1 2 1 4 1 1 2 2 1 1 1 3 1 1 2 1 1 3 1 2 1 1 1 2 2 2 1 3 3 1 1 3 1 2 2 1 1 2 1 3 1 2 1 1 1 1 3 1 2 3 2 1 1 2 3 1 3 1 1 2 1 2 3 1 1 2 2 1 1 1 3 2 1 1 2 2 1 1 1 1 2 1 1 3 2 1 2 1 1 2 1 1 2 1 2 1 2 2 2 3 1 1 1 2 3 1 3 1 3 2 1 2 2 1 2 1 2 1 3 2 2 1 1 1 3 2 1 1 3 2 1 1 1 1 1 1 3 1 1 1 1 3 1 2 1 1 2 1 3 1 2 1 2 1 2 2 2 2 3 1 2 1 1 2 2 2 1 2 1 1 1 1 2 1 1 1 1 2 1 1 2 1 1 2 2 2 1 1 2 2 1 2 2 2 2 1 3 2 1 2 3 1 3 2 2 1 1 1 1 1 1 1 1 1 2 1 3 1 1 2 1 1 2 1 2 1 1 1 3 4 2 2 1 2 1 1 2 1 3 1 1 1 1 3 4 1 2 2 3 3 3 3 3 1 1 1 1 3 2 1 1 2 2 2 2 2 1 1 1 4 1 1 2 1 2 2 1 4 1 2 3 2 1 2 2 1 1 1 2 2 2 1 2 2 1 1 1 2 1 3 2 1 2 1 2 2 3 2 2 1 1 2 2 1 3 1 2 1 2 2 2 3 3 1 1 1 3 3 2 1 1 1 1 2 1 1 1 2 2 2 2 1 2 2 2 1 2 3 1 2 1 2 1 2 1 2 2 2 1 1 1 2 1 3 1 2 2 1 1 1 1 2 1 1 1 1 1 1 2 2 1 1 2 1 1 1 2 1 1 1 2 1 1 3 1 2 1 2 3 3 2 1 1 1 4 3 3 1 1 2 2 3 1 3 1 1 2 3 1 1 1 1 1 2 2 1 3 1 2 1 1 2 2 1 1 1 2 2 2 2 2 4 1 2 3 1 1 1 2 1 1 3 2 1 1 1 2 4 1 2 2 2 2 2 2 3 1 1 1 4 1 2 2 3 2 2 3 4 1 1 1 1 1 1 2 1 1 2 3 4 2 1 1 1 1 3 1 1 2 2 3 1 4 2 3 3 1 1 2 1 2 2 2 3 3 1 2 2 3 2 1 1 1 2 1 1 1 2 1 3 1 2 1 3 1 1 2 1 3 2 1 3 2 2 1 2 1 1 2 1 2 1 1 1 2 2 1 1 2 1 2 1 2 1 1 1 1 3 1 1 1 2 2 2 4 2 1 2 1 1 2 2 3 1 1 3 2 1 2 1 2 2 1 1 1 1 2 1 2 2 1 4 3 1 4 3 2 2 2 2 1 3 2 1 1 2 1 1 1 1 2 1 4 4 2 2 1 1 2 3 1 2 1 1 2 1 2 1 1 1 3 1 1 2 1 1 2 4 4 3 1 2 1 2 1 3 1 2 3 2 2 1 2 2 3 1 1 1 1 1 1 1 3 3 1 1 1 1 3 1 1 1 1 1 2 2 1 2 1 3 2 1 1 3 4 1 2 1 2 2 2 1 1 1 3 1 2 1 1 1 1 2 2 2 1 2 1 2 2 3 2 2 1 1 1 2 2 2 1 1 1 2 1 1 2 1 1 1 1 1 1 1 1 4 1 1 1 1 1 3 2 1 1 2 1 1 1 3 3 1 2 2 2 2 1 1 1 2 3 1 2 1 2 2 2 1 1 3 3 2 2 1 2 3 2 3 1 1 2 2 3 1 2 2 2 1 1 1 4 1 2 1 1 2 2 1 1 1 1 1 1 3 1 1 1 2 1 3 1 3 1 2 2 3 2 1 1 1 1 1 1 1 3 3 1 1 1 1 2 1 1 1 2 3 1 1 2 2 3 2 1 1 3 1 3 2 2 1 3 2 2 1 2 2 1 2 1 1 2 1 2 1 1 1 2 3 2 1 2 3 2 2 1 1 2 2 1 2 2 1 2 1 1 3 3 1 2 3 2 2 2 3 2 3 1 2 1 2 3 1 1 2 3 3 1 2 1 1 1 1 2 2 1 1 2 1 3 2 2 1 1 1 1 2 1 3 3 2 3 1 3 2 1 2 1 1 2 2 1 1 2 2 1 2 2 2 1 1 1 1 1 2 2 1 1 1 1 2 1 1 2 2 2 1 1 3 4 1 2 3 3 3 2 1 2 2 1 1 1 2 2 2 1 2 1 3 2 1 2 1 1 1 2 2 4 3 2 1 2 1 3 1 1 3 4 3 1 1 3 1 2 3 1 1 1 1 1 2 1 2 2 2 1 1 1 1 2 1 1 2 2 1 1 1 2 1 3 2 1 2 2 3 1 1 2 1 2 2 1 2 2 1 1 3 1 1 2 3 1 1 1 3 2 1 1 1 1 2 1 2 1 1 4 1 2 1 1 4 2 1 3 3 2 1 1 1 2 2 1 3 3 1 2 1 1 1 3 3 1 1 2 1 1 1 3 1 2 1 2 1 3 3 4 3 1 1 2 3 2 1 1 2 1 1 1 1 1 4 1 3 1 1 1 1 1 1 1 1 1 1 2 1 1 1 2 1 2 1 2 1 1 2 2 2 1 1 1 1 3 3 2 2 1 1 1 2 1 1 3 1 2 4 1 1 1 2 2 2 1 1 1 2 1 2 3 3 1 1 3 1 3 4 1 3 2 1 1 1 2 1 1 3 2 2 1 1 1 3 3 1 1 3 1 2 1 3 2 1 1 1 3 3 1 1 1 3 3 2 1 1 1 1 2 2 1 1 1 2 1 4 3 1 1 1 2 2 1 1 1 2 2 1 2 1 2 1 2 2 4 1 3 1 1 2 1 1 3 4 2 1 1 1 1 1 2 3 1 1 2 2 1 3 2 3 1 1 1 3 1 3 2 1 2 3 2 1 2 1 1 1 1 1 1 1 1 1 1 3 1 1 2 1 1 4 1 1 2 4 2 1 1 1 1 1 3 3 1 3 2 2 3 1 1 2 3 3 1 2 1 2 3 1 1 1 2 1 1 2 2 1 1 1 1 1 1 2 1 1 1 2 1 1 2 2 1 1 1 1 2 1 2 2 1 3 2 1 2 2 2 2 1 1 2 2 2 1 2 1 1 1 1 2 3 2 1 2 1 2 1 1 3 3 1 2 2 1 1 1 1 2 1 2 3 1 1 1 3 2 4 1 2 1 1 1 1 2 3 4 3 1 1 2 3 1 1 3 1 1 1 2 1 3 1 1 2 3 2 2 1 1 2 1 4 1 2 1 1 2 1 1 3 2 2 2 1 3 1 4 3 2 1 3 2 1 1 2 1 3 1 2 1 2 1 1 1 2 1 1 3 1 1 2 1 1 1 1 1 1 1 1 4 1 1 1 1 1 2 3 2 3 1 2 3 2 3 1 2 2 1 2 1 1 1 1 1 2 1 2 2 2 1 2 3 2 1 1 2 1 3 2 3 1 1 2 2 2 2 2 1 2 1 2 2 2 1 2 1 2 2 2 1 1 2 3 1 1 3 1 2 2 2 1 1 2 2 2 1 3 1 1 1 2 1 1 2 2 1 3 1 2 2 1 2 2 1 2 1 3 2 2 3 1 1 2 1 1 1 1 1 3 1 1 1 1 1 2 2 3 1 1 1 1 3 3 1 2 1 2 1 2 2 1 2 1 1 2 2 1 1 1 1 2 1 2 2 1 1 1 1 2 1 1 1 1 3 1 1 2 1 3 1 1 3 2 2 2 2 2 2 2 1 2 1 1 1 1 1 1 1 2 3 3 2 1 1 4 1 2 3 1 3 4 1 2 1 1 3 1 3 2 2 1 1 2 1 1 1 2 2 2 1 3 1 2 1 1 1 1 1 1 2 1 1 2 2 1 2 1 1 2 1 1 1 3 2 1 1 1 3 1 1 3 2 3 1 3 3 2 3 1 1 1 1 3 2 3 1 1 1 2 2 2 1 1 2 1 1 1 3 2 3 2 4 2 2 4 2 1 4 1 3 3 2 2 1 3 1 2 1 2 2 2 1 1 1 1 1 1 1 3 1 4 3 1 2 2 1 2 1 1 1 2 3 1 2 1 1 2 2 2 1 1 3 3 1 2 1 1 1 2 3 1 1 5 1 2 1 1 2 2 1 4 4 2 1 2 1 2 2 2 1 1 1 2 4 1 1 1 2 1 1 2 3 2 2 1 1 1 1 2 2 2 1 1 2 2 2 1 2 3 1 3 1 1 2 1 1 2 1 1 2 1 1 1 1 2 1 1 3 1 2 3 1 1 1 2 1 1 2 2 3 1 1 2 2 3 2 2 4 2 2 2 1 1 1 1 1 1 2 2 1 2 1 3 1 1 1 2 4 1 1 1 1 1 2 2 1 1 1 1 2 1 3 2 2 1 3 1 1 1 1 1 2 1 1 3 2 2 1 2 2 1 1 1 1 1 2 1 2 2 2 1 2 2 1 1 2 1 4 2 3 2 1 3 2 1 2 1 1 1 1 1 2 2 1 3 2 1 1 2 2 1 2 2 1 1 3 3 1 1 3 1 4 3 1 2 3 2 2 4 1 1 4 1 1 2 1 1 3 1 1 1 1 3 3 1 2 2 1 2 1 1 2 3 1 2 1 3 1 1 2 1 3 3 3 1 1 2 1 1 2 1 1 2 3 3 1 1 1 1 1 2 2 1 1 2 1 1 2 1 2 3 2 1 1 1 1 3 2 1 1 1 2 1 1 1 2 1 1 2 1 3 1 2 2 2 2 3 2 3 2 3 3 2 1 1 3 1 1 1 2 3 2 3 2 3 1 1 3 1 1 3 2 4 2 1 1 2 2 3 3 1 1 1 1 2 2 1 1 1 1 1 2 2 2 1 2 1 2 1 1 2 1 3 1 3 1 2 1 3 2 3 1 2 1 2 1 1 1 2 2 1 2 3 2 1 2 2 2 1 1 2 3 1 1 1 3 1 1 4 2 2 2 3 1 1 1 1 1 2 3 2 3 3 1 2 2 2 1 1 2 1 1 1 2 1 3 1 1 1 1 1 1 1 2 1 2 1 2 2 2 2 3 3 1 1 1 1 1 2 1 2 2 1 2 1 1 3 1 2 1 2 2 2 3 1 1 2 2 3 2 2 1 3 2 1 2 1 2 3 1 2 1 1 2 3 5 1 3 1 1 2 2 2 1 1 1 1 1 2 3 2 3 1 1 4 1 4 3 1 3 2 1 2 2 1 1 1 1 1 3 1 1 2 1 1 2 1 1 2 1 2 1 2 2 1 3 1 1 2 3 1 1 3 1 2 2 2 2 4 1 1 1 2 3 2 1 1 1 2 2 1 2 2 2 1 2 1 1 2 1 1 2 1 2 3 2 3 4 2 2 1 3 2 1 1 2 1 3 2 1 2 1 2 2 1 2 1 1 2 2 4 1 3 1 3 2 1 2 1 2 1 1 1 3 1 2 2 1 1 3 2 1 2 3 1 1 2 1 1 3 1 1 1 2 1 1 2 2 3 3 1 2 1 3 4 2 1 1 3 1 3 1 1 3 1 1 1 1 2 2 1 3 2 1 1 3 1 3 2 3 4 1 1 2 1 1 3 2 2 1 1 1 3 2 3 3 2 1 2 1 2 1 1 1 2 1 2 2 4 2 1 2 1 3 1 2 3 2 1 3 3 2 4 2 1 3 1 1 1 1 1 1 2 3 3 1 3 3 1 1 1 1 1 1 2 1 1 3 3 1 3 1 1 1 2 1 1 1 3 2 2 2 1 1 2 3 1 1 2 2 2 2 2 1 2 1 2 1 2 4 1 1 3 2 2 1 1 2 1 1 2 2 2 2 1 2 2 1 3 1 1 3 1 1 3 2 1 2 2 2 1 1 2 3 1 1 1 1 1 1 1 1 1 1 2 1 1 2 1 2 1 1 1 3 1 2 3 2 1 1 2 2 1 2 1 2 1 1 1 1 1 1 1 1 2 3 2 3 2 3 1 1 1 1 3 3 1 1 1 2 1 2 2 1 1 2 2 2 2 2 1 1 2 2 1 2 1 1 2 2 1 1 2 2 1 1 1 3 2 1 2 1 1 1 1 3 1 2 4 3 2 1 1 1 1 1 2 2 2 2 1 2 3 1 3 4 1 2 3 2 1 2 1 2 1 2 1 3 1 3 1 3 2 1 1 2 1 1 2 2 1 1 2 2 1 1 1 1 1 3 1 2 1 1 1 3 1 1 1 1 1 2 3 1 2 1 1 1 2 2 2 2 1 2 1 1 1 2 1 1 1 4 1 1 1 2 3 2 2 2 1 2 1 1 1 1 3 1 1 2 1 1 1 1 1 2 3 1 2 1 2 1 3 3 1 1 1 1 2 2 1 1 1 1 3 1 2 1 1 1 1 2 1 1 2 2 1 3 1 1 3 2 2 2 3 2 1 1 1 2 3 2 1 2 1 2 2 3 1 2 1 1 3 2 2 2 1 3 1 2 1 1 3 1 1 1 3 1 2 1 2 2 4 1 2 2 2 3 1 1 3 2 1 2 2 2 2 1 2 3 3 1 1 2 3 3 1 3 3 1 2 1 1 2 1 1 3 4 1 1 1 1 3 1 1 1 3 2 1 2 1 1 1 3 1 1 4 1 1 1 3 1 1 1 2 4 3 1 1 1 2 1 2 1 1 1 2 2 2 1 3 1 3 2 1 2 3 1 1 2 1 1 1 3 3 2 3 1 1 1 1 3 3 2 1 1 1 1 1 2 3 3 1 3 1 2 1 3 4 1 2 1 2 1 1 3 1 3 1 1 1 1 1 1 2 1 1 1 2 1 1 4 1 3 2 1 2 2 2 3 2 2 2 1 1 3 2 3 2 1 1 3 1 1 1 1 1 3 1 2 1 2 1 3 2 2 1 1 2 2 2 1 1 1 1 2 3 1 1 1 1 3 2 3 3 2 1 2 2 1 1 1 1 1 1 3 2 1 2 2 1 1 2 1 1 2 1 3 3 1 3 5 1 3 1 1 2 1 1 1 1 1 1 3 3 3 1 1 1 3 1 2 1 1 1 2 1 4 1 1 2 1 3 1 1 1 2 1 2 1 1 1 1 2 2 2 2 1 1 1 3 1 1 1 1 2 1 2 1 2 2 1 1 1 2 2 2 1 1 3 1 1 2 2 2 1 2 1 3 1 1 1 4 1 1 3 2 2 2 1 2 2 1 1 3 3 1 3 2 1 1 3 2 1 4 1 3 1 2 1 1 2 2 1 2 2 4 2 1 2 3 2 1 2 1 1 1 1 1 1 1 2 2 2 3 1 2 2 1 2 3 2 1 1 3 1 1 1 1 2 2 1 2 1 1 2 1 2 3 2 1 3 1 1 1 3 1 1 2 1 3 1 1 1 2 1 3 2 1 1 1 2 1 4 2 1 1 3 2 2 1 3 1 1 1 1 3 1 1 1 2 1 2 2 1 2 1 3 1 2 2 3 1 2 1 2 1 1 1 3 4 1 3 3 2 2 1 1 2 1 2 1 1 1 1 2 2 2 2 1 1 1 3 1 1 1 1 2 1 2 2 2 2 3 1 1 2 3 2 3 1 1 2 2 1 1 1 1 2 2 1 1 1 1 1 1 1 3 3 1 1 2 2 1 1 1 1 2 1 2 1 2 1 3 3 1 1 3 1 2 2 2 1 2 2 1 2 3 2 2 3 2 1 2 1 1 2 1 3 2 2 2 1 2 1 1 2 1 1 2 3 1 3 3 3 3 1 3 3 2 1 1 3 1 2 2 2 1 1 2 3 2 2 2 1 1 2 1 2 1 2 2 2 1 2 1 1 1 2 1 1 2 3 4 2 1 3 3 1 3 1 3 1 2 1 1 1 2 1 1 2 1 1 1 2 2 1 1 1 1 1 2 1 1 1 1 3 2 2 2 1 2 1 2 2 1 2 1 3 1 1 1 2 1 1 3 1 3 3 1 1 2 2 1 1 1 2 2 1 1 2 2 3 1 2 2 1 1 3 2 3 1 1 1 1 1 1 2 4 1 2 1 3 2 1 1 3 1 1 3 1 1 1 4 1 1 1 1 1 1 1 1 3 2 3 3 1 1 2 2 1 2 1 2 1 2 2 2 1 2 4 1 2 1 1 1 4 3 1 3 3 2 1 1 1 4 1 2 2 2 1 3 2 4 2 2 1 1 1 1 3 1 1 1 2 1 1 1 1 1 2 3 1 3 4 3 2 2 3 3 1 1 2 3 3 1 3 2 1 3 2 1 1 1 3 1 2 1 2 3 2 1 1 3 2 1 2 1 2 1 2 1 1 1 1 2 1 1 1 2 1 1 2 1 1 1 3 1 2 3 2 1 1 2 2 1 2 1 3 1 1 1 2 1 1 1 1 1 3 2 1 2 1 1 3 2 2 1 1 1 2 1 2 4 1 2 2 1 1 1 2 1 1 1 1 1 1 1 1 2 1 3 1 2 2 1 2 1 1 3 1 1 2 1 1 1 1 2 2 1 1 1 2 3 2 2 2 3 1 1 1 3 4 2 2 3 1 2 2 1 1 1 3 2 2 2 1 2 2 1 1 3 2 1 3 1 1 1 1 2 2 3 1 1 3 3 1 1 1 1 1 1 3 2 3 3 1 1 3 2 1 2 1 1 1 1 2 2 1 1 2 2 1 3 1 1 2 1 2 2 2 3 1 3 1 3 1 1 3 1 1 2 1 1 1 1 2 2 3 3 1 1 1 1 1 3 2 2 2 1 2 3 2 1 1 3 1 2 1 2 2 1 1 1 1 3 1 2 2 3 1 2 2 1 3 2 1 3 2 2 3 2 2 1 4 2 2 3 1 1 2 1 3 2 2 2 2 1 2 3 2 1 1 2 2 2 1 3 1 1 2 2 2 1 1 2 2 1 2 1 1 2 1 1 1 2 3 3 2 1 1 1 3 3 3 2 1 1 1 1 2 2 2 1 2 1 2 2 1 2 1 2 3 1 1 2 2 3 1 1 2 3 1 3 3 1 1 3 3 1 1 3 2 2 1 2 1 1 1 1 1 1 2 2 1 1 1 2 1 1 2 2 1 1 1 3 1 1 1 1 1 1 3 1 2 2 1 2 3 1 2 1 2 1 2 2 1 2 1 1 4 2 1 1 1 1 2 2 1 3 1 2 1 1 1 1 1 3 2 3 1 1 2 1 1 1 1 1 2 1 2 3 2 1 1 1 1 
