p 4300
1 2860 
1 1524 
2 1056 3610 
3 1069 2589 2860 
5 2117 2332 2351 3149 3935 
4 2370 3827 4210 4254 
2 874 3537 
1 1332 
6 393 685 971 2415 2714 2846 
1 686 
1 3757 
5 439 1008 1232 1780 4081 
2 1671 2292 
1 676 
5 45 219 1684 3148 3395 
4 868 1337 1580 2114 
1 3773 
3 113 3668 4011 
1 2329 
6 819 861 1150 2290 2405 3876 
2 2682 4018 
3 629 2371 3913 
4 1050 3181 3816 4072 
3 1626 1801 4175 
2 1445 3665 
2 708 3071 
2 2282 2617 
2 1023 2777 
2 940 3155 
2 1375 2059 
4 791 1339 3579 4287 
4 255 565 3159 3177 
1 1111 
2 2411 3094 
2 581 3588 
5 212 1090 1699 2252 2897 
3 37 943 2208 
2 36 2050 
2 2618 3385 
3 1135 1988 2451 
3 3305 3862 3957 
3 1552 3212 3778 
3 2430 3199 3899 
4 210 769 3909 4285 
4 620 1044 2044 2869 
4 14 638 1178 2671 
1 2958 
4 1821 1844 2092 3122 
3 65 2303 2787 
3 1996 3211 3667 
2 1472 3526 
1 3911 
3 963 1211 3173 
3 1270 1468 3091 
5 790 1779 3226 3241 3532 
2 481 3509 
4 1015 2093 3674 3763 
2 2089 3327 
0 
3 199 3027 4034 
0 
1 3874 
1 220 
1 4283 
5 653 1266 1707 2805 3203 
7 48 67 1265 2166 2292 2772 4004 
0 
2 65 4273 
2 119 1225 
1 2639 
2 1191 2961 
1 121 
1 3896 
3 155 3143 4015 
1 3900 
2 981 1672 
1 2276 
2 1822 2871 
5 1271 1767 2678 3645 3989 
4 333 1099 1301 2362 
4 1024 3035 3061 3354 
1 1740 
3 1332 1403 3755 
2 660 1894 
6 461 489 1848 3582 3625 4130 
2 557 1684 
3 1358 2383 4071 
4 1570 2314 3298 3842 
1 4184 
1 2179 
5 1454 3084 4045 4168 4281 
3 1972 3499 3698 
4 335 1124 2481 2773 
0 
2 233 907 
1 2408 
2 2392 2409 
4 126 2242 2769 2819 
2 2070 4012 
3 931 1065 3193 
2 344 1873 
3 1767 1955 3411 
1 693 
2 2547 2991 
1 1007 
4 654 2287 3201 3575 
3 226 1794 3495 
3 480 2425 2828 
4 219 1500 2587 3802 
3 485 2988 3032 
2 746 879 
1 3240 
1 1112 
2 17 3171 
2 2745 3026 
6 2085 2771 2873 3301 3552 3702 
2 2526 3764 
3 2381 2668 3172 
4 330 358 2468 3931 
5 68 175 1386 3842 4047 
0 
2 71 255 
1 1255 
4 2230 2942 3014 4001 
1 3166 
3 2143 2177 2537 
6 97 285 1784 2860 3084 3404 
1 1762 
2 446 780 
1 2075 
3 2025 3331 4233 
2 386 1473 
2 2452 2672 
6 387 1077 1270 1852 2150 2482 
1 4099 
2 964 2670 
3 1093 2410 2955 
5 938 1475 1521 2600 3321 
1 1966 
1 3879 
2 2225 2286 
2 1859 2036 
2 1335 1483 
2 1507 3742 
6 187 322 736 1225 1633 2883 
0 
1 2469 
4 190 288 2922 4177 
4 386 2882 3902 4047 
2 473 3286 
6 1121 1414 2103 2517 2778 3155 
1 2183 
2 1228 2507 
2 1936 2901 
3 783 3141 3522 
3 73 1811 3484 
0 
6 350 516 668 2470 2988 3435 
1 649 
1 4001 
4 443 2012 3062 3681 
2 1083 3641 
4 1963 2933 3076 4104 
2 2830 3711 
2 1940 2428 
2 2478 3334 
3 773 3175 3501 
2 2666 3998 
4 754 1765 2344 3624 
2 2036 2470 
2 650 4106 
3 285 1712 1945 
2 1719 2548 
3 1030 1168 3031 
3 1271 2748 4107 
2 119 921 
4 776 1369 3181 3467 
1 982 
0 
3 1545 1996 3810 
0 
6 802 1239 1801 2397 3253 3468 
1 3768 
1 435 
4 254 1765 3097 4275 
0 
3 1407 1981 3672 
3 144 943 2504 
0 
3 1151 1668 2127 
4 147 1131 1241 3508 
2 1971 2224 
3 2239 2821 3932 
2 2837 3047 
3 989 1299 3168 
3 2351 2874 3857 
2 2947 3708 
0 
1 2515 
1 59 
1 1679 
1 2561 
2 1951 2978 
2 2006 2076 
0 
1 2474 
2 825 3528 
3 684 2582 3400 
1 3075 
2 3275 4114 
5 43 2436 3114 4018 4046 
3 564 991 2099 
7 35 301 1459 2283 2873 3493 3843 
1 3184 
2 1685 3131 
2 2892 3849 
0 
1 1427 
4 1325 2375 3013 3399 
6 14 108 1274 2668 3204 3320 
1 62 
2 1207 1996 
3 1039 2703 3195 
4 1434 1520 3619 3946 
0 
2 2192 3296 
3 106 2808 4267 
3 280 2257 2583 
0 
2 3310 3703 
3 2595 2735 2757 
5 389 813 1257 1798 3467 
2 2556 4003 
2 94 1850 
2 326 655 
2 546 2335 
2 1850 4056 
2 257 4244 
1 2615 
1 1056 
1 1404 
0 
0 
0 
4 296 1285 3797 4254 
2 545 3011 
3 950 3523 3816 
1 980 
2 2836 4227 
3 1581 1831 3320 
5 370 1867 3101 3840 4284 
2 3497 3745 
2 2495 3980 
0 
2 184 3797 
2 31 121 
1 737 
3 237 356 3236 
1 1622 
2 1385 2509 
5 789 1041 1913 3128 4021 
2 2456 3010 
3 1242 2570 3546 
0 
1 1803 
3 785 2368 2608 
4 628 1959 3340 3961 
4 1860 2091 3583 4217 
0 
1 1777 
3 738 2604 2622 
0 
4 910 983 2730 2872 
2 931 2511 
3 425 664 2227 
1 495 
3 1038 1815 2419 
2 2207 3496 
2 785 3324 
0 
2 227 2475 
3 1446 1484 3386 
2 715 3296 
0 
4 892 2810 3620 4040 
5 126 171 622 1409 3135 
3 1156 3099 3372 
2 1318 3595 
5 147 576 1620 3281 3353 
1 2447 
2 3653 4081 
1 3650 
5 315 945 1046 3209 3546 
2 518 1323 
3 650 1927 2738 
6 345 988 1552 2952 2983 3413 
2 244 4167 
2 2846 4166 
2 1178 4242 
1 450 
2 904 3226 
3 212 3410 4209 
7 740 1143 1209 2303 2402 3229 4124 
2 487 1395 
1 1196 
2 1556 3257 
1 1574 
1 3262 
2 2074 3214 
1 805 
2 561 2808 
2 414 1758 
1 1973 
2 919 2746 
1 1800 
6 292 384 670 1415 3773 4051 
3 992 2556 3805 
1 566 
2 688 2903 
2 443 3650 
2 535 2108 
3 1440 3436 3874 
3 144 1466 2735 
3 1790 2825 2981 
2 3529 4219 
3 1189 2859 3635 
2 234 3824 
0 
3 1498 3152 3605 
1 1390 
4 118 1322 1343 1442 
1 2830 
3 545 1795 3837 
3 79 3281 3539 
1 3282 
2 92 2940 
2 694 2596 
1 2824 
2 2230 2770 
5 515 824 1351 2664 3347 
3 1947 2490 2830 
3 1747 1871 3244 
1 1937 
0 
4 100 1134 2897 3546 
2 295 3333 
4 677 809 2254 3851 
0 
4 1643 2190 3653 3820 
4 3332 3351 3898 4127 
3 157 2572 3574 
2 2845 3931 
2 1621 2165 
4 602 877 3107 3127 
1 647 
3 2142 3083 3184 
5 257 891 1521 3705 4239 
7 566 2592 2680 2721 2935 3014 3570 
7 118 1491 1896 1952 2155 3572 3770 
1 770 
0 
2 2934 3749 
2 780 3012 
2 889 3684 
1 1932 
1 2379 
5 1324 1512 1605 2300 4243 
0 
2 1451 4269 
2 1969 3861 
2 250 1700 
0 
0 
3 1911 3070 3466 
6 628 882 1220 1651 3496 4069 
2 532 4209 
1 2904 
2 2233 3823 
1 382 
1 3821 
2 1281 2374 
2 3992 4195 
3 378 741 2189 
3 1049 2702 3424 
2 315 3334 
4 596 1077 2613 3478 
5 131 148 2358 2491 3313 
2 133 2817 
2 2470 4047 
3 231 2244 3272 
3 631 1852 4140 
4 654 944 1768 2129 
1 3165 
1 8 
1 3143 
5 640 788 1892 2902 4205 
3 400 1551 2829 
3 1376 1591 2043 
1 2094 
2 2558 3370 
4 396 708 1271 2603 
3 497 1848 3135 
1 3812 
1 2763 
4 485 975 1585 4218 
1 1415 
1 1354 
0 
1 1651 
2 1458 1957 
1 1067 
2 1598 2206 
1 546 
2 442 1022 
3 311 2711 2943 
0 
5 602 1143 2224 2935 4257 
2 731 3854 
3 860 1011 2091 
0 
1 2161 
2 1826 2499 
1 3110 
0 
4 483 2947 3185 3510 
3 274 537 1941 
4 1029 3551 3790 3849 
4 988 1602 2050 3759 
1 3434 
1 3484 
3 2121 2403 3330 
1 433 
4 870 1064 2515 3575 
4 431 446 467 3326 
3 3193 3206 3716 
3 183 666 4107 
3 1686 2088 3324 
3 929 957 2495 
3 1314 3404 3478 
4 11 900 1223 3785 
3 1051 1453 4086 
0 
2 413 3244 
6 160 319 2442 3038 3248 3606 
0 
3 2051 3270 3482 
4 128 433 2324 3417 
4 1185 1894 2630 2879 
5 1449 1896 1975 3447 4176 
4 1447 3223 4064 4162 
4 299 1202 1712 4253 
4 1589 3095 3519 3542 
4 2093 2535 2785 2802 
1 2287 
4 1755 1779 2450 2758 
0 
1 3148 
4 1126 1816 2099 3859 
2 986 1708 
2 2066 3780 
3 1080 1094 3845 
3 84 2546 2766 
1 3146 
1 3156 
2 1940 2030 
6 1583 1660 1957 1983 3418 4029 
3 754 1339 2397 
3 433 521 1896 
0 
1 2226 
1 4189 
6 1203 1729 1768 1912 2049 2106 
4 992 1736 3131 3623 
2 149 1814 
1 3006 
3 1218 2062 3294 
3 637 1110 1745 
4 569 945 1019 2038 
2 824 2391 
2 1324 1883 
1 107 
4 55 588 1411 2501 
2 1942 3202 
2 424 810 
1 2100 
6 109 404 597 3541 4098 4209 
2 2248 3337 
3 303 2115 2348 
3 990 2972 3848 
2 84 2583 
0 
6 591 919 2813 3167 3547 4024 
1 4109 
2 2541 3820 
3 1031 2924 3616 
3 275 1950 3571 
1 3986 
5 401 2036 2600 3409 3797 
1 3192 
3 1702 2811 3225 
3 2041 3486 3622 
1 3284 
1 3253 
2 1636 3399 
3 733 1684 4066 
0 
2 811 2875 
0 
1 3447 
0 
0 
4 618 2234 3302 3312 
5 546 580 850 2214 3484 
1 528 
2 940 1538 
6 339 879 1619 2280 2432 4010 
2 157 4182 
1 1963 
1 293 
1 570 
2 1973 3721 
3 467 2051 2697 
2 854 2417 
1 1522 
0 
8 639 782 1164 1500 1548 1583 2480 3655 
1 2500 
2 2128 3585 
1 513 
3 1613 1888 3337 
3 3950 4003 4201 
2 2638 3662 
4 375 673 2326 3903 
0 
0 
2 320 2983 
1 4281 
5 425 963 1181 3968 4229 
2 1447 3406 
6 1550 2510 2751 3315 4160 4287 
3 2890 3957 4037 
4 1182 1817 3516 4241 
1 3149 
3 2389 3903 4194 
3 923 1475 2149 
7 245 332 1301 1379 2518 2587 3732 
6 235 412 512 1036 1329 3907 
4 783 1445 1717 3012 
0 
1 2803 
2 3120 3964 
3 1439 3156 3636 
2 1126 3875 
3 847 2742 3076 
1 1751 
1 3698 
2 2703 4165 
1 85 
4 677 1643 2869 3069 
1 3760 
5 2833 3029 3268 3334 3591 
6 310 1319 2087 2420 3650 4102 
2 666 2847 
4 779 1648 2272 4248 
2 211 3770 
2 31 4234 
4 317 357 2466 4222 
2 1137 2933 
3 719 3427 3877 
2 477 2315 
4 519 1197 2960 3068 
3 1346 2346 3404 
5 2277 2932 3426 3772 4128 
3 1618 2284 3155 
1 3243 
1 1403 
3 288 1991 4098 
2 1142 2280 
1 861 
4 1657 3684 3721 3806 
2 512 1124 
1 34 
1 3940 
0 
3 872 1603 2724 
5 1260 2155 2666 2982 4107 
1 3942 
3 1222 1851 2824 
2 481 2072 
3 1443 1634 2492 
3 1732 3508 3950 
2 491 3513 
3 2007 2448 3339 
0 
2 2441 4226 
2 952 2098 
1 385 
3 485 1893 3122 
1 1451 
2 1101 4054 
2 1096 3491 
3 608 1938 3418 
5 353 416 646 3193 3640 
2 986 3619 
5 1313 1626 1778 3265 4018 
2 918 2525 
5 2356 2428 2472 2706 3472 
0 
3 601 618 4056 
0 
4 801 823 2569 3993 
2 3832 3887 
3 2287 2632 3067 
2 3020 4295 
1 1325 
2 1073 1810 
4 1314 1947 2373 3553 
2 2448 3995 
3 511 608 2133 
4 1045 1694 2944 3152 
1 44 
1 4107 
2 285 2193 
3 2887 3235 3706 
6 679 2519 2636 2753 3053 3326 
1 2656 
1 1599 
1 1017 
3 266 374 3085 
2 21 3882 
0 
3 390 1430 1966 
3 693 1432 3970 
0 
2 1311 2230 
0 
2 1181 3784 
3 476 889 2437 
4 45 2219 2423 3545 
4 525 1994 3266 4056 
4 395 1821 2270 3438 
0 
2 2199 3189 
1 3352 
2 1032 3944 
3 2062 3420 4065 
4 602 2030 2981 3228 
3 354 1264 2307 
3 850 3484 3580 
2 158 2184 
4 170 294 2383 3086 
4 1101 1163 2558 3637 
1 1571 
3 64 2333 3709 
2 105 391 
2 234 3220 
3 1157 1645 3059 
2 701 1811 
1 2967 
3 1507 2006 2078 
4 83 749 1985 2735 
0 
1 2838 
1 3233 
4 274 901 1744 3933 
0 
3 435 562 4242 
0 
2 157 3771 
2 2513 2760 
1 315 
2 986 3932 
3 2094 3083 4188 
3 532 1226 2992 
1 2459 
2 2210 3151 
4 13 3434 3760 3811 
4 346 558 2000 3784 
4 2682 3605 3795 3821 
4 624 850 1065 1118 
2 2169 3234 
0 
1 3256 
2 2737 4127 
2 207 3714 
2 8 3787 
2 9 3774 
1 2549 
2 318 3747 
1 4240 
3 1778 1874 2733 
0 
0 
2 102 632 
4 336 1068 1806 3324 
1 4205 
1 2639 
1 2290 
2 2220 3952 
3 1248 1307 3970 
1 4056 
4 657 1220 2561 3575 
5 1334 1683 2471 2753 2986 
1 3548 
5 978 2582 2678 3399 3821 
1 3337 
2 731 1244 
3 1039 3069 3228 
4 25 400 2267 3905 
3 3003 3640 3965 
2 2944 3295 
2 2233 4061 
1 1824 
4 1196 3789 3866 3870 
1 2526 
1 282 
0 
1 2563 
0 
3 568 1607 3791 
0 
3 976 1106 2968 
1 2555 
2 1308 1346 
2 2763 3760 
1 1267 
2 1766 2687 
3 1285 2711 2814 
4 881 972 2704 2970 
4 1516 1757 3416 4291 
0 
5 417 706 1664 3416 3683 
3 2183 3283 3503 
4 504 2678 2679 3992 
0 
4 744 1840 2477 4041 
3 144 2027 3904 
3 256 3374 3868 
4 270 2614 3470 3606 
0 
2 302 3606 
1 382 
0 
2 2430 2898 
2 735 2148 
3 1640 2613 3805 
1 110 
3 1705 2172 3463 
5 1241 1488 2110 3012 3031 
4 660 1225 2441 3475 
1 1197 
0 
1 3085 
1 1755 
3 168 466 2213 
4 1154 2227 2515 3204 
0 
1 1832 
2 1814 4244 
1 1485 
1 2102 
2 1210 2384 
0 
5 1005 1244 1734 2090 4293 
0 
2 1143 3766 
2 1815 2833 
0 
3 881 1065 3818 
2 43 2678 
2 359 3702 
2 1982 3610 
0 
4 166 890 2979 3271 
1 3801 
3 2015 2047 2803 
2 176 2841 
3 886 1245 1619 
3 878 2700 3931 
4 563 1030 2014 2266 
5 128 362 1162 1769 3068 
3 1715 3725 4131 
5 525 1712 1986 2086 3717 
5 154 547 1045 1378 3256 
0 
5 265 278 1002 1016 3624 
3 1666 3685 4258 
1 1024 
2 395 1181 
2 260 2525 
2 54 4204 
4 30 1153 1287 3949 
0 
1 2685 
3 867 1769 2294 
0 
1 2591 
0 
0 
3 1105 2609 4138 
1 4261 
5 610 1694 2170 2829 4072 
4 181 1681 3877 4140 
2 1716 1855 
1 1064 
3 309 1951 2186 
1 4092 
3 891 2627 3062 
3 1761 2535 3344 
2 346 2362 
2 483 3533 
3 506 2695 3443 
1 2786 
1 231 
6 857 1525 2030 3049 3361 3811 
0 
3 2326 2526 2541 
3 2064 2295 2449 
4 935 1766 2652 3283 
3 19 1186 2284 
2 1011 2697 
1 1925 
1 4204 
3 610 2050 3202 
2 339 478 
1 206 
0 
3 3530 4036 4088 
2 2721 3837 
1 2733 
1 3194 
1 880 
0 
1 2497 
1 2042 
2 1012 1556 
2 2400 2859 
2 906 1619 
2 2103 2127 
3 1585 2589 2935 
2 1266 2180 
5 976 1701 1726 2296 2798 
1 2168 
2 2065 4199 
5 1372 1879 2175 2341 4090 
2 2091 2915 
2 1550 2743 
4 553 1442 1513 3981 
2 3711 3923 
2 1789 3360 
6 512 648 679 1178 3436 3795 
1 3923 
3 2670 3615 4224 
2 1668 1804 
2 522 3567 
3 2967 3058 3828 
1 3816 
1 814 
1 2003 
4 1310 1662 2923 2976 
3 418 3606 4264 
4 19 578 3440 3665 
2 1931 3302 
2 2748 4037 
1 3121 
2 1023 1307 
2 1557 3953 
2 794 1214 
2 15 2529 
3 3674 3912 4144 
4 432 2686 3069 3491 
0 
1 584 
0 
3 6 1604 2954 
2 1365 4195 
0 
2 353 2628 
3 778 2874 4026 
2 110 515 
1 831 
4 728 768 1445 1465 
2 374 3299 
0 
1 2820 
3 1386 2213 2761 
3 777 3466 4237 
1 2832 
0 
5 363 637 1556 2217 3352 
1 773 
2 356 807 
2 284 4247 
3 1737 1941 3166 
1 3775 
3 998 1619 2458 
1 2067 
2 1946 2592 
1 2873 
1 3037 
3 439 1811 4208 
4 664 2607 2779 3210 
1 1458 
1 4158 
5 300 1215 2547 3522 4042 
3 3088 3632 4195 
1 837 
3 94 2169 4014 
1 3639 
2 2560 3469 
2 272 3913 
2 1469 3522 
1 1165 
4 1899 2002 2898 3848 
4 1028 2393 2737 3846 
1 3710 
2 1510 2255 
3 1747 3010 3638 
6 605 1417 2604 2823 3806 4277 
4 313 491 1717 1903 
4 1258 1640 3910 4103 
1 175 
2 1416 2852 
2 544 3792 
1 1063 
1 4250 
3 1154 1596 3198 
0 
2 3209 3583 
2 437 2720 
4 2064 2498 2740 4226 
6 99 273 1010 2575 3086 3629 
2 2019 2377 
6 1437 2379 2820 2945 3383 4005 
1 3695 
3 818 2082 2397 
3 1411 2268 3784 
0 
1 137 
5 1632 2001 2295 2438 3567 
3 28 514 1872 
0 
3 1077 1550 2718 
6 36 187 1222 2110 2337 3430 
4 391 1638 1801 3980 
4 292 477 1635 1663 
4 2778 3136 3702 3825 
3 1305 1574 3605 
3 2050 2888 4037 
0 
5 246 1592 2874 3037 3344 
1 3851 
6 595 1228 1248 1557 1613 3132 
3 1281 2247 3857 
2 2055 4102 
1 3223 
0 
3 437 2058 2548 
0 
3 1123 1662 2604 
0 
1 1393 
2 1904 2194 
5 52 537 1851 2659 3453 
2 135 2758 
2 1382 2715 
3 2434 2570 3054 
2 2342 2595 
3 2017 3537 3704 
4 2531 2697 2865 4026 
6 1011 2454 2685 2766 3518 3700 
3 8 3789 4292 
3 728 1632 2554 
2 3133 3233 
3 1360 2010 3431 
3 404 1619 2646 
3 721 841 2403 
0 
4 704 1365 2537 3615 
1 4111 
3 247 2425 3628 
5 75 1494 1739 2926 3524 
2 177 4033 
2 272 1479 
3 2581 3818 3841 
2 1515 2234 
8 458 603 671 1622 2201 2322 3964 4039 
3 2640 2691 4247 
4 295 427 1366 2227 
1 194 
4 488 3474 3814 4220 
4 211 1250 1834 1952 
7 316 472 1061 1359 2166 2713 3924 
3 3042 3511 3563 
1 2675 
4 2642 3940 3946 4018 
1 2481 
1 2131 
1 895 
3 3075 3375 3745 
3 2714 3206 3636 
1 3633 
7 785 2017 2136 2552 2927 3553 3873 
2 1590 1660 
1 3210 
2 763 3453 
0 
1 104 
3 11 1052 2076 
0 
2 931 1051 
3 418 820 970 
3 835 1623 2957 
2 1096 2449 
2 1651 2989 
4 56 1161 3046 3179 
1 785 
1 627 
2 3282 3903 
2 477 1252 
1 4051 
3 2479 3604 3962 
4 413 1913 2777 3208 
4 27 865 2729 3600 
4 80 787 3239 3519 
1 3215 
4 1966 2338 3396 3604 
4 1199 1284 2112 2182 
3 914 2656 3689 
3 426 2526 3336 
3 173 779 3300 
5 494 1146 1329 1958 2472 
3 644 2611 2725 
3 2445 2923 3841 
1 1827 
1 1451 
3 546 2836 3098 
4 1572 1941 2493 3626 
3 276 1755 4238 
4 222 707 1893 3129 
3 1378 2426 4106 
5 260 2003 2176 3083 3162 
5 1126 1412 1624 3002 4099 
4 1625 2924 3644 3929 
4 44 1234 2030 3182 
2 619 783 
4 292 1333 1620 2468 
1 2786 
4 1060 3077 3797 4067 
3 383 1923 4104 
2 22 3168 
2 440 1010 
2 1008 1804 
1 1274 
2 1189 4290 
4 1547 1773 2975 3806 
3 2 239 2415 
3 1952 2243 3887 
0 
2 1790 4293 
3 1048 2563 3217 
2 992 2794 
1 2081 
6 924 1525 1690 2505 2827 3327 
4 432 804 2730 3199 
5 99 679 768 2887 3545 
3 1827 2930 3192 
1 410 
2 694 1427 
2 3 2080 
3 3076 3112 4164 
1 3584 
0 
2 615 1199 
1 3513 
0 
5 1264 1478 1724 2446 2709 
4 133 385 942 1298 
0 
2 1664 3256 
4 460 3272 3312 4197 
3 1583 1940 3524 
1 3740 
4 161 1783 2730 3628 
1 4018 
5 1738 2623 2960 3662 4037 
3 2590 3569 3876 
2 1178 1328 
1 4280 
1 3060 
2 35 1409 
3 1237 1352 3031 
3 2409 3879 4202 
2 136 4112 
4 460 1257 1430 2244 
2 2844 2854 
2 600 1013 
2 1248 2092 
3 1105 1808 3689 
4 79 1220 3733 4111 
0 
3 599 651 1617 
2 2364 3454 
1 1806 
3 1308 1768 2222 
4 799 1098 2172 4014 
4 721 1754 2971 3110 
3 2003 2621 4075 
2 1651 2338 
2 3225 3688 
2 476 3958 
2 32 2588 
3 112 3594 4280 
3 1168 2134 4154 
1 1837 
3 2899 3794 4073 
0 
2 1858 2130 
4 679 2074 2471 3911 
2 1710 3858 
2 2749 3994 
2 150 4221 
4 1284 1866 2232 3123 
3 959 3488 3674 
4 92 580 1732 3964 
1 2107 
6 457 552 1042 1587 1689 2979 
2 1970 3502 
0 
4 1273 1865 2012 3783 
3 1604 2584 2787 
3 190 3670 3945 
4 2484 2683 3606 3656 
6 1225 2244 3076 3203 3484 3634 
2 344 3660 
2 39 1166 
1 1925 
4 567 2423 2963 3463 
2 2428 2614 
0 
1 3688 
4 1174 2660 2803 2949 
1 577 
3 302 416 765 
3 1904 3889 4090 
0 
1 1031 
4 2223 3173 3513 3937 
2 2318 4120 
5 2429 2710 2894 3054 3193 
1 19 
5 189 1815 1819 2791 3422 
0 
3 791 1552 3700 
3 755 926 2925 
0 
4 286 2182 2614 4255 
5 656 1844 2226 3593 4238 
3 1686 2646 3767 
1 3351 
2 3044 4201 
3 1015 1466 2015 
4 780 1758 3402 3578 
2 651 3028 
4 525 1214 3045 4191 
3 912 1170 2633 
4 1135 1483 1896 3104 
2 1491 3192 
5 173 1113 1180 1529 3695 
4 1786 1914 3337 3396 
2 1165 4243 
1 1362 
1 1676 
2 1289 3594 
2 1141 3834 
4 1644 2708 4183 4265 
1 1848 
2 1760 1914 
7 45 298 850 1087 3054 3624 3733 
4 1475 1585 2203 3702 
3 1168 1407 4292 
6 537 636 788 2960 3200 3884 
2 541 2781 
1 1494 
0 
5 447 1332 2420 3637 3934 
2 819 2617 
4 1623 3132 3806 4224 
1 2442 
2 325 1054 
1 2414 
5 70 1397 2761 2992 3599 
3 1236 2007 3350 
0 
1 2634 
0 
4 304 713 1690 3808 
2 570 750 
2 1506 2949 
3 1027 1073 4068 
5 2043 2785 2818 3130 3261 
2 2190 2452 
2 450 3234 
4 471 2185 2211 3998 
1 3546 
1 4109 
3 1346 1595 2435 
2 221 2463 
2 3569 4298 
2 302 2485 
2 761 2352 
3 52 2312 3428 
0 
1 3790 
3 867 1164 1679 
2 904 2743 
4 1223 1599 3255 3439 
5 1656 2060 2461 3377 3873 
5 475 1376 1393 3118 4138 
3 1433 1434 4026 
6 374 701 1099 1402 1814 2238 
0 
4 587 943 3098 3488 
4 439 1216 1320 2517 
1 1618 
5 68 144 749 1133 2570 
3 673 3195 3740 
4 2203 2577 2816 3430 
3 152 952 2308 
4 3136 3833 3834 3868 
2 2302 2348 
1 2472 
6 11 1505 1888 2522 2942 3901 
1 3252 
3 1044 3027 4290 
1 1239 
2 1192 1636 
1 1091 
2 2686 2835 
5 181 1235 2307 3553 4033 
1 2645 
4 190 748 1338 2460 
3 262 1438 3915 
3 1496 2629 3239 
3 706 763 4006 
5 777 2244 2777 3114 3128 
1 3710 
0 
5 699 952 1097 1476 3481 
2 1918 3953 
2 991 3246 
0 
3 1019 1929 3158 
1 4205 
2 2643 3440 
1 122 
1 3101 
4 231 1094 2355 3612 
3 920 2125 2732 
1 1308 
1 585 
1 1767 
2 2293 3656 
0 
3 647 1076 1827 
3 65 2460 3957 
6 64 840 1856 2941 3539 3627 
3 725 3235 3945 
0 
4 2063 3042 3269 3857 
5 53 133 1811 3363 3535 
4 78 174 400 3228 
1 1464 
1 1129 
3 219 1053 1910 
2 1755 2085 
3 2613 2655 3504 
1 2557 
2 1578 3396 
2 2079 2350 
4 1618 1784 1864 3936 
4 380 953 3444 3935 
2 3448 3932 
1 2928 
3 1027 1122 3518 
5 244 727 2985 3306 3878 
0 
3 791 2113 2989 
1 4027 
4 1173 1834 2038 2915 
3 1732 2284 2648 
2 3146 3195 
1 2421 
1 3549 
1 2278 
5 1911 2056 2167 3149 3882 
1 2700 
0 
2 1077 2026 
3 194 3235 3454 
2 2323 4141 
4 79 545 1321 3973 
0 
2 4212 4290 
3 1615 2844 3036 
2 947 3479 
3 1582 2406 3764 
4 699 865 2039 2412 
3 723 1104 1259 
3 2216 2463 3531 
2 859 2187 
2 634 3224 
1 3560 
3 604 1710 3772 
2 438 616 
5 1879 2082 2117 2273 2343 
1 2113 
0 
1 287 
3 561 1547 1903 
4 1223 1570 2165 3521 
5 1301 1985 2072 2967 4131 
3 330 2245 2416 
2 293 3133 
4 366 479 1494 1861 
4 218 614 3900 4051 
2 1351 3937 
0 
2 1087 3002 
3 546 1031 3742 
0 
2 1692 2274 
5 7 82 1185 1430 2433 
2 1046 2630 
2 702 3539 
3 142 2077 3068 
0 
3 15 2697 3474 
1 1241 
5 30 466 2090 2425 3444 
0 
1 1536 
3 1558 1807 2910 
2 330 1736 
0 
1 1927 
4 571 723 1206 3206 
0 
1 1811 
1 4212 
1 1435 
2 339 1326 
3 1091 1420 1674 
1 3214 
3 406 1864 3173 
2 1629 2397 
2 1735 1984 
0 
4 86 1647 3436 4087 
1 992 
4 974 1598 1982 2254 
1 3207 
3 1171 2096 3514 
1 3114 
4 1777 3359 4045 4240 
4 875 978 1994 2179 
3 988 2394 2480 
0 
0 
4 176 2568 2873 3783 
1 3521 
1 3423 
3 844 3127 4163 
2 2791 3973 
1 2114 
1 29 
3 397 1218 3525 
4 2174 3102 3226 3281 
6 783 1040 2086 2485 2627 4122 
5 545 2559 3237 3514 3692 
1 3541 
3 2351 3460 4185 
3 965 2418 3289 
1 3626 
7 1397 1878 2148 2420 2754 3715 3937 
4 259 2070 2178 3978 
6 119 885 1517 1921 2019 4204 
1 2523 
2 1432 1435 
0 
1 329 
2 1470 2538 
1 3227 
2 961 1218 
0 
3 303 1822 3061 
4 2802 2924 3985 4250 
3 1191 1384 1514 
2 1445 4291 
1 1877 
3 1712 2386 3651 
0 
3 1220 1652 2425 
4 82 575 2721 4113 
2 240 3197 
4 1993 2152 2315 4173 
3 1670 2625 4100 
3 186 1180 2576 
0 
4 285 1090 3327 3530 
0 
3 481 936 1910 
1 1042 
3 2165 2404 3858 
7 150 1763 2342 2489 3286 4213 4241 
4 315 405 1492 1860 
1 922 
4 918 2118 2549 3578 
1 3135 
1 1826 
1 1352 
0 
1 1536 
0 
3 3037 3306 3586 
1 1923 
1 3002 
5 217 1068 1696 2715 3672 
3 1449 3527 3686 
0 
5 631 1094 1332 2118 3004 
0 
4 632 1388 2601 3540 
1 1219 
5 223 1219 2680 3378 3830 
4 1350 1388 1804 3944 
2 3415 4063 
3 933 2153 3377 
1 1242 
4 551 1620 2080 3249 
3 321 1509 2324 
0 
4 330 847 1930 2740 
2 589 2801 
0 
6 24 547 881 1398 2144 3167 
4 281 1788 2248 3756 
4 449 538 2237 3851 
1 2135 
4 448 1428 2216 3853 
0 
4 368 598 1035 2684 
1 4024 
1 440 
3 90 2258 3829 
3 2793 3697 3700 
1 3129 
4 1866 2131 4063 4268 
4 409 902 1492 1878 
3 212 1641 2668 
0 
1 2343 
0 
1 3665 
5 1272 1992 2634 2928 3104 
5 881 1895 2419 2428 2836 
4 322 1161 2058 2761 
1 4045 
2 53 2998 
1 911 
3 1391 3779 3983 
0 
3 50 1952 2921 
1 131 
0 
4 137 544 1179 3036 
2 1248 2323 
1 3540 
4 1076 1543 3139 3702 
2 983 2497 
1 3286 
0 
1 1916 
4 142 1166 1568 3604 
2 281 3815 
1 759 
3 2515 2846 4170 
0 
3 748 2265 2515 
1 4222 
0 
4 358 1167 1884 2780 
5 1415 1458 1828 3494 3891 
1 2281 
5 981 1183 1324 3414 4128 
2 3078 3545 
2 1243 3454 
1 3997 
2 328 3857 
4 1516 2268 2502 3185 
3 108 525 4296 
0 
2 2280 2586 
2 2501 2874 
0 
1 1232 
2 1198 2302 
2 143 659 
3 2427 2721 2827 
3 1440 3298 3300 
2 916 3302 
2 2528 3895 
1 366 
2 847 3289 
1 1397 
1 985 
3 729 1499 2669 
2 1386 2611 
0 
1 2907 
2 223 1564 
4 137 356 3035 3770 
3 523 2103 3666 
1 1874 
4 1 1643 1736 2298 
6 814 1063 2357 2961 3143 4105 
2 2292 3649 
1 4238 
3 1620 2918 3163 
1 1168 
2 2423 4287 
0 
4 2225 2322 4039 4040 
1 2206 
4 2522 2792 3728 3918 
1 2409 
2 1341 1422 
1 1603 
4 514 1752 2861 3008 
2 1838 2891 
2 3258 4042 
1 3850 
1 2849 
1 1478 
3 2698 2990 4047 
6 179 2200 2211 3167 3528 3719 
3 3354 3800 3860 
4 1055 1319 2404 3268 
2 525 2127 
2 1648 3833 
6 539 846 942 1715 2053 2946 
3 396 2872 3594 
5 41 295 1153 1733 3944 
5 2511 3300 3473 4266 4276 
2 1793 3102 
0 
3 305 835 889 
3 866 952 3876 
2 1342 3043 
2 2203 4002 
1 1756 
0 
0 
1 3380 
3 1520 2109 3743 
3 2174 3040 4017 
0 
0 
3 1483 3900 4235 
2 3088 3381 
2 87 1320 
4 652 1975 2642 3282 
3 1037 2643 4291 
2 3588 3966 
2 306 947 
2 3364 3690 
1 2125 
0 
2 1278 2812 
1 1651 
2 15 3488 
5 249 1714 1881 3917 4008 
2 1306 2749 
4 465 525 1081 4103 
1 2187 
3 404 839 1179 
0 
2 1126 4228 
1 3954 
1 451 
1 1003 
3 397 2154 3011 
6 950 1602 2453 2479 2968 3166 
1 2278 
4 2040 2041 3430 4062 
1 1206 
1 926 
2 1756 3028 
4 411 1360 2196 3428 
3 626 1216 2470 
0 
2 1745 1760 
2 427 1592 
2 584 1537 
4 874 1130 2560 3578 
3 366 2382 3203 
2 2311 3332 
2 719 3614 
2 3512 4019 
0 
1 3203 
2 1654 1696 
3 2327 2886 3130 
5 529 952 2151 3238 3329 
4 1925 2041 3294 4006 
2 1304 2621 
2 2315 4081 
2 1101 3137 
4 573 1224 1280 3569 
6 515 777 837 895 975 4183 
4 288 1046 1439 1528 
5 352 1625 2755 3843 4176 
5 258 986 3933 3973 4178 
2 1012 1187 
2 1042 2698 
2 1043 1621 
3 23 604 3581 
4 2115 3232 3856 3921 
2 3061 3365 
3 1355 2272 3899 
2 1696 2892 
0 
4 939 972 1946 3325 
4 144 2960 2995 4028 
3 589 1668 2639 
4 945 2149 2237 4212 
3 503 1236 1950 
3 1684 1867 3046 
4 944 3577 3860 3964 
1 2284 
4 745 920 3882 4240 
3 1459 2137 2416 
0 
5 348 558 1524 3433 4039 
2 1175 2238 
3 656 2643 3418 
0 
3 1358 2686 3797 
3 563 1549 3614 
3 2203 3486 3700 
1 3828 
6 374 408 1014 1108 1579 2195 
2 1402 2620 
3 2562 3065 3320 
1 1611 
3 1726 2759 3026 
3 1217 1867 3849 
4 579 2098 3582 4217 
1 3220 
0 
3 465 1003 2580 
5 2127 2246 2462 3075 3409 
7 859 959 2483 2540 2959 3560 4176 
2 945 2009 
3 731 1079 1693 
0 
3 786 2006 2112 
1 3957 
4 189 853 1634 2176 
1 3571 
3 1406 1986 2726 
2 12 3271 
2 75 3977 
2 2475 3072 
1 1352 
0 
1 1172 
0 
1 3634 
4 200 1214 2708 3724 
1 2397 
4 802 1987 2188 3739 
1 3593 
3 702 2624 3495 
4 14 85 504 1637 
3 214 2494 4203 
3 436 1158 3195 
1 2657 
1 3842 
3 1126 1837 2954 
2 1063 1196 
2 1868 2190 
1 1331 
5 1664 1967 2390 2504 3307 
2 619 801 
2 2908 3852 
3 1427 1611 1630 
0 
0 
4 35 2711 2726 3970 
2 370 2146 
3 841 1874 2231 
3 499 2287 3959 
4 3157 3426 3588 4277 
1 2258 
3 747 3610 4094 
1 1768 
3 64 2119 4180 
2 458 2923 
0 
5 1119 1313 2371 2656 3388 
0 
6 171 450 782 1400 3470 3584 
2 2889 3328 
2 1581 2324 
2 781 1550 
3 803 3130 3437 
4 547 919 2077 2661 
2 2927 3940 
1 172 
5 2002 2749 3586 3610 3680 
1 2324 
1 2370 
4 1788 3272 3313 3316 
2 1076 2272 
2 3825 3866 
4 841 1655 2631 3908 
1 3484 
2 2328 3931 
2 471 2378 
1 3824 
1 2087 
4 590 1124 1290 3819 
3 1552 1890 3718 
1 763 
1 1356 
4 472 1343 1524 2067 
3 893 3368 3561 
6 1085 1860 3381 3394 3777 4048 
3 981 2927 3850 
1 81 
0 
1 1865 
1 2890 
2 664 2608 
4 476 1601 2615 3857 
0 
6 341 917 1835 3351 3899 4138 
1 2328 
2 2001 2099 
1 2296 
3 554 1967 2764 
3 1538 3860 4163 
0 
2 1106 3009 
4 454 753 1038 1275 
2 1560 1597 
2 729 2861 
3 311 1162 2589 
0 
3 1177 1601 1914 
3 808 2971 3542 
4 127 3048 3485 4136 
3 1414 2057 4192 
3 2529 3182 3592 
3 168 184 3084 
2 726 818 
5 78 101 1261 2708 3992 
5 391 471 1104 1706 3758 
4 780 794 3152 3934 
1 3010 
1 2041 
3 2400 2654 3974 
1 1055 
3 2626 2930 3732 
2 3586 4146 
4 1967 2292 2960 3044 
3 269 1364 1880 
3 604 690 4126 
6 54 454 2342 2806 3376 3986 
3 11 1968 3591 
1 2271 
2 1797 4294 
2 1083 2591 
4 126 1280 3096 4290 
0 
3 1169 2912 3846 
3 1796 2065 3586 
3 1446 1723 2459 
2 849 2087 
3 323 1059 2774 
1 1950 
0 
5 1554 2436 3738 3972 4207 
3 106 2618 2857 
2 332 3239 
3 1787 3156 3543 
2 1782 3583 
1 231 
1 4016 
1 314 
4 23 181 944 4134 
0 
5 264 2877 3748 4065 4257 
4 853 1052 1435 3713 
0 
4 694 1103 4027 4205 
2 1342 2672 
1 1098 
3 2533 2738 3471 
3 615 3026 3385 
5 155 657 900 1270 1348 
1 3458 
0 
5 473 758 1220 2424 4014 
5 276 766 1151 2361 2493 
3 457 2310 3027 
3 541 3808 4232 
1 3020 
3 1151 2008 4217 
0 
4 47 640 2435 3470 
4 77 1395 2316 2707 
3 3551 4007 4187 
3 712 2788 3514 
0 
3 421 1419 3563 
3 1034 1066 1264 
2 1492 3008 
2 1832 4182 
0 
1 249 
2 757 1829 
0 
4 991 1289 2071 3758 
2 1747 3593 
1 2997 
2 1114 1689 
2 1539 4078 
1 2265 
3 735 2918 3308 
1 2587 
0 
0 
3 47 1157 2344 
0 
2 2038 2948 
2 3356 4287 
5 84 401 1176 2170 2687 
2 2118 3401 
5 233 236 2723 3889 4267 
3 587 963 2229 
3 133 390 4222 
3 1924 2069 3530 
0 
2 803 3417 
2 1266 3374 
2 2579 2812 
3 1117 2402 3455 
1 141 
5 267 1415 1738 1944 3653 
2 1324 2625 
1 2628 
1 3627 
3 1280 1354 4034 
4 1129 1742 3968 4225 
4 1122 1457 3353 3794 
5 250 1637 1656 2800 2820 
2 1691 2317 
1 2303 
1 2317 
2 341 2150 
5 940 1962 2568 2640 3379 
1 100 
5 690 1523 1701 2101 2969 
2 2084 3893 
3 2068 2276 3788 
4 1399 3738 4025 4282 
2 1384 1458 
2 844 1315 
1 1777 
3 1581 2242 3575 
2 3051 3220 
4 479 2365 3122 3799 
2 1491 2226 
1 2852 
1 3320 
1 2480 
4 529 1232 2185 3172 
2 3946 4234 
2 1733 2158 
0 
3 395 2565 3272 
4 597 1039 2262 2736 
5 83 447 3523 3660 3720 
3 1465 2726 4134 
7 358 448 467 1166 2073 2091 3171 
0 
1 2473 
2 913 2354 
1 4095 
3 2510 3760 4250 
1 3553 
2 919 1319 
4 962 1144 3771 3824 
2 1915 4255 
1 2021 
1 2664 
1 4108 
1 3403 
3 1274 1411 4011 
6 373 1295 1913 2905 2947 3220 
3 471 3001 4077 
5 260 1022 1911 2065 2645 
5 1169 1177 1760 2525 4038 
1 1905 
2 1482 3818 
1 2480 
3 1249 2226 2832 
0 
2 3156 3413 
2 1386 4149 
1 3739 
2 1049 1425 
2 1853 2414 
3 821 1136 1614 
2 2746 3044 
3 294 1345 2735 
0 
1 1252 
2 1442 3090 
5 862 2022 2889 3908 4226 
2 364 2094 
1 2875 
5 2036 2712 2727 3547 3865 
0 
1 153 
2 342 3835 
2 601 3416 
1 2092 
3 164 464 1081 
4 425 893 1037 2259 
2 482 4155 
0 
4 1860 2285 2431 2950 
2 171 2049 
3 897 1632 3857 
3 340 616 3170 
2 2376 3281 
1 3538 
4 495 1636 1791 2409 
3 202 805 2551 
4 358 991 1057 1472 
3 2288 3113 3127 
2 2529 4261 
1 101 
2 2720 3001 
5 409 465 2967 3828 4232 
3 1031 4005 4275 
1 266 
1 2511 
0 
1 1872 
4 162 517 2648 2661 
0 
1 4235 
3 138 631 1026 
6 1693 1751 1776 2617 3343 3643 
2 1780 2317 
1 369 
1 1127 
2 191 3494 
3 91 2224 3091 
4 312 520 2851 3152 
1 4200 
5 448 1571 3469 4125 4297 
1 3570 
1 4149 
1 2308 
4 2249 2659 3323 3360 
1 2478 
3 186 2043 3252 
2 771 1360 
2 465 2506 
1 1356 
3 660 1321 3851 
6 782 1670 2138 2683 2730 3704 
3 1681 2395 2487 
1 39 
2 3151 4234 
0 
3 576 2513 2540 
2 1464 2896 
2 1405 3050 
4 639 1365 3358 3462 
3 2944 3291 3731 
3 49 179 221 
3 2111 2570 2989 
1 3344 
1 3226 
1 677 
2 939 1749 
4 913 1720 3020 4265 
3 858 1041 1107 
3 2727 3223 3432 
1 2448 
4 203 659 1666 3780 
2 592 1192 
4 1819 2015 2518 3741 
2 1663 3846 
2 974 2458 
3 2298 2559 4078 
4 160 1129 2785 2946 
0 
3 779 3650 4285 
5 775 1161 2008 3781 4229 
1 2958 
5 968 1002 2189 2708 3355 
1 2296 
2 932 1386 
2 2432 2674 
3 1906 2053 3081 
2 1931 3504 
5 2809 3054 3187 3303 4115 
0 
2 130 3107 
2 1298 3899 
1 736 
1 3567 
0 
6 464 646 814 1044 4192 4243 
2 2346 2780 
2 2256 3532 
1 3201 
2 3160 3696 
0 
4 141 169 497 1934 
2 2371 2498 
4 477 1289 1846 2594 
1 1307 
1 1594 
7 500 1594 1614 1771 2974 3270 3919 
2 834 2945 
3 397 1200 1981 
2 44 3505 
0 
0 
2 775 3222 
3 2063 3109 3346 
2 471 1945 
7 37 427 823 948 2421 2769 4169 
3 445 521 3746 
1 2191 
3 1550 2021 2516 
1 3347 
1 954 
1 1295 
3 1763 3628 4163 
3 957 1466 3482 
1 29 
3 1217 3404 3695 
3 2589 3563 4098 
5 475 645 2578 3619 4275 
4 1269 2048 2925 4061 
3 817 930 3072 
3 843 1787 1913 
2 459 2226 
2 896 1736 
3 1876 2455 3925 
3 1853 2261 3930 
2 98 1385 
4 1834 2097 2929 3107 
4 588 1321 3267 3684 
2 1896 3363 
5 308 1118 2636 2819 3378 
1 129 
3 203 1008 3410 
3 1335 1717 3492 
1 659 
2 1279 3947 
4 1069 1439 2784 3159 
2 1062 2394 
3 935 1315 3571 
2 2656 2981 
1 1875 
4 115 1275 2318 3905 
5 782 1378 2355 3542 4025 
3 561 1731 1789 
1 436 
1 57 
3 763 1339 3588 
4 267 418 845 1896 
7 47 1097 1939 2415 2768 2982 2983 
5 56 452 3060 3961 3971 
3 398 672 1932 
1 3656 
2 1362 3429 
4 2071 2290 2398 2444 
3 595 1657 3756 
3 211 457 1749 
3 484 2270 3504 
4 1874 2203 2596 2657 
2 760 2359 
4 150 838 1522 4234 
2 2705 4134 
2 3504 3752 
3 471 3413 3780 
2 1125 2608 
1 320 
2 1564 3728 
2 748 943 
2 1997 2137 
4 1027 1666 2505 3888 
2 1287 1316 
6 15 1374 3253 3738 3793 3971 
4 487 1627 2435 3189 
1 4105 
2 4 1315 
3 1417 1430 1849 
1 1707 
0 
1 430 
2 2411 3154 
3 3516 3580 3770 
2 2523 3240 
2 1258 1576 
2 2651 2944 
4 189 838 1548 1661 
1 527 
2 391 3916 
3 1117 2822 3543 
4 997 1457 2987 3095 
2 2298 2391 
2 618 2135 
2 1113 2520 
6 1448 2133 2159 2339 3020 3895 
2 1002 4093 
5 1641 2111 2509 3100 3132 
1 1986 
1 2328 
2 2513 3422 
2 2251 2533 
4 355 2339 3752 4082 
2 125 3027 
1 1445 
3 2330 2544 3448 
2 1700 2506 
0 
5 744 1384 2176 2264 2456 
2 544 1635 
2 133 1871 
2 1613 2865 
1 1405 
5 1437 2418 2608 2698 3415 
2 1591 3365 
4 358 585 2516 3932 
1 4205 
0 
3 1890 2626 3131 
2 2135 2202 
2 3214 3990 
2 420 3986 
2 2503 2577 
0 
1 3326 
3 352 1320 1413 
2 65 992 
1 1295 
2 842 4227 
3 680 907 2762 
4 801 1848 2251 3613 
0 
3 747 1105 2697 
0 
3 1377 1565 2552 
2 844 2295 
3 1041 1668 2148 
1 125 
5 1385 2791 3267 3277 4260 
4 89 1365 3197 3929 
1 840 
1 3999 
6 1027 1156 2987 2998 3144 4040 
4 151 732 3050 3359 
5 649 2437 2828 3602 4219 
2 1203 1888 
2 805 4285 
5 1310 1584 2633 2984 3140 
1 1681 
2 382 2017 
7 348 1201 1691 2642 3138 3568 3927 
1 2052 
3 225 2298 3965 
1 622 
2 962 3062 
3 1651 3441 3979 
3 1598 2284 2532 
1 2655 
1 3950 
2 642 3131 
1 1545 
2 986 3549 
3 2159 3043 4123 
5 1179 1227 1559 1649 2101 
2 2215 2700 
0 
4 411 1533 2475 3699 
2 277 3360 
1 36 
1 3076 
2 675 2687 
3 1203 1545 3727 
0 
4 754 885 2754 4119 
3 512 2901 2930 
2 2204 3149 
4 1309 1449 2761 3499 
2 889 3396 
0 
2 638 2357 
2 698 3410 
1 4270 
3 1104 2237 2289 
3 1147 2394 3228 
7 191 416 1972 2305 2519 3396 4256 
3 140 1532 2915 
6 469 1157 1884 1918 2066 2460 
4 274 755 988 3777 
1 2674 
2 1851 3567 
6 123 338 634 3256 3562 3601 
3 1701 2345 2463 
3 1122 2656 2844 
2 377 711 
3 511 985 3193 
3 2392 2454 3956 
2 2919 3257 
3 1447 1635 2222 
3 1220 1644 3251 
1 192 
1 3580 
1 2487 
3 97 1881 3326 
4 1057 3036 3304 4088 
6 389 1094 1133 1245 2359 3344 
1 1322 
1 1661 
1 953 
3 486 1446 3382 
1 1979 
3 2357 3676 4194 
3 2141 2170 2942 
2 35 3410 
1 3019 
4 346 1360 2450 3193 
2 916 4131 
2 2032 3608 
2 227 4255 
2 1454 1704 
1 1941 
0 
2 2069 2985 
1 1893 
2 2264 3017 
2 2148 2263 
3 1488 1839 3406 
2 779 3437 
2 708 3984 
3 936 1499 2627 
0 
2 640 2100 
2 1781 3191 
3 563 1629 1724 
2 1315 4099 
1 1331 
0 
3 76 1876 3371 
3 572 2732 2834 
2 1294 1593 
0 
3 515 577 1502 
2 1493 2752 
4 26 2296 3003 3702 
4 212 3107 3176 4051 
7 573 819 1290 1639 2196 3620 4113 
1 1944 
1 140 
4 105 453 612 1702 
2 1953 2552 
4 2222 2443 2578 3230 
4 19 697 2097 4073 
1 3061 
4 12 65 1526 1776 
2 1262 2939 
1 794 
3 817 939 2175 
8 841 1750 2018 2282 2751 2787 3064 4099 
2 2878 2924 
5 1524 2011 2132 2192 3075 
0 
2 366 2569 
0 
3 1230 1506 3197 
3 48 302 1869 
2 3270 3510 
2 2224 2863 
2 2471 4071 
3 647 1239 3792 
3 1228 1978 2582 
1 3891 
1 1816 
2 1606 2457 
2 1211 3207 
1 4065 
2 87 2397 
4 569 1405 1616 4073 
3 1822 3050 3141 
3 1868 1870 1968 
6 1148 2085 2665 3466 3665 3750 
1 3914 
2 2934 4206 
0 
3 986 1532 4076 
2 1300 1476 
5 446 1440 1714 1721 4060 
2 3457 3953 
4 532 816 3033 4260 
1 1612 
6 1728 1748 2139 2733 2847 3773 
5 18 2758 2785 3393 4147 
2 2145 3211 
3 2610 3598 3774 
2 4 2792 
3 653 2496 3960 
4 2376 3442 3525 3825 
2 235 4109 
2 3921 4074 
2 943 3732 
4 1026 1108 3020 4136 
3 2135 2142 4162 
0 
3 844 2524 4158 
3 967 1414 1779 
3 1315 1461 2525 
2 168 1844 
3 2231 2542 4218 
3 571 2031 3263 
1 3220 
3 487 1230 3492 
1 3820 
1 1279 
4 4 195 1381 2903 
2 1210 2607 
3 3314 4074 4263 
1 1899 
2 1257 2086 
2 606 3452 
4 1525 2219 2250 2506 
4 386 2454 2713 2931 
2 2102 2244 
0 
1 1815 
4 79 809 3740 3914 
2 3611 4181 
1 1102 
3 1883 2499 3064 
2 2426 3988 
1 4105 
3 265 2449 2645 
2 2835 3178 
2 5 1722 
5 21 1710 2037 2538 4096 
2 3690 3704 
2 616 3645 
1 380 
1 218 
3 1948 2334 3716 
2 932 2981 
4 1729 2616 2896 3425 
3 365 933 2662 
0 
2 117 2656 
2 1605 3953 
4 86 650 2663 4298 
4 761 2546 2744 3863 
0 
4 1400 3678 4151 4179 
1 2810 
0 
2 543 2878 
2 1693 3233 
3 478 2132 2967 
3 96 2235 3177 
2 914 3991 
7 1366 2081 2223 3057 3705 3787 4141 
1 1987 
1 3855 
8 181 466 935 1355 1680 2314 2890 2929 
6 2097 2688 2730 3234 3304 3339 
3 2636 3267 3757 
5 836 1772 2657 3613 4126 
1 3031 
2 302 1858 
2 430 976 
3 1413 1547 4077 
3 19 3753 3999 
3 1306 3523 3528 
1 2618 
2 95 2979 
6 96 1092 1535 1950 3851 4215 
2 136 3413 
3 33 2122 3408 
3 1307 3347 3846 
1 2743 
3 1190 1924 2571 
3 8 1056 2092 
2 1322 1641 
1 522 
2 1382 2153 
3 276 1465 2921 
6 561 1185 1384 2718 3204 3444 
2 1292 2050 
0 
3 638 1137 1530 
2 1814 3509 
4 107 980 1339 1402 
4 1040 2366 3814 3868 
2 1508 4288 
5 164 606 1138 1465 3934 
2 1149 2920 
2 42 743 
2 1944 2666 
2 515 2020 
2 1332 3601 
4 966 2452 3169 3904 
4 1206 1821 2115 3007 
3 210 1793 2848 
2 637 2184 
4 939 2853 3003 3703 
1 3082 
0 
2 594 749 
2 443 1188 
1 2289 
4 2097 2519 2716 4298 
2 1033 2494 
3 1076 3031 3360 
3 289 3540 3904 
4 592 617 2005 4294 
3 817 1013 2368 
2 454 2254 
2 39 3395 
3 132 1201 2434 
3 1592 3508 3583 
4 970 2235 2358 3666 
1 2068 
3 261 2148 3098 
1 2311 
2 895 2010 
4 674 1788 2560 2974 
4 1241 1265 2226 4283 
4 1217 3803 3893 3936 
2 1661 3696 
3 1207 1309 2231 
0 
1 2902 
2 566 3725 
2 3599 3758 
5 118 1046 2484 2855 3930 
2 146 2479 
5 157 169 388 1599 3400 
4 702 1118 2306 4154 
4 606 1031 1231 4245 
1 1898 
3 205 2728 3357 
4 280 1673 2206 3329 
0 
2 735 4159 
3 165 1980 3309 
4 1021 1592 2469 2686 
5 525 1366 1887 1917 2757 
3 92 996 3380 
2 133 3333 
2 1662 3577 
4 1132 2468 2593 2936 
3 1209 1378 4011 
2 3222 3890 
3 1987 2241 3975 
2 3230 4029 
1 1414 
3 340 2742 2927 
3 386 2905 3351 
3 589 2818 2948 
2 1037 1815 
7 1685 2445 2701 4096 4126 4215 4247 
4 252 437 3353 3903 
3 2333 3072 4221 
3 833 1479 4072 
3 930 2037 3761 
4 421 2365 2675 2726 
1 526 
2 481 1503 
1 1499 
2 2162 3908 
5 187 1693 2934 3880 3914 
2 1063 2112 
4 1983 2146 2357 3782 
2 152 3833 
2 2995 3767 
3 259 2137 4294 
3 539 1901 3144 
5 273 1553 1960 2721 4068 
1 3431 
5 669 1991 2140 2663 3900 
0 
7 198 432 755 1486 1488 3199 4244 
4 2053 2155 3174 4203 
3 150 1223 2618 
3 545 2008 3146 
3 624 2224 2444 
3 2134 4001 4039 
1 2884 
3 1232 1534 2526 
2 1387 2124 
2 2341 2644 
5 605 789 1914 2343 3962 
6 116 714 816 1029 2522 2891 
1 3816 
1 1511 
4 868 1764 1954 2660 
3 3596 3695 3826 
1 969 
1 2196 
2 1809 2141 
0 
2 452 808 
1 4267 
2 125 978 
3 1391 2371 3219 
0 
2 1662 1991 
2 493 816 
2 2345 3226 
0 
1 2145 
0 
4 461 2384 2803 3459 
3 103 904 2773 
2 172 957 
3 687 1417 3021 
0 
1 1951 
4 1002 2174 2288 3115 
4 2651 2843 3074 3549 
3 972 3469 3526 
2 722 3577 
4 232 316 3894 4116 
1 1277 
2 399 651 
4 1379 2011 2666 3902 
6 909 1604 2459 2722 3126 3468 
4 201 701 2877 3765 
2 1653 3569 
2 717 1060 
2 3751 3898 
1 1892 
1 2666 
0 
2 1369 1872 
4 610 2300 3355 3688 
6 262 966 1225 1997 2826 3955 
1 2414 
3 350 3857 4137 
2 2857 2902 
1 3334 
2 931 3484 
2 1407 2849 
3 1227 2162 4291 
2 2062 2289 
1 1857 
1 1660 
3 984 2601 3747 
3 207 704 2308 
7 227 489 2753 2825 3562 3940 3988 
1 1130 
0 
1 1502 
4 108 545 1841 3848 
1 1111 
7 3 839 1758 2061 3382 3887 4139 
2 1086 3543 
3 796 1783 2969 
3 357 897 3092 
1 2484 
3 2038 3071 3427 
3 230 967 3114 
2 336 2101 
0 
2 3109 4120 
1 4126 
2 137 497 
2 1432 2581 
1 3855 
2 400 3757 
3 270 918 959 
1 3895 
2 2722 3202 
3 901 2352 3535 
5 265 1744 2107 2153 3478 
3 799 3746 3928 
2 2331 3484 
2 1032 1517 
0 
6 385 745 1276 2704 3260 3424 
3 738 1138 1156 
3 238 1745 3246 
5 2378 2948 3040 3706 3836 
5 26 1186 1967 3883 4000 
5 38 1794 2407 2517 4048 
0 
1 1652 
2 1107 1615 
4 270 3324 3551 3979 
2 1085 2972 
1 1683 
5 1406 1861 3476 4123 4162 
2 1774 2158 
5 807 1378 2268 3078 4123 
2 877 1862 
1 1243 
2 447 1333 
4 1726 2885 3719 3963 
1 612 
5 1165 2187 3259 3789 3934 
2 1194 1464 
1 3635 
4 624 2074 2399 3349 
3 2911 3424 3818 
2 531 3678 
3 69 696 1634 
2 987 1872 
2 2818 3745 
3 995 1571 2190 
4 1254 1572 1645 3181 
2 2524 2849 
4 1240 1913 2368 2818 
2 975 1158 
1 2683 
2 1290 1963 
1 2896 
2 3311 3639 
3 2126 2553 3131 
1 818 
1 2942 
1 1772 
3 1276 2197 4293 
6 625 1028 1710 2083 2232 2381 
5 1687 2101 2400 2936 3033 
0 
3 963 1979 3991 
2 1141 2529 
2 1717 1963 
2 2379 3920 
3 2383 2513 2785 
4 339 1907 3065 3152 
1 2318 
6 167 585 2431 2559 2566 3777 
1 3483 
4 117 219 1459 4169 
1 1516 
4 135 852 3390 4037 
3 45 2806 3123 
3 132 1807 3447 
4 3737 3938 4260 4292 
2 2020 2228 
2 994 2499 
1 4119 
0 
6 78 704 733 769 3032 3355 
1 733 
2 357 1434 
0 
3 20 678 3911 
3 1132 1986 2647 
1 1451 
2 793 970 
4 870 1238 1647 2479 
4 726 1848 2210 3679 
4 2398 3356 3488 3632 
0 
0 
5 987 2795 2884 3561 4029 
2 2729 3223 
2 2790 2798 
2 3158 3794 
2 811 4232 
2 2872 3849 
5 521 820 969 1337 2172 
3 1544 1624 2153 
3 2992 3880 3918 
3 778 1296 2204 
2 2494 3902 
2 383 4178 
2 222 556 
3 728 2613 3324 
2 2104 4052 
2 606 2755 
2 1822 3759 
4 1175 1679 1767 2017 
1 1076 
1 1149 
5 414 727 1699 3169 3233 
2 1934 4009 
4 992 2358 3261 3318 
2 8 1000 
3 965 1427 2900 
2 2444 4022 
2 2895 4291 
2 942 2420 
0 
3 929 1956 4034 
5 357 828 1403 1508 2511 
3 2560 2606 3542 
2 1850 3460 
1 584 
2 1032 3729 
5 1670 1699 1895 2499 3333 
3 1934 2004 3813 
2 2474 3835 
3 1023 2692 4265 
6 272 1064 1083 1986 2398 4160 
0 
5 1258 2277 3298 3635 4278 
3 690 829 2328 
0 
6 230 322 660 1927 3258 3681 
2 1893 3079 
3 683 914 3599 
2 294 1809 
1 2934 
2 930 1442 
0 
3 553 2490 3520 
3 846 1215 2413 
1 2384 
1 114 
2 313 1926 
0 
3 174 863 4176 
3 1120 1582 1720 
1 4171 
3 539 2296 3681 
4 2281 3363 3692 4000 
3 624 702 2583 
4 1384 2213 3293 3719 
3 1621 2706 3651 
0 
3 230 2480 2803 
4 454 964 2329 3044 
1 1655 
1 669 
6 885 1191 1466 2216 3111 4233 
1 2169 
3 403 724 3038 
3 1751 2951 4053 
0 
2 461 970 
1 3668 
3 2092 3506 4015 
2 97 2050 
1 338 
2 115 3647 
1 65 
5 92 2547 3099 3126 3790 
2 1790 3083 
1 4087 
0 
4 27 1022 1245 3796 
2 150 946 
3 901 3150 3324 
2 1491 2031 
2 1182 3576 
0 
0 
2 2080 3562 
10 452 1200 2012 2329 2663 3664 3768 4134 4179 4263 
4 812 1047 2820 3106 
3 48 1130 2296 
1 1824 
0 
1 2693 
3 1151 1373 2178 
4 1534 2332 3377 4297 
2 1455 4213 
1 1061 
1 2691 
0 
0 
3 841 2693 4222 
0 
1 1867 
2 1443 4075 
5 452 1396 3008 3144 3238 
5 549 775 1141 2546 2757 
1 2929 
2 64 4107 
3 1779 2671 2824 
3 3137 3292 3648 
2 226 310 
2 2023 3489 
3 284 2387 4088 
2 499 3901 
2 1578 1857 
2 491 3508 
2 727 3255 
4 3099 3989 4215 4272 
1 1227 
2 387 2824 
5 1200 2492 2641 2645 3544 
2 97 2074 
5 884 933 1867 2786 3229 
2 192 3665 
1 2130 
1 918 
4 337 587 2806 2817 
2 323 2583 
1 2570 
4 1063 1508 3368 3692 
5 107 2184 2853 2908 4212 
6 396 801 3386 3550 3582 3608 
4 163 331 340 3763 
1 3110 
3 887 1918 3929 
2 560 766 
2 2277 4222 
3 1238 2369 3233 
3 248 1036 1465 
2 193 3150 
1 662 
0 
0 
1 776 
1 3038 
2 2553 3214 
3 1095 1304 2232 
1 351 
3 8 297 1486 
3 562 2328 3717 
3 2436 3008 3851 
4 1542 2576 2644 4254 
1 3243 
2 1973 3419 
2 922 1885 
2 2438 2828 
4 1095 3090 3091 4115 
4 2468 3334 3620 4076 
0 
2 1794 2573 
1 2926 
5 325 836 3313 3874 3930 
5 0 3 126 3253 4278 
3 1538 1757 3263 
1 3175 
2 2305 3234 
1 3865 
3 969 2151 3366 
0 
2 2869 3344 
2 3464 3909 
3 44 558 2867 
0 
2 77 3450 
3 272 1551 2696 
4 115 212 898 1369 
4 195 878 950 1503 
4 506 1933 3674 3862 
1 3730 
2 1803 2561 
3 2297 2389 3148 
2 447 3895 
0 
1 3767 
1 148 
1 144 
3 2521 2691 3584 
1 2631 
2 1612 3123 
2 623 1065 
2 948 3724 
2 1713 1931 
3 540 1743 2397 
2 1539 2526 
3 215 1630 4176 
0 
1 1149 
2 2717 3070 
4 1992 2378 2649 3906 
2 35 344 
3 743 913 3387 
2 1115 3631 
1 2715 
2 153 2214 
4 395 2465 2573 3197 
2 318 2351 
2 376 3014 
2 1911 2491 
0 
1 1519 
3 1695 2828 3275 
0 
2 1342 3504 
1 2637 
1 1786 
1 3721 
1 3678 
3 845 1289 2225 
0 
1 4299 
3 1528 1840 3144 
3 2236 3217 3307 
2 2429 3382 
4 1472 2419 3126 3818 
2 147 4080 
4 859 1033 1708 3219 
4 494 1043 1396 2297 
3 1154 2063 3407 
3 981 2858 3915 
5 1002 1718 1739 2490 3677 
4 1283 1464 3270 4206 
5 2071 2397 2804 2948 3138 
5 1066 1774 2214 3842 4061 
3 2358 3361 3781 
1 572 
2 162 567 
5 361 2320 2504 2739 4159 
3 357 416 839 
2 2484 2657 
2 3335 3841 
0 
1 2293 
3 335 3233 3741 
1 1266 
6 123 1232 2251 2653 3272 3826 
2 414 3288 
4 619 710 1995 2126 
2 933 2042 
3 1550 2012 3291 
4 196 424 1911 3758 
5 1846 2492 2616 2929 3550 
2 1141 1198 
2 1944 4284 
2 2764 3893 
2 295 3862 
1 2989 
3 874 1689 3576 
1 136 
1 3648 
2 1012 3786 
3 46 2016 4142 
1 1662 
5 570 1085 1181 1633 1776 
3 70 1525 3467 
0 
3 1137 3527 4069 
0 
1 3294 
0 
6 658 855 1321 1957 2391 3738 
4 721 1592 3231 3555 
3 1874 2591 3593 
1 728 
2 1106 1761 
3 488 2623 3092 
2 3501 3531 
2 2041 2459 
2 1055 3678 
2 859 3871 
1 3450 
3 202 3069 3866 
4 773 1126 2408 3166 
0 
4 323 646 2083 2377 
4 585 2092 3290 4126 
5 295 535 2092 3813 4169 
2 2187 3600 
2 1285 2261 
1 702 
2 2131 2182 
2 109 157 
4 1014 1287 1997 2953 
1 1544 
1 103 
3 673 1191 2699 
0 
0 
3 1633 2508 3570 
0 
3 1836 3530 4234 
3 1468 2182 3644 
0 
0 
3 1912 1956 3811 
5 1042 1328 1426 3966 4263 
3 709 2282 2438 
1 1430 
1 4090 
3 474 3404 3590 
3 2435 4170 4211 
6 1538 1828 2802 2848 3013 3743 
1 1754 
3 261 917 1770 
2 245 1591 
4 362 547 748 3271 
4 218 3008 3115 4152 
3 123 357 2904 
1 3044 
0 
3 2263 3062 3166 
0 
3 2253 4093 4105 
5 613 1818 2002 2135 2338 
2 2549 3503 
2 3476 3699 
0 
1 3662 
0 
3 114 1655 1810 
4 59 1234 1816 2143 
3 1163 1597 3204 
2 560 3291 
0 
5 173 748 1091 2401 2446 
5 109 2678 3047 3637 4121 
3 2326 2657 4168 
0 
2 80 1521 
4 1304 1475 2243 3849 
4 899 950 1424 3291 
3 443 2763 2842 
0 
2 1565 2616 
3 3421 3493 3918 
3 993 1269 3760 
4 1558 2202 3641 4232 
5 1160 1776 1926 2758 3015 
1 1164 
2 1015 1637 
3 193 3032 3590 
2 1762 3415 
2 814 3426 
4 1993 2183 2316 4094 
3 1882 3587 4177 
1 3961 
1 624 
5 966 1149 1178 2023 3695 
2 3390 3864 
1 3327 
1 2394 
1 855 
1 656 
2 1089 2093 
4 80 1395 1628 2291 
6 160 807 2194 3017 4165 4183 
2 3702 4174 
3 2296 2365 3214 
3 1653 2664 3531 
0 
1 612 
3 570 780 1335 
4 558 707 870 2978 
3 373 2895 3832 
2 25 2594 
3 1673 2064 2496 
2 3665 4248 
3 2553 3415 3622 
4 208 999 1661 2298 
7 162 553 1070 1133 2209 3292 3936 
2 1048 4281 
2 1495 2627 
1 2736 
0 
1 2021 
1 2439 
4 355 672 1041 2774 
3 90 126 1765 
3 628 752 4046 
2 650 931 
2 4025 4210 
2 905 1569 
1 3431 
2 1930 2854 
3 53 1972 2854 
2 2592 2972 
3 3508 3883 4080 
2 33 3108 
3 451 2131 3878 
1 1784 
1 184 
3 1036 1222 2456 
5 286 2773 2815 3411 3845 
2 2137 3627 
2 250 1256 
2 1377 1554 
3 3239 3286 4140 
2 1166 1464 
3 3845 4284 4297 
2 2786 3957 
5 353 2025 2071 2283 3460 
1 3094 
3 2048 2598 3954 
3 422 1106 2831 
1 2761 
1 1070 
1 1953 
4 210 1245 1363 2595 
3 2552 3013 4210 
0 
0 
2 1218 3872 
0 
3 550 3679 3930 
1 864 
3 47 597 1883 
4 1122 2671 2886 3469 
1 3291 
1 3736 
4 2560 2773 2921 3843 
3 353 1372 1953 
2 260 1245 
3 1039 1456 3313 
3 1200 1612 1716 
6 214 472 2158 2199 2651 3925 
3 952 1187 2137 
4 973 1323 3171 4103 
0 
5 285 401 1418 4209 4274 
2 946 1229 
3 1617 2807 4021 
3 2190 2929 3213 
2 1478 3768 
1 2187 
2 154 2316 
0 
4 73 394 1525 3727 
7 2182 2510 2802 2918 3255 3804 3893 
1 3224 
3 462 1291 2518 
1 4099 
3 14 456 2878 
4 4 542 1295 2215 
2 2779 2837 
3 675 1989 4061 
5 328 619 1769 1973 2664 
0 
1 2122 
3 28 150 573 
5 463 551 1796 1920 3323 
1 1703 
2 1252 2694 
3 31 2080 3948 
1 2034 
1 3546 
2 1041 3542 
1 1528 
0 
2 392 4020 
5 124 893 1592 2979 3017 
4 491 1445 1545 3372 
5 194 1050 3415 4036 4227 
2 2434 2711 
2 1947 3468 
5 113 1896 3133 3365 3502 
2 117 1888 
3 52 1147 1354 
2 2516 3614 
3 166 2862 3338 
1 2283 
3 31 2392 4266 
2 2369 3656 
2 1015 3548 
1 4054 
3 22 176 2643 
2 1044 1764 
0 
2 213 355 
2 424 1499 
1 4176 
1 2023 
0 
3 642 2115 4243 
0 
2 2271 3524 
4 498 1066 1167 4035 
7 99 434 602 1149 2234 2254 3661 
1 830 
4 222 1226 1291 1686 
1 3424 
5 1404 2179 2302 2902 3226 
1 926 
3 42 1064 2515 
1 1181 
2 105 2033 
4 482 823 2606 3223 
4 64 1133 1605 1610 
5 219 755 2420 3028 3429 
0 
3 434 1000 1346 
2 1361 2312 
1 1022 
2 292 928 
2 901 1004 
2 49 2330 
1 41 
2 3138 4255 
7 308 1353 2160 2843 3064 3295 3315 
2 1025 4243 
1 3767 
3 1060 2919 4177 
1 3583 
3 2538 2923 4217 
5 655 1658 1882 1911 2347 
1 4182 
2 2047 2486 
6 449 955 2004 2692 3202 4130 
5 1311 3145 3499 3615 3935 
2 499 1109 
8 54 300 1377 1999 2542 3197 3389 4082 
4 1392 3993 4062 4248 
4 646 707 1271 2223 
2 302 2820 
3 2289 2488 3422 
2 2968 4268 
1 1627 
7 663 973 2390 2711 2835 2940 3556 
4 680 1202 2398 2863 
4 623 1267 1299 3840 
1 257 
1 1379 
3 1613 2802 3401 
4 1024 1243 1795 3103 
3 111 2124 3467 
1 54 
1 3934 
2 574 2850 
3 341 442 3260 
1 4035 
4 1250 2615 3442 3841 
0 
1 443 
1 1439 
0 
1 2238 
2 1233 1981 
6 181 502 2114 2860 3610 4219 
2 3342 4028 
3 1216 2814 3144 
5 682 783 1079 2230 3887 
6 305 2236 3413 3487 3670 4183 
2 1540 2735 
2 2633 3474 
2 2613 3244 
3 1200 2713 3505 
1 307 
3 2346 2861 3520 
2 3643 3684 
2 604 3926 
4 639 3560 3667 3760 
6 2072 2178 2399 3345 3346 4033 
2 560 1547 
1 1269 
4 445 2041 2304 2928 
4 773 1671 3012 3417 
6 389 1080 1723 1892 2942 4144 
0 
0 
5 209 2908 3358 3963 4298 
1 3857 
1 2178 
1 3965 
0 
1 3694 
4 288 333 1377 1948 
4 334 1018 1571 3622 
2 732 818 
2 501 3578 
0 
5 149 1414 1480 3103 4257 
2 3489 4294 
2 2943 3789 
2 1382 1513 
2 2982 3570 
6 1995 2946 3029 3037 3124 3714 
3 2807 3076 3944 
1 2754 
5 475 1614 2965 3859 3956 
2 710 3214 
2 225 282 
2 3587 3953 
4 87 1509 2732 4063 
1 882 
3 1030 1509 1553 
1 115 
4 511 862 1510 3633 
1 2023 
2 2243 2398 
1 40 
2 1285 1424 
4 1693 2919 4076 4157 
1 1840 
1 2478 
1 229 
3 2650 3914 4091 
2 511 1080 
4 386 1723 2859 3129 
2 2353 4280 
2 539 3214 
1 1723 
0 
2 2713 3324 
0 
5 219 249 1653 1886 4161 
1 137 
1 3887 
2 1979 3156 
9 278 436 694 2622 2704 2779 3318 3900 4095 
3 1632 3484 3559 
5 433 624 2164 2242 3686 
4 57 1063 1409 3056 
1 1713 
3 1613 2475 4242 
3 430 3428 3846 
1 130 
2 349 1606 
4 345 2482 2726 4233 
5 165 384 560 2574 2855 
2 2937 3969 
1 1029 
6 486 529 705 1169 3805 3903 
1 3175 
3 592 2398 3834 
1 266 
1 4077 
1 3254 
1 1967 
6 808 950 1998 2244 2867 3417 
2 3267 3880 
3 2048 3267 3575 
3 339 2054 2412 
0 
1 2636 
1 1192 
5 349 1159 1747 2491 3784 
2 643 889 
3 288 1866 2495 
2 80 1546 
4 2017 2569 2678 3542 
2 1847 2688 
3 2474 3576 3752 
2 1994 3275 
2 1364 2183 
4 849 1979 2207 2446 
2 814 2931 
1 3800 
3 1270 2073 2752 
2 1575 3442 
3 1628 2154 3171 
1 2865 
0 
3 1737 2827 4235 
0 
3 399 4152 4160 
1 2276 
3 286 3167 3662 
0 
2 737 1856 
1 999 
1 1779 
3 1217 1437 2792 
3 1434 2074 4218 
3 1872 3455 4004 
2 1563 2481 
3 1569 1738 3413 
3 2248 2589 2920 
1 933 
1 4169 
2 38 1810 
2 281 2829 
1 2898 
1 1710 
2 3226 3457 
2 2670 3055 
0 
1 3721 
2 2329 3611 
1 1738 
3 14 2451 3900 
6 1026 1169 1278 2217 2224 3852 
1 3977 
0 
4 218 503 704 4297 
3 207 2470 4209 
4 1849 3238 3456 3934 
2 1162 3463 
2 1909 3822 
5 126 438 571 2060 3006 
0 
2 538 2265 
3 2925 4104 4227 
2 2411 3675 
2 497 1661 
4 301 2076 2220 2252 
2 101 3099 
0 
6 295 1920 2106 2410 3257 3381 
1 1494 
5 1436 2153 3048 3074 3168 
3 729 731 1938 
4 446 1855 3271 3344 
3 465 601 1645 
1 2851 
1 645 
1 3041 
5 1151 2140 3230 3648 3786 
1 1371 
4 383 2613 2637 3196 
1 2378 
5 572 1703 3049 3713 3863 
2 568 2594 
3 1211 1598 3330 
2 2096 3204 
5 943 1227 1594 3668 4275 
3 974 2512 3089 
2 2004 4061 
1 1643 
2 428 676 
1 157 
5 321 850 1358 3642 4102 
3 1716 2266 3851 
1 640 
2 1216 4017 
2 861 1254 
1 2195 
3 2334 3246 3364 
1 811 
3 1281 1339 2420 
1 3487 
2 4015 4233 
3 448 508 2672 
3 1282 2145 3861 
0 
2 2871 2977 
0 
1 2356 
3 963 1005 3690 
4 1102 1299 1496 3982 
4 1858 3379 3491 3628 
1 3401 
2 2325 3389 
1 1812 
2 2546 3772 
3 1381 2723 3107 
0 
1 1994 
3 747 1137 3402 
1 2868 
0 
3 373 886 2318 
4 176 231 2961 3240 
4 181 2560 3170 3835 
4 909 1975 2554 3123 
4 738 1712 1821 4084 
1 1809 
2 606 3850 
1 1553 
3 990 1337 3259 
3 749 3631 3887 
3 2625 3022 3929 
0 
3 385 438 2608 
4 1305 3521 3555 3845 
3 3924 4055 4102 
1 1248 
3 445 2058 4182 
1 2667 
9 155 429 512 648 1133 1727 2575 2610 3325 
2 1762 4172 
2 500 1649 
3 3257 3445 3686 
5 1123 1222 1580 2688 4019 
2 2809 3287 
1 4093 
3 600 870 3455 
2 2077 2348 
5 212 3041 3975 4159 4285 
3 1492 1971 3862 
3 106 1683 4286 
4 277 374 3519 3522 
2 251 3995 
0 
3 91 2216 3224 
0 
3 166 2973 4074 
3 1127 3171 3679 
2 732 3021 
6 1276 2022 2100 2105 2910 4221 
2 2044 3261 
1 2768 
1 4208 
5 190 590 2453 2813 3093 
2 55 2424 
3 424 2304 3557 
1 993 
1 1608 
3 591 1074 1147 
3 1362 1379 1824 
1 3793 
2 541 2123 
1 3724 
2 970 1284 
3 451 1024 3496 
3 2742 3263 3587 
3 1320 1370 3479 
4 154 904 911 3496 
3 246 1894 2406 
3 981 1081 3191 
2 1376 2334 
2 50 2554 
3 1428 2963 4147 
3 206 1545 2406 
1 324 
5 827 1409 1853 2997 3649 
6 1309 2973 3065 3748 3765 4123 
3 54 2032 3671 
1 810 
1 3774 
2 1270 2607 
0 
2 6 968 
2 1949 4008 
5 333 1266 1334 3601 3854 
3 1432 1477 2447 
2 485 1380 
6 451 1761 2086 2722 3162 3355 
3 1796 2130 2590 
2 2818 3970 
4 638 1065 1495 3750 
6 262 292 344 1204 3161 3787 
2 491 1934 
2 703 3179 
3 1293 2201 2553 
2 2829 2948 
3 426 1823 2622 
2 115 4166 
4 616 1002 1239 1902 
0 
2 2968 3479 
1 3233 
3 3510 3576 4146 
1 3975 
1 3325 
3 1312 1662 3266 
2 1737 2691 
3 2230 2583 2784 
4 993 1826 2061 3720 
1 4218 
2 3650 3925 
0 
4 854 939 2028 2229 
2 2190 4134 
4 1086 1208 1618 2562 
4 357 1976 2995 3290 
5 495 1669 2082 3573 4248 
1 358 
1 3571 
1 350 
5 105 432 701 1881 3346 
4 2781 2954 3357 3557 
3 1638 2483 2555 
6 1162 1417 1604 3284 4165 4220 
2 30 4160 
3 648 2123 2240 
1 1626 
3 84 1657 2829 
5 267 928 1797 2453 3218 
4 1071 1712 2884 3654 
1 527 
4 1424 1720 1775 1787 
4 3051 3297 3520 4268 
4 34 1573 1703 2090 
0 
3 3006 3047 3709 
3 560 1780 4028 
1 1764 
4 1157 1682 1835 2969 
3 1112 1173 1551 
1 287 
2 2530 4052 
0 
2 2331 3898 
3 1191 2467 2737 
2 1023 2984 
3 2230 2433 3539 
1 2184 
1 4208 
3 1021 1026 1483 
4 328 678 947 3905 
5 443 738 740 860 1132 
0 
3 2256 2829 4072 
1 4255 
5 2 771 1705 1720 3253 
3 2363 3393 4094 
1 1257 
3 2170 2400 4156 
3 1607 1648 3174 
3 852 978 3224 
1 494 
0 
1 3943 
3 223 603 2062 
3 284 2284 2855 
0 
3 500 3074 3282 
1 472 
3 168 785 1178 
1 84 
5 1037 1383 3704 4044 4151 
3 1266 1863 3100 
5 980 1083 2057 3455 3678 
1 931 
1 3875 
2 2899 3475 
2 905 2688 
2 1001 3302 
2 1133 1678 
4 325 2635 2732 3822 
2 551 1000 
3 651 1185 3032 
3 917 4084 4123 
3 908 2650 3766 
3 602 709 3804 
2 161 3043 
2 3436 3677 
2 1967 3264 
3 1043 2998 3821 
2 78 2373 
0 
1 2771 
3 2807 2956 3422 
2 1526 3530 
7 291 319 561 2014 3565 4218 4289 
2 1400 2755 
0 
3 290 348 1860 
2 3584 3833 
1 525 
5 1132 1262 2095 3178 4032 
1 3979 
1 3750 
0 
3 1134 1894 4183 
1 3193 
5 531 1085 3024 3372 4094 
0 
1 2785 
6 24 861 1463 2318 2821 3073 
2 1522 2454 
2 49 3266 
3 17 2767 3430 
0 
2 1131 3257 
1 3532 
2 186 1427 
0 
4 56 869 1123 2875 
1 3408 
1 2250 
2 2927 3642 
5 2386 2638 2914 2975 3628 
3 2687 3120 3502 
1 1720 
3 160 2735 2751 
0 
1 731 
4 363 579 2072 3264 
2 786 4129 
3 1428 3326 3487 
0 
3 1109 1140 2569 
2 1028 1098 
3 1575 2372 3453 
1 3724 
3 1379 2752 2827 
0 
1 3280 
5 934 1168 2060 2530 3054 
2 2034 2462 
1 1455 
2 91 555 
2 2206 3022 
4 970 1153 1455 1649 
0 
7 115 770 946 1179 1478 2282 3063 
2 229 2438 
4 968 1986 2372 3626 
2 356 2394 
3 623 2616 4125 
0 
1 196 
2 653 3590 
2 915 1246 
2 163 848 
0 
2 1804 3426 
2 684 3291 
1 1384 
2 434 2376 
2 782 2847 
2 1733 3784 
4 1545 2631 2754 3928 
2 1894 3563 
4 520 579 2913 3392 
1 4067 
1 3863 
4 1679 2888 3517 3691 
2 781 2466 
1 4265 
2 2211 3143 
2 1534 2109 
1 2725 
2 2876 3864 
1 1995 
4 545 1774 2337 3976 
2 1099 1178 
0 
0 
1 3125 
1 2673 
5 1793 1877 2114 2967 3904 
2 1681 1922 
4 1082 1226 2362 3918 
2 2008 2940 
3 143 1329 3805 
2 1564 3008 
0 
4 251 999 2641 3770 
2 2051 2609 
2 688 2581 
3 1803 3531 4172 
1 361 
3 2318 3545 3658 
1 2564 
3 2105 2142 3357 
1 2405 
1 3763 
1 82 
2 1446 2098 
3 10 2399 2603 
4 1768 1834 2467 2947 
2 427 2707 
6 559 676 724 1901 3042 3266 
2 2498 4129 
0 
4 56 2830 3754 4033 
2 116 1306 
3 2561 3531 3844 
3 765 3639 4119 
4 1158 2508 2881 3216 
3 182 2785 3139 
1 4218 
5 358 564 1521 2123 3745 
2 668 1904 
4 572 1313 3459 3924 
3 16 315 2328 
4 686 2331 3534 4004 
1 894 
0 
5 1738 2227 2666 3862 4061 
1 41 
1 1470 
3 459 2006 2106 
2 2015 2931 
1 2506 
2 1129 1369 
5 636 677 936 3351 3718 
1 439 
2 2957 3422 
3 685 2394 3546 
2 1876 4243 
4 713 971 2633 3288 
3 426 1213 2773 
1 719 
2 923 2307 
2 2114 3515 
3 1115 1866 2694 
3 678 850 3943 
2 2777 3947 
5 244 254 497 1048 1647 
1 4131 
1 1883 
3 1546 3362 3879 
1 774 
2 108 3883 
1 2461 
2 3144 3640 
4 316 745 3337 3742 
5 579 918 1055 1187 4156 
0 
2 1196 1817 
0 
1 179 
3 676 814 3001 
2 402 4159 
2 2727 2983 
2 990 2426 
1 1484 
4 22 246 856 2527 
0 
5 768 984 1916 2637 2921 
2 1732 3998 
4 348 493 2349 3946 
5 379 678 704 3644 4194 
2 3403 3635 
1 377 
4 326 1730 1904 4012 
3 946 1725 2334 
2 2530 2942 
2 5 3959 
3 855 1650 1957 
1 1454 
1 1434 
1 4194 
2 611 3070 
4 1229 1549 2507 3654 
3 1174 1229 3339 
4 1937 2728 3468 4063 
1 2616 
2 332 828 
0 
0 
3 250 3235 3958 
4 984 1033 2937 3246 
5 87 119 1688 2930 4059 
3 212 1621 3126 
1 3765 
4 460 3099 3105 3479 
5 914 1786 2009 2412 3330 
2 3876 4171 
4 488 913 2587 3893 
5 215 426 1656 2696 3036 
3 1541 1739 3472 
7 346 951 1447 1985 2409 2848 3437 
2 1695 3396 
1 1449 
2 417 3539 
2 2396 2602 
1 1627 
8 195 953 1269 1498 1745 1946 2572 3276 
3 1119 1413 4060 
2 457 3294 
3 1546 1638 1752 
2 369 3448 
5 40 2875 2952 3494 3777 
3 2384 3426 3723 
2 3055 3730 
2 1934 2864 
3 713 1725 2978 
0 
4 737 1229 2426 3968 
1 4059 
1 713 
1 2976 
1 3118 
2 1002 1217 
3 61 321 2859 
2 552 3630 
4 19 1086 1557 3847 
2 568 802 
3 1285 3095 4005 
4 139 1092 3800 4211 
3 2504 2699 3345 
1 4293 
3 629 1295 1640 
3 2617 3093 3802 
1 1181 
0 
0 
6 611 1057 2589 3256 3322 3475 
1 2112 
3 1144 1850 4231 
1 2486 
3 1492 2309 4038 
2 3960 4165 
6 1875 2461 2951 3144 3848 4225 
1 2556 
4 1511 2135 2605 2879 
1 72 
1 4237 
3 349 2564 3598 
5 42 1629 1747 2026 4138 
6 74 1325 1568 2513 3324 3395 
4 1232 2811 3916 4102 
3 148 2559 2701 
5 532 543 1018 2495 3337 
4 736 2434 2447 3738 
3 708 2085 3605 
1 2896 
1 546 
3 1726 1931 2503 
2 43 2868 
1 920 
3 51 1118 2682 
1 869 
2 21 910 
4 2319 2362 2504 3311 
2 1242 2926 
3 2129 3901 4100 
2 1581 4202 
4 1534 2699 3041 3740 
2 2041 4281 
2 2662 4239 
2 1627 2336 
0 
4 848 851 3968 4257 
3 992 3480 3772 
3 2068 3131 3565 
1 3265 
2 2190 3932 
2 2609 3719 
4 1043 2179 2832 3476 
4 2069 2468 2859 3120 
4 118 351 778 1728 
6 192 671 1282 2155 3927 4176 
2 664 1622 
6 1185 1769 2428 2633 3242 3401 
3 4 1281 3224 
3 1280 2461 3076 
4 1147 1326 1384 4007 
1 2673 
0 
4 582 995 1718 2583 
0 
1 586 
3 3618 3795 4024 
4 644 1435 1552 3292 
2 1131 1267 
4 223 995 1889 3820 
3 2079 3796 4120 
1 3159 
1 791 
5 530 590 2198 3968 4291 
0 
1 698 
5 866 1249 2325 2382 3297 
2 1588 3109 
2 2570 4206 
2 2235 3294 
5 40 540 1265 1667 3106 
3 1110 3840 3973 
2 1702 3827 
2 2333 3892 
3 266 2093 3052 
3 1021 2525 4179 
2 2631 3275 
4 550 986 1124 1638 
3 709 2192 3278 
3 1573 3002 4192 
0 
5 537 1865 3868 3923 3950 
1 3335 
4 632 699 1699 3544 
2 2093 2114 
1 1793 
4 1301 1373 1622 3958 
1 1772 
3 2487 3493 3558 
2 3732 4052 
2 1672 3397 
1 1385 
3 2195 2622 3657 
2 252 944 
1 847 
1 3454 
1 1470 
1 2267 
1 1396 
3 496 1779 2161 
0 
2 2366 2583 
2 78 2815 
1 2160 
2 2393 2659 
3 381 733 1767 
2 610 3227 
1 1120 
2 617 3497 
0 
1 1497 
3 167 1203 3819 
3 2181 2405 4269 
2 2617 2752 
3 123 159 2520 
1 1559 
2 232 530 
6 65 3379 3774 4130 4145 4209 
4 933 1958 3878 4172 
2 1244 1614 
2 1823 3937 
2 1581 3538 
2 2712 4133 
1 515 
3 17 1910 2485 
2 98 3824 
0 
3 907 1105 1814 
3 73 2768 3446 
1 1799 
2 1565 3439 
6 20 210 604 995 1084 4188 
3 1608 3488 4104 
1 3165 
2 260 3137 
2 2716 4166 
0 
3 491 1452 3943 
3 1877 2086 3087 
3 878 969 1219 
3 1288 1806 4077 
3 1633 3254 3591 
3 465 2488 2691 
0 
0 
1 3656 
4 982 1239 3267 3763 
3 59 1864 2720 
3 3192 3245 4228 
2 827 3168 
5 540 863 948 1085 2670 
2 1914 3891 
4 986 1532 1643 2520 
3 284 1532 2182 
1 735 
2 904 1540 
0 
1 3626 
3 90 1364 1467 
3 210 3085 4123 
4 119 148 388 1544 
2 1738 2618 
0 
0 
5 315 1020 1325 2283 4199 
5 2705 3596 3976 4241 4247 
1 2764 
2 599 3180 
1 3480 
4 236 608 639 700 
0 
0 
2 3842 3869 
2 2324 3858 
6 711 2063 2930 3151 3432 3777 
3 1594 3227 4106 
4 1436 1457 3298 3835 
1 449 
3 645 1803 2313 
1 504 
2 1048 3722 
2 1199 2511 
2 374 2963 
0 
2 86 2306 
4 22 801 2497 3608 
3 1115 2290 2315 
3 2336 2353 3501 
2 1107 2801 
3 2322 2855 3307 
4 1912 2404 3341 4027 
2 1838 2011 
0 
4 2922 3093 4175 4280 
3 11 290 1616 
2 2142 3226 
0 
2 3470 3638 
0 
1 440 
3 1358 2775 4173 
3 827 2243 2810 
0 
5 844 1144 3005 4205 4229 
1 3311 
1 806 
3 2136 3019 3490 
4 1705 3050 3611 3662 
2 1900 3324 
2 2371 2494 
0 
3 485 576 2061 
5 134 1042 2273 2296 3147 
2 1406 3916 
0 
5 561 954 3436 3480 3901 
4 920 1583 3133 4199 
4 162 1049 3407 4019 
4 1525 2116 2367 3019 
5 170 1040 4062 4201 4238 
5 174 435 585 621 2805 
1 1908 
5 492 1205 2335 4204 4232 
0 
2 979 1099 
1 1093 
3 1403 2284 4257 
1 209 
2 2023 2854 
1 2556 
1 4288 
0 
3 2213 2676 3766 
3 1148 2598 3947 
1 3032 
1 1378 
6 2202 2625 2627 3531 3638 4046 
1 302 
2 1975 3706 
5 1778 2400 2494 2599 2982 
2 349 683 
2 572 1494 
2 3685 3761 
3 84 3223 4004 
4 781 1321 2255 3798 
0 
1 4009 
5 1801 1895 2104 2785 3568 
0 
2 1762 2338 
2 2572 4201 
4 799 1218 1747 3899 
1 2589 
4 390 802 3103 4185 
2 1300 2394 
1 2958 
0 
2 869 3272 
1 4004 
2 1775 3557 
2 2329 3527 
0 
2 1921 1977 
0 
2 2386 3626 
2 3013 3370 
0 
2 1113 2471 
1 1942 
2 3613 3806 
1 3307 
2 903 2341 
4 2477 2934 3493 3812 
4 539 2730 3370 3579 
1 3320 
3 449 2339 2625 
3 1372 1752 2057 
1 1070 
4 556 3062 3578 3892 
3 297 3552 4022 
1 296 
2 90 3033 
4 2050 2668 2983 3384 
2 1486 3007 
3 2750 3847 4238 
3 3485 3748 4005 
2 1405 4087 
1 3063 
2 23 4080 
7 448 1621 1662 2748 2892 3186 3932 
3 147 3051 3217 
3 1622 2702 4257 
3 2386 2785 3962 
1 1707 
1 2363 
4 516 1829 3221 3482 
5 1175 1619 3062 3257 3660 
1 88 
2 1381 4140 
0 
1 1823 
2 672 4018 
1 470 
0 
2 1164 4210 
4 1763 2030 3966 4259 
0 
4 543 2250 3821 3831 
3 381 875 905 
0 
1 1080 
0 
3 843 4051 4103 
1 1974 
4 530 1160 4106 4137 
2 1092 3917 
2 1685 2516 
4 790 822 1386 4109 
6 395 695 1253 1806 2156 4090 
3 2320 2928 3955 
1 1793 
3 900 3507 3603 
6 301 375 485 3135 3400 4004 
4 5 3087 3115 4191 
2 3007 3879 
4 1303 1349 1635 2828 
2 1414 2793 
0 
3 2409 2494 2815 
0 
4 267 1657 1819 3219 
6 404 2345 3378 3564 3650 3769 
3 324 2184 3253 
2 990 3578 
3 1121 2496 3504 
5 566 1489 1852 2798 2834 
0 
2 852 1187 
2 1865 3893 
3 594 930 1931 
4 248 2168 3168 3407 
2 1587 4035 
3 537 2015 4090 
0 
1 3889 
5 1817 1957 2695 3043 4109 
4 130 2761 3333 3446 
5 565 1889 1989 2103 2997 
3 1568 1965 3368 
0 
2 886 3897 
5 1038 1157 1527 4106 4171 
2 356 3920 
3 689 1364 1640 
3 541 1414 4052 
3 298 666 3329 
6 366 1170 2030 3189 3215 3788 
3 237 758 2515 
1 2472 
0 
4 892 987 2494 4052 
4 563 3073 3227 3571 
0 
3 925 1396 1901 
0 
0 
1 450 
3 5 244 2849 
5 1156 1905 2257 3213 3609 
1 2224 
6 416 1803 3286 3923 4113 4178 
1 786 
1 4192 
3 2178 2326 2673 
2 800 1954 
0 
3 2353 2785 3002 
1 860 
4 1175 2002 2729 3726 
2 1553 3177 
3 226 1850 2536 
3 1457 3231 3587 
2 368 3999 
1 2221 
0 
1 2815 
1 67 
1 3135 
4 184 1958 2062 3430 
1 1553 
3 918 1703 4291 
2 2732 2860 
0 
4 1088 1112 3314 4080 
4 90 536 3077 3919 
1 1877 
2 63 2460 
3 250 2950 3105 
4 43 2014 2186 3493 
1 3495 
4 30 539 1530 1847 
2 2427 4117 
1 3650 
4 1054 1234 1303 1784 
7 729 1398 1572 2577 2717 3950 4277 
3 971 1180 2673 
4 763 1059 2655 3881 
4 1782 2448 2509 3287 
1 613 
1 1500 
4 1975 2792 3105 3399 
4 1208 2383 2444 3275 
1 2917 
1 1 2 2 1 3 2 1 3 1 1 1 1 1 2 2 2 2 1 3 1 2 3 2 2 1 2 2 2 2 2 3 1 1 2 2 3 1 1 1 4 2 1 2 4 1 1 4 1 3 1 1 2 1 3 1 3 3 1 1 1 1 2 1 1 3 1 2 1 1 1 1 2 2 1 2 2 3 4 3 1 2 1 1 3 2 3 1 2 1 3 3 1 1 2 1 2 1 2 3 2 3 2 2 2 1 2 2 4 1 2 1 1 1 1 1 3 3 1 4 1 2 1 4 2 2 4 1 1 2 2 1 1 2 1 2 2 3 1 1 1 1 1 1 2 1 1 1 2 1 2 1 1 2 1 1 1 2 2 2 4 1 1 2 1 1 3 1 2 1 1 2 1 2 2 2 2 1 1 2 1 2 2 1 1 1 3 1 1 2 2 1 2 2 3 2 2 1 1 2 1 1 1 1 1 1 2 3 1 1 1 1 4 2 3 1 1 2 4 3 1 2 2 3 1 2 1 1 1 2 1 2 2 1 2 2 1 1 1 2 1 1 1 1 1 1 3 1 2 3 3 2 1 1 2 1 1 3 1 1 3 2 1 1 1 1 1 2 1 2 2 1 3 1 3 1 1 2 1 1 2 3 2 1 3 1 1 2 2 1 1 1 1 2 2 3 2 3 3 2 1 2 3 2 1 1 2 1 1 2 1 1 1 1 1 2 2 1 1 1 2 1 1 3 1 4 1 1 1 1 3 2 2 2 1 2 1 2 1 1 2 2 2 1 3 1 1 1 2 2 3 1 3 2 1 2 2 2 3 2 1 1 1 3 2 1 2 1 2 1 1 1 1 1 1 2 2 1 1 1 2 2 2 1 1 2 3 1 1 1 2 2 1 1 2 2 3 1 1 1 1 3 1 2 3 2 1 1 1 2 1 2 1 1 2 1 2 1 3 1 1 3 2 1 3 1 3 3 2 1 3 2 1 1 1 2 3 2 3 2 1 1 2 2 1 1 4 1 4 2 1 2 2 1 2 1 1 1 2 3 3 2 2 2 1 2 1 3 1 1 1 3 4 3 2 2 1 4 1 1 1 2 3 1 1 4 2 1 3 1 1 2 1 1 2 2 1 1 1 2 3 1 2 1 2 1 2 1 2 1 1 2 1 1 1 4 1 1 1 1 1 2 2 2 1 3 1 2 2 2 3 2 1 1 1 1 2 2 2 2 2 3 1 1 1 3 3 1 1 1 1 3 1 1 2 2 2 1 3 1 2 3 2 1 3 1 3 1 1 1 3 1 3 2 1 1 1 1 1 1 2 1 1 1 2 2 2 3 1 2 2 3 1 1 2 2 1 3 2 1 2 1 1 2 3 1 4 1 3 1 2 3 1 1 1 2 2 1 1 1 1 1 2 3 3 1 2 2 2 1 1 1 3 1 1 1 1 2 2 1 1 1 2 1 1 1 3 2 1 1 3 1 2 2 3 3 2 2 1 1 3 1 2 1 2 1 3 1 3 2 1 2 1 3 1 1 2 2 1 4 2 1 2 2 1 2 2 1 2 2 3 1 1 1 2 1 1 1 1 1 1 1 3 2 1 2 3 3 2 3 1 1 1 2 1 1 1 2 1 2 1 3 2 1 2 1 1 1 2 2 1 2 3 3 1 3 3 2 3 1 1 1 1 1 1 3 1 1 2 1 1 1 1 1 3 1 1 2 1 1 1 1 1 3 1 2 3 1 2 1 1 1 1 4 1 1 3 2 2 3 2 1 2 2 1 2 1 1 1 1 1 1 1 2 2 1 1 1 1 1 2 1 1 1 1 1 1 2 2 3 2 3 1 1 1 1 1 1 3 1 2 1 1 1 2 1 1 2 2 2 1 2 1 1 1 2 1 1 2 2 3 2 1 3 3 2 2 3 2 1 3 1 2 1 1 3 1 2 2 1 2 2 1 2 1 1 2 1 1 2 2 1 1 1 1 2 1 3 1 1 1 1 2 1 1 3 1 1 1 1 1 1 1 3 2 1 1 3 1 1 1 3 1 2 3 3 2 3 1 2 2 3 1 1 3 1 1 1 2 3 1 1 2 2 2 2 2 1 3 1 2 2 2 1 1 1 2 1 1 1 3 1 2 2 1 2 1 3 3 1 1 1 4 2 2 1 1 1 1 2 1 1 2 1 1 1 1 1 3 2 2 2 1 1 2 1 1 1 2 1 2 1 2 2 2 2 4 2 1 1 2 2 3 2 1 1 1 1 2 1 2 1 3 2 1 1 1 1 2 1 1 1 1 1 1 1 1 1 1 1 1 2 2 3 2 2 3 2 1 4 1 1 3 2 2 2 1 4 2 1 1 2 3 2 3 3 2 1 4 2 1 2 1 2 2 2 1 3 1 1 2 2 1 1 3 1 2 2 3 1 2 1 1 1 2 1 2 1 1 2 2 1 1 2 1 3 1 3 1 2 1 2 2 1 1 1 3 1 1 1 1 2 2 1 2 2 2 3 2 2 2 2 3 3 1 2 1 1 2 1 3 1 4 1 4 1 4 1 1 3 3 3 2 1 2 2 1 3 1 1 2 4 2 1 2 1 2 2 1 3 1 1 1 2 3 1 4 1 1 2 1 3 3 2 2 2 3 1 1 3 1 1 1 1 1 3 2 1 2 3 2 3 1 1 1 3 2 1 2 1 1 3 2 1 2 1 3 2 1 3 4 2 2 4 1 1 2 3 3 1 2 1 1 2 3 2 2 3 1 1 3 1 1 1 2 3 2 2 2 3 3 1 3 1 2 1 1 1 1 3 2 1 2 2 1 3 1 1 2 2 1 1 2 1 1 2 1 3 2 1 1 1 2 1 3 1 2 2 1 2 3 3 1 1 1 1 2 2 1 2 3 1 2 2 3 4 1 2 1 2 2 2 1 1 2 2 2 1 2 2 2 1 1 3 3 1 2 2 3 3 3 2 1 1 1 1 2 1 1 2 3 4 2 1 3 3 1 1 1 4 1 2 4 1 1 2 1 3 2 3 1 2 1 1 1 1 3 1 1 1 2 2 3 1 2 1 2 1 1 1 1 2 3 1 2 1 3 1 1 3 1 2 2 1 1 1 2 3 4 2 2 1 3 1 3 2 2 1 3 1 2 1 1 2 1 1 2 2 1 2 2 1 2 2 2 3 3 1 1 4 1 1 1 3 1 1 1 3 1 1 1 1 2 1 3 1 1 1 1 1 2 1 2 2 2 1 2 2 1 2 3 1 2 1 1 3 1 1 1 2 1 1 2 2 1 1 1 3 3 1 1 1 1 2 2 2 4 1 2 1 2 1 2 2 1 2 3 2 3 1 1 1 1 2 2 2 1 1 1 1 1 2 2 2 2 1 1 2 2 2 2 1 1 2 1 1 2 2 1 1 2 2 1 1 1 1 1 1 1 2 1 1 1 1 2 2 1 1 2 2 2 1 2 2 2 2 1 2 3 3 2 1 2 1 4 3 1 1 2 2 4 1 1 3 3 1 3 1 2 2 1 1 1 1 2 3 1 1 1 2 2 1 1 2 1 2 2 1 3 1 1 2 1 4 1 1 1 2 1 1 1 2 2 2 3 1 1 1 3 1 1 1 1 1 2 1 3 1 2 1 1 1 2 3 1 1 1 1 1 3 1 2 3 2 1 1 1 3 1 2 1 1 3 3 1 1 2 1 2 1 2 2 1 1 1 1 1 2 3 2 1 3 3 2 2 1 1 2 2 1 1 3 4 1 3 1 2 1 3 1 1 2 3 2 1 1 2 1 1 2 1 2 1 2 3 1 2 1 1 1 2 2 1 1 2 1 2 1 1 1 2 1 1 2 1 2 2 2 1 1 2 1 3 2 1 2 2 2 2 2 1 1 2 2 1 1 3 1 1 2 1 2 3 2 1 1 3 2 2 2 1 1 1 1 1 3 1 4 1 1 2 1 2 1 1 3 2 1 2 1 3 4 3 2 2 3 2 2 1 1 1 1 2 1 2 1 3 1 1 1 2 1 3 1 2 1 1 1 3 2 2 1 1 2 3 1 2 2 1 1 2 3 1 4 2 1 3 2 2 2 1 4 1 1 2 2 2 1 1 2 1 2 2 3 2 1 2 1 1 2 1 1 1 1 1 1 2 2 2 1 1 1 1 1 2 1 1 2 1 2 2 2 1 2 1 2 1 1 3 2 3 1 2 2 1 2 2 2 1 1 1 1 2 1 2 1 3 1 1 2 2 1 2 2 1 2 2 2 1 1 1 1 1 2 2 3 1 1 1 2 2 2 1 1 3 2 1 1 2 1 2 3 2 4 2 1 2 2 1 1 3 3 2 3 1 2 1 3 1 1 3 2 1 2 1 1 1 1 2 1 2 2 1 1 2 1 2 1 2 2 3 2 1 1 2 1 2 1 3 2 1 1 1 2 1 1 2 2 1 2 2 2 1 3 2 2 1 2 2 1 1 1 2 1 1 1 3 1 2 1 1 2 1 1 2 3 1 1 1 1 1 2 3 1 4 1 3 3 1 3 1 2 1 1 2 2 1 2 2 1 3 2 1 1 1 1 1 1 1 1 2 1 1 1 2 1 2 2 3 1 1 2 3 2 2 1 1 2 3 2 2 3 2 1 1 1 1 3 2 1 1 3 3 1 3 2 1 2 2 3 1 2 3 2 3 1 4 3 2 1 3 3 2 1 2 2 1 1 1 1 2 4 3 4 2 1 2 1 1 2 4 3 2 3 2 2 1 2 1 3 1 2 1 1 4 2 2 2 1 1 1 1 1 1 1 1 1 1 1 1 2 2 1 2 1 3 1 1 1 1 1 2 3 1 1 2 1 1 2 2 3 1 1 1 1 4 1 1 3 1 1 2 1 1 1 1 1 1 2 1 2 1 3 1 2 1 1 1 3 2 1 1 3 2 2 2 2 2 1 1 1 1 4 1 1 2 2 2 2 1 1 1 2 1 2 1 1 1 1 1 3 1 1 1 2 1 1 2 1 1 2 1 1 1 3 3 2 2 1 1 2 2 1 2 1 2 1 2 2 1 1 1 2 2 2 1 1 1 3 2 3 1 1 1 3 3 2 2 2 1 1 1 1 1 3 2 1 1 1 1 2 2 3 3 1 1 1 2 1 1 2 1 3 1 3 1 2 2 2 2 2 1 2 1 1 2 1 2 3 1 1 1 1 2 1 1 2 4 1 1 1 2 2 1 2 2 1 2 3 2 1 1 1 1 2 2 2 1 2 2 1 2 2 1 3 1 1 3 1 2 1 2 2 2 1 1 3 2 2 1 1 3 1 2 1 2 1 4 2 1 1 1 2 3 1 3 2 2 3 2 1 4 2 3 1 1 1 1 1 2 1 1 2 2 2 1 1 1 1 2 2 3 1 1 2 2 1 4 2 1 3 2 1 2 2 1 3 1 3 1 1 2 1 2 2 2 1 1 2 3 4 3 1 1 1 1 3 2 3 2 2 1 1 1 2 3 3 1 3 1 1 3 1 1 2 1 3 2 2 2 1 2 3 3 1 1 1 1 2 2 3 2 2 1 1 2 1 1 3 2 3 1 2 2 2 3 1 2 2 1 1 3 1 1 1 2 2 2 2 2 3 2 1 1 3 3 2 3 1 1 2 1 1 2 3 2 2 2 3 2 1 2 1 3 1 3 2 3 2 1 2 1 1 2 1 3 2 1 1 3 3 1 1 1 1 1 1 1 3 1 1 2 3 1 1 1 1 1 2 2 1 1 1 2 2 1 1 1 2 1 1 2 1 1 2 2 1 1 1 3 2 1 2 2 1 1 2 4 1 2 2 3 2 2 1 1 2 5 1 1 2 2 1 2 1 3 2 1 1 1 2 1 1 3 1 2 1 2 3 2 1 2 1 1 2 2 3 1 2 1 1 2 1 2 1 2 1 3 1 1 2 2 2 3 1 1 2 1 1 2 1 1 2 2 2 1 2 2 1 1 1 3 1 1 1 1 3 2 1 3 1 1 1 1 2 1 3 2 2 2 3 2 3 2 2 2 1 1 2 1 1 1 2 1 2 1 3 2 1 1 1 3 1 2 2 1 1 1 2 2 1 1 2 1 3 3 2 1 1 1 1 3 3 1 1 2 1 2 1 1 3 3 2 1 1 2 2 2 1 4 1 1 1 1 1 2 3 1 1 1 1 1 2 1 1 2 2 1 1 2 1 3 3 1 2 1 1 2 3 2 1 2 2 1 2 1 1 2 1 3 2 2 1 3 1 1 1 1 3 1 3 3 1 1 2 3 2 2 1 1 1 2 1 3 1 1 1 1 1 1 1 2 1 3 2 2 3 1 2 2 2 1 2 3 2 3 1 2 2 2 3 3 1 1 1 1 1 2 1 2 1 2 2 1 1 3 3 1 1 1 1 1 1 1 2 2 2 1 1 1 1 2 1 2 2 1 1 1 1 3 3 4 1 2 1 3 1 2 1 1 1 1 2 2 3 1 1 1 1 2 1 1 1 1 2 1 1 2 1 1 3 1 2 1 1 1 2 1 2 1 1 1 1 2 1 1 1 1 2 1 2 2 2 1 1 1 1 2 3 2 1 1 2 3 1 2 2 1 1 1 1 3 1 2 2 1 3 3 1 2 1 1 2 1 2 2 3 1 2 2 1 1 1 1 3 1 1 2 2 1 1 3 1 1 1 1 1 2 1 1 1 1 1 3 1 1 2 1 2 2 1 2 1 2 1 2 1 1 3 3 1 1 1 1 1 1 1 1 1 1 1 1 2 1 1 2 1 1 2 2 3 3 3 3 3 1 1 2 1 2 2 1 1 1 2 1 2 3 3 1 1 1 3 1 1 2 1 4 3 1 1 2 1 1 2 1 2 1 1 2 4 1 1 1 4 2 1 1 1 1 1 2 3 3 2 1 1 2 1 1 2 2 1 2 1 2 3 2 2 1 1 1 2 3 1 3 1 1 1 1 1 3 2 3 2 1 1 2 2 2 2 2 1 1 1 1 1 3 1 2 1 1 1 2 2 4 1 1 2 1 2 2 1 3 1 1 2 3 1 2 1 2 2 4 1 2 2 2 3 2 1 2 1 1 2 1 1 1 3 3 2 2 4 1 2 1 1 1 1 2 1 1 1 1 1 2 1 1 2 1 2 3 2 1 1 2 2 2 1 2 1 1 1 1 1 1 1 2 1 1 1 1 3 2 2 1 1 3 1 2 1 2 2 2 2 1 4 1 1 2 2 2 1 2 3 1 1 1 2 2 1 1 1 3 3 1 2 2 2 1 1 2 1 4 1 1 1 1 2 3 2 1 1 2 1 1 3 1 1 1 1 1 2 1 2 1 1 3 1 1 2 2 2 2 1 2 2 2 3 1 3 1 3 1 1 3 2 1 2 1 1 1 2 1 2 1 2 2 2 2 2 2 2 1 3 2 1 3 2 1 2 2 3 2 1 1 1 3 2 1 1 2 1 1 1 1 1 1 2 1 1 1 1 2 4 4 4 2 1 2 1 1 1 4 3 2 1 1 1 3 2 2 1 1 4 3 1 2 1 1 1 1 2 1 2 1 3 3 1 1 2 2 1 1 3 2 1 1 1 1 2 2 2 1 3 2 2 4 1 1 2 1 2 2 2 2 1 1 1 3 1 1 1 1 1 1 4 2 1 2 2 1 1 2 2 1 1 3 1 2 3 1 1 2 1 3 1 3 3 1 2 1 3 1 2 2 4 2 2 1 4 3 1 2 1 1 2 3 2 1 3 1 1 1 2 2 1 1 1 1 2 1 2 2 3 2 2 1 2 3 2 1 1 2 2 1 2 1 3 1 1 1 1 1 4 3 3 1 1 3 2 1 4 1 2 1 1 1 2 1 1 1 1 3 1 3 3 1 1 2 1 1 2 2 3 1 2 1 1 2 2 1 1 1 1 2 2 1 1 1 1 2 2 1 2 1 3 2 1 2 3 2 2 1 2 1 1 1 1 4 1 1 3 1 1 3 2 3 1 3 1 2 2 4 1 2 1 1 1 1 3 1 1 1 1 1 1 2 2 2 3 3 1 1 1 2 2 3 1 1 2 2 1 1 4 1 2 2 1 1 2 3 1 2 2 1 2 1 1 2 2 3 1 1 1 2 4 1 1 2 3 2 1 1 2 1 1 1 1 1 2 1 4 1 1 1 3 1 1 1 1 2 2 2 2 2 1 2 3 2 2 2 1 3 4 1 1 1 2 2 4 3 1 4 2 1 3 1 1 1 1 1 1 1 1 1 2 1 1 1 1 1 2 1 4 2 1 2 2 1 2 1 1 1 2 2 2 1 1 2 1 1 1 1 2 2 1 2 1 2 3 1 2 1 1 1 2 1 1 1 2 1 1 1 3 1 2 3 1 1 3 2 2 2 3 2 1 2 1 1 2 1 1 3 1 1 2 1 3 1 3 2 2 1 1 3 1 1 1 2 2 1 1 2 1 2 2 2 2 2 3 2 1 2 1 1 1 2 1 1 2 1 2 1 1 1 1 1 1 1 2 1 1 1 3 1 1 1 1 1 1 1 1 1 1 4 2 3 1 1 2 2 1 1 1 4 3 1 2 1 1 3 2 1 1 1 2 1 3 1 3 3 1 2 2 2 1 1 2 2 1 1 1 1 2 2 1 1 1 1 2 1 2 1 2 4 2 1 2 2 3 2 2 1 2 2 1 1 2 2 3 2 2 1 1 2 3 1 1 2 1 1 1 1 2 2 2 2 3 3 1 1 3 2 1 1 1 2 2 1 1 3 1 3 2 1 1 1 3 3 2 4 3 2 1 1 1 1 1 3 2 3 1 1 1 1 2 3 1 3 2 2 1 4 1 3 1 2 3 1 1 3 1 1 2 2 1 4 1 1 3 1 1 2 3 1 2 3 1 2 1 1 2 1 3 1 1 3 1 2 2 2 1 1 3 1 3 1 3 1 2 1 1 2 1 4 2 1 1 3 2 1 1 1 2 1 3 1 1 1 2 2 1 1 1 2 1 1 2 2 2 1 1 1 2 2 2 1 3 2 1 1 1 1 1 3 2 2 2 1 1 1 2 1 1 2 3 2 1 1 1 1 1 1 2 2 1 1 1 3 1 1 1 1 1 4 2 3 1 1 1 4 1 1 2 1 2 1 1 1 1 3 1 1 1 2 1 1 1 2 1 1 2 1 3 1 2 1 1 1 1 2 1 1 2 1 2 2 1 1 1 1 2 3 3 1 1 1 2 2 1 1 1 2 4 1 4 3 1 2 1 2 2 1 2 3 2 2 1 2 2 1 1 1 1 1 2 1 1 1 1 2 1 1 1 1 2 1 2 2 3 1 1 1 1 1 2 1 1 1 1 2 1 1 2 2 2 1 1 1 3 2 1 1 1 4 1 1 2 1 2 2 3 1 1 3 3 2 1 2 1 1 3 2 1 2 1 1 3 2 1 1 1 1 2 1 1 1 1 1 1 2 1 3 3 4 2 1 2 1 2 2 2 2 1 2 1 1 2 3 3 4 2 1 3 1 1 1 1 3 1 2 3 3 2 2 1 2 3 1 1 2 1 3 2 1 1 4 4 1 1 1 1 2 2 1 1 3 2 2 1 1 1 1 1 2 1 3 1 1 2 1 1 1 1 2 1 1 2 1 2 1 2 2 2 1 1 1 1 1 1 3 1 2 1 2 1 3 1 1 
