q 100
4 39 41 50 99 
2 8 40 
4 37 56 63 68 
1 64 
3 44 74 91 
2 7 95 
3 26 65 82 
5 5 13 29 45 76 
2 1 9 
4 8 15 56 77 
3 51 91 96 
5 41 63 78 81 99 
1 60 
5 7 37 67 69 91 
1 79 
3 9 16 96 
2 15 70 
4 31 40 67 83 
1 31 
1 64 
3 58 71 84 
1 61 
2 37 40 
2 32 38 
2 81 92 
0 
3 6 30 69 
3 39 59 75 
0 
2 7 41 
2 26 91 
4 17 18 37 92 
2 23 91 
2 51 72 
0 
4 57 58 71 81 
1 94 
5 2 13 22 31 78 
2 23 91 
2 0 27 
4 1 17 22 44 
5 0 11 29 67 82 
0 
0 
2 4 40 
3 7 65 77 
1 56 
0 
2 60 84 
0 
2 0 76 
5 10 33 77 94 96 
0 
2 81 97 
1 68 
1 58 
5 2 9 46 75 86 
1 35 
3 20 35 55 
4 27 74 87 93 
2 12 48 
3 21 71 89 
2 65 72 
2 2 11 
2 3 19 
3 6 45 62 
0 
5 13 17 41 91 99 
4 2 54 87 88 
2 13 26 
2 16 73 
4 20 35 61 77 
3 33 62 88 
1 70 
2 4 59 
3 27 56 99 
2 7 50 
4 9 45 51 71 
3 11 37 90 
1 14 
0 
4 11 24 35 53 
3 6 41 86 
1 17 
2 20 48 
2 92 99 
4 56 82 93 94 
2 59 68 
4 68 72 97 99 
1 61 
1 78 
7 4 10 13 30 32 38 67 
3 24 31 85 
2 59 86 
3 36 51 86 
1 5 
3 10 15 51 
2 53 88 
0 
6 0 11 67 75 85 88 
2 3 2 2 2 1 2 2 1 2 2 2 1 3 1 1 2 1 1 2 3 1 1 1 1 1 1 3 1 1 2 2 2 1 1 2 1 4 2 1 2 3 1 1 1 1 2 1 1 1 3 4 1 1 2 2 1 1 1 2 2 2 1 1 1 3 1 2 1 2 1 1 2 2 1 2 1 3 1 2 1 3 1 2 2 1 2 3 4 1 2 1 3 1 3 2 3 2 1 3 
