i 5700
1 5013 
1 4194 
2 2103 5440 
2 1453 3997 
9 803 1648 1672 2386 2452 2750 4440 4500 5273 
3 1383 2426 2826 
0 
2 3705 4020 
4 1377 2030 3448 4867 
2 1285 3241 
3 1812 3194 4998 
2 1355 2678 
1 2312 
7 1544 2124 3543 3836 4274 4275 4440 
1 3099 
4 2370 3489 4147 4929 
0 
1 2413 
1 3981 
1 2480 
1 220 
4 1198 3176 3625 5445 
1 2531 
3 1258 2097 3436 
2 2417 3225 
2 695 3091 
2 3008 5360 
5 517 2746 2811 4708 5050 
1 1632 
2 1286 4889 
1 2152 
1 2064 
2 3955 5633 
5 1733 1880 2870 4838 4878 
2 1817 1889 
2 378 5379 
3 3155 4019 4247 
3 2073 3237 4210 
1 4581 
1 5157 
0 
2 1852 2562 
3 864 4290 5364 
3 4332 4759 5464 
2 2419 2493 
1 4130 
0 
3 1076 1385 1663 
3 3619 3891 4546 
2 4843 5377 
2 1868 3923 
1 4407 
3 239 2657 4825 
2 4009 4931 
3 1200 3111 3208 
0 
1 4675 
5 570 1354 1823 2697 4532 
0 
1 1786 
2 1404 3240 
6 119 2044 2438 2612 3640 3814 
2 4271 5212 
4 97 3140 3323 5369 
1 4350 
5 1269 1700 2032 4122 5009 
2 1392 4763 
1 3787 
2 3136 4570 
1 1940 
2 853 4729 
0 
4 272 2802 4111 5673 
1 104 
3 3911 4652 5269 
2 1917 2049 
2 3237 5422 
4 709 1024 1590 2889 
1 4670 
4 655 1493 2235 3875 
2 1749 2269 
4 938 3360 3771 5455 
2 631 4746 
4 999 1388 1579 4459 
2 1633 4054 
5 188 226 465 3917 4765 
0 
0 
1 4420 
3 1081 2157 4916 
1 2012 
0 
2 3462 4735 
2 526 3844 
4 1320 2345 3710 4244 
1 486 
1 4418 
5 63 530 3762 4239 4677 
2 2130 3295 
2 606 709 
2 3822 5171 
3 106 1921 4439 
3 1993 2543 5249 
1 4526 
3 73 1812 3033 
1 3749 
3 101 2202 5635 
1 173 
0 
3 2203 4940 5064 
1 271 
5 720 2233 2397 3389 5287 
3 541 3919 4376 
4 676 1685 2354 2645 
1 2068 
2 3341 3608 
4 943 2798 3793 3966 
3 135 4882 5125 
3 576 2662 3297 
4 61 1000 1295 4758 
3 833 3419 3904 
2 236 5151 
3 809 1810 3310 
6 422 2404 3660 3872 3948 4739 
2 2984 4093 
4 446 3740 3879 3881 
2 597 1422 
3 1037 1645 3320 
5 546 2580 2654 4244 4710 
3 1258 3619 5341 
1 3547 
2 198 3470 
2 3341 4470 
2 922 4915 
3 3612 4283 5165 
2 117 5646 
1 880 
3 336 3061 3462 
3 1191 2165 5485 
4 772 1079 4364 5557 
3 526 559 3534 
2 1315 3130 
1 2154 
3 869 2017 2813 
2 2472 3311 
1 530 
2 1707 3397 
0 
2 2064 2224 
2 2656 5569 
1 3820 
5 1972 1982 3736 3894 5476 
4 858 3240 5152 5669 
2 665 1362 
3 579 4256 5433 
3 823 2173 2366 
2 452 4910 
2 2863 3093 
2 557 4515 
3 1918 4649 5620 
5 1871 2258 5291 5437 5609 
2 3456 3894 
2 1118 5697 
2 2254 3430 
4 251 2006 2787 3917 
3 719 1898 5662 
3 2413 2907 3642 
3 701 4933 5496 
0 
2 2023 3304 
1 4273 
1 863 
0 
6 107 181 206 3190 3474 4874 
2 2036 5048 
4 2531 2691 3006 3073 
3 741 1043 2016 
4 1884 4164 4177 4848 
5 601 2795 3088 3146 3401 
1 2092 
0 
2 173 4588 
1 2093 
1 3840 
3 2488 5025 5212 
2 258 3622 
7 318 465 577 2457 2935 3253 3927 
1 3085 
5 85 339 1203 2783 5132 
3 1987 3275 3783 
2 2572 5367 
0 
5 572 707 729 1726 2108 
3 1069 2043 4389 
3 557 3163 4861 
4 1487 1585 4951 5061 
1 5660 
2 1212 5207 
3 131 2060 4274 
0 
0 
3 1685 2105 3864 
6 807 2713 3244 3800 4271 4417 
2 4781 5118 
1 3152 
6 1094 1278 2320 3138 4295 5437 
3 173 690 1686 
1 3806 
2 2458 4287 
1 4821 
2 412 5237 
4 246 962 1296 3208 
1 4998 
1 4248 
1 2351 
1 4064 
3 551 3030 3185 
5 416 451 2095 3440 4264 
1 4686 
1 5611 
3 20 246 5127 
3 343 2350 2785 
4 1107 2641 2714 4544 
0 
3 2696 3069 3944 
0 
3 85 437 3476 
3 4878 5222 5341 
4 1282 1825 3175 4786 
1 902 
1 4248 
2 1703 3358 
1 562 
3 2890 3036 4398 
1 1322 
1 1348 
3 121 3195 4028 
0 
3 2749 3108 5078 
7 52 480 1234 2428 4765 5459 5582 
2 1679 3094 
4 294 927 2238 5659 
0 
3 346 2207 3587 
2 1377 1996 
3 255 490 2421 
3 211 220 1622 
1 2104 
2 3295 5000 
3 271 1643 3266 
0 
5 164 1838 2054 2355 5255 
2 555 3479 
1 3754 
5 2058 2365 3904 5364 5455 
7 245 389 425 869 2079 3444 5574 
4 914 1435 4502 4563 
2 1950 2202 
6 185 1707 1796 2989 3049 4496 
2 1258 1421 
1 2575 
1 3123 
3 782 2857 3533 
1 729 
3 324 826 1512 
4 1724 2067 3808 5245 
2 901 1431 
3 2192 3837 4240 
0 
2 554 2893 
1 4853 
5 110 249 1992 2692 4580 
3 72 1402 5337 
1 5220 
2 1081 3728 
1 4124 
0 
2 3298 4361 
4 568 1381 1478 5179 
2 495 2534 
4 333 1556 1731 3718 
1 650 
0 
1 2687 
4 1591 3020 3893 4619 
2 660 1757 
1 397 
0 
0 
3 993 2489 5057 
4 810 857 2420 2666 
1 5003 
1 4953 
1 2790 
2 241 4322 
2 1643 3882 
1 1894 
0 
2 1955 2901 
2 1483 4937 
2 1494 5385 
3 3477 3995 5685 
1 697 
4 315 380 2512 4902 
3 943 3958 4901 
1 3559 
6 1283 1362 3875 4291 5618 5693 
1 3000 
4 630 3664 4635 5311 
1 2484 
1 1100 
1 1223 
2 4591 5655 
3 661 2591 5626 
1 4373 
6 303 811 2739 3647 4612 5255 
2 4625 5165 
0 
5 186 833 1457 3832 4203 
2 385 4597 
2 3433 4338 
2 2526 4382 
4 1602 3488 4883 5376 
2 4445 5044 
3 264 440 590 
1 1031 
1 1455 
2 4230 4368 
3 1088 2302 4920 
3 860 1582 3321 
1 5292 
3 2495 2628 4283 
3 521 1532 3824 
3 280 1034 4503 
4 2528 2696 2865 4501 
7 516 1185 2884 3248 4571 4658 5208 
6 137 465 714 809 2444 4621 
0 
7 520 1436 2687 2756 2923 4755 4956 
5 188 761 897 1817 4840 
2 1253 1752 
3 4457 4506 5172 
4 1981 3138 3345 4481 
6 221 490 2348 3251 3853 4147 
1 4713 
3 544 1353 5585 
2 243 4909 
3 1887 2632 4530 
2 2852 4777 
5 561 1388 2648 3108 3589 
3 1429 4770 4812 
5 755 873 3111 3428 5028 
4 1346 1528 3088 5260 
3 3278 3421 3930 
2 774 4232 
1 839 
0 
0 
2 1055 3269 
3 1272 1402 4938 
1 452 
2 2342 3864 
3 1301 4168 4217 
4 1732 2673 5388 5409 
2 1121 5331 
3 2162 3592 3671 
1 691 
4 1695 3097 4437 4717 
7 2891 4422 4597 4780 4855 5381 5637 
1 3944 
3 817 1727 3967 
1 791 
4 3259 4255 5029 5227 
5 1000 2136 3546 3858 5408 
1 1247 
1 1425 
1 3145 
5 1131 1245 3451 4032 4717 
2 35 2041 
2 2165 4665 
1 303 
3 550 725 2043 
3 595 1890 2115 
5 3676 3925 4919 5335 5430 
1 3431 
1 319 
2 4129 4814 
2 1727 4151 
2 5300 5508 
4 255 525 1357 1411 
3 2475 4077 4505 
3 432 2442 3249 
3 1851 4138 5686 
0 
1 2380 
1 1466 
5 404 2298 3684 5409 5574 
3 286 936 3529 
2 5024 5349 
4 1122 2720 3983 4090 
0 
2 2682 3135 
1 5276 
3 627 1277 2729 
2 396 3737 
1 3460 
2 1508 3259 
3 872 1831 5646 
0 
0 
1 1397 
2 4106 4200 
3 210 3456 4338 
2 827 3334 
1 436 
1 4867 
2 217 3767 
2 2201 3221 
0 
5 1844 3256 3625 4077 4258 
2 468 709 
3 528 1089 2234 
4 123 1770 3999 4940 
3 2065 3060 3605 
1 2386 
4 255 2959 2960 3672 
1 3310 
2 1049 2965 
4 1970 2298 3735 5442 
0 
3 1325 4406 5379 
1 4050 
3 391 857 4850 
1 4424 
0 
3 2103 3881 5447 
4 414 1696 4552 4626 
3 226 1877 4206 
5 648 2558 3327 3724 4361 
2 2603 4893 
5 324 2229 3436 3622 5245 
5 829 2152 2513 3076 3606 
1 3116 
1 5301 
2 5296 5433 
3 5132 5177 5558 
1 125 
1 3244 
3 3313 4126 4501 
4 945 1489 2016 5182 
2 4407 5068 
2 217 3507 
3 156 360 851 
2 3828 4358 
3 2316 2521 2848 
3 1531 2558 4131 
4 3118 3124 4870 4937 
3 3781 3999 4375 
2 2958 3902 
0 
3 1530 3105 5524 
1 3609 
3 1341 1898 4710 
2 2405 5097 
3 2640 2697 5224 
6 85 186 336 2896 3363 3700 
0 
2 4457 4501 
5 420 2154 4304 4580 5649 
1 5232 
2 550 3391 
1 1420 
3 2155 3852 5613 
2 3519 4777 
2 3054 3634 
2 1553 3711 
2 1994 2716 
2 4511 5638 
6 1685 2019 2075 2502 2539 5515 
7 1559 1646 2959 3327 3584 3712 4690 
1 239 
3 539 1953 4246 
3 3318 3959 4683 
2 2217 5158 
0 
3 1643 2844 4823 
8 95 621 2012 2370 2520 2577 2723 4761 
1 622 
6 656 1796 2128 3235 4253 4695 
6 2741 3211 3780 3788 4692 4995 
2 245 343 
1 1743 
2 3374 4867 
1 2186 
4 2075 3046 4237 4527 
4 279 4033 4926 5362 
4 1463 1487 2537 3953 
2 777 3291 
2 1292 5510 
1 535 
1 1981 
1 1617 
2 1066 1401 
3 2626 3569 4398 
6 1090 2373 3009 3177 3783 4039 
2 2933 5523 
1 2188 
2 3190 4597 
2 2458 4558 
1 4391 
2 2130 3540 
6 922 3758 5103 5205 5286 5546 
3 554 1269 2762 
0 
3 4335 4551 4902 
5 1517 2192 2834 4061 4973 
7 335 2414 2530 2559 3400 4153 5435 
4 27 917 2215 2303 
3 2752 3051 4971 
3 1322 1516 3444 
6 338 1600 2402 3431 4520 5255 
5 332 1607 1804 2453 4309 
3 567 1666 4518 
3 923 1995 2864 
6 749 1124 1355 3259 4587 4775 
4 389 3614 4537 4804 
3 93 140 3029 
4 595 2463 2620 3233 
2 421 4029 
4 1316 1771 4106 4241 
4 97 145 4301 4879 
2 1115 4197 
0 
4 2741 4108 4126 4597 
2 1337 4108 
4 499 2606 3823 4187 
2 2375 4304 
1 3446 
5 1118 1288 1811 2235 3620 
3 481 3312 3433 
0 
5 112 1791 1860 2166 3224 
1 5562 
1 4748 
4 345 1536 3278 3975 
4 692 2417 3275 3976 
4 128 795 1525 2208 
2 937 1442 
3 1382 4515 5094 
0 
3 381 470 5487 
2 216 755 
2 857 1548 
4 901 3636 4100 5302 
8 269 512 2474 2848 3124 3137 3422 3773 
1 252 
2 1262 1702 
5 158 194 1215 3215 4632 
1 4769 
1 140 
1 3438 
3 349 3311 3999 
3 232 1189 1669 
4 1782 2481 2602 2860 
1 3819 
9 715 1057 2320 3595 3698 3833 3918 5258 5514 
0 
4 522 1067 1711 4602 
1 278 
3 1719 2471 2545 
3 57 2809 3959 
2 2328 3730 
8 192 1209 1270 1834 2042 3904 4391 5193 
3 1901 3637 4120 
3 1514 1971 5093 
2 1337 1913 
1 118 
2 186 5124 
1 2471 
2 154 4081 
1 4556 
3 603 1346 5489 
1 2821 
2 3189 4360 
1 1201 
1 3412 
4 4230 4623 4661 4692 
3 1959 2381 5587 
2 2644 3763 
1 1271 
3 324 1785 3799 
1 3520 
1 4478 
3 3459 4545 5428 
0 
2 382 527 
2 1074 4695 
3 126 699 1009 
2 1007 2005 
1 5211 
2 3457 4455 
2 178 4960 
2 1004 3634 
1 581 
0 
3 1672 2119 4636 
5 99 1148 2707 4826 5590 
2 2021 2774 
3 762 869 2745 
2 2684 5188 
4 1558 2890 3162 3849 
3 1221 2146 4014 
1 2921 
6 1372 1502 1850 2108 2180 4802 
4 2820 4303 4549 4732 
1 5562 
1 4670 
4 2649 3471 3602 3703 
2 1026 3595 
5 1202 1598 1869 2004 3701 
0 
2 486 3564 
1 487 
5 651 1094 2860 4368 5057 
3 2588 3028 4390 
3 1092 1683 4527 
3 1980 2511 3510 
3 403 3163 4927 
4 1907 2856 3115 5415 
2 1701 5194 
3 308 3320 4816 
2 82 1536 
1 2666 
3 1442 1688 5218 
2 3253 5289 
1 2563 
0 
2 2844 3959 
1 2503 
2 2956 5119 
1 2018 
1 1015 
3 870 4182 5079 
0 
5 4041 4545 5299 5307 5618 
0 
1 4797 
2 3337 4319 
3 438 1444 2191 
3 3323 3973 4274 
2 281 4357 
2 623 2763 
3 1242 3660 3970 
1 4936 
2 2202 5485 
1 79 
2 488 4151 
0 
0 
2 1282 5555 
3 285 3843 5607 
4 313 1386 2043 5653 
1 1323 
3 3031 5029 5211 
1 1996 
4 153 1786 2963 3092 
3 2361 2405 3128 
1 5223 
3 3544 3638 4862 
2 3230 3389 
1 3103 
0 
3 3306 4276 4752 
3 2350 3476 3579 
2 3577 5324 
3 1376 2501 4185 
3 113 1540 5483 
1 5327 
0 
1 2437 
3 738 998 1659 
1 1169 
3 3052 4093 5613 
3 2154 3574 4754 
3 3517 3938 5331 
1 5244 
2 3661 5446 
0 
6 1369 2516 2763 2770 3203 4182 
1 4529 
4 206 898 1715 5647 
2 366 2013 
2 545 4532 
3 2262 2531 4698 
1 4752 
2 25 3011 
0 
2 302 3838 
3 3010 3011 3046 
2 597 3181 
2 2392 4432 
2 167 4250 
1 4930 
1 4124 
2 1450 4584 
1 2427 
3 1592 1694 2366 
5 192 1065 2354 2476 2770 
2 4030 5367 
3 77 99 420 
4 2381 3918 4602 5332 
2 3892 5049 
3 1551 2417 3881 
4 3811 4263 4566 4986 
3 336 3505 5594 
2 565 1474 
3 2948 3387 4927 
6 916 1326 2022 2595 4473 4793 
2 2785 2884 
1 165 
3 111 766 4285 
0 
3 3154 3369 5659 
0 
1 3168 
4 381 1412 4357 4410 
0 
2 1849 3508 
4 1283 1896 4993 5072 
4 192 263 2562 2656 
2 3311 4514 
2 4517 4803 
2 2409 3293 
1 984 
1 1886 
2 1203 1761 
3 1045 2055 2329 
2 4093 5419 
2 680 3495 
3 1110 3469 5264 
1 3877 
4 176 2477 2949 5386 
4 3303 4517 4548 4776 
2 4646 4684 
0 
4 1957 2197 4551 5670 
0 
1 5522 
2 4088 4295 
5 524 1592 4870 5117 5485 
1 820 
3 3299 3821 5466 
0 
2 760 1238 
2 1080 5075 
4 351 551 1710 3017 
2 983 3025 
2 1344 3236 
2 977 5577 
2 2255 3352 
3 753 3452 5610 
3 339 2558 4356 
2 608 5053 
1 1738 
4 798 923 1621 4924 
2 1116 5136 
4 720 2147 3839 5243 
3 836 1453 2398 
5 1996 2649 3063 3739 3978 
1 5517 
1 3069 
2 2975 3881 
2 139 3670 
2 1032 2824 
4 354 867 1134 3286 
0 
4 1446 1601 5039 5355 
1 497 
0 
1 4980 
3 1476 3771 3772 
2 1780 5042 
4 262 1010 2205 5684 
2 1594 4761 
2 3127 4260 
3 1802 3155 3251 
2 5352 5635 
3 1112 2287 4397 
1 3667 
2 1628 3745 
2 1857 5042 
1 371 
1 3556 
2 1677 1829 
1 4116 
3 546 983 1398 
2 2798 5525 
0 
3 764 1059 2265 
4 837 2965 2979 3429 
5 982 1216 1293 3638 3950 
0 
4 2617 3225 3655 3695 
5 4 1442 2341 2856 3204 
3 2215 2337 4810 
2 1591 2886 
0 
2 202 2756 
1 2202 
5 122 336 993 1151 3421 
2 290 3397 
4 315 1221 2964 5103 
4 2628 3867 4083 4826 
1 977 
2 3435 5244 
1 1020 
2 3380 4509 
2 370 3397 
1 4620 
2 1184 1786 
1 750 
2 1450 2367 
2 1793 3246 
2 155 1932 
1 2044 
1 4556 
4 264 907 4920 5507 
1 413 
1 3646 
5 441 939 2382 3662 4904 
1 1477 
2 861 4602 
4 1399 4057 4116 4361 
4 120 318 3560 4268 
3 1279 1317 5405 
2 939 3166 
3 767 2116 5233 
4 799 1017 3566 5196 
0 
4 355 973 2076 2717 
6 2407 2577 2982 3312 3673 5113 
2 1300 3828 
2 3338 4595 
3 4482 5364 5385 
0 
2 3391 5032 
3 2250 2718 5042 
2 1618 3734 
2 2970 3051 
0 
4 2163 2397 4873 5314 
4 452 1440 1499 5554 
0 
2 70 1899 
1 3125 
1 2086 
1 4417 
5 290 432 552 2791 3579 
2 152 1533 
3 1264 1899 2233 
4 329 996 1039 1166 
3 831 3587 4067 
2 2212 3914 
5 171 1590 1686 4691 5677 
2 42 5019 
3 989 2523 5531 
2 5228 5487 
2 774 3487 
3 1303 3397 5359 
5 143 255 608 1820 5528 
1 642 
2 3166 4007 
3 407 2225 2713 
3 351 3030 3228 
1 4612 
4 3241 4331 4434 4813 
2 2282 3295 
3 3600 4144 4551 
4 925 3371 4183 5119 
2 1586 5480 
4 136 2727 3293 4567 
0 
3 1040 2517 2772 
4 981 2624 2858 4861 
2 2237 4704 
3 1075 3309 3762 
1 1291 
4 2529 2663 3214 5419 
2 1442 2294 
3 3533 4434 5318 
3 1639 3766 4012 
3 1635 3240 4695 
3 960 3491 4105 
5 1213 2860 4183 4975 5487 
1 1447 
2 2855 3026 
6 1664 3395 3409 4757 4914 5575 
1 339 
3 690 1632 2759 
2 1110 3790 
1 2694 
5 266 553 1734 2377 5287 
4 229 2921 2992 4846 
2 2194 5406 
3 1541 2645 2972 
1 1057 
1 3972 
2 826 2185 
1 4926 
5 1617 1812 4078 4616 5513 
4 944 1591 2487 5694 
1 2114 
1 4306 
2 1299 2955 
4 256 1435 2898 3926 
3 2193 5085 5476 
4 717 2612 2808 3249 
2 517 4977 
1 5181 
2 3392 3541 
3 1393 5010 5053 
3 3167 3461 5100 
5 133 511 3642 3872 4700 
3 523 764 4248 
0 
2 878 1717 
2 1762 3872 
3 241 4079 5184 
4 3227 3933 4128 4405 
2 1413 5458 
1 3564 
1 5079 
3 979 2964 3699 
3 1602 1875 4649 
3 2345 3411 4253 
1 1081 
2 397 3117 
1 547 
1 81 
4 829 835 970 3366 
3 2278 4068 4069 
2 3440 5272 
1 4114 
3 116 304 5566 
2 910 3080 
2 449 4768 
3 2169 3630 4211 
0 
2 1059 2159 
3 1065 1736 2537 
0 
1 2653 
0 
2 2584 3349 
1 5179 
2 1804 1993 
1 1665 
2 1061 2630 
1 1573 
3 2380 2912 3966 
2 892 5002 
2 4744 5543 
2 211 1422 
1 1498 
1 5189 
1 4395 
2 1874 2328 
3 4167 4792 5341 
2 3486 4442 
3 2596 2988 4743 
4 939 1189 4620 5337 
1 3052 
3 2617 3407 4413 
4 839 1731 3453 5193 
5 1616 1805 3213 4235 5652 
3 2768 4412 5569 
1 3143 
3 758 813 1130 
1 5676 
6 932 1177 1687 2110 3392 5360 
5 3179 3752 4618 4923 5033 
3 883 2371 5647 
6 800 1427 1999 4321 4403 5492 
2 756 795 
3 733 1412 1744 
2 1110 3112 
5 1002 1690 1873 2931 4523 
4 2983 3095 3596 4559 
3 2905 4531 5050 
3 865 3658 5148 
2 2175 3604 
3 1337 5272 5376 
2 3483 4113 
2 289 809 
1 1271 
4 2468 3819 4216 4465 
2 860 2961 
3 1663 3264 4740 
3 680 1349 2367 
2 83 2765 
6 119 373 1899 2769 2888 4190 
3 1540 1943 5285 
1 986 
6 2784 2913 2920 3624 4068 5143 
1 602 
1 5002 
2 1153 3856 
1 598 
5 2083 3457 3925 4633 5667 
2 597 4257 
3 782 1270 1545 
3 1519 2159 5377 
2 2372 5317 
1 1570 
3 2954 3041 5594 
1 641 
3 1383 2185 4859 
3 837 3122 3124 
1 2356 
1 5386 
3 815 5625 5693 
1 4318 
1 3884 
2 2365 3355 
3 77 3573 4047 
1 4107 
4 618 2699 3246 5340 
2 1937 3735 
2 2305 3545 
4 1144 1424 3209 4537 
1 1485 
3 325 1485 3131 
1 773 
1 2447 
7 333 1056 2895 3682 4081 4339 5092 
0 
2 1285 2070 
3 127 2291 2320 
2 1432 5393 
2 860 1112 
5 882 2517 2522 2718 5310 
1 3479 
1 2358 
3 176 2542 5400 
0 
2 736 2826 
0 
3 1538 3870 4334 
2 3382 3421 
3 427 3456 5391 
1 2622 
1 2060 
0 
3 1415 2116 3264 
3 1092 1748 1811 
1 358 
4 1034 2268 3808 4171 
5 565 905 1075 1441 4616 
0 
3 798 948 5333 
2 2174 4606 
3 957 1063 5220 
4 1296 1794 2321 4433 
2 1061 4919 
3 4638 4931 5329 
3 707 949 3358 
2 502 4007 
4 567 2890 3827 4930 
2 1525 3207 
3 193 2207 3775 
4 1923 2634 3767 5517 
2 1672 2684 
3 2295 5356 5644 
2 4086 4315 
1 596 
2 885 1057 
1 47 
1 4287 
1 1289 
2 139 3171 
2 754 3835 
6 89 274 935 3777 3803 4542 
1 2437 
1 1110 
2 1153 3682 
5 1809 2159 3127 5305 5662 
3 3314 3640 4274 
2 1223 4712 
2 328 3211 
5 421 1731 3463 4692 4970 
5 504 2523 2611 3602 3851 
2 1974 2092 
7 625 1054 3903 3959 4207 4684 4779 
3 1205 1781 3685 
3 205 623 2226 
1 4720 
2 1554 5103 
0 
4 1248 2091 2902 4953 
2 3827 5347 
2 310 4638 
1 3780 
1 4102 
7 1367 2056 2308 2335 3037 4651 4674 
3 1284 2803 4020 
3 4323 4372 4800 
2 5151 5362 
3 222 1687 4382 
1 4999 
1 3184 
7 739 899 985 1083 1149 1383 3197 
2 3409 3504 
3 787 1039 3680 
1 2354 
2 2166 2681 
3 531 3745 4154 
2 765 1478 
1 3248 
2 162 538 
2 2013 5125 
3 1869 2629 2834 
4 364 1898 1980 2220 
3 399 1206 3656 
0 
2 524 2473 
3 1463 1650 4778 
0 
0 
3 1527 2330 4487 
0 
1 977 
3 377 3468 5358 
0 
1 1498 
4 774 2081 3754 4116 
4 1688 3035 3711 4831 
2 3723 3881 
4 2490 2592 3748 4481 
2 3507 3979 
2 1954 4208 
0 
0 
2 1924 2275 
0 
1 1029 
2 1269 2900 
4 1446 1657 4303 5648 
1 2718 
1 606 
3 1110 2645 4728 
0 
3 809 2099 3811 
4 1301 2316 3028 4253 
5 1006 1084 1226 2044 4157 
3 2819 3959 5627 
4 2018 2022 2688 4029 
2 3549 4945 
1 4151 
0 
2 1490 2564 
1 2454 
3 3188 3250 5515 
1 2252 
3 1402 2866 3588 
0 
1 4663 
2 860 1550 
1 1322 
4 1920 3422 4248 5666 
3 681 2366 2731 
6 1687 1809 2392 3519 3569 5505 
1 1805 
0 
2 1338 4144 
1 5024 
3 3159 3792 5515 
1 1726 
6 979 1602 3132 3185 3794 5120 
1 2706 
1 3059 
2 1800 5495 
4 2440 3974 4678 5141 
1 3948 
3 2404 3967 5420 
2 819 2877 
1 335 
1 5496 
3 1934 2928 4466 
2 2543 4625 
3 562 970 4944 
1 4887 
2 138 4500 
2 1270 2176 
2 2917 3603 
1 4220 
4 1348 1764 2007 4120 
2 4245 5286 
2 2538 4833 
2 21 3746 
1 1740 
4 54 3837 3928 5334 
5 584 2784 2826 3819 4047 
1 619 
4 188 735 1294 1770 
1 4763 
2 1093 2329 
5 1122 1510 1561 2739 4362 
1 3857 
2 3713 5488 
2 572 5085 
3 3461 5075 5124 
1 2849 
2 197 2496 
1 893 
1 4662 
3 557 3606 5591 
1 800 
2 4583 5340 
1 3977 
3 2630 3011 3777 
1 3015 
3 611 811 5566 
3 2533 5249 5294 
4 311 1087 1652 1824 
5 1436 3108 4679 4811 5432 
0 
1 1153 
2 1402 4538 
4 1371 3562 4604 5060 
5 3246 3941 4436 5105 5614 
1 5267 
1 4119 
3 2221 2610 2842 
3 2011 3121 5123 
1 239 
3 1451 3494 5235 
1 4161 
1 2695 
1 753 
0 
2 1723 5235 
3 3069 3186 4682 
3 652 2449 3155 
3 1625 3699 4076 
1 2426 
1 377 
3 3280 4159 4181 
2 374 3366 
1 1098 
3 2983 3527 4181 
2 3977 4540 
2 1773 2071 
2 1648 3707 
1 340 
0 
0 
2 3161 4273 
2 1681 1779 
5 23 129 259 1659 2225 
2 1291 2229 
2 2391 3285 
4 3727 3875 5455 5555 
1 556 
1 3050 
1 859 
2 2599 3364 
1 5150 
1 3105 
2 2283 4507 
5 65 512 1145 1280 2401 
4 572 1010 1192 3759 
2 589 994 
3 359 2018 4391 
1 5472 
2 2367 3127 
4 1830 2494 2499 5191 
3 1538 2548 5692 
2 403 4232 
4 205 1767 2366 4556 
3 834 1582 3927 
3 1269 3072 5217 
3 3730 4959 5445 
6 228 659 1328 3767 4364 4452 
6 306 728 3904 4186 4805 5437 
5 1104 1755 2073 2163 2174 
2 9 1036 
3 29 2281 4427 
0 
1 538 
2 1078 4995 
2 2469 5260 
6 886 1259 1377 2175 4043 5162 
3 498 1390 4118 
5 800 3676 3856 5432 5641 
2 1203 5526 
4 119 1547 2949 3233 
4 211 1062 3105 3800 
2 4966 5473 
0 
5 913 2075 2820 5118 5249 
4 841 1398 1450 4723 
3 362 1152 3576 
1 5513 
2 868 2904 
4 1808 2012 4147 4917 
3 1634 1830 5321 
1 4194 
2 1499 5368 
2 2216 2961 
1 4047 
1 1706 
1 5040 
2 1405 4323 
0 
2 4394 4846 
3 141 1617 2457 
4 529 1912 3546 5632 
1 834 
0 
4 2668 3173 4206 4302 
2 94 1511 
5 2617 3125 4120 4714 5275 
8 234 519 1167 2749 3129 3530 4476 4964 
3 662 2050 3303 
2 1491 3097 
5 430 1666 2325 2963 4902 
1 717 
4 1589 3471 3809 4093 
2 1282 4818 
5 2472 3375 4120 4755 5598 
0 
3 2280 3007 3982 
4 3040 3965 4307 5325 
1 3664 
1 4601 
3 2204 5195 5564 
0 
5 534 575 991 2410 3328 
3 1173 3267 4216 
2 1866 3920 
1 5413 
2 462 4987 
0 
1 1638 
4 757 3831 4711 5186 
2 4142 5246 
5 352 581 2410 3804 4941 
2 4315 5294 
5 235 1195 2922 4335 4978 
3 998 3770 4963 
2 3334 4337 
3 1713 2332 4126 
3 2251 3038 5231 
2 345 4767 
3 57 2740 2917 
2 11 524 
0 
3 389 2112 4477 
5 2081 2099 3423 4616 5419 
2 1791 4345 
1 5542 
1 3623 
6 153 306 3315 4146 4620 5185 
1 4980 
1 5511 
2 1627 5190 
3 2372 3918 4205 
1 1103 
2 3578 5372 
1 688 
1 1554 
3 1228 2330 5600 
3 613 3991 4216 
2 3299 4604 
0 
1 2457 
2 675 2506 
3 8 244 1291 
2 4302 4397 
0 
4 1918 3570 3630 4802 
1 278 
4 548 2542 3468 5656 
5 5 1016 1110 2637 3706 
2 2257 3176 
2 47 2045 
3 661 1803 5154 
1 3250 
5 83 349 3848 4235 4723 
0 
1 1292 
5 1749 1910 2893 3940 4998 
3 66 1891 4747 
2 920 1448 
0 
1 4908 
2 3194 4454 
5 410 1794 2807 3737 5303 
3 795 1300 3395 
3 832 3049 3326 
5 2125 2788 3945 4753 5670 
3 502 3496 4024 
5 272 359 1163 1227 1421 
2 2242 2358 
4 60 3192 4431 4844 
4 1312 1570 2415 4080 
1 3527 
2 2214 5201 
3 3181 3538 4033 
1 5201 
2 4047 4332 
4 389 3710 5564 5570 
4 725 984 2124 3497 
4 929 3766 4538 5110 
2 4203 4298 
4 1053 2671 2786 5283 
1 2968 
3 1639 2250 3438 
2 2721 3761 
0 
5 471 2254 3207 5029 5444 
5 259 1402 4819 4929 5301 
2 126 962 
2 2471 4249 
6 1029 4291 4650 4785 5116 5690 
4 375 1486 2816 3074 
1 2407 
3 982 3573 5529 
3 2478 2986 3498 
3 350 1505 4276 
0 
5 266 2077 3305 4168 5179 
4 1038 2459 3571 4767 
1 5041 
1 2060 
4 256 914 4612 5162 
4 338 1224 3916 5417 
2 3748 3967 
0 
1 2620 
1 851 
1 1057 
7 547 633 803 888 1797 1990 3587 
1 1933 
2 648 4336 
4 3538 4085 4509 4778 
4 776 1146 3605 5343 
4 894 1864 2544 4802 
5 1393 2994 4152 4682 4916 
2 1629 2438 
7 704 821 1300 1477 2453 2728 4189 
3 1235 4662 5208 
0 
3 3 767 4548 
3 2600 3889 5426 
3 326 1590 5380 
1 4738 
1 318 
1 5674 
3 2679 3552 3582 
2 2026 3610 
2 3555 5511 
3 2513 3283 4964 
2 496 1125 
0 
0 
5 395 2894 3351 4011 4943 
7 1784 2419 3312 3680 3831 5281 5632 
4 2399 2650 3518 3622 
1 4368 
1 3818 
5 1819 4141 5157 5164 5590 
5 3058 3156 3333 4626 5297 
3 4687 5013 5337 
3 715 2522 4494 
2 2184 4238 
4 780 4273 4791 5426 
5 830 1450 3199 3703 4659 
3 278 1116 4181 
4 3317 4136 4852 5001 
2 1567 5099 
3 2213 3228 3958 
1 3285 
6 299 1774 2047 4433 5338 5602 
2 2115 2933 
6 1030 1031 2096 3766 4798 5602 
5 1425 2147 4362 4694 5376 
6 195 496 3794 4239 4617 4825 
2 2608 4980 
1 449 
6 1159 3106 3640 4518 4722 5220 
5 1324 2655 3353 3922 4991 
2 4821 5185 
3 79 1970 2131 
1 300 
2 2585 3845 
1 5286 
1 2557 
3 963 1133 2869 
6 851 1307 2396 3040 3469 5620 
0 
1 3086 
2 613 2325 
2 2292 3558 
3 1880 3669 4893 
3 1429 4785 5254 
1 3200 
2 3781 5460 
3 406 3411 4870 
1 2658 
4 1206 1828 3624 4242 
3 1320 3366 3576 
2 264 1837 
0 
3 574 3804 4822 
1 4127 
2 519 5269 
3 515 1773 2834 
4 3054 4400 5024 5098 
1 1011 
1 4653 
0 
2 2406 4770 
1 3087 
4 3348 3698 3852 5076 
2 546 1068 
4 2469 3174 4948 5637 
4 1128 3009 4845 5011 
3 352 3007 3168 
0 
1 460 
3 455 4364 4681 
2 332 1834 
3 858 4652 5124 
1 5650 
1 4514 
3 544 631 2999 
1 2045 
4 1047 1276 1957 4737 
2 4990 5285 
4 676 1001 4798 4824 
2 904 1587 
3 1584 4097 4388 
0 
4 13 3638 4390 5050 
2 1010 4217 
3 1809 4127 5368 
1 1295 
2 552 2466 
1 4956 
4 1166 2157 2191 4193 
2 712 3341 
1 2265 
3 475 2629 3308 
4 1096 1370 2054 2224 
2 3794 4018 
1 280 
0 
2 610 2162 
2 479 5485 
1 2566 
4 1206 1900 2677 3516 
3 1816 1915 2537 
2 2767 4229 
3 3985 4395 4427 
3 3618 3955 4865 
3 1893 2543 4533 
2 1480 5101 
2 4845 5430 
1 4169 
5 1013 1405 2880 2974 4451 
1 3492 
1 3016 
6 958 2439 2761 3329 3655 4384 
2 2295 4866 
0 
2 1893 5560 
0 
0 
1 83 
1 4513 
2 4210 4299 
3 329 1279 3236 
1 3224 
1 1542 
1 195 
4 879 2933 3162 4381 
1 1541 
3 3916 4938 5414 
4 1327 2742 2970 5473 
4 77 863 1455 3756 
7 284 805 910 1702 3472 4053 5005 
3 706 749 2334 
0 
4 783 2214 5344 5653 
1 4328 
2 3777 4126 
1 2204 
1 619 
1 2175 
4 520 2832 4386 5529 
3 776 3876 5680 
5 322 933 1177 2620 5655 
0 
0 
0 
0 
1 521 
2 2909 4996 
1 4525 
2 4632 5272 
1 3571 
1 2168 
0 
0 
3 1891 2382 3162 
3 974 4020 5206 
6 501 909 1315 4112 4700 4856 
2 847 3569 
0 
4 1780 2925 4853 5075 
1 764 
3 246 3282 5469 
2 1791 2374 
4 2629 3128 3677 3756 
3 1243 2438 4236 
2 1981 2871 
4 1365 4125 4777 5656 
1 789 
2 1449 2463 
2 3794 5172 
3 1812 1827 3857 
3 28 898 4626 
1 84 
3 1305 4187 5210 
1 891 
0 
3 2695 4110 5046 
3 1343 3120 3592 
4 890 1417 1819 5010 
0 
2 1707 5020 
1 3218 
4 249 295 485 5517 
1 4396 
2 127 4854 
1 479 
3 2124 2471 3363 
3 4 1252 5274 
0 
4 1125 3001 3373 4656 
4 2522 4380 4690 4691 
2 1223 3370 
1 1908 
3 4577 5090 5166 
1 3072 
2 3158 4485 
3 1146 1720 5044 
0 
2 680 1258 
2 2919 5686 
0 
2 3201 5421 
4 47 997 4337 4432 
2 896 2155 
1 956 
4 522 1325 2176 3889 
3 1814 3835 3902 
3 2206 4889 5449 
2 562 3364 
1 5513 
1 2274 
3 4 605 1071 
1 4829 
0 
2 2974 5372 
3 1766 2379 2827 
4 793 3624 4123 5618 
0 
3 240 3536 5643 
0 
2 1257 5544 
2 3098 3264 
4 625 3374 3774 5580 
1 1750 
6 113 201 478 2731 3089 4275 
6 206 863 2230 2664 4701 5271 
8 979 1107 1170 2241 3112 4799 5313 5607 
4 633 1135 3209 4412 
0 
5 986 3136 4267 4723 5562 
0 
0 
1 5416 
2 706 1899 
1 367 
2 436 3548 
2 2880 4132 
1 2030 
3 3135 3768 4540 
2 65 3421 
1 629 
3 556 1591 5192 
3 231 3388 4872 
4 3305 4475 4541 4935 
0 
2 1310 4221 
3 146 258 1641 
1 4978 
1 2981 
2 755 3720 
2 567 3539 
1 2981 
2 1351 1977 
1 2541 
4 690 3784 4000 4810 
1 2896 
3 925 2262 2977 
1 3744 
5 569 3360 4229 4782 4925 
2 1657 5410 
1 2281 
0 
4 1240 2824 3130 5694 
2 265 4393 
6 1860 1948 2490 3296 3373 3917 
2 192 1176 
4 370 387 1795 2687 
1 5212 
0 
2 4178 5482 
4 280 973 1089 4503 
1 363 
2 33 3591 
2 901 4952 
2 2239 2451 
2 949 3687 
2 1842 2778 
1 763 
1 3663 
2 1199 4027 
1 3498 
2 3348 4110 
3 491 2337 2634 
1 984 
2 3475 4837 
0 
3 3901 5197 5446 
6 1054 1993 2480 3489 3709 4734 
3 80 1391 4724 
6 1684 2255 3835 4439 4507 5492 
1 5234 
3 340 3579 4117 
3 3145 5531 5615 
4 2168 2463 2594 3462 
4 1284 1916 3586 3924 
1 3768 
3 285 2596 4378 
3 2020 2085 5193 
2 4580 5400 
1 3997 
3 735 4806 5258 
2 926 2046 
3 2044 4157 5126 
1 1195 
1 3773 
6 1676 2164 2218 3256 3846 5643 
1 1278 
2 2672 4236 
2 2695 5236 
2 422 1203 
2 529 1958 
4 2074 2203 5209 5407 
2 1251 1517 
3 1483 4190 4656 
3 2909 4060 4595 
1 5430 
1 1800 
3 2092 3194 3657 
2 1257 2438 
4 781 1620 1799 2305 
3 1093 3241 3819 
3 563 4413 4455 
0 
3 1467 1833 2818 
3 590 2546 4705 
3 59 665 819 
0 
3 1893 4443 4478 
1 3032 
1 3092 
3 541 1359 1623 
1 2050 
2 822 4522 
5 1062 1397 2111 3381 3624 
2 1727 3402 
3 258 488 2496 
3 1442 5479 5528 
0 
3 1780 2293 3541 
6 1180 1777 4096 4793 4891 5419 
0 
3 785 4393 4629 
1 1386 
5 521 955 3097 4479 4999 
2 974 1171 
1 5346 
1 5381 
3 1304 2678 3383 
3 1085 1170 1546 
1 122 
6 538 1054 2024 2886 5146 5156 
5 10 104 909 1631 3997 
4 2584 3117 3149 4920 
3 1667 4390 5623 
1 5200 
2 1562 4789 
4 34 339 1850 5651 
2 5041 5394 
3 1471 1639 4567 
3 869 1970 3677 
1 1972 
3 1991 2014 5586 
3 57 2384 4871 
2 1223 4495 
3 228 2189 5457 
0 
3 1631 3058 3783 
4 1510 2485 2828 2987 
2 793 2570 
2 1275 1305 
3 407 3353 5548 
1 2665 
2 1784 1848 
2 572 1532 
2 5227 5437 
0 
3 1512 4726 5321 
4 251 1943 2637 4519 
0 
1 2838 
2 2696 3221 
3 1737 2393 4090 
0 
2 419 4200 
1 3674 
5 2893 3057 3161 3389 4552 
3 2053 4338 4898 
2 1833 2933 
2 727 4503 
2 613 1817 
2 392 4498 
3 41 3782 4230 
2 3128 5258 
0 
2 3491 5377 
2 2086 2687 
3 790 4377 5559 
3 2694 3444 4094 
2 4263 4476 
4 541 1725 2743 3095 
3 2487 3688 4015 
1 1961 
3 2355 3283 5115 
7 1447 2424 3409 3417 3689 4299 5580 
2 2018 4856 
3 1339 3150 5229 
1 4778 
4 50 2249 3105 4832 
5 619 1120 2613 3353 3980 
4 1929 2783 4675 4952 
1 160 
1 5543 
2 986 4423 
3 966 3151 4513 
1 933 
0 
3 437 2962 3642 
4 3262 3360 3658 4911 
0 
4 33 1504 2651 4970 
2 2330 5550 
1 4222 
1 3919 
1 177 
0 
1 734 
2 347 3062 
1 3575 
2 34 4688 
2 382 3906 
3 1392 1615 4339 
1 3009 
5 1566 1576 1788 2661 2673 
1 296 
2 3050 5173 
2 728 2225 
3 2402 4354 5186 
3 165 462 1121 
6 853 859 1000 1694 2469 3065 
2 1561 3226 
2 573 5697 
1 3439 
0 
1 2022 
0 
2 2229 5582 
3 628 4444 5411 
1 1653 
2 5502 5535 
2 1391 4005 
2 3196 4733 
1 1316 
1 575 
1 3156 
1 1562 
2 1755 4680 
1 75 
3 159 1380 5006 
3 2255 3236 4761 
3 1168 2535 3799 
3 101 2038 4272 
2 2848 3923 
1 1070 
2 1142 2026 
0 
1 4382 
1 5351 
0 
2 1870 3008 
2 2622 3169 
2 4441 5672 
2 823 3964 
3 1443 2529 3727 
2 1187 3676 
0 
1 5365 
2 1027 2549 
0 
1 3031 
1 69 
1 2676 
3 3862 4230 4829 
4 1001 1838 4686 5690 
1 4268 
3 2382 2493 3776 
2 2776 3456 
2 3134 3362 
3 1725 2937 2950 
2 3249 3567 
3 257 2405 3562 
3 4843 5400 5625 
1 3206 
2 481 1975 
4 1139 4562 5337 5502 
1 298 
1 2530 
3 745 1538 3950 
2 1771 3578 
1 587 
1 3278 
3 1862 3319 4532 
0 
2 3640 4031 
1 4591 
2 2942 5457 
2 3397 3885 
1 2883 
3 2130 4526 5229 
2 4111 5280 
5 428 1493 1820 3159 5195 
3 574 2176 5000 
4 151 1821 2797 3925 
1 3658 
4 1091 3279 3598 5272 
1 1953 
2 3781 5142 
1 1713 
3 4497 4703 4995 
3 2010 4042 4188 
3 626 1121 4898 
5 342 500 1626 2079 3142 
2 151 5145 
0 
5 2459 3436 3810 4398 5172 
3 3727 4973 5627 
4 3487 4174 5043 5486 
2 189 3667 
1 4982 
2 5665 5682 
1 1442 
2 1822 3474 
1 271 
5 102 955 1748 3902 5418 
4 476 2259 3407 3881 
2 523 3856 
7 244 664 768 3425 4419 4837 5106 
0 
1 3901 
4 982 2158 2594 5247 
1 4922 
2 3715 5011 
0 
1 5053 
3 619 2922 3157 
1 598 
4 164 3559 4590 5187 
4 1195 3105 4402 4709 
0 
2 2406 3910 
1 1979 
4 1233 3087 3088 5383 
3 90 486 1304 
3 691 1119 2101 
3 1822 2329 5614 
4 2846 3334 3383 5047 
3 176 449 2147 
5 143 2047 3299 3436 4115 
6 640 1155 1272 1865 4441 5681 
5 478 2362 2529 4493 5124 
3 1758 2731 5671 
2 607 3377 
6 717 1155 1904 2609 3641 5072 
2 169 4820 
2 1811 2440 
1 5269 
5 1460 1924 2561 3843 4472 
2 3366 3576 
4 3432 3759 4038 5231 
3 4474 4827 4857 
3 8 1698 4772 
1 5452 
1 65 
2 3366 5169 
4 3056 3057 4053 4140 
3 2313 4737 5596 
3 174 2308 2833 
0 
1 1921 
1 3198 
5 2432 2491 2991 3502 4071 
4 378 2616 2749 2924 
2 572 5161 
4 193 381 661 4233 
5 61 824 1153 1763 3157 
8 1385 1537 2482 2759 3422 4178 4523 5295 
1 1762 
5 1483 2017 4715 4944 5482 
0 
2 75 2255 
2 1323 1792 
1 3177 
0 
2 1847 4788 
2 251 1554 
2 736 4831 
2 1103 3274 
3 2931 2992 4840 
2 254 4059 
2 3126 3158 
4 198 1051 1434 3643 
4 4081 4301 5168 5692 
1 4491 
1 4508 
2 31 148 
2 423 4535 
1 4230 
2 265 2316 
2 114 2084 
2 4304 5034 
2 1036 2331 
3 1251 3776 5651 
1 5352 
2 37 1284 
2 1772 3716 
3 478 494 1299 
2 839 3700 
1 1431 
2 3356 5522 
4 255 1981 5183 5508 
2 2874 3988 
2 1134 1358 
0 
3 1008 3078 3136 
6 2068 2374 4388 4935 5053 5432 
3 1758 3528 3653 
2 855 1856 
1 3936 
0 
2 2166 2302 
2 3597 5050 
3 1098 2214 2687 
5 179 1091 1778 2168 4501 
5 182 2283 3516 3915 4910 
3 4313 4908 5414 
3 217 2384 2481 
3 1485 2635 2864 
1 23 
1 5661 
4 1151 1358 4014 4680 
2 4168 5472 
3 2013 2393 4244 
0 
2 2 435 
2 247 2897 
2 201 4053 
2 5057 5300 
0 
2 192 613 
3 2217 4174 4185 
2 979 4744 
1 1794 
2 1357 2158 
3 2595 3087 4725 
4 911 2378 2984 5569 
3 382 1484 4717 
3 836 1053 2429 
0 
1 3614 
2 605 5379 
1 4732 
1 3329 
3 3957 5447 5531 
2 3013 5231 
5 13 1412 1647 2518 5084 
5 1400 2709 2972 4078 5661 
1 2257 
1 4804 
5 488 2510 2704 4009 4613 
1 2912 
5 98 510 1968 2911 3491 
2 1493 5003 
3 3876 4394 4409 
2 2483 4469 
3 2561 3202 3678 
3 2183 4005 4236 
1 373 
0 
2 4328 4856 
2 4161 4900 
3 2442 4018 5577 
0 
0 
2 2653 2757 
1 4099 
1 3542 
2 611 5015 
5 766 1486 2016 3079 4377 
1 3929 
2 3820 5363 
1 2272 
0 
3 30 441 2716 
1 5340 
3 142 468 683 
2 472 1664 
2 2485 3298 
2 89 1550 
3 1999 2112 4813 
5 948 1011 1085 2321 3476 
2 2524 4748 
1 3819 
3 365 1558 4132 
5 850 1284 2792 3445 4981 
2 1766 4589 
2 138 379 
6 541 1114 2089 3152 3282 4104 
0 
3 1612 1754 2092 
1 946 
3 3925 5192 5691 
2 2267 2747 
1 3934 
2 155 4354 
3 1060 1284 3493 
4 990 1291 1599 3305 
4 1192 1666 1971 3427 
1 2226 
2 2810 4298 
1 4828 
1 613 
2 2254 3818 
0 
1 2135 
1 1475 
3 907 1016 4225 
1 493 
2 2314 4564 
2 506 2815 
3 1825 4571 5015 
0 
3 648 1550 4291 
2 267 515 
3 915 4284 5007 
2 903 3348 
1 2863 
2 4094 5231 
1 745 
1 5465 
4 3313 4698 4908 5681 
0 
3 417 3050 4916 
5 106 257 654 808 4027 
2 109 1772 
2 1335 1597 
2 782 2409 
4 1668 4524 4761 5361 
2 243 1069 
2 546 5530 
2 4487 5526 
3 3795 3878 5363 
2 3264 4696 
3 862 3990 5688 
3 1481 3343 5566 
4 1407 1594 2091 5428 
3 517 804 2476 
2 1308 5415 
2 483 2109 
3 1766 4287 4406 
4 2345 4739 4882 4959 
3 1121 2423 2944 
3 1232 2383 4316 
2 2226 3848 
3 3863 4152 4381 
3 148 1554 5099 
3 872 1258 1896 
5 1094 2177 2222 3569 5165 
0 
3 3746 4297 5429 
4 440 1259 1906 2730 
2 1686 2333 
1 5014 
1 4770 
5 111 859 2418 3092 5107 
2 421 4304 
4 79 538 2553 4206 
2 4060 5039 
2 884 3306 
2 241 3217 
5 1735 2577 3440 3704 5453 
5 2913 3828 4211 5027 5573 
1 1687 
4 1403 4085 4671 5569 
1 3896 
1 3942 
1 3186 
3 2263 3253 4275 
1 5062 
4 2646 3026 4035 5108 
2 1868 4793 
5 846 1417 2329 4211 5306 
5 1352 2721 2903 3709 4533 
1 1162 
0 
3 163 1420 2181 
4 759 1750 1919 2049 
1 2656 
3 1384 2126 4316 
2 160 3671 
4 1994 2689 3388 4236 
0 
0 
3 693 1717 5573 
2 2246 3243 
1 4604 
4 798 1552 3264 5568 
1 2695 
2 2171 2457 
1 1056 
5 80 2361 3580 3643 4013 
1 4946 
0 
1 2150 
2 3391 5095 
4 1671 2622 3670 5485 
2 1142 4218 
0 
2 4210 4453 
2 940 2981 
0 
1 1331 
4 1286 1721 2363 5692 
1 876 
3 1268 2093 5136 
2 4332 4760 
1 4465 
3 3077 3444 4761 
5 787 2673 3567 3589 4866 
1 3257 
1 5664 
0 
3 1037 2659 2742 
1 1503 
4 1799 2946 4047 4647 
3 888 4292 5025 
2 1072 1574 
1 5193 
0 
3 396 428 2500 
1 2703 
2 3581 3759 
0 
5 328 2089 3112 3408 5533 
1 517 
0 
6 1028 1780 3184 4458 4587 5694 
1 3261 
1 4632 
3 1103 2036 4345 
2 2962 4762 
2 4361 5140 
0 
4 12 4052 4630 5446 
6 2035 2825 3186 3240 3682 4700 
2 2187 2576 
1 5595 
4 454 1152 2067 5603 
1 4946 
2 2505 2624 
1 3184 
5 205 565 1037 2991 4091 
2 1062 2159 
1 4282 
1 5083 
1 3549 
2 1325 1502 
2 5311 5536 
1 3503 
2 571 966 
5 736 1205 2014 2250 3328 
4 1128 1371 1881 4961 
2 2070 5332 
2 1351 2536 
3 2230 3696 5196 
3 1592 3180 4141 
1 1103 
2 3016 4759 
2 804 1743 
2 3976 4463 
1 3796 
1 3271 
1 803 
3 361 3820 4392 
1 3356 
2 3042 4755 
3 94 934 2219 
2 4111 4895 
2 2996 3059 
5 343 5083 5235 5454 5496 
3 4625 5184 5608 
3 221 673 5419 
1 214 
2 3818 4691 
1 4356 
4 113 707 1113 2436 
3 251 1863 4782 
1 1018 
3 3715 4404 5528 
4 1042 1403 5146 5186 
1 4840 
0 
2 666 2269 
5 2019 3813 3825 4069 5092 
2 2281 2788 
2 4692 5607 
3 254 1023 3542 
4 155 706 1169 1278 
4 821 998 1274 2379 
3 3020 3802 5434 
1 4116 
4 15 486 2571 4371 
2 981 5001 
5 1012 1366 3798 3846 5250 
3 504 3868 4306 
4 1623 2084 2630 5698 
4 536 3770 4494 4899 
1 4023 
2 901 2861 
1 2114 
4 1676 2367 2753 3434 
2 394 959 
3 587 710 4384 
5 829 1615 1945 5007 5104 
2 2221 3759 
4 1823 2095 4342 4590 
1 5669 
4 4 424 3642 4558 
1 2405 
0 
4 2499 4218 4237 5261 
2 3148 3246 
2 1260 2729 
5 700 1170 4064 4556 4969 
6 1842 2101 2771 4677 4846 4964 
3 2704 2740 3462 
2 3160 5247 
1 1499 
7 111 850 3101 4101 4578 4698 5305 
3 767 4142 4368 
1 1468 
0 
3 1269 3061 4411 
2 520 1897 
1 4901 
2 123 1183 
5 463 666 1950 2387 5353 
3 1522 2009 3701 
4 840 1426 2722 3197 
1 4612 
4 732 2205 4301 4669 
3 1337 1346 5668 
2 3990 4085 
0 
6 17 166 4583 4602 4959 5587 
4 516 3467 4172 4835 
8 1405 2849 4009 4265 4848 4925 4974 5134 
3 3637 4357 5452 
3 24 545 712 
1 2233 
3 44 1467 5315 
2 290 4794 
3 245 2781 3260 
1 2971 
2 2220 4942 
3 1864 2933 4836 
1 4242 
5 5 1244 3317 3495 5565 
2 705 4285 
2 239 3817 
3 2116 2966 5601 
2 3037 5026 
5 2481 2792 3988 4442 4926 
1 2040 
2 4130 4481 
0 
0 
4 2354 2947 4022 4930 
5 679 1082 3081 3863 5359 
8 61 1449 1625 1779 3090 3284 3458 3596 
1 1573 
4 1181 2024 4566 4677 
2 2855 3036 
3 391 2140 4687 
0 
2 336 3301 
1 5466 
3 3746 4390 5082 
4 1033 2886 3240 4472 
1 4584 
4 1242 3563 3776 3845 
1 5042 
3 1735 2920 4977 
2 4 2640 
4 521 1450 3603 4237 
2 1160 4893 
1 5394 
1 5203 
5 186 1315 1375 2267 4413 
2 208 508 
4 1432 1984 5242 5432 
0 
0 
3 3612 4198 4259 
4 527 1629 1754 3137 
1 3523 
0 
3 1548 4089 4769 
3 3140 3832 5079 
1 995 
4 1290 1526 1899 5363 
1 2865 
7 569 578 1423 1647 2811 4783 5445 
4 144 1329 2803 2919 
3 1124 4980 5442 
1 554 
2 390 4166 
5 707 2215 2803 4195 5302 
3 741 2496 2896 
2 1428 4776 
1 2510 
2 19 1748 
4 563 2095 2431 5454 
3 2045 2489 4805 
2 2133 5139 
3 309 2608 4899 
2 1828 2156 
1 5063 
2 910 1861 
3 184 3656 4332 
3 289 2482 5043 
5 1137 1725 3892 4865 5279 
4 2040 5292 5316 5593 
1 3009 
2 44 1945 
4 1275 3947 4098 4145 
3 331 3497 5247 
6 1212 1796 2477 2603 4460 5035 
0 
1 4676 
3 1275 2389 3707 
2 2298 4871 
3 675 3156 3227 
1 478 
3 638 5005 5013 
1 3851 
4 2318 4173 5520 5584 
2 1376 5174 
0 
2 2753 3837 
2 4904 5448 
5 2128 2479 2588 4321 4367 
2 626 4304 
2 303 4709 
4 441 1462 3924 5495 
2 4081 4426 
0 
1 688 
4 882 1040 3217 4616 
4 2124 2658 4756 4888 
1 5227 
2 486 4109 
3 454 3091 3646 
3 1040 1474 1651 
4 865 1090 4895 5481 
3 2160 2734 3315 
1 5570 
2 321 4783 
3 2966 5538 5681 
3 334 4545 5215 
6 887 1933 2019 2936 3236 5449 
2 516 1956 
6 22 175 693 4400 4628 5320 
2 3898 4462 
2 1222 3653 
1 279 
3 1920 2812 5529 
3 2332 4683 5687 
4 496 949 1562 3487 
1 1197 
3 478 3535 5332 
0 
2 1714 2642 
4 1043 1382 3587 4739 
4 102 1188 1566 4875 
1 1447 
3 569 4359 4785 
1 1785 
3 4236 4732 5563 
4 1276 4038 4065 4930 
2 1937 5068 
1 5594 
1 2991 
0 
2 2235 3474 
4 2650 3084 4213 4735 
0 
4 2643 4155 4339 4622 
3 1497 4287 4658 
3 438 455 761 
3 516 3113 4038 
3 3693 4502 5665 
3 2026 2134 3763 
4 41 729 3129 3569 
3 635 3075 3369 
2 1159 3171 
1 2904 
2 1560 4915 
5 2966 3029 3088 3191 3248 
1 3018 
0 
4 1829 2814 4841 4972 
2 2370 5609 
2 190 3495 
1 5094 
0 
3 260 2702 4953 
2 2314 3601 
3 486 840 2239 
2 2845 4831 
3 2888 4995 5353 
3 128 3817 5454 
2 3370 4205 
1 2978 
0 
4 953 1813 2839 3107 
2 1495 2866 
1 5208 
3 2786 4345 5322 
3 624 2510 3916 
2 2925 3424 
1 3680 
1 313 
3 1137 2869 5595 
2 3130 3403 
4 1754 1999 2878 3570 
4 717 2113 4444 5179 
3 969 1757 4866 
0 
2 2636 3658 
5 1265 2622 2935 3523 4692 
2 1454 4995 
0 
3 563 3808 4059 
2 439 2496 
1 2839 
1 2692 
1 535 
3 2716 3842 3945 
4 1488 2484 4724 5052 
1 2022 
1 1232 
5 1090 3915 4196 4277 4993 
3 61 916 2796 
1 1869 
4 2852 3019 3725 3967 
0 
2 2041 4798 
3 802 972 1321 
2 4019 4457 
0 
4 527 1439 1602 3805 
2 4628 4798 
7 1050 1930 2274 2599 3508 4496 4681 
0 
4 883 2318 2784 3409 
0 
1 503 
1 2886 
2 331 812 
3 1120 1553 1624 
3 957 1219 2374 
2 4151 4922 
2 347 3402 
0 
2 1070 1743 
2 2096 4972 
2 2598 4235 
2 1383 1838 
1 3830 
0 
4 464 2452 2821 3897 
1 222 
2 2541 3074 
7 2556 2931 3605 4373 4538 4949 5615 
1 588 
4 113 904 1149 5439 
1 2248 
1 2989 
1 349 
4 617 768 4604 5260 
2 1468 2554 
3 1880 3644 4382 
1 3827 
2 951 2143 
3 128 3635 3710 
2 1491 3979 
3 149 729 2256 
1 52 
3 1509 2518 5056 
3 2291 4526 5470 
1 4670 
3 1893 4060 4468 
1 118 
7 887 2981 3408 3442 3788 4330 4403 
4 1686 4045 4713 5035 
3 1832 4015 4745 
2 290 632 
2 3800 3821 
3 1319 2673 5485 
1 3392 
3 2879 3819 5448 
3 1415 3507 5393 
2 1768 4092 
5 363 1893 2287 2668 4600 
2 5418 5507 
3 2829 4049 4413 
3 1941 4049 5550 
1 1561 
2 11 1808 
5 1459 4254 4390 5428 5493 
1 3955 
2 1114 4188 
1 401 
2 2760 3105 
2 609 1071 
3 3163 3324 3474 
3 3961 3974 5005 
6 283 338 1727 1856 2091 4541 
2 1155 3552 
1 2259 
3 3024 3697 4905 
2 175 5074 
5 271 2605 2953 3550 5100 
0 
4 900 1858 3905 4388 
7 1237 1637 1769 2266 3666 4351 5627 
5 224 334 1841 4175 5446 
2 57 464 
0 
1 1026 
1 3316 
1 5241 
3 2575 4621 5179 
2 2299 3128 
4 2128 2394 3635 4455 
2 2906 4061 
1 1178 
3 606 4522 5153 
0 
1 2125 
2 3168 4293 
1 4823 
2 3532 3830 
2 202 872 
3 222 2901 4374 
1 3791 
5 476 2152 2607 3798 3836 
1 839 
4 846 1040 1147 3725 
1 3223 
3 399 2752 3127 
3 1418 2251 3995 
4 2407 2862 4652 5332 
4 486 4544 4985 5582 
0 
0 
0 
3 880 3870 3946 
2 1450 5512 
5 403 2391 4246 4654 4825 
1 2229 
5 1169 1685 2020 4340 5444 
5 2747 3591 3612 4385 4415 
1 4159 
4 2524 3010 3759 4585 
1 4613 
0 
3 3600 4463 5693 
0 
7 315 1206 3303 4139 5006 5123 5208 
3 1354 2394 2878 
3 489 533 4471 
4 1589 2291 3314 5079 
2 1860 3910 
1 2977 
3 608 4291 5348 
4 27 3899 4063 5001 
2 2171 2732 
2 3643 4975 
5 238 1322 2041 3151 3633 
2 4 2910 
1 3371 
5 518 2720 2795 4634 5467 
4 2379 2508 3779 5071 
3 3847 3955 4779 
1 3842 
3 338 807 4880 
4 2143 2983 3475 4168 
2 2786 3240 
5 898 2045 3561 4262 4501 
1 2683 
2 1573 3705 
3 512 2900 3075 
3 651 688 4604 
2 2787 4459 
1 999 
1 4573 
4 1563 3385 4849 5646 
2 975 4807 
2 1000 2801 
5 688 707 3222 3573 3866 
2 2393 5317 
3 882 5362 5393 
0 
4 607 3336 3565 3915 
4 3491 3635 4390 5025 
2 1946 5337 
0 
2 1737 5675 
0 
0 
6 2421 3124 3219 3349 3919 3941 
3 3094 3280 5165 
2 188 1870 
3 1003 1201 2624 
6 221 718 4912 5046 5288 5571 
5 1415 2587 2758 3254 5103 
4 164 2764 2821 3084 
4 1400 2363 3078 4390 
2 4461 4837 
2 293 3295 
3 857 4057 4860 
5 2163 2431 3503 4357 4592 
0 
2 4491 5522 
2 178 2752 
3 2612 3519 5264 
4 1972 3173 3704 4530 
5 116 796 2882 5417 5494 
2 4774 5620 
1 4917 
3 2769 4036 5389 
2 72 2829 
3 1104 2472 2476 
0 
0 
0 
3 1397 2934 3396 
1 916 
1 570 
1 2178 
3 27 2471 4921 
1 2535 
3 143 4185 5223 
1 2570 
2 2188 4018 
2 1425 4569 
1 3592 
2 1784 3826 
1 1154 
4 614 1299 2916 4015 
3 582 2640 2787 
1 3479 
0 
7 773 1723 3087 3265 3936 4684 5674 
2 2313 5244 
4 5 1045 1201 3603 
1 1676 
2 1828 4175 
5 2675 2802 2833 3200 3774 
2 3428 5264 
4 3455 3582 3633 3713 
2 1600 5473 
2 2036 2829 
5 515 1120 1517 3738 3920 
2 4316 5300 
2 3019 4621 
1 3852 
5 1840 3038 3278 3336 5338 
3 2584 2604 5070 
0 
1 4980 
1 1232 
1 3446 
2 485 637 
2 2578 4753 
2 2015 4684 
1 5161 
3 454 554 1922 
4 1211 2415 4609 5264 
2 4148 5235 
2 3493 3749 
3 348 2614 5455 
2 3669 4213 
2 3937 5545 
2 895 2441 
3 628 803 3459 
5 262 3009 3946 4919 5194 
3 883 3486 4740 
0 
4 563 623 893 3159 
4 2377 3505 5160 5526 
2 2722 4100 
2 157 2195 
2 523 2096 
2 334 2470 
2 1163 2585 
0 
1 4984 
4 1498 2592 4529 5566 
2 33 5034 
2 1626 3061 
0 
4 3117 4062 4749 5168 
2 2080 4048 
3 3435 4286 5063 
1 4658 
3 1184 3709 4483 
5 2594 2740 3932 4008 4827 
1 2670 
4 1570 1697 4682 4835 
0 
3 2798 4454 5240 
1 1967 
3 335 718 4961 
1 4599 
5 805 1811 2447 2627 2925 
1 4847 
6 1000 2579 3793 3941 5153 5168 
1 77 
4 233 610 1067 3241 
1 368 
1 4039 
4 269 1391 1846 3915 
2 1466 5640 
2 1034 3624 
4 465 1716 2477 4331 
1 2104 
3 914 4415 4958 
4 3590 4517 4837 5427 
4 1145 2762 4174 5012 
5 298 2714 2985 3606 5468 
2 1098 3432 
3 2251 3976 5382 
2 1303 2565 
3 988 4141 4792 
3 2705 5345 5467 
3 166 3320 5273 
1 4449 
3 1608 1775 4694 
2 2750 3148 
2 2130 4513 
5 959 2129 3921 4277 4588 
3 1003 2240 5613 
0 
1 4427 
3 2820 4769 5523 
3 1193 1354 4271 
3 2987 3274 4552 
3 1660 2472 4033 
3 1003 2451 3250 
3 612 902 3473 
4 1348 2004 2962 3199 
1 338 
1 2041 
6 1620 2589 2886 2939 4097 4675 
0 
2 3079 4628 
1 1187 
0 
1 4447 
4 986 2057 2643 3697 
1 3566 
7 505 1484 1586 1848 2424 4096 5467 
2 2807 5386 
3 186 2599 3569 
3 2529 3774 3857 
3 1948 5090 5620 
1 3038 
4 2925 3551 4804 5567 
0 
1 3000 
3 1965 5043 5332 
1 4834 
2 2220 4887 
1 4031 
3 2293 3064 3939 
3 2436 3667 4575 
2 716 4110 
4 741 1295 3433 3789 
3 1948 3017 5206 
3 4766 5018 5579 
2 3875 4604 
1 2692 
2 1014 4889 
2 913 4828 
1 639 
1 4480 
3 458 3515 4997 
4 425 479 3480 4824 
1 425 
2 996 1308 
3 1877 2309 2922 
3 665 1325 3114 
4 811 932 4037 5126 
4 427 799 3837 4327 
4 2429 2527 2567 3469 
1 3741 
1 1416 
1 4630 
2 848 1589 
3 2422 3410 4431 
3 904 2125 4944 
1 3340 
3 1570 1675 5506 
1 771 
0 
3 1717 2744 4969 
3 2582 3924 4638 
3 799 4725 5190 
0 
6 1709 1712 2278 2663 3645 4800 
1 840 
6 987 1249 2757 3902 4098 5660 
4 124 2114 5154 5529 
2 2901 5309 
1 1428 
2 1828 2918 
3 969 5221 5638 
5 258 2647 4455 5462 5621 
2 4495 5263 
6 2040 2320 2551 3593 4879 5430 
2 902 2057 
1 3846 
2 1448 4969 
2 3560 4700 
2 2347 5607 
1 4486 
4 3367 3923 4060 5419 
1 1536 
5 307 2941 4510 5126 5335 
2 1650 3008 
2 3399 4561 
2 3753 4995 
2 4469 5381 
1 4342 
4 175 3300 4002 4018 
2 1331 1528 
3 26 1929 3001 
7 504 1527 1892 2492 2857 3013 3788 
4 698 2734 3217 3618 
3 695 698 1219 
2 3695 3830 
4 2123 3009 3364 5001 
0 
4 1220 3436 4194 4349 
3 1572 2336 4642 
3 755 2950 5532 
1 2568 
3 2614 2836 5233 
4 284 2368 4207 4702 
1 4595 
0 
1 5371 
3 2690 4095 5479 
3 756 3226 3726 
4 895 2248 3200 3839 
2 3680 5162 
3 624 1152 3660 
3 526 2567 5273 
2 216 873 
2 663 1939 
3 1789 3230 4939 
2 104 4164 
2 5335 5598 
5 1135 3291 3893 4445 5497 
3 233 2441 5252 
5 1103 2430 3830 4275 5583 
3 1352 2838 2938 
2 5241 5521 
4 1332 1499 3196 3983 
4 1014 3639 4513 5529 
2 2344 3971 
0 
0 
0 
2 494 698 
0 
0 
3 258 1399 4770 
3 1263 1895 2201 
4 518 848 3629 5438 
5 682 971 3733 4168 5295 
0 
2 474 1518 
1 3603 
1 2034 
3 1846 2034 5023 
4 1472 1827 3847 4308 
5 1179 2347 4876 4930 5258 
2 423 5569 
6 137 2401 2871 3202 4919 4990 
2 1887 3368 
2 768 3582 
1 2946 
3 1899 4279 5466 
1 5572 
1 4498 
2 4529 4551 
3 224 770 1241 
0 
2 3465 4898 
4 1280 1655 4944 5511 
1 175 
2 1425 2642 
2 2563 2762 
2 441 3642 
2 2286 3626 
3 2083 2788 3645 
3 2147 2927 3594 
3 944 3131 3534 
3 2437 3804 5060 
2 3341 4432 
2 3251 5019 
4 2554 2787 3921 5150 
4 187 3209 5313 5420 
1 1501 
4 1523 2011 2113 2824 
4 178 352 2011 2567 
2 1685 3621 
2 2438 4152 
4 25 2521 3594 3869 
6 665 1790 2233 3102 4025 5656 
3 157 3558 3787 
2 240 2782 
3 987 1860 3111 
3 3318 5406 5673 
3 367 1324 1804 
3 1682 4190 5112 
3 14 3559 3866 
1 4555 
4 2397 4438 4685 5181 
1 3092 
1 670 
1 4240 
7 460 1267 1296 1868 2007 2683 5059 
1 1490 
4 2584 3284 3407 3798 
5 238 349 1224 3170 5197 
2 4877 5526 
0 
3 54 351 3095 
5 985 1687 2302 4131 5197 
4 2559 4166 4720 5397 
2 2963 5592 
1 628 
4 442 3742 4594 5414 
3 936 1813 2873 
2 456 5208 
4 3345 4025 4866 5668 
1 1638 
2 1233 4451 
2 1017 5170 
2 261 4859 
4 456 554 1017 2781 
2 854 1321 
1 2059 
5 784 1085 1274 2720 3337 
5 666 1624 1853 2703 5555 
2 1322 2562 
4 141 1723 2593 3788 
2 1031 3080 
4 1177 3349 3970 5686 
0 
3 1947 3529 3848 
2 401 1699 
5 68 1690 2083 3967 4672 
3 554 2463 4991 
3 205 342 3425 
0 
2 63 2467 
0 
3 1981 3160 4660 
2 976 3238 
1 4869 
2 376 1753 
5 178 3362 4090 4131 4451 
0 
3 2390 2910 3642 
2 1813 3860 
1 1866 
3 1874 2749 5194 
2 204 2166 
2 3882 5421 
2 722 5096 
3 36 785 1242 
3 1472 1914 2501 
3 2004 2044 3325 
4 1656 2059 3879 4796 
5 1175 1970 2860 3415 3743 
2 2395 3142 
3 1256 1846 5603 
3 610 1586 1615 
3 194 627 2685 
0 
0 
3 835 871 3196 
2 921 5528 
3 724 1528 2710 
2 1930 4890 
2 3108 5121 
4 1079 2564 5392 5679 
0 
4 1319 2797 4228 5468 
1 1526 
1 228 
3 21 1384 4760 
3 504 2051 5329 
2 4323 5616 
2 980 5655 
2 2334 3489 
3 699 1408 5213 
0 
0 
5 1109 2305 2319 3608 4870 
4 216 1177 3471 3582 
3 1241 2245 2313 
2 3682 5534 
1 1161 
3 583 4632 5316 
2 173 507 
2 2567 5068 
2 1404 4852 
2 5151 5350 
4 10 1396 1778 3872 
2 236 4968 
5 1911 3040 3166 3198 5213 
2 1110 2407 
2 2039 3196 
2 1477 2922 
5 1506 2829 3026 3572 3601 
1 1662 
2 2134 3061 
2 688 4197 
1 803 
0 
3 1952 3644 4730 
2 1068 1420 
2 54 211 
5 1029 1688 3085 3225 3592 
2 3782 3785 
2 489 1088 
1 4722 
2 974 3925 
4 887 3295 3340 5054 
2 557 4944 
1 3682 
3 2238 2517 3010 
1 1642 
2 2781 5386 
0 
5 417 1841 3482 3896 5507 
2 2770 3925 
1 2719 
3 541 1583 5308 
4 24 802 3209 3735 
3 1900 3025 5476 
2 928 2501 
2 873 1481 
0 
2 669 3032 
1 3802 
1 4888 
2 527 1295 
3 3906 5122 5148 
4 488 4198 5144 5679 
6 757 1582 1919 2529 4316 4879 
2 37 76 
1 3143 
2 3963 5279 
6 60 152 891 2313 2447 2758 
8 9 875 1781 2890 3356 3539 4112 4835 
0 
1 2263 
2 202 447 
1 5330 
6 822 1026 1229 2390 4584 5556 
1 3518 
3 335 1117 2567 
4 391 916 1949 5219 
5 1161 1387 2920 4323 5145 
4 343 785 3083 5065 
2 3512 4531 
5 186 634 2246 4080 4338 
5 2786 3838 4141 4398 5159 
1 4435 
2 419 1766 
3 2288 3786 4266 
2 4394 5021 
5 372 406 524 4804 5094 
3 2421 5060 5612 
1 2306 
2 1878 5603 
0 
5 997 1053 1682 2211 2265 
1 2824 
1 249 
2 1338 5519 
1 3708 
1 358 
1 4512 
3 2340 3374 4830 
1 4484 
2 4761 5107 
3 2056 2918 5393 
3 189 545 4596 
1 5544 
2 3555 5659 
5 353 544 1960 2838 4227 
2 1974 3375 
4 1246 2782 3897 4956 
4 3496 3562 5025 5376 
2 1622 2166 
5 1462 1863 3617 3928 5164 
3 2438 3107 5592 
3 1260 1482 4571 
1 774 
2 3490 4748 
1 5513 
1 4365 
1 4912 
2 497 3035 
1 4259 
3 732 880 4283 
0 
5 98 248 876 2790 3214 
2 1725 4669 
3 118 4385 4981 
3 277 2156 3830 
3 751 1373 2017 
4 3006 3893 4340 5147 
4 2444 3688 5042 5523 
1 5345 
3 742 1323 2739 
2 169 4961 
3 1431 1704 2175 
4 672 2237 3472 5277 
1 4041 
3 1553 3503 4847 
1 885 
3 122 426 4585 
4 144 561 730 5179 
5 539 840 1467 3378 4372 
3 448 2199 3999 
3 1086 2742 4341 
3 1362 2524 4987 
2 2700 3513 
3 1479 2426 5359 
6 482 3096 3892 4202 4982 5432 
2 1961 3923 
4 127 630 2907 3434 
3 329 3431 4460 
1 5279 
2 63 649 
1 2685 
1 3157 
3 1399 4330 4612 
3 438 479 3978 
2 1337 2329 
2 1573 2121 
0 
2 4977 5308 
0 
2 1472 5139 
3 413 1350 2015 
1 3365 
3 2774 2838 5507 
2 647 3127 
1 842 
1 5119 
2 2973 3214 
4 115 132 1551 3082 
0 
2 2213 4396 
1 4106 
2 342 3119 
1 3388 
1 4682 
5 1524 1742 2194 4066 5022 
4 953 2781 3132 4161 
0 
1 1466 
3 759 4145 4404 
4 1491 1831 1869 4440 
1 4032 
3 1023 4684 5571 
4 2078 2343 3241 4055 
1 3447 
7 231 1065 4546 4881 5283 5300 5443 
0 
5 81 1719 1878 4746 5025 
0 
3 1947 3146 5048 
3 465 1647 4921 
4 1265 1669 3013 4152 
1 3335 
7 939 1247 1511 2027 2033 4015 4190 
4 2998 4276 4525 5484 
2 3062 4174 
2 722 2563 
2 1652 2581 
3 878 2751 4941 
1 4780 
3 1650 1725 3995 
3 492 1683 3271 
2 1329 3279 
1 3436 
1 2021 
1 3312 
1 5499 
2 816 4326 
3 1794 4372 5189 
2 1048 3574 
4 1808 2015 5484 5554 
0 
2 2767 4968 
0 
4 716 3641 4152 4737 
3 1703 2259 3346 
5 111 669 1846 4387 4995 
2 4085 5260 
5 470 845 2273 3735 4513 
3 919 979 2669 
2 4932 5691 
2 3964 3993 
3 896 1398 4005 
3 2807 4025 4074 
5 146 810 817 868 1966 
0 
1 3002 
1 516 
3 178 5320 5525 
3 1795 2632 3969 
1 2593 
1 4537 
1 4327 
1 4451 
3 972 1994 3107 
2 2302 2663 
4 896 1111 1864 2624 
2 2971 4243 
3 934 1508 4276 
4 585 3727 3836 4032 
0 
0 
2 3159 3812 
1 3908 
1 1864 
0 
4 120 3661 4488 4633 
3 4462 4661 4769 
5 353 809 1048 1700 4393 
3 554 1168 2045 
1 1358 
1 2589 
6 1996 3138 3631 3935 4491 4631 
1 4796 
1 2176 
4 351 2830 4122 4183 
1 799 
2 163 5179 
4 384 520 3321 4663 
2 2028 2902 
4 320 539 2949 3857 
2 2379 3320 
3 814 2875 4372 
7 23 440 1984 2017 3015 3376 5172 
0 
2 560 1417 
1 1902 
4 217 941 2239 4035 
1 4929 
3 2663 3459 3665 
4 3666 4596 4657 5370 
6 255 519 1858 2286 4043 4594 
2 2163 5101 
5 537 2843 3974 4615 5516 
4 3357 3554 3571 4146 
2 8 5390 
0 
1 4019 
1 377 
2 760 3632 
1 973 
1 5053 
1 2831 
4 161 412 1049 1946 
3 600 1008 4276 
2 2438 4682 
4 593 2856 3442 4060 
5 405 4141 4255 4530 5423 
3 921 1210 4518 
5 92 137 1754 2394 3490 
3 1089 5022 5338 
0 
1 3071 
0 
2 2414 3818 
2 1131 1382 
4 739 1499 2966 4033 
3 131 4901 5000 
3 617 1327 3185 
3 1591 3306 3833 
2 2921 4145 
4 173 1991 2553 2685 
3 1745 2757 4053 
5 226 673 2159 3609 5019 
1 301 
0 
3 252 1041 2822 
3 2959 3727 5049 
2 5012 5034 
1 3221 
2 992 3701 
1 4447 
0 
2 968 2858 
3 867 1986 2537 
3 322 4023 4031 
5 15 1748 3180 4542 5176 
4 3287 3462 3890 5392 
5 892 1855 2130 2775 5193 
1 1571 
3 2174 2851 5128 
1 1235 
4 738 2426 2572 4315 
2 1401 3281 
2 1412 2495 
5 1428 1741 4152 5571 5606 
1 4394 
1 5305 
0 
2 2040 3710 
4 2327 2792 3308 4051 
2 1111 3961 
4 714 2861 3802 4745 
0 
6 451 1138 2671 4997 5418 5627 
2 727 2622 
1 4306 
3 626 4049 5190 
1 4696 
2 3252 4175 
1 3316 
0 
2 2958 5651 
2 1561 2093 
1 684 
4 1468 3247 4288 4696 
3 473 1170 2796 
1 591 
1 4514 
0 
2 2464 2599 
2 5575 5673 
1 3564 
0 
2 1249 1406 
3 2085 4040 4307 
6 397 3134 3799 4644 5133 5453 
1 1322 
4 3724 5143 5318 5390 
2 2712 3641 
2 262 889 
3 140 3080 4720 
2 2539 4637 
1 1679 
0 
3 1408 1445 4316 
3 1711 3241 4409 
2 510 4189 
3 919 1799 4634 
2 2145 2365 
3 13 5239 5656 
3 668 3661 5305 
2 1028 5450 
2 373 1316 
1 130 
1 1696 
2 1156 2324 
1 2692 
4 2939 4398 4691 4961 
3 1459 2688 3561 
0 
1 3447 
3 1461 3277 5337 
2 792 4089 
0 
2 1503 3093 
5 305 2006 3099 4454 5686 
2 833 2995 
3 2759 3552 3935 
3 1228 1950 3281 
2 2449 4430 
4 621 930 3525 4903 
2 2774 5583 
2 837 2932 
2 1949 2287 
0 
6 503 1170 1618 2226 2562 2935 
3 1380 2594 5182 
4 1432 1611 3447 3885 
1 3200 
3 1024 1427 2770 
3 683 3382 4709 
1 1888 
3 1301 1511 2027 
1 674 
2 1368 1958 
6 673 857 1752 3960 4613 5066 
1 2269 
4 2300 4368 4745 5628 
4 1459 2831 3063 3185 
2 5085 5193 
1 479 
0 
2 1755 4550 
5 243 861 1442 2542 4867 
2 1163 5645 
3 349 2287 4558 
3 2899 4640 5577 
3 1733 2732 4892 
4 365 1638 2817 3209 
3 2991 3807 4872 
2 3079 3091 
3 565 618 5036 
3 987 2438 4580 
3 2090 3836 4342 
1 1974 
2 3619 5346 
2 877 2737 
3 2576 3200 5663 
4 617 1090 3627 4732 
5 1193 2453 2826 3055 4421 
2 990 5459 
6 423 1446 2643 4306 4428 4999 
3 441 1215 2901 
1 4613 
6 115 3184 3656 4105 4244 4421 
2 461 3476 
2 1460 5551 
0 
5 134 2462 2732 4799 5397 
1 4226 
4 525 2118 4626 4981 
0 
0 
2 3283 3969 
2 1565 3010 
3 48 129 3599 
2 538 3742 
2 3089 4701 
5 185 440 1468 3657 4815 
1 1361 
6 1003 1510 1677 1794 2895 5305 
4 21 419 4947 5597 
1 3077 
4 3602 3665 4578 4612 
0 
2 3051 5507 
3 946 1380 4397 
2 3425 4283 
3 3452 5126 5438 
3 2749 2831 3850 
3 474 602 4035 
5 2654 2704 2775 3735 4869 
1 553 
2 573 2416 
4 668 800 1544 4496 
2 3041 4264 
5 61 1086 1490 1963 4812 
3 2022 3387 3532 
6 166 922 1877 2386 3076 3148 
4 2060 2269 2748 4830 
3 2651 3206 4986 
3 2981 3078 4531 
2 828 2521 
1 315 
0 
2 4207 4240 
3 3662 4428 5682 
0 
2 4834 5081 
2 2085 2533 
0 
3 802 1573 4518 
4 1122 2488 3608 5270 
3 1778 3622 5516 
4 989 1878 1973 2598 
1 5568 
3 123 652 3028 
4 686 3419 3544 5524 
2 829 3650 
1 1739 
2 308 1333 
4 3442 3627 3972 4442 
3 2695 3443 4885 
4 788 1987 2947 5094 
2 3701 5645 
3 1504 2853 4776 
4 772 2274 4824 5482 
3 365 2258 3699 
2 425 4014 
3 840 4245 4997 
1 1845 
2 4351 4870 
3 383 1293 1934 
2 1624 1820 
2 2134 4672 
0 
5 1112 1467 2590 3027 5530 
1 5569 
7 1034 1084 2313 3187 3216 4237 5511 
0 
1 396 
1 1093 
2 3875 4057 
1 1736 
3 1861 3301 3815 
1 1864 
0 
1 4246 
0 
1 2560 
1 5041 
4 802 3012 3766 3830 
1 2333 
3 2690 2931 5354 
2 565 1524 
3 932 1243 3671 
3 465 2076 4358 
4 619 2406 3483 3668 
1 4781 
2 617 1477 
3 2239 2797 5181 
2 7 2761 
1 1383 
4 1252 2499 4658 4778 
2 3268 4858 
4 1748 2251 2877 3786 
5 94 1411 2654 3502 4778 
3 475 1135 4316 
2 479 3875 
4 1208 2831 4599 5056 
0 
3 2001 2357 4439 
2 2074 5039 
1 4330 
1 280 
1 4856 
1 1710 
1 4770 
2 4107 5271 
2 1136 5431 
2 438 3531 
2 2614 2718 
1 3025 
6 1261 1933 1985 3412 3480 4670 
3 274 4154 5195 
1 5548 
3 571 1281 4536 
1 4124 
1 4631 
2 3052 5104 
1 847 
7 428 1027 3225 3391 3635 3916 5640 
2 151 4457 
5 404 1397 4083 4140 4496 
3 2834 3740 3958 
1 768 
2 125 3738 
1 2967 
2 3116 3620 
3 3159 3990 5663 
3 1718 5393 5596 
2 789 1115 
5 1198 2228 2446 3942 4296 
2 4081 5378 
2 1137 1437 
2 105 2851 
0 
1 3879 
2 980 4260 
2 3003 4474 
2 253 1134 
1 4958 
2 1590 1624 
2 5426 5545 
1 511 
6 1270 2028 2300 2383 2734 4868 
0 
1 1418 
3 97 885 4531 
2 588 2561 
0 
2 4047 4538 
4 890 1413 1485 3695 
4 416 1070 1282 5172 
3 1699 1756 4249 
0 
4 1349 2375 4634 5137 
5 81 780 4347 4459 5669 
1 780 
3 554 1765 4028 
3 1683 2829 2936 
1 1069 
5 1945 2071 2449 4147 4329 
4 1081 1219 1596 4402 
1 4831 
2 2753 4907 
4 489 1101 3824 4624 
3 457 1507 1976 
4 1852 3210 4900 5628 
3 189 504 1827 
4 1715 4700 4708 4957 
2 3210 3964 
3 3257 3709 4032 
3 67 3093 4965 
5 489 2663 3009 3130 4003 
1 2949 
2 899 4297 
2 2715 4294 
2 1175 4675 
2 116 2888 
5 1177 1487 1555 1630 4728 
1 2210 
1 2339 
2 3943 5453 
3 2372 2716 3107 
3 590 1920 3529 
4 202 1296 2667 4642 
2 4041 4382 
6 2368 3231 3505 4354 4691 5318 
3 1081 3943 4509 
3 1346 1514 3081 
2 2620 4988 
1 207 
3 3593 3949 5130 
4 265 1056 2602 5276 
2 1327 5196 
3 1984 4270 4366 
2 713 1151 
2 3415 4838 
4 2362 4891 5093 5147 
1 61 
1 3688 
0 
3 2428 2580 5684 
4 1470 2181 2352 3467 
6 564 995 1201 1781 2161 2670 
3 150 2149 2342 
3 751 2667 4129 
1 100 
2 535 5677 
3 332 3780 4749 
3 2362 4702 4765 
1 2818 
3 1067 1099 2652 
5 453 841 2240 4622 5150 
0 
6 2638 2712 3012 3037 3298 3695 
2 1344 1467 
3 318 2467 4934 
3 565 3472 4992 
1 5449 
3 1080 1667 1750 
6 13 2716 3412 3597 5376 5545 
4 267 1200 2508 2965 
4 697 3254 5363 5392 
2 766 3026 
1 183 
0 
3 2607 2755 5629 
3 660 2026 5423 
3 93 4184 5020 
2 1495 2449 
3 1766 2372 2993 
2 2754 3058 
6 1388 2222 3134 3942 5219 5525 
3 610 4174 5585 
2 3633 4833 
2 1090 2504 
4 472 1524 2837 4657 
1 343 
1 5098 
2 5342 5388 
4 1006 1293 1995 5267 
4 1207 1631 2936 3433 
2 373 5020 
0 
2 3149 4542 
0 
2 1942 4482 
2 2223 2437 
2 201 361 
1 4568 
2 2770 3099 
1 812 
1 2373 
1 3091 
6 1047 2727 4461 4695 5244 5575 
2 4029 4750 
6 123 922 926 3194 4056 4816 
0 
0 
6 79 306 1261 2952 3686 3712 
4 1601 2132 4576 5074 
1 740 
1 2210 
4 125 3158 3751 4903 
3 4167 4286 4304 
6 125 435 712 771 1136 1994 
3 295 3153 4343 
1 5012 
1 1022 
2 1966 3571 
1 5202 
1 4000 
1 4602 
3 1454 1666 4687 
1 3490 
3 48 5567 5606 
3 711 2490 3318 
4 284 3035 3300 4874 
3 151 161 4051 
2 4401 5555 
2 2243 3221 
2 2640 3280 
2 2532 5658 
1 2746 
0 
3 1747 1998 4126 
4 458 1667 1993 2983 
2 1092 5244 
7 120 254 572 1283 4185 4906 5377 
1 2694 
3 1890 3234 4909 
1 4209 
1 3416 
0 
3 2009 2743 4412 
1 74 
1 4157 
0 
1 862 
4 2093 2611 2774 2893 
4 1436 1588 2588 3735 
3 85 164 1725 
3 565 710 1366 
3 112 1883 2781 
3 1339 2834 5200 
5 2912 3084 4637 4658 4807 
1 1491 
4 50 1922 2998 3319 
5 1755 2513 2978 4759 4884 
8 383 1008 1972 2170 3213 3222 4537 5413 
1 914 
4 186 1279 5043 5271 
6 1200 3283 4309 4591 4864 5102 
1 2148 
1 353 
0 
2 2878 4804 
1 928 
2 2172 4031 
3 3425 3561 5064 
3 2087 2824 3975 
2 2854 5328 
3 684 4167 4928 
4 2946 4399 4696 5507 
1 1391 
3 1229 2781 2888 
3 2244 3746 3848 
3 3797 3803 3973 
3 224 369 5590 
3 1400 2607 4451 
2 2727 2857 
1 2494 
3 123 1182 4091 
1 3807 
2 800 1957 
0 
1 5171 
2 496 5086 
0 
6 32 1565 2680 2754 3970 4880 
0 
2 2122 5496 
3 304 1481 3738 
7 482 570 637 1092 1154 4458 5613 
2 3579 5409 
3 2686 3504 4888 
0 
2 3239 4770 
5 1932 3394 3785 4352 5454 
3 1332 4506 5535 
2 116 959 
6 370 1183 1437 2614 3136 5014 
0 
2 3402 3617 
4 652 3132 3955 4980 
1 3042 
3 906 3665 4936 
2 649 3943 
4 1181 2686 3446 4533 
2 544 3936 
4 545 2338 2903 4419 
3 1218 1250 4591 
3 768 3327 5148 
5 1138 2655 4258 5137 5435 
1 1869 
2 18 4357 
2 1331 5058 
4 399 3040 4537 5401 
0 
3 1564 4785 5084 
1 4374 
0 
5 2080 2431 4369 5294 5336 
1 4819 
3 2212 2411 3743 
2 1372 4252 
2 4841 5211 
2 3394 4800 
0 
4 301 2721 3373 4309 
1 5055 
7 3 1760 1812 4478 4543 4972 5425 
1 4372 
5 422 457 561 3313 4370 
4 1715 3887 4195 4930 
1 4344 
3 3006 4850 4946 
1 3788 
1 5583 
3 1910 2135 3395 
0 
2 871 1066 
1 2878 
4 53 2128 2415 4600 
0 
2 1466 5316 
2 890 4416 
4 2269 4097 4568 5307 
4 611 2099 3672 4068 
4 1861 2665 2820 3366 
0 
0 
4 1555 2140 2815 3006 
4 36 2618 3450 5336 
3 7 1104 1616 
0 
3 2436 4153 5681 
3 2376 3488 4559 
1 1401 
3 3092 3119 3396 
0 
3 1740 2202 4963 
4 236 3773 4427 4430 
4 528 1155 3871 5549 
4 708 4416 4473 5378 
5 1963 2945 3488 3934 5298 
6 377 3354 3412 3786 4038 5399 
4 495 1408 2919 3469 
0 
4 2248 3440 3634 4280 
1 2801 
1 2964 
4 2028 2548 2559 4032 
4 504 2892 4815 4881 
4 3528 4283 5106 5592 
3 644 3307 3801 
2 1979 5298 
3 1291 3444 4238 
1 4615 
1 2664 
2 4270 4575 
7 1024 1201 1309 1410 2293 3765 5556 
2 2874 5360 
3 2675 2676 3510 
2 431 4608 
5 3503 3894 4397 4632 4984 
2 2312 5354 
4 1591 2034 2105 3475 
1 84 
1 3356 
3 3872 5161 5487 
3 832 2791 3686 
0 
2 2058 2602 
7 1775 2236 2661 2998 3459 4397 5389 
3 515 2705 4169 
1 2873 
2 2746 4870 
2 215 2392 
2 2548 4984 
3 3348 4856 5573 
1 861 
4 940 1003 4014 4156 
3 940 2362 4959 
1 5109 
1 2040 
2 5149 5437 
0 
1 3396 
2 4674 5585 
3 1243 4655 4680 
2 390 419 
4 909 2125 4391 5247 
3 927 4425 5035 
2 1405 3253 
5 579 1034 2061 2514 3747 
1 5268 
3 812 3737 5360 
1 5101 
5 1445 2242 2411 3390 5236 
1 1073 
0 
2 748 5022 
3 2466 3556 4322 
4 399 1842 3146 4322 
2 2320 3948 
3 2672 4535 5209 
5 124 682 737 1327 5292 
2 1858 2196 
1 3024 
2 1800 2933 
3 1542 2925 4013 
2 2494 2983 
1 2144 
3 553 2862 5508 
1 2397 
2 1102 4755 
1 5246 
2 2166 5214 
3 892 3608 4970 
4 411 529 3344 5396 
3 1025 3722 4419 
3 533 534 5356 
2 2520 4294 
3 1637 1742 2948 
4 72 1969 2346 5536 
2 1617 3241 
2 992 5355 
3 942 4624 5570 
2 2017 4868 
4 794 832 1134 2369 
3 1752 4283 5193 
2 1292 4612 
1 1231 
5 573 1195 1321 1329 5532 
0 
3 65 3428 5245 
2 1677 4124 
4 275 703 3731 4123 
1 1627 
5 448 533 1351 1596 3901 
3 1515 1546 4179 
2 928 5483 
3 386 3821 4286 
2 45 2433 
3 455 3112 3146 
3 1697 2162 5004 
0 
1 5666 
1 5285 
2 1479 4892 
0 
1 392 
1 2739 
2 2034 3737 
6 1471 2334 2905 3254 3460 5270 
2 1345 2398 
0 
3 877 1173 5219 
4 2494 3352 3473 4934 
3 1362 3447 4529 
5 15 343 1304 3776 4430 
1 2850 
0 
1 5024 
5 387 656 1157 2631 4413 
7 1448 2223 3090 3364 3387 3498 5004 
4 516 4022 4956 5398 
2 1115 3728 
2 2556 5454 
2 4068 4246 
3 1153 1763 3912 
0 
2 1246 2733 
1 4464 
4 1236 2139 3349 4526 
0 
0 
2 177 3033 
3 4647 4929 5505 
3 2475 3113 5044 
4 967 3880 3938 4963 
5 362 1431 2100 2757 3052 
3 1569 4061 4800 
0 
3 1056 4231 5075 
1 2414 
1 2505 
6 1986 2109 2900 3368 3849 5425 
3 2696 2828 3512 
0 
2 177 5422 
2 1730 2045 
1 4127 
0 
4 1246 1249 1478 5271 
3 642 688 5087 
5 878 893 3428 5179 5338 
2 3844 5551 
4 675 2109 2813 3904 
1 1283 
4 535 1634 5411 5457 
2 1979 2681 
4 1450 3540 5504 5638 
4 1000 1774 3098 3366 
1 4419 
0 
1 1550 
3 1 1306 3015 
3 2476 4000 5475 
1 2611 
2 531 3203 
2 2462 3235 
1 4586 
2 411 1844 
2 4202 5335 
2 3318 4201 
4 318 1414 5146 5404 
0 
2 1366 2581 
3 437 1319 2235 
3 1092 3020 3649 
2 1139 4495 
3 3907 4214 4786 
3 37 1581 2277 
3 946 2240 2250 
2 5102 5236 
2 2554 2853 
1 4209 
0 
4 995 1338 1372 5308 
3 362 1545 4761 
2 2275 2389 
0 
2 1194 4381 
3 1706 4396 4981 
1 1882 
0 
0 
1 2185 
2 3613 5296 
4 3278 4732 4866 5561 
1 3173 
4 1563 1719 4238 5151 
6 327 586 1852 1942 2066 5098 
1 4171 
3 354 1277 5424 
1 2043 
0 
3 974 1388 2636 
5 1625 1768 2135 2259 2547 
4 494 2389 2453 3682 
3 1475 4043 4229 
2 97 1487 
3 267 3104 3649 
1 529 
2 1510 2425 
1 3410 
4 94 128 2101 3608 
2 1196 3673 
4 481 2729 3691 4156 
2 36 5449 
4 213 230 923 1168 
3 1423 3768 4456 
1 701 
0 
2 3991 4758 
4 488 934 1152 5294 
2 2679 4919 
2 372 3460 
3 154 4480 4606 
1 1009 
4 419 3979 5365 5432 
3 2462 3292 4332 
3 784 3752 4266 
0 
1 2759 
4 713 1859 5063 5605 
2 217 3639 
1 2415 
2 3257 4260 
1 1690 
2 833 1944 
1 4790 
3 3810 4046 5162 
3 62 202 2917 
2 1921 5625 
4 170 1256 1476 4876 
5 13 198 649 1086 4708 
5 13 1685 2246 3037 5067 
5 672 1429 3367 3411 3457 
2 2611 2912 
0 
1 3065 
1 4035 
1 5460 
1 2322 
6 134 331 3293 3631 4040 4117 
1 2193 
2 720 2427 
3 2875 3880 4129 
4 208 1077 2218 2557 
2 3518 4851 
0 
2 42 4687 
4 306 1424 2191 2745 
1 2294 
1 2710 
3 3791 4109 5435 
3 205 748 5299 
2 3746 4677 
4 2228 3790 5169 5508 
2 1414 2178 
2 1581 1864 
0 
5 530 2061 2409 4963 5565 
2 1319 1378 
3 614 1146 5381 
7 468 536 2069 2234 2511 3880 5381 
1 5600 
8 912 2373 3509 3605 4599 5119 5315 5580 
3 1332 3528 4479 
1 3058 
3 521 3928 3995 
0 
1 4591 
0 
1 2094 
0 
4 1073 1347 3495 4920 
8 2221 2257 2835 3236 3538 3711 4773 5184 
0 
3 1021 4353 4628 
2 647 4757 
0 
2 982 2510 
4 294 4089 4090 5078 
5 1105 1312 3178 3250 5656 
0 
1 5014 
3 3380 4754 5342 
5 2965 3405 4535 4856 5370 
2 1595 2138 
1 3776 
3 2663 3326 3717 
2 875 2896 
6 43 1410 2284 2488 4259 4514 
1 5569 
1 1047 
2 514 1348 
1 1444 
3 1350 1663 5519 
4 320 412 1847 3253 
3 1034 1891 2556 
2 2731 3300 
3 3314 4858 5301 
3 2384 3005 3597 
2 3882 4704 
3 4001 5056 5451 
5 1359 2308 2587 4513 5564 
1 5658 
1 3771 
1 5018 
1 3015 
1 64 
3 2695 3675 5665 
2 3964 5538 
1 4318 
3 1897 2173 3802 
0 
2 761 2353 
5 650 725 2416 2792 3981 
2 453 3700 
1 2545 
2 583 4672 
4 277 438 832 2310 
5 1206 1486 4365 4979 5468 
2 4792 4818 
4 139 1282 1531 4520 
2 3289 4362 
1 3810 
2 2510 4722 
7 327 623 1469 2398 3581 4582 5125 
3 3988 4967 5589 
1 3999 
2 2370 4388 
5 1105 3312 3381 3435 3998 
2 314 2643 
3 2714 3986 4975 
1 457 
1 112 
2 1857 2147 
1 1757 
2 4641 5533 
1 1651 
3 1586 2223 4220 
5 321 1107 1926 2651 3801 
1 4941 
2 1573 2381 
3 2732 3297 5274 
1 1600 
1 3389 
4 1542 2084 2694 4371 
1 193 
7 624 1544 1814 2446 2679 2775 2788 
4 509 572 1272 4078 
1 2342 
4 1724 1802 3421 4543 
4 1314 2132 3258 3499 
3 965 1564 5159 
4 1644 3343 4221 4819 
6 787 1378 3630 4051 4060 5526 
5 233 503 1984 3254 3551 
2 3939 5263 
2 1518 2531 
1 3895 
2 2007 3777 
2 982 2663 
3 2357 3352 5092 
1 928 
3 430 2218 4876 
2 51 450 
0 
2 2132 3539 
2 725 5183 
2 2401 4876 
4 975 1688 3910 5320 
5 972 1782 2457 2675 4151 
1 5350 
2 2732 2898 
4 4012 4030 5000 5604 
3 202 856 4636 
1 96 
4 1996 3976 4107 4191 
1 88 
3 3603 3608 5314 
1 368 
2 1873 4843 
1 433 
3 4079 4642 5470 
1 2514 
4 1286 1564 2915 4028 
3 3605 3650 4746 
2 4639 5375 
4 3563 4028 4147 5068 
2 1404 2971 
3 700 1663 3082 
2 1062 1483 
3 875 889 5477 
1 3255 
1 1229 
1 367 
3 3101 5147 5228 
4 101 1750 3715 5163 
3 4 13 3353 
2 1931 2018 
3 968 2431 3665 
2 1788 5392 
3 1907 2595 5368 
2 323 3035 
0 
2 2930 3484 
0 
1 2908 
0 
5 1570 3121 3146 3406 3945 
2 1282 5595 
2 2277 5247 
3 1396 2882 3559 
5 600 1782 2704 2989 4702 
2 4249 4863 
4 341 467 2618 3736 
5 2305 3959 4571 5080 5468 
4 83 2764 3771 4802 
5 2496 3321 4588 4660 5179 
2 2789 3870 
2 2532 3420 
3 2338 2737 5559 
1 4160 
3 995 2285 4617 
2 1187 4600 
0 
2 2661 4548 
2 2133 3004 
3 132 4606 5200 
2 2741 5048 
2 2026 2447 
2 717 4030 
2 2029 3753 
1 1704 
2 1322 1859 
2 1357 4771 
3 592 1788 3997 
3 1804 4307 5379 
2 2957 4256 
3 342 1137 2433 
2 843 3862 
1 2877 
1 3272 
1 1656 
2 2997 4985 
2 1128 2209 
4 3419 4605 4681 5479 
1 4671 
0 
3 2062 2794 3425 
0 
3 2019 4564 5614 
3 1474 2375 4725 
3 1824 2990 4208 
5 258 2622 3638 3737 5088 
1 1978 
2 1851 3067 
0 
2 4 1191 
6 334 448 467 2092 2759 5669 
4 256 2560 4561 5673 
4 333 1731 1849 5555 
0 
1 390 
3 341 3965 5342 
3 1268 1750 4554 
1 2063 
3 816 1445 3803 
1 3000 
1 477 
3 3270 4535 5443 
7 1580 1874 2911 3041 3391 4345 5190 
5 730 1535 3521 4332 4810 
2 158 548 
1 5202 
3 731 742 2899 
4 522 1490 3461 3655 
2 1838 4908 
4 520 4364 4966 5682 
0 
2 1793 2707 
3 986 2045 5483 
2 2206 4882 
4 1609 3367 4912 5156 
5 103 1968 2659 4161 5218 
2 494 625 
2 4658 5015 
5 689 2869 3068 4146 5562 
5 347 2797 3460 4731 5592 
6 988 3252 3645 3762 4708 5150 
3 57 692 1961 
4 1566 2251 3974 5538 
0 
4 2065 4092 4327 4512 
3 3730 4727 5353 
5 525 1029 3404 3925 3983 
5 1227 1413 2643 3765 5047 
1 4752 
2 1250 1699 
3 1704 2687 5165 
3 1081 3489 3860 
2 3997 4393 
2 222 2723 
3 593 644 2528 
4 48 3358 4684 4735 
0 
5 742 1453 4468 5126 5180 
1 614 
4 3586 5150 5405 5489 
5 514 745 877 3068 5142 
3 436 1846 2918 
1 5323 
1 4507 
1 3100 
4 580 825 1278 2392 
0 
3 508 2386 3589 
2 987 4023 
0 
2 3002 4502 
1 1954 
1 256 
2 2187 4493 
1 5153 
3 713 2440 5128 
2 880 1819 
2 3865 4013 
2 2816 4947 
1 68 
4 335 2189 3285 4458 
1 5498 
2 2766 4720 
0 
4 2947 4046 5016 5681 
1 3876 
2 1654 5435 
2 2397 3627 
1 4856 
4 271 468 1759 3596 
2 38 5255 
3 4368 4682 5233 
2 1217 2413 
5 704 2448 3246 4994 5520 
3 2734 3310 4702 
2 4199 4946 
2 524 2305 
3 181 2912 4460 
2 2164 5446 
3 2006 2384 5254 
6 312 1964 3928 3977 4311 5270 
2 2792 5335 
0 
2 3116 3444 
3 842 1775 3021 
3 3275 3443 5380 
5 319 368 507 533 4940 
0 
3 2885 3713 4306 
4 2673 4009 4466 5646 
2 1334 4637 
6 567 710 831 2413 3888 5152 
1 4994 
6 1228 1373 2264 2649 2763 2952 
1 4488 
4 1060 4256 4470 4772 
0 
1 4050 
1 2849 
0 
0 
8 315 874 1435 2408 3326 3627 4118 5127 
5 2128 2735 3579 3607 5460 
0 
2 3446 4044 
5 909 1057 1358 2517 5269 
3 1487 4465 5294 
1 980 
2 284 5540 
3 818 970 1362 
4 336 2702 2836 4876 
4 2556 3828 5157 5642 
1 586 
2 3780 4114 
4 316 1188 2349 4826 
4 436 1472 1632 3614 
1 5276 
4 2531 2621 2927 4318 
1 1802 
2 2312 2969 
4 3425 3732 5070 5506 
5 557 1610 2307 3189 4051 
2 1008 3419 
3 2752 3541 3770 
3 308 5355 5598 
2 605 4417 
3 3535 3921 4601 
4 1064 1100 2978 5022 
1 4429 
2 3590 5483 
1 4379 
3 3016 3800 4425 
0 
1 3529 
0 
2 743 4768 
3 2293 4165 5361 
0 
4 159 933 4737 5270 
1 1424 
2 1103 5450 
3 74 1533 2722 
1 1520 
2 2729 4882 
1 4076 
2 1650 1774 
4 3443 3852 4915 5291 
6 335 2557 2876 3707 3921 4528 
1 1477 
2 3142 4460 
2 586 3420 
2 1214 1451 
2 1165 3431 
2 5275 5643 
1 379 
0 
0 
2 5147 5552 
2 2409 3296 
7 78 616 2660 3727 4868 4902 5379 
2 2242 4489 
3 3136 3678 4360 
2 5120 5455 
4 1103 4075 4951 5536 
4 56 1870 2925 3792 
1 2498 
4 97 2393 2440 4296 
1 1181 
2 1224 5487 
3 1916 2099 4076 
3 1531 2622 4488 
6 1241 1448 2880 3347 3458 4582 
2 482 2536 
7 743 1092 2824 2846 3355 4546 5029 
1 3101 
2 218 1943 
4 1473 2442 3889 4290 
1 1889 
0 
2 479 1651 
5 863 1651 2352 3551 3802 
6 489 586 1089 2364 2599 5277 
0 
2 1486 2909 
4 488 596 891 3870 
4 2211 3511 3518 3939 
0 
3 693 2199 2397 
0 
5 922 1617 2313 2995 3784 
3 1686 3621 5180 
5 3020 3825 4455 4585 5327 
1 1978 
2 884 4343 
3 1785 5361 5524 
0 
1 5638 
5 27 3784 4274 4531 5441 
4 2007 2512 3574 5399 
2 128 462 
1 1344 
1 1087 
2 344 2664 
3 1321 4976 5647 
1 2047 
0 
4 367 377 2115 4763 
0 
0 
4 1095 3113 3534 4573 
1 5112 
4 1490 3212 4367 5390 
3 1300 1388 1690 
2 1749 2608 
3 2113 2979 4494 
1 1837 
2 4536 5561 
4 1149 3794 5318 5483 
2 70 5578 
1 3206 
1 4530 
5 614 2120 2547 3602 4227 
3 1911 4939 5083 
2 1748 5396 
4 92 2554 4546 4831 
2 4765 5026 
4 1538 2035 3387 4649 
1 1456 
3 123 2219 2542 
3 997 2858 5539 
0 
0 
1 969 
2 961 2110 
4 2665 3505 3581 5479 
4 82 3360 4428 5639 
1 1392 
4 543 2160 3287 5134 
3 2873 3824 5339 
3 3871 5651 5675 
1 5329 
4 672 694 4539 5601 
2 1400 2845 
3 683 4326 4784 
5 338 1329 2344 4102 4923 
3 2518 5648 5659 
2 896 4319 
2 119 4252 
3 43 2336 3924 
2 2284 3176 
8 486 783 1919 2206 2286 3273 4217 5401 
1 2309 
3 66 1204 4717 
1 5357 
4 85 239 3825 4736 
1 2951 
2 1353 1432 
3 945 4646 5688 
4 558 2466 2916 3420 
7 350 1522 2232 3049 3721 3963 4827 
1 4477 
3 2030 4606 4776 
2 4316 4894 
1 2799 
1 524 
6 742 2478 3669 4772 4864 5216 
3 348 473 1627 
5 1125 1445 1867 3707 3710 
2 1092 2754 
3 368 3372 4964 
2 203 3702 
3 1719 2355 4892 
2 2471 2526 
1 4754 
6 1424 1505 2545 3985 5091 5234 
2 228 4209 
0 
1 2053 
3 1816 4818 5229 
2 4269 4979 
1 1476 
3 967 2905 4363 
3 717 1800 2249 
1 2420 
0 
2 3158 3426 
1 646 
5 1485 1540 2616 2621 5527 
2 1687 3612 
5 1105 2981 3993 4169 5095 
0 
4 613 1380 1447 4459 
1 731 
5 525 2127 2939 3259 3932 
3 1283 2482 5181 
1 1761 
3 2768 3921 5535 
0 
1 4987 
3 804 1715 4514 
1 1224 
2 350 3640 
3 875 2158 5413 
1 386 
2 3622 4039 
2 630 3872 
0 
3 1328 4363 4789 
4 1421 3989 4396 4882 
1 2023 
2 209 1492 
1 1514 
2 485 2711 
5 1540 2959 3670 5337 5658 
5 52 1487 2729 4854 5054 
3 606 812 4625 
4 2029 2878 4770 5526 
2 2179 2955 
2 1673 1942 
2 3271 3643 
6 1135 2055 2578 3778 4735 5507 
1 1868 
2 1197 3850 
2 2943 3652 
3 2414 2880 3241 
1 2424 
4 1745 1996 2789 2899 
2 33 3812 
0 
3 339 2057 2359 
3 2570 3992 5067 
1 5678 
3 49 1951 4423 
1 1404 
2 1527 1568 
3 902 1314 2393 
2 2887 3308 
2 177 2415 
2 2767 5607 
3 432 4002 5405 
1 4288 
2 1479 3192 
2 270 1620 
2 1645 4825 
3 368 4906 5274 
7 1617 1865 2138 3719 4066 4327 4579 
1 2029 
3 3708 4341 5276 
2 1016 3123 
2 2791 4945 
3 194 883 5489 
2 668 5339 
1 4456 
2 3928 4776 
2 1565 2490 
9 1574 2287 2596 3119 4227 5431 5605 5637 5695 
4 8 415 492 3587 
3 3759 4115 4670 
2 3144 3635 
6 456 749 1508 3184 3675 4063 
3 1823 2500 5531 
3 1703 3593 4962 
3 850 5497 5542 
3 173 3893 5161 
2 2543 4948 
6 3059 4273 4406 4411 4621 5374 
3 3109 5541 5621 
2 33 227 
3 530 2991 3236 
2 2756 3955 
2 3358 4039 
5 117 2219 4524 4654 4819 
1 322 
1 3924 
2 3666 5687 
0 
3 1190 2944 5464 
3 2518 3232 3961 
3 29 1668 2954 
1 3169 
2 1800 3813 
3 3591 4136 4782 
3 439 1504 2454 
1 4773 
2 2346 2523 
0 
0 
3 1847 1980 3071 
2 2375 2484 
3 2139 3782 5433 
4 304 2403 3470 5510 
4 303 514 1325 4670 
2 3564 3879 
2 829 2509 
1 2690 
2 3904 4855 
1 3779 
4 1395 2094 2199 4519 
2 346 3906 
2 156 2093 
3 1878 4917 5627 
3 2785 3290 4525 
0 
1 896 
4 133 2566 4657 5044 
3 89 1448 2201 
3 1304 2800 4911 
1 5491 
5 383 1063 2857 3061 4254 
4 328 826 1813 4315 
2 2811 3363 
2 2000 2631 
2 980 4755 
2 764 5134 
3 1719 2415 5508 
4 495 908 2431 5599 
3 627 716 5108 
1 3938 
5 15 1421 3441 4165 5155 
6 702 1067 2436 2548 3059 4000 
3 53 1064 5078 
2 3393 5167 
1 167 
2 3832 4145 
3 1704 2084 5093 
3 653 3972 5125 
2 299 456 
2 359 1588 
2 3032 4733 
3 109 422 4597 
3 1346 3371 4383 
2 2423 4961 
1 1466 
5 1189 2047 2972 3072 3215 
2 1156 4860 
4 2270 2317 4002 4586 
3 3625 4569 5469 
3 1526 4875 5251 
2 2643 5433 
0 
4 195 4674 4970 5572 
2 1734 1870 
3 292 1098 2575 
0 
0 
5 338 1549 3280 4153 5652 
1 3784 
2 2898 3755 
4 1281 2219 2413 4069 
2 601 5468 
5 2330 2884 3304 3551 4942 
1 4872 
4 1349 4027 4167 4301 
4 1322 1462 2393 4780 
1 3787 
2 1297 4520 
1 4369 
2 3195 3385 
3 2392 2977 2994 
4 1089 1880 4105 4951 
2 518 5121 
3 2570 2635 3997 
2 515 1985 
2 2415 5624 
3 893 2748 4374 
1 4714 
4 917 2451 3331 5652 
2 1348 1708 
4 4362 4790 5605 5687 
7 779 1363 1488 2473 2841 3970 5500 
4 2163 3297 3614 4221 
2 1988 3318 
1 5342 
3 2868 4051 4065 
2 2723 4486 
2 713 3644 
3 1341 3315 4809 
1 3805 
0 
4 1539 3061 5011 5237 
2 1491 3137 
1 3833 
2 728 2611 
3 4584 4603 5235 
7 489 1289 1978 2579 2600 3003 3389 
2 1608 5648 
4 2958 3507 3673 5106 
4 10 212 1391 5243 
3 1108 1804 3605 
4 248 1971 3470 4416 
4 1479 2371 2746 3013 
2 960 1005 
3 291 2131 5647 
2 4132 4152 
3 1591 2503 2686 
3 1918 2739 5213 
2 2193 2382 
1 5256 
1 65 
2 920 1639 
4 1527 2001 4990 5614 
3 2900 3481 3883 
3 0 1473 2503 
5 2231 3967 4325 5338 5363 
3 2146 2189 4528 
1 4575 
0 
2 2951 4348 
3 864 3083 3476 
3 1641 3844 3858 
1 3258 
4 3348 3463 4088 4638 
1 3057 
5 398 1174 1518 4150 5256 
5 184 2294 2775 3281 3360 
2 2430 4736 
1 2240 
1 351 
4 372 663 1420 4684 
0 
0 
1 845 
2 980 5164 
3 2069 2870 3481 
4 2496 2664 4079 5295 
1 3595 
0 
0 
3 776 2236 3716 
1 1311 
3 1433 1818 3694 
5 781 790 846 2450 3301 
4 1986 2489 2942 3927 
5 323 1657 4166 4915 5366 
1 5262 
2 1637 2785 
3 2015 4538 5296 
4 174 3362 4471 5065 
2 711 3480 
4 27 988 1544 2090 
0 
1 2608 
6 762 920 2003 2084 3454 5378 
2 3214 4825 
1 3996 
3 2658 3713 4344 
3 289 623 2106 
1 3982 
1 3105 
3 1228 3081 3260 
1 195 
1 2247 
3 2486 2875 4263 
4 109 3935 5264 5281 
2 3251 5048 
1 3579 
3 4275 4841 5498 
4 450 2549 3191 4430 
0 
2 2839 4631 
1 2753 
2 728 2022 
0 
2 2691 3876 
4 754 1210 1620 4171 
1 1524 
0 
3 238 4322 4931 
4 642 931 2467 2742 
1 4458 
1 3652 
1 2446 
5 2323 2348 4733 5096 5419 
2 2124 3985 
4 915 1209 3583 5512 
1 3953 
1 4182 
1 4496 
0 
3 1654 2937 5091 
3 4785 5090 5389 
3 1034 2362 4404 
4 574 3813 4935 5276 
5 548 2573 3259 3667 5589 
3 2273 4800 5154 
2 3154 5083 
1 463 
3 1518 3854 4230 
2 1480 2224 
3 921 2692 5462 
3 1567 3445 4084 
3 3928 4212 5576 
4 511 811 1096 2786 
2 2382 3733 
2 1229 5494 
3 1996 4040 4997 
2 2233 3273 
3 2248 4927 5671 
1 4070 
2 1413 5597 
0 
2 3098 4721 
3 840 5361 5471 
0 
1 1863 
1 1424 
1 749 
2 203 1299 
5 639 878 3339 4306 5146 
2 1177 4673 
2 3170 4971 
2 3234 5291 
4 1233 2739 5445 5554 
4 577 1210 1533 2019 
4 117 1119 4368 4936 
5 1763 2964 3000 3632 4548 
2 220 4612 
2 3493 4566 
1 5239 
2 3807 5664 
0 
2 188 445 
2 3529 5520 
3 2415 4748 4924 
0 
3 765 2283 5208 
3 3770 3979 5455 
0 
2 2483 3333 
2 2310 5212 
2 1181 5186 
2 1976 4551 
2 1003 3531 
1 3235 
2 1982 3250 
4 1811 2358 4203 5119 
4 3300 3813 4438 4668 
3 989 3234 3978 
2 4072 5393 
5 1266 3084 3828 4531 4550 
4 121 1106 3193 4229 
2 152 4602 
3 2707 2888 4565 
3 1386 2984 5095 
1 4929 
3 1811 4525 5552 
3 39 1471 4622 
1 483 
2 3254 4395 
1 2861 
4 2042 2847 4056 4874 
5 1291 1435 3027 4270 5231 
1 4439 
3 1471 3283 5033 
5 134 316 2226 2782 4541 
1 1654 
2 4932 5665 
4 2061 2873 2888 5287 
3 2033 4297 5488 
1 3122 
2 100 3952 
5 341 1630 1984 3436 3767 
1 1895 
1 2506 
0 
2 3489 5192 
1 445 
0 
9 278 954 1431 2595 2702 3311 3430 4183 4460 
2 4548 4701 
4 918 3101 3704 4805 
3 449 3570 5673 
2 2079 4410 
4 927 2349 4316 5646 
2 1362 1492 
4 1344 1897 2358 5141 
2 2006 5211 
1 609 
3 964 3381 5641 
5 1365 2979 3510 4513 5306 
1 1275 
3 1702 2170 5176 
8 572 973 1758 2296 3491 3583 4117 5194 
6 629 2857 3151 5193 5273 5368 
3 1335 1970 3728 
3 837 2333 3809 
3 1747 3108 3112 
0 
0 
4 1815 3920 4470 5636 
2 1407 1409 
2 3886 4516 
1 2456 
0 
1 511 
2 1616 2950 
1 197 
6 335 1451 2586 2739 3118 5136 
2 1772 4092 
1 1634 
4 599 663 3992 5187 
8 62 184 1728 5140 5265 5360 5399 5687 
3 3181 3196 5006 
1 4104 
2 2528 5232 
1 4776 
1 1280 
2 633 4526 
3 3249 3848 4144 
3 273 1061 1490 
1 2988 
1 227 
2 667 2813 
1 464 
0 
0 
3 372 1835 2519 
2 866 4438 
3 1866 1968 4789 
0 
5 1352 2028 2123 2196 5162 
2 469 5215 
4 836 3019 4582 5388 
2 1751 4785 
5 1235 1240 2348 2850 4994 
3 1769 4085 4212 
2 210 4990 
1 5545 
2 3543 5129 
1 2882 
2 2701 3039 
2 2459 5673 
2 766 4998 
5 685 814 2825 3870 3903 
3 265 440 4122 
2 1345 4103 
5 1999 2395 2495 4078 4453 
0 
4 102 1222 1299 5462 
1 2372 
1 4948 
1 3036 
0 
2 1505 4590 
5 251 315 520 4581 5650 
3 5008 5024 5274 
0 
4 565 1761 1853 3059 
0 
4 352 1290 2649 3390 
1 2389 
1 5045 
2 2990 4399 
5 739 2796 2830 2849 5064 
1 5212 
0 
2 1230 3856 
1 4082 
4 74 1516 2025 4616 
4 3656 4141 4591 4649 
5 1686 3722 3927 4181 5528 
4 941 991 1610 1974 
4 4 2907 3029 5194 
4 1648 4385 4855 5256 
2 1321 4664 
5 402 3808 4627 4858 5093 
2 3306 4692 
0 
3 2490 3239 3322 
1 1969 
3 1467 5064 5343 
0 
2 1415 3358 
0 
3 1001 1539 4135 
3 511 1196 1496 
3 111 901 5168 
2 2785 5395 
1 634 
0 
3 160 4657 5122 
4 330 2491 4093 5576 
0 
5 1222 1347 3988 4253 4617 
3 2045 3052 5035 
3 444 4226 5047 
1 1472 
2 4031 4042 
2 644 4295 
4 388 2106 2835 3358 
3 443 1421 4341 
2 553 2476 
1 1397 
0 
6 1085 2397 3500 3544 3624 5511 
2 2250 5190 
2 644 4013 
3 3224 3331 4216 
1 2985 
2 1040 5319 
2 308 2326 
0 
2 1687 3085 
2 850 4421 
2 2419 4306 
3 2491 3189 4011 
2 1012 2771 
4 889 3531 3802 4728 
3 5310 5494 5507 
3 2531 3401 4412 
2 1305 1837 
2 2587 5503 
1 4553 
1 674 
2 1332 5375 
0 
2 677 4702 
1 3937 
3 1064 3177 4751 
1 3245 
2 364 684 
6 710 2331 2539 2722 2942 5626 
1 1059 
1 1200 
5 383 3000 3034 4201 4592 
2 3988 4019 
7 272 970 1473 1954 2776 3555 4824 
5 1483 2838 3463 4183 5014 
2 4749 4862 
3 1026 1217 2153 
3 129 227 967 
4 3855 4326 4506 4983 
2 1446 5281 
1 1594 
2 2906 3302 
2 1806 3599 
1 1099 
1 2745 
3 398 5456 5579 
2 3193 4414 
1 1927 
2 786 2072 
4 2405 2579 4536 5440 
2 3697 4052 
3 776 4113 4635 
2 1072 4108 
1 4764 
1 1131 
3 868 2437 3317 
5 26 979 4048 4083 5212 
4 2206 4647 4705 5113 
3 495 1106 2772 
5 2149 2210 2469 3838 5014 
3 42 254 843 
2 1936 4258 
1 5044 
2 190 708 
4 1307 1546 4444 5194 
1 63 
3 3443 4327 5661 
1 3023 
2 1368 1675 
0 
1 4876 
2 4429 5325 
5 322 991 1486 3281 3836 
4 49 1011 1855 3904 
4 3747 4030 5053 5479 
5 35 430 2119 4479 4670 
2 1455 4596 
5 368 1807 3004 4303 4304 
1 2903 
1 2011 
0 
2 300 843 
5 741 1019 2934 3219 5487 
0 
3 363 3855 5233 
3 2801 4060 5091 
3 3448 3531 4722 
1 1049 
5 3171 3490 3838 4443 5574 
6 1038 2671 2772 3274 3744 5149 
2 1818 2455 
1 5288 
2 4106 4734 
2 3113 3612 
1 4153 
3 4032 4709 5212 
4 1043 1759 1951 5694 
4 3983 4761 5448 5600 
0 
0 
1 4203 
3 834 4550 4850 
2 903 3096 
1 1772 
1 373 
3 363 396 3960 
1 1720 
2 1907 4187 
0 
3 1340 3925 4813 
3 1588 2094 3116 
3 628 2216 5427 
1 1693 
2 1436 2798 
3 1993 2674 3507 
7 737 887 1358 1800 2350 2998 5083 
2 1183 3085 
3 1662 3153 5590 
2 76 4177 
2 3460 3843 
1 4232 
2 3997 4174 
4 1454 1476 3757 5448 
3 2899 5415 5671 
4 593 2214 2679 5581 
1 2228 
4 383 1568 1776 2991 
2 3723 4866 
6 1224 1293 2084 2459 3318 4258 
4 154 444 4900 4949 
1 2368 
4 516 3979 4294 4577 
0 
5 160 205 1283 1835 4072 
2 3051 3632 
1 2645 
3 2 5353 5503 
1 4708 
2 428 2473 
2 3358 4512 
2 1420 2731 
4 21 1281 2471 5123 
5 686 1747 2312 2696 4589 
3 435 2122 5477 
4 2509 2670 5401 5426 
4 1668 2529 3834 4247 
2 3545 4651 
1 4344 
2 2031 2416 
3 2239 3529 3797 
5 2348 2481 2580 3964 4155 
6 81 254 1261 2852 4673 5137 
1 5349 
3 1825 1965 4187 
2 929 5564 
2 239 3604 
3 1507 4281 4613 
0 
3 2989 5100 5249 
0 
2 43 4887 
1 2198 
3 751 2445 3065 
3 2752 2906 2933 
5 2901 3173 4362 4458 4960 
2 1622 4947 
2 2659 4425 
1 5113 
2 1273 2100 
3 1297 1589 2832 
0 
1 4195 
4 151 915 3226 5483 
2 4434 5447 
0 
6 1797 3024 4488 4745 5378 5647 
1 879 
1 2523 
3 1730 2047 3670 
6 676 4128 4523 4640 4728 5476 
2 3367 3383 
6 138 654 749 1559 2274 2668 
1 1986 
6 550 866 893 4056 4679 5386 
2 1208 5169 
3 581 4550 4861 
0 
1 4918 
2 982 1750 
1 2679 
3 2798 5105 5319 
2 1180 2513 
4 167 1186 2348 3957 
2 3035 4873 
2 4572 5067 
1 3379 
1 4980 
0 
2 1909 1954 
2 5322 5440 
1 4189 
2 1170 4165 
2 2974 4631 
8 826 2674 3221 3336 3629 3939 4831 5319 
5 388 2079 4100 4297 4925 
0 
2 498 4901 
5 1364 1461 3072 3682 5305 
2 2728 5085 
4 909 1302 1670 3288 
1 565 
3 478 1161 1175 
2 3446 3657 
3 769 1070 1643 
0 
2 3267 4337 
3 2505 4584 5133 
1 3039 
3 747 2078 2794 
3 505 2916 3301 
3 460 3661 4705 
3 796 3401 3848 
6 1294 2209 2861 3109 4397 4827 
1 4798 
5 869 1797 2357 3167 5271 
5 1427 1600 2535 2984 3041 
2 2208 3680 
4 865 1753 2122 4871 
2 3017 4120 
2 2302 4379 
1 3187 
3 1909 3965 4807 
3 2326 4111 4674 
0 
3 2527 4352 4533 
1 4740 
1 4619 
1 4877 
2 1360 4873 
2 961 1872 
2 1681 3276 
4 2854 3757 3836 5238 
1 511 
0 
2 1831 3729 
1 4029 
2 1881 2676 
2 3610 4184 
2 4668 5156 
0 
3 851 3383 5123 
6 659 1261 3128 3895 4503 5646 
2 3246 4047 
2 139 5699 
1 445 
2 1857 4463 
1 1576 
2 4227 4727 
5 542 615 1690 4529 5596 
1 2547 
4 1335 1411 4345 5458 
2 2426 4301 
4 943 1221 2213 2869 
2 2939 3891 
2 2265 3659 
7 149 975 2114 2242 3060 3681 4333 
3 1411 2525 4114 
3 2785 3355 3498 
3 3066 4951 5579 
3 2240 2262 4066 
3 255 396 5392 
3 896 3524 3870 
2 5102 5292 
3 758 2140 3590 
1 4729 
3 2951 5349 5572 
3 1683 1864 4306 
1 5428 
3 239 1906 2723 
3 3037 3565 4004 
1 2505 
3 345 3849 4075 
1 1822 
2 587 2413 
0 
2 4369 5094 
4 606 1471 3944 5421 
1 1215 
4 3114 3284 4040 4530 
1 2491 
3 714 1014 2550 
3 2315 2592 4452 
3 2035 3744 5562 
2 3625 5110 
3 1329 3034 4635 
1 4926 
3 1371 4305 5401 
2 2429 4752 
2 1483 1485 
3 2316 3161 3262 
1 4416 
3 4263 4866 4979 
2 3498 3891 
5 660 1687 2364 2996 4849 
1 2349 
2 160 2571 
1 760 
1 219 
1 3260 
4 472 682 2913 3959 
4 1229 2014 4493 5011 
2 1753 2643 
1 3178 
0 
3 306 644 1677 
0 
4 159 1499 2799 2937 
2 2989 4877 
0 
1 1814 
2 4974 5695 
3 1020 1951 4272 
2 313 5332 
5 1154 1985 2695 3507 4911 
2 3581 3782 
1 3842 
0 
0 
2 1316 1467 
1 32 
0 
2 106 786 
1 5200 
3 368 1526 4866 
4 477 2988 4189 4707 
1 4746 
2 2894 3735 
2 1293 5189 
1 4622 
3 1679 1766 4664 
1 1072 
2 3588 3668 
6 135 407 2767 4600 5184 5555 
5 690 981 4714 5003 5479 
3 1146 4756 4996 
1 468 
2 1534 5255 
4 1817 2071 3515 4750 
3 974 4956 4977 
2 661 1594 
0 
3 312 1602 3179 
5 1382 1627 3092 3543 4323 
0 
3 3898 4346 4824 
4 241 722 3277 4756 
2 196 2983 
3 2098 2125 5370 
2 165 1085 
2 3601 3743 
2 2289 5130 
4 1989 2560 4351 5167 
2 1168 4134 
1 1008 
2 2410 3119 
4 152 2385 3771 4501 
2 745 1400 
3 2020 5108 5427 
1 1931 
6 72 3096 3524 4502 5182 5242 
2 1458 2824 
2 2778 4750 
1 978 
2 863 3823 
1 4842 
2 3171 3235 
1 1601 
5 2018 2199 2527 4022 4575 
3 1989 3650 4520 
0 
2 782 3817 
1 301 
4 392 1660 3132 3559 
4 2536 4885 4979 5212 
2 2212 4768 
0 
2 1424 1943 
2 2170 3393 
3 1276 2061 2281 
3 306 1020 2737 
4 910 1723 2305 5400 
2 4866 5624 
0 
2 162 1901 
1 2374 
1 5557 
1 2 3 1 3 2 1 1 4 1 3 3 1 2 2 4 1 2 2 1 1 3 2 1 1 2 2 1 1 1 1 1 1 3 1 3 2 2 1 2 1 1 1 2 1 1 1 2 1 3 2 1 2 2 3 1 1 2 1 1 1 2 1 3 2 2 2 2 2 2 2 1 1 1 1 2 3 3 1 4 2 4 1 2 2 3 1 1 2 2 2 1 1 3 1 1 1 1 2 3 3 2 2 1 2 1 1 1 1 3 1 1 2 2 1 1 2 2 2 1 1 1 3 3 2 2 2 2 1 1 2 3 1 2 1 1 1 3 2 2 3 2 1 3 1 1 3 1 1 2 1 2 2 1 1 2 1 1 1 1 1 3 2 1 3 2 2 3 1 2 1 1 1 2 2 3 2 2 2 2 1 1 2 2 2 1 4 1 4 3 1 1 1 1 1 2 1 1 2 1 1 1 1 1 2 4 3 1 1 2 1 3 2 1 1 1 2 2 1 2 3 2 2 1 2 1 1 2 2 1 1 2 1 2 1 1 2 1 2 3 1 4 1 3 1 2 1 1 1 2 1 2 2 2 4 1 4 1 3 1 1 2 3 1 1 3 1 3 1 2 1 3 2 1 1 1 1 1 2 2 2 2 1 1 1 1 1 1 1 2 2 1 1 1 1 3 1 1 2 2 1 2 1 1 2 1 4 1 4 2 1 2 1 3 2 2 1 1 3 1 2 3 2 1 2 1 2 1 2 1 1 2 1 1 2 4 1 1 4 3 1 1 2 4 1 1 1 1 2 2 4 1 3 1 2 1 1 1 2 1 1 1 2 3 1 2 1 2 4 2 1 1 3 3 2 1 1 2 1 2 2 3 2 1 2 2 2 1 1 2 1 3 2 1 2 1 2 2 1 3 1 2 1 2 1 1 3 1 1 1 2 1 3 2 1 1 1 2 1 3 3 1 4 1 1 2 2 2 3 1 1 1 2 2 1 2 2 2 2 2 3 4 1 1 1 2 1 1 2 1 1 1 2 3 1 2 2 1 1 1 3 1 2 3 3 2 1 1 2 2 2 1 3 2 2 3 3 1 2 1 1 1 3 2 1 3 2 2 2 2 1 1 1 2 1 1 3 2 2 1 2 2 1 2 1 2 1 2 2 1 2 2 2 1 1 2 2 2 2 3 2 3 2 1 2 3 2 1 3 3 2 3 1 1 1 2 1 1 3 2 1 1 1 1 3 1 3 1 1 1 1 1 2 1 4 1 2 4 1 1 1 1 2 2 1 3 1 4 1 1 3 3 2 1 2 1 1 1 1 2 1 2 1 2 2 1 3 2 2 2 1 1 1 1 1 3 1 1 2 1 2 3 2 1 1 2 2 2 1 1 1 1 1 3 2 1 1 3 1 1 1 1 1 2 1 1 2 1 1 1 2 2 2 2 3 1 1 2 2 1 2 1 2 1 2 1 2 1 3 2 1 1 2 1 1 1 1 1 1 1 3 2 2 2 1 2 1 2 3 1 2 1 3 2 1 3 1 2 1 2 2 1 3 2 1 1 1 1 2 1 1 2 2 2 2 1 1 2 1 2 2 2 1 1 2 1 2 2 1 1 2 2 2 1 3 2 3 1 2 1 2 1 3 1 2 2 1 2 2 2 1 1 1 1 2 1 1 2 1 1 1 1 2 1 1 2 1 1 1 1 2 1 1 3 1 2 2 2 3 1 2 2 2 1 4 1 3 2 2 1 2 2 1 2 1 1 2 1 1 1 2 1 2 1 3 3 1 2 1 1 3 2 1 1 1 2 1 1 2 3 3 1 1 4 2 1 1 3 1 2 1 3 2 1 1 1 2 3 2 1 1 2 1 3 1 1 3 1 2 3 1 2 1 2 1 2 1 2 1 2 3 2 2 3 1 2 1 2 2 1 1 3 1 1 1 1 1 1 1 2 3 1 2 3 2 3 1 2 1 2 1 2 3 2 2 2 1 3 4 2 3 1 2 1 1 1 2 1 2 2 2 1 2 2 2 2 3 1 2 1 2 3 2 1 2 2 1 1 1 2 1 1 1 2 3 1 2 1 1 2 2 2 1 3 1 1 1 3 2 3 1 1 2 2 2 1 1 2 1 1 2 1 1 3 3 2 2 1 2 3 1 2 1 1 1 3 1 1 2 2 1 3 2 2 1 1 2 2 2 3 2 1 2 3 4 2 2 2 2 3 2 4 2 1 2 1 3 1 1 1 1 1 3 1 2 1 2 1 1 3 2 3 1 1 1 1 1 1 1 2 1 1 2 1 1 2 2 1 1 1 2 1 1 2 1 1 3 1 2 1 1 3 1 1 2 1 1 3 3 2 1 2 1 3 1 2 1 2 1 1 1 2 1 1 1 1 1 1 1 1 2 2 2 1 2 1 2 1 2 2 3 2 1 3 2 2 1 1 1 1 2 4 2 1 1 2 2 2 1 2 4 2 2 2 1 1 2 1 2 3 2 2 1 2 1 1 1 1 2 1 2 1 1 1 1 1 2 2 1 2 1 2 1 1 1 2 1 1 3 1 1 3 1 2 2 4 2 4 1 2 1 1 1 1 2 3 3 1 1 1 1 3 3 3 2 3 1 1 1 1 1 2 2 1 1 1 1 1 1 2 2 2 1 1 1 2 1 2 1 1 2 2 2 2 2 1 1 2 1 1 1 1 1 1 2 4 2 2 1 1 1 1 2 2 2 1 3 1 2 1 1 1 2 1 1 3 1 1 2 1 1 2 1 1 2 1 1 1 2 3 1 1 2 1 1 2 1 1 1 1 1 2 1 1 2 1 3 1 1 2 2 1 1 2 1 1 1 2 2 2 2 3 1 1 1 1 1 1 1 1 3 1 2 1 2 2 2 3 3 3 2 1 3 1 2 2 3 1 1 2 2 1 1 4 1 2 1 2 1 1 4 1 1 2 2 3 2 2 2 1 2 2 2 1 2 3 2 2 1 3 2 4 2 1 3 2 2 3 1 3 1 2 3 1 1 2 1 2 2 2 1 1 1 1 1 3 1 1 3 2 1 2 2 2 1 1 1 3 2 1 1 2 2 1 1 1 2 1 1 1 2 1 2 1 1 1 1 2 1 1 1 1 2 1 3 1 3 1 1 1 2 3 1 1 1 1 1 1 1 2 1 2 3 1 2 1 1 1 2 1 1 4 1 1 1 3 2 1 2 1 3 2 1 2 2 3 2 1 1 3 1 2 2 1 2 2 1 1 1 1 1 2 3 1 1 2 1 1 2 1 1 1 1 3 1 1 2 1 1 1 2 2 2 1 1 1 3 2 1 1 1 3 2 2 1 1 1 2 3 3 1 3 1 1 2 2 2 4 1 2 2 2 2 3 2 2 1 1 1 1 1 2 1 1 1 1 1 1 2 1 1 1 3 1 1 1 1 1 3 2 2 1 1 1 4 1 2 1 2 1 1 1 2 3 1 1 4 1 3 3 2 1 1 1 1 2 3 1 1 2 2 1 1 1 1 2 1 1 2 2 1 2 1 2 2 3 1 2 1 2 3 1 2 1 1 1 2 1 1 1 1 2 2 1 2 1 1 2 1 2 2 3 3 1 3 2 1 2 2 1 3 3 1 1 1 1 1 1 1 1 1 2 1 1 1 1 3 1 3 1 2 1 2 1 4 2 2 2 2 3 2 2 4 1 2 2 1 2 2 3 1 3 1 1 1 1 2 2 2 1 3 3 2 1 3 2 3 1 1 1 2 1 1 3 1 2 1 3 2 1 1 1 1 2 1 3 1 3 1 2 1 3 3 2 1 4 2 4 1 1 2 1 1 2 1 1 1 1 1 2 1 2 1 1 2 1 1 1 1 1 3 1 1 1 1 2 1 2 1 2 2 1 1 2 1 1 2 2 1 1 2 1 1 1 1 2 1 3 2 1 2 1 1 2 1 2 1 1 3 1 3 2 2 3 3 1 1 2 2 2 1 2 2 1 1 1 2 1 2 1 1 2 2 2 2 3 1 2 3 1 3 1 3 1 3 3 3 1 2 2 2 2 1 2 3 1 1 1 1 1 1 1 2 1 2 1 2 1 1 1 1 2 1 3 1 1 2 2 1 2 3 1 1 3 2 3 1 1 3 2 1 2 1 1 1 1 1 2 1 1 2 2 1 1 1 1 3 2 2 1 1 1 3 2 1 1 1 1 3 3 2 1 1 2 3 3 3 2 1 2 1 2 2 1 1 1 1 1 2 1 2 1 1 1 1 1 1 2 1 2 1 2 1 3 2 3 3 2 1 3 1 2 1 1 1 1 2 3 2 1 2 1 1 2 2 2 2 1 3 1 2 1 1 1 2 1 1 1 1 2 1 3 1 2 1 1 1 2 1 1 1 2 3 2 2 1 1 1 2 2 3 2 1 2 1 1 2 1 1 1 1 2 1 1 1 2 1 1 3 1 2 1 3 1 3 1 1 2 2 2 1 1 3 1 4 2 4 1 1 1 1 2 1 1 2 2 3 1 1 3 2 1 1 1 3 1 1 3 1 2 1 3 1 1 4 2 3 1 1 3 1 1 2 1 3 1 1 1 1 2 3 1 1 1 3 2 1 1 2 1 2 2 1 4 4 3 1 3 1 1 2 1 1 3 3 2 1 2 2 1 1 2 1 1 2 2 1 1 3 2 2 3 1 1 1 3 3 1 2 3 2 1 1 2 2 4 2 2 1 1 1 1 1 1 1 3 1 2 1 1 3 2 1 1 2 2 2 1 2 2 1 1 1 1 2 1 2 1 2 1 1 1 2 1 3 2 1 1 4 1 1 1 2 1 1 2 1 1 3 1 3 1 1 3 1 1 2 1 1 1 2 1 2 1 3 2 1 1 2 3 1 1 1 3 1 1 3 1 2 1 1 2 1 3 1 2 2 1 3 1 1 1 1 1 2 3 1 1 3 1 1 1 1 2 2 1 1 1 1 2 1 3 2 1 1 1 1 1 2 1 2 1 3 2 2 1 1 1 1 1 1 3 1 2 3 1 3 1 2 1 1 1 1 3 2 2 2 2 1 1 2 1 3 1 1 2 1 1 2 3 2 1 1 1 2 2 2 2 2 4 1 1 1 2 1 3 1 1 2 1 1 1 1 2 2 2 1 1 1 1 1 2 2 2 1 1 1 1 2 1 1 2 2 2 1 2 1 1 1 2 1 1 3 1 1 1 2 1 3 1 1 1 2 4 2 2 2 1 1 1 1 1 2 1 1 3 2 2 1 3 2 1 1 2 2 1 2 1 2 1 1 1 2 2 2 3 1 1 1 3 1 2 3 2 3 1 2 1 2 2 1 2 2 1 2 1 1 3 1 1 3 2 1 2 3 4 1 1 1 2 1 1 2 1 1 2 2 1 1 2 1 1 1 3 1 2 2 2 1 2 1 2 1 1 1 2 3 1 2 2 3 2 1 1 1 2 1 3 1 3 1 3 1 2 1 1 1 2 2 1 1 3 1 2 1 1 1 1 3 2 1 2 2 1 2 1 1 4 1 3 1 1 1 2 2 1 1 2 3 3 1 1 1 2 1 1 2 1 2 1 2 3 2 2 1 3 4 2 2 1 2 1 4 3 1 2 1 2 1 1 2 1 1 2 3 3 3 1 2 1 2 2 1 1 2 2 2 1 1 2 3 1 2 3 1 1 1 4 4 1 3 2 2 2 2 2 1 2 1 4 1 1 2 2 1 1 2 2 1 1 1 3 1 3 2 2 1 1 1 1 1 1 1 3 1 1 3 2 1 3 3 2 3 3 3 2 2 2 1 1 1 1 2 1 1 2 1 4 2 2 3 2 1 1 2 1 1 3 2 2 1 1 3 2 1 3 1 1 2 3 2 1 3 1 2 1 1 2 3 1 1 3 1 1 2 1 1 3 3 1 2 1 4 1 3 1 1 1 1 2 2 3 2 1 1 3 1 2 1 1 2 1 2 4 1 3 1 1 1 4 2 3 1 1 2 1 1 1 2 1 1 1 1 3 3 2 1 1 1 2 3 2 1 2 1 3 1 1 2 2 1 2 1 3 3 2 1 3 1 1 1 1 2 1 1 3 3 1 1 1 1 1 1 1 2 1 2 3 1 1 2 1 1 2 3 1 1 1 2 2 2 3 2 3 1 1 1 2 2 4 2 3 3 1 1 1 1 2 1 1 2 3 1 3 2 2 2 1 1 1 1 1 1 3 1 2 2 2 2 4 1 2 1 4 2 1 1 1 1 3 1 2 3 1 3 1 2 1 2 1 1 2 1 2 2 3 1 1 2 2 2 2 2 1 1 3 2 2 3 3 1 1 2 3 1 1 1 2 1 1 1 4 2 2 2 2 2 2 2 1 4 3 2 1 4 1 3 2 2 1 1 1 1 2 3 2 2 1 1 1 1 1 1 1 1 1 1 1 2 4 2 1 1 1 2 1 2 4 2 1 3 3 1 2 2 1 2 1 1 2 2 3 1 3 1 1 1 1 3 1 2 1 1 2 1 2 3 1 3 1 3 1 1 1 2 1 3 1 2 3 2 1 1 2 1 2 2 1 1 2 2 2 3 3 1 2 2 2 3 1 2 3 1 1 1 1 1 1 1 1 2 1 1 4 1 2 1 1 1 3 1 1 1 1 3 1 1 2 1 3 3 2 2 1 2 1 2 2 2 3 1 1 2 3 1 1 3 1 1 1 1 2 1 2 1 1 1 1 3 1 1 2 1 3 1 2 2 1 2 2 3 3 1 1 1 1 2 1 2 1 2 2 1 2 1 1 2 1 1 2 2 2 1 3 1 3 1 1 2 1 3 2 1 1 3 3 1 1 2 1 1 3 1 3 1 2 1 4 3 1 2 2 3 1 1 1 2 1 1 1 2 3 2 1 1 1 1 2 3 4 2 1 3 1 2 2 1 1 1 1 1 2 1 1 1 2 1 2 1 2 2 2 3 2 4 3 1 2 1 1 2 1 1 3 2 3 1 1 1 1 2 1 2 1 2 2 1 1 4 3 1 2 2 1 1 2 3 2 1 3 1 3 2 1 3 2 2 1 3 1 1 1 3 1 3 1 1 1 1 1 2 1 2 1 1 2 1 1 3 2 1 2 1 1 2 4 1 2 2 1 1 2 2 3 1 1 1 1 1 2 1 2 1 1 1 1 1 2 1 1 1 1 1 1 2 1 1 2 1 1 1 1 3 1 2 3 4 3 2 3 2 2 2 1 1 1 2 1 1 2 3 3 1 1 2 1 1 3 2 1 1 1 2 1 2 3 2 1 1 1 2 1 2 3 1 3 3 1 2 1 3 4 1 1 2 1 2 1 1 1 3 1 1 2 2 1 1 1 2 1 1 1 1 1 2 1 1 1 2 1 1 2 2 1 2 2 2 3 2 2 2 2 1 1 4 3 2 1 1 1 1 1 1 2 1 3 2 1 2 2 1 3 2 3 1 1 1 1 3 2 1 2 4 1 3 1 2 2 2 1 3 3 1 1 1 1 3 3 1 2 1 2 1 1 3 2 4 2 1 1 1 2 1 1 1 1 1 2 3 4 1 1 3 3 1 4 1 1 3 1 1 1 2 1 2 1 2 1 1 1 1 3 1 2 3 1 1 2 1 1 1 1 2 3 1 2 1 2 2 2 2 1 1 1 1 2 1 2 1 2 1 1 3 1 1 1 1 3 1 2 1 1 2 1 1 2 1 1 1 4 2 4 2 1 1 4 2 1 2 1 2 1 2 1 1 3 2 1 2 2 4 2 1 2 2 1 2 2 1 1 2 1 1 1 1 2 2 3 2 3 2 3 2 1 1 1 1 3 1 2 1 2 2 1 1 3 4 1 1 1 2 2 2 1 2 1 1 1 1 2 3 3 2 2 1 3 1 2 2 2 1 1 1 1 2 4 1 3 1 1 1 1 2 1 1 1 3 2 2 1 2 1 1 2 1 1 1 3 3 1 1 3 2 1 1 2 1 1 3 2 1 3 2 1 1 1 1 1 2 2 1 2 2 1 1 1 2 1 2 2 3 3 1 2 3 1 3 3 1 1 2 1 1 2 3 2 2 2 2 3 2 2 2 1 2 1 2 2 3 3 2 2 1 4 3 2 2 3 1 3 1 3 1 4 2 2 2 1 4 2 3 1 2 1 1 1 1 2 1 2 1 2 2 1 2 2 1 2 1 1 3 1 2 2 1 3 2 2 2 3 3 1 4 2 1 3 1 1 1 2 2 1 3 1 1 2 2 1 3 2 1 2 1 2 2 3 1 3 1 2 3 1 1 2 2 2 2 1 2 1 3 2 5 1 1 1 2 2 2 1 1 1 1 1 1 2 1 3 1 3 1 2 1 1 4 3 2 2 1 4 3 2 2 4 1 2 2 1 1 1 1 1 1 3 1 1 1 1 3 1 2 1 1 1 1 2 1 2 2 1 1 2 2 2 2 2 3 2 2 2 1 2 1 1 1 1 1 3 1 2 1 1 3 1 1 1 3 2 3 1 3 3 1 2 3 1 2 2 1 1 1 2 2 2 1 1 2 1 4 1 2 2 1 1 1 1 2 1 2 3 2 1 2 1 3 3 2 1 2 1 2 2 1 4 1 1 1 1 2 2 3 2 1 3 2 1 1 2 1 1 3 3 2 4 1 1 4 2 1 2 1 1 1 2 1 1 3 2 2 2 1 1 2 1 2 2 3 3 1 1 1 1 2 3 2 2 2 1 1 2 3 1 4 1 1 1 1 2 1 1 2 1 2 2 2 2 2 2 1 2 1 2 1 3 1 1 2 1 1 1 1 2 2 1 3 2 2 1 2 1 1 2 1 1 1 2 3 2 1 3 1 2 1 3 2 4 1 1 3 2 2 1 1 1 2 1 1 3 2 3 1 1 4 2 1 3 1 1 1 2 2 1 1 1 1 2 1 1 1 4 2 3 1 3 3 1 1 3 1 1 1 1 2 1 3 2 3 1 1 3 1 1 1 1 1 1 1 1 1 2 1 1 1 2 1 4 1 4 1 2 1 2 1 1 1 1 1 1 1 1 1 1 1 3 2 3 1 1 1 1 2 1 2 2 1 2 1 1 3 2 3 3 3 3 1 3 2 2 2 2 1 3 3 3 1 1 2 3 2 2 2 3 1 1 1 2 1 3 1 1 4 3 1 1 2 3 1 2 3 1 1 1 1 1 2 1 2 2 4 1 3 3 2 3 1 1 1 1 3 1 2 2 2 1 2 1 2 2 1 2 3 1 2 2 2 3 2 2 2 1 3 2 2 2 3 2 3 1 2 2 2 1 1 1 2 1 3 2 1 1 3 3 3 1 1 2 2 1 1 2 1 1 2 1 2 2 1 3 1 1 1 2 1 3 2 1 1 2 1 2 1 3 1 1 1 2 2 1 1 1 1 2 2 1 3 1 1 1 1 1 1 1 3 1 2 1 2 3 1 2 3 2 1 1 1 2 1 2 2 1 2 2 1 2 1 1 1 1 3 2 3 1 2 2 1 1 3 1 1 1 1 3 2 1 1 1 3 4 2 1 2 1 1 1 1 2 3 3 2 2 1 1 2 2 3 1 2 1 2 1 1 1 3 1 1 1 2 1 2 2 2 1 1 2 1 1 3 1 1 1 1 3 2 2 1 3 2 1 1 1 1 1 1 3 1 1 3 3 3 1 2 3 2 1 3 2 1 1 2 1 1 1 2 1 3 1 3 2 1 1 1 1 1 2 1 2 1 1 2 2 1 1 3 4 1 1 2 3 1 1 2 1 3 2 1 2 2 4 1 1 2 1 2 1 1 2 1 1 1 1 1 1 2 1 1 1 1 3 2 1 1 3 1 1 4 2 1 1 4 2 1 1 2 1 2 2 1 2 1 1 1 3 2 1 2 2 1 1 3 2 3 3 1 3 1 3 2 5 1 1 2 2 1 1 2 1 2 2 1 1 1 1 3 1 1 1 2 2 2 1 1 1 1 2 1 2 2 1 1 1 1 1 1 3 1 2 1 1 2 1 1 2 1 1 2 3 1 1 1 2 1 2 2 2 3 1 2 2 3 1 2 1 1 1 2 2 1 1 2 2 2 2 2 2 3 1 1 2 3 1 1 1 1 2 1 1 2 2 3 1 1 2 1 1 2 1 1 1 2 1 2 3 1 3 1 2 2 2 2 3 1 2 2 3 2 2 2 4 1 2 5 1 1 1 2 3 2 2 1 4 3 2 1 2 1 1 3 2 2 2 1 1 3 1 1 3 2 1 1 1 1 4 1 2 1 1 2 1 1 3 1 2 2 1 2 2 2 1 1 1 1 2 1 2 1 1 2 2 1 1 1 2 3 2 3 3 3 3 4 2 3 2 1 1 1 1 1 3 1 1 3 2 3 2 3 1 1 1 1 1 1 1 1 2 1 3 3 1 1 2 1 4 2 1 2 2 3 1 3 1 3 3 2 2 2 3 1 1 1 2 1 2 3 1 2 1 2 1 1 4 1 1 4 1 1 1 1 3 3 1 1 1 2 2 2 1 1 1 1 1 4 2 3 1 4 2 1 2 1 1 3 2 1 1 3 2 3 1 1 1 2 1 1 1 1 4 4 1 1 1 2 1 2 1 2 2 1 1 3 1 3 2 1 2 2 1 1 3 1 1 3 1 3 3 2 3 1 2 3 1 1 1 3 2 2 4 1 1 1 2 3 1 1 1 2 1 2 2 2 1 2 2 1 2 1 1 1 1 2 1 2 3 2 1 1 2 1 1 1 3 2 1 2 2 1 1 1 1 1 3 2 2 3 2 2 3 1 1 1 1 3 2 3 2 2 1 1 1 3 1 3 1 2 2 2 2 1 3 1 1 1 1 1 1 1 1 1 1 2 1 2 1 2 2 1 3 1 1 2 1 1 3 2 3 2 3 2 1 2 1 1 2 2 1 1 2 1 2 1 2 3 1 1 3 2 2 2 1 2 3 1 2 1 1 2 1 2 3 1 2 3 1 2 2 1 2 3 1 1 1 1 1 3 1 1 2 1 2 1 3 1 2 1 3 1 3 1 1 3 2 3 3 3 2 1 2 1 2 3 3 2 3 2 1 1 1 1 4 1 2 1 2 1 3 2 1 2 2 1 1 2 1 2 1 1 3 3 1 2 3 1 2 1 1 2 2 2 3 1 1 1 3 2 3 1 1 1 2 3 2 1 3 1 3 1 2 1 1 1 2 1 1 2 1 1 3 1 3 2 2 3 2 3 1 2 1 2 2 1 1 2 3 1 1 1 1 3 1 1 1 3 1 2 2 2 2 2 1 1 1 1 3 1 3 2 3 2 1 3 1 2 1 2 1 2 3 2 1 2 1 1 1 1 1 1 2 1 1 1 1 1 2 2 2 3 1 1 1 1 1 2 1 1 3 1 2 3 1 2 1 3 1 2 3 2 2 1 1 2 1 2 1 1 1 2 3 1 1 4 3 1 1 2 4 2 2 2 1 2 1 2 1 1 1 2 1 1 1 1 2 1 3 1 4 3 1 2 2 1 2 2 1 2 2 1 1 1 2 2 2 3 2 3 2 2 1 3 2 1 1 2 1 1 2 1 1 3 1 1 2 2 1 2 2 1 1 1 3 2 2 3 2 1 1 2 2 1 1 1 1 1 2 3 2 2 2 1 1 1 2 1 2 3 1 1 1 1 1 1 4 2 3 3 2 2 1 3 2 2 2 2 1 2 4 3 1 3 3 1 1 3 2 1 2 1 1 1 2 2 1 1 3 3 3 1 2 2 1 1 3 3 1 1 1 1 1 1 2 3 2 1 4 1 2 1 3 3 3 2 2 2 2 1 2 2 2 1 1 1 3 2 2 2 1 2 1 3 1 1 1 1 1 2 2 3 1 1 2 1 2 3 3 2 2 1 1 3 2 1 3 2 1 1 1 1 1 3 2 1 1 1 2 3 1 2 1 2 1 1 1 4 3 2 2 1 3 1 1 1 1 2 1 1 1 2 1 2 1 1 1 2 1 2 1 2 1 1 1 1 1 2 2 3 2 2 3 2 3 3 2 2 3 3 2 1 1 1 1 1 2 2 2 2 1 2 1 3 2 1 3 1 3 2 3 2 3 1 2 1 1 1 2 2 1 1 2 3 2 1 2 2 2 1 1 1 2 2 1 1 2 2 2 4 1 2 2 1 3 1 2 1 2 1 1 1 2 2 1 1 1 1 1 1 2 2 2 1 2 2 3 1 2 2 1 2 1 2 1 3 1 2 1 1 2 2 1 1 2 1 1 2 1 1 1 1 4 4 1 1 3 2 2 2 2 2 2 1 1 2 1 3 1 4 1 1 2 3 3 2 1 3 1 2 3 1 1 3 2 1 2 1 1 1 2 2 3 1 3 1 3 1 2 1 1 2 1 2 1 2 2 1 1 2 1 1 1 2 2 2 1 1 4 1 3 1 1 3 2 1 2 1 2 3 1 1 3 2 1 4 4 1 4 3 2 1 2 1 1 1 1 1 2 3 1 1 1 1 1 3 1 2 1 2 1 1 2 1 1 1 2 1 1 3 2 1 2 1 1 1 1 1 1 2 3 3 2 2 1 2 1 1 1 1 2 1 3 2 3 1 1 4 1 2 2 2 1 1 1 2 1 3 2 3 3 1 1 1 1 1 2 1 1 2 1 2 1 2 1 1 1 2 3 1 2 2 1 1 1 1 2 1 1 1 2 1 2 1 1 3 1 1 1 1 1 2 2 4 3 2 1 2 4 2 1 1 2 3 1 2 2 2 3 1 1 3 2 2 2 1 1 3 2 1 2 2 1 1 1 1 1 1 3 3 1 3 1 1 1 2 1 1 2 1 1 3 1 1 1 1 2 
