m 2400
2 124 426 
4 75 719 1685 2018 
0 
3 564 2174 2321 
6 114 298 705 742 1436 2146 
6 534 696 1466 1620 1749 2174 
3 131 1241 1305 
3 409 953 2140 
3 1690 1830 2268 
3 860 1404 2135 
3 617 1114 2067 
1 1653 
7 221 344 346 378 1665 1903 1934 
7 120 282 292 365 488 646 950 
1 2210 
3 376 380 463 
4 268 536 974 2279 
2 723 1912 
2 1975 2390 
4 386 432 1012 1228 
3 167 924 1053 
1 1432 
5 552 822 934 1322 1976 
1 1012 
1 240 
2 1512 2190 
2 1717 2302 
3 873 1139 1870 
4 57 1671 1685 2374 
4 121 1107 1585 1957 
4 672 901 1028 2020 
4 79 787 1087 2329 
2 713 772 
3 733 827 2353 
1 1368 
3 322 722 1416 
1 1008 
2 359 2233 
4 187 353 1081 1485 
1 1644 
2 215 1666 
3 706 943 2194 
2 1660 1875 
3 291 341 1577 
0 
3 1472 1932 2302 
2 993 1243 
1 2203 
4 72 419 1500 1791 
1 1187 
2 842 1181 
5 308 464 880 1245 1543 
5 650 764 849 1021 1564 
5 335 605 676 1037 1279 
4 183 591 1154 1793 
2 1226 2268 
1 1503 
4 28 636 1625 2004 
2 1072 1760 
3 398 969 1260 
3 93 728 1526 
3 447 929 1535 
3 538 1343 2217 
7 111 172 304 873 916 2212 2377 
1 950 
3 200 346 2169 
1 1494 
2 408 2363 
0 
1 2294 
0 
2 897 1371 
4 48 359 1878 2153 
2 632 997 
4 305 1510 1872 1895 
1 1 
3 402 1352 1886 
1 2070 
0 
3 31 537 2090 
2 908 1914 
3 638 673 1565 
0 
1 607 
3 357 1727 1749 
4 140 894 1376 1799 
1 1352 
4 831 1253 1488 1609 
4 341 1040 1171 1996 
0 
1 741 
0 
3 542 1363 1764 
2 60 1236 
2 291 324 
3 555 678 2124 
2 459 2062 
2 2162 2227 
1 2211 
3 534 905 1938 
3 248 1223 1845 
2 1723 2038 
1 1748 
2 1009 1927 
2 533 1576 
1 1677 
1 1634 
1 1500 
2 1302 1890 
2 759 1665 
1 1867 
2 63 1275 
1 569 
2 1767 1939 
5 4 564 797 812 1063 
3 218 281 864 
1 2119 
2 562 1286 
3 556 1895 2225 
0 
8 13 197 996 1347 1477 1502 1851 2316 
1 29 
4 670 890 973 1197 
3 144 336 1884 
3 0 1169 1430 
1 1378 
3 579 1347 1680 
2 354 1558 
1 1162 
2 581 1455 
3 160 386 1762 
4 6 173 1167 1774 
5 167 640 1033 1069 1904 
3 139 1436 1631 
2 489 1141 
1 553 
2 176 1401 
2 656 1858 
1 776 
4 133 1343 1900 2254 
3 85 1392 1503 
2 246 816 
3 744 1853 2359 
2 204 2181 
2 123 967 
0 
3 2019 2204 2341 
3 402 835 1162 
1 760 
1 2345 
0 
1 528 
2 1100 2308 
5 829 1047 1300 1817 1884 
1 263 
2 363 392 
1 726 
0 
1 1450 
4 707 711 1962 2162 
4 130 951 1626 1776 
4 1819 2108 2204 2387 
4 650 935 1243 1953 
1 437 
3 594 942 1856 
0 
3 244 609 2115 
3 20 132 2121 
2 278 1524 
2 248 2028 
2 249 1016 
2 704 2288 
2 63 2067 
3 131 849 2029 
2 257 2360 
3 818 1270 2051 
1 136 
0 
2 1576 2140 
2 1263 1942 
0 
0 
2 849 1718 
4 54 1024 1120 1560 
3 372 1130 1295 
2 1469 2090 
3 824 1059 2399 
5 38 601 717 1916 2327 
3 337 1346 2118 
1 443 
2 415 540 
3 229 878 2106 
2 600 1133 
3 912 1259 1336 
3 392 486 1415 
0 
3 943 1181 2309 
4 120 421 1326 1851 
2 368 490 
2 658 836 
5 65 541 977 1195 1834 
3 418 924 1922 
4 525 983 1400 1598 
3 442 1516 1852 
2 143 2267 
3 268 2137 2343 
0 
2 1092 1569 
4 821 1508 1538 2084 
1 2274 
3 1123 1420 1933 
0 
0 
1 1830 
0 
3 40 589 933 
1 1473 
0 
3 115 783 893 
1 1842 
1 989 
2 12 587 
2 1997 2272 
2 489 1823 
1 675 
3 469 652 1711 
2 672 1108 
2 831 2063 
1 2156 
2 191 2330 
0 
1 2296 
0 
0 
1 644 
2 1588 1660 
2 746 1072 
3 621 784 1191 
5 314 528 1243 1795 2101 
2 752 1316 
2 24 1800 
0 
4 843 909 1104 1158 
3 381 846 1324 
2 166 2218 
1 1454 
6 141 303 978 1005 1029 1823 
3 693 1220 1717 
2 100 169 
4 170 758 999 1109 
2 1293 2026 
3 1076 1247 1829 
0 
1 2167 
4 340 1504 1548 2201 
1 555 
3 1385 1801 2359 
3 174 291 1482 
1 1097 
1 1132 
5 500 661 1146 1545 1754 
1 2220 
1 271 
1 154 
2 1600 2162 
4 537 568 738 1025 
3 849 966 1856 
5 558 688 865 1311 1412 
3 16 205 2174 
1 1164 
2 631 1901 
8 262 943 969 1040 1048 1462 1846 2168 
4 325 561 2094 2204 
5 639 1438 1488 1691 1817 
0 
2 1434 1845 
1 1074 
1 1710 
4 168 624 1343 2188 
4 596 691 985 1942 
2 432 2257 
2 115 393 
1 13 
2 1596 2080 
3 704 1531 2007 
3 308 542 842 
1 823 
3 1229 1836 2155 
2 1683 2266 
2 1769 1980 
2 1526 1649 
3 43 94 257 
3 13 835 1571 
3 491 573 2233 
6 478 1539 1552 1587 1892 2366 
4 1179 1534 2342 2367 
2 984 1281 
1 2096 
6 4 488 1641 1741 2323 2381 
0 
3 1282 1948 2186 
2 529 1929 
1 424 
2 246 1266 
4 63 405 1206 1923 
4 74 397 516 1836 
2 688 1654 
1 1496 
2 51 285 
2 1057 1872 
2 1549 2227 
2 1504 1699 
3 1269 2225 2338 
1 883 
1 238 
3 1169 1236 1586 
2 1054 1549 
2 645 1888 
3 1035 1482 1806 
1 1617 
2 852 1143 
4 949 1240 1943 2356 
5 35 514 567 685 1580 
2 505 671 
3 94 1339 1866 
2 272 1683 
3 528 1685 2149 
4 481 650 1239 2358 
1 1916 
2 452 1189 
1 1351 
2 1047 2349 
3 965 1550 2001 
5 364 856 870 1251 1637 
2 2013 2200 
2 53 2126 
2 123 2235 
3 188 418 1424 
5 608 998 1318 2109 2282 
4 1338 2264 2306 2360 
2 254 2042 
4 43 88 972 1915 
2 1318 2230 
3 610 1355 2065 
4 12 418 814 1389 
3 960 1174 1291 
4 12 65 1590 2009 
3 1244 1604 1637 
5 815 1398 1722 2251 2356 
2 1184 1616 
2 1639 2224 
0 
1 1694 
4 38 2008 2108 2126 
3 127 904 1277 
2 1801 2008 
2 438 1168 
6 84 786 1195 1482 2204 2355 
1 2061 
3 37 72 567 
0 
2 1341 2105 
2 769 1131 
2 155 475 
2 333 1427 
1 13 
4 570 1804 2177 2297 
2 1404 1672 
3 198 518 1996 
2 701 2262 
2 919 1375 
2 1007 2246 
1 184 
2 720 2287 
1 788 
2 1014 1333 
1 15 
3 976 1110 2094 
4 12 542 957 992 
3 1551 1867 2260 
3 15 776 794 
3 243 843 1908 
3 729 1019 2148 
4 473 1032 1104 2093 
4 754 925 1210 2202 
2 1294 2379 
5 19 130 1765 1940 2040 
0 
3 419 2017 2172 
0 
1 790 
4 443 719 816 1884 
5 155 194 419 1483 1535 
4 281 989 1630 2076 
3 398 476 2313 
2 1212 1704 
2 757 2185 
2 305 1847 
4 59 394 1042 1447 
0 
3 929 1114 1265 
3 563 2214 2296 
3 76 147 1707 
3 1582 1609 2182 
1 471 
3 304 454 1294 
3 1019 1511 1923 
1 2035 
3 67 731 2251 
4 7 765 926 1294 
2 1805 2215 
1 507 
4 779 1717 1998 2360 
3 509 1176 1583 
2 912 1308 
3 190 826 1774 
2 611 960 
2 1292 2104 
5 201 337 344 895 1426 
6 48 388 392 968 1162 1803 
3 879 1274 1966 
5 197 674 1325 2232 2289 
1 1786 
3 691 1108 1161 
2 302 2034 
1 597 
3 0 1235 1285 
0 
2 1368 2049 
4 1461 1594 1688 2331 
1 1516 
1 1729 
3 19 280 2193 
1 1508 
1 2066 
2 1016 1230 
2 953 1953 
3 163 1761 2190 
3 356 1683 1877 
2 1320 2176 
2 1471 1648 
1 2036 
3 203 815 2182 
7 189 391 712 999 1610 1745 1997 
2 834 2122 
1 1589 
4 1101 1253 1478 2029 
4 61 772 1041 2383 
2 1179 1719 
0 
2 1133 1240 
1 1994 
3 329 1089 1150 
2 668 1034 
6 405 1066 1791 1883 1992 2077 
5 796 1439 1833 1837 2369 
0 
4 638 749 1073 2309 
1 665 
3 96 1450 2247 
0 
3 1237 1443 2103 
3 834 1683 1709 
2 15 1593 
2 51 2237 
2 614 1448 
1 1829 
0 
3 595 1853 1980 
1 225 
4 647 904 1530 1796 
1 404 
1 2060 
3 383 748 1263 
3 589 1740 1930 
2 363 558 
2 394 1512 
4 726 919 1646 2147 
6 294 915 1713 1796 1926 2377 
2 482 1609 
4 932 1505 1758 2152 
3 327 1101 1920 
7 479 723 798 953 1171 1349 2136 
2 528 847 
2 501 1777 
4 527 1038 1315 1596 
3 194 1005 1815 
1 1368 
4 13 298 492 940 
3 134 223 892 
2 198 2130 
6 293 870 1193 1581 1797 2254 
4 488 1282 2227 2362 
0 
2 576 1525 
4 941 1052 1917 2089 
3 918 1097 1845 
1 1410 
2 1148 1480 
2 1362 1424 
1 260 
3 484 803 1184 
2 1031 1666 
3 1321 1989 2224 
1 1926 
2 323 2107 
2 1044 1346 
1 411 
1 1895 
2 413 682 
1 2221 
2 722 994 
6 549 1387 1440 1819 2006 2029 
3 570 651 2012 
6 322 526 578 684 1943 2000 
2 846 2369 
2 305 2116 
3 1167 1710 1875 
4 368 867 964 2190 
0 
3 637 1375 1657 
2 750 2390 
1 1124 
5 1126 1333 1716 2136 2176 
4 976 1007 1083 1513 
1 202 
2 514 1403 
1 485 
5 151 238 326 483 1454 
1 301 
1 2169 
4 1628 1698 1852 1966 
2 706 1695 
3 104 1245 1359 
5 5 99 911 1367 2369 
2 2050 2244 
2 16 1800 
4 79 265 1276 1679 
3 62 1019 2007 
3 946 1385 2184 
3 190 1722 1947 
1 200 
3 92 285 378 
2 1995 2257 
1 1243 
0 
1 978 
1 1656 
2 1494 2251 
3 512 1746 2383 
2 1583 1967 
3 1343 1940 2392 
5 22 946 1023 1845 2335 
2 135 1464 
2 2351 2361 
5 95 255 1388 2153 2214 
5 118 585 636 1697 2293 
2 815 1531 
3 267 475 666 
3 1054 1131 1553 
2 1852 2235 
2 272 1388 
3 117 659 2140 
2 401 1981 
2 3 114 
2 1316 1459 
3 1308 1467 1828 
4 322 359 2222 2228 
3 265 1259 1361 
4 112 811 1223 1651 
4 366 513 2017 2283 
3 972 1678 2388 
4 1985 2117 2143 2295 
3 293 930 1397 
3 690 1506 1912 
0 
4 494 624 1690 1780 
0 
2 514 609 
2 126 1256 
1 1472 
3 129 1027 1093 
3 950 1981 2383 
1 1201 
3 974 995 2064 
2 556 1063 
1 1322 
2 221 1683 
0 
3 215 474 1687 
1 1732 
2 54 2394 
0 
3 821 1046 2350 
2 164 1837 
3 468 825 1997 
2 279 2100 
2 425 1133 
1 636 
0 
1 192 
3 187 619 1025 
1 1887 
0 
0 
4 53 650 861 2266 
0 
2 83 1125 
4 338 1521 1834 1845 
5 166 578 1678 1698 2195 
2 343 1221 
2 416 1390 
2 1117 1689 
2 1209 1696 
4 465 618 1547 2396 
0 
2 1216 1723 
5 10 665 1275 1498 1851 
2 614 1496 
2 601 1667 
3 867 1446 2010 
3 237 2088 2296 
1 2174 
0 
4 278 576 844 1494 
1 2381 
1 815 
6 872 1488 1859 2015 2247 2312 
0 
4 1325 1476 1797 2218 
0 
4 270 1425 1619 1732 
3 73 799 1815 
0 
2 649 1341 
0 
6 57 556 598 763 770 1511 
3 520 730 830 
4 81 457 2134 2302 
2 273 1276 
4 132 779 1164 1190 
1 815 
2 1097 1122 
4 766 1423 2052 2384 
2 234 2314 
3 317 1574 1825 
4 13 1269 1802 2178 
3 470 742 1897 
0 
3 634 781 2120 
7 52 162 327 605 1499 1696 1940 
1 513 
2 225 780 
3 1111 1592 1686 
1 1161 
1 1117 
4 137 1227 1841 1937 
1 1645 
2 199 1776 
1 562 
1 737 
3 260 928 1088 
2 1248 1369 
0 
5 711 740 1632 2028 2328 
3 458 617 780 
2 558 714 
1 2270 
3 453 1488 2025 
2 747 1697 
4 122 1634 1896 2048 
2 323 1746 
4 30 226 1479 1603 
3 81 1120 1525 
1 421 
4 224 713 765 1672 
3 53 922 1176 
2 1400 1806 
2 95 2221 
2 860 2278 
1 1209 
1 1474 
6 509 721 963 1114 1155 1953 
2 997 1235 
2 514 2003 
4 322 1998 2315 2327 
1 925 
2 905 1626 
4 267 306 1545 1935 
2 1483 1927 
3 574 2072 2116 
4 279 423 1679 2386 
2 1253 1568 
2 247 1612 
1 1018 
4 700 876 1464 1623 
3 5 835 1010 
1 967 
4 1028 1317 1911 1963 
0 
4 695 823 1295 2181 
2 369 1521 
3 956 1572 2251 
3 1136 1601 1914 
6 171 284 805 1006 1045 2361 
4 4 1613 2192 2295 
4 41 532 1590 1994 
1 159 
2 882 1377 
1 2183 
1 1956 
4 159 664 762 2062 
3 443 944 1831 
5 32 675 732 1660 2287 
1 666 
3 1028 2052 2288 
3 794 827 2353 
3 187 1316 2395 
0 
3 1 391 1495 
2 373 2371 
5 682 948 1637 1977 2134 
5 35 511 1184 1403 2316 
3 17 482 1890 
2 2139 2334 
1 2036 
4 156 477 754 1799 
4 1042 1172 1494 2206 
2 60 1852 
2 382 2092 
2 637 2242 
2 408 1390 
4 713 1187 1395 1652 
4 33 746 971 1048 
0 
2 872 1547 
0 
2 660 993 
4 265 1716 1884 1999 
0 
3 664 972 1404 
1 90 
2 4 647 
2 976 1456 
1 142 
2 1727 2061 
5 236 733 801 1639 2397 
2 669 939 
3 473 843 2308 
4 457 1349 1400 1742 
2 521 2344 
3 786 1199 1629 
2 239 1873 
2 1629 1933 
6 384 726 1443 1711 1759 2272 
3 1476 1505 1593 
0 
1 396 
5 249 1125 1173 1899 1973 
5 109 969 1039 1116 2364 
2 148 2116 
2 1320 1427 
2 711 2008 
3 636 930 2344 
4 52 782 1442 2276 
3 409 675 857 
3 643 1787 1895 
3 827 1026 1934 
2 946 1063 
3 362 915 1944 
3 636 2082 2096 
0 
3 32 447 2134 
3 1226 1721 2346 
2 1984 2023 
2 1251 1331 
4 138 380 951 2042 
2 1690 2399 
5 834 1410 1442 1454 1611 
5 412 640 808 1108 1430 
5 652 665 917 991 2311 
2 649 1668 
2 764 1678 
5 218 859 1661 2011 2396 
4 237 1994 2132 2227 
1 1199 
5 357 751 1355 2111 2169 
2 31 929 
3 374 1080 2046 
1 927 
2 390 1944 
1 1931 
0 
0 
5 380 716 1413 1556 2003 
1 2233 
2 455 2216 
4 114 1064 1228 2162 
2 482 1266 
3 632 1183 1398 
1 2230 
4 746 1958 2169 2380 
4 1090 1267 1760 1999 
3 501 1357 2367 
0 
1 704 
3 996 1663 1762 
2 1525 2051 
2 779 1184 
2 1194 2058 
5 1051 1564 1740 2107 2360 
2 569 906 
2 114 1185 
0 
2 344 1377 
8 348 442 557 626 641 1118 1680 1716 
5 141 391 1744 1953 2037 
2 1769 2305 
7 175 1155 1266 1747 2020 2168 2278 
1 2334 
2 827 1826 
4 208 593 1240 1970 
3 22 1700 1968 
2 286 700 
3 186 1426 1948 
2 595 2338 
4 415 1034 1387 1834 
5 33 716 767 820 951 
3 1190 1363 2109 
3 153 1809 2007 
4 637 1167 1853 2299 
3 87 227 1132 
1 2349 
1 1351 
4 444 462 778 1311 
4 147 292 696 2350 
4 199 1941 2024 2076 
0 
0 
2 1267 2159 
1 1619 
4 1412 1811 1961 2149 
2 50 285 
4 242 381 748 1161 
2 624 1070 
6 905 939 1099 1208 1927 2303 
3 243 515 1076 
3 483 869 1499 
1 1201 
4 52 173 182 266 
2 1504 2145 
1 2043 
5 320 974 1094 2117 2246 
2 1807 2330 
0 
1 1182 
5 333 1453 1530 1549 2174 
2 765 2355 
1 1533 
2 783 1593 
4 9 679 879 2037 
1 605 
3 1580 1760 1778 
1 2342 
2 115 1397 
2 267 1647 
2 1282 1685 
6 518 620 1353 1820 1996 2304 
3 1055 1345 1933 
2 847 1248 
7 333 491 976 1027 1625 2173 2352 
3 1283 1497 2303 
3 627 735 1725 
2 27 63 
2 932 2011 
1 1141 
3 695 1173 2085 
3 1432 1829 2054 
3 191 1900 2128 
3 420 860 1207 
5 51 897 1663 1840 2253 
1 2387 
1 708 
3 313 1010 1474 
3 984 1546 1749 
0 
1 1417 
7 985 1013 1410 1484 1671 2000 2352 
0 
3 1274 1749 2319 
2 122 2146 
1 1691 
4 489 919 1730 1980 
3 218 1163 1415 
4 85 1222 2080 2331 
3 418 1545 1890 
1 2236 
5 71 880 1649 1794 2140 
3 1482 1865 1934 
0 
0 
1 30 
2 1073 2335 
1 1522 
3 354 470 1801 
5 99 687 845 1974 2165 
2 811 1680 
1 2122 
1 80 
2 242 1599 
0 
3 534 1473 1802 
2 193 414 
1 1181 
1 1811 
3 478 769 2164 
2 63 1822 
3 780 1674 1897 
3 496 1397 2164 
4 370 477 892 1905 
1 2000 
3 1215 1377 2233 
1 676 
0 
4 20 201 1046 1618 
6 384 686 1429 1617 2020 2208 
4 409 1609 2233 2384 
1 789 
3 661 1288 2151 
4 61 400 787 2307 
5 573 763 1229 1300 2386 
3 2066 2099 2255 
3 480 874 1537 
5 215 1397 1842 1854 1920 
5 22 2091 2172 2189 2386 
3 162 1974 2046 
0 
2 1141 1355 
0 
5 747 845 1024 1207 1240 
2 488 2358 
1 495 
4 164 1037 1669 2105 
5 41 196 271 1799 1977 
4 712 1147 1628 2180 
3 1667 1833 2163 
5 539 552 768 1687 2109 
3 1148 1549 2123 
2 721 1296 
2 321 1759 
4 13 64 582 2390 
5 160 776 827 1061 1991 
1 988 
5 7 436 482 1403 2292 
3 1336 1679 2050 
0 
2 702 1877 
2 378 2145 
0 
1 1739 
5 345 416 1066 1504 1649 
1 1338 
0 
6 682 1053 1274 1665 1714 2323 
3 518 1886 2163 
1 332 
2 266 1533 
2 144 697 
1 419 
4 59 271 759 1613 
3 1058 1832 2344 
1 733 
6 341 571 740 980 1180 1710 
3 122 1468 1831 
3 16 584 852 
2 1178 2087 
8 377 524 743 870 1414 1693 2131 2275 
2 200 1530 
3 246 546 1096 
0 
1 972 
0 
1 1591 
3 202 1453 1853 
2 296 884 
4 279 887 1414 1841 
0 
3 1075 1449 1833 
4 952 1738 1993 2190 
3 220 393 1293 
1 2035 
1 780 
3 378 2125 2211 
2 46 737 
4 511 1155 1328 1494 
4 584 1936 2142 2218 
3 120 806 1502 
2 73 683 
2 338 2154 
3 249 443 1903 
3 1936 2279 2369 
2 1210 2260 
3 1531 1641 1817 
0 
2 1251 1386 
2 246 486 
1 704 
4 371 524 1541 1687 
2 36 2179 
2 103 1529 
5 696 883 1053 1234 2115 
2 1045 1287 
5 19 23 1073 1755 2270 
2 887 1330 
2 375 1713 
2 1395 2122 
3 170 435 1466 
0 
2 694 1348 
10 382 406 538 1332 1577 1758 1879 1981 2057 2388 
2 1329 2249 
1 52 
1 1525 
4 552 1164 1330 2275 
3 183 939 2018 
2 265 601 
2 767 1164 
3 581 870 1484 
3 30 698 715 
2 246 1103 
1 1477 
3 502 1438 1962 
7 383 1173 1377 1901 2110 2306 2345 
1 132 
4 453 826 1222 1278 
3 318 1391 1692 
1 1588 
4 53 942 1290 2268 
1 485 
1 759 
2 88 271 
2 447 2264 
5 398 727 1391 1394 1477 
1 1580 
2 506 1371 
4 704 1011 1970 2232 
3 593 924 1506 
3 153 331 2182 
2 271 733 
7 1138 1670 2112 2217 2255 2263 2355 
1 1275 
1 810 
3 495 2090 2123 
3 20 963 1010 
4 316 559 1284 2047 
2 868 2362 
1 1251 
3 309 1169 1551 
5 970 1299 1941 2261 2303 
2 186 1708 
1 1825 
3 951 2243 2346 
1 2173 
3 114 585 768 
2 797 1876 
0 
2 454 960 
1 1748 
1 2208 
1 132 
2 844 1739 
1 1250 
5 58 236 1299 2202 2254 
6 457 902 1012 1286 1410 1561 
4 276 1374 1383 2191 
2 987 1532 
2 251 846 
2 1373 2131 
0 
0 
4 788 1208 1375 2396 
1 38 
1 1723 
1 524 
0 
0 
0 
3 31 1589 2368 
1 661 
1 452 
2 802 2049 
1 2068 
2 207 1925 
4 581 1333 1953 2388 
1 852 
2 1931 2069 
2 978 1638 
4 258 496 642 1219 
1 2053 
1 845 
2 152 1334 
4 446 481 1517 1748 
2 1411 2187 
3 1029 2013 2147 
3 242 383 1706 
1 1717 
1 1827 
2 29 1958 
4 226 423 779 1361 
3 249 1388 1961 
1 377 
1 653 
2 1987 2027 
2 1191 1669 
6 10 400 682 1203 1231 1956 
2 1739 2149 
1 759 
3 612 655 1936 
2 815 1648 
1 1492 
2 183 673 
3 1247 2113 2253 
4 642 1250 1484 1625 
4 210 1231 1412 1998 
2 522 2054 
3 607 758 1707 
1 523 
1 1559 
1 1659 
1 2332 
2 184 2170 
5 362 559 1140 2022 2287 
2 259 831 
4 192 450 597 1475 
1 1295 
1 1890 
2 703 2251 
1 1392 
5 1049 1486 1603 2264 2361 
3 27 1295 1689 
1 1131 
3 134 875 937 
0 
2 320 1725 
2 1580 1848 
0 
1 260 
2 944 1766 
2 498 947 
3 1242 1901 2062 
2 452 1946 
1 2314 
1 1528 
0 
1 54 
4 682 818 994 1336 
0 
2 1507 1797 
4 242 1851 2234 2304 
1 1529 
1 1433 
6 423 654 843 1354 1774 2372 
3 128 147 419 
1 893 
4 269 640 1023 1026 
3 1771 1968 2194 
0 
5 131 517 830 1806 1963 
1 356 
3 124 315 1057 
2 1875 1958 
3 88 482 1201 
2 727 2118 
4 758 876 1032 1771 
1 345 
2 1182 1788 
3 413 676 1435 
0 
3 975 2161 2236 
3 295 448 1907 
2 972 1899 
7 50 196 913 1595 1917 2027 2056 
4 855 1175 1428 2325 
1 799 
6 349 501 722 808 1189 1513 
3 812 1828 1911 
1 2376 
4 49 732 1627 1944 
0 
2 329 1184 
7 640 828 1502 1570 1683 1805 2019 
2 237 1113 
2 1376 1668 
3 491 1241 1323 
2 809 2112 
3 200 357 1264 
1 1767 
2 122 2361 
2 1390 1520 
3 751 785 2301 
0 
4 583 848 1171 1206 
0 
2 1114 1860 
0 
3 1251 2112 2342 
3 304 1201 1382 
4 879 939 2030 2131 
3 845 1080 2132 
3 613 680 1323 
4 384 1001 1328 1827 
1 2121 
4 395 1994 2003 2290 
2 1341 1344 
0 
3 921 1898 2129 
2 616 1553 
1 1361 
3 1514 1811 1964 
3 1097 1578 2035 
2 247 2037 
1 610 
3 894 1034 1944 
3 100 569 2102 
1 1316 
1 1836 
3 55 773 1703 
3 656 1614 1765 
4 19 797 1601 1634 
2 287 930 
1 435 
3 1114 1123 1973 
0 
4 1299 1363 1968 2051 
4 1010 1516 1541 2152 
3 426 683 1777 
3 93 315 1451 
1 461 
0 
2 327 1360 
7 321 450 821 939 1357 1698 2070 
2 6 1193 
4 1149 1742 1798 1947 
7 46 162 238 544 1297 2103 2183 
2 347 1477 
3 51 533 2096 
1 2368 
3 251 1121 2212 
4 662 869 1640 1692 
1 2067 
4 1071 1122 1900 2195 
6 333 775 1004 1056 1205 1338 
1 2028 
3 87 446 692 
1 2308 
2 2045 2396 
1 579 
0 
0 
3 193 568 1868 
3 59 1776 2113 
2 2008 2045 
0 
3 179 473 1898 
2 1195 2245 
4 400 1373 1457 1640 
4 303 798 818 1548 
3 802 839 1406 
0 
6 312 646 1477 1774 2141 2225 
2 175 2379 
0 
1 1889 
0 
4 420 889 963 1791 
5 111 617 1050 1467 2067 
2 537 639 
3 354 1419 1636 
2 1034 1727 
2 53 1891 
1 1708 
2 296 2160 
7 300 492 866 2034 2129 2134 2308 
2 871 1944 
4 1054 1434 1566 2014 
1 426 
2 117 1073 
4 1011 1424 1711 2060 
3 928 1930 2321 
2 1357 1816 
2 1037 2162 
1 345 
4 417 1385 1648 1929 
2 250 989 
4 385 405 409 1640 
8 184 700 1134 1139 1369 1460 1853 2374 
3 948 1455 1513 
5 1243 1613 1996 1998 2062 
0 
6 1058 1072 1233 1689 1717 1993 
3 153 930 2263 
1 1513 
1 108 
1 1962 
1 2111 
3 6 1571 2002 
0 
1 2367 
5 414 566 1545 1787 2202 
1 1560 
2 1554 1877 
3 267 834 1323 
2 1523 1614 
0 
1 1639 
4 485 1564 1948 2243 
5 239 565 717 1224 1823 
1 698 
3 338 342 1545 
1 2365 
5 439 761 1578 1910 2125 
3 503 1710 2228 
2 22 586 
3 1193 1209 1311 
2 243 1894 
2 421 629 
2 197 2024 
3 1785 1816 2066 
5 994 1210 1765 2109 2238 
1 1020 
3 1013 1023 2061 
3 775 1606 1701 
2 1019 2331 
3 375 523 1093 
2 1100 1874 
0 
3 193 954 1155 
2 1755 2166 
4 339 961 1251 2307 
3 324 1693 1733 
1 1877 
3 361 634 1213 
1 2264 
7 62 139 278 551 1411 1896 2251 
2 1213 1456 
2 868 1691 
3 188 506 2226 
2 120 126 
1 1018 
4 482 749 1422 1918 
0 
2 330 833 
4 76 86 1629 1969 
3 867 1444 1467 
1 1161 
5 343 786 937 1807 2161 
1 1572 
3 803 1240 1289 
2 1388 2355 
2 533 2219 
1 1239 
5 568 1108 1217 1899 2333 
1 499 
5 92 828 1233 1719 2390 
0 
0 
0 
2 534 1686 
6 34 428 487 1782 1955 2106 
3 662 1295 1481 
1 1893 
2 71 1044 
0 
2 1077 1265 
1 1074 
5 370 520 1080 1661 2381 
3 85 1192 1664 
6 708 814 921 1032 2149 2269 
1 125 
2 2037 2139 
0 
0 
1 1206 
1 1074 
1 2144 
4 256 539 1292 1386 
3 1004 1385 2227 
2 512 826 
4 555 561 1109 1358 
2 344 1522 
4 611 731 1198 1588 
3 1035 1042 1698 
5 140 1137 1469 1632 1912 
2 1558 1854 
5 1042 1566 1943 1988 2173 
4 732 1015 2188 2357 
1 2239 
7 573 864 918 933 1609 1947 2235 
2 348 799 
1 1819 
3 202 677 749 
1 136 
0 
4 526 722 953 1475 
3 9 367 740 
0 
3 1267 1660 1849 
2 2310 2369 
0 
0 
4 497 778 887 1073 
2 1102 1343 
5 267 841 1123 1762 2307 
1 794 
2 976 985 
2 194 893 
1 35 
3 886 1463 1791 
4 1580 2019 2189 2249 
1 1277 
2 210 1877 
0 
3 1349 1448 1570 
2 643 2007 
5 337 499 1287 1628 1788 
2 631 2049 
4 418 824 1434 1867 
2 364 761 
1 1182 
1 925 
4 124 779 1657 2172 
2 1563 2049 
2 21 877 
1 1160 
4 275 1284 1426 1897 
2 1176 1810 
3 4 133 2090 
1 2195 
2 273 1031 
2 455 1541 
3 512 1778 1934 
0 
3 764 778 2136 
2 461 754 
3 1353 1839 2276 
0 
3 620 1626 1712 
3 398 1512 1921 
3 465 1422 1805 
1 987 
4 158 459 1459 1877 
2 1236 2122 
1 2009 
4 856 983 1495 1897 
3 245 528 778 
2 129 1296 
4 743 1344 1861 1982 
3 1265 1636 2070 
0 
3 565 1450 2293 
4 1295 1485 1667 1980 
3 429 1975 2215 
1 271 
2 1417 1697 
2 553 695 
4 1486 1521 1620 2176 
2 5 1016 
4 566 1275 1353 2048 
1 973 
3 185 1392 1821 
0 
1 440 
2 45 580 
3 216 911 2315 
4 681 883 1593 2204 
2 1133 1403 
2 629 755 
6 120 1030 1042 1244 1269 1574 
2 446 2154 
1 672 
1 498 
1 1369 
7 257 318 357 898 1752 1988 2249 
3 392 689 1886 
6 887 1027 1122 1535 1576 1806 
2 38 1460 
3 1138 1465 2039 
1 2187 
6 87 273 627 668 1621 2150 
1 1808 
1 1850 
0 
4 1119 1546 2025 2190 
0 
7 66 548 624 727 994 1718 1738 
2 719 1453 
4 307 618 1500 1799 
1 871 
1 617 
4 650 847 1788 1914 
4 48 107 1496 1954 
0 
3 120 996 1190 
2 56 140 
4 254 311 850 960 
2 480 755 
3 574 1046 2108 
3 1157 1567 2279 
2 208 433 
1 2191 
2 74 2273 
5 406 636 1602 2132 2144 
3 25 476 1447 
4 524 1184 1296 1301 
1 1218 
2 1630 1922 
3 203 430 1234 
3 1101 2011 2159 
0 
0 
3 1198 1590 2239 
4 608 701 1465 2280 
2 903 1389 
4 1312 1735 2211 2315 
2 168 2028 
5 494 673 807 1022 2057 
3 60 290 1577 
1 2075 
1 1152 
3 1009 1159 2230 
4 470 856 977 2348 
6 284 557 1002 1979 2217 2371 
1 1075 
3 858 966 1676 
4 295 1677 1813 1844 
4 61 392 1484 1777 
1 2345 
1 932 
3 208 1815 1882 
1 294 
1 2386 
3 1007 1234 1439 
0 
2 51 1898 
1 2198 
5 260 688 895 1308 1318 
3 884 1492 1762 
4 614 735 1639 2376 
2 254 1266 
4 310 316 856 947 
1 332 
5 379 1057 1726 1863 2176 
2 294 1611 
2 559 1216 
1 1310 
1 2312 
1 794 
2 1894 2367 
2 127 1393 
1 1127 
2 183 1309 
3 1073 1998 2176 
0 
3 1431 1839 2274 
4 52 810 1315 2369 
2 81 2035 
4 1284 1394 1910 2215 
1 1507 
1 692 
2 207 2269 
2 1190 1422 
3 292 1305 1895 
2 702 1356 
0 
2 645 1477 
2 1770 2265 
3 104 178 1484 
3 43 1019 1526 
2 1219 1320 
2 1633 1927 
5 322 862 1043 1144 1418 
1 491 
1 403 
3 413 550 2301 
0 
1 29 
1 315 
3 294 2237 2336 
3 235 1036 1390 
2 445 1087 
4 346 706 1520 2104 
1 982 
1 653 
4 463 755 859 1474 
2 429 2032 
1 1181 
3 283 485 1847 
0 
1 202 
2 909 2066 
1 264 
4 703 1228 1630 2292 
3 1511 1760 2114 
2 672 1138 
1 347 
0 
1 1331 
1 1697 
1 2331 
6 87 403 479 926 1397 2302 
2 443 1722 
2 778 1552 
2 693 2143 
3 705 969 1297 
3 1227 1312 2365 
1 2085 
1 349 
2 319 925 
1 924 
2 631 840 
3 5 1465 1810 
1 1488 
1 1711 
2 695 1631 
1 1992 
3 57 870 1122 
3 160 687 1446 
1 1187 
4 531 944 1424 2039 
4 751 753 1352 1727 
3 393 1515 1601 
4 133 1623 2129 2268 
4 664 1392 1788 2351 
1 1579 
3 106 670 1228 
0 
2 1277 1457 
3 333 347 721 
1 1096 
4 350 746 1314 1547 
3 1248 1265 1294 
3 298 1002 1821 
0 
0 
1 39 
1 657 
1 477 
4 865 1918 1983 2212 
4 440 1118 1292 2164 
4 290 897 960 2274 
1 2316 
1 569 
2 732 2354 
2 11 1794 
1 306 
1 2362 
3 547 2044 2275 
3 520 1430 1697 
2 1863 2336 
4 1128 1711 2032 2131 
4 42 235 713 1406 
2 783 1375 
1 2305 
2 806 880 
2 1376 1830 
5 12 109 963 1693 2014 
2 40 502 
4 619 945 1460 2212 
3 781 1192 1943 
3 942 1113 1689 
3 1049 1779 2317 
3 28 887 1686 
2 367 675 
3 1870 2083 2289 
1 917 
0 
4 1533 1790 1853 1887 
2 105 1534 
4 571 609 782 2037 
3 537 691 954 
4 126 815 906 2048 
2 2087 2289 
0 
6 288 325 438 462 587 1190 
0 
5 1 28 326 866 1929 
5 653 1367 1671 1797 2155 
4 589 946 1007 1723 
1 429 
5 612 1139 1299 1669 1870 
5 8 576 777 1726 2228 
5 273 891 1345 1893 2025 
2 1035 1248 
3 976 1339 1665 
1 352 
2 532 1925 
2 613 650 
5 556 669 1463 1607 1657 
4 531 609 1240 1391 
3 311 2115 2391 
2 822 1938 
2 1331 2052 
0 
5 1226 1714 1731 1917 1973 
2 395 1916 
0 
1 1104 
2 402 1125 
2 1059 1280 
2 462 1969 
5 277 517 972 1321 2061 
5 225 754 1287 1622 1659 
2 1446 2172 
2 478 1014 
3 963 1703 2354 
0 
4 523 738 815 2104 
6 26 247 412 1105 1299 2089 
3 182 1494 1842 
3 448 1363 2244 
0 
1 773 
5 348 540 1610 2062 2286 
6 101 616 1082 1687 1745 2299 
2 1928 1981 
2 872 1143 
2 1551 1690 
5 84 745 1278 1629 1861 
0 
1 431 
2 892 1918 
2 1703 1772 
3 590 631 2162 
2 1339 1851 
1 2069 
1 1523 
0 
0 
3 988 1494 2057 
3 959 1070 1115 
2 474 810 
1 298 
2 749 1242 
1 2334 
1 816 
4 443 1723 1885 1975 
3 549 671 1759 
1 818 
4 102 1067 1101 2018 
4 5 84 884 889 
0 
2 1836 1846 
2 1482 2345 
0 
1 260 
3 1012 1337 1902 
1 2197 
1 1893 
2 480 1019 
5 754 949 1746 1990 2199 
4 58 802 862 1602 
1 437 
5 130 806 1412 1546 1862 
0 
2 92 2312 
4 386 1227 1328 2307 
1 1147 
2 113 1196 
0 
2 289 817 
1 1575 
3 1165 1173 1877 
4 1731 2052 2086 2352 
0 
4 131 415 1161 1269 
0 
4 160 658 1260 2245 
3 484 1235 1535 
2 862 1440 
2 1670 2334 
2 576 1894 
0 
2 1368 2109 
1 2387 
1 2286 
1 1327 
2 422 1977 
2 766 1308 
6 1175 1424 1499 1632 1823 2301 
0 
2 1676 2036 
4 48 454 1274 1417 
0 
2 54 2167 
3 897 1653 2260 
1 238 
2 470 478 
6 491 629 1157 1686 1809 2383 
2 1242 2382 
5 85 726 943 1496 1848 
3 240 536 2301 
4 256 355 904 2106 
4 646 911 2248 2388 
3 419 2139 2191 
2 366 2121 
4 410 1190 1448 2258 
5 318 677 1167 1484 2201 
2 853 1355 
1 1489 
2 829 1797 
2 1435 1620 
4 841 914 1218 2199 
2 1948 2119 
1 1534 
0 
3 486 632 1538 
3 1289 1327 1879 
3 153 273 1002 
1 2140 
3 161 512 1399 
3 867 2134 2205 
2 1469 1641 
2 916 1914 
5 223 246 1316 1788 2143 
0 
2 645 1060 
1 820 
2 1106 1210 
3 566 1185 2035 
3 251 466 877 
3 8 213 1664 
2 712 973 
1 970 
5 455 945 987 2260 2290 
3 200 608 826 
0 
4 287 305 1225 1751 
2 455 594 
0 
2 1444 1563 
2 880 2046 
3 656 985 1916 
3 219 933 1718 
1 1866 
1 1534 
7 100 275 496 552 608 2050 2372 
2 271 1751 
2 397 1596 
2 1144 1799 
1 1406 
2 1490 2052 
5 120 197 617 1158 1733 
5 203 531 560 728 2251 
6 142 468 830 983 1295 1676 
4 933 1393 2171 2279 
0 
2 164 266 
0 
2 137 2347 
2 627 2093 
1 1203 
4 1456 1727 2106 2131 
2 1762 2220 
3 1551 1658 1911 
0 
1 898 
2 324 1843 
3 110 379 1426 
1 1259 
0 
4 27 1673 1689 1929 
0 
2 74 309 
1 752 
1 1334 
3 42 517 1170 
1 1064 
8 438 956 1310 1340 1420 1450 1771 2209 
1 72 
2 1019 1816 
0 
0 
2 1538 2321 
1 454 
5 123 153 391 738 2254 
1 1745 
3 76 964 1483 
2 602 1676 
1 317 
1 1272 
4 108 723 895 1135 
1 1279 
1 294 
3 1370 1691 1757 
3 1324 1557 1780 
5 74 118 508 766 1571 
3 670 1343 2334 
4 647 917 1434 1453 
3 1215 1263 1543 
3 758 1180 1361 
4 139 878 1250 1934 
4 270 1032 1149 2325 
1 1755 
2 12 999 
1 132 
1 919 
1 2242 
3 1179 2151 2332 
1 381 
1 2264 
3 1320 1566 2052 
5 698 1185 1863 2227 2264 
3 17 574 1392 
0 
5 80 703 1499 1822 2273 
1 341 
5 187 328 1704 1841 2233 
4 495 1181 1703 2005 
3 1349 1647 1730 
1 2249 
3 481 933 2058 
1 1447 
2 201 1515 
3 304 406 2072 
0 
2 1092 1695 
2 478 504 
4 103 689 845 1579 
1 1724 
4 301 1292 1685 1870 
4 474 1288 2093 2268 
2 791 1095 
1 45 
4 210 753 868 2116 
5 12 767 898 1440 1900 
1 688 
3 995 1000 1117 
2 656 2196 
3 99 1700 2143 
1 113 
3 386 551 650 
4 836 1058 2079 2358 
3 179 279 2011 
6 321 514 1394 1668 1966 2321 
6 769 790 1187 1222 1283 2377 
1 2119 
3 1150 2073 2154 
3 540 1242 1397 
5 300 824 1315 1812 2166 
0 
0 
1 2130 
0 
6 162 436 682 816 1093 2205 
2 1500 2297 
1 1368 
4 710 1114 2142 2221 
1 29 
3 801 1107 1170 
0 
1 2131 
2 841 1109 
3 159 1031 1303 
2 698 1167 
1 1218 
0 
3 420 531 1943 
1 550 
3 822 1165 1233 
2 1352 1709 
3 821 1045 2191 
0 
0 
3 758 1231 1703 
2 905 935 
3 18 1461 1745 
1 22 
4 721 943 1786 2141 
1 2363 
1 1531 
4 289 468 892 1460 
4 563 582 1019 1724 
1 1456 
1 1647 
1 774 
1 572 
0 
1 1112 
3 1394 1482 2058 
1 503 
1 1759 
1 951 
2 454 1624 
3 988 1299 2213 
4 451 706 784 1212 
2 543 2029 
5 88 368 867 1297 2308 
4 222 443 595 2273 
5 412 685 1123 1297 1561 
2 738 802 
3 514 887 920 
1 332 
2 1305 2327 
3 684 794 1212 
1 57 
1 1917 
1 512 
4 284 538 829 1423 
4 353 355 762 1261 
3 346 1452 2378 
1 620 
4 783 874 1517 1942 
2 513 2278 
2 334 1103 
2 1284 1665 
1 627 
0 
3 388 570 2173 
3 1 1024 1748 
3 146 1190 1418 
4 30 818 925 2364 
0 
1 1131 
1 774 
2 836 1326 
4 668 1492 1691 2337 
1 250 
2 1112 1181 
4 169 664 1252 1524 
4 173 446 512 1995 
2 1207 2212 
0 
2 1594 1659 
0 
2 424 1282 
6 407 990 1219 1565 1828 2318 
3 441 725 1790 
6 816 860 1220 1379 1678 2137 
1 101 
2 1486 1628 
1 386 
1 2073 
2 340 776 
1 851 
1 1656 
2 1255 1261 
3 788 935 1840 
1 1054 
3 670 1467 1680 
4 428 1090 1425 1431 
3 535 954 1845 
3 175 807 1233 
6 643 715 1701 1772 1850 1910 
1 1098 
3 877 1124 2275 
0 
2 1181 2347 
3 1019 1525 1738 
6 809 1920 1988 2119 2157 2307 
0 
2 472 1287 
4 358 745 1330 1710 
5 96 711 1149 1297 1722 
1 227 
1 584 
1 343 
5 434 931 1327 1599 2125 
4 10 172 1249 1275 
1 1091 
2 1095 1734 
3 77 1240 1457 
0 
2 690 1923 
2 1946 2041 
0 
1 1527 
2 393 836 
1 454 
0 
1 1941 
2 283 894 
1 2260 
2 770 2243 
1 1673 
2 208 2156 
2 876 1615 
1 1772 
2 975 1681 
1 621 
2 495 1717 
4 79 185 1052 1436 
1 934 
1 729 
3 383 1859 1930 
2 272 377 
0 
3 297 770 1245 
0 
0 
1 931 
1 596 
2 238 2244 
1 1223 
3 461 1243 2258 
3 417 1590 1716 
4 361 942 2134 2291 
6 191 1368 1801 1861 2333 2377 
2 505 810 
3 161 353 1506 
5 338 828 946 1328 1782 
1 1032 
2 786 1304 
4 1049 1194 1205 2289 
3 1121 1260 2146 
1 1602 
3 166 1010 1699 
4 516 690 760 1933 
2 572 852 
2 188 1172 
5 116 1812 1945 2058 2262 
1 649 
3 167 1211 1804 
5 444 907 1015 1451 2224 
2 947 1052 
1 95 
3 992 1320 2066 
2 335 353 
0 
1 878 
3 1215 1282 1631 
2 490 1951 
6 976 1077 1207 1659 1861 1960 
3 784 1208 1511 
0 
6 638 721 772 1282 1820 2105 
1 9 
3 482 523 1442 
2 205 2037 
0 
3 724 1379 1803 
5 7 178 562 897 1818 
3 1269 1977 2211 
2 995 1956 
5 572 1612 1823 1938 2310 
2 1384 1511 
3 850 957 2377 
3 4 890 2113 
2 477 1103 
1 382 
5 326 841 1115 1377 2172 
1 1488 
3 928 1907 2155 
2 480 1234 
2 72 555 
3 998 1478 1946 
3 287 1686 2151 
3 228 2084 2238 
1 2058 
0 
2 839 1517 
1 1281 
2 1178 1355 
6 97 159 264 797 1290 1732 
2 945 964 
3 915 918 1648 
1 905 
2 1337 1948 
2 253 1793 
3 271 818 2291 
4 65 530 786 801 
1 1130 
1 1854 
7 388 934 1430 1712 2149 2191 2276 
5 870 1062 1394 2017 2321 
5 3 5 268 622 856 
0 
6 439 523 1465 1551 1561 2356 
1 366 
1 646 
2 1008 2187 
2 944 2244 
3 143 700 2305 
3 403 442 1047 
2 709 1243 
2 539 2342 
2 396 2343 
1 300 
3 1102 1487 2179 
2 278 1395 
2 934 1418 
5 25 437 518 988 1492 
5 1074 1509 1803 1970 2172 
1 705 
1 432 
2 41 1165 
3 609 1250 1437 
2 1937 2197 
2 1756 2196 
2 1544 2333 
2 1759 1811 
1 334 
2 254 1806 
3 384 1072 1308 
1 47 
5 146 161 272 357 1474 
2 1820 1953 
1 727 
0 
2 925 1068 
1 1877 
1 14 
5 98 992 1523 2141 2359 
5 63 1247 1647 1667 2030 
2 1993 2253 
2 401 555 
3 410 1461 1566 
1 796 
3 62 1049 1531 
5 244 629 995 2233 2396 
1 1359 
2 261 1862 
3 510 678 1956 
2 567 2249 
0 
4 350 503 2122 2332 
3 118 312 1269 
2 1346 2308 
6 97 310 492 784 1386 1911 
3 567 1321 1690 
0 
3 342 800 1529 
0 
3 421 1045 2379 
8 37 293 795 921 926 1916 2218 2318 
1 1158 
3 336 560 1397 
2 896 1178 
2 464 1587 
2 1328 2156 
2 1396 1520 
0 
0 
2 730 1906 
4 1061 1315 2082 2330 
4 535 1719 2101 2180 
3 1264 1776 2330 
2 371 852 
2 459 627 
1 1802 
5 1020 1418 1482 1919 2222 
0 
7 348 408 548 702 1136 1343 1852 
0 
3 880 1121 2213 
4 139 491 1072 1884 
2 931 1049 
1 2378 
2 280 543 
2 1805 2103 
0 
6 379 1001 1794 1833 2081 2339 
2 1058 2377 
2 369 2119 
2 1049 1300 
6 339 1041 1138 1342 1909 1911 
1 1575 
2 288 605 
1 204 
5 8 55 1037 1631 1930 
2 1377 1569 
2 667 1012 
1 2277 
4 222 754 2276 2351 
3 1510 1914 1997 
3 209 1563 1649 
5 976 1023 1656 2054 2390 
4 764 1444 2172 2272 
1 2271 
3 679 818 2012 
5 16 1000 1507 1854 2338 
2 1521 2318 
0 
1 338 
1 570 
0 
0 
2 1722 1784 
3 373 713 1131 
2 171 715 
4 421 1673 1681 2112 
3 1212 1833 2398 
2 2105 2168 
2 953 1601 
2 556 1459 
1 69 
2 572 705 
3 231 401 621 
2 366 1954 
0 
2 830 1723 
0 
4 1199 1583 1788 1800 
4 26 45 638 1609 
4 845 871 1058 2358 
2 867 1158 
3 817 1662 2181 
2 339 1032 
5 929 1338 1412 1765 2058 
6 152 748 1254 1282 1996 2226 
2 196 457 
2 1407 2143 
1 780 
3 627 1555 1764 
1 394 
2 644 1151 
3 685 1473 1523 
3 120 722 1650 
1 1670 
3 2035 2233 2280 
1 889 
0 
5 3 1288 1882 1943 2173 
0 
2 298 963 
0 
2 1182 1901 
0 
3 187 685 2002 
1 664 
1 31 
4 229 853 2243 2245 
4 429 894 1332 1608 
3 1129 1907 2224 
3 1361 2106 2198 
5 724 819 1743 1779 1896 
2 552 902 
2 1587 1658 
1 2025 
3 312 825 2279 
1 2260 
0 
1 146 
4 295 863 1205 2184 
2 205 2185 
3 750 763 970 
4 149 1032 1536 1752 
2 773 1061 
2 1858 2056 
1 1530 
2 331 832 
2 593 835 
3 554 1632 2272 
3 870 887 1772 
2 33 716 
2 1652 1714 
4 357 857 1049 1358 
4 321 348 2176 2368 
1 1395 
4 327 940 1941 2303 
3 142 256 2211 
4 174 339 412 810 
4 554 704 1138 1197 
3 492 1055 1655 
2 67 1978 
2 759 2020 
2 1319 1614 
1 294 
4 295 803 1307 1557 
3 1087 1246 2356 
6 455 515 534 1000 1407 1564 
1 2375 
2 720 1531 
2 1161 1845 
0 
2 28 1295 
1 2370 
2 1186 1547 
6 63 478 1944 2106 2145 2261 
2 2009 2256 
3 385 1270 2232 
1 801 
3 298 625 1375 
1 1798 
4 447 549 582 1797 
2 643 926 
0 
4 691 930 934 1540 
3 161 881 1783 
4 571 1019 1093 1802 
0 
5 18 521 950 1363 2275 
1 1699 
1 551 
0 
1 591 
1 717 
5 614 783 1080 1255 2218 
1 746 
1 2290 
2 186 777 
2 2 1 2 3 2 1 1 1 2 2 1 4 2 2 1 2 1 2 2 3 1 2 1 2 1 2 1 2 1 2 2 3 1 1 1 1 1 3 2 3 1 1 1 1 2 1 2 2 1 2 2 3 4 2 1 1 3 1 2 3 2 1 1 1 1 1 2 1 2 1 2 3 2 1 1 2 2 1 1 1 3 1 2 2 2 2 4 3 1 1 1 2 1 1 1 1 2 1 3 1 1 1 1 1 2 2 1 2 2 2 2 2 2 4 1 1 1 2 1 3 2 2 2 1 1 2 1 1 2 3 2 2 2 3 2 2 1 2 4 1 2 2 2 1 1 1 2 2 2 1 1 1 4 1 1 2 1 2 2 1 3 2 1 1 1 3 1 1 1 2 3 2 3 2 3 1 1 1 3 1 1 1 1 3 1 2 2 3 2 1 2 2 1 1 1 1 2 2 2 2 1 2 2 1 2 1 1 3 1 3 1 1 1 1 1 1 1 2 1 1 2 1 3 1 2 1 1 2 1 1 1 1 1 1 2 1 1 1 2 1 1 2 3 1 1 1 2 2 1 2 3 1 1 2 1 2 1 1 1 3 1 1 2 2 2 1 1 1 1 1 4 3 3 1 1 1 1 2 1 2 2 1 1 1 2 1 2 1 2 1 2 3 3 2 1 2 2 1 1 1 2 1 3 3 4 2 1 1 1 3 1 2 2 2 3 1 1 1 1 1 3 4 1 2 1 3 2 2 3 2 2 2 3 1 1 3 1 1 2 1 2 1 2 2 2 3 2 4 2 1 1 1 2 3 1 1 1 1 2 1 2 1 2 2 1 2 2 3 2 2 2 1 1 1 3 2 2 2 4 2 2 3 1 1 2 1 1 2 1 1 2 2 1 2 1 2 2 1 1 2 1 1 1 1 2 3 1 3 2 2 1 2 1 1 2 2 1 4 3 2 4 1 1 2 2 1 1 2 1 2 2 1 2 1 2 1 2 3 1 1 1 1 1 1 1 2 3 1 1 1 2 1 3 3 4 1 1 1 2 1 2 1 2 1 1 1 1 2 1 3 2 1 2 2 1 1 3 3 1 2 3 4 1 1 2 3 1 3 1 1 2 4 1 1 3 1 2 1 3 1 2 1 1 2 2 1 2 1 3 1 3 4 2 3 1 1 3 1 1 2 2 2 3 2 1 2 1 2 1 1 2 1 2 4 1 1 3 3 2 2 1 1 2 1 1 1 2 1 3 3 2 3 1 2 3 3 1 2 1 2 2 2 2 1 3 3 3 1 1 3 2 3 1 3 1 2 1 1 3 1 3 1 1 2 1 1 1 1 3 1 3 1 2 2 3 2 1 1 1 1 3 1 1 1 2 1 1 4 2 1 1 3 1 2 1 2 1 1 2 1 3 1 1 1 1 1 3 1 4 1 2 1 1 2 1 2 3 2 1 3 1 1 2 2 2 1 2 1 1 1 1 1 3 1 1 3 1 1 1 1 2 1 1 4 2 3 1 2 1 3 2 3 1 1 2 3 1 3 1 1 1 2 3 1 1 1 3 3 1 1 3 2 1 1 1 1 1 1 1 2 1 3 3 2 1 2 1 1 2 1 3 3 1 1 2 2 3 1 1 2 3 2 2 1 1 1 1 2 2 1 1 3 2 1 2 1 3 1 1 2 2 1 1 1 1 3 2 3 4 1 1 1 1 2 2 1 1 2 1 1 2 1 1 2 1 4 1 2 2 3 1 2 3 2 1 1 2 2 1 3 2 1 4 3 1 2 1 3 2 2 1 1 1 1 1 2 2 1 2 1 2 1 3 1 1 1 1 2 1 3 3 1 1 1 3 1 2 1 1 2 1 1 3 1 1 3 3 1 1 2 3 1 2 3 4 1 1 1 1 2 2 1 1 2 2 2 2 1 2 2 2 2 1 1 1 1 2 1 2 3 1 1 1 2 2 1 3 3 1 4 2 1 2 2 1 3 1 1 1 3 1 2 1 2 1 1 2 1 2 1 1 2 1 1 2 1 4 4 1 1 1 3 1 1 1 2 1 2 1 1 1 2 1 2 1 2 2 4 1 1 3 1 1 2 3 3 1 1 3 3 2 1 4 1 3 1 1 1 1 2 1 2 2 2 3 1 1 1 1 3 2 1 3 1 1 1 3 1 1 1 1 1 4 2 1 2 2 1 3 1 1 1 3 1 3 5 1 2 1 2 1 2 1 1 3 1 1 2 2 1 1 4 2 1 3 2 1 3 2 2 1 1 1 1 2 1 1 2 2 2 1 3 1 1 1 1 1 2 2 1 1 1 1 2 1 3 1 3 2 1 2 3 1 1 3 2 3 1 2 1 1 4 1 2 3 1 1 1 1 1 1 1 1 2 2 1 3 2 1 1 1 1 3 1 1 2 1 2 1 1 1 2 2 3 2 1 1 1 1 2 1 1 1 1 1 1 1 1 2 2 2 2 1 1 1 1 2 1 1 2 1 1 1 3 1 1 2 3 2 1 1 2 1 1 3 2 2 1 1 2 2 4 1 1 3 1 1 2 1 2 3 2 3 2 1 1 1 2 2 1 2 1 2 1 1 1 3 2 3 2 1 1 1 1 3 1 1 1 2 2 2 4 2 2 1 1 1 2 2 1 1 2 1 1 3 2 1 1 2 2 3 2 1 1 2 1 2 1 2 4 2 2 3 3 3 2 3 1 2 1 3 1 2 1 1 2 2 1 2 2 1 2 2 1 1 1 1 2 1 1 2 2 2 2 1 2 1 3 1 1 2 1 1 3 2 2 1 1 1 2 2 1 3 1 3 1 1 3 2 2 2 1 1 1 1 1 1 1 2 3 1 1 1 1 1 2 2 1 3 2 1 1 1 3 3 2 2 2 2 1 1 2 3 1 2 3 4 2 2 1 1 2 1 1 1 2 4 1 3 1 1 1 2 2 2 1 1 2 1 3 2 1 1 1 1 1 2 2 2 3 3 3 1 1 1 1 2 3 2 2 2 1 2 1 1 2 1 3 3 1 1 1 3 1 1 2 1 1 1 1 1 1 2 1 3 1 1 2 1 2 2 1 3 1 1 1 1 4 2 2 1 1 2 1 1 1 2 2 1 1 1 1 1 1 1 2 1 1 1 2 2 3 1 3 2 2 3 1 1 3 1 1 1 1 1 1 1 1 1 1 2 3 2 1 2 2 2 1 1 1 1 2 1 2 3 3 1 1 1 2 2 2 1 2 1 1 1 1 1 1 1 1 1 3 1 3 3 3 2 1 1 1 3 3 1 2 2 1 2 2 2 1 1 2 1 3 1 1 2 1 2 3 2 3 2 1 2 1 1 2 1 3 3 3 1 3 1 1 1 1 1 2 1 2 2 2 1 2 3 3 1 1 2 3 1 2 2 1 1 2 1 2 3 1 1 1 2 1 1 2 3 2 2 2 2 2 1 2 1 2 3 1 3 2 1 2 2 1 1 1 2 1 1 2 1 1 1 1 2 1 2 3 2 1 1 2 1 2 2 2 1 1 1 2 1 2 1 1 2 1 1 2 1 1 2 2 3 2 2 2 1 2 2 1 2 1 1 1 2 1 1 1 1 2 1 3 1 1 2 1 1 2 1 1 1 1 1 1 2 2 1 2 2 2 1 1 2 1 1 3 2 1 2 1 1 2 1 3 2 2 1 2 1 1 1 1 1 2 2 2 2 1 1 1 2 1 3 3 3 1 2 1 2 1 2 1 1 1 1 3 2 1 2 2 1 2 1 1 3 2 1 1 1 1 1 1 1 3 2 1 1 1 2 1 4 2 2 2 1 3 2 1 2 2 2 2 2 1 2 3 1 1 3 2 1 1 2 2 3 2 3 1 2 1 1 2 4 3 2 1 1 1 3 2 3 1 3 1 1 1 1 3 1 1 1 1 1 1 2 1 2 2 1 2 2 1 2 2 1 1 1 2 1 1 2 1 2 1 3 3 1 2 1 1 2 1 1 1 1 1 3 2 1 1 1 2 3 2 1 1 1 1 1 1 1 2 1 1 1 2 1 1 1 1 2 1 3 2 3 2 4 2 1 1 1 2 2 2 2 2 1 1 1 1 2 1 2 1 2 2 1 1 2 1 3 1 3 1 2 3 1 2 2 1 1 3 1 1 2 2 2 2 2 1 2 2 1 2 2 2 4 1 3 2 1 2 1 2 1 1 1 1 3 1 1 1 1 1 1 2 1 2 2 2 2 2 2 1 3 1 1 2 1 3 1 1 2 2 2 3 1 1 1 2 3 1 1 2 1 3 2 1 1 1 2 1 1 1 1 1 4 2 1 2 1 1 2 2 1 1 1 2 1 1 1 1 3 1 1 1 2 1 2 2 1 1 1 2 1 3 3 2 2 1 1 3 4 2 1 1 1 1 3 1 1 3 2 3 1 1 1 1 2 1 1 1 1 2 2 4 1 1 1 2 1 1 1 2 1 1 3 1 1 1 1 1 1 1 2 1 1 2 1 1 3 1 2 3 2 4 1 1 3 1 1 1 2 3 2 2 1 1 2 2 1 1 1 1 2 4 1 1 1 2 3 1 1 3 1 1 1 3 1 1 2 3 2 2 1 2 2 2 1 2 2 1 1 2 1 3 2 3 2 2 1 2 3 3 1 2 3 2 2 1 1 3 1 1 2 1 1 2 1 1 2 2 1 1 1 2 1 1 2 2 2 1 2 1 1 2 2 1 2 1 1 1 1 1 1 1 2 1 1 3 3 3 1 1 2 1 1 2 1 1 1 3 1 1 2 2 2 2 2 2 1 3 1 2 3 2 3 2 1 1 1 2 1 1 2 3 2 1 1 2 1 2 2 1 1 2 2 1 1 2 1 1 1 1 3 2 2 4 1 2 2 3 2 2 3 1 1 3 2 3 1 4 1 2 1 1 1 2 1 1 1 2 2 1 2 3 2 2 2 2 3 3 2 1 2 2 1 3 1 2 1 2 1 1 1 1 3 2 2 2 1 1 2 2 2 2 2 1 1 3 1 1 1 1 1 2 1 2 4 2 1 2 2 2 1 1 1 2 3 3 3 1 1 1 2 1 2 1 1 1 3 1 1 2 1 3 1 1 2 3 1 3 2 2 1 2 1 3 1 2 3 1 2 2 1 2 1 2 1 1 1 2 2 1 3 3 1 2 1 1 2 2 3 1 1 1 3 1 3 2 3 1 1 4 2 2 1 2 1 3 3 4 1 1 1 1 1 1 2 1 1 1 3 1 1 2 2 2 4 2 1 2 1 3 1 1 2 2 3 2 1 2 1 1 3 1 1 1 3 2 3 1 1 1 1 1 1 1 1 2 1 1 2 2 3 1 1 1 1 3 2 2 2 3 1 1 2 1 2 1 1 2 2 3 1 1 1 1 1 1 1 3 1 1 1 
