q 500
1 177 
1 40 
6 173 206 236 250 291 456 
1 356 
3 196 344 403 
2 21 230 
0 
5 144 176 306 405 463 
1 70 
0 
3 51 87 165 
4 193 194 298 478 
0 
0 
0 
1 391 
3 265 309 315 
4 65 138 383 440 
1 206 
2 83 86 
4 95 195 324 484 
2 5 229 
1 84 
3 238 488 493 
3 34 84 481 
0 
3 106 144 269 
1 439 
3 78 104 452 
1 491 
5 288 316 345 397 478 
4 48 237 285 292 
1 194 
0 
2 24 409 
2 291 371 
0 
2 309 313 
3 127 317 474 
2 139 372 
5 1 122 312 345 428 
3 211 371 393 
1 44 
6 50 58 213 315 328 343 
3 42 125 436 
2 77 288 
3 253 383 468 
5 72 194 250 362 475 
2 31 416 
2 180 369 
4 43 102 403 481 
6 10 80 94 133 240 392 
1 246 
1 195 
2 149 156 
2 230 291 
3 176 445 455 
5 64 72 139 238 356 
5 43 220 355 374 455 
3 215 289 336 
3 65 81 139 
3 89 131 471 
2 121 241 
1 256 
4 57 97 144 229 
2 17 60 
0 
7 113 217 248 258 287 356 441 
3 202 272 415 
1 165 
4 8 73 163 346 
1 347 
7 47 57 133 181 206 252 310 
2 70 270 
5 193 287 334 389 459 
3 256 262 339 
0 
3 45 375 386 
2 28 127 
2 134 400 
2 51 227 
1 60 
3 155 307 441 
1 19 
2 22 24 
3 86 169 299 
3 19 85 157 
4 10 160 179 459 
3 259 392 468 
1 61 
1 122 
0 
3 281 387 485 
2 317 360 
4 51 139 186 486 
2 20 107 
3 162 288 418 
2 64 391 
1 195 
3 158 288 366 
3 188 250 395 
3 264 316 491 
3 50 288 437 
2 195 361 
3 28 111 491 
1 457 
3 26 139 378 
1 95 
2 317 351 
1 428 
3 404 495 496 
3 104 125 363 
0 
5 67 316 376 407 469 
3 133 192 456 
1 187 
5 171 220 264 383 416 
3 131 260 377 
2 131 222 
2 164 216 
1 301 
4 62 168 319 422 
4 40 90 221 237 
1 231 
0 
4 44 111 286 473 
3 167 230 304 
3 38 78 284 
1 212 
1 303 
0 
3 61 117 118 
8 135 165 223 225 254 372 489 496 
5 51 72 114 222 259 
4 79 141 276 342 
1 132 
0 
4 178 179 409 413 
2 17 434 
7 39 57 60 94 106 462 492 
2 186 226 
2 134 172 
1 199 
1 446 
5 7 26 64 215 330 
3 330 348 352 
1 442 
1 259 
1 471 
1 54 
2 287 476 
1 396 
1 196 
1 481 
1 368 
5 82 159 341 365 371 
7 54 209 305 346 355 486 498 
6 86 165 240 335 436 469 
6 99 184 190 201 313 478 
2 155 360 
3 87 312 470 
4 321 328 463 476 
2 96 258 
2 70 366 
1 119 
5 10 69 132 157 225 
1 281 
6 126 291 296 306 477 499 
4 121 367 387 444 
2 85 216 
3 207 223 397 
3 116 405 485 
3 141 243 367 
2 2 281 
0 
1 223 
3 7 56 202 
2 0 449 
4 137 278 285 490 
2 87 137 
3 49 359 381 
3 72 235 261 
2 206 254 
1 305 
2 158 348 
2 268 380 
7 94 140 262 277 282 325 393 
2 115 479 
3 100 299 397 
3 234 268 303 
1 158 
3 212 230 310 
3 114 289 478 
4 11 74 196 482 
5 11 32 47 235 309 
8 20 53 98 103 301 365 396 492 
4 4 152 193 408 
1 464 
0 
6 142 200 278 312 364 411 
1 199 
1 158 
3 68 176 305 
2 372 445 
1 474 
4 224 295 354 447 
5 2 18 72 182 465 
2 170 345 
0 
7 156 271 308 315 350 444 477 
1 275 
1 41 
3 128 191 419 
2 43 378 
1 256 
2 59 144 
3 119 169 315 
3 67 315 485 
1 276 
0 
7 58 116 293 302 369 371 498 
2 122 223 
3 118 133 299 
5 132 170 175 221 322 
1 205 
2 132 165 
2 140 382 
3 80 259 428 
0 
2 21 64 
6 5 55 126 191 266 390 
2 123 447 
1 465 
0 
3 189 241 349 
3 181 194 384 
3 2 294 425 
2 31 122 
2 23 57 
2 257 300 
2 51 157 
2 62 234 
2 339 489 
2 172 356 
1 440 
2 365 440 
1 52 
0 
4 67 258 260 338 
1 312 
3 2 47 100 
1 419 
1 72 
2 46 383 
2 132 182 
0 
4 63 75 214 319 
3 239 419 472 
3 67 162 248 
4 88 133 147 227 
2 117 248 
2 181 330 
3 75 186 400 
0 
3 101 116 376 
1 16 
1 230 
2 399 482 
2 185 189 
2 26 300 
3 73 347 416 
1 209 
2 68 388 
0 
2 292 350 
3 210 283 327 
2 134 218 
1 186 
2 178 199 
1 379 
3 335 408 433 
4 92 166 173 311 
1 186 
1 275 
1 127 
6 31 178 414 416 485 499 
1 125 
3 67 74 150 
6 30 45 96 99 102 309 
2 59 192 
0 
6 2 35 55 167 432 438 
3 31 274 331 
2 220 327 
2 236 321 
2 205 405 
2 167 322 
2 309 487 
1 11 
3 85 188 222 
6 239 269 386 399 408 482 
3 120 195 338 
3 220 363 380 
3 129 189 317 
2 126 413 
3 156 183 202 
3 7 167 411 
1 82 
4 209 339 401 480 
5 16 37 194 288 297 
3 72 191 388 
1 281 
5 40 160 199 249 399 
3 37 158 391 
2 379 442 
7 16 43 209 216 217 460 480 
4 30 101 113 455 
4 38 93 108 303 
1 427 
3 121 256 358 
2 376 479 
2 161 294 
2 223 296 
1 389 
2 20 492 
2 186 484 
3 341 344 422 
3 275 293 386 
3 43 161 449 
0 
3 144 145 261 
1 292 
3 357 431 455 
0 
3 74 432 434 
3 157 280 382 
1 59 
1 394 
2 248 301 
4 75 242 308 354 
0 
3 155 326 400 
1 134 
1 43 
2 4 326 
4 30 40 207 427 
3 70 156 420 
2 71 270 
3 145 184 369 
1 234 
2 209 274 
1 108 
2 145 381 
0 
2 205 339 
2 58 156 
5 3 57 67 243 378 
1 332 
2 319 494 
2 180 397 
2 93 159 
1 103 
1 47 
2 111 302 
3 199 403 430 
3 155 195 245 
2 99 163 
3 168 172 396 
1 154 
3 49 220 348 
0 
5 35 41 155 220 458 
6 39 132 203 374 443 462 
1 398 
3 58 372 385 
2 77 461 
3 113 264 320 
3 117 421 471 
3 106 213 356 
3 279 314 474 
2 185 302 
2 180 352 
3 226 335 486 
4 17 46 116 253 
1 235 
2 374 440 
3 77 300 327 
2 92 168 
3 272 310 453 
3 74 323 480 
1 230 
4 15 97 313 477 
3 51 88 466 
2 41 186 
1 337 
2 100 445 
5 151 195 367 415 456 
6 30 170 188 359 404 453 
1 373 
3 267 300 312 
4 79 262 341 423 
1 308 
0 
3 4 50 364 
2 110 397 
3 7 171 295 
0 
2 113 429 
3 196 280 300 
3 34 137 430 
0 
3 199 306 459 
1 497 
4 137 304 448 449 
1 285 
3 68 396 486 
4 48 116 270 285 
0 
1 96 
3 212 251 257 
3 346 452 453 
1 377 
2 121 326 
2 400 476 
0 
2 236 438 
0 
2 318 345 
4 40 109 227 499 
2 407 441 
2 364 409 
1 332 
2 291 334 
1 280 
3 138 334 497 
1 458 
3 44 157 437 
2 102 436 
2 291 425 
1 27 
4 17 244 245 385 
3 67 82 429 
2 146 314 
2 372 478 
2 168 209 
4 56 203 395 454 
1 143 
2 205 231 
1 413 
3 177 328 413 
0 
2 477 494 
2 28 420 
3 388 397 420 
1 445 
5 56 58 316 332 495 
4 2 114 396 468 
1 105 
2 371 435 
4 74 87 411 493 
1 315 
1 375 
3 139 372 465 
2 7 161 
1 197 
3 206 232 462 
1 392 
0 
3 46 88 456 
2 113 157 
1 160 
3 61 148 377 
1 257 
1 125 
3 38 204 379 
2 47 499 
3 150 161 423 
4 167 209 391 451 
5 11 30 158 192 443 
2 187 320 
3 308 315 389 
4 24 50 153 495 
3 193 267 300 
0 
2 20 325 
4 92 171 217 285 
4 94 156 382 415 
1 297 
1 23 
2 132 242 
1 178 
3 29 101 104 
3 139 195 324 
2 23 459 
2 358 451 
3 110 455 481 
3 110 132 498 
2 412 434 
3 156 220 496 
4 167 285 428 475 
1 1 2 1 1 1 1 1 1 1 2 1 1 1 1 1 1 2 2 1 2 2 2 2 2 1 2 1 1 1 1 3 1 1 3 2 1 1 2 1 3 2 2 3 1 1 2 3 2 1 1 3 1 2 1 1 1 3 1 2 3 3 1 1 2 1 1 1 2 2 2 2 2 1 1 1 1 2 2 1 1 1 3 2 1 1 2 3 3 1 2 1 2 2 1 3 3 1 2 3 2 1 3 2 2 2 1 1 1 1 2 1 1 2 2 1 3 1 1 2 1 2 1 2 1 2 3 3 2 2 1 2 3 1 2 1 1 2 3 2 1 1 1 1 3 1 2 1 1 2 1 1 1 1 2 2 4 3 2 3 2 2 1 3 1 1 2 2 3 2 3 1 2 3 1 1 2 3 1 1 2 3 2 1 1 2 3 2 1 2 1 3 1 2 2 1 3 2 1 2 1 1 1 1 2 1 1 1 1 3 2 1 1 1 1 1 1 3 1 1 2 2 2 4 2 2 2 3 1 1 2 1 1 1 1 1 3 2 1 1 1 2 1 1 2 2 2 1 2 2 1 1 1 1 1 1 2 3 3 2 3 1 2 1 2 2 1 1 1 1 2 1 1 1 2 1 3 1 3 1 3 1 1 2 1 2 1 2 2 3 1 3 1 1 1 3 3 1 2 3 2 2 3 1 1 2 3 1 2 3 1 2 1 3 2 2 3 3 2 1 2 3 1 1 1 1 2 2 1 1 2 2 1 1 2 2 1 1 1 3 1 1 1 1 3 2 1 1 2 2 1 2 2 1 2 2 2 2 2 1 1 1 1 2 1 3 1 1 1 3 1 1 2 2 3 1 1 3 3 3 1 1 1 4 2 2 1 1 2 2 1 2 2 1 2 1 2 2 1 3 3 1 1 2 1 2 1 3 1 1 1 1 1 3 1 1 1 1 1 2 2 1 1 1 1 1 1 1 2 1 2 2 1 1 1 1 2 1 2 2 1 2 1 1 1 2 2 2 1 2 1 2 3 1 1 2 3 1 2 2 1 2 1 3 1 2 1 1 1 1 1 2 1 1 1 2 3 1 3 1 1 3 3 1 3 4 2 2 1 2 2 3 3 1 1 1 4 2 1 1 
