m 2800
1 129 
1 1096 
1 929 
4 1594 1967 1982 2164 
1 1257 
3 534 1294 1712 
2 2001 2112 
3 1305 2097 2684 
5 406 445 533 1179 1553 
4 786 794 894 2613 
2 1643 2540 
0 
3 65 678 1343 
5 365 541 557 734 944 
0 
6 80 289 376 516 1518 2641 
3 1153 2160 2217 
3 319 1373 2679 
2 611 1114 
3 2203 2392 2788 
2 924 1465 
2 1089 2210 
1 822 
0 
0 
4 712 997 1816 2595 
3 1280 1429 1615 
3 316 473 2033 
3 568 2071 2569 
6 46 209 795 1507 1557 2661 
1 1328 
2 314 2729 
0 
2 1108 1133 
3 82 1516 2152 
1 365 
3 651 877 1758 
2 233 1216 
3 95 483 1992 
3 1127 1950 2576 
2 48 2721 
0 
4 51 825 1742 1976 
4 1197 1251 1646 2199 
2 677 1634 
4 277 1255 1872 1989 
1 29 
4 69 1121 1854 2772 
1 40 
2 1090 2266 
4 935 1071 1533 2322 
3 42 2138 2333 
7 310 694 1021 1774 1929 2250 2320 
2 292 1834 
3 405 1277 2392 
1 253 
2 1147 2733 
3 920 1125 1955 
3 1463 1610 2393 
2 1311 1534 
3 472 1835 2679 
3 1330 1964 2129 
1 1378 
3 476 2006 2275 
2 997 2051 
4 12 200 440 1467 
5 925 931 1429 1598 1685 
4 612 1163 1460 1772 
0 
2 47 848 
1 1447 
1 883 
3 222 275 2448 
2 841 1948 
2 2011 2191 
3 763 1450 2267 
4 287 537 552 1636 
4 326 470 846 1534 
5 294 925 1126 1328 2777 
3 954 1207 1737 
8 15 508 1752 2048 2094 2158 2366 2705 
4 689 720 1101 1460 
6 34 259 1198 1508 1692 2370 
2 1647 1944 
2 901 1434 
2 1694 1727 
4 253 917 1815 2552 
2 575 1253 
4 321 1530 2013 2640 
3 270 874 1269 
1 2530 
1 2025 
1 1656 
3 783 1378 1665 
2 2672 2777 
3 38 418 2555 
1 1455 
2 1271 1356 
0 
2 1991 2162 
1 1622 
0 
0 
3 974 1026 2061 
0 
0 
2 1061 1464 
1 1322 
1 1953 
4 528 582 843 1442 
2 2621 2677 
4 863 1252 1275 2422 
2 814 1594 
3 781 812 946 
3 722 804 1326 
5 1843 2259 2369 2610 2764 
4 516 565 1960 2338 
1 1167 
2 867 1042 
1 2516 
2 675 2039 
4 1710 2233 2338 2604 
3 251 810 2090 
1 1936 
0 
2 190 798 
1 1224 
1 1229 
3 1061 2551 2707 
4 0 1215 1420 2482 
0 
3 2007 2183 2775 
4 967 1208 1695 2306 
4 939 997 2002 2504 
3 2091 2172 2700 
1 1994 
2 1282 1318 
2 955 1895 
5 307 1662 2188 2561 2619 
3 959 2045 2179 
2 178 277 
2 1977 2234 
1 2344 
2 651 1351 
1 2180 
1 2775 
3 506 2004 2188 
2 1120 2120 
1 760 
3 805 2559 2715 
0 
1 2528 
3 1482 2300 2422 
2 1005 2155 
2 1303 2660 
2 1586 2634 
2 197 1077 
1 2058 
0 
4 219 1762 2717 2790 
1 1504 
2 437 1872 
2 650 2264 
3 1123 1537 1981 
4 892 1318 1486 2048 
1 2786 
3 1467 1866 2537 
1 1996 
2 582 2487 
4 530 753 851 2423 
2 1579 1883 
2 471 2304 
4 486 943 991 1185 
1 1121 
4 415 657 856 2222 
1 2381 
4 392 1075 1293 2665 
1 1614 
2 140 2364 
2 987 1134 
4 888 1376 1444 1935 
0 
2 2437 2442 
0 
2 330 1284 
3 1056 1687 2156 
4 377 985 1225 2414 
3 1033 1201 1502 
3 299 955 1752 
0 
5 125 292 1011 1237 1276 
3 370 929 2747 
3 832 1505 2333 
1 2536 
2 2660 2694 
0 
3 470 1278 1479 
2 156 996 
2 1938 2293 
2 518 2009 
5 65 602 936 2336 2679 
2 1724 2606 
3 1184 1872 1887 
3 2442 2591 2722 
1 2561 
2 620 1303 
1 304 
4 945 1133 1253 1324 
2 1908 2668 
1 29 
3 1053 2235 2273 
0 
3 847 1517 2489 
1 1853 
1 2155 
1 2595 
2 923 1235 
3 331 1662 2582 
2 2233 2447 
4 159 512 601 1181 
3 1210 2534 2589 
0 
3 72 750 2167 
2 1693 2643 
4 428 732 1618 2750 
3 645 996 1431 
3 1567 1620 2424 
5 384 470 706 2031 2288 
1 2090 
1 1791 
2 572 742 
1 1990 
1 1777 
2 37 2395 
3 1594 2026 2608 
2 376 1496 
8 533 704 956 1487 2090 2311 2404 2425 
5 621 890 1468 2455 2730 
1 2485 
1 855 
3 1179 1332 2200 
6 985 1456 1516 1770 2051 2664 
4 697 1791 2136 2533 
2 266 452 
0 
2 1854 2608 
2 2223 2306 
4 1093 1142 1597 2798 
1 1570 
4 319 1055 1158 1863 
0 
2 122 1333 
2 728 1690 
3 55 86 567 
4 1148 2159 2271 2565 
1 2531 
3 937 2359 2451 
3 943 2470 2682 
3 1314 1776 2661 
3 82 1450 1765 
2 668 1001 
5 375 951 1016 1056 1633 
1 2519 
1 2351 
6 397 728 1138 1509 1895 2477 
3 823 1938 1980 
2 243 2314 
1 2475 
1 2455 
1 1021 
2 89 539 
0 
3 1380 2430 2622 
5 797 1039 1302 1711 2325 
1 2209 
2 72 2603 
3 1564 2376 2572 
4 45 140 2110 2271 
0 
3 1819 2307 2672 
1 2417 
0 
2 1138 1168 
2 1654 2197 
4 953 1287 1454 1535 
2 1242 2542 
0 
5 76 331 829 1118 2713 
3 1506 2267 2335 
3 15 727 1180 
5 726 735 1131 1602 1893 
4 679 1368 1694 1915 
4 53 190 1919 2746 
0 
3 78 918 2366 
3 2172 2253 2366 
4 584 1431 1810 1818 
1 2096 
4 853 1123 1963 2441 
1 188 
3 423 507 2695 
2 569 1400 
2 1355 1851 
2 1201 2646 
1 206 
3 1036 2516 2695 
2 583 1658 
2 138 1557 
3 1826 2451 2577 
1 1457 
2 52 1577 
3 1206 1299 1332 
4 469 544 1227 2164 
1 432 
3 31 1128 1280 
2 830 2228 
4 27 1230 1553 1787 
2 516 1271 
2 1035 1082 
3 17 249 790 
0 
2 88 1156 
5 835 1001 2111 2425 2715 
0 
1 1768 
3 1422 1901 2607 
1 77 
1 1645 
0 
3 701 1809 1830 
3 184 551 813 
6 217 287 602 762 1608 2379 
1 1914 
4 561 615 870 2166 
4 1413 1496 2200 2543 
4 1350 1606 1653 2577 
1 1441 
2 532 1218 
1 1015 
1 1894 
1 786 
1 2436 
1 1079 
4 605 925 1856 2114 
2 2412 2422 
1 374 
3 373 839 2333 
5 837 939 944 1176 1495 
0 
1 731 
1 1793 
2 1072 1754 
2 1039 2273 
1 816 
2 726 1710 
3 536 649 1262 
2 2368 2714 
3 1068 1155 1894 
4 1034 1125 1170 1504 
0 
0 
4 673 1243 1504 1597 
3 2019 2231 2408 
2 744 1537 
1 669 
4 13 35 814 2481 
1 1910 
2 754 2751 
2 685 2422 
5 1255 1501 1903 2011 2552 
3 191 1621 2675 
2 1559 1601 
1 1232 
1 346 
1 345 
2 261 1122 
4 15 235 951 1778 
1 186 
2 2575 2636 
6 667 1128 2029 2351 2707 2785 
6 572 591 652 1911 2092 2618 
0 
2 1678 2148 
2 1673 2549 
1 227 
1 1111 
2 1769 1951 
4 481 694 1530 2427 
1 1372 
2 1327 2666 
3 521 2306 2790 
2 1484 2237 
2 176 1355 
2 589 681 
4 412 866 2591 2613 
2 1664 2600 
3 585 670 1288 
4 264 1314 1795 2428 
2 1120 2098 
3 1183 1202 1938 
4 714 924 1287 1845 
1 1546 
1 2711 
3 1514 1521 1884 
0 
4 54 420 1651 1904 
4 8 841 1396 2162 
1 1209 
0 
3 1726 1735 2479 
1 2384 
3 1721 1942 2378 
4 394 1134 1560 1603 
1 1882 
1 1510 
3 174 608 936 
3 2279 2749 2791 
1 970 
5 95 547 2375 2401 2466 
4 428 758 835 1133 
4 405 873 1447 1674 
2 977 2688 
0 
2 300 1161 
2 1024 1716 
0 
3 1685 1902 2287 
4 1056 1444 1967 2151 
3 224 419 2264 
4 921 952 1585 1953 
3 793 835 2480 
3 479 1329 2268 
4 313 900 1788 1949 
2 1568 1579 
3 568 1178 1870 
4 1092 1496 2187 2283 
4 981 1057 2093 2424 
3 161 860 937 
0 
2 747 1314 
2 65 494 
2 1343 1593 
0 
3 1744 2377 2712 
0 
1 8 
1 1901 
0 
3 1518 2519 2670 
1 1425 
2 1104 1516 
4 1233 1804 1853 2222 
4 243 1515 2250 2764 
1 1811 
1 724 
1 796 
0 
1 1073 
5 1072 1536 2333 2409 2788 
5 896 969 1368 1868 2650 
5 1128 1313 1345 1846 2696 
2 1443 2462 
3 749 1343 2780 
3 1177 1215 1942 
0 
2 1143 1599 
0 
1 1610 
2 655 1091 
2 312 2695 
8 77 196 227 825 869 1517 2175 2573 
4 171 697 1204 2418 
2 60 1923 
3 27 746 1263 
1 1495 
2 1017 1168 
3 63 1039 2002 
3 1032 2105 2229 
2 1009 2753 
2 431 860 
1 2723 
2 387 1927 
3 1749 2162 2534 
6 38 610 790 1387 1488 2313 
2 1327 1435 
4 1628 1797 2076 2401 
4 172 1656 2259 2673 
2 1424 2613 
1 2621 
1 2741 
1 962 
2 1054 2693 
3 1217 2089 2611 
2 1818 1850 
4 440 725 752 2422 
2 1574 2124 
2 1662 2548 
3 669 1309 1762 
3 591 1534 2748 
3 1072 2531 2738 
1 1730 
1 638 
0 
2 1409 1973 
3 1181 1926 2376 
2 507 2702 
4 146 733 811 1104 
4 300 505 725 1630 
2 80 1059 
4 1159 1628 1960 2701 
0 
2 1831 2104 
3 219 569 814 
1 1406 
3 2012 2164 2400 
0 
4 15 116 317 733 
1 2099 
5 199 695 1825 1972 2590 
0 
3 702 2197 2249 
2 390 2503 
5 1262 1373 1934 1997 2055 
4 933 945 1344 2684 
0 
3 1155 2105 2629 
3 1553 1779 2633 
2 2078 2185 
4 109 594 810 2483 
0 
2 169 1762 
5 652 806 976 1166 2059 
1 337 
3 8 236 1415 
3 5 1305 2321 
3 846 2153 2244 
2 355 2154 
1 76 
1 2650 
4 270 2040 2133 2254 
4 1674 1697 2358 2407 
5 13 816 1846 2069 2361 
3 664 995 1305 
0 
3 312 1856 2184 
0 
5 1002 1749 1778 2109 2583 
2 418 2056 
0 
4 1284 1837 2484 2721 
2 1157 1983 
2 330 1755 
2 76 946 
5 1017 1236 1282 2029 2072 
6 661 663 1398 1528 1961 2746 
4 607 961 1812 1849 
3 1284 1428 1438 
2 13 1215 
2 1275 1388 
2 2307 2439 
4 825 1006 2049 2130 
3 333 1308 2017 
1 2612 
1 2114 
1 2194 
1 116 
1 1715 
5 253 1313 1734 2297 2420 
4 28 434 906 1155 
4 301 512 1265 2681 
1 2258 
4 1173 1188 2244 2277 
3 230 380 2352 
2 931 2465 
4 668 706 740 1960 
2 87 1750 
4 860 1323 2046 2245 
2 2330 2549 
3 1314 2125 2640 
0 
1 1094 
3 1427 1729 1893 
3 109 168 1047 
4 306 602 1987 2624 
4 296 2095 2146 2574 
4 396 1479 2492 2729 
1 848 
3 838 2026 2366 
3 678 2624 2737 
4 393 744 934 1243 
2 932 2063 
3 380 498 2360 
0 
1 1654 
2 528 2441 
4 984 1068 1557 1818 
1 1306 
2 1429 2073 
3 1148 1642 1982 
0 
1 677 
3 219 1210 2418 
7 200 331 583 617 844 1950 2441 
0 
2 1209 1343 
2 343 2648 
0 
3 555 1283 2310 
2 415 1325 
0 
3 483 1161 1614 
3 18 723 1392 
5 67 1241 1533 2047 2267 
0 
0 
1 333 
3 1079 1689 2396 
3 602 1463 2673 
3 649 694 1183 
3 1267 2561 2777 
2 205 2067 
3 237 2012 2678 
1 797 
2 1023 2588 
4 903 1494 1722 2539 
4 1001 2469 2511 2660 
0 
4 1459 1512 1564 2361 
1 2521 
2 1325 2303 
3 1013 1208 1324 
1 2502 
1 1573 
2 1745 2293 
6 1044 1278 1449 1475 1897 2022 
1 1791 
1 998 
1 2064 
1 501 
0 
3 1646 2480 2512 
0 
2 1130 2677 
3 737 1461 1646 
1 1876 
5 225 864 1411 1700 1832 
1 2271 
3 859 1544 1921 
2 1944 2222 
3 355 618 1417 
4 162 1805 1832 2558 
5 36 143 877 920 2597 
5 380 531 923 1695 2603 
1 1592 
2 2378 2533 
2 468 955 
0 
1 174 
2 741 2697 
2 1493 2162 
1 1137 
2 554 1327 
2 1762 1769 
2 554 1385 
4 542 832 1140 2311 
2 1768 1886 
1 2560 
2 379 2511 
2 260 574 
2 364 497 
4 396 696 2329 2794 
1 1047 
0 
4 361 1514 2315 2481 
5 2083 2183 2421 2449 2681 
4 120 1256 2365 2517 
0 
7 44 600 774 1269 1871 2038 2131 
3 12 588 2446 
2 291 2298 
1 1036 
1 393 
3 721 1833 2757 
2 1886 2480 
3 1104 1376 2738 
3 368 722 2145 
2 1276 2184 
1 2373 
2 1073 1515 
1 81 
1 1998 
2 843 1586 
2 725 2553 
1 1588 
3 52 387 618 
4 518 1931 1967 2734 
3 670 2178 2300 
3 242 471 2517 
1 1581 
1 2358 
3 1554 2186 2334 
4 329 1549 2383 2717 
3 520 2238 2690 
2 1058 1256 
3 236 1267 2005 
2 799 2474 
4 227 574 1194 2339 
0 
1 2082 
0 
0 
1 2362 
4 25 1831 2476 2738 
2 784 869 
1 400 
2 1586 2139 
3 1033 1704 2203 
1 2011 
2 2206 2633 
0 
5 81 1756 2183 2639 2673 
5 682 913 1177 1465 2743 
3 114 685 1235 
5 611 1412 1735 2017 2798 
2 454 2131 
5 494 507 692 2001 2007 
4 290 354 1660 2556 
5 289 1153 1275 1850 2587 
4 252 264 1229 2752 
2 1285 1932 
4 1548 1741 2170 2493 
4 349 1222 1629 2325 
3 224 1150 2307 
3 506 516 2610 
2 13 1289 
2 290 2628 
2 1945 2303 
1 643 
5 1086 1808 1879 2118 2208 
2 1289 2260 
2 574 1050 
1 658 
3 230 2184 2518 
1 1394 
3 363 589 797 
2 1749 1760 
2 473 2260 
2 439 2609 
1 824 
1 462 
1 222 
4 895 1776 1914 1999 
1 494 
2 169 1553 
4 367 914 1677 2384 
3 1358 1876 2305 
2 2310 2748 
1 1659 
3 419 2341 2703 
2 764 1927 
3 148 2233 2339 
2 1538 1720 
2 331 855 
1 75 
1 759 
1 2571 
1 2420 
5 1404 1707 2334 2531 2550 
0 
2 1564 1807 
1 2752 
1 1688 
0 
1 1958 
2 677 1445 
2 851 1788 
2 2360 2422 
4 1526 1745 1776 2744 
3 809 992 2012 
1 1212 
0 
3 113 827 868 
2 1255 1925 
1 93 
5 713 901 1149 1594 1726 
1 1199 
4 9 340 1157 1176 
2 1112 1136 
2 1019 1402 
4 1087 1529 1984 2357 
7 319 483 1144 1350 1570 1618 1628 
2 2466 2502 
2 1135 2551 
1 430 
1 9 
2 29 2104 
2 455 2283 
3 273 622 744 
2 125 1594 
2 705 1901 
1 2307 
3 1014 1092 1580 
4 947 960 2105 2507 
2 809 2182 
2 114 2298 
3 149 1542 2011 
2 531 2386 
3 939 953 1338 
1 1531 
5 778 803 1052 1660 1889 
3 122 528 2617 
4 506 1369 1552 2053 
4 113 1317 1946 2290 
2 330 1892 
4 112 365 512 2344 
0 
5 353 541 1068 1816 2144 
2 1105 2508 
5 968 1426 1555 2278 2764 
2 1346 2168 
1 2418 
1 1397 
2 22 986 
4 265 1886 1891 2500 
3 748 834 2702 
3 42 470 560 
1 2035 
1 781 
3 852 1239 1601 
5 287 1288 1312 1330 2464 
2 315 1453 
4 1087 1987 2087 2773 
4 192 664 1793 2419 
1 2252 
6 824 1266 1410 1693 2237 2739 
5 322 419 430 947 1607 
2 1153 2208 
5 347 2461 2478 2579 2721 
4 587 1881 2356 2685 
3 346 960 1644 
3 1986 2070 2557 
3 73 406 2149 
2 1522 2349 
5 109 691 1297 2583 2638 
2 602 856 
1 2051 
5 77 535 1188 1257 2368 
4 212 1183 2299 2783 
5 69 586 991 1535 2300 
3 1267 1297 2182 
2 1745 1754 
3 169 775 2392 
4 828 1554 1701 2049 
3 298 1646 2330 
3 1466 2306 2754 
4 239 762 1119 2468 
3 174 844 2730 
0 
2 1507 2320 
3 647 2393 2798 
4 437 479 576 1006 
3 910 2008 2605 
5 897 1234 2160 2517 2711 
1 111 
2 645 1307 
2 963 1414 
1 394 
4 118 1406 2220 2396 
3 781 995 1064 
4 470 713 1025 1228 
1 333 
1 1287 
4 925 1078 1535 1559 
2 420 1426 
2 89 1717 
1 928 
2 2253 2695 
3 36 651 1019 
1 1315 
2 1891 2020 
0 
3 1096 1287 2160 
0 
1 71 
1 1854 
1 2415 
3 2071 2197 2295 
2 1007 2288 
3 180 1728 2298 
4 1463 1695 1734 2099 
4 237 976 2079 2598 
5 1473 1493 1745 1886 1993 
3 164 2448 2488 
1 1389 
2 9 976 
3 751 1517 2745 
5 459 1036 1245 1845 2713 
3 862 1027 1410 
1 2282 
3 1315 2433 2624 
3 432 2085 2596 
5 84 784 1444 1630 2403 
0 
5 624 1127 1224 1714 1989 
1 1990 
1 1571 
5 568 1044 1634 1791 2080 
2 1611 2410 
0 
0 
3 861 1467 1832 
3 1086 1287 1634 
2 1046 1749 
2 721 1939 
2 754 2684 
0 
0 
3 86 1710 2562 
3 294 982 2197 
1 963 
5 57 651 1213 1578 1775 
2 429 1767 
1 1644 
5 216 652 1022 1209 1899 
9 20 400 1043 1046 1083 1494 2369 2576 2713 
5 66 78 343 872 1886 
1 1290 
2 1266 1545 
2 875 1962 
3 2 191 2307 
2 2573 2613 
4 66 573 1743 2498 
6 590 1069 1431 1433 1504 2562 
3 523 1232 2159 
4 589 1438 1622 1874 
1 50 
2 200 415 
4 256 437 1465 2479 
0 
5 133 347 807 2203 2546 
2 1390 2488 
1 2484 
2 1159 1292 
5 172 257 996 999 2395 
4 13 347 1111 2379 
2 207 523 
3 113 552 2368 
3 802 835 1162 
5 1067 1986 2251 2321 2693 
1 2349 
0 
3 261 376 2033 
3 429 1430 2745 
5 284 807 1044 1847 2067 
1 79 
4 137 188 655 2287 
1 236 
3 1345 1493 2331 
0 
3 139 999 2578 
6 802 839 1052 1351 1376 2425 
1 555 
1 490 
6 865 919 1237 1674 2092 2428 
0 
0 
0 
2 132 2560 
3 818 1478 2161 
3 459 1471 1559 
3 417 2344 2366 
0 
2 1310 2063 
3 2029 2631 2668 
1 103 
4 1251 1350 1573 2418 
4 531 890 894 2208 
3 421 1635 2269 
1 1046 
0 
0 
1 436 
1 918 
1 1109 
2 595 1537 
6 186 241 1143 1869 1965 2214 
2 822 2799 
5 179 1117 1308 1312 2275 
0 
0 
2 2260 2331 
2 172 848 
3 778 1469 2737 
1 1712 
2 1442 2111 
4 542 868 1437 2450 
4 197 225 943 1181 
4 25 64 133 1435 
2 636 2368 
5 943 959 2249 2303 2436 
1 2192 
5 260 322 625 2187 2536 
1 546 
4 1268 1726 1951 2553 
5 1171 1254 1472 1557 1867 
3 153 1846 2753 
4 560 860 1567 2677 
2 887 2771 
1 1684 
2 478 1077 
0 
5 190 1341 1714 2087 2302 
2 1470 2063 
2 630 2393 
3 801 2113 2775 
3 338 1610 2194 
1 261 
2 475 553 
2 1219 2229 
5 788 877 1042 2132 2558 
1 1810 
3 52 269 2756 
1 923 
1 623 
3 424 1078 2675 
3 869 2665 2712 
3 103 1467 1746 
3 897 1210 2647 
3 1582 1985 2035 
0 
0 
4 2238 2270 2449 2763 
4 477 1906 2570 2615 
2 187 716 
3 358 1400 2226 
2 318 2708 
5 305 680 896 1988 2272 
1 2053 
1 2128 
6 273 352 476 1159 1444 2363 
2 1380 2734 
0 
3 118 1019 1958 
3 924 1318 1984 
4 634 906 953 2212 
2 1572 2317 
5 912 924 978 1626 2578 
4 582 671 1497 1931 
2 1700 2733 
2 1420 2309 
2 740 2299 
4 2113 2229 2336 2748 
3 809 960 1451 
3 210 1383 2080 
2 491 1540 
4 249 1549 1729 2362 
3 185 261 427 
2 436 1080 
2 703 2040 
2 508 2780 
2 1433 1979 
5 106 128 1820 2000 2587 
1 1071 
0 
2 868 2553 
0 
2 2324 2558 
2 948 1583 
3 357 595 816 
1 932 
0 
2 50 1062 
4 351 458 499 2474 
3 457 688 2710 
0 
5 176 1654 2442 2733 2790 
2 1253 2629 
3 156 1009 2650 
4 872 1024 2143 2554 
3 342 616 1636 
3 1057 2008 2396 
0 
2 318 2355 
2 924 1992 
2 1406 1576 
2 2260 2798 
2 738 911 
2 789 831 
1 1466 
2 21 1673 
2 49 2072 
3 468 1857 2479 
5 435 801 1168 1596 2771 
4 247 2012 2133 2556 
2 580 1492 
1 1623 
5 1 881 1743 1799 2438 
2 1166 1219 
2 1263 2228 
1 1245 
2 1278 2539 
4 81 1329 2270 2424 
0 
2 2013 2445 
6 450 506 684 1410 1442 1454 
4 817 1319 1597 1781 
0 
1 2760 
4 33 1579 1981 2285 
4 983 1257 1561 1796 
0 
4 385 944 1464 2304 
2 787 2731 
2 1191 1587 
4 18 1210 1438 1503 
1 2323 
2 1549 2322 
1 987 
2 287 2447 
4 855 1191 1279 1791 
2 147 398 
4 47 173 1808 1880 
2 375 2487 
3 163 298 2521 
2 1322 2428 
2 57 358 
2 78 2123 
2 39 903 
4 314 379 460 2316 
1 1182 
2 642 1670 
5 290 1191 1540 1841 2532 
3 1371 1459 1913 
6 33 207 419 1371 2068 2107 
2 179 412 
3 792 1335 2552 
1 787 
2 660 2656 
2 264 282 
0 
3 664 1586 2551 
2 2043 2075 
1 247 
6 465 985 1520 1826 2321 2706 
3 790 1150 1569 
3 1319 1718 2108 
2 1836 2162 
3 56 1858 2444 
4 254 598 1500 2415 
2 784 2456 
3 732 1144 2521 
2 1457 1629 
2 2419 2470 
4 16 727 836 2562 
1 2243 
6 357 525 568 1401 1912 2299 
1 321 
2 550 786 
2 249 1621 
4 509 942 1039 1529 
2 1292 2410 
4 423 610 2192 2772 
3 947 1292 2331 
1 67 
2 2052 2782 
0 
7 531 1097 1443 1943 2084 2594 2604 
1 117 
5 282 475 1092 1996 2765 
2 1315 1407 
3 358 1422 2775 
1 1004 
1 2584 
3 571 1276 1930 
1 1223 
1 2533 
3 347 786 2538 
2 463 721 
2 434 2642 
3 8 240 1454 
4 289 1194 1717 2643 
8 219 504 996 1643 1688 1691 1724 2050 
2 1129 1456 
4 399 618 847 1782 
3 202 1522 1732 
1 172 
1 1619 
0 
3 571 846 1835 
0 
0 
3 1113 1119 1131 
1 2594 
3 1276 1555 1850 
4 706 1180 1956 2429 
0 
2 2614 2647 
2 43 2162 
4 82 1402 2097 2242 
2 785 1398 
2 1830 1864 
4 187 303 1230 2324 
4 399 1641 2327 2605 
2 2272 2574 
2 471 1547 
2 1517 2296 
1 311 
2 79 1823 
4 132 630 1667 2755 
5 407 604 923 1797 2126 
4 220 601 1027 1114 
0 
1 779 
2 920 1505 
2 1767 2484 
6 129 463 557 1427 1826 1980 
3 37 1411 2536 
3 492 2634 2637 
1 337 
3 1018 1097 1648 
2 2030 2037 
2 1432 2525 
1 731 
3 1174 2102 2708 
3 126 903 1786 
2 186 1492 
2 2117 2560 
4 312 2020 2479 2670 
3 869 1234 2531 
2 127 728 
4 316 1201 1412 2367 
1 1333 
3 372 933 1386 
1 451 
2 862 1228 
2 216 722 
3 553 1925 2315 
2 190 963 
0 
2 828 1486 
3 2448 2615 2671 
2 612 1421 
3 285 1998 2450 
4 361 589 1948 2232 
2 1874 2367 
5 896 1099 1333 1502 2461 
2 1476 2762 
0 
3 1462 1867 1979 
1 1738 
1 1640 
4 43 975 1943 2394 
3 111 2246 2689 
3 87 207 1076 
1 1004 
4 45 369 782 1742 
2 675 703 
7 4 846 1109 1436 2025 2219 2468 
1 2119 
1 2060 
1 2493 
0 
3 355 522 2705 
3 473 1098 1504 
1 2571 
2 569 2248 
4 834 927 2102 2294 
4 619 704 849 1457 
2 1003 1543 
5 89 677 1742 1894 2174 
2 1704 2779 
2 97 317 
1 2367 
1 2270 
3 1910 2330 2688 
3 111 558 727 
4 190 686 1173 1193 
2 54 2454 
4 196 634 1100 2191 
2 1119 1682 
3 26 314 1726 
0 
3 136 553 1900 
2 607 1525 
3 184 549 556 
4 729 1596 2515 2540 
1 2605 
7 284 400 871 881 911 2060 2523 
2 396 829 
4 734 739 1357 2282 
3 926 1699 2008 
0 
5 942 1160 1162 1529 2130 
1 176 
1 5 
5 1478 1853 2141 2255 2260 
2 1718 1850 
4 843 849 1596 2057 
2 2209 2665 
2 311 2793 
2 1460 2738 
3 1731 1913 1997 
2 273 1935 
3 154 205 1731 
3 2283 2516 2601 
7 7 534 542 1891 1974 2361 2445 
1 596 
1 864 
3 561 987 1906 
4 497 2156 2462 2769 
2 972 2290 
2 59 1334 
3 829 987 1860 
3 460 567 2570 
4 258 397 439 578 
6 878 899 1169 2281 2464 2618 
1 1422 
3 812 1447 2698 
4 136 164 1043 1368 
4 1105 1145 1692 2365 
0 
0 
3 107 1124 1622 
1 576 
3 207 630 1618 
4 608 629 1720 2784 
3 114 1551 2597 
3 389 484 661 
4 30 78 1926 2254 
3 431 1101 2031 
4 61 829 2623 2786 
1 2759 
3 240 311 1735 
3 251 1231 1245 
2 1311 2741 
1 1135 
0 
1 2205 
2 807 2057 
2 1524 2584 
1 1503 
1 1011 
2 1978 2637 
5 12 441 462 604 2377 
1 523 
4 460 957 1763 2043 
2 819 2559 
2 1723 1903 
3 2018 2102 2301 
3 1772 1918 2489 
4 335 790 975 1664 
2 143 960 
1 1423 
1 1867 
1 2361 
2 302 392 
1 97 
2 1289 2403 
1 755 
2 1931 2311 
0 
1 1388 
0 
0 
3 1718 1856 2542 
0 
1 2244 
0 
4 291 459 1318 2671 
3 811 1601 2623 
1 2515 
3 1132 1133 1372 
5 388 1371 1520 1941 2187 
3 17 522 1394 
4 1474 1961 2405 2712 
2 1661 1970 
4 180 684 960 1824 
2 2121 2200 
4 62 93 1536 2706 
1 2063 
2 272 1040 
2 1900 2596 
1 1782 
4 1053 1960 2401 2653 
1 2792 
2 663 2090 
2 1232 2122 
2 483 2287 
5 558 1361 2301 2393 2399 
3 893 1687 2722 
5 940 1988 1998 2293 2436 
2 2274 2617 
4 611 2125 2215 2540 
0 
3 743 1373 2365 
1 2638 
3 406 1537 2702 
2 821 2573 
3 554 1199 2475 
2 1526 2085 
2 301 1034 
3 1155 2256 2654 
4 788 1198 1848 2246 
2 1575 1647 
1 767 
0 
4 513 867 1084 1527 
1 1169 
0 
3 503 2074 2178 
5 834 897 1104 2235 2743 
2 645 1216 
2 723 1230 
1 334 
1 865 
2 533 1566 
3 1635 2127 2673 
4 649 1851 2029 2298 
1 2140 
2 1982 2006 
2 129 1049 
1 1241 
5 325 1170 1316 1449 2714 
1 1352 
2 487 2675 
1 449 
2 818 873 
5 581 1215 1663 1910 2684 
2 556 1630 
3 26 66 597 
3 952 1664 1979 
4 225 296 932 2019 
3 1221 2345 2383 
3 932 1060 1890 
1 84 
2 484 997 
1 1257 
2 995 2030 
4 556 934 1114 2457 
1 2741 
0 
1 336 
4 109 994 1104 2076 
2 461 1166 
4 180 427 901 1039 
1 774 
1 2413 
3 70 420 1317 
0 
3 634 1422 2781 
3 75 259 2290 
2 1052 1608 
1 1825 
6 830 2020 2142 2297 2468 2563 
3 284 1104 1179 
1 96 
3 241 1182 2266 
6 309 1151 1267 1569 1645 1665 
1 1820 
2 627 1132 
5 67 81 1300 1603 1861 
3 643 1488 1815 
1 1248 
3 58 617 889 
2 106 1111 
5 20 721 937 1575 1818 
2 854 1088 
4 65 166 910 1026 
1 237 
2 992 1969 
2 1012 2444 
2 969 2248 
4 1004 1826 1854 2325 
1 891 
3 1374 1649 2276 
1 634 
3 1246 1517 2122 
0 
3 968 1295 2287 
3 196 585 2654 
1 1518 
0 
1 152 
0 
1 391 
0 
2 164 1239 
1 236 
3 483 1461 1517 
2 1883 2072 
1 2574 
0 
3 1094 1225 1740 
4 659 891 957 2753 
3 624 924 2138 
3 347 474 2108 
3 235 334 435 
1 1047 
1 1750 
0 
1 1148 
1 369 
2 187 1245 
2 1114 1340 
5 160 358 361 932 1263 
2 192 1213 
1 288 
2 29 858 
4 82 1996 2054 2561 
2 264 2272 
1 414 
1 2169 
2 627 2017 
0 
3 403 673 2282 
2 452 688 
4 34 241 450 2520 
7 212 470 895 1205 1476 1488 2736 
3 15 448 1480 
0 
3 1143 1372 2133 
1 403 
5 842 1184 1703 2284 2780 
1 2431 
1 1339 
2 1283 2095 
3 777 1399 2601 
2 1406 2694 
3 554 1659 2524 
3 789 1159 1292 
3 88 387 2649 
2 808 2494 
2 2445 2675 
3 50 612 2198 
5 59 77 498 1964 2244 
6 284 848 872 1661 1947 2118 
2 458 1378 
5 163 363 984 1396 2624 
5 761 1709 2003 2143 2425 
2 1738 2664 
3 1054 1131 1999 
2 1915 2488 
1 805 
1 1268 
2 647 2387 
1 927 
3 401 1861 1990 
1 1204 
3 730 1766 1908 
4 701 1055 1116 1800 
1 2711 
3 1326 2032 2530 
3 811 1839 2694 
5 8 316 526 753 2433 
2 700 852 
2 818 1193 
0 
7 29 307 595 1004 1567 1596 1797 
3 1573 2307 2593 
3 371 872 969 
1 412 
3 1109 1641 2176 
0 
2 1730 1755 
6 276 627 769 1620 2358 2640 
0 
1 1415 
3 226 1006 1557 
3 433 1736 2287 
3 1144 1457 1734 
3 248 790 1845 
3 905 2320 2731 
2 1045 2327 
3 632 975 1558 
3 495 1584 2388 
3 1403 1465 1770 
2 1084 1580 
2 310 2106 
3 920 2161 2680 
3 170 433 1108 
3 801 1576 2468 
1 698 
1 1028 
4 1067 1904 2059 2647 
2 1574 2008 
1 429 
4 155 691 715 1140 
4 1113 1837 2161 2449 
2 693 2282 
0 
0 
0 
2 653 1990 
2 441 2463 
6 3 112 234 784 798 2716 
0 
4 1092 1285 1297 1557 
3 247 361 1105 
1 66 
3 465 1709 2777 
2 1626 1665 
7 371 828 1369 1958 2448 2563 2732 
2 290 2114 
2 412 1460 
1 1942 
1 2666 
1 335 
3 835 1630 2029 
2 331 1451 
1 1880 
4 58 467 1015 1805 
2 907 1983 
2 2703 2785 
3 1709 2150 2497 
4 177 610 1627 2108 
4 26 1642 1721 1898 
0 
0 
4 224 790 1324 1944 
4 1186 1640 1812 1978 
3 226 1564 2525 
5 370 1158 1640 2608 2632 
3 100 934 1322 
1 1095 
0 
0 
6 1046 1600 1703 1850 1973 2455 
1 1614 
4 485 509 790 2544 
2 731 1151 
5 507 901 1428 1607 2299 
1 2423 
1 1659 
2 261 2163 
3 44 906 911 
3 977 1416 2590 
2 76 1079 
1 2333 
2 1953 2501 
0 
4 1250 1619 1621 1698 
4 1202 1561 1906 2436 
2 598 1615 
4 10 1181 2103 2391 
2 839 922 
2 327 1457 
5 43 640 643 853 1793 
3 83 1403 2065 
1 1219 
3 1474 2573 2690 
2 1900 2623 
3 405 2007 2532 
3 1717 1932 2295 
2 335 2097 
4 283 593 1075 2191 
0 
3 92 486 2381 
3 1965 2630 2749 
3 306 1760 2457 
3 757 1528 1632 
2 726 809 
6 1375 1535 1789 1945 2447 2659 
5 138 217 496 1688 2083 
1 1427 
3 395 1350 1430 
3 93 1457 1600 
3 2399 2414 2748 
3 1208 2145 2673 
2 1855 2792 
0 
2 1130 1691 
1 2606 
0 
3 383 1089 2483 
5 420 540 963 2132 2227 
1 2067 
0 
1 754 
2 382 2571 
1 2341 
2 2097 2451 
1 1838 
2 1279 2323 
0 
1 1008 
2 66 426 
2 1817 2567 
4 185 1389 2146 2210 
3 771 1181 1662 
3 616 2117 2719 
2 252 2146 
3 1181 1670 2197 
2 82 1319 
4 223 834 2363 2659 
4 85 291 1924 2785 
3 132 652 889 
1 2370 
3 540 1863 2594 
3 1640 2119 2211 
2 1290 1705 
3 645 1048 1753 
2 852 2123 
1 1708 
3 1522 1626 2717 
2 716 1270 
2 1699 1835 
0 
1 767 
4 1702 1802 1890 2480 
4 1538 1599 1613 2065 
3 121 354 917 
4 273 1954 2123 2342 
3 5 993 2289 
1 2478 
3 903 1011 2263 
4 566 1764 1948 2019 
4 424 2223 2463 2690 
4 874 1180 1652 2572 
5 1145 1296 1364 1756 2188 
0 
5 761 1325 1796 2000 2710 
2 411 1615 
2 624 2140 
3 1347 1882 2116 
2 201 1181 
1 2417 
5 409 784 1003 1280 2165 
3 85 1954 1958 
2 888 2165 
3 581 1055 2387 
3 500 1563 1986 
4 1301 1303 1960 2172 
2 1184 2080 
1 2719 
6 567 889 1569 1972 2069 2499 
3 409 723 1332 
1 1568 
1 79 
2 1249 1539 
1 1924 
3 1492 2335 2347 
2 730 1800 
4 42 1255 1269 2349 
7 931 1096 1811 1871 1941 2181 2310 
1 443 
5 633 777 850 891 2068 
3 1026 2204 2741 
1 2145 
0 
4 482 546 745 912 
2 575 1498 
0 
2 80 188 
1 1700 
2 351 850 
4 551 1563 2086 2137 
2 720 1718 
1 2778 
2 36 2667 
0 
4 745 1658 1867 2402 
0 
5 159 497 530 662 2443 
3 1345 2564 2682 
1 1715 
2 259 2105 
3 1548 2108 2209 
2 921 1214 
3 324 665 1927 
4 386 662 1889 2017 
3 241 1575 1816 
1 1854 
4 67 1349 1940 2512 
2 1877 1893 
2 52 2416 
1 920 
5 258 751 777 1814 2356 
1 232 
2 376 546 
3 526 2456 2608 
1 2172 
1 1105 
4 1183 1382 1981 1991 
0 
0 
0 
1 1224 
1 316 
5 432 775 1909 2195 2393 
3 1661 1818 2215 
1 2188 
6 229 242 635 906 1119 2454 
0 
4 350 832 1646 2421 
1 1837 
3 397 1809 2732 
3 1109 1720 2239 
5 485 1209 1557 2747 2783 
1 2344 
2 1096 1811 
2 1549 1741 
2 2106 2687 
1 1708 
0 
2 451 2586 
5 650 1610 1868 2453 2658 
0 
3 769 2297 2341 
2 738 1121 
2 329 1795 
3 296 1020 2420 
5 453 1743 1799 1959 2135 
5 555 1619 2423 2519 2748 
0 
1 1776 
2 86 1461 
3 25 816 1770 
1 1686 
7 296 493 595 1465 1789 2244 2614 
1 279 
3 1061 1458 2677 
2 2187 2296 
0 
2 1207 2543 
3 1376 2044 2570 
2 518 1452 
5 308 1143 1215 1472 2708 
1 2586 
0 
1 1846 
3 329 1200 2277 
2 511 712 
4 645 650 910 1901 
1 682 
2 53 2426 
3 60 1188 1705 
2 1146 2363 
5 549 1587 1794 2120 2384 
1 1681 
2 1552 2116 
1 1990 
1 1131 
2 2043 2722 
1 115 
0 
4 400 896 1570 1875 
5 460 541 1005 1829 2551 
2 953 2608 
1 1402 
4 555 2206 2512 2738 
5 493 727 1193 1296 1626 
5 302 1417 1876 1958 2447 
0 
3 213 451 1295 
6 47 245 884 1472 1771 2319 
1 1668 
3 343 544 1364 
2 1091 2107 
3 1147 2099 2503 
2 2177 2186 
3 1312 2009 2345 
2 1460 1546 
1 2620 
3 249 1697 2768 
1 1200 
1 2484 
1 166 
4 1004 1248 1353 1760 
2 459 1805 
1 985 
2 434 2237 
2 677 1743 
4 45 161 202 2754 
0 
6 934 1244 2040 2204 2363 2595 
1 1845 
3 644 755 1851 
3 1773 2120 2152 
1 2096 
1 738 
3 1121 1609 2388 
2 838 2352 
3 413 1723 2649 
3 170 1489 2407 
2 403 1959 
0 
5 665 683 823 891 925 
1 202 
0 
3 809 1769 2735 
2 1433 1708 
3 823 879 1305 
1 813 
3 290 581 1773 
3 339 357 1269 
3 137 264 2779 
0 
1 634 
1 1615 
2 923 1980 
3 1282 1381 1650 
4 325 446 799 1832 
1 426 
3 369 1347 2466 
3 405 1583 2323 
0 
4 1032 1308 1641 2242 
3 2551 2565 2696 
2 208 1548 
1 1788 
4 366 1274 1427 1949 
2 380 2663 
1 1155 
4 1132 1301 2675 2794 
5 332 751 2244 2299 2537 
5 291 1541 1969 2302 2685 
1 2254 
0 
3 1349 2130 2435 
2 292 2295 
0 
3 647 2253 2701 
0 
4 472 2006 2210 2690 
2 1694 1739 
2 782 1236 
2 504 1328 
6 481 759 1768 2358 2642 2685 
0 
1 52 
2 1173 2645 
3 695 1047 1359 
3 729 1652 2031 
3 1953 2076 2597 
1 522 
2 180 1302 
1 123 
2 2025 2193 
3 198 265 399 
4 913 2027 2095 2135 
1 1772 
3 1372 1743 2137 
4 411 463 1604 2695 
4 1166 1251 2155 2298 
3 83 648 1618 
3 736 1661 2688 
1 812 
1 1535 
3 73 1243 1715 
2 432 1910 
3 39 602 2375 
2 386 1003 
0 
4 108 429 1638 1933 
2 1711 1727 
1 57 
2 1194 2542 
0 
6 773 1042 1601 1727 1851 2462 
2 1811 1884 
5 116 509 574 1383 1731 
3 554 1374 2254 
1 928 
2 298 1967 
5 61 1534 2333 2410 2642 
4 985 1657 2423 2710 
1 2177 
5 3 427 695 1963 2307 
0 
3 1469 1915 2762 
3 1375 2610 2636 
2 2295 2482 
2 518 1734 
2 503 1626 
1 1305 
1 2782 
2 42 2216 
1 141 
4 1342 1619 2610 2656 
4 1060 1248 1430 2232 
9 265 1215 1899 1998 2066 2129 2603 2660 2794 
3 163 1108 1782 
3 3 598 1419 
5 550 1611 2413 2461 2796 
2 789 1043 
1 1028 
5 840 948 1730 2111 2493 
3 583 831 2332 
3 1036 1390 2194 
2 45 903 
6 231 904 1546 1592 1840 2277 
3 99 1782 2551 
2 38 1083 
1 891 
2 135 2432 
2 2357 2717 
4 167 1168 1508 2055 
2 522 1301 
4 690 1242 1390 1980 
2 751 1540 
2 1061 1720 
4 6 725 2075 2319 
3 133 476 2067 
1 1538 
1 146 
1 704 
5 63 1419 1923 2304 2531 
3 131 725 1651 
4 861 1080 1290 1584 
5 199 1860 2302 2487 2746 
1 2251 
4 74 369 717 805 
6 514 621 778 1093 2395 2398 
3 88 1103 2169 
1 2465 
0 
0 
5 561 723 1512 1769 2504 
1 1348 
4 362 1431 1715 2334 
3 879 1227 1453 
0 
1 634 
0 
0 
4 91 1257 1937 2190 
2 234 587 
2 1939 2215 
1 2774 
5 379 553 973 1417 1607 
2 1220 1437 
3 227 1329 1932 
1 1551 
2 27 951 
0 
3 826 1028 2750 
0 
2 1220 2759 
1 677 
1 120 
3 539 1058 1874 
1 2211 
1 2740 
3 1141 1345 1842 
1 1824 
2 139 2754 
2 576 2115 
1 612 
2 80 164 
3 560 852 2428 
2 1181 2245 
4 64 241 845 2228 
5 1164 2073 2172 2320 2750 
3 811 1037 2668 
2 1508 2183 
2 522 1996 
1 547 
3 1297 1338 2428 
1 157 
3 531 1583 2593 
3 1259 1287 2442 
2 103 2758 
0 
5 590 972 1012 1379 2473 
2 637 2176 
2 1647 1709 
2 1980 2082 
5 620 953 1675 2002 2439 
2 1133 1745 
2 541 1734 
3 840 2176 2649 
4 28 886 2486 2703 
4 553 1090 1489 2627 
3 597 2052 2447 
1 1409 
2 1141 2001 
3 485 1442 1933 
2 2147 2359 
1 527 
2 890 2453 
3 906 1053 1732 
0 
2 708 2066 
2 674 1662 
2 1166 2346 
2 900 1399 
1 1755 
3 831 1011 2352 
0 
2 492 2623 
4 122 228 236 1385 
2 134 2745 
3 380 963 2235 
2 436 2615 
1 80 
5 584 1525 1939 2569 2690 
4 297 1878 2213 2697 
4 7 1198 1653 1680 
1 398 
3 517 889 1858 
1 2263 
0 
3 1223 1266 1348 
1 1643 
2 511 795 
6 477 525 802 1765 2287 2323 
3 1577 1801 2355 
2 1133 1857 
4 1145 1495 1614 1766 
1 546 
1 277 
3 322 994 1986 
2 6 2323 
2 1014 1051 
3 343 563 1602 
1 2046 
2 1723 1839 
3 1226 1689 2305 
3 738 1535 2368 
5 1258 1698 2244 2477 2770 
4 147 1837 1877 2708 
1 1377 
6 1386 1476 2270 2286 2615 2748 
4 1126 1701 1711 2793 
1 495 
2 578 1392 
2 1209 2335 
1 1416 
1 1038 
2 61 1980 
3 560 1292 1918 
3 677 724 2261 
3 1019 1674 2531 
3 539 1093 1520 
1 2786 
3 1811 1939 2162 
2 242 2523 
3 1755 1941 2258 
2 51 1494 
2 715 2543 
3 1418 1722 2162 
1 1295 
1 1453 
2 1078 1538 
2 816 2167 
3 685 1667 1747 
3 584 1687 1690 
3 2077 2349 2526 
1 382 
1 841 
1 1613 
2 427 2636 
3 34 1877 2708 
1 535 
1 536 
3 153 214 1943 
4 185 1309 2372 2702 
1 2458 
1 80 
4 254 933 2753 2754 
4 16 862 881 2235 
4 968 1578 1587 2299 
8 99 406 482 659 1146 1197 2135 2140 
3 1633 2598 2790 
3 3 312 514 
2 1726 1728 
3 333 2228 2347 
3 222 2144 2359 
1 819 
3 1511 2013 2648 
2 730 2693 
0 
5 134 295 1731 1780 2052 
0 
3 1269 2441 2531 
2 470 2680 
6 1561 2064 2070 2343 2485 2536 
2 1859 1966 
2 696 1409 
2 139 2742 
1 144 
1 1743 
2 803 849 
4 131 674 720 2054 
3 544 686 742 
2 527 2539 
2 700 1859 
5 435 1001 1372 1821 2249 
5 138 146 1718 1790 2518 
1 2474 
2 2025 2415 
3 74 1278 1654 
2 1000 1161 
2 1937 2646 
4 564 1015 1988 2453 
1 1788 
0 
5 283 520 886 918 1691 
1 1533 
5 43 2619 2640 2648 2658 
3 240 334 1377 
0 
1 2525 
3 19 716 939 
2 1746 1874 
2 1337 2790 
2 718 1849 
1 2692 
4 738 836 976 2289 
4 274 1298 1766 2597 
3 21 1687 1923 
2 1698 2041 
2 1044 2673 
1 2096 
2 985 2747 
3 1392 1789 2027 
2 1976 2266 
2 16 2265 
2 2396 2532 
1 1257 
2 867 2246 
0 
4 174 451 648 2549 
3 246 1716 2275 
0 
1 2381 
2 1034 2364 
3 1674 2492 2711 
4 315 1098 2051 2166 
4 477 1018 1051 2406 
0 
1 362 
3 1243 1979 2399 
3 121 218 760 
1 141 
4 210 1410 2092 2160 
0 
3 391 834 1870 
2 702 1031 
1 1796 
0 
1 2447 
2 1198 1906 
4 1154 2381 2482 2683 
7 535 571 1366 1534 1818 1914 2119 
2 576 2050 
5 1252 1402 2220 2469 2771 
1 2712 
2 1265 1471 
3 520 999 2187 
2 52 452 
3 948 2010 2397 
1 833 
4 295 876 1921 2311 
5 539 1328 1916 1961 2593 
2 1295 2317 
1 1401 
0 
2 570 2137 
2 115 486 
5 739 746 990 1085 1295 
1 2131 
2 2271 2369 
2 1714 2100 
2 162 428 
1 2217 
3 49 1456 2216 
4 75 288 612 2270 
3 431 2330 2408 
2 977 2747 
5 1031 1101 1273 2122 2267 
4 254 277 646 2262 
4 1036 1203 1509 2676 
3 210 352 2375 
1 1391 
3 63 987 2223 
1 1474 
3 571 1830 1990 
2 818 2679 
1 416 
1 2432 
1 1315 
5 898 1289 1514 1588 2738 
3 435 796 1304 
1 1522 
1 1108 
1 2122 
6 426 955 1387 1478 1568 2105 
5 227 887 2550 2571 2668 
2 1712 2208 
3 812 1310 1450 
0 
0 
3 198 633 1390 
2 1266 2548 
4 886 1652 1919 1971 
2 1205 1821 
3 567 1453 1807 
6 679 804 888 1417 1943 2711 
6 847 1050 1155 1630 1914 2161 
3 152 696 848 
2 1348 1388 
3 1011 1915 2009 
4 629 736 999 2422 
3 171 1111 2006 
2 755 2117 
4 132 246 390 854 
7 279 559 732 800 929 1558 1967 
0 
1 1049 
3 607 756 1743 
4 236 664 1359 2253 
0 
1 483 
1 266 
2 673 1236 
2 1128 2359 
3 1045 2255 2381 
0 
2 1854 2001 
5 52 858 1571 2052 2390 
5 534 948 1143 2482 2682 
2 50 1116 
6 1115 1682 1904 2105 2112 2671 
4 1066 1201 2334 2483 
3 273 731 1472 
2 2485 2549 
2 1202 1572 
0 
2 670 2492 
4 577 853 1274 2268 
3 957 990 1162 
1 1987 
6 51 192 346 458 1637 1964 
5 700 767 2019 2324 2495 
3 288 1740 2126 
3 200 1051 2635 
0 
2 116 121 
2 706 760 
0 
5 758 1679 1807 2434 2490 
1 1711 
1 2176 
5 142 814 970 1798 2780 
2 1432 1860 
2 2084 2397 
2 1740 2166 
1 2547 
4 842 949 1742 2147 
0 
2 263 379 
3 572 1881 2087 
1 2682 
0 
2 1082 2106 
3 838 1776 2768 
3 789 1995 2484 
4 540 699 1564 1927 
4 256 2077 2167 2316 
3 591 776 2692 
5 541 627 1305 1354 2798 
2 711 1055 
4 1039 1693 1836 1874 
2 178 2226 
3 675 1319 1394 
5 80 294 295 587 970 
3 1230 1244 1272 
5 356 846 946 998 2118 
4 115 924 2262 2600 
2 82 1696 
0 
1 2156 
2 687 2521 
0 
3 418 1950 2273 
2 276 504 
3 443 1343 2661 
2 411 654 
3 331 944 2727 
0 
6 175 1656 2225 2243 2317 2395 
0 
2 701 1432 
4 410 754 1837 2529 
1 2602 
1 806 
2 1544 1729 
2 1574 1880 
0 
3 2320 2419 2702 
1 1643 
4 19 54 851 2424 
5 58 859 1013 1388 1788 
2 1251 2476 
4 233 943 2012 2381 
4 616 867 1080 2218 
2 2251 2346 
1 2012 
3 1388 1666 2232 
1 514 
3 418 485 1383 
1 1760 
2 901 1357 
2 236 2705 
1 1374 
4 2229 2505 2582 2723 
2 540 1883 
2 362 2268 
2 458 2765 
3 907 1160 1964 
0 
1 344 
3 1446 1983 2776 
2 186 1666 
3 885 1148 2190 
1 1774 
3 280 1725 2788 
4 471 601 820 975 
3 832 1152 2390 
3 567 766 1810 
2 674 1793 
7 111 152 344 368 494 776 2303 
4 169 1631 1812 1965 
5 226 436 1101 2392 2640 
5 236 322 960 1538 2668 
1 1834 
2 387 2565 
5 397 963 1124 2049 2057 
1 1194 
1 272 
1 1523 
2 1994 2280 
2 899 1553 
1 2341 
1 1918 
4 341 999 1390 1641 
1 182 
1 1096 
3 559 2067 2669 
1 2466 
4 298 594 602 2174 
5 182 203 1075 2060 2747 
2 1762 2638 
2 1147 1470 
3 1103 1305 1532 
1 678 
6 218 1118 1661 1851 2073 2241 
5 72 892 1240 1601 2492 
3 674 1031 1587 
2 995 1242 
3 256 308 1680 
0 
3 1805 2079 2194 
3 1277 1791 2479 
4 237 268 1626 2633 
4 1149 1779 2543 2653 
2 1438 1658 
2 2157 2665 
0 
1 2713 
3 837 1245 1983 
3 461 1309 1958 
5 1593 1716 2480 2577 2716 
3 829 1315 2584 
3 573 2014 2746 
4 418 791 1903 2440 
0 
4 855 1257 1453 1580 
2 625 2246 
3 257 1152 2579 
0 
0 
2 2063 2632 
3 705 1072 2189 
2 267 1398 
2 712 2394 
2 264 2119 
2 837 1713 
5 409 937 1091 1227 2454 
5 430 640 683 1708 2463 
2 365 673 
4 129 1971 2243 2321 
3 528 1673 2324 
6 549 941 1214 1865 2357 2577 
3 238 2176 2326 
3 2071 2594 2638 
3 168 1122 2009 
3 892 940 1541 
2 212 1349 
2 2341 2777 
0 
4 585 2227 2329 2448 
4 730 1260 1986 2539 
1 1531 
2 2334 2700 
0 
1 1613 
2 931 2680 
1 1734 
1 823 
1 1638 
2 631 791 
4 521 1858 2584 2762 
3 133 2017 2754 
1 2406 
0 
1 802 
1 817 
1 2682 
0 
3 625 667 2602 
3 640 1772 1849 
0 
0 
2 1285 1370 
3 119 305 1304 
3 675 697 862 
2 742 2188 
3 262 448 1812 
1 1516 
4 628 1123 1150 2373 
0 
2 1287 2136 
1 1528 
3 1221 1620 2202 
1 2147 
0 
1 151 
1 2384 
2 90 1551 
7 255 499 767 1228 2006 2132 2174 
3 1131 1651 2218 
3 242 654 1175 
2 220 482 
1 2774 
4 193 1001 1216 2176 
2 166 1914 
1 1176 
4 624 1100 2185 2493 
3 10 1285 1392 
1 2698 
3 285 1364 1956 
4 334 1823 2139 2456 
1 1628 
0 
2 939 2671 
1 2348 
3 496 2294 2618 
4 383 577 2222 2326 
3 767 2288 2582 
6 128 792 1140 1846 1907 1991 
4 86 369 1135 2645 
3 692 1003 1064 
1 1078 
1 95 
2 726 1093 
2 840 2729 
3 650 1019 1066 
3 149 1346 2762 
3 666 967 1226 
4 138 204 619 1508 
3 917 932 1153 
2 1453 1601 
1 1763 
4 254 1907 2427 2732 
0 
4 1686 2593 2628 2722 
0 
2 28 2095 
4 1032 1313 1824 2649 
4 765 1264 1678 2288 
2 276 1717 
5 470 930 1397 1649 2662 
3 584 1203 1490 
1 378 
2 39 924 
4 308 335 2463 2484 
2 959 1046 
2 837 2470 
0 
0 
3 217 2406 2550 
2 546 843 
4 1172 1339 2464 2503 
0 
2 1804 1827 
2 727 1061 
1 623 
1 220 
2 518 1635 
3 203 394 2709 
1 2712 
4 1558 2059 2254 2567 
5 1166 1192 1697 2486 2755 
4 25 215 1874 2736 
2 900 1381 
4 651 1326 1933 2209 
2 890 2163 
0 
2 395 2369 
2 1304 1526 
2 2385 2511 
3 275 652 1980 
3 121 1166 2740 
4 861 1202 1286 2666 
2 201 1671 
1 325 
5 234 245 1621 1779 1847 
1 747 
4 115 733 1970 1978 
1 492 
2 562 2707 
4 9 394 487 930 
3 1196 1818 2726 
4 1032 1240 2093 2122 
0 
2 810 1391 
3 380 1315 2548 
2 138 2199 
1 1862 
2 110 488 
1 272 
5 1330 1369 1650 2089 2764 
4 583 588 899 1537 
0 
0 
1 2072 
2 735 2567 
3 525 1076 2730 
1 1657 
1 973 
2 1621 2473 
3 526 718 2455 
2 155 1217 
1 2336 
3 378 1970 2151 
2 1217 1342 
5 843 1395 2443 2486 2673 
1 720 
6 88 578 1564 2199 2424 2671 
1 15 
3 1178 1927 1964 
3 223 1180 2730 
0 
3 1930 2552 2704 
2 303 2193 
3 1027 1196 1583 
3 605 2169 2199 
4 1530 1882 2070 2570 
3 459 538 1077 
0 
0 
2 1383 2456 
2 1401 1479 
0 
2 1137 1978 
0 
2 1805 2199 
2 1661 1693 
4 154 194 625 1980 
3 29 258 2377 
1 2573 
1 1911 
3 241 1539 2676 
4 176 1025 1298 2458 
4 389 1605 2605 2760 
1 1758 
5 208 973 2053 2288 2425 
1 2439 
2 448 1227 
5 1240 1368 2323 2546 2640 
2 94 279 
7 486 617 720 1416 1667 2212 2638 
1 2793 
5 370 1024 1424 1532 1913 
2 2272 2664 
4 110 642 1006 1820 
1 621 
4 17 60 200 2278 
3 1578 2175 2498 
2 569 674 
5 257 1763 2321 2353 2509 
1 2243 
5 7 523 914 1427 2731 
3 838 1915 1927 
0 
1 1801 
3 421 1274 1945 
1 1252 
5 702 1649 1716 1923 2095 
0 
2 2207 2360 
3 491 948 2170 
3 194 1527 1552 
5 300 305 469 876 1942 
2 460 1907 
3 658 2096 2754 
2 1317 2541 
0 
2 134 2495 
2 509 1921 
6 505 824 1396 2156 2390 2772 
3 758 1612 2071 
1 2645 
3 80 1262 2404 
2 1143 1378 
3 128 379 2612 
5 1035 1223 1826 2120 2152 
1 2591 
3 1073 1720 1965 
5 402 862 1550 2227 2298 
5 443 1025 1374 2247 2592 
4 287 896 924 2460 
2 356 1422 
2 149 322 
2 1594 2463 
4 159 701 1703 1995 
0 
2 1689 1733 
1 2773 
3 40 549 837 
4 203 1389 1842 2567 
2 480 2406 
0 
0 
1 2614 
1 2379 
0 
3 31 585 2557 
4 237 856 2629 2643 
3 1112 1571 2684 
3 1601 1795 2565 
3 56 1048 1075 
2 695 1040 
1 1889 
2 1517 2595 
2 588 992 
6 499 684 712 1300 1849 2282 
1 834 
2 2042 2604 
4 489 1334 1439 1746 
1 2179 
2 721 1410 
1 777 
3 895 952 2091 
5 292 554 2009 2465 2750 
5 191 1797 2214 2269 2442 
6 498 756 1051 1666 1812 2122 
2 416 1657 
4 224 2035 2052 2746 
1 367 
2 728 770 
4 478 1005 1493 2159 
6 854 1872 2045 2159 2504 2697 
2 1208 2594 
1 1021 
1 682 
1 2061 
2 1331 2037 
2 1107 2666 
0 
4 1246 1969 2503 2559 
2 1031 2778 
4 115 452 818 2623 
2 1168 2409 
0 
0 
2 1863 2356 
1 1309 
1 2119 
3 1007 1092 2246 
3 47 1161 2702 
2 831 2720 
2 2028 2535 
4 131 145 1014 1170 
1 2413 
5 78 94 619 1599 2490 
2 1757 2763 
2 1270 1895 
4 462 1059 1522 2344 
1 1449 
2 1164 1975 
2 847 1797 
1 1325 
3 379 1612 1694 
3 165 1330 2134 
0 
3 19 458 2417 
0 
5 159 390 1075 2163 2205 
1 416 
2 1384 1668 
3 1299 2123 2674 
3 670 1913 1980 
0 
1 1983 
0 
5 247 723 859 1085 2361 
1 986 
1 1 2 1 1 2 2 2 2 2 1 1 2 1 1 3 1 2 1 2 2 2 1 1 1 3 3 1 3 3 1 1 1 2 4 1 1 1 2 2 1 1 1 1 1 3 1 4 2 1 1 2 3 1 1 2 2 3 3 2 1 3 1 2 1 1 2 2 1 1 1 1 3 2 2 2 2 2 3 3 2 2 3 1 2 2 4 2 2 2 1 1 1 2 2 1 2 2 1 2 2 1 1 1 1 1 1 1 1 3 2 2 1 2 3 3 2 1 2 1 2 2 2 2 1 2 1 1 4 3 1 1 3 1 1 1 2 2 3 1 1 2 2 2 2 1 2 2 1 1 1 1 2 1 1 1 1 1 1 4 1 3 3 2 2 1 2 1 2 1 2 3 2 1 1 1 3 1 2 2 2 1 1 1 1 1 1 1 2 1 3 2 1 1 1 1 2 3 1 1 2 2 1 3 2 3 1 2 3 1 2 1 2 1 1 2 2 1 2 2 2 1 2 1 1 1 2 2 1 1 2 2 1 2 1 2 4 1 1 1 1 3 1 3 1 1 1 5 1 2 1 3 2 1 3 1 1 2 1 2 1 4 1 1 2 1 1 1 1 2 3 1 1 2 1 1 3 4 1 2 1 1 2 3 4 1 1 1 3 1 1 2 2 1 4 3 3 1 2 1 1 3 1 3 2 1 3 2 1 1 1 1 1 1 2 1 2 2 1 1 1 1 1 1 2 3 1 1 1 1 3 2 1 2 4 1 2 1 2 1 2 2 1 2 1 1 2 1 1 1 1 1 1 1 3 1 2 2 1 1 1 1 2 2 1 3 1 1 2 2 1 1 2 1 2 1 1 2 1 2 2 1 1 1 1 2 1 2 1 3 1 2 1 1 3 1 2 1 2 3 3 1 1 1 1 2 3 1 1 1 1 3 2 2 1 2 3 1 3 3 1 3 1 2 2 1 2 1 2 2 3 3 2 2 1 2 2 1 1 1 2 1 1 2 1 1 1 1 1 2 1 1 2 1 2 2 1 2 4 2 1 2 1 2 1 1 1 1 2 3 1 1 2 2 1 2 1 2 2 1 2 1 2 3 2 3 1 2 2 1 1 3 2 2 1 2 1 1 2 1 2 1 1 2 2 1 1 2 1 2 1 1 1 2 1 1 1 1 2 1 2 2 2 2 1 1 1 2 2 1 2 1 2 1 3 3 2 1 2 1 2 2 4 1 2 1 2 1 1 1 2 2 1 2 3 2 1 2 1 1 2 3 1 2 1 1 1 2 2 2 1 1 3 1 5 1 3 1 1 1 1 1 1 1 1 3 1 3 1 2 1 1 1 1 1 2 1 3 3 1 1 1 4 1 1 1 1 1 1 1 2 3 3 1 1 1 3 3 3 2 1 3 1 1 3 1 1 1 1 1 1 1 2 2 2 1 2 2 2 1 3 1 2 2 2 2 1 3 1 2 2 3 3 1 1 1 1 2 2 2 2 2 1 1 3 2 2 1 2 2 1 1 1 3 2 3 1 3 3 1 1 2 2 1 3 1 1 2 2 1 2 1 2 2 1 3 2 2 2 2 1 2 1 2 2 2 3 1 1 1 1 1 1 1 1 1 2 2 3 1 3 1 2 2 1 3 2 3 3 2 2 2 2 2 2 2 2 1 2 3 1 1 1 1 1 2 1 2 1 2 1 2 2 2 2 2 1 2 1 1 2 2 1 1 2 1 1 3 1 1 2 1 1 1 1 1 1 2 1 2 1 3 2 1 3 1 1 1 1 2 2 1 3 1 1 1 1 3 1 1 1 4 2 3 1 2 2 2 1 2 1 2 1 1 2 1 3 2 2 2 1 2 2 3 4 3 2 1 1 3 3 2 4 1 3 2 1 3 2 1 2 1 1 2 1 1 1 3 3 2 2 2 2 1 1 2 2 1 1 1 2 1 2 1 1 1 1 3 1 2 1 1 3 2 3 1 3 2 1 3 1 1 1 2 1 2 2 2 1 2 2 2 1 1 1 1 1 1 1 3 3 1 1 2 2 2 1 1 1 1 2 3 1 2 1 1 1 2 2 1 2 1 1 4 1 1 1 2 2 1 2 3 2 3 3 2 1 3 1 3 1 1 2 1 2 1 4 1 1 1 1 3 1 3 1 3 1 2 1 2 4 1 2 2 1 1 1 2 1 1 2 1 1 1 2 2 3 1 1 1 1 1 1 1 1 2 3 1 1 1 1 1 2 2 1 2 2 2 1 5 1 2 1 3 2 2 4 1 1 1 1 2 1 3 3 1 1 1 2 3 1 1 1 2 1 1 2 2 2 1 1 4 4 3 3 3 2 2 2 3 3 1 1 2 4 2 3 3 2 1 2 2 1 1 1 1 2 3 1 2 2 3 1 1 2 1 1 2 1 1 1 2 2 1 1 1 1 2 2 2 1 1 2 2 2 1 1 1 1 1 2 1 1 3 2 2 2 1 2 1 2 1 1 3 4 3 1 2 3 3 1 1 2 2 2 1 1 2 2 3 1 2 2 1 1 2 1 1 3 1 1 3 3 1 1 1 2 1 1 1 1 1 1 4 1 3 2 1 2 2 3 3 1 2 1 3 2 3 1 1 2 1 2 1 2 1 2 2 3 1 3 1 1 2 2 1 2 3 2 3 3 3 2 1 3 1 1 1 2 1 1 1 1 2 2 1 1 2 1 2 2 2 1 1 2 1 2 2 2 3 3 1 1 1 1 1 2 1 2 3 1 2 1 1 3 2 2 3 1 2 3 2 1 2 3 1 1 1 1 2 2 1 2 3 1 3 2 1 2 1 2 3 1 3 1 1 1 2 2 2 2 1 3 1 1 3 4 1 2 1 2 1 1 1 1 4 4 2 1 1 1 1 1 2 2 1 1 2 1 1 2 1 1 1 1 1 3 1 1 2 3 2 1 2 1 1 2 2 2 2 3 1 2 3 2 2 1 3 1 1 1 1 2 1 4 2 1 1 2 2 1 2 2 1 2 2 1 1 1 3 2 1 1 3 1 4 1 2 3 2 3 1 2 1 1 2 1 3 1 1 1 1 1 1 1 1 1 1 3 1 1 4 2 1 2 1 1 1 3 1 2 2 1 3 2 2 3 2 3 2 2 1 1 1 3 2 1 1 1 2 1 4 2 2 1 1 1 2 1 3 2 1 1 1 2 2 3 1 1 1 2 2 2 1 1 1 1 2 2 1 3 4 1 1 1 1 1 1 4 1 1 1 2 1 4 2 1 2 1 1 1 2 2 2 1 1 1 2 1 2 1 1 1 1 2 4 2 3 2 1 2 2 1 1 3 1 1 1 2 1 1 1 1 1 1 1 1 1 2 1 1 1 1 1 2 3 1 1 1 1 1 1 2 1 3 2 1 2 2 1 2 1 2 1 2 1 2 3 2 1 1 2 2 2 1 1 1 3 2 3 1 2 1 2 1 2 1 3 4 1 2 3 1 1 1 1 3 1 3 3 1 3 3 3 3 1 1 1 2 2 1 1 1 2 2 1 1 3 3 3 3 1 1 1 1 1 1 2 3 1 2 1 1 4 2 1 2 1 1 1 1 1 2 2 2 1 2 2 1 2 3 3 2 3 2 1 2 1 1 1 2 2 1 2 3 2 1 1 3 3 1 2 1 1 1 1 2 1 1 1 3 1 2 2 2 2 1 1 2 1 1 2 1 2 2 3 4 3 1 1 1 1 2 2 2 1 2 1 2 1 1 3 2 1 2 1 3 1 2 1 3 1 1 2 3 1 1 1 2 1 1 2 3 1 2 1 1 3 4 1 1 2 2 2 1 1 2 4 2 3 1 1 1 3 1 1 1 1 3 1 1 1 1 1 1 2 1 1 2 1 1 1 1 3 1 1 2 1 2 2 1 1 1 1 4 3 1 1 2 1 3 1 2 4 1 1 1 1 1 3 2 1 1 2 3 1 1 1 2 1 1 1 3 2 1 1 1 2 1 2 2 1 3 1 2 1 3 2 3 2 1 1 2 1 1 1 1 1 3 2 2 2 1 2 1 3 2 2 2 1 2 1 1 1 2 3 1 3 1 2 2 3 1 1 1 2 1 2 1 1 2 2 1 1 2 1 3 2 1 1 3 2 1 1 2 3 1 2 1 1 2 1 2 1 1 2 3 1 1 3 1 3 1 2 2 1 3 3 2 1 1 2 1 1 1 1 1 3 1 1 2 1 2 1 4 1 1 2 1 1 3 3 1 3 2 1 4 2 1 3 2 2 2 2 3 1 1 1 1 1 3 2 1 1 1 1 1 1 1 1 3 3 1 1 3 1 1 1 1 3 1 2 1 1 2 3 1 2 1 1 3 2 1 2 1 3 1 1 2 1 1 1 1 1 2 1 2 1 1 1 1 2 1 3 2 1 1 1 2 1 4 1 1 1 2 3 1 2 1 2 2 2 1 1 2 2 2 1 2 1 3 1 2 1 1 1 3 3 1 1 1 1 1 1 2 2 4 1 1 1 2 4 2 1 1 1 3 2 3 2 1 1 2 1 1 1 1 1 1 1 1 1 1 1 1 3 2 2 1 3 2 3 1 2 1 1 1 2 1 1 2 1 1 3 1 2 2 1 1 1 1 2 1 1 1 1 2 2 2 2 1 2 1 2 1 2 1 4 2 1 1 1 3 2 1 2 1 1 1 3 2 1 2 1 3 1 2 3 1 1 3 3 3 1 1 3 2 3 1 3 1 1 2 1 2 3 3 2 2 1 1 2 1 1 1 1 2 3 1 1 1 2 2 2 1 2 1 1 1 1 3 2 1 2 1 2 2 2 1 2 2 2 1 1 2 2 2 2 2 2 1 2 1 1 1 2 3 1 1 1 3 2 1 1 2 1 1 1 1 3 1 1 2 1 2 2 4 2 1 2 1 1 1 4 3 1 2 1 1 1 2 3 2 2 2 1 1 1 1 3 2 1 1 1 2 3 1 1 4 2 4 3 1 1 3 3 1 2 1 1 1 1 3 2 1 1 2 2 3 1 1 1 2 1 1 1 1 1 2 1 1 2 2 2 2 2 3 1 1 3 1 2 2 1 3 2 1 1 3 2 2 1 1 2 1 1 2 1 1 2 3 2 3 3 2 3 1 2 1 1 2 1 3 3 1 1 1 1 1 2 2 1 1 3 1 1 3 1 2 1 1 1 3 4 2 1 2 3 1 2 2 2 1 1 2 2 1 1 1 1 2 2 2 2 3 3 1 2 1 2 2 3 1 3 2 2 1 1 1 1 1 2 2 1 1 2 1 2 2 3 1 3 1 2 1 1 1 1 1 2 3 3 2 5 1 2 1 2 3 4 1 1 1 1 1 2 1 1 2 1 1 3 1 3 3 1 1 3 2 1 1 1 4 2 1 4 2 3 1 1 2 1 2 2 2 1 2 1 3 1 3 1 2 2 2 1 1 2 3 2 3 1 3 2 3 3 1 1 3 1 2 1 1 1 1 2 1 2 1 2 1 3 2 2 3 2 1 1 4 3 1 2 1 1 1 3 1 1 3 1 1 2 1 3 1 2 2 1 1 2 3 1 1 1 3 2 2 3 2 2 2 1 1 1 2 2 2 1 2 1 3 1 1 1 1 1 1 1 2 1 1 1 2 3 2 1 1 1 1 2 1 2 1 1 1 2 2 1 2 2 1 2 1 1 1 3 1 1 2 1 2 4 2 2 1 1 3 1 1 4 2 1 2 3 2 1 2 1 2 2 2 2 3 1 1 2 1 1 4 2 1 1 1 1 1 2 1 2 1 1 1 3 2 3 2 2 3 4 1 1 1 1 3 1 2 1 1 1 2 1 1 2 1 1 3 1 1 4 3 1 2 2 3 2 1 3 3 1 3 1 1 1 2 1 2 3 1 2 1 1 2 1 2 2 2 1 1 1 1 2 2 2 3 2 2 2 3 2 1 1 4 1 1 2 1 1 1 3 2 2 1 1 1 2 2 1 3 1 1 1 2 2 1 1 2 2 2 1 2 1 2 1 1 2 1 2 1 1 1 3 1 1 1 1 3 3 1 2 2 2 2 1 2 2 2 2 2 1 2 1 2 1 2 2 2 1 1 1 2 1 2 3 3 2 1 2 1 1 1 2 2 2 1 1 1 1 1 2 1 2 3 4 1 3 1 1 2 3 2 1 2 3 1 3 1 2 1 1 4 2 2 2 1 3 3 1 2 1 1 1 1 1 1 1 1 2 1 1 2 1 2 2 3 1 2 2 1 1 2 3 3 2 1 1 1 3 2 1 1 1 2 1 1 3 2 1 2 1 4 1 
