s 3600
4 176 1606 1968 3005 
2 121 2475 
4 434 753 1588 2144 
1 3417 
2 710 1788 
6 77 88 492 1297 2143 2494 
3 565 875 1454 
3 1382 1708 2516 
2 600 3443 
4 793 794 1832 3222 
4 739 756 2949 3422 
5 113 665 1266 1349 2909 
0 
4 1945 2469 2628 2739 
3 1752 2044 3398 
0 
4 2081 3312 3355 3551 
2 505 1473 
3 680 1223 3123 
2 768 1818 
2 879 2769 
4 282 639 2199 3566 
2 495 880 
1 1381 
0 
6 728 1407 2373 3132 3518 3541 
4 39 517 1304 2427 
2 1851 2395 
2 728 1009 
0 
4 42 1987 2259 2867 
2 1868 3432 
1 1683 
4 1488 1804 3024 3213 
4 958 1757 2166 2556 
3 3141 3357 3420 
1 2957 
2 257 1137 
3 1465 2197 2834 
5 26 767 1840 2690 2740 
2 2320 2821 
2 699 2014 
5 30 933 1528 2831 3087 
4 493 1912 2822 3221 
0 
1 329 
3 2419 3215 3567 
1 1914 
5 933 1285 1516 2124 2456 
1 194 
3 2241 2941 3074 
2 1335 2908 
2 1564 2553 
3 101 2191 2692 
2 444 3014 
3 1132 2200 3023 
2 385 2095 
2 1646 3477 
1 960 
0 
4 1446 1898 2435 3163 
3 145 888 2276 
5 224 900 1056 1959 3373 
1 547 
2 532 2303 
1 698 
2 2107 2881 
2 2603 3498 
3 1218 3237 3246 
4 400 1791 2441 2713 
3 1009 2302 2872 
4 782 972 1648 2313 
1 604 
2 309 2612 
2 1148 1359 
3 1032 1987 3031 
1 897 
5 5 111 1026 2563 2673 
4 381 790 1846 2089 
0 
4 1131 1233 1627 2318 
1 3559 
1 219 
2 795 2141 
0 
0 
3 412 1298 2008 
4 710 2479 2682 3329 
5 5 117 588 2240 2674 
0 
2 876 3066 
2 1610 2381 
3 266 2590 2998 
2 107 3295 
0 
3 1601 1914 3275 
3 748 838 2236 
2 244 2801 
1 1640 
1 681 
1 922 
4 53 553 1688 2419 
0 
2 494 1985 
0 
1 713 
5 875 1054 2195 2515 3418 
1 93 
3 974 2528 3115 
3 1340 2980 3185 
0 
4 77 539 2665 3156 
0 
4 11 699 2431 3265 
1 1908 
2 1661 3336 
3 311 1148 2363 
2 88 1245 
1 2737 
1 196 
1 262 
3 1 3075 3458 
1 2495 
0 
2 609 1294 
3 984 1068 1507 
2 1977 2035 
4 278 1083 2395 3015 
4 802 1962 2631 2660 
2 581 1554 
2 730 2064 
2 1139 3037 
4 520 1107 1549 3255 
2 1021 2768 
3 312 1793 2828 
3 410 1116 2121 
2 3341 3537 
2 870 889 
4 896 1535 1700 2381 
2 1360 2040 
3 173 1810 3279 
1 2736 
2 601 1616 
1 1657 
2 693 2267 
4 61 1406 2653 3569 
4 746 1528 1885 1924 
4 572 866 1534 1827 
1 482 
3 446 1766 2476 
2 1377 2246 
1 2779 
1 2098 
3 1036 2982 3025 
1 1123 
2 1437 3291 
3 182 1662 3378 
1 3014 
1 1718 
5 291 691 2603 3058 3508 
7 832 892 1117 1477 1973 2359 2593 
2 2003 2114 
0 
3 1404 2281 2915 
4 2125 2577 3045 3343 
4 680 897 1218 1765 
1 3305 
3 1181 2175 3302 
3 985 2442 3017 
3 443 2276 3269 
3 1137 2219 2435 
1 1583 
3 2567 3030 3406 
5 140 1190 1867 2029 2913 
5 362 959 1840 1998 2690 
4 2130 2334 2764 3018 
1 0 
2 775 2794 
5 395 1304 1473 2415 3484 
2 290 1359 
2 919 1754 
2 1111 1383 
4 156 1641 2041 2645 
2 1377 2756 
1 1963 
1 3105 
2 1126 1681 
1 1444 
1 3395 
4 1113 1209 1230 2819 
3 540 2499 2582 
2 2414 2949 
3 1326 1422 2000 
7 1588 1797 1913 2527 2643 3122 3528 
2 49 600 
1 2692 
2 119 573 
4 474 880 928 1215 
3 1589 1917 3257 
2 1606 2697 
3 970 2057 3083 
2 614 654 
2 237 2751 
4 1674 1939 2521 3246 
2 1044 2532 
6 1041 1556 1660 2606 2640 2758 
3 1658 1771 2593 
2 871 1154 
1 1889 
4 1284 1686 3313 3429 
5 323 587 2609 3341 3381 
2 689 3340 
1 1609 
2 2833 3396 
4 2288 2429 2981 3598 
5 1947 2020 2268 2618 2708 
4 569 1519 1703 3426 
0 
4 237 1098 1653 1739 
2 82 3423 
1 1446 
2 3182 3369 
2 228 3005 
2 957 981 
2 62 1982 
1 1921 
2 1645 2523 
3 511 2444 3534 
2 222 646 
3 729 921 3094 
3 958 2325 3568 
4 2896 2916 3005 3420 
5 320 656 803 868 3319 
0 
0 
3 525 2974 3595 
2 645 2976 
6 202 218 608 683 863 1224 
3 798 1024 3147 
1 1946 
3 742 851 1315 
0 
1 1159 
1 1123 
3 97 2642 3157 
3 938 1242 2455 
1 2943 
2 1931 2566 
1 2431 
3 1365 1806 3418 
3 1311 3050 3556 
3 656 1375 3500 
2 1512 2826 
2 1958 3314 
5 290 458 906 2653 2990 
2 433 2489 
0 
2 37 2473 
2 1214 2112 
1 1035 
1 1100 
2 1985 2455 
1 120 
0 
1 3277 
2 484 507 
5 92 1254 1346 2456 2471 
3 727 1300 1777 
3 1226 2703 3170 
0 
4 1272 1327 2075 2238 
0 
0 
3 1256 1807 2786 
3 2547 2828 3407 
2 1502 1932 
2 3344 3567 
1 2671 
1 127 
3 896 1134 2483 
1 1878 
2 1917 2999 
2 21 3153 
3 819 1849 1932 
2 3455 3457 
3 1056 1065 2911 
4 1358 1542 2288 2529 
0 
2 1875 3331 
1 1344 
3 179 254 1020 
2 159 2341 
2 1652 3564 
2 975 3469 
5 979 1117 2235 2305 2539 
5 971 2110 2721 3212 3288 
2 1080 2639 
1 788 
2 1634 3578 
2 505 2811 
4 731 1795 2056 2274 
1 3344 
2 1936 2813 
2 1333 3533 
3 1529 3045 3505 
2 1327 3490 
1 2479 
1 2548 
4 1040 1119 1401 2942 
6 73 604 1378 1554 2596 3101 
2 811 1817 
1 116 
3 134 576 2845 
0 
4 389 1041 1583 2473 
3 1340 2315 2602 
2 1811 2056 
1 3037 
4 442 1482 1842 2419 
1 2310 
3 232 2357 2500 
3 1271 2215 2639 
4 347 942 2076 2995 
5 210 1151 1165 1195 1201 
0 
1 1084 
2 1539 1751 
1 1433 
0 
3 45 1814 2792 
3 1448 2068 2580 
2 2759 3047 
3 2673 3006 3566 
3 347 526 1780 
2 2253 3327 
1 657 
1 1444 
1 1592 
0 
1 941 
5 553 731 1241 2983 3434 
1 3224 
1 2417 
2 513 2869 
1 424 
1 2508 
0 
3 322 333 745 
3 1362 1578 2590 
2 704 3498 
2 2727 3030 
4 1821 2296 2594 3045 
2 1469 1594 
1 2610 
2 1685 1803 
2 1007 2705 
2 2662 3500 
1 2909 
0 
2 1028 3173 
1 2588 
2 957 3287 
5 174 655 1172 1678 2979 
1 2291 
2 3391 3579 
1 400 
1 1416 
2 881 3122 
2 795 2676 
4 1722 2361 2567 3438 
2 1274 2809 
0 
0 
2 1987 2992 
1 2718 
1 1996 
3 382 388 1118 
1 3158 
2 2184 2709 
2 755 1679 
2 1223 3263 
1 78 
1 376 
2 782 3197 
4 1261 2278 2331 2885 
6 56 603 690 1047 2070 2173 
3 2297 3045 3580 
2 1033 2651 
3 376 754 2472 
1 314 
1 3333 
1 2773 
3 1149 1580 2930 
2 1609 2571 
2 2712 3008 
3 178 1618 3592 
0 
3 483 1306 2654 
2 1186 2762 
2 873 2504 
2 69 365 
3 3115 3123 3138 
4 1902 2574 2699 2928 
1 737 
1 1654 
5 1195 1932 2435 2662 3524 
1 2263 
2 1265 3262 
4 787 1012 1900 2406 
1 2888 
3 135 422 3331 
0 
3 86 1515 2074 
3 2456 2614 3254 
3 1078 3386 3580 
3 1246 1414 1449 
0 
3 556 2476 3571 
4 542 1218 1631 2774 
4 1578 2382 3382 3448 
5 626 1290 2061 2930 3401 
3 1824 1934 3413 
5 410 641 2169 2367 2602 
1 931 
3 344 710 977 
1 3041 
1 1808 
3 2889 3383 3550 
1 879 
2 2744 3132 
1 892 
0 
3 1290 2481 3463 
4 255 468 1402 3460 
6 2 646 1200 1293 1687 2628 
4 1742 3009 3149 3222 
2 3082 3378 
4 849 1218 1785 3567 
4 533 1157 1709 3151 
0 
2 2964 3132 
1 1569 
3 318 1194 1511 
3 169 577 2162 
6 54 569 897 938 1495 1866 
1 1370 
2 149 1666 
5 1175 1323 1881 2365 3103 
1 2181 
1 3507 
0 
1 790 
3 1448 1532 3555 
2 2529 3026 
2 3041 3389 
3 462 569 836 
0 
3 986 1071 1757 
2 254 2372 
0 
2 2222 2508 
3 1748 2025 3010 
4 455 2301 2427 2744 
3 1140 2248 3532 
1 2025 
1 1859 
3 1060 1500 3438 
0 
4 433 1119 1389 2026 
3 946 2241 3592 
3 1187 2556 3039 
3 629 1848 2665 
1 502 
1 2379 
2 197 2227 
2 2013 2860 
3 869 2120 2417 
2 1780 2387 
2 2683 2743 
2 2427 3361 
6 657 836 845 1342 1380 3187 
4 1639 1641 2248 3051 
2 148 1097 
2 397 3535 
1 265 
2 667 3009 
0 
2 2064 2565 
3 824 1509 2253 
1 1256 
2 579 3370 
3 1269 2574 2731 
2 5 1480 
4 43 1032 2269 2824 
3 103 1690 3501 
3 22 781 2244 
0 
2 596 3517 
3 1052 1693 1807 
3 731 1892 2360 
2 1219 3298 
1 1570 
2 472 2494 
4 1401 2300 2664 2807 
7 917 983 1007 1861 2248 2764 3084 
4 17 299 2201 2479 
3 598 1485 3113 
2 265 2198 
0 
4 2079 2655 2876 2891 
4 2737 3458 3581 3592 
1 227 
2 2212 3132 
4 343 615 2432 3286 
5 655 1336 1402 2000 2494 
2 2194 3225 
4 1369 2402 2755 3572 
3 26 2451 3063 
6 1415 1441 1638 2103 2166 2659 
6 1524 1617 1732 1885 1967 2226 
2 132 1947 
1 1931 
3 943 2273 3269 
4 1986 2457 3474 3566 
2 2678 2911 
3 235 589 1684 
2 333 3084 
0 
3 1888 2564 2924 
4 925 984 1756 2055 
3 639 1579 3006 
2 1103 1728 
2 64 2364 
3 438 1770 3103 
3 1806 2016 2448 
3 1213 1841 3579 
2 1306 1559 
3 829 1149 2704 
4 930 1497 1630 1816 
2 111 1223 
4 190 640 2482 3471 
4 1408 1491 1785 3526 
6 418 805 1485 3039 3554 3563 
1 1814 
3 1868 1973 2319 
3 2001 2068 2415 
0 
2 63 1746 
2 1811 2116 
1 954 
1 2055 
3 673 2980 3055 
1 2112 
2 101 340 
2 1334 2854 
3 1318 2607 2975 
2 417 3478 
3 684 715 1172 
1 2021 
3 642 846 2954 
7 562 715 927 1169 1529 3415 3472 
1 1905 
4 560 1077 1727 3161 
1 3533 
4 1692 1906 2229 2262 
2 6 853 
3 1182 3359 3477 
4 1226 1634 1740 2756 
5 944 1357 2406 3197 3284 
3 216 444 455 
2 906 1290 
1 3018 
2 147 2726 
2 196 1977 
3 1826 2363 2388 
1 700 
2 312 2030 
5 443 808 1153 1532 2357 
2 1003 1456 
3 490 2195 3117 
3 2282 2863 3393 
1 129 
2 1029 1167 
2 2942 3095 
1 1483 
1 1765 
1 1807 
2 210 826 
1 88 
2 525 1244 
1 931 
1 1794 
2 2433 2495 
2 2145 2365 
1 3509 
0 
1 497 
4 715 1028 1249 1383 
3 506 2356 2912 
4 1332 1714 2126 3172 
2 8 194 
1 142 
0 
1 385 
4 72 309 1223 1815 
3 958 2423 2869 
2 2184 2361 
1 2907 
2 237 2396 
1 124 
1 2844 
2 3305 3431 
2 1611 3103 
4 1513 1760 1898 2496 
3 201 1273 1842 
4 513 760 1560 3050 
2 2070 2332 
0 
3 1743 2159 3359 
3 949 2423 3278 
1 1606 
1 1508 
3 819 1843 2881 
3 1341 1479 2983 
1 3403 
1 3106 
1 420 
3 1158 1610 3108 
4 1085 2708 2868 3457 
2 471 2903 
1 1629 
2 1545 2753 
2 1430 2183 
1 816 
2 3260 3575 
0 
0 
3 1772 2354 2364 
1 799 
4 21 530 753 1333 
3 540 879 2698 
2 422 3036 
4 559 1169 1980 2976 
4 849 2617 2650 3571 
4 1082 1294 2977 3202 
5 236 1563 1897 2043 3026 
3 228 434 1224 
1 1523 
4 1030 2043 2120 2697 
1 1289 
3 1741 2146 2708 
3 1399 3089 3397 
1 748 
4 672 751 1627 1895 
5 201 702 891 2766 3355 
7 362 514 1868 2034 2366 2716 2909 
2 232 251 
3 335 480 2999 
1 3539 
3 2201 3047 3273 
4 1824 2289 3338 3358 
0 
5 1482 1709 2078 2568 2647 
4 1367 2457 2467 2606 
3 1783 3080 3525 
2 11 2600 
2 1747 2592 
2 485 2207 
1 1046 
1 1658 
3 1118 1683 3531 
2 1192 2105 
1 653 
2 551 2399 
1 1573 
3 858 3267 3472 
3 1688 2115 2274 
1 2047 
2 1847 3549 
1 2427 
6 18 165 2185 2432 2606 2612 
2 99 2528 
1 2034 
4 237 1014 1320 2550 
3 557 2596 2794 
1 2861 
0 
3 1659 1840 1877 
2 2512 2819 
6 211 1007 1956 2265 2819 3424 
2 385 2689 
4 159 1587 1981 2762 
1 2734 
5 144 706 2305 2591 2753 
0 
2 1624 2677 
2 1436 2898 
4 1043 1125 2564 2718 
1 65 
2 41 113 
4 575 1964 3172 3389 
1 2077 
4 654 2417 3198 3345 
1 3155 
1 349 
2 3531 3535 
1 693 
3 998 2086 2916 
1 2939 
3 1366 2737 3489 
5 4 87 424 824 1830 
3 780 2182 2185 
1 1691 
3 105 1947 2829 
1 2770 
7 557 560 597 908 954 1502 1665 
2 1029 3203 
1 2082 
1 1820 
2 1183 2955 
3 1046 1135 2757 
1 809 
2 1324 3161 
5 740 910 1212 1931 3573 
1 1435 
5 860 1209 1424 2280 3404 
1 1577 
2 267 1375 
2 25 28 
2 229 2427 
3 130 2004 3044 
4 300 340 499 2500 
1 2841 
5 1848 2468 2550 2833 3422 
0 
2 1539 1739 
1 1524 
2 403 2645 
3 1688 2223 2837 
2 10 2760 
1 723 
1 3101 
1 240 
0 
4 797 1974 3138 3444 
2 347 2096 
2 146 1379 
1 3125 
5 96 652 1099 1456 3454 
1 1396 
4 759 773 1644 2388 
3 653 2584 2887 
1 1020 
5 2 639 890 2037 2116 
5 388 1030 1192 2063 2849 
2 379 1500 
2 10 1548 
3 1301 3146 3437 
4 1766 2224 2524 3343 
4 750 1050 1449 2883 
3 615 1787 2972 
3 1316 1435 2619 
1 2086 
2 1997 3566 
3 2388 2986 3281 
2 1244 1948 
2 1324 1724 
3 39 2251 2439 
2 19 3566 
1 1120 
2 1020 2374 
4 1781 2054 2295 3467 
2 2836 3428 
3 750 1899 3493 
1 3225 
7 177 834 950 1701 2472 3306 3390 
1 2336 
1 3238 
2 1017 3321 
1 2629 
1 711 
2 495 2430 
3 71 383 2907 
2 1019 1363 
0 
0 
1 2497 
2 408 1584 
2 297 3491 
3 1495 2117 3408 
3 78 451 1402 
3 2329 2473 2939 
4 1152 2532 2716 2752 
1 9 
3 9 1559 3295 
2 83 368 
4 1032 3110 3352 3487 
2 744 1832 
2 238 2158 
2 638 1844 
2 1352 3080 
1 3513 
1 128 
2 232 2980 
2 1183 2150 
2 542 3320 
2 1701 3147 
3 970 2227 3075 
1 577 
1 721 
0 
3 310 1069 1457 
0 
3 975 1594 2613 
3 1164 1779 2880 
3 1100 2164 2798 
5 633 2063 2572 2649 2884 
0 
1 2461 
3 283 622 2135 
1 1821 
2 1290 1469 
0 
0 
5 488 710 1098 2255 3560 
4 880 1154 2670 3551 
6 587 954 1009 1164 1554 3495 
3 917 1794 3061 
0 
3 537 1637 1791 
1 2365 
2 2468 3472 
3 160 973 1617 
1 1576 
3 775 3277 3567 
2 2226 2314 
2 455 480 
0 
5 96 1610 2498 3235 3570 
3 1316 1354 1740 
1 2584 
0 
3 2056 2120 3345 
1 2598 
5 1331 1367 1815 3026 3419 
2 480 3445 
3 559 2133 2639 
3 884 2803 3559 
3 1475 2364 2917 
3 437 643 2804 
3 1292 1570 3014 
2 240 2354 
0 
3 565 1491 3186 
1 3046 
0 
1 1979 
2 1448 1902 
2 675 3326 
4 2026 2217 2504 3081 
3 725 1328 3196 
2 1152 3078 
1 1762 
2 237 1163 
1 1896 
1 1493 
3 147 2374 2814 
6 914 918 1108 1255 1607 2981 
3 232 1282 2245 
2 476 1230 
2 137 3176 
2 207 2543 
2 1403 2696 
3 399 1121 1178 
1 1302 
2 6 106 
2 90 2054 
1 3026 
2 2465 2532 
3 20 428 640 
7 22 197 825 1538 1601 2862 3269 
2 367 3464 
2 1787 2101 
2 1772 3380 
1 847 
0 
1 1343 
2 2069 2490 
4 61 1609 2138 2750 
6 137 1370 1676 1748 1904 2379 
1 753 
1 654 
3 160 430 1122 
3 1878 2371 3163 
5 1415 2482 3126 3425 3447 
1 2951 
3 138 279 2760 
3 76 165 444 
2 1247 1783 
1 2886 
6 62 1976 2719 2751 2895 3103 
2 1570 2935 
2 1844 3006 
2 1426 2217 
3 1038 1390 2601 
0 
3 254 570 2923 
1 985 
2 715 2829 
1 3241 
2 723 1889 
2 1577 3224 
1 1757 
1 2875 
2 867 2765 
3 1610 2209 2556 
0 
3 504 827 2148 
1 867 
3 180 1145 2149 
2 1492 1848 
4 229 1815 2179 2351 
2 100 2930 
2 1277 2161 
0 
1 529 
1 1258 
3 560 1471 1714 
1 197 
2 2199 2760 
4 538 1080 2220 2260 
3 423 590 3058 
2 2565 3035 
5 42 48 2331 2919 2958 
0 
1 1396 
2 1006 2317 
1 3342 
3 245 444 1807 
2 1126 3074 
3 1334 1639 3004 
2 339 3523 
4 322 1650 2887 3291 
3 522 977 2492 
1 568 
1 2656 
1 469 
0 
0 
2 619 3232 
2 775 2868 
0 
3 1310 2382 2914 
6 997 1733 2362 2372 2568 3351 
3 549 715 826 
3 2112 3223 3328 
2 2382 2533 
3 223 361 2009 
6 34 230 605 1295 2069 3502 
3 174 1866 3531 
4 58 1094 3152 3395 
0 
1 2214 
2 2988 3528 
2 2056 3232 
1 3465 
1 1189 
4 1573 1928 2063 2859 
1 2373 
2 1407 3278 
4 200 807 1983 2803 
3 295 2964 3163 
2 71 2392 
2 832 3149 
3 108 1136 3439 
5 293 813 987 1473 2878 
2 1178 2259 
3 424 943 2678 
1 2757 
1 294 
1 2034 
3 223 1372 3537 
0 
2 504 2247 
2 125 529 
4 168 907 1320 1719 
2 457 1177 
5 975 1264 1343 2805 3530 
1 2547 
1 1183 
1 3435 
1 2679 
1 2343 
3 1295 1355 3509 
2 1256 3360 
1 2648 
3 1050 3233 3258 
3 953 2220 2727 
3 707 1591 2429 
1 2575 
3 2397 2867 3109 
4 1250 2189 2783 3271 
3 1148 1869 2294 
1 578 
2 1021 2361 
2 2104 2466 
3 936 2489 3102 
3 355 504 689 
3 2609 2884 2885 
5 28 70 826 1542 3040 
4 1445 2194 2729 2781 
0 
3 408 2573 3568 
0 
1 683 
0 
3 1920 2301 2769 
3 778 1448 2038 
0 
5 783 1254 1617 2697 2722 
4 290 752 770 1598 
4 133 1004 1792 2978 
3 1885 2748 3280 
3 2133 2387 3570 
3 238 2756 3562 
1 2126 
1 77 
1 2087 
2 359 597 
8 582 716 1217 1474 1654 2628 2998 3589 
3 648 754 1486 
2 2902 3151 
4 75 493 796 1191 
4 387 2313 3369 3551 
0 
3 259 2486 3317 
2 153 2554 
2 1904 3117 
4 904 3281 3426 3530 
3 1427 1985 2277 
3 308 2061 3120 
2 205 314 
1 3280 
1 697 
1 204 
4 1253 1765 2031 2377 
2 668 720 
1 385 
2 1220 1760 
2 1353 3176 
6 759 996 1411 1820 2942 2955 
1 3063 
1 498 
6 1621 1960 2331 2368 2671 2872 
1 106 
1 3305 
6 62 285 1591 1792 3190 3384 
0 
0 
4 1843 1925 2190 2891 
1 466 
2 1986 2971 
0 
1 1524 
3 2133 2284 3332 
3 285 2272 2810 
4 2049 2371 2652 2722 
0 
2 125 2276 
2 811 3290 
1 3274 
2 457 1978 
5 1439 2215 2496 3325 3549 
2 1953 2736 
2 2178 2478 
3 1984 2568 3044 
0 
2 562 3284 
1 414 
1 1796 
6 296 930 1630 1799 1893 2495 
1 3153 
3 644 2774 2937 
2 127 1810 
1 325 
4 628 3176 3293 3310 
1 2729 
1 2942 
2 1178 2879 
2 2464 3016 
3 1521 2266 2673 
2 1312 1718 
2 1462 3190 
4 1165 1387 2299 3161 
3 960 1678 2887 
4 1139 1548 2382 2679 
3 1394 1406 2704 
1 482 
3 218 824 2150 
3 748 1517 2068 
4 260 815 2491 3123 
4 2449 2604 3035 3069 
4 2162 3006 3033 3408 
3 531 1778 2866 
0 
2 1298 2938 
2 2454 3253 
3 132 3284 3382 
1 867 
2 2401 3277 
2 1261 2495 
1 181 
3 1879 2307 3058 
3 189 1707 2146 
0 
4 1387 1764 2805 2877 
3 135 1226 1383 
5 160 294 2026 2117 3156 
3 376 670 1384 
2 308 468 
3 769 1537 2753 
2 873 1449 
2 892 3226 
2 154 243 
1 1196 
2 697 3249 
6 186 939 1146 1382 3325 3420 
2 3323 3337 
2 1826 2843 
3 2869 3171 3321 
1 3598 
1 80 
2 55 3193 
2 1190 1415 
3 279 1970 2100 
2 720 3290 
1 974 
2 37 170 
1 1620 
4 131 1095 1554 2758 
4 463 1786 2490 2781 
2 3175 3192 
0 
1 1364 
3 1824 2077 2521 
2 919 3509 
6 1126 1155 1234 2924 3287 3334 
0 
4 74 116 1002 3238 
7 392 537 1354 1387 2321 2926 3547 
3 1642 2409 2460 
2 323 1950 
3 792 861 1159 
3 577 2009 2714 
2 207 825 
4 1146 1723 2983 3394 
1 3596 
5 438 1306 2479 2616 2794 
3 627 1506 1864 
3 242 1152 3464 
3 1397 2437 2440 
1 1520 
2 2557 2752 
3 863 1725 1802 
3 814 826 1982 
4 323 1093 1596 2326 
1 1492 
3 582 1235 1627 
0 
4 560 642 2377 2830 
3 1442 1673 2474 
2 2393 2467 
4 362 557 1519 2877 
0 
0 
4 447 1683 2639 3325 
3 2255 2324 2809 
1 986 
3 873 976 1088 
4 1488 2604 2693 3279 
1 3019 
1 167 
3 566 1558 2789 
3 719 804 989 
2 1380 2691 
4 1330 1462 2079 3183 
2 398 1667 
3 470 2031 2575 
2 2105 2284 
1 966 
2 173 1133 
3 1032 1501 2864 
5 671 754 2744 3063 3446 
4 1224 3140 3390 3398 
2 442 3005 
2 323 405 
2 1124 3160 
2 1995 3402 
1 1841 
2 1318 3170 
5 434 1556 2416 2723 3498 
3 323 2389 2885 
1 1953 
1 2392 
1 2104 
4 1760 2694 3356 3370 
1 1539 
2 2431 3121 
0 
5 189 725 1309 1341 1408 
1 1556 
1 2311 
2 723 2982 
2 535 2949 
1 258 
4 197 1965 2204 3131 
2 1355 2828 
4 1029 2563 2816 3443 
7 68 165 418 437 1499 1896 2756 
3 500 2051 2239 
1 1048 
2 1920 2570 
0 
5 18 380 539 604 2030 
7 237 646 1193 1479 1603 2768 3019 
3 1814 2981 3150 
6 268 567 1116 1349 2043 3152 
4 1511 1962 2366 2565 
1 2819 
2 2102 3288 
7 189 869 1589 1656 1706 1914 2235 
1 2112 
5 1821 2078 3017 3290 3394 
2 80 2495 
2 1146 3422 
2 1167 1899 
2 1318 1687 
1 1635 
1 2633 
1 2900 
1 2081 
2 340 3156 
5 245 2225 3117 3237 3371 
5 1936 2486 2530 2631 2978 
3 589 765 2577 
4 117 1269 2021 2386 
5 415 1869 2575 3175 3570 
5 898 1458 1517 2109 3359 
3 1745 1880 3143 
2 597 2615 
5 1001 2330 2366 2802 3072 
2 2672 3496 
2 1670 2426 
4 1045 1904 2268 3062 
3 266 1019 2599 
2 867 1364 
3 273 489 994 
0 
1 926 
2 1262 1710 
6 1425 1460 1558 2971 3446 3493 
3 384 1110 1884 
5 1259 1573 1878 1906 3406 
1 3347 
3 987 1959 3047 
2 407 1814 
4 11 1399 2011 2226 
1 1631 
2 2299 2936 
7 491 1245 2078 2179 2372 3380 3394 
3 2333 2436 2849 
2 321 1511 
2 270 3500 
2 614 2280 
3 370 1385 1582 
0 
2 1321 2449 
3 923 1431 3140 
0 
0 
3 1612 1777 1899 
2 2315 3583 
3 868 1462 2924 
2 1685 1945 
3 209 1292 2022 
2 48 3218 
0 
1 2304 
3 1593 1837 2832 
1 649 
5 420 432 570 821 1910 
5 2106 2112 2241 2555 3126 
4 850 1284 1692 2219 
2 434 3226 
7 124 644 1505 2241 2344 2984 3466 
4 958 993 1879 3069 
4 1640 1654 1995 3563 
3 5 2264 2357 
4 86 1105 2410 2686 
3 1390 3058 3254 
3 267 1974 2421 
3 757 2533 2638 
2 874 2377 
1 2767 
3 26 178 2789 
0 
3 397 536 1157 
1 1944 
3 1884 2581 3539 
1 1209 
2 952 2164 
3 250 2652 3402 
3 1091 2998 3070 
1 1340 
1 1459 
3 240 1658 3073 
5 761 839 1324 3388 3580 
0 
3 555 1199 1236 
2 1619 3302 
3 683 985 3314 
3 1276 1446 3047 
3 1561 1644 2052 
4 447 1629 1954 1957 
4 722 766 1316 1373 
2 1646 2001 
5 192 2552 2594 3026 3075 
4 270 305 2031 3057 
1 860 
1 3014 
1 1185 
2 844 3365 
4 599 1483 2303 2980 
5 303 639 1616 2816 3100 
5 554 940 1782 2868 3192 
3 51 2340 2547 
1 514 
2 1933 3054 
0 
3 2168 2242 2459 
5 109 315 1313 1989 3586 
2 623 1209 
4 480 2220 2533 2682 
4 886 987 1350 1371 
2 289 2576 
1 2653 
3 266 3228 3372 
2 2567 2665 
1 2276 
3 11 1226 1846 
3 1343 1834 2247 
2 1895 2419 
2 800 2926 
1 1049 
3 839 1149 1481 
4 993 1216 2347 2679 
1 3412 
6 568 1671 1839 2474 2632 3142 
2 286 2346 
3 74 179 1975 
4 139 1722 2249 3307 
2 2252 3010 
1 348 
3 783 2149 3486 
4 1143 1255 2243 3330 
4 249 1565 1814 3090 
3 709 1938 3139 
3 663 844 2403 
2 2346 3046 
3 516 1383 3263 
2 445 889 
3 1343 1627 2069 
2 981 3417 
3 1324 1811 2770 
3 2259 2662 2665 
3 251 727 1382 
1 2339 
3 150 183 2111 
1 309 
2 746 2578 
5 480 1184 1561 1586 1969 
3 23 2044 2731 
5 7 1126 1375 2047 3428 
8 181 597 1116 1369 1583 3018 3485 3506 
2 1118 2868 
2 1274 1827 
2 3462 3484 
4 1093 1115 1149 1994 
1 1838 
4 468 1921 1951 3380 
2 904 1299 
0 
1 3146 
2 2737 3516 
1 1096 
2 2654 3250 
4 749 935 2219 2478 
2 1160 3000 
1 2458 
4 651 1266 2004 2036 
0 
5 308 503 1605 2789 3475 
5 433 514 790 1456 3062 
2 872 3574 
1 163 
1 1757 
2 145 1096 
4 25 969 3018 3246 
3 541 1209 2975 
1 2909 
2 1823 1971 
3 1050 1992 3150 
3 2218 2705 2837 
4 2663 2690 3146 3323 
1 415 
3 518 894 1133 
4 366 2069 3384 3506 
1 2701 
0 
1 2989 
3 2680 2963 3577 
1 2805 
2 192 3393 
3 1655 1705 2025 
2 725 2514 
4 1260 2044 2422 3237 
1 903 
1 1039 
1 3052 
3 1706 1760 2320 
3 632 1747 3210 
1 1277 
3 1984 3222 3575 
4 327 1617 2670 2824 
3 1974 2313 3559 
5 724 761 2062 2672 2954 
1 696 
2 155 3336 
0 
2 1072 2717 
3 1870 2193 2754 
4 518 1936 2851 3237 
2 1170 2234 
1 3085 
6 187 336 1918 2102 2329 2849 
5 1010 1633 1923 2356 3032 
4 60 220 1321 1942 
2 1492 1933 
7 330 452 857 1017 1454 3030 3356 
7 415 759 1121 1789 2154 2924 3166 
0 
1 3310 
1 2310 
1 2127 
3 6 1448 2868 
0 
4 578 748 1402 2243 
3 811 2481 3082 
3 1247 1756 3599 
4 1314 2304 2602 3460 
4 1260 1667 2080 3570 
0 
4 1092 1185 1282 2891 
2 1638 2576 
0 
2 38 2979 
1 3393 
3 2031 2323 3032 
2 2234 3590 
3 352 821 3578 
2 3088 3235 
4 927 2317 2589 2834 
1 2037 
6 17 178 975 1537 2678 3598 
2 1029 2174 
2 848 3477 
0 
1 160 
1 1773 
6 623 1224 1566 2591 3097 3599 
2 492 2029 
2 1354 3112 
2 318 662 
5 584 1332 2037 2444 2708 
0 
4 506 542 3292 3396 
2 1030 1582 
0 
5 33 1179 2527 2630 2686 
2 2409 3017 
1 2374 
4 541 853 2308 3287 
5 920 1166 1447 2134 3110 
3 865 2689 3051 
0 
5 444 789 1704 2684 3398 
1 3274 
1 538 
1 2535 
2 1218 2094 
3 466 755 2732 
5 1191 1595 1764 2073 3444 
3 275 715 2030 
2 2206 2610 
2 1875 3198 
3 1294 1959 3079 
1 1158 
2 125 2689 
6 621 1586 2125 2185 2791 2968 
2 488 3092 
0 
5 442 1227 1271 2770 3320 
4 252 1916 1995 2850 
2 613 3499 
1 3495 
1 412 
1 48 
2 1099 1247 
1 2987 
2 216 1172 
2 1161 3300 
3 1090 2290 2523 
3 2213 2896 3448 
2 647 2189 
5 519 736 1063 2235 3594 
3 1702 2984 3411 
3 2064 2273 2914 
0 
4 42 146 2199 3057 
2 304 560 
3 2115 2548 3411 
2 2095 2911 
5 452 577 2662 2831 3007 
1 3205 
1 147 
1 138 
2 3042 3424 
5 1120 1473 1621 1949 2731 
1 880 
3 326 735 1206 
0 
2 1702 2596 
3 286 1009 3056 
1 3447 
1 1697 
3 631 2430 2868 
0 
0 
3 756 1095 1893 
3 132 2904 3462 
2 1917 2972 
0 
2 3093 3181 
1 2755 
4 129 309 826 1139 
2 2934 3263 
4 205 1200 1210 3563 
2 3122 3174 
2 1182 1260 
2 536 794 
3 615 2138 2925 
4 1322 1380 3233 3539 
0 
2 645 1817 
7 52 2082 2370 2883 3059 3086 3442 
1 1365 
2 1479 1695 
1 2055 
1 3469 
2 441 2220 
4 501 850 901 2081 
0 
4 2469 2802 2846 2904 
3 674 967 1262 
3 2097 2905 3218 
1 2795 
4 833 2346 2569 3568 
2 726 911 
2 348 419 
2 530 1661 
3 392 2290 2556 
0 
4 1274 1486 3066 3337 
4 171 314 1383 1969 
2 787 2458 
2 1751 3453 
2 1380 1508 
2 691 1644 
4 2 193 2244 3022 
4 198 1230 2188 2673 
1 3266 
3 998 1056 1680 
2 337 1910 
2 1288 2573 
4 352 813 2543 3553 
2 1501 1844 
2 1165 1707 
2 2881 3563 
1 1020 
1 1977 
2 2652 2777 
4 95 880 1962 2206 
4 1621 1864 3095 3193 
4 1224 1917 2376 2804 
0 
2 1401 2534 
3 0 199 620 
3 867 3224 3415 
1 2429 
4 212 393 888 3423 
4 91 627 838 915 
4 612 1739 2727 3343 
2 1280 2559 
2 2136 3398 
1 1628 
1 2173 
3 142 1333 2946 
6 519 832 1019 1433 1807 3150 
3 395 1760 2817 
2 1319 2625 
2 1138 3202 
5 1053 1537 1602 2423 2656 
2 2759 2941 
1 3326 
5 695 2027 2262 2629 3524 
1 2959 
1 2627 
5 80 653 1167 1371 2770 
4 1614 2100 2193 2770 
2 630 1323 
4 538 1080 2797 2798 
3 418 1267 2087 
2 2370 2484 
1 1445 
3 298 567 1967 
1 1237 
2 1656 2887 
2 829 3594 
4 518 1463 2063 3540 
4 481 940 1994 3199 
5 98 1296 2114 2854 2893 
3 182 481 3541 
4 1150 1965 2560 2679 
1 1976 
3 750 1322 1587 
1 226 
4 57 1325 2241 2580 
1 2200 
2 71 2388 
0 
2 942 3438 
1 3275 
2 292 3583 
1 218 
4 404 1029 1296 2713 
2 1423 1708 
2 1230 1636 
1 143 
5 206 669 1315 1768 2436 
2 687 2812 
1 205 
4 115 1579 3491 3496 
1 156 
2 1903 2303 
1 2927 
2 715 3429 
1 446 
2 1186 1460 
2 1762 3164 
1 2680 
2 1252 2806 
4 1357 1733 2011 2347 
0 
3 1170 2647 2954 
2 203 2380 
1 2958 
1 889 
0 
6 362 1094 1979 1997 2027 2388 
1 379 
3 1591 3091 3557 
4 186 3324 3409 3571 
0 
4 32 670 1175 3127 
2 525 2401 
3 354 1283 2322 
2 209 2487 
2 434 1236 
6 101 676 738 1897 2298 3530 
3 2151 2846 3142 
2 494 2486 
3 712 2275 2621 
3 564 1292 2612 
2 498 2359 
1 2858 
2 1566 2354 
0 
3 1544 2623 2861 
1 1948 
3 1822 2998 3106 
3 138 1897 3350 
3 775 806 3058 
2 1525 1541 
2 216 2594 
1 1495 
3 1423 3002 3376 
4 1230 1429 1825 2463 
2 1113 1596 
4 7 1655 1824 2158 
2 438 662 
3 1259 2701 3356 
2 2859 3433 
0 
1 3511 
3 599 927 1973 
2 2853 2953 
1 2284 
1 1997 
2 158 1091 
3 985 2571 3255 
3 2040 2526 2694 
1 3589 
4 369 1360 1919 2490 
3 1155 2073 2846 
1 766 
2 1163 2157 
1 1835 
3 562 1869 2157 
2 531 3545 
1 2286 
1 2478 
0 
5 519 1843 2018 2343 3506 
2 953 1671 
2 2678 3380 
0 
1 2724 
0 
1 3568 
3 218 735 1611 
5 567 839 2361 2924 3496 
2 650 2269 
3 435 3002 3548 
2 618 3457 
0 
2 1248 2550 
2 547 2102 
3 666 1430 3202 
3 461 889 2184 
0 
2 2271 2871 
2 326 1585 
2 14 2642 
3 2376 2556 3337 
2 180 3237 
0 
2 529 1458 
5 34 457 912 1405 2197 
1 2196 
0 
5 613 1048 1205 1429 1618 
0 
4 862 1668 2588 3064 
1 2212 
4 1115 1501 3142 3160 
6 165 585 1045 2480 3442 3583 
7 149 758 2566 2784 3334 3366 3400 
0 
1 1658 
0 
3 533 2830 3059 
1 206 
3 637 883 3472 
3 1478 2188 3091 
1 3588 
0 
1 3087 
3 267 1280 2807 
4 1103 2704 2966 3080 
1 814 
3 333 477 2929 
2 771 2889 
3 1334 2139 3433 
2 664 898 
1 2190 
8 437 541 1982 1991 2036 2419 3153 3169 
2 1140 2900 
3 760 882 3091 
3 4 1924 2799 
5 1449 1829 1961 2733 3398 
0 
4 69 829 1956 2813 
3 1021 1056 2529 
1 134 
3 591 827 2382 
1 300 
2 1079 1849 
2 193 2551 
0 
2 1080 2558 
0 
1 2400 
3 1163 2859 2906 
4 354 2258 2970 3337 
2 33 2743 
1 2351 
3 249 534 1834 
5 273 498 586 938 1617 
1 426 
1 1990 
4 140 1083 2022 3058 
3 316 548 1373 
2 2283 3073 
1 2155 
6 329 543 1225 1265 1365 3104 
4 604 844 921 2187 
1 538 
3 310 1563 3342 
4 19 2099 2416 2952 
1 3488 
2 718 1050 
4 351 820 1232 3301 
3 1699 2267 3159 
2 1410 2903 
7 421 660 1144 1708 2709 3174 3548 
3 1706 2294 2419 
4 574 1128 2890 2950 
3 147 1385 3310 
4 2044 3088 3477 3521 
1 1789 
5 710 2834 2864 2977 3314 
1 3227 
4 9 797 2383 3252 
3 2233 3243 3585 
3 1350 1806 2657 
2 1726 3489 
3 2197 2723 3420 
1 1288 
1 1388 
2 1357 2674 
4 39 174 687 3372 
5 535 1198 2397 3143 3430 
4 318 614 2137 3186 
4 622 1059 1732 3593 
4 799 902 1595 3251 
1 3527 
3 78 1349 2857 
2 678 3360 
5 471 733 920 2133 2764 
2 283 1796 
0 
1 27 
0 
0 
2 2326 2962 
1 3007 
1 1883 
6 2061 2806 2902 3160 3180 3368 
1 2310 
3 465 2281 3180 
0 
2 504 2733 
2 2216 3143 
1 2558 
3 1158 1602 1882 
0 
2 444 959 
4 173 2211 3118 3514 
6 31 544 655 1922 3152 3253 
6 1002 1246 1727 2853 2927 2976 
3 1440 2447 3519 
0 
2 2065 2415 
0 
0 
2 288 1504 
0 
1 687 
4 280 893 1262 3451 
2 1112 1295 
2 1248 3432 
1 447 
4 1864 2235 2761 3533 
3 1856 2627 3310 
2 1261 1308 
7 146 519 1022 2688 2887 3035 3293 
2 2132 2214 
0 
3 528 1891 3451 
2 208 910 
1 3547 
2 1888 3471 
3 499 2450 3410 
3 1080 1548 2273 
0 
4 653 1351 2191 3386 
5 864 1218 2441 2555 2998 
4 645 1688 1700 2402 
3 60 613 3561 
4 773 1235 1280 3095 
3 408 1969 2247 
1 3500 
3 402 857 2676 
2 1663 2726 
4 889 1037 1253 2919 
4 561 2715 2780 3394 
4 564 1262 2511 3024 
0 
1 114 
2 2463 2589 
3 1290 1592 2758 
2 2231 2244 
1 43 
2 193 2346 
3 47 95 1230 
1 3480 
3 1512 2813 2972 
4 198 281 1550 1603 
3 1444 3285 3419 
3 1722 2898 3057 
2 1016 1221 
2 225 1389 
2 1868 3110 
3 1445 2549 3066 
5 146 1788 2226 2783 3554 
4 1059 2560 2973 3527 
0 
0 
3 967 2285 3024 
0 
1 2178 
4 247 521 723 3335 
5 275 283 405 2833 3341 
3 1337 1447 1949 
2 421 2850 
1 3490 
3 302 1243 1441 
1 2938 
1 1366 
3 203 2499 3538 
1 2036 
1 3573 
2 1446 3032 
0 
2 1307 2816 
2 13 1283 
2 239 3563 
3 215 520 713 
5 765 1698 2191 2461 3090 
2 1537 1933 
4 1151 2175 3081 3572 
2 1389 1990 
4 2742 3277 3299 3513 
4 1073 1202 2416 3032 
2 1323 2266 
2 3044 3461 
4 689 1791 2568 2718 
1 1323 
1 253 
4 62 1264 1505 3388 
3 1053 2991 3041 
2 1789 2580 
4 128 1227 1601 2079 
1 184 
3 700 2070 2398 
3 1215 1642 2361 
0 
4 519 1634 2122 3062 
1 0 
5 1380 1583 1900 2598 3409 
2 1134 2770 
2 1410 3336 
2 2448 3265 
4 160 544 1714 2907 
4 744 1300 1434 2215 
3 1359 2643 3592 
2 900 1643 
4 126 573 1599 2153 
4 1071 2022 2110 2230 
2 856 1678 
2 642 2611 
5 691 2455 2628 2847 3274 
3 224 1164 1785 
2 970 2788 
3 1075 1432 3364 
3 103 261 1039 
2 523 1061 
4 30 75 373 3389 
2 2342 2954 
1 1340 
3 1809 1951 3101 
3 1785 2143 2802 
4 1411 2158 2206 2271 
0 
2 1387 1639 
5 1197 1296 1512 2353 3540 
2 375 2861 
3 763 1678 1717 
1 174 
1 2374 
4 192 514 2346 3214 
3 545 1325 3395 
4 2132 2153 2810 3589 
2 161 2152 
2 730 1399 
2 3290 3387 
2 2527 2658 
0 
3 86 2717 2922 
3 957 1153 2507 
0 
6 1266 1671 2151 2210 2296 3467 
0 
3 475 2324 3204 
3 41 2215 2465 
2 2237 2354 
2 534 2318 
3 2407 2860 2989 
2 1732 3207 
1 3532 
3 215 2381 3293 
3 558 1245 2977 
3 1284 1810 1978 
0 
2 2407 3481 
5 461 464 1423 3331 3516 
5 468 859 1117 2495 3271 
2 1624 1678 
1 2215 
3 173 1480 2666 
3 576 1223 1502 
6 1045 1187 1327 1467 2802 2975 
0 
2 2524 3178 
5 655 682 980 2356 2955 
1 126 
4 1399 1785 1940 2227 
6 753 1472 1483 2241 2882 3272 
1 1017 
0 
4 139 1720 2428 2772 
2 182 3584 
1 3277 
5 645 648 1226 2426 3487 
4 14 1381 1425 1828 
0 
1 2066 
2 677 1382 
0 
2 1066 2231 
1 3053 
1 1219 
1 1322 
3 3209 3255 3406 
5 771 876 2452 2989 3328 
5 529 550 1567 3111 3492 
4 300 316 842 964 
2 200 3453 
2 2533 2746 
0 
1 3208 
4 420 1040 1857 3038 
2 1435 2469 
4 754 816 967 1638 
4 130 487 1526 3157 
1 1872 
1 2046 
2 2901 3381 
5 330 545 1099 2171 2703 
5 887 958 1371 1416 3270 
6 385 616 1964 2397 3311 3540 
0 
0 
4 1501 1723 2096 2326 
2 412 2641 
2 270 2867 
1 322 
3 701 1144 3399 
5 662 1232 1269 2389 2979 
4 509 1185 1962 2962 
4 1460 2477 3055 3122 
4 16 1240 1570 2602 
2 717 1564 
1 2739 
0 
1 2563 
2 707 762 
2 1027 1631 
2 2241 3381 
1 78 
1 3173 
1 3435 
2 2517 2690 
1 2903 
3 1499 2276 2544 
2 56 1531 
5 745 2073 2506 2859 3135 
1 1574 
3 152 2203 3451 
2 1818 3090 
2 1134 1628 
1 882 
3 1229 1444 1746 
2 518 2498 
4 1005 1204 2255 2749 
3 671 1188 2919 
1 1291 
2 66 2432 
0 
2 1247 3374 
4 295 1978 3145 3373 
1 1377 
7 258 552 955 1231 1291 3440 3552 
0 
3 161 1640 3311 
3 676 1530 2138 
5 548 753 2232 2414 3592 
2 789 1117 
2 2971 3530 
1 3003 
4 476 648 842 2831 
1 135 
2 1967 3111 
1 3534 
2 48 3560 
2 164 1508 
2 599 1025 
1 1453 
1 3514 
0 
4 175 2368 2817 3446 
1 2204 
4 1886 2002 2585 3346 
4 846 1023 1064 1848 
3 1492 2234 2344 
2 819 3068 
3 1613 3514 3528 
2 1842 3303 
4 888 1560 2115 2667 
1 1782 
1 3127 
2 83 3011 
0 
2 5 1991 
4 2 2422 2877 3129 
2 593 3120 
2 650 1113 
0 
2 917 2398 
3 919 1363 2700 
5 804 1098 3039 3050 3401 
3 1689 2011 3090 
1 2003 
2 1977 2002 
1 1449 
2 1813 2609 
3 2660 2976 3238 
2 1725 1727 
3 798 1708 1992 
1 618 
0 
3 923 2437 3343 
5 443 1102 2298 2611 2884 
0 
3 815 1310 2699 
0 
2 34 518 
0 
2 1339 2920 
1 422 
1 3111 
2 2068 3310 
1 2234 
3 385 1615 2831 
2 1474 2231 
2 167 1950 
1 3546 
0 
3 1074 1930 3075 
4 921 1269 2913 3389 
2 2489 2860 
1 448 
1 711 
1 632 
5 378 606 1748 2299 2485 
3 680 711 1508 
1 2800 
3 1815 3306 3583 
3 1589 1773 2728 
3 1001 1523 2644 
3 1059 1784 3418 
6 53 1895 1948 2604 2864 2959 
2 2425 3183 
4 1440 1628 2634 3529 
3 515 1010 2382 
2 106 579 
1 1758 
8 38 1757 1836 2405 2597 2663 2738 2962 
2 507 2929 
4 21 929 1528 2743 
2 55 1647 
4 505 659 2733 2846 
0 
1 2098 
3 1215 2131 2536 
1 2230 
4 1503 1601 1992 3346 
2 667 3472 
0 
1 915 
4 2011 2828 2904 3161 
4 1867 2428 2687 3419 
2 512 1763 
1 1522 
2 962 1886 
6 321 1072 1974 2014 2028 3028 
2 1862 2238 
4 859 903 2461 3052 
2 1412 3312 
3 170 1292 1396 
5 930 997 1342 1569 2920 
1 2489 
1 460 
1 738 
1 758 
1 1242 
6 519 835 1266 1924 2255 3166 
5 474 807 2036 2943 3232 
2 2748 3066 
1 564 
3 1978 2205 3476 
3 1911 2049 2174 
5 2116 2264 2434 2905 3404 
1 1833 
4 1442 1468 2134 2172 
6 294 1230 1524 1882 2771 3237 
2 96 2802 
1 2015 
4 270 2216 2409 2738 
2 1219 2250 
2 88 2968 
7 50 469 1291 1294 1646 2037 2088 
1 1339 
2 1364 1456 
3 495 1588 1911 
1 868 
1 150 
4 983 1350 1900 3281 
3 463 481 504 
3 1360 2769 3012 
1 2239 
1 767 
1 1361 
2 334 488 
0 
4 824 1176 2104 2226 
1 2426 
2 2843 3488 
2 1803 2772 
4 30 976 1374 3309 
1 930 
1 3174 
2 564 1624 
1 406 
5 1297 2232 2691 2855 3263 
1 689 
3 1090 1954 3071 
3 144 1822 3076 
3 215 1253 2860 
3 493 1741 3592 
0 
2 1750 1992 
1 1065 
3 522 1526 1893 
2 300 676 
2 1691 2354 
5 61 169 1068 1348 2094 
3 1039 2347 2533 
2 384 3189 
0 
3 725 1273 2736 
3 163 1859 3304 
1 580 
1 1812 
3 1064 1188 1716 
1 1928 
2 1729 2632 
3 2643 3133 3521 
6 214 286 2291 2594 2802 3408 
1 660 
2 1521 1580 
3 363 2288 2388 
2 2447 2737 
0 
2 1002 1825 
1 771 
2 351 2011 
3 386 2916 3453 
2 1688 2162 
5 1093 1268 2184 2741 2847 
1 503 
2 462 1016 
2 70 2453 
3 64 1332 1663 
4 1287 1459 2747 3462 
3 294 693 2405 
0 
2 1112 2519 
1 1491 
0 
6 319 1452 1858 2327 2355 3532 
1 1211 
1 2595 
3 71 1033 1434 
1 835 
2 315 1281 
0 
2 936 1471 
3 80 2016 2759 
1 544 
3 40 1429 3127 
1 1149 
1 1685 
1 1467 
5 1176 2013 2764 3094 3579 
2 230 2520 
8 1165 1854 2073 2562 2989 3111 3426 3563 
1 2310 
2 2837 3074 
2 791 1444 
1 1250 
3 384 933 1053 
1 616 
2 1270 2776 
2 175 3146 
0 
1 776 
0 
0 
2 1376 3240 
2 1335 3336 
2 291 2787 
2 1988 3348 
3 992 1732 3557 
4 1294 2134 3081 3127 
1 2515 
5 1358 1368 1576 1913 2000 
5 1355 1671 2277 2864 3123 
2 2702 3434 
0 
1 2966 
3 921 1805 2671 
1 3254 
1 1995 
6 637 851 1695 2015 2275 2593 
3 2310 2907 3297 
6 598 1445 2034 2429 2794 3557 
3 320 577 1297 
1 2435 
2 160 1693 
4 499 2480 2617 3324 
6 369 606 1004 1740 1965 3066 
1 953 
3 116 574 2606 
7 532 637 848 2776 2959 3057 3558 
3 447 593 830 
3 655 1227 1250 
1 422 
3 1053 2130 2845 
2 3266 3579 
2 1564 1632 
2 893 1066 
3 458 953 1269 
2 25 968 
5 770 866 1490 1999 2858 
2 2649 3533 
3 1603 1753 2680 
4 1045 1169 1302 3309 
1 2902 
2 473 889 
1 1674 
3 91 138 2020 
6 419 952 956 1095 1794 2194 
2 1832 2580 
1 2849 
1 3265 
2 1245 3478 
2 477 1023 
7 574 750 764 1648 1678 2291 2533 
3 1201 2078 3029 
0 
0 
2 972 1203 
3 1171 2474 3073 
1 3265 
3 27 127 2840 
2 608 2589 
6 1000 1841 2070 2642 3541 3571 
3 1964 2148 3083 
2 673 2844 
1 1801 
3 1109 1684 2530 
3 516 1897 2921 
2 1367 3221 
1 2708 
3 2197 2305 2515 
2 408 568 
3 2017 2024 2855 
2 2624 3411 
6 1150 1489 2238 2651 3249 3419 
2 1298 2834 
0 
0 
2 2491 2551 
3 191 2116 3015 
4 178 545 1872 3297 
3 1200 1818 1953 
3 342 476 702 
1 3229 
8 46 101 318 1351 1785 1825 3143 3441 
3 2440 2657 3076 
2 1300 3085 
2 1425 2144 
4 605 619 1621 3547 
2 2512 2733 
2 2192 3240 
4 1252 2043 2256 2862 
6 26 462 479 679 729 3378 
3 2040 2211 3137 
5 214 998 1608 2356 3251 
2 781 1545 
3 113 248 1207 
4 513 680 2107 2601 
2 592 2713 
3 2232 2684 3333 
5 60 170 405 2358 2825 
3 1270 1658 3197 
4 1160 2161 2512 3382 
0 
3 767 3292 3500 
6 1160 2420 2499 2653 3334 3499 
2 69 1896 
2 168 3082 
0 
3 227 1483 3213 
1 3489 
2 2566 3108 
2 1870 2292 
4 534 1972 3225 3519 
4 1101 1276 3062 3480 
1 1892 
3 517 2731 3422 
1 2054 
1 2302 
1 1106 
4 245 261 1981 3450 
4 48 266 413 2680 
3 523 663 2667 
3 1398 1584 3577 
2 1339 2662 
1 1150 
3 818 1948 2217 
0 
3 1706 1909 2889 
2 1089 3598 
2 878 2014 
2 1005 2942 
3 663 1171 2602 
3 733 831 3005 
5 13 1572 2062 3310 3377 
0 
1 266 
3 388 775 3047 
4 257 314 791 3084 
3 1170 1357 2393 
1 1 
2 149 417 
3 2080 2481 3130 
3 1074 1396 1730 
6 87 306 505 1157 3039 3397 
2 1765 2360 
4 432 1457 2477 3532 
3 540 894 3249 
1 279 
1 1632 
1 2184 
3 1035 1243 1690 
2 1686 2497 
0 
4 255 1006 2180 2221 
3 887 1140 1722 
3 1100 2413 3012 
2 943 2863 
0 
3 5 502 514 
7 122 592 1080 1110 1233 2026 2739 
3 613 1072 3315 
3 786 2487 3539 
2 838 2103 
4 190 1939 2440 2569 
3 320 731 2952 
0 
0 
1 2531 
2 399 859 
1 3143 
1 2096 
1 2009 
2 345 460 
1 2738 
1 3019 
1 1906 
3 688 2424 2437 
0 
2 1424 3108 
3 106 2345 2405 
1 7 
2 2092 3328 
2 2744 2862 
1 2307 
1 2325 
2 203 1144 
0 
2 226 1521 
2 758 2033 
0 
1 1720 
3 193 1488 2006 
3 108 681 3423 
3 286 453 1792 
2 1243 2401 
2 2503 2656 
3 204 792 878 
6 956 1301 1342 2058 2277 2388 
1 1605 
3 1498 3217 3384 
2 2204 2972 
0 
2 2653 3113 
1 294 
2 2671 2830 
0 
1 3014 
3 871 1594 3127 
1 2094 
0 
0 
3 274 988 1335 
3 307 1530 2879 
2 1923 3568 
5 683 733 1745 2595 3156 
2 1797 2413 
1 1326 
2 52 2884 
3 1036 2947 3310 
2 1291 1896 
5 34 470 915 1580 1753 
2 1162 3112 
2 1799 1863 
2 1612 3098 
4 1642 1925 2781 2961 
3 3076 3268 3555 
1 2326 
5 77 1217 2085 3279 3487 
2 528 697 
3 487 932 1227 
4 247 1766 2446 3036 
5 172 369 1347 2686 2738 
4 662 953 1075 1956 
2 1576 2499 
1 1221 
3 393 1719 3444 
2 816 3367 
2 1012 1593 
2 402 491 
3 999 1187 1246 
3 1344 1463 2678 
3 164 1244 2631 
1 1379 
1 2862 
4 330 1646 1961 2383 
1 1308 
2 190 3598 
1 2682 
3 751 840 3192 
1 2132 
1 3368 
0 
2 360 1762 
3 1471 1909 2396 
3 92 348 3190 
2 693 1479 
1 666 
3 160 206 2354 
4 351 1326 1703 2288 
2 2312 2550 
3 309 684 1541 
1 2197 
3 843 1969 3111 
1 1254 
2 665 3411 
2 904 2432 
7 315 422 1459 2081 2467 2808 3018 
3 67 159 2679 
4 1101 1179 2191 3541 
0 
4 205 663 680 2363 
2 555 2823 
0 
3 210 1008 2155 
3 353 1503 2637 
3 1980 2162 3449 
3 73 680 1692 
4 813 2875 3144 3267 
1 413 
1 1249 
1 1157 
2 643 2360 
2 215 3305 
2 761 3201 
1 3581 
2 1691 2805 
0 
1 1697 
2 2408 3095 
2 1619 3298 
1 3483 
4 1626 1883 2705 3529 
5 13 434 1029 1981 2803 
2 779 1624 
1 1488 
4 128 1243 2577 2806 
4 1357 2286 2942 3004 
4 1238 2700 2961 3528 
3 2193 3338 3354 
1 2804 
0 
2 2610 3210 
1 1301 
5 296 321 846 1175 3214 
1 205 
2 2074 3150 
4 244 1752 2397 2665 
3 193 1975 2287 
3 2189 2684 3167 
4 182 737 2894 3551 
0 
3 662 1673 3301 
1 995 
4 816 2375 2903 2957 
1 643 
2 387 2409 
4 1066 1311 1600 3539 
5 145 254 1345 2440 2538 
2 397 1395 
1 509 
3 945 1621 2531 
2 1834 2420 
1 2006 
4 518 3272 3288 3538 
2 128 2156 
0 
6 356 405 1374 1532 2459 2664 
3 1413 2197 3151 
3 503 2662 3534 
5 111 471 1347 1374 2642 
1 2029 
3 2138 2457 2850 
0 
2 2762 3375 
3 825 1433 3487 
5 277 1053 2351 2540 3030 
2 1251 1435 
5 77 332 1090 1589 2813 
3 88 1839 3173 
0 
4 368 1902 2722 2849 
1 695 
6 524 977 1473 1734 2576 2848 
6 991 1095 1355 1642 2603 2720 
5 1420 1669 2376 2456 2699 
0 
3 87 1342 2583 
2 478 3340 
4 1495 2434 2644 3164 
1 3459 
4 1298 1488 2567 3147 
2 2211 3308 
2 1885 2708 
3 690 1493 1507 
4 39 174 1413 2092 
2 1184 2264 
2 53 195 
1 1179 
3 1205 1720 2959 
0 
1 872 
3 199 648 1019 
2 640 3508 
6 402 2164 2680 3213 3355 3533 
2 2149 2633 
2 1417 1710 
1 2348 
2 268 2068 
4 537 1096 1778 2739 
4 355 1412 2627 2895 
0 
0 
8 215 628 650 1483 2404 2688 3073 3183 
3 378 1824 3054 
1 3561 
1 3310 
1 394 
3 69 1654 2433 
1 1153 
2 1905 3589 
2 655 792 
3 1439 2008 3509 
3 374 697 1956 
1 900 
2 2679 3101 
2 295 2754 
4 1019 1066 2676 3562 
2 1200 1836 
1 1736 
0 
2 572 1903 
4 350 997 1611 3563 
1 2188 
2 1010 1086 
1 3576 
6 491 1381 1537 2451 3186 3403 
1 1500 
5 1789 1861 2201 2424 3304 
1 692 
0 
4 141 1073 2280 2822 
5 118 510 709 1393 2292 
5 2197 2238 2509 2567 2861 
4 13 2083 2495 2704 
1 39 
2 2299 3282 
1 1952 
3 478 1804 2199 
8 429 462 1192 2518 2818 3178 3232 3452 
0 
2 2058 3406 
2 2304 3564 
4 1022 2228 3048 3340 
1 2104 
1 888 
3 202 900 2941 
3 792 1162 3246 
5 631 693 1120 2793 3268 
3 1440 2721 3269 
3 516 1553 2787 
4 183 567 1024 1218 
2 720 978 
4 205 1139 1910 3217 
4 331 1622 2318 3397 
4 739 896 929 3372 
1 1882 
3 398 691 2669 
1 2825 
4 175 504 1848 2324 
1 914 
3 654 2863 3535 
1 1303 
4 133 1224 3428 3511 
5 20 1016 2249 2820 3292 
8 714 1373 1511 1627 1628 1970 2984 3036 
2 2235 3243 
4 2040 2258 3102 3242 
2 391 3510 
2 418 1082 
0 
4 2333 2364 2812 3060 
2 1600 3491 
2 3075 3536 
1 151 
1 1905 
5 1010 1140 2560 3038 3098 
0 
2 1001 1924 
1 1766 
0 
1 273 
3 2341 2755 3296 
2 1983 2826 
4 1182 1304 1401 3247 
1 3028 
1 1508 
2 329 2998 
1 2753 
4 177 684 1157 2356 
2 1575 2815 
1 3342 
1 1630 
2 815 1630 
1 1788 
1 2186 
2 97 3092 
7 1250 1572 1991 2031 2236 2288 2930 
3 847 970 2628 
5 849 1603 2635 2827 2830 
4 987 1115 1421 2621 
4 1670 1857 2631 3300 
3 503 1777 3199 
1 2602 
2 370 1176 
3 1065 2002 3308 
3 299 2873 2914 
2 1659 2776 
6 302 1791 1916 2673 3219 3429 
2 866 3122 
3 2795 2918 3320 
3 1217 1333 1944 
2 1618 2130 
1 2744 
4 189 688 689 1228 
1 2769 
4 40 3263 3377 3555 
3 43 2736 3152 
1 2607 
3 493 1433 3335 
2 2435 2763 
2 252 2788 
2 2804 3229 
5 134 274 1216 2210 3385 
3 713 908 2851 
6 1169 1770 2540 2804 3005 3242 
6 42 1532 2120 2173 2880 3125 
2 1288 2858 
3 213 733 1932 
4 38 1471 1830 2410 
0 
1 772 
3 738 1412 2328 
0 
0 
2 2395 3452 
3 732 2890 2962 
0 
2 1128 2257 
2 610 2399 
2 312 2368 
4 1572 1689 1723 2201 
2 1981 2299 
1 2678 
7 754 1270 1444 2384 2676 3001 3209 
3 1512 1934 2667 
2 1441 2829 
1 3599 
3 1715 1869 3159 
2 554 1640 
3 2264 2407 3179 
1 3499 
2 1846 2865 
4 1694 2374 2832 3370 
5 967 1711 1802 2096 2866 
4 475 2017 2180 2268 
4 685 1697 1996 2738 
4 880 2426 2518 2579 
3 580 2492 2766 
4 1191 1830 2191 2347 
1 2857 
4 1103 2859 3055 3232 
5 30 1000 2075 2872 3547 
6 628 950 1334 1384 1454 1545 
3 343 605 1129 
0 
2 1750 3510 
4 70 1053 2867 2972 
4 2811 2972 3445 3489 
0 
3 913 2613 3172 
3 509 3032 3353 
3 1115 1172 2144 
2 975 3446 
2 1088 2548 
2 814 2831 
3 66 622 1597 
1 2037 
3 759 1564 3453 
5 816 1008 2162 2553 3416 
3 384 1008 1201 
1 899 
6 751 942 1094 1636 1885 3058 
3 409 3024 3359 
4 427 1781 2463 2908 
2 1826 2841 
3 509 1059 1462 
2 3050 3143 
2 1640 3261 
2 2645 3362 
2 900 2705 
2 231 1522 
1 3202 
2 696 1919 
0 
4 1239 1786 2930 3569 
1 2067 
4 1031 1857 2378 3101 
5 629 1823 2093 2649 3020 
3 1549 1572 2210 
2 1574 2232 
3 1802 3022 3110 
4 607 782 1973 2355 
2 51 2889 
4 11 357 655 1409 
1 3410 
4 285 524 1531 3004 
1 598 
3 173 2179 3355 
4 952 1526 2811 3481 
2 163 3137 
3 231 707 2297 
2 848 2963 
1 2815 
4 933 1904 2105 2951 
3 2168 2220 3410 
1 2402 
1 2008 
1 906 
5 528 1146 1282 1449 1740 
2 1560 3561 
3 1149 1352 3598 
4 1664 1869 3074 3383 
1 402 
2 1780 2198 
6 392 420 922 2802 2900 3071 
0 
0 
0 
1 1555 
2 901 2978 
2 1268 3084 
2 1082 3341 
3 1105 1937 3116 
2 708 791 
0 
3 50 1622 2751 
7 308 583 1050 1087 2466 2632 3454 
2 246 2227 
0 
2 3067 3239 
1 1616 
1 2554 
0 
4 10 191 1213 3492 
1 1826 
3 895 2919 3213 
2 1818 2500 
1 1715 
5 559 1435 1673 1988 3530 
3 719 1050 2034 
0 
3 36 2649 3111 
3 933 1675 3242 
5 1625 2191 2364 2694 3344 
0 
2 2560 2633 
6 1854 2079 2197 2841 3389 3559 
2 1420 2917 
2 440 971 
1 3422 
4 1778 2350 3000 3442 
0 
2 1508 2240 
1 3493 
1 1803 
3 1061 1260 2118 
7 760 1550 1916 2536 2872 2873 3508 
1 1925 
1 235 
3 555 1408 2031 
4 236 642 1869 2156 
3 644 1830 2021 
3 1021 1243 2935 
3 362 1465 2078 
5 109 551 803 1332 3224 
3 214 867 1225 
2 153 1212 
4 340 623 1155 3267 
3 1294 1525 2770 
0 
1 764 
1 1518 
2 963 3418 
4 1419 2017 2054 2326 
1 254 
1 1960 
1 373 
0 
0 
2 322 3406 
0 
0 
6 92 1029 1312 1699 1896 2792 
2 281 657 
3 1397 2966 3147 
2 2849 3162 
2 1705 1742 
2 2119 3070 
3 940 2632 2911 
7 0 222 231 1194 2468 2830 3039 
4 332 530 902 1102 
2 1532 1855 
2 394 3013 
2 435 485 
2 461 1361 
1 2141 
2 2249 2491 
1 3008 
6 54 157 850 1329 2542 3168 
2 127 2414 
3 1089 3072 3202 
3 168 1232 1489 
5 175 571 1383 1407 2602 
3 1180 1224 2510 
3 2903 3045 3398 
0 
3 1588 2906 3330 
2 55 3555 
5 33 1906 1928 2888 3027 
1 153 
5 453 645 844 877 1326 
2 3024 3547 
5 2215 2790 3109 3406 3479 
1 2389 
4 172 350 1448 2671 
2 75 3530 
5 1445 1467 1942 1953 2876 
2 1102 3293 
0 
3 932 1101 1885 
3 641 2566 2770 
3 131 317 3312 
2 2061 2781 
5 470 542 2150 2479 3005 
1 1009 
3 425 454 1960 
2 1536 3088 
1 3156 
3 730 1075 1955 
6 164 304 351 386 3020 3181 
2 854 1368 
5 331 659 1264 1321 2472 
2 2748 3181 
0 
5 250 615 2150 2892 3429 
2 481 1493 
2 1428 2217 
1 2050 
3 1337 2709 3238 
4 551 2080 2866 3466 
1 1542 
4 1327 1528 1919 2364 
8 159 931 1112 1299 1701 1810 2887 3160 
3 1564 1770 3393 
1 2776 
1 827 
4 1253 1402 1967 2449 
3 517 1051 1192 
2 1762 3169 
0 
6 90 1582 1923 2228 2361 3177 
1 2945 
1 2135 
2 1101 1295 
3 1312 3003 3429 
2 2266 2930 
2 1250 3016 
5 1315 1812 2393 2708 3500 
4 50 939 2328 2927 
5 121 807 1326 2178 2778 
3 2267 2420 2561 
0 
1 861 
1 1505 
3 664 800 1778 
3 859 1950 2344 
3 436 1457 2442 
4 200 2398 3376 3536 
4 504 526 2473 2936 
2 1443 2421 
1 1564 
3 42 1776 3478 
3 1470 1828 3042 
1 651 
4 1365 1948 2099 2151 
5 1680 1773 1787 3152 3588 
2 1509 2801 
1 1552 
2 229 2324 
4 583 1602 1899 2624 
1 3316 
2 1479 3492 
3 2559 2781 3429 
0 
1 1333 
5 309 741 1990 2720 2902 
2 1006 2772 
5 447 533 612 900 3286 
2 1814 3340 
1 185 
2 625 1699 
1 3467 
3 627 2446 2514 
2 1000 3028 
4 796 1492 1922 2906 
6 2055 2122 2170 2326 2598 2957 
3 1481 2557 3399 
3 506 2538 3558 
1 3447 
2 108 401 
2 2938 3136 
4 579 1037 1242 3273 
3 1867 3237 3463 
1 3313 
2 1040 2145 
1 1207 
5 193 367 1557 2080 2814 
5 18 401 1100 2347 3183 
0 
2 747 2831 
3 894 1291 3254 
6 1683 2140 2320 2344 2543 3481 
0 
2 2144 3581 
1 2477 
1 1215 
5 25 429 440 512 3185 
1 2287 
0 
1 2096 
2 3116 3417 
2 2428 2915 
2 401 744 
2 1366 3420 
3 1193 1277 3401 
1 35 
3 1357 1689 1764 
6 1248 1841 1862 2419 2505 2892 
1 2613 
2 2110 3389 
4 757 1392 1413 2334 
4 238 806 2686 3000 
0 
2 435 973 
4 1225 1411 1617 2641 
3 438 1031 2663 
5 960 1226 1868 2822 3091 
5 282 1081 1785 3519 3557 
0 
1 703 
5 111 1117 1241 2550 3043 
3 244 2064 3381 
3 377 3296 3373 
3 1822 2853 3539 
5 1196 1764 1857 3058 3565 
4 562 722 1093 2210 
1 3001 
3 60 893 971 
2 1668 2684 
0 
3 1449 2226 3571 
1 2644 
1 3014 
2 1785 3064 
2 268 1199 
1 1129 
3 599 700 2875 
3 359 2090 2674 
3 1557 1824 2261 
2 1141 1246 
3 870 1049 1085 
1 3066 
3 2033 2744 3450 
1 2855 
2 1857 1859 
4 1552 3045 3048 3216 
1 221 
4 1185 2192 2708 3123 
0 
2 109 3132 
3 853 1842 2731 
2 480 3486 
0 
1 2278 
3 1056 1092 2590 
1 3549 
3 1141 1334 2584 
2 1132 1602 
0 
0 
2 860 3383 
3 383 568 2436 
2 702 1504 
2 1639 2807 
1 3271 
1 2619 
5 644 1620 1747 2897 3016 
2 716 3328 
1 2013 
2 1533 3363 
0 
1 2018 
3 2060 3272 3569 
2 2053 2849 
2 1430 2637 
1 3360 
1 295 
4 33 2444 2699 2951 
3 2000 2639 3455 
1 46 
1 3181 
2 2535 2758 
3 1285 1574 3240 
1 2813 
1 3555 
2 43 2403 
3 9 435 1432 
1 955 
4 341 911 1607 2980 
3 515 774 2448 
2 1122 1293 
1 1831 
2 1346 3353 
3 2418 2827 3255 
0 
0 
5 949 964 2227 2744 2866 
2 996 1561 
0 
2 838 1470 
0 
7 68 1242 1425 1441 1754 2235 3118 
4 777 1148 2156 3054 
1 2945 
3 2339 2425 3218 
3 909 3413 3563 
3 2772 2830 2958 
2 1833 2771 
0 
0 
4 68 203 1407 2752 
1 2789 
0 
4 1125 2409 2482 3386 
1 1395 
2 1844 2429 
1 1832 
4 1106 1868 3443 3536 
4 413 1299 2352 3126 
5 132 1719 2053 3229 3268 
0 
1 198 
1 996 
0 
2 634 3573 
2 2893 3267 
1 407 
5 380 1369 1555 2264 2821 
0 
4 113 1972 2385 2394 
2 1590 2369 
4 675 2613 2983 3261 
3 2561 2753 3255 
4 169 522 880 2754 
1 2069 
3 1001 2026 3200 
3 2037 2659 3208 
4 659 3117 3525 3574 
5 1070 1496 1981 3275 3371 
5 95 1651 3274 3501 3543 
0 
6 264 834 1109 1952 2042 3406 
2 619 969 
3 140 1179 2563 
2 1022 1042 
3 764 1038 2247 
1 2741 
0 
3 568 1077 1107 
1 1918 
3 513 3103 3493 
3 361 1146 1491 
3 295 1229 2659 
0 
4 1069 1135 1232 2005 
2 155 942 
3 1485 2439 2769 
6 1085 1885 2020 3033 3483 3541 
0 
3 93 794 3514 
2 2787 3158 
2 2355 2415 
2 500 2625 
1 1952 
3 1520 2806 3397 
2 1821 2647 
2 167 1319 
1 2137 
2 2281 2733 
4 166 611 1055 2618 
2 775 2187 
1 1360 
3 2687 2810 3357 
2 2259 2377 
8 1085 1451 1827 1883 2171 2469 2554 2711 
2 2070 2114 
3 16 2218 3037 
2 209 3119 
3 253 1320 1830 
1 2496 
1 3096 
1 1035 
0 
1 232 
4 805 1511 2815 3518 
2 778 1129 
0 
2 1127 1413 
3 1681 2360 3490 
3 1072 1126 1175 
2 858 1623 
1 334 
4 955 2054 2517 3203 
2 87 3386 
2 1364 3022 
3 288 410 2025 
1 1064 
2 390 2434 
3 1146 1766 2440 
3 1931 2824 3529 
4 115 1437 1971 2340 
4 1127 1582 1753 1803 
2 660 2634 
0 
4 211 2683 2748 3104 
4 136 210 1932 2937 
3 937 1817 2796 
4 164 758 1611 2161 
3 276 301 2959 
3 702 842 3383 
2 2132 2206 
1 1263 
1 2342 
0 
1 1700 
2 953 3388 
1 796 
2 2876 3228 
1 2634 
4 16 654 2699 2913 
4 1205 1448 1710 3537 
2 35 3308 
1 660 
4 566 618 1247 2888 
3 994 1847 3211 
1 479 
1 2894 
1 3205 
1 1984 
2 1331 3476 
1 1766 
1 2572 
3 1857 2586 3442 
2 221 1033 
3 490 1205 2858 
2 1242 3274 
4 1346 1840 2760 3489 
3 62 2110 3158 
1 2109 
1 2669 
2 1705 3083 
3 2469 2821 3436 
4 156 436 2427 3592 
0 
4 883 1269 1389 1734 
4 210 2067 2088 3157 
3 419 1107 2437 
4 427 2927 3196 3345 
3 1056 1416 2535 
1 2828 
4 414 1895 3249 3329 
1 2005 
3 1316 1959 3351 
6 454 700 1987 2179 2962 3145 
3 775 1193 3394 
1 364 
0 
4 580 1422 1466 3059 
5 1155 1232 1269 1905 3390 
3 188 960 2001 
2 213 1485 
4 651 2479 2759 3300 
6 14 1193 1495 1613 1789 3020 
2 2077 3112 
2 1766 3436 
3 420 2150 3140 
2 1197 1311 
2 624 2731 
2 725 2232 
0 
7 172 1262 2053 2746 2995 3028 3277 
2 274 3439 
3 789 1102 2288 
2 1681 1969 
3 1892 2910 2920 
5 1525 1530 2408 2600 3566 
1 1356 
2 421 3241 
0 
2 560 1607 
1 2884 
3 3 1372 3136 
4 106 249 2190 2988 
4 844 1918 2211 2409 
5 35 231 1126 1836 3139 
1 3565 
5 10 733 1234 2451 2965 
3 219 1609 2528 
2 689 1536 
1 894 
3 216 1038 2326 
0 
3 772 1382 2768 
6 209 1665 2813 3050 3070 3098 
1 1841 
1 611 
2 31 1880 
2 1711 1782 
2 340 2348 
2 990 2091 
2 3377 3400 
1 757 
3 369 466 1650 
2 974 3407 
2 2112 3520 
1 2419 
4 1564 1765 2966 3368 
3 8 1217 3253 
3 744 1501 2571 
2 845 2873 
4 1192 1260 2130 2878 
3 894 1543 3114 
2 419 1522 
1 2611 
2 2455 3178 
3 1878 1888 2098 
2 2744 2840 
4 1585 2057 2297 2883 
3 748 2942 3538 
2 284 3214 
0 
3 284 628 1743 
2 121 510 
1 2685 
2 433 1459 
1 1955 
3 1386 1549 2304 
2 432 3118 
2 881 1159 
1 965 
2 1294 3055 
3 771 2011 3107 
0 
2 293 1568 
0 
2 540 1891 
5 560 675 831 1772 2207 
0 
1 523 
1 1401 
2 2230 3365 
4 57 566 1475 1828 
3 556 2386 3087 
1 3028 
2 1915 2449 
3 2024 2914 3127 
0 
2 2626 3293 
2 178 1386 
1 1383 
2 1363 3187 
4 796 2043 2563 2670 
2 1819 2257 
6 709 1835 2445 2873 3372 3571 
3 305 1935 3324 
4 788 1661 2777 3545 
3 2055 2949 3097 
4 773 1260 2969 3286 
0 
2 826 1514 
3 1251 1661 1740 
0 
3 67 349 1200 
4 1513 2440 2856 3514 
6 251 356 1272 1901 2439 3073 
2 494 3275 
1 958 
0 
0 
2 304 3594 
3 1383 1416 1732 
1 449 
3 159 2698 2972 
4 594 993 1145 2717 
2 2773 2871 
2 1713 2768 
0 
3 801 1952 3569 
5 1867 2128 2136 3295 3499 
0 
2 1393 2025 
1 497 
2 25 3320 
4 1870 2448 3153 3599 
1 3440 
2 1828 2287 
1 3573 
1 941 
2 405 1624 
2 664 3273 
1 541 
2 1845 1925 
4 193 963 2136 2633 
3 2193 2627 3335 
6 987 1038 1688 2118 2954 3031 
3 670 705 959 
4 463 2019 2310 2481 
5 303 563 1882 2375 2699 
3 227 2123 2664 
3 483 705 2766 
3 2778 3083 3253 
3 136 981 3356 
3 1939 2659 3454 
6 658 1308 1561 2497 2652 3159 
3 1638 1995 2070 
5 25 1641 2397 2604 3293 
0 
1 3275 
0 
2 1728 3491 
2 2176 3562 
5 1149 1890 2423 2867 3027 
3 1742 1824 3571 
3 678 1072 3191 
2 427 3591 
4 16 825 1033 2645 
1 2112 
1 1594 
2 542 1924 
5 452 2561 2821 3023 3220 
1 250 
4 1680 2343 2356 3153 
2 2364 3113 
4 81 847 1434 2962 
2 824 2124 
3 1898 2710 2925 
3 1024 2722 3546 
8 542 1296 1556 1597 1946 2326 2727 3241 
2 292 2747 
2 3160 3421 
6 21 332 523 763 768 3411 
4 46 276 437 834 
5 230 1012 1576 1738 2549 
4 145 2900 3208 3513 
4 838 1023 1246 1460 
7 417 643 1681 2397 3166 3489 3548 
2 516 1950 
4 723 1941 3260 3522 
2 1403 3273 
3 634 1432 3580 
1 2730 
2 1420 2458 
2 298 1469 
4 364 535 2324 2369 
4 386 414 1316 3575 
3 510 2620 3129 
0 
4 1281 1652 1765 2187 
1 2041 
1 1833 
1 1340 
0 
2 1774 3091 
4 1029 1721 2002 2715 
1 1468 
1 3550 
7 395 469 510 1975 2116 2269 3378 
1 1843 
3 1524 1637 3505 
1 235 
1 1156 
0 
6 214 1130 1473 2464 2582 2926 
4 1458 1479 2852 3519 
4 1 3 2 1 2 3 3 1 3 1 2 1 1 2 1 3 2 2 2 1 1 1 1 1 2 1 2 2 1 2 1 1 1 3 1 2 1 3 2 2 2 1 2 1 1 1 2 2 1 2 2 1 1 1 3 1 3 1 1 3 1 3 1 1 1 1 1 1 2 2 2 1 1 1 3 2 1 1 1 2 1 1 1 1 1 1 1 3 1 2 1 2 2 1 2 1 1 2 2 1 2 1 1 1 1 2 1 1 1 1 3 1 3 2 2 2 1 1 1 1 2 1 1 1 1 1 2 2 2 2 1 4 2 2 2 1 1 3 2 1 1 2 1 3 2 3 2 1 3 2 2 1 2 1 1 2 1 2 4 2 1 1 1 3 4 1 2 3 1 3 2 1 2 4 2 1 2 1 1 2 1 3 2 2 2 2 1 1 1 1 1 1 1 3 1 2 2 1 2 3 1 1 4 2 2 3 3 2 2 2 1 1 1 1 3 3 1 4 2 2 2 1 2 2 1 2 2 3 1 1 1 2 1 1 2 2 3 1 1 2 1 1 1 2 1 1 2 2 1 3 4 1 1 2 3 1 2 3 1 1 1 2 1 2 1 1 1 3 1 1 1 1 1 1 2 2 1 1 1 2 1 2 2 2 1 1 1 2 1 3 2 1 2 2 3 2 2 2 2 3 2 2 1 3 1 1 1 2 3 1 1 1 1 2 1 3 1 2 1 1 2 2 3 1 1 1 1 1 2 1 2 1 2 2 1 1 2 1 1 2 2 1 1 1 1 1 1 2 1 1 3 1 2 1 3 1 2 1 1 2 2 3 1 3 1 1 1 3 1 1 1 1 2 2 1 1 2 2 2 1 2 2 1 2 4 3 2 2 1 1 1 3 2 1 2 1 1 1 1 3 3 1 1 2 3 1 2 3 1 3 1 2 2 2 3 1 3 4 2 4 1 2 1 2 1 1 2 1 3 2 1 3 1 1 3 1 1 1 1 3 2 3 3 3 2 2 1 2 1 1 1 1 2 1 1 1 1 1 1 1 3 3 2 1 1 1 1 2 1 2 1 2 1 3 1 2 1 2 3 3 2 2 2 2 3 1 2 2 1 1 3 3 3 2 2 1 2 1 3 1 1 1 2 2 1 2 3 1 1 2 1 2 2 1 1 2 2 3 4 1 2 2 1 1 3 3 1 2 1 1 2 2 2 1 1 2 2 2 1 3 1 2 1 2 3 1 2 2 1 1 1 1 1 1 2 2 1 1 3 1 1 2 1 2 2 3 3 1 2 1 1 1 1 1 1 2 2 2 2 3 1 1 3 1 1 1 1 1 1 1 2 2 1 1 1 1 1 3 2 2 1 1 1 2 1 1 1 2 2 1 1 2 1 2 3 2 1 2 1 1 1 3 2 2 1 1 1 2 2 2 2 3 1 1 1 1 4 1 3 2 1 2 3 4 3 2 1 3 1 2 2 1 2 2 2 1 4 1 2 2 1 3 2 3 3 2 2 2 1 2 1 1 2 2 1 3 1 1 1 1 1 1 2 3 2 1 1 1 3 2 3 1 2 1 1 1 2 2 1 2 2 1 1 2 2 1 1 1 1 4 2 1 3 1 2 1 2 1 3 2 2 1 3 1 2 1 3 1 3 3 1 1 3 1 1 1 2 2 3 1 2 1 1 1 3 1 2 3 1 3 1 1 2 3 1 2 3 1 1 1 3 1 1 2 1 1 3 1 1 1 1 2 2 1 1 1 1 1 1 1 1 3 1 1 1 1 2 1 2 2 3 3 1 2 2 3 2 2 2 2 1 1 1 1 1 1 2 1 1 1 2 1 3 2 2 2 1 1 1 1 1 1 1 3 3 2 2 1 1 1 1 3 1 2 3 2 1 2 1 1 1 1 2 3 2 2 3 2 2 1 1 1 1 1 1 2 1 2 3 1 1 1 2 1 1 3 1 1 1 2 2 2 2 2 1 1 2 3 3 4 2 1 3 1 1 1 1 2 3 1 1 1 3 2 1 4 1 2 1 2 3 2 1 2 1 3 1 1 2 2 2 1 1 2 2 1 3 2 1 3 2 2 3 1 2 2 2 1 1 1 2 2 3 1 1 1 1 4 1 1 2 1 3 2 2 2 1 1 2 2 1 1 2 3 3 1 3 2 2 2 1 2 2 1 2 1 2 1 3 4 1 1 1 2 1 2 1 2 1 1 1 1 1 2 2 2 4 1 1 2 1 2 1 2 1 2 1 2 1 1 4 2 1 2 1 3 1 2 1 2 1 1 1 1 1 3 3 1 2 2 1 1 2 2 2 2 1 2 3 2 1 2 3 1 2 1 1 3 1 3 1 1 1 1 1 1 1 3 2 3 2 2 2 1 1 4 1 1 1 2 1 1 1 2 2 2 1 3 1 1 2 1 1 1 2 1 1 1 2 4 2 1 1 2 3 2 2 2 1 1 2 2 2 1 1 2 1 1 1 3 3 2 1 1 1 2 1 2 2 1 2 2 2 1 1 1 3 3 1 2 1 2 2 2 1 3 2 1 3 1 1 1 2 2 1 1 2 2 2 3 2 1 1 2 3 2 1 4 1 2 1 2 3 1 1 2 2 3 3 1 1 1 1 3 1 2 2 1 3 3 2 2 1 1 4 2 1 1 2 1 1 1 2 1 2 2 1 3 2 1 1 4 3 1 1 1 1 1 2 3 2 1 1 1 3 1 2 1 3 2 2 2 3 1 3 1 1 3 2 1 2 1 3 4 1 2 4 1 2 3 1 4 1 1 3 3 1 1 1 2 1 4 1 2 3 2 3 3 2 2 1 1 3 3 3 3 1 1 1 1 3 2 1 2 1 1 2 1 1 2 1 2 3 3 1 1 2 1 1 3 3 2 1 1 1 1 1 3 2 2 4 2 2 2 3 3 1 3 2 3 1 1 1 2 1 3 1 2 1 2 2 3 1 1 1 2 1 1 2 1 2 1 2 3 2 3 2 2 1 1 2 1 2 2 1 2 2 1 2 2 1 1 3 2 2 3 1 1 1 4 1 1 1 2 4 1 3 2 2 1 1 1 3 2 2 2 1 1 1 1 2 2 2 1 2 1 3 1 2 4 2 1 2 1 1 1 3 2 1 1 1 1 1 1 1 3 3 1 3 1 1 3 1 2 1 1 1 2 2 2 1 1 1 1 1 2 2 1 1 2 1 2 1 1 3 2 2 1 3 2 1 2 2 1 2 2 2 1 2 2 4 1 1 2 3 1 2 2 2 1 1 1 2 1 1 1 3 1 2 2 1 1 1 1 2 2 1 1 2 2 3 1 3 1 1 1 1 1 5 1 1 1 2 1 3 1 1 4 2 1 2 1 2 1 1 1 1 1 1 2 2 3 2 1 3 1 2 2 3 1 2 3 2 1 1 1 2 2 1 2 2 2 2 2 1 3 1 2 2 1 1 3 2 1 1 2 1 1 2 1 1 2 2 1 1 1 1 3 3 1 1 2 1 1 1 1 1 2 1 2 2 1 1 4 1 2 1 1 1 2 1 2 1 1 1 3 3 1 2 2 1 2 1 1 1 1 1 4 2 1 1 1 1 2 3 2 1 1 1 2 1 1 3 1 2 3 2 1 3 3 1 2 1 1 2 3 1 1 1 1 3 2 2 2 1 2 1 2 1 3 1 2 1 1 2 1 2 2 3 1 1 1 2 2 1 1 1 1 1 2 1 2 1 1 3 2 2 2 2 1 1 1 3 1 1 1 1 2 2 2 1 1 4 2 1 1 1 4 1 3 1 1 3 2 2 1 2 1 1 1 2 1 2 2 1 1 2 1 1 1 2 2 1 2 2 1 1 2 2 2 2 1 1 1 2 2 1 1 3 2 1 4 2 2 2 1 1 1 2 1 1 3 3 1 1 2 1 1 2 2 1 2 1 1 2 3 1 1 1 3 2 3 3 1 1 2 2 1 1 2 1 3 1 3 2 2 1 1 1 1 1 1 2 2 1 1 2 2 1 3 2 3 1 1 4 1 2 2 3 1 3 2 1 1 1 1 2 1 1 1 1 2 2 2 2 2 2 2 1 2 1 1 1 3 1 1 2 3 1 2 2 3 1 3 2 2 3 3 1 3 1 1 2 1 2 1 1 1 2 3 2 1 2 1 2 2 2 2 3 1 1 1 1 3 1 1 3 1 3 1 1 2 1 2 1 1 3 3 3 3 1 1 1 1 3 1 2 1 1 1 2 1 2 1 2 3 1 1 1 1 2 1 2 1 4 2 2 2 1 1 1 2 1 2 2 1 1 1 1 4 1 1 2 1 2 2 2 1 3 1 2 1 2 4 2 1 1 3 1 1 1 1 1 2 1 3 1 1 1 1 1 2 1 2 2 2 2 2 2 3 2 2 2 1 2 2 1 2 1 3 1 3 1 1 2 1 2 1 2 1 3 1 3 2 1 1 2 4 1 1 4 1 2 1 2 2 1 3 1 3 2 2 1 1 2 2 2 1 1 2 1 3 2 1 1 2 1 2 1 1 3 1 2 1 1 2 3 1 1 1 2 3 1 2 2 1 1 1 3 1 3 1 2 3 2 2 4 1 1 1 1 2 1 1 1 1 2 1 1 1 1 2 3 2 2 2 1 1 1 1 1 1 1 1 2 2 1 2 3 3 1 1 1 1 2 1 1 2 4 1 1 1 1 1 1 2 2 1 2 1 2 2 1 3 2 2 2 3 2 1 2 1 2 2 2 1 2 1 2 1 1 2 1 2 2 1 1 1 1 4 1 1 2 3 1 1 1 2 1 3 2 2 1 2 2 2 2 1 1 1 2 1 1 1 2 1 1 1 2 2 2 1 1 1 2 2 3 1 1 1 1 1 1 1 1 1 1 1 1 1 1 1 1 2 1 1 1 2 4 1 1 1 1 3 3 2 3 1 3 2 3 2 1 4 1 2 4 2 3 2 4 1 1 1 1 3 1 1 1 2 1 3 1 1 3 1 2 2 1 2 1 2 1 2 1 2 1 1 1 2 3 3 1 3 4 2 2 2 3 2 3 1 3 3 2 1 2 1 3 1 1 2 1 1 1 1 1 1 3 2 1 1 2 2 1 2 1 1 2 1 1 1 1 1 1 2 2 1 1 1 2 1 2 1 1 1 1 3 1 1 2 2 1 1 2 1 1 2 4 1 1 3 2 3 3 1 3 1 1 2 1 1 4 1 2 1 2 1 1 1 2 1 2 1 2 2 1 1 1 1 1 1 1 1 1 2 1 1 2 2 1 2 1 1 1 4 3 2 1 2 1 2 1 2 3 1 3 1 1 2 4 1 4 3 2 1 1 1 1 1 1 3 3 2 1 2 2 1 2 1 2 3 3 1 1 2 3 5 3 1 1 2 1 1 1 1 4 3 1 2 1 1 2 2 1 2 1 3 3 2 1 1 2 2 2 1 3 2 3 1 1 2 2 1 1 2 2 2 3 2 1 3 1 1 2 1 3 1 2 2 1 1 1 1 1 1 1 3 2 2 1 1 1 1 3 3 3 2 1 1 3 1 2 3 2 2 1 4 3 1 2 3 4 2 2 1 2 2 3 1 1 1 2 1 1 3 2 1 2 2 1 1 1 3 3 2 3 1 3 2 1 1 1 2 1 1 2 2 1 1 2 2 1 2 3 1 1 1 1 1 1 1 1 3 1 1 3 2 3 2 2 1 3 1 2 2 1 2 1 1 1 1 1 1 1 1 2 2 1 1 1 1 2 2 1 1 2 2 1 3 1 1 2 1 1 3 2 1 1 1 1 3 2 2 3 3 1 1 1 2 1 3 1 2 1 2 1 1 2 1 1 1 1 2 2 2 1 1 1 1 1 3 3 1 1 3 3 1 1 1 2 2 1 1 1 1 1 1 1 2 1 1 1 1 3 2 1 2 3 1 3 2 2 2 2 1 2 2 1 1 3 1 2 1 1 1 2 2 4 1 1 1 1 2 2 1 2 1 2 1 1 2 3 3 2 1 2 1 1 1 4 3 3 1 1 1 2 2 2 1 1 2 1 2 1 1 2 3 1 3 3 2 1 1 1 1 1 1 3 1 1 1 1 1 2 1 1 1 1 1 1 2 3 1 1 1 1 1 1 3 2 3 2 1 1 2 2 2 1 2 4 1 2 2 1 2 3 3 2 1 1 1 1 2 1 2 1 2 1 1 3 2 1 1 3 1 1 3 3 2 2 2 1 3 1 1 2 1 2 3 1 2 2 2 1 2 1 2 1 1 1 1 1 1 1 2 2 1 3 1 1 1 2 4 2 1 1 1 1 1 2 4 1 1 2 1 1 1 3 1 1 1 1 1 1 3 2 1 2 1 1 3 1 1 3 2 2 3 2 4 2 2 2 1 1 1 3 1 1 2 2 1 2 2 2 3 1 1 4 1 1 1 1 2 3 1 1 1 1 2 1 3 2 2 2 3 4 3 2 1 2 1 2 1 2 2 3 3 1 1 2 1 2 3 1 2 3 3 3 1 2 2 2 2 1 3 1 2 1 2 2 2 3 1 2 1 2 1 1 1 2 1 3 2 2 2 3 2 1 3 2 1 1 1 1 3 2 2 1 1 1 1 1 2 1 2 2 2 2 1 1 1 2 1 1 1 1 1 2 1 3 1 1 1 1 1 1 2 2 1 1 1 1 2 1 1 1 1 1 1 2 3 1 1 1 1 1 2 1 2 2 1 3 4 1 1 1 1 4 1 1 1 1 1 1 1 1 4 2 2 2 1 2 3 2 3 2 2 1 2 1 2 1 2 1 2 1 4 2 1 1 2 1 2 1 1 1 5 1 3 1 4 1 1 1 2 2 2 1 2 2 3 1 1 2 2 1 3 1 1 1 3 2 4 2 1 1 1 2 1 1 1 1 1 1 3 2 1 1 1 3 1 2 3 1 2 1 2 1 1 2 2 2 1 2 1 2 1 1 1 4 1 1 2 2 1 2 2 1 1 1 1 3 1 1 2 1 3 2 2 3 3 1 2 2 1 3 4 2 1 1 2 1 1 1 3 2 1 2 1 1 1 2 1 1 2 1 2 1 1 2 2 4 2 2 2 3 1 2 2 2 1 1 1 2 2 4 1 2 2 3 1 2 1 1 1 2 1 2 1 1 1 2 2 1 1 1 1 1 1 1 1 3 1 2 2 2 1 2 3 1 1 2 1 1 2 2 2 2 1 2 3 2 1 1 1 2 2 1 1 2 1 2 3 2 2 1 2 2 1 1 1 1 1 2 1 2 2 1 1 1 4 1 1 1 1 2 3 2 3 1 1 3 1 1 3 1 1 2 2 2 2 4 1 2 1 2 1 1 2 1 1 3 1 2 2 2 3 3 1 2 1 1 2 3 1 1 2 3 2 1 2 1 2 2 1 1 1 1 2 2 1 4 1 3 3 1 2 1 3 1 1 1 1 2 2 2 3 1 4 1 1 1 2 1 2 1 1 1 3 2 1 3 3 2 1 1 4 2 1 1 1 2 1 3 1 1 1 1 3 3 3 2 1 2 1 2 1 1 2 1 1 1 1 1 1 2 1 1 1 1 1 2 2 1 1 1 1 1 2 1 1 2 1 2 1 2 4 1 2 3 4 1 1 1 1 2 3 3 2 1 1 1 3 3 2 1 4 2 1 3 3 1 1 1 4 2 1 3 2 2 2 2 1 3 1 1 3 2 2 1 2 1 1 1 1 1 3 3 1 2 2 1 1 1 3 1 3 1 3 1 3 2 3 1 2 1 1 1 2 2 1 3 2 1 1 3 1 2 3 1 2 1 1 1 1 2 1 3 1 1 2 1 2 2 3 2 1 1 1 1 1 1 2 1 1 4 2 3 2 3 1 3 1 3 3 1 2 3 3 1 1 1 1 1 1 2 2 2 1 2 1 3 1 1 3 1 1 2 1 2 1 1 1 2 2 1 3 2 2 1 3 2 1 3 1 2 3 4 1 3 1 1 1 2 2 3 1 2 1 2 1 1 1 2 1 2 2 2 1 3 1 4 2 3 3 3 2 1 1 2 1 4 2 3 1 1 1 2 1 1 1 1 2 1 1 1 1 2 2 2 3 1 3 1 1 1 2 3 
