p 4700
5 187 402 2699 2999 3921 
4 473 537 1050 3052 
2 399 1138 
4 831 1388 3156 3555 
4 1696 3143 4034 4524 
3 1957 2962 3819 
3 602 2479 3581 
2 1969 4655 
4 506 2750 3492 3790 
2 690 1926 
2 502 3014 
5 905 1119 1542 1904 4104 
4 651 841 3569 3679 
2 1018 2861 
2 2915 4105 
2 1375 1463 
4 2080 3456 4043 4180 
1 3192 
5 1256 1720 2475 2599 4062 
1 483 
3 1964 2181 4005 
1 4655 
2 2262 4665 
4 980 992 1271 1385 
3 927 3416 4015 
2 1164 2484 
2 1829 2581 
1 3076 
3 2280 4307 4675 
0 
1 965 
1 2842 
3 1709 2943 3173 
2 1090 3098 
2 1989 2119 
2 691 4301 
1 2911 
1 3935 
2 3845 4467 
2 1127 3303 
3 243 787 1826 
2 322 1181 
0 
3 269 2245 4363 
3 2113 2513 3907 
4 330 1634 2829 3735 
2 1964 1977 
0 
4 1069 1585 2630 4176 
1 2945 
2 129 4371 
5 952 981 2749 4332 4451 
2 408 2607 
4 1572 2795 3955 4441 
0 
2 1929 4528 
2 690 2565 
5 471 1132 4078 4135 4644 
3 345 1629 2797 
3 379 683 2461 
4 3352 3836 3867 4281 
0 
4 576 735 1075 4643 
1 932 
4 387 2704 3233 4598 
3 1477 2867 3861 
1 4150 
2 2230 3522 
4 288 4435 4505 4670 
2 1705 1829 
1 3569 
4 170 2064 2431 2868 
2 691 3643 
3 2394 3690 4622 
4 334 1092 1286 4327 
7 239 1471 1651 2405 3060 3255 4009 
1 4208 
1 471 
1 116 
4 804 3027 3652 4178 
3 869 1118 1574 
3 3673 4175 4327 
1 143 
1 2801 
3 335 3058 3221 
1 4170 
2 865 3070 
2 892 1335 
2 2340 4289 
3 142 3311 3487 
2 304 3312 
2 2705 3445 
3 634 2069 3293 
3 1878 1939 3885 
1 4583 
2 894 1053 
5 526 1122 1911 2240 2465 
2 1922 2711 
0 
4 1540 2300 2481 3975 
1 1169 
0 
2 605 4254 
1 4071 
2 2722 3843 
4 1799 2420 2847 3681 
1 4193 
2 1643 1692 
2 163 1223 
2 479 3551 
4 1021 2700 3428 4190 
0 
3 943 1776 3418 
0 
2 2821 4517 
7 1389 2772 3225 3433 3625 3727 4455 
3 78 712 2353 
3 1301 3289 3774 
2 1758 3323 
0 
3 2172 3624 4204 
3 864 4182 4436 
2 2390 3817 
3 2079 4026 4505 
3 171 2386 3446 
1 4370 
4 1740 2395 2771 4031 
4 1031 2950 3540 3906 
3 482 1942 4061 
3 50 2481 2493 
4 370 1458 2483 2782 
6 453 2209 2217 2461 3348 3798 
1 3516 
2 2951 3841 
1 482 
0 
4 591 1072 1703 2326 
1 4337 
3 250 2385 4057 
2 2085 3128 
2 971 3386 
0 
1 89 
2 82 2324 
0 
0 
1 3145 
4 166 1478 1605 2553 
6 237 313 376 1485 3134 3140 
1 3906 
4 1202 2241 2569 2718 
2 3988 4284 
3 1559 2017 4134 
2 2361 2805 
2 1320 3451 
3 1060 2052 3485 
2 3083 3976 
2 2292 3192 
3 1255 1548 4517 
1 513 
0 
2 1793 3715 
3 502 2676 4046 
2 108 2769 
2 2058 3355 
1 2176 
1 147 
3 1328 2735 2826 
1 674 
3 318 1611 4031 
8 71 1988 2121 2194 2878 3099 3832 4264 
7 124 935 1591 2225 3300 4131 4508 
1 3105 
0 
2 2669 3336 
4 1512 3455 3859 4656 
4 1051 1079 2639 2954 
1 2432 
1 720 
0 
1 3430 
3 1118 2341 4003 
2 1696 3554 
5 1893 2686 3467 4670 4674 
3 1559 2771 2865 
1 2238 
2 291 2271 
3 0 304 3826 
1 2951 
2 3272 3433 
1 2379 
3 585 2501 3410 
2 2096 2520 
4 857 1098 1753 1762 
1 1422 
2 1247 4072 
0 
2 523 3679 
3 1055 1827 3706 
5 831 1105 1449 1945 3671 
4 3050 3163 3433 4022 
1 2396 
3 517 670 3559 
3 385 832 1582 
4 1776 1848 4270 4560 
1 3022 
1 4303 
3 1170 2089 3195 
3 348 2066 4509 
0 
2 4024 4130 
6 1468 1479 1781 2022 2472 4289 
1 2255 
4 604 4071 4331 4506 
3 258 2944 4353 
1 2639 
3 1121 3110 4534 
2 1113 3394 
4 671 717 1026 2661 
0 
1 1247 
1 430 
1 4408 
1 418 
1 3439 
1 812 
0 
4 1031 1910 2724 2824 
6 550 791 1054 2085 3140 3972 
4 2058 3721 3904 4233 
2 2749 2892 
3 1055 2312 2427 
2 1532 3613 
1 3274 
4 1382 1604 2248 2922 
3 1264 2052 4623 
1 2272 
4 148 2081 3020 4265 
1 4089 
5 75 1655 1668 2006 3119 
3 1671 1989 2261 
2 1749 4370 
4 622 769 1181 4412 
3 40 671 2504 
2 1131 3959 
4 612 740 3594 3956 
1 3345 
1 4330 
1 2705 
4 282 1288 1716 2176 
1 138 
1 1470 
3 769 2991 3746 
1 439 
3 745 2407 3533 
4 424 594 3351 4134 
0 
2 2890 4385 
3 214 1200 3164 
6 1099 2001 3312 4099 4357 4447 
5 318 963 1075 2488 2888 
3 1747 1836 3220 
3 552 1072 2793 
4 1074 1134 1887 4189 
3 379 2988 3953 
4 984 3478 3786 4575 
3 1244 2236 2370 
4 969 1831 2024 3629 
2 2992 3456 
2 43 4469 
4 1203 1459 2032 3784 
3 1313 1979 3275 
2 4150 4379 
2 705 1143 
0 
2 2960 4628 
4 354 2387 3732 3753 
4 954 1016 1553 4203 
1 3908 
2 1132 4033 
5 571 3936 4260 4620 4639 
1 3638 
5 249 2833 2890 3119 3785 
6 961 3012 3052 3121 4190 4495 
1 4035 
1 708 
0 
0 
2 68 4680 
3 1107 4402 4559 
0 
2 186 2787 
2 2571 3291 
1 2756 
1 3229 
0 
4 656 2760 3715 4310 
1 483 
3 1424 3762 3810 
2 2263 2383 
3 2631 3159 3802 
4 1944 2732 3399 4040 
1 2624 
2 2456 4230 
4 90 187 3951 4489 
1 4263 
3 1712 3010 3988 
2 1099 3681 
3 905 1790 4446 
6 2441 3488 3577 3607 3709 4088 
2 552 4379 
1 657 
2 2736 3772 
4 148 2190 2951 3147 
0 
3 400 998 3345 
3 469 2803 4198 
2 1980 4691 
4 169 260 2406 2804 
1 4193 
0 
3 3013 3298 3554 
4 41 1551 2131 3526 
2 1981 2704 
2 357 1149 
2 2537 4112 
5 597 690 1194 2006 3595 
2 3253 3379 
3 603 742 3201 
2 609 3193 
1 45 
1 3176 
5 985 1189 1764 3732 3792 
1 695 
4 74 1054 1382 1863 
4 84 1038 1309 1354 
2 1532 4047 
1 1049 
1 3489 
2 606 3315 
0 
4 1950 3675 3776 4685 
0 
2 1209 1406 
2 791 2577 
1 58 
1 2539 
1 1388 
5 208 904 1374 3366 3706 
2 1921 2243 
1 1324 
1 2296 
0 
1 1015 
6 276 426 1648 3569 3752 4404 
1 597 
4 636 2171 3297 4435 
2 324 1210 
2 1097 4677 
1 3421 
2 2861 3407 
3 1793 2497 3647 
1 2931 
1 2165 
1 4546 
2 776 4671 
1 4207 
3 2978 3997 4028 
1 2809 
5 553 945 2669 3003 3045 
3 130 1482 2344 
0 
4 1944 2133 3276 4588 
2 2040 4185 
2 2133 2837 
3 2880 3342 3698 
2 148 656 
2 538 838 
3 1856 2667 4578 
3 59 264 2370 
3 1540 3620 3632 
3 1205 2068 2187 
5 2293 2835 3430 4164 4273 
0 
2 2932 2950 
5 203 816 3296 3701 4497 
2 2611 4382 
4 64 2220 2458 3402 
1 4577 
2 3272 4438 
3 560 1762 3421 
2 1471 3447 
2 3651 3721 
0 
2 2650 4184 
1 2651 
2 2443 4558 
3 487 2537 3579 
2 2716 3039 
2 2 2764 
2 315 4307 
1 2900 
4 0 1116 3953 4010 
3 669 3176 4563 
4 503 1385 2253 4250 
4 1585 1845 4028 4430 
2 1680 3629 
2 3137 3630 
4 52 528 2873 4646 
4 499 590 1320 4412 
0 
1 914 
1 2649 
2 3120 3839 
3 1150 1592 4072 
1 2847 
4 1650 1898 4417 4633 
3 2859 3109 4159 
6 223 563 866 2632 2695 4295 
1 2013 
2 2859 3092 
3 1241 2682 2720 
0 
0 
2 255 4309 
2 2013 4415 
2 354 904 
2 1983 2780 
2 1147 1459 
0 
6 221 996 1284 2505 3338 3339 
0 
0 
2 1629 2012 
0 
2 2257 2268 
3 538 899 3830 
2 483 993 
1 1893 
5 253 2828 3703 4072 4142 
2 1183 1732 
6 450 820 1637 1865 1872 4687 
3 679 2229 3364 
2 545 2096 
1 2109 
2 1549 3215 
1 3262 
1 1540 
0 
5 800 3570 3676 4013 4014 
3 441 1740 2511 
3 700 3518 3727 
2 3156 3469 
5 131 1260 2213 3095 4540 
5 905 997 1671 2424 2924 
2 2501 3210 
1 3470 
2 2699 3219 
1 4206 
0 
2 829 2593 
3 776 2249 3293 
2 2603 3915 
0 
2 3272 4089 
4 704 1473 3054 3618 
0 
2 1149 4206 
2 2888 4559 
5 316 843 1845 2910 4544 
5 1955 2342 2956 3388 3574 
5 57 77 2128 3623 3842 
1 2168 
3 1 3081 3955 
1 4309 
1 775 
3 2130 2563 3597 
3 2215 3303 3840 
2 1467 2130 
2 109 1707 
2 2650 3526 
2 2206 2327 
4 128 134 2964 3861 
3 19 297 437 
2 800 4575 
1 3741 
2 1196 1617 
1 397 
1 1249 
2 3149 3746 
2 1748 3475 
3 726 2063 4235 
1 3895 
0 
3 2090 2582 4151 
1 3293 
2 2491 3273 
0 
3 1759 3596 4575 
2 409 4406 
1 3169 
0 
4 10 162 507 776 
1 404 
2 1765 3885 
3 2069 3247 4299 
1 8 
4 502 1476 1983 2453 
3 2012 3089 4654 
1 4623 
1 4174 
0 
2 3487 4570 
2 159 2001 
1 1551 
2 1748 2612 
0 
1 202 
4 2905 3665 3689 3875 
0 
3 2973 3272 4561 
1 4092 
1 4247 
1 197 
4 1894 2849 3903 4183 
1 3111 
2 96 1992 
1 3684 
3 408 776 4237 
2 3249 4085 
3 1863 1957 4045 
2 1055 4152 
4 1622 2589 2669 3599 
3 1088 1531 4248 
2 3280 3724 
3 1344 1532 2647 
1 3534 
7 1 596 1161 1484 2611 3234 3727 
5 377 436 614 1737 2340 
2 881 1459 
4 978 1713 2997 3357 
1 2120 
2 1956 3897 
1 1600 
0 
6 443 1550 1613 2608 3962 4043 
8 597 724 1126 1578 2015 2731 3283 3614 
0 
1 3862 
2 589 728 
1 228 
2 2400 3272 
5 262 310 2838 3545 3989 
3 369 1691 3544 
2 2228 3547 
5 1218 2546 2756 3422 3857 
0 
3 1099 1552 2815 
2 1514 3687 
1 3154 
4 390 1045 2742 3233 
1 3518 
2 2488 4402 
2 418 2963 
1 2296 
4 640 652 1940 2863 
0 
2 1031 1925 
5 692 1346 1616 1901 3451 
0 
1 4092 
3 280 2778 3108 
0 
0 
1 1101 
0 
2 62 1933 
1 1286 
0 
5 736 1701 2781 3251 4292 
4 1297 1997 2145 4091 
3 759 999 1684 
1 2513 
0 
1 831 
1 191 
1 1732 
2 1710 3249 
4 3014 3090 3279 4537 
1 549 
2 409 3910 
6 136 1354 1713 1932 3723 3760 
1 2940 
5 1895 2440 2769 3979 4027 
2 255 1783 
2 2118 2667 
1 537 
3 326 355 546 
2 1202 4412 
0 
1 4518 
4 806 2613 2970 4249 
4 6 1058 2300 4596 
4 328 1389 2655 4426 
1 213 
1 102 
3 339 1610 4544 
2 845 4368 
1 2957 
2 329 625 
3 2276 3171 4339 
1 4324 
2 245 3438 
1 1625 
2 538 3341 
2 2173 2819 
3 2344 2407 4083 
1 1482 
3 1810 2867 3107 
2 1901 4040 
3 1571 1665 2283 
1 1294 
3 242 3575 4000 
0 
2 2380 2655 
2 609 3719 
1 2586 
1 4635 
2 2769 4509 
3 2896 3316 4282 
1 4233 
0 
4 1141 1159 1192 4499 
0 
1 92 
3 942 965 2100 
9 356 674 792 1365 1835 2081 2391 2971 4642 
0 
3 938 1243 4463 
1 4303 
3 565 2785 3596 
1 659 
2 1111 4167 
3 783 1025 2875 
3 2171 3598 4205 
2 2726 3568 
2 891 3485 
2 3238 3785 
2 737 2249 
1 4609 
3 1637 4033 4693 
2 12 1154 
2 565 2377 
4 1052 1061 1897 3792 
2 2570 3077 
1 1597 
4 296 376 3316 4315 
6 311 2379 2775 3258 3959 4281 
1 3195 
1 641 
4 1613 2464 3339 4155 
1 3738 
3 2976 3461 4692 
3 1081 1430 2499 
1 3515 
1 952 
4 945 1228 1856 4501 
0 
3 1500 3410 3480 
5 403 1039 2204 2944 3567 
3 202 1794 2139 
6 218 243 1212 1241 4290 4667 
5 1357 2851 3708 4399 4694 
2 2497 4204 
4 168 636 912 1387 
1 1395 
3 686 1401 1445 
4 1485 1868 4346 4676 
4 1799 2248 4097 4439 
4 442 2393 2467 2662 
1 3860 
2 803 2361 
4 1062 1831 3430 3988 
4 59 1047 1988 4210 
3 722 1513 3494 
2 3728 4022 
5 676 1716 1874 2942 4077 
1 3365 
1 1047 
2 1423 2412 
4 9 56 326 4578 
3 35 72 4698 
2 568 3909 
4 853 1041 1419 3349 
1 3863 
2 333 1392 
2 3168 3219 
3 1730 2188 3571 
3 1640 2957 4364 
0 
2 451 2767 
4 3346 4084 4123 4282 
5 2686 3292 3502 3629 4529 
2 883 2445 
2 465 1330 
1 273 
3 3417 3460 3955 
3 3286 3473 4432 
3 285 3120 3247 
4 1906 3046 3318 3383 
1 4188 
1 4613 
2 116 4373 
5 1116 2900 3315 4190 4320 
4 1625 2052 3248 4141 
3 2600 3407 4654 
4 927 1037 2049 3502 
2 218 1476 
0 
5 1630 3681 3750 3868 3880 
4 178 948 2470 4645 
1 3382 
2 684 1532 
5 1517 2184 2453 2546 4153 
2 546 3898 
0 
2 491 3907 
5 1011 1533 2558 2616 3582 
3 549 1848 3474 
1 753 
0 
2 3567 4621 
3 2166 3800 4593 
3 1329 2344 3782 
1 3367 
4 62 2037 2337 3734 
1 579 
1 648 
1 2149 
2 1135 2909 
5 245 882 1052 2878 2934 
0 
1 328 
2 1835 2586 
1 3326 
6 254 3212 4007 4187 4312 4369 
2 1144 4122 
2 1461 1863 
5 2622 3342 3844 3970 4531 
1 1540 
2 1660 4385 
3 827 1128 1239 
4 1712 1842 2832 3528 
1 729 
0 
0 
1 4430 
1 1469 
2 2153 2834 
1 581 
1 893 
1 2489 
3 1254 3385 3999 
1 3684 
2 3281 4061 
0 
2 1415 4475 
0 
4 1359 1859 2543 4100 
3 242 252 950 
0 
2 1947 3916 
2 1063 3396 
1 1534 
2 1062 4281 
2 475 4009 
7 365 461 502 528 3780 4084 4337 
0 
0 
1 1689 
0 
2 1381 3674 
1 902 
2 643 934 
1 1209 
5 901 1252 3603 3883 4230 
2 2373 4330 
4 40 1497 4605 4622 
4 1538 2594 3732 4297 
1 4557 
0 
2 228 344 
3 636 3302 4138 
2 1566 2540 
2 2791 4322 
1 1916 
4 912 3031 4202 4229 
2 1141 2412 
4 1220 1568 3045 3115 
1 2594 
2 449 484 
1 4521 
1 4470 
1 681 
2 79 4685 
5 1197 1419 2146 2883 4641 
4 601 1510 2857 3232 
1 2854 
1 4571 
2 2298 3376 
1 4129 
4 1445 2580 2673 3892 
4 225 842 1063 3244 
1 4335 
1 3692 
1 3455 
4 385 1072 2211 3733 
4 839 857 949 1264 
3 1853 2508 2797 
1 2158 
4 441 884 1161 1165 
2 1002 3215 
3 3746 4221 4354 
4 1486 2251 2882 3909 
1 3820 
1 4230 
3 975 1757 2036 
3 751 955 2591 
2 2687 2807 
2 460 2852 
1 3411 
4 3 199 584 4616 
2 203 2885 
1 1477 
2 2661 4467 
5 1392 2139 2348 2449 3950 
2 3428 4610 
4 1223 2161 2673 4144 
3 377 3157 4601 
2 817 1801 
1 4583 
2 12 857 
3 812 955 4517 
1 469 
1 1524 
5 607 1787 3190 4106 4358 
3 1888 2750 3471 
3 872 1042 2146 
0 
3 2170 3561 4409 
1 2518 
3 879 2888 4650 
5 1758 2592 3404 3593 4532 
3 693 1483 2672 
3 1377 3074 4433 
1 3340 
1 4681 
6 193 817 841 2512 3959 4148 
3 2123 2265 3010 
1 2378 
2 1910 3228 
1 4272 
5 2215 2406 2547 3769 4589 
3 878 2927 3572 
2 121 865 
4 86 864 2522 3467 
3 418 3522 4293 
3 1937 2998 4062 
3 1000 1740 2257 
4 80 1079 3218 3327 
1 980 
1 4356 
1 847 
3 1766 3567 4037 
1 1824 
0 
2 1183 3801 
1 3874 
3 863 2431 3575 
3 851 2245 3534 
3 1591 1974 2205 
6 539 2003 2572 2679 3979 4542 
3 740 1464 2979 
1 703 
3 820 3756 3771 
1 4265 
2 989 2894 
5 1578 1726 3503 3591 4655 
1 4342 
1 3625 
1 3155 
4 646 3069 3401 4262 
1 87 
3 760 1794 3119 
2 95 1106 
1 4614 
1 3630 
2 1445 2428 
1 4003 
3 436 1489 2725 
2 1052 3539 
5 785 1318 1897 2470 4128 
3 782 3514 4428 
1 3607 
5 348 426 1248 4074 4206 
5 11 308 454 2663 3531 
2 3623 4587 
1 2787 
6 1790 1901 1953 1981 2516 4698 
2 2321 3464 
2 1175 3694 
1 4251 
2 674 796 
2 1236 2013 
2 411 1188 
0 
1 2518 
3 986 1096 3795 
3 1367 4240 4279 
1 3591 
0 
2 2323 2600 
1 3575 
1 3136 
4 1808 3874 4383 4431 
2 1911 2316 
3 2833 3246 4273 
4 24 716 2053 3336 
4 1230 1520 2993 3261 
2 3377 4658 
1 3145 
1 2724 
7 63 1287 1770 1869 2631 2723 4047 
1 1467 
4 783 1411 4014 4376 
3 171 1812 3249 
2 2114 3712 
3 1548 2534 2837 
5 638 1617 2398 4172 4220 
3 1019 2493 3472 
2 1572 2618 
2 1350 2855 
4 635 1723 3113 3733 
5 112 1183 1830 2258 2311 
5 1340 2284 2478 3147 3221 
5 369 666 1163 2513 3567 
4 1406 2707 3289 3773 
2 1743 3307 
3 720 3491 3530 
2 817 2335 
4 769 1506 1694 2666 
2 1285 2580 
4 51 665 2037 4148 
2 1250 1392 
1 277 
4 827 842 2814 4364 
2 2362 3008 
1 2266 
3 1391 1626 3348 
6 2996 3269 3333 3575 3711 4564 
3 1176 1568 1827 
3 283 3030 3824 
2 2107 4027 
4 260 2366 3373 4527 
0 
4 30 635 1359 3956 
3 2126 4407 4658 
1 1509 
2 3489 4361 
5 267 1405 3312 3541 4565 
1 3614 
3 140 2144 2175 
0 
1 1195 
1 1440 
5 826 1203 3678 4103 4588 
1 2865 
4 1887 1999 2539 2726 
4 540 2692 3152 3951 
1 3404 
3 23 870 1372 
4 51 2025 2145 2270 
1 2872 
1 3508 
1 265 
3 332 1189 1407 
2 917 1494 
0 
2 1467 3267 
2 886 1409 
1 2200 
1 2292 
1 23 
2 437 4660 
2 1304 2849 
3 2622 2947 3259 
2 430 1869 
3 454 2246 3290 
3 315 1227 3010 
1 581 
2 868 3578 
1 2017 
7 821 2522 2608 2911 4113 4139 4159 
2 2037 3756 
1 4317 
4 1173 1178 1408 3451 
1 3633 
5 1096 1167 1365 3458 4151 
2 1153 3259 
0 
3 1061 3326 4612 
3 727 2686 4307 
1 4456 
0 
4 1060 1993 4069 4132 
2 353 2586 
1 277 
3 1687 2819 2821 
4 13 1668 2980 4280 
2 939 4677 
2 1746 3432 
1 110 
5 1044 1172 1270 2383 3287 
1 4540 
2 1814 3388 
5 643 2077 2871 3585 3776 
2 218 3580 
4 2102 2134 3492 4139 
1 2248 
3 2899 3661 4425 
0 
5 127 227 567 3234 4694 
2 1485 1664 
0 
0 
3 1481 1581 2186 
1 3409 
3 716 3045 4293 
3 335 2489 4438 
2 669 2419 
5 1425 1922 2924 3496 3512 
3 693 1161 4593 
5 847 1140 1895 2345 3609 
4 1242 2126 3505 3853 
1 1022 
1 560 
1 3361 
4 683 688 2937 4309 
4 2041 2643 3287 3771 
3 337 1854 3536 
5 1 2110 2590 4173 4669 
2 176 1274 
5 653 740 900 2154 2921 
3 95 2281 3443 
3 228 334 1908 
4 198 231 531 4610 
2 1146 2672 
3 2355 2475 2630 
4 602 2098 3871 4095 
1 4693 
2 155 1014 
4 653 1010 1174 2312 
7 682 774 2366 2598 3355 3676 3938 
3 772 812 3884 
0 
3 1387 1776 4659 
0 
5 1854 3457 3908 4020 4405 
2 2743 3289 
5 48 1124 1557 2108 4221 
1 3733 
0 
5 136 262 816 2903 3622 
2 1787 3672 
2 263 4265 
5 62 260 2603 3216 3434 
0 
1 3579 
3 2014 2137 4658 
5 176 869 3956 3979 4612 
3 2218 2437 4620 
2 663 1396 
2 3195 3809 
1 1495 
1 3526 
2 1574 2702 
2 2787 3007 
1 1329 
4 533 1555 1854 4647 
4 1814 2100 3665 3744 
5 33 2653 2722 3683 4356 
3 1458 2746 3355 
2 74 4601 
2 1432 2923 
1 3758 
2 1277 1756 
3 917 1007 1836 
5 358 1710 2122 4066 4571 
4 193 1473 1812 1901 
5 259 307 557 2271 3099 
0 
2 574 4568 
1 4143 
3 1295 1937 2264 
2 1810 2258 
1 199 
3 894 3688 4019 
3 289 3062 3916 
0 
4 1130 1281 2984 3153 
2 1876 4254 
3 642 1195 3771 
4 1184 2588 3725 4004 
5 217 2708 3123 3682 4589 
1 1495 
3 2775 4126 4452 
4 402 713 2955 3220 
1 4281 
5 80 181 2595 2849 4003 
1 11 
2 1431 3558 
2 216 4399 
3 96 1681 3758 
6 1805 1956 2058 2159 2585 2712 
2 1069 2911 
2 1305 3072 
2 546 1681 
1 39 
2 751 4250 
1 1838 
3 1109 2915 3563 
4 244 1530 2215 3153 
5 57 279 1197 2228 2632 
2 1307 3853 
5 263 2391 3049 3775 3861 
5 739 1187 3040 3320 3654 
1 3852 
2 3109 4564 
2 2 4171 
1 2281 
3 1042 3686 4367 
5 632 797 1668 2626 2842 
3 2043 2780 3211 
3 273 1611 1827 
2 746 1159 
4 1460 2691 2921 4499 
3 1056 3620 3652 
4 428 3409 3473 4141 
0 
2 324 467 
1 414 
3 4163 4443 4478 
0 
1 1008 
2 651 2240 
2 3800 4375 
1 2017 
3 1348 3336 3620 
0 
3 632 1144 3898 
1 4036 
3 537 820 1041 
4 1356 1874 3052 4575 
4 945 1448 1912 4427 
1 25 
3 820 1173 4501 
1 3883 
2 1007 3062 
1 1564 
1 100 
2 207 4402 
2 1523 3522 
4 1022 2705 3860 4145 
6 1005 1165 1526 3015 4380 4395 
1 1061 
5 910 3671 3722 3885 4660 
2 960 3274 
2 1857 2448 
4 1005 2620 2817 4456 
1 4046 
2 3813 4517 
5 41 242 3357 3396 3886 
2 1851 2625 
5 440 876 943 3178 4433 
3 1112 1559 3988 
2 1735 3504 
0 
5 1135 1512 1937 3155 4604 
6 914 1350 2768 2822 2900 4478 
2 332 985 
2 1545 1759 
2 2515 2877 
4 632 1894 2985 3506 
0 
2 326 2063 
3 973 1111 3740 
1 486 
4 805 1132 1525 1689 
3 3294 3510 3761 
1 1445 
4 258 2105 2487 3688 
2 1613 2621 
3 150 598 2935 
3 270 975 3392 
2 3220 4654 
3 381 3631 4007 
3 1247 1560 3360 
1 3825 
4 2816 3686 3718 4368 
3 343 784 4547 
2 357 4675 
4 2030 2389 2961 4624 
4 671 1912 2214 3141 
2 1899 2251 
2 2225 4006 
2 3617 3694 
3 1397 1995 4563 
2 1814 2104 
4 555 1428 3086 4019 
3 3051 3988 4135 
1 798 
3 1301 2921 3174 
1 4598 
4 108 837 2084 2597 
2 2100 2529 
1 2650 
1 3582 
1 998 
1 666 
0 
1 928 
6 1498 1850 3200 3756 4074 4403 
0 
3 1595 2593 4221 
2 1485 2840 
1 3157 
3 913 3410 4375 
1 3321 
2 4155 4656 
6 751 1312 1948 2259 3221 3551 
0 
3 421 671 3297 
1 1043 
5 638 1788 1797 1812 3333 
2 266 2992 
4 3999 4034 4556 4559 
0 
5 195 220 1206 3143 4152 
2 904 1354 
2 488 3055 
1 953 
4 1562 2573 2957 4268 
2 785 2749 
2 1364 4199 
5 762 2017 2508 3283 4204 
4 158 1872 2688 4151 
9 18 1664 1969 2228 2305 2842 3058 3350 4398 
7 1287 1677 2912 3772 4090 4255 4649 
2 1578 1625 
1 2335 
4 453 1449 3878 4050 
4 1351 2045 2652 3165 
1 1716 
1 3570 
4 235 817 2652 3488 
2 3353 4409 
1 4121 
3 3182 3474 3659 
1 4319 
2 1654 3523 
2 1022 3325 
3 23 2639 3939 
0 
0 
3 1051 3655 4439 
4 2157 2430 3286 4585 
1 1448 
4 1095 2482 2555 4473 
2 1661 2944 
0 
1 3664 
2 1109 2110 
2 4225 4404 
2 2919 3062 
3 430 2327 3901 
4 951 4355 4622 4630 
3 74 577 3893 
3 932 1257 3574 
4 249 2013 3306 4249 
1 2759 
1 4037 
0 
2 3741 4344 
0 
4 621 1978 2051 2777 
2 1103 3180 
3 1976 3857 4229 
3 580 2361 2847 
1 4330 
0 
2 1716 3139 
2 117 1221 
1 3234 
1 2763 
4 994 1613 3836 4389 
2 1125 2415 
1 2221 
1 1133 
3 1877 2274 3492 
3 335 2384 4094 
1 2348 
1 1509 
3 1239 2042 4458 
3 271 1721 2205 
3 1412 1494 1654 
4 1345 1635 2648 3111 
3 2490 3550 3966 
2 1505 1835 
2 901 4222 
2 4023 4127 
4 154 409 3207 4524 
3 2508 2916 3311 
3 2002 2744 4196 
1 2920 
3 350 2085 2763 
1 1940 
2 1840 4209 
1 3246 
2 167 3421 
7 733 1087 1460 2389 4182 4313 4392 
2 704 4395 
1 4096 
1 1834 
0 
1 2208 
4 87 2103 2487 4033 
1 3162 
2 2137 2628 
3 2124 2892 4180 
0 
1 944 
3 1819 1891 3217 
2 1511 2121 
2 2706 3067 
2 535 4373 
2 1315 2183 
7 568 1354 2370 2724 3462 3808 4234 
2 1793 2223 
3 1157 1610 2702 
6 1426 2883 3038 3367 3488 4088 
2 941 1188 
3 1261 1748 4117 
0 
4 1473 1492 1571 2676 
5 335 591 1248 1346 4283 
1 2671 
3 1162 2890 3469 
4 672 2658 3917 4362 
6 2046 2313 3487 4092 4320 4383 
5 768 965 3184 4153 4171 
3 2809 3662 4416 
1 4474 
3 2084 2328 3506 
2 3102 3406 
3 1253 2483 3923 
3 636 1007 2711 
4 2112 2114 2617 3096 
2 918 4687 
1 2098 
0 
2 4122 4578 
2 2030 3835 
3 980 2001 4145 
1 2736 
2 348 3303 
4 15 1695 2691 4296 
1 2920 
2 854 4605 
3 2123 2129 2361 
5 1385 2038 2073 4078 4488 
1 2004 
3 781 2223 2724 
3 234 334 4159 
3 2203 3763 3988 
3 1473 3369 4547 
6 23 404 1379 1520 4143 4279 
1 1906 
3 674 1065 1634 
5 3 347 2358 3365 4243 
2 115 603 
0 
3 958 4024 4040 
7 695 835 953 2426 3266 3548 4183 
3 1430 1744 2601 
0 
1 675 
3 1081 3377 4134 
3 1216 1955 3199 
5 1955 2247 2261 3838 4662 
4 2647 3196 3323 4261 
4 2861 3076 3722 3899 
5 676 2268 3198 4171 4598 
2 3953 4602 
2 2154 2671 
0 
1 969 
3 343 946 2687 
1 985 
1 1005 
4 989 2062 3937 4422 
0 
3 934 3584 3972 
3 1314 1924 2521 
2 2088 2532 
1 3109 
5 766 2444 2956 3497 4498 
1 3143 
2 3536 4569 
3 2458 2745 3263 
3 693 805 1462 
4 1890 2130 2616 2795 
2 1835 2272 
1 194 
3 689 1954 4555 
1 298 
2 1040 4493 
2 1349 1806 
0 
5 1218 2073 2675 3211 3330 
2 2222 4092 
4 663 1393 1437 4650 
1 1120 
4 1093 2226 3041 3543 
3 2180 3400 3492 
0 
1 2737 
3 2671 3101 3458 
1 1430 
3 1903 4530 4693 
3 2320 2783 3195 
4 974 1679 2998 4139 
2 3127 4308 
1 4445 
3 1786 2109 3360 
1 3908 
8 676 811 897 1199 2381 2575 2698 2980 
0 
3 3352 3830 4019 
3 1163 1276 2366 
5 199 1260 1513 1826 3562 
3 2411 3202 4485 
4 2903 4145 4389 4686 
2 4411 4648 
1 1806 
4 2211 3161 4170 4311 
4 2375 2706 3405 3546 
0 
3 1579 2831 3259 
3 130 1091 4023 
4 270 428 539 1525 
3 1145 1329 2702 
1 747 
4 1419 1883 3767 4530 
4 15 1608 3279 4632 
1 882 
1 2796 
1 1951 
4 478 933 988 3915 
1 211 
2 757 2448 
3 251 2003 4680 
2 75 391 
3 1607 3627 4105 
6 465 1098 1353 1384 3530 3535 
2 2392 4243 
2 2648 3538 
3 507 717 2063 
5 65 833 2738 2790 4162 
2 147 4309 
1 211 
3 1922 3524 4493 
4 1035 1664 2397 3432 
4 370 617 1534 1649 
2 853 4397 
3 537 2289 4100 
10 148 677 1032 1234 1700 2170 3651 4165 4197 4349 
2 823 4339 
1 2868 
1 3918 
1 899 
2 2126 3265 
1 4037 
1 1353 
2 1800 3890 
3 986 1314 3377 
2 1083 1114 
1 3529 
3 787 2527 4471 
1 1231 
1 3980 
1 668 
3 1978 2476 3175 
2 2563 2753 
1 1510 
3 1747 2298 3443 
1 1317 
2 950 2272 
1 4049 
2 3841 4487 
2 967 1311 
2 806 1503 
3 1342 2734 3158 
3 175 1187 3811 
5 684 1449 1690 3250 3430 
3 558 3490 3897 
1 3869 
1 2740 
3 723 2994 3001 
2 1724 3682 
3 2419 2846 2893 
5 928 1385 3491 3893 4155 
1 4447 
2 2159 4493 
2 1171 2165 
3 844 2406 3804 
4 1197 1459 4289 4313 
2 1173 4681 
0 
0 
2 2142 4546 
3 1131 3880 3916 
3 533 2338 4206 
5 232 336 535 722 1536 
2 727 4003 
3 773 1482 2627 
4 2056 2590 3082 4039 
4 1532 2690 4209 4670 
1 3271 
2 788 1749 
5 2425 2900 4004 4051 4224 
7 99 380 447 749 2789 3124 3220 
1 1548 
3 11 3417 3578 
1 4032 
1 2170 
2 1190 2072 
2 2738 4356 
0 
5 158 937 1541 2610 2715 
1 445 
2 545 2079 
2 322 514 
1 557 
3 277 2243 3659 
0 
4 1088 2063 2140 2196 
2 1791 2062 
3 1069 2431 3197 
1 3119 
4 152 184 1184 2085 
1 1206 
2 2064 3256 
2 1251 3110 
4 3335 3359 3674 3860 
2 1168 4247 
4 1628 3581 3616 3840 
3 793 2156 3576 
0 
3 798 960 3087 
0 
3 2384 2561 3903 
3 620 1353 2490 
2 53 940 
1 4294 
4 80 1085 2359 4321 
0 
1 2171 
5 1974 2184 3167 4458 4584 
3 546 887 1258 
3 1457 3475 3606 
0 
2 1035 2047 
4 203 2045 3020 3199 
0 
3 2047 2063 4411 
2 48 405 
2 2202 3019 
2 3007 4086 
1 4258 
3 2226 4178 4684 
2 2798 3964 
3 171 880 3304 
1 414 
2 2858 2948 
2 2718 2723 
1 1233 
2 1982 3127 
3 655 2100 3408 
4 2005 2131 2243 4326 
2 3700 3877 
3 543 1694 2502 
1 2234 
2 2990 3892 
6 2064 2081 2511 2762 4095 4549 
3 234 3110 3320 
5 147 2072 2702 4219 4530 
6 2278 2436 2798 2850 3357 3610 
4 1472 2054 3943 4160 
1 1463 
1 2895 
2 606 1348 
2 169 1143 
4 2030 2124 3967 4007 
4 545 660 1201 1304 
0 
1 2378 
3 568 1888 4110 
3 486 938 3412 
2 2466 4195 
3 1770 3009 4544 
1 3343 
2 3038 3620 
1 532 
4 2216 2302 3712 4518 
3 2145 2884 3942 
4 613 714 1258 1943 
1 958 
4 3343 3547 4111 4339 
3 1565 1751 4112 
2 58 433 
4 719 2872 3594 4548 
3 1710 4564 4573 
1 3476 
1 2174 
4 45 1387 3473 4396 
2 1315 4624 
0 
3 441 650 4445 
3 3370 3379 3702 
1 4241 
2 698 4062 
0 
1 4412 
4 107 3010 3811 3995 
0 
0 
1 2300 
0 
1 354 
2 1482 2017 
4 416 3041 3258 3950 
1 75 
0 
2 1859 2929 
6 1269 1314 2958 3335 4101 4412 
6 239 2891 2899 3151 3497 4400 
1 3699 
1 2582 
0 
0 
2 750 2163 
1 1278 
0 
4 2357 2642 3931 3966 
4 1032 1256 1481 2757 
3 620 3242 4570 
0 
1 3567 
7 239 1018 1141 1708 1896 2067 2567 
0 
1 4582 
4 240 454 2178 3355 
1 4403 
2 4397 4649 
0 
4 2267 2496 3594 4007 
2 2418 3899 
3 1257 3136 3488 
0 
3 1440 1705 4085 
4 406 2511 3956 4446 
2 1122 1126 
0 
3 1823 2757 4276 
1 581 
2 1925 1994 
2 2267 3358 
1 1017 
2 3306 4630 
3 779 1197 3929 
3 1513 4030 4686 
1 553 
3 107 2071 2775 
0 
6 950 1600 2888 2903 3996 4429 
3 1375 2656 4279 
4 4 182 3693 4082 
2 2723 2744 
0 
1 2559 
6 1485 2203 3352 3402 4104 4185 
2 579 3073 
1 2253 
2 136 3851 
6 2059 2799 3224 3768 4413 4602 
3 69 1679 3496 
2 2201 3137 
2 479 4092 
2 1668 4038 
2 32 3980 
3 587 1097 1631 
1 4576 
3 306 752 4283 
4 540 591 2311 3861 
2 2019 4241 
1 4593 
4 249 686 1262 1300 
0 
0 
2 2343 3122 
1 18 
4 1313 3973 3982 4317 
0 
6 942 2151 2242 2648 3567 3658 
2 1518 1956 
2 1916 2554 
2 887 2174 
5 1863 2701 3174 3622 4166 
0 
2 2064 2655 
3 697 2188 3167 
3 2213 2302 2812 
4 440 586 2920 3688 
1 2435 
2 1895 4459 
2 1185 3168 
0 
1 538 
3 2885 2985 3911 
0 
4 126 450 868 3489 
1 4014 
0 
4 947 2587 2762 4213 
5 1393 2406 2723 3872 4554 
3 2809 3033 3401 
1 1020 
3 261 1504 2772 
4 490 515 1351 3668 
4 241 1538 3764 4556 
0 
5 1628 2572 3157 3181 3496 
1 2132 
2 193 3743 
2 2871 4015 
0 
3 1095 2622 4646 
1 826 
5 118 852 3658 4442 4510 
3 498 1190 2662 
1 2169 
3 2147 3128 3803 
2 193 390 
1 3704 
3 332 2245 4530 
1 504 
2 873 2189 
2 3624 4522 
0 
2 2703 3582 
3 932 1619 2317 
2 1949 3318 
2 2442 2863 
2 2546 4156 
4 2068 2791 3166 4455 
1 2157 
5 112 204 1065 3740 3857 
0 
0 
1 1925 
1 4306 
3 211 3145 4428 
1 3769 
2 594 1806 
1 2267 
1 4205 
2 1443 2092 
4 845 1073 3380 3407 
1 1243 
1 4236 
4 308 908 3168 3957 
2 1556 3031 
2 2515 4206 
6 161 361 1347 2078 2299 2667 
5 670 893 2740 3923 4398 
0 
0 
2 1243 2633 
3 2119 2296 4255 
4 105 678 3113 3590 
2 1493 2068 
4 839 3235 3424 4351 
1 2282 
0 
1 2956 
2 1123 2055 
5 1426 1453 1783 2195 2794 
3 3214 4107 4532 
2 924 4503 
3 2475 2662 3843 
3 618 1104 4459 
4 2473 2919 3841 4350 
4 935 1098 1243 2652 
2 2447 4362 
3 1024 1089 1217 
1 2169 
1 3231 
2 2470 3911 
1 3430 
3 1341 2352 2937 
2 3945 4062 
1 2233 
0 
3 1683 1883 2618 
4 874 2433 2533 3684 
0 
2 40 1449 
6 198 960 1143 2005 2668 4217 
0 
2 26 69 
3 943 2273 2571 
5 267 682 1910 2960 3826 
2 1873 2329 
0 
1 1332 
4 636 743 1317 1421 
6 261 1096 2001 2351 2957 4503 
1 3559 
2 1129 4171 
0 
1 1326 
2 2572 4203 
3 752 3499 3640 
1 3060 
1 4332 
5 405 469 2484 3268 3629 
1 4431 
0 
4 204 728 3194 3509 
1 4502 
2 1231 3585 
2 1182 2867 
1 2759 
4 818 2469 3114 3420 
4 1049 1067 1088 3166 
1 1908 
3 378 666 3806 
5 1177 2027 2988 3177 4107 
2 2248 4672 
2 768 1653 
2 2967 4465 
2 4063 4342 
2 2591 3526 
5 334 530 747 1727 2352 
0 
5 441 3302 3961 3977 4450 
3 2767 3530 3610 
2 2562 4571 
2 677 4482 
6 932 996 3489 4117 4560 4606 
0 
0 
3 441 1255 1884 
1 1832 
4 686 1162 2034 2244 
1 2302 
1 1110 
1 1308 
3 93 3075 4275 
1 2047 
1 4664 
2 2572 4665 
1 3361 
4 1462 1823 2825 4536 
4 1872 3388 3500 4554 
1 1986 
4 2994 3189 3610 4174 
3 263 977 3298 
3 846 1616 2999 
4 2207 3705 3758 4569 
3 1420 2063 4022 
3 1341 3856 4328 
1 4517 
3 183 438 3357 
5 524 1192 2577 2824 4151 
5 593 1042 1734 2259 4293 
2 1668 1983 
4 653 901 3452 4676 
1 416 
1 1213 
1 4224 
9 568 619 908 1098 2434 2483 3798 4358 4687 
1 3943 
5 1438 2078 2261 2781 4522 
3 11 2719 2880 
2 2813 3935 
3 709 1386 2332 
2 2836 3145 
7 1054 1855 2619 2777 3608 3664 3834 
1 2821 
3 227 860 1831 
4 96 925 4252 4455 
2 1163 1212 
5 1964 2841 3641 3702 4377 
2 4268 4682 
3 2678 2771 3638 
4 795 1725 3420 4034 
1 2374 
1 4589 
2 3945 4565 
2 2313 3345 
2 349 4015 
4 97 1040 1480 3309 
0 
1 1412 
4 567 1685 1779 3539 
2 9 4092 
1 3819 
2 3300 3948 
5 55 3053 3125 3713 4336 
3 3632 4008 4444 
1 2042 
2 591 4333 
1 576 
1 2268 
0 
2 2476 4398 
3 867 1103 1187 
1 4526 
3 93 2538 3337 
2 565 1325 
0 
3 128 2156 3882 
2 1625 3313 
2 301 372 
3 199 1988 2497 
2 2426 3911 
1 771 
2 1239 2999 
2 1771 2195 
4 341 1962 3971 4086 
5 1466 2367 2511 2542 3767 
0 
2 908 3780 
1 1423 
4 470 1397 1398 4396 
5 542 1123 1724 3203 4346 
4 5 530 2691 3067 
3 4085 4358 4553 
1 3091 
2 2039 4136 
1 2742 
1 1950 
2 2742 4091 
5 20 46 1913 2539 3778 
1 4067 
4 2368 2410 2571 3587 
1 3936 
2 4403 4463 
2 7 1256 
3 3226 3974 4526 
2 3862 4631 
0 
1 3025 
4 880 1577 3024 3271 
1 4516 
3 1296 4016 4633 
2 46 3996 
4 1294 1501 3954 4539 
3 271 3370 4300 
2 317 3351 
2 323 908 
2 1596 2853 
3 427 507 1896 
2 2169 4545 
1 3546 
3 1885 3083 3814 
0 
3 170 683 1945 
4 34 240 2545 3428 
3 2145 2308 2498 
1 4495 
2 526 2618 
3 1014 2756 3396 
2 1685 2683 
3 1216 3496 4633 
3 2007 3461 3755 
1 580 
2 4070 4341 
2 977 4406 
2 2088 3961 
4 259 513 1372 1836 
1 1322 
3 881 1470 4219 
3 1380 3095 3218 
3 1598 1827 2667 
2 239 326 
3 1996 2477 2551 
0 
2 3348 4145 
3 2672 2901 3656 
1 2627 
6 433 508 3392 4133 4235 4573 
6 419 425 913 1288 2943 4340 
5 1078 2110 2424 2709 4491 
3 546 2551 4337 
3 2422 3432 4503 
7 152 1001 1156 1254 1649 2890 3518 
2 2203 4686 
2 1714 3922 
1 2529 
1 4445 
2 211 4205 
1 3272 
2 267 4258 
1 981 
1 2777 
1 1857 
1 3624 
2 2753 4560 
6 1211 1371 1612 2148 2369 4346 
0 
2 270 2369 
3 2584 3041 3688 
3 1874 3292 3413 
4 2226 3142 3629 4653 
1 826 
3 735 952 1003 
3 1379 2961 4504 
4 1960 3015 3268 3641 
5 373 2378 3078 3551 3889 
3 1048 3137 4118 
2 1312 1931 
2 1142 4488 
1 4506 
3 1261 1582 4269 
3 1358 3048 3395 
5 1581 1584 1879 3582 4547 
1 3166 
1 716 
0 
2 1294 4692 
4 155 235 714 4234 
1 927 
2 1607 3427 
2 1805 3720 
1 1535 
1 2518 
3 164 229 1123 
2 1704 4140 
3 3783 4169 4459 
5 3129 3259 3276 3995 4593 
2 1409 1556 
7 491 1194 1476 1555 1584 1890 2406 
6 71 1561 1603 1729 3275 4152 
0 
1 208 
1 1668 
5 381 1774 1800 2879 4351 
2 92 505 
0 
3 1692 3785 4199 
6 1545 1605 3247 3552 3622 4576 
4 1379 1428 4333 4631 
1 4642 
0 
1 2958 
1 1025 
4 1793 1903 3480 3843 
3 123 1550 3306 
1 16 
3 237 636 1603 
3 2567 3183 3190 
1 2517 
4 1223 1362 2689 3749 
6 139 228 1324 1559 2678 4621 
3 2646 3376 4377 
3 2773 2806 4691 
3 1413 2000 3340 
2 207 4219 
3 494 2133 2638 
1 2207 
4 1786 2473 2598 3514 
3 3261 3936 4146 
1 4475 
6 2842 3003 3704 3724 4294 4509 
2 192 443 
1 3241 
5 1058 1368 2542 2860 3010 
2 4058 4295 
5 635 1089 1224 1597 2706 
1 4068 
2 1027 3585 
2 1335 2282 
2 1217 4651 
3 1200 2681 3995 
1 2511 
3 962 2756 4347 
2 1069 2718 
3 444 1443 2611 
3 1050 1281 2014 
1 4650 
3 1366 2247 4084 
1 44 
4 936 1366 2668 3662 
1 4553 
2 3601 4416 
1 3899 
1 595 
2 34 1798 
2 541 2887 
2 170 1342 
1 1097 
4 858 1378 4169 4355 
3 1338 1612 3943 
1 2623 
4 966 1043 1490 3200 
1 4140 
2 471 4039 
3 1378 2808 2810 
7 476 478 1420 3368 3651 3705 4642 
3 322 1598 3160 
1 1752 
4 372 374 2090 3460 
4 1027 2960 3458 4060 
1 4192 
1 4350 
2 1078 1337 
1 2545 
2 670 835 
2 1555 2444 
0 
1 1529 
0 
2 971 2831 
5 580 981 1624 1990 4470 
3 805 847 4029 
3 1761 3510 4668 
1 2030 
1 738 
2 4085 4141 
2 1723 4244 
2 3356 4581 
1 758 
4 1052 1403 2885 3030 
2 2338 3359 
3 1566 1942 3292 
3 1275 1775 2479 
1 819 
4 1123 1522 2622 2992 
0 
1 837 
2 2287 3526 
1 1660 
1 3015 
4 363 1523 3440 4477 
2 732 2779 
3 3108 3539 4366 
3 472 4079 4122 
4 1760 1815 1984 4378 
3 849 1485 1544 
5 356 644 1576 3437 4504 
3 120 3297 4532 
3 615 2998 4691 
2 1633 1726 
2 971 2564 
3 165 249 4409 
2 2960 4404 
4 1671 2624 3835 4017 
0 
3 1433 2334 4204 
2 20 3840 
1 4378 
3 1345 2471 2710 
4 723 1577 2748 2771 
2 2275 3215 
1 1035 
3 381 2626 4427 
3 697 1730 3195 
3 1766 2659 3846 
1 313 
1 3257 
0 
1 2558 
2 170 3523 
4 1806 1949 2216 2951 
3 1555 2250 2780 
0 
3 2658 2757 3102 
0 
1 990 
1 1706 
3 1586 2450 4518 
5 1383 1700 2018 3319 4115 
1 669 
4 880 1313 3517 3753 
1 481 
5 1889 2091 2468 2694 4392 
2 1334 4116 
4 131 3022 3037 4109 
2 2322 3587 
3 816 1454 2729 
4 2718 2940 3568 4169 
3 453 1731 2907 
3 1212 3096 3202 
4 477 862 1131 3023 
4 1623 2195 2415 4375 
1 131 
2 1080 3603 
0 
1 387 
2 1306 3493 
1 1429 
3 1347 1381 3534 
1 3425 
3 171 1214 4568 
4 1432 1589 2035 2561 
2 4384 4450 
4 554 1132 1256 4285 
2 442 3705 
2 67 3867 
1 3662 
0 
2 1821 3763 
3 1601 2521 3764 
0 
2 266 4033 
1 4423 
1 185 
2 2356 2946 
4 96 1154 2520 4195 
1 150 
2 1723 3898 
5 349 1553 1598 3554 4361 
5 1874 2276 2745 3791 4282 
3 43 879 1764 
2 997 3344 
3 1398 2112 4444 
4 234 678 1028 1858 
2 461 648 
2 2196 2338 
2 823 1213 
1 2271 
3 404 1702 2850 
1 3768 
3 212 2747 2899 
0 
3 435 868 3416 
3 943 1104 3023 
3 1239 1895 3817 
2 4113 4679 
3 240 1398 1903 
3 22 2871 3494 
3 299 2386 2529 
3 1103 3461 4504 
2 858 4461 
3 957 3563 3588 
6 1675 1686 1784 2473 3107 4232 
3 435 1401 1934 
4 2407 3250 3273 4332 
5 981 2395 2439 2529 3545 
3 186 1099 2252 
5 236 1421 1506 3783 4091 
4 1830 2438 3187 3894 
3 1308 2357 3606 
2 2185 4324 
2 610 2244 
0 
2 1606 3573 
0 
2 28 3195 
4 1053 1139 3158 3297 
3 1802 2103 4083 
2 620 4575 
2 944 2861 
0 
0 
2 2162 2822 
0 
5 1484 2563 2788 3014 4202 
0 
1 3586 
3 157 991 4036 
2 382 4057 
2 2570 4260 
1 3872 
5 351 564 1798 2722 4300 
3 3441 3821 4586 
3 809 1504 3895 
1 1793 
4 99 602 1646 2504 
2 3851 3977 
5 1623 1731 1875 3355 4367 
0 
0 
1 1256 
1 3123 
1 4178 
4 1990 2487 2565 2992 
2 2373 2776 
0 
2 943 1713 
2 231 1061 
3 1358 1920 3341 
1 4316 
1 4184 
1 925 
2 1770 3684 
1 4621 
1 2448 
2 1439 3516 
3 909 2796 3342 
2 2210 3331 
1 921 
4 143 2669 3676 3925 
0 
1 136 
4 481 1284 3075 3913 
2 1362 4497 
1 1832 
1 3635 
3 3060 3218 4328 
1 1906 
0 
3 2180 3170 3545 
2 949 1259 
0 
4 735 2602 3386 4082 
3 1531 2155 2250 
1 4389 
4 88 538 3921 4061 
2 181 3929 
4 470 2456 2842 4027 
3 1719 3128 3700 
4 370 616 733 3083 
4 1042 3941 3976 4386 
4 2813 4051 4271 4310 
2 2889 4685 
4 835 1310 2977 3471 
0 
1 2500 
1 1836 
3 1819 1863 2748 
2 116 4689 
0 
4 1057 4196 4432 4653 
2 2239 3634 
2 1663 2274 
3 1388 3699 3721 
2 1574 2403 
2 3464 3787 
7 153 681 1297 1378 3124 3137 4624 
2 956 4631 
1 3730 
3 3724 3858 4482 
0 
6 963 1062 1448 3349 3746 4604 
2 1951 3842 
3 1966 3178 4601 
4 2030 2032 2472 3108 
3 266 379 1346 
2 2934 3132 
1 3918 
2 786 2309 
2 1917 2386 
3 1455 3159 3364 
4 2440 3311 3318 4208 
1 652 
5 859 1615 2040 2546 4402 
2 190 657 
3 624 2466 4177 
1 1445 
0 
2 299 1022 
3 1309 1570 4200 
4 138 2724 4351 4379 
6 124 2263 2374 2622 2782 3054 
7 276 3079 3301 3412 3872 3946 4638 
0 
4 1211 1329 2492 3850 
3 122 3386 3813 
4 636 1134 2397 2474 
2 1474 3222 
2 679 3131 
3 73 3073 4313 
2 126 2270 
4 201 2486 2714 3043 
4 1481 2391 2664 2690 
3 938 2772 2790 
2 3620 3634 
3 551 4059 4511 
1 4246 
1 3770 
2 2359 3279 
2 2438 3021 
2 75 3249 
6 318 862 1524 1744 2063 2737 
3 254 616 2269 
2 2774 3775 
2 3001 3526 
2 1966 2724 
4 1450 2592 3520 3765 
3 689 797 3480 
2 2582 4177 
3 2604 2977 3729 
2 1305 2216 
0 
2 2543 3270 
7 1676 2993 2999 3009 3247 3275 4621 
2 1039 1519 
2 105 2716 
1 3066 
1 2016 
1 2721 
3 454 2014 4040 
3 1539 3115 3230 
5 1392 1946 2949 3434 3674 
1 231 
2 897 3977 
0 
1 1275 
5 71 878 1557 3526 3880 
2 177 3925 
3 1824 2667 2782 
4 1901 2467 3029 3381 
1 1733 
1 1606 
2 1080 2484 
2 2273 2404 
2 2270 3296 
3 593 2376 4158 
3 309 3621 3799 
1 1772 
5 396 2676 2804 4003 4032 
4 1415 2140 3304 4406 
2 703 2539 
2 3547 4044 
2 1813 4115 
4 1177 1469 2319 2961 
3 835 2690 3847 
1 2202 
1 2646 
0 
5 507 723 2829 4309 4460 
0 
3 2908 3003 3319 
2 303 2342 
0 
3 387 1418 3242 
1 4395 
2 3820 4566 
3 59 131 3296 
1 3656 
3 2957 3665 4260 
2 660 2649 
3 96 4041 4192 
3 1618 2380 3107 
2 679 2434 
1 2207 
4 1853 3072 3084 3629 
6 720 901 1817 3047 3052 4156 
2 2183 3459 
2 211 2369 
4 1811 2092 2267 4180 
2 2391 3289 
3 18 1057 1809 
3 1501 1936 3500 
2 2007 3748 
3 944 2651 4374 
4 6 2157 2656 4482 
0 
4 99 129 3468 4136 
3 1277 4334 4532 
5 130 1364 1901 3245 4011 
4 25 1845 2437 4691 
1 4090 
3 2396 3114 4373 
4 1200 1335 2308 2732 
3 260 562 3846 
4 761 1038 2650 3720 
4 1316 1571 2495 4617 
1 496 
3 2389 2686 4007 
2 129 939 
2 2987 3812 
2 2490 3768 
1 1675 
4 361 673 1945 3270 
2 1990 2856 
1 663 
1 2350 
3 191 455 2707 
4 1600 3460 3566 4576 
0 
4 243 2300 3006 4537 
1 430 
4 2716 3821 4244 4412 
0 
5 818 1254 1321 4108 4607 
2 2512 3847 
2 3029 3353 
7 450 1603 1680 1951 2106 3087 3278 
3 857 2509 3723 
5 44 582 945 3780 4474 
1 2639 
3 1191 1792 3262 
1 908 
2 2083 2870 
5 850 916 2057 3663 4200 
2 3337 3862 
4 192 2240 3066 4556 
2 1412 2234 
3 865 1002 4412 
3 2840 4201 4457 
1 3671 
1 4041 
3 2854 3899 4657 
2 1497 3372 
2 3124 4504 
4 1224 2020 2263 2270 
1 3328 
1 3747 
2 1413 4574 
3 1824 3090 3679 
2 937 3799 
2 3088 3427 
1 4616 
2 325 397 
2 1939 2575 
5 346 977 1964 2445 4624 
4 793 3518 4345 4589 
2 3631 3815 
3 1951 2098 4655 
4 768 2417 2927 4038 
1 2895 
3 1989 2138 3670 
4 555 723 1773 2378 
2 862 3604 
1 3817 
0 
2 4256 4413 
3 2007 2015 3809 
1 2833 
1 147 
2 1725 3403 
1 1277 
2 2844 3485 
1 3281 
3 727 2193 3775 
4 1699 2986 3270 3672 
0 
3 1570 2226 3807 
1 1867 
5 476 1502 2289 4635 4654 
2 2175 4315 
3 56 2308 3816 
0 
4 1668 2082 3107 4387 
0 
1 150 
3 654 2294 4276 
3 292 1830 1966 
4 881 1751 1841 1881 
4 1251 2642 2777 3356 
1 2872 
3 1445 2538 3649 
2 2659 4319 
2 344 1894 
1 2927 
1 3712 
5 811 951 3399 4257 4276 
3 26 2864 4409 
4 494 1657 2413 4550 
1 4275 
1 2033 
3 1123 2720 3778 
3 626 743 1015 
1 1743 
3 1112 3600 4663 
3 532 4387 4507 
2 1050 1535 
3 827 1862 4685 
3 852 2411 2786 
2 460 1233 
2 788 799 
4 1118 3796 3945 4495 
3 3558 3854 4667 
1 1223 
2 1062 2092 
2 18 3825 
2 715 921 
2 1393 2743 
3 2337 3061 4467 
2 462 1075 
2 2414 3345 
0 
0 
1 52 
2 545 1002 
2 3368 4612 
1 1548 
3 386 537 2109 
4 515 4348 4411 4427 
1 601 
4 2616 3181 4322 4598 
0 
5 727 1420 2614 4296 4653 
1 1366 
4 940 1823 1992 4021 
2 1908 2793 
2 1178 3139 
1 1201 
6 748 995 1756 2159 2386 4187 
1 2125 
5 302 2178 2707 3787 3811 
1 1182 
4 1141 2187 4219 4420 
2 1534 2011 
2 1337 3114 
1 4296 
2 48 1057 
2 300 932 
3 418 1132 3437 
1 1797 
2 2805 3912 
0 
1 4262 
2 3075 4694 
2 2090 4635 
4 176 215 1271 2514 
1 4297 
0 
6 1663 2573 3241 3895 4175 4243 
3 1048 2726 3943 
1 3733 
1 3125 
3 2086 2451 3836 
3 535 1399 4468 
4 1315 1475 1723 4418 
2 412 2464 
4 394 480 1225 2489 
7 395 2478 3141 3319 3378 3458 4685 
3 1261 1264 1812 
2 1090 2969 
0 
4 603 624 1729 2870 
2 1695 2479 
1 2769 
2 1357 2198 
4 2189 2576 4442 4499 
2 3694 4581 
4 218 834 2940 4462 
4 679 1759 1809 3563 
2 905 4026 
1 2397 
1 4575 
3 950 3006 4222 
9 378 595 1793 2005 2433 3647 4375 4382 4589 
3 1827 2114 4160 
6 174 369 532 2324 2846 4686 
0 
6 1355 1403 1436 3282 3701 4563 
3 853 1056 2010 
3 811 837 4256 
0 
6 1428 3122 3186 3230 3349 3380 
6 162 1353 2443 2813 3721 4222 
1 3063 
2 1915 2085 
1 881 
1 3491 
3 2105 4361 4644 
1 421 
2 1994 3020 
1 3411 
1 3206 
6 183 702 1011 2492 2923 3850 
2 828 1406 
4 1255 2965 3354 3653 
3 2084 2858 3494 
5 1536 2397 2449 3161 3857 
4 1145 1375 1957 3330 
4 978 2842 4048 4208 
2 2769 2969 
3 2207 3724 3784 
1 418 
1 3533 
2 3546 3752 
1 1445 
2 0 457 
1 110 
4 1727 3028 3502 3893 
5 1085 1348 1460 1605 3955 
1 1769 
2 64 323 
4 91 248 1172 4681 
3 1343 1455 2100 
3 946 2501 2624 
3 1113 2839 4468 
2 2014 4037 
2 2183 3767 
2 97 1365 
1 1123 
0 
2 2396 4118 
1 1548 
4 398 2420 2506 3245 
1 3429 
5 150 1594 2108 2212 3410 
5 1904 3162 3479 3720 4133 
2 421 2585 
2 2423 4360 
4 104 1090 2296 2874 
5 932 1594 1697 1744 4277 
8 227 931 1346 1381 2385 2410 2811 4017 
3 899 3230 4653 
5 645 977 2643 3864 4403 
1 3668 
1 3090 
1 2211 
1 3441 
2 546 3165 
2 301 2487 
3 3491 3576 4014 
4 1511 2798 3292 3418 
1 167 
2 312 1373 
3 1435 2406 4235 
2 1477 1546 
1 4239 
6 1516 1794 3029 3341 3528 4027 
1 3837 
6 560 1961 1963 3040 3474 3535 
2 1068 2601 
2 1322 1697 
3 1418 2244 3022 
3 1091 3973 4036 
2 2255 3930 
3 2184 2352 4496 
4 51 230 1252 4667 
4 8 846 4507 4693 
0 
1 3448 
3 1502 2029 4278 
0 
2 3133 4078 
4 293 555 1993 2107 
4 1664 1683 2198 3058 
0 
2 1289 1852 
2 296 4362 
0 
5 1603 1743 3029 4388 4431 
2 1303 1324 
4 399 4371 4397 4481 
3 3716 3886 4130 
2 3251 4674 
2 700 1866 
2 1188 3063 
7 163 593 628 2657 2693 3427 4637 
0 
5 126 184 1915 2184 2949 
5 115 1747 2398 3054 3337 
3 2087 3222 4155 
2 2408 4368 
4 657 1115 1692 2848 
1 2309 
5 1294 1908 2026 2573 4497 
3 571 2921 3677 
1 2166 
4 427 1142 2196 4496 
2 579 1903 
6 130 2386 2433 3412 4005 4585 
2 1439 3484 
0 
4 640 2872 4001 4511 
3 2592 3718 4153 
3 291 907 1086 
1 2289 
1 1540 
2 1477 2398 
2 794 1774 
4 2943 2946 3783 4320 
2 262 2619 
1 1806 
4 53 1420 3943 4243 
6 1465 2321 3089 3565 3811 4302 
2 58 818 
3 1590 1606 2734 
2 1704 3964 
1 3622 
1 83 
0 
1 316 
2 318 2443 
3 153 2634 4104 
1 2087 
1 828 
2 2129 3004 
3 368 1360 1745 
2 2129 3590 
3 2724 3514 4228 
3 1731 3169 3219 
3 1905 2346 2676 
1 955 
2 557 4213 
1 1208 
1 1178 
3 3406 3897 4380 
2 615 1017 
0 
5 114 1017 1909 3503 3571 
2 1188 2287 
2 3550 4114 
2 227 1894 
2 1883 4236 
2 167 4592 
0 
3 439 4075 4229 
3 45 2453 3021 
0 
4 1457 2144 3969 4128 
2 752 3989 
3 282 926 2552 
1 758 
1 382 
1 1907 
2 374 937 
1 552 
1 2708 
2 1234 2523 
2 1913 3235 
6 31 1141 1256 2095 2342 2692 
1 4584 
3 2556 4248 4385 
1 3061 
2 1519 2669 
4 105 415 1297 4201 
2 2775 3623 
5 524 994 1118 4190 4273 
3 1606 2253 4390 
3 672 3357 4463 
2 829 3540 
2 1982 4350 
4 807 2526 3862 3955 
4 941 2866 3196 4637 
2 2498 3366 
1 806 
3 1593 2689 4557 
4 417 420 3622 3926 
1 2098 
4 13 360 1400 2284 
0 
2 565 1772 
1 2581 
2 184 976 
3 2855 2924 3722 
3 65 618 1851 
3 71 1487 3623 
3 2980 3111 4032 
2 2517 2655 
3 1025 1754 2262 
6 982 1630 2574 2785 3749 4652 
1 408 
2 2722 3862 
1 643 
0 
1 1191 
4 170 740 3751 4071 
3 2068 3399 3595 
3 375 1904 3440 
0 
2 823 3231 
4 805 1349 3053 4021 
3 1624 2989 3569 
5 832 1738 2154 3943 4070 
0 
1 2120 
4 260 468 851 1694 
2 2347 2919 
5 257 282 1356 2017 3744 
2 1655 3102 
3 230 1338 4657 
1 1519 
1 886 
3 1609 2544 4559 
2 629 4634 
0 
0 
5 1029 1655 2255 3996 4186 
5 401 713 1188 1539 3693 
2 2010 3365 
3 3214 4162 4261 
4 1072 1451 1694 4543 
2 3432 4647 
1 518 
0 
4 2213 4067 4235 4549 
2 2455 3291 
3 739 3802 3824 
2 469 3562 
4 36 1002 1124 2943 
2 1257 3250 
0 
1 4493 
3 14 1130 3437 
3 1321 3727 3873 
1 3433 
2 3050 3678 
3 1283 1811 2889 
6 1323 1376 1732 4081 4160 4454 
7 1052 1145 1221 2778 3043 3555 4515 
1 234 
3 1093 2686 4659 
4 454 1040 2866 4030 
2 3443 4598 
0 
3 863 2543 2578 
0 
1 1653 
1 3756 
3 362 3882 4205 
1 384 
3 3074 3315 3755 
2 740 2371 
1 1202 
1 3637 
4 1047 1819 2985 3735 
1 3099 
0 
5 592 2212 2661 3483 4568 
4 3781 3956 4146 4420 
1 686 
5 32 2013 2792 2911 3884 
6 214 669 1278 3450 3944 4613 
3 49 3715 4043 
3 2239 2792 3090 
1 995 
1 1593 
4 2426 2771 3641 4197 
2 127 384 
4 133 188 313 2195 
1 3634 
0 
2 176 4156 
1 1116 
3 470 1415 1804 
5 608 698 1251 1836 2463 
2 1654 2076 
1 3681 
5 275 1831 2134 2177 3850 
3 1211 2038 2448 
2 5 3810 
1 563 
2 482 4015 
2 2688 4005 
1 3953 
2 1860 4069 
1 3526 
2 2653 2693 
5 601 3246 3949 3975 3989 
1 636 
2 3501 4639 
1 520 
0 
0 
2 662 3608 
3 2348 2414 4361 
2 367 3762 
3 882 3002 4051 
5 1018 1445 2869 3228 4621 
0 
3 3458 4303 4464 
1 3475 
1 1109 
6 1192 1738 2937 3282 3398 4438 
2 2559 3352 
3 2494 4334 4475 
3 264 1857 4047 
3 2884 3755 3761 
2 1602 3053 
4 252 3218 4523 4544 
4 268 1244 2159 2308 
2 928 2418 
2 1517 1886 
2 3832 3841 
1 959 
1 540 
3 867 1440 2173 
5 0 1888 1948 2418 4079 
1 4107 
3 1517 2409 4570 
2 2979 4656 
4 369 2095 2455 3826 
3 2808 3902 4606 
1 3955 
2 2504 2666 
2 1086 1587 
3 956 4069 4082 
2 1619 2418 
5 306 858 998 1643 2098 
0 
1 283 
1 321 
4 10 588 2289 4084 
4 1173 2039 2164 3495 
1 4187 
1 4644 
0 
1 1586 
4 237 1582 2683 3564 
5 2404 2829 3121 3675 4368 
4 205 2209 2745 3945 
3 2215 2258 3795 
1 1974 
2 1973 3187 
0 
2 79 3170 
1 2701 
4 2434 2510 2740 2762 
2 961 2154 
3 796 1791 3964 
0 
2 1745 3097 
1 3687 
1 3165 
0 
1 2209 
4 1349 1621 4535 4581 
1 398 
2 1135 2742 
4 1432 1650 2033 3231 
0 
3 2396 2921 4644 
3 3203 3354 4379 
3 369 798 1037 
1 709 
2 2470 3650 
1 2046 
2 1134 4305 
3 200 2918 3352 
1 1219 
4 1 283 1162 2470 
3 1929 2883 2990 
7 465 2386 2772 3587 4037 4457 4640 
5 1249 3594 3988 4004 4310 
1 3371 
2 3866 4648 
5 84 1256 2757 3354 3881 
0 
4 75 1843 2331 3133 
2 2602 2845 
3 1107 1167 1283 
2 2677 2768 
0 
1 4367 
2 2421 2520 
3 1343 1957 3164 
0 
2 891 4456 
2 86 3463 
0 
2 1125 2469 
3 1701 2394 4000 
3 854 2933 3846 
4 1878 2327 2637 3089 
3 27 1400 3900 
3 654 3355 4126 
3 2040 3211 3736 
1 2387 
1 4534 
2 473 3516 
1 1535 
3 156 1986 2344 
5 2469 3617 3773 4356 4422 
3 3539 4238 4594 
3 1218 3714 4615 
2 1568 2511 
2 2535 3364 
4 508 2796 3075 3230 
7 588 2533 2728 2946 4019 4273 4400 
4 1959 3341 3626 4584 
1 420 
1 4564 
1 4223 
2 453 2004 
3 1366 2214 3497 
2 3033 4441 
2 33 4027 
4 170 1099 2938 3592 
2 4230 4233 
1 1436 
3 1363 2198 2891 
0 
0 
2 172 4173 
0 
4 618 2267 2466 2567 
3 571 2167 2369 
3 417 1137 1414 
4 216 1562 1604 3654 
3 525 1315 2869 
2 3535 3963 
2 942 1799 
5 1853 2486 2628 4350 4454 
2 798 2425 
0 
0 
1 3749 
5 239 282 893 1558 4332 
3 413 708 3609 
2 283 3021 
3 1719 2675 3308 
2 1113 2306 
3 1540 2361 2528 
3 1929 2645 4302 
1 4310 
2 1441 1596 
4 139 1761 2343 4528 
1 2061 
1 3831 
1 2393 
2 2371 3274 
2 2755 3060 
1 148 
2 3153 4349 
2 923 1677 
4 407 1706 2041 2361 
1 4141 
2 1300 2620 
2 148 228 
2 1212 2651 
4 2035 3362 3586 4538 
3 4 1247 1416 
0 
6 146 930 1781 1907 4082 4263 
0 
3 313 944 4502 
0 
2 489 3727 
1 3166 
2 1655 3159 
1 978 
3 1109 1131 3135 
1 559 
2 890 1187 
4 3 452 3280 4215 
5 838 1235 1751 3735 4309 
2 1511 2281 
4 300 2375 3151 4088 
2 2131 3310 
2 1454 2690 
3 1336 2719 3793 
3 200 3762 3816 
2 258 3067 
3 1261 2731 3035 
6 1774 1854 2048 3150 3193 4425 
4 1577 1730 3494 4295 
4 696 1735 1790 4314 
3 500 2812 3571 
2 2334 3027 
1 610 
0 
4 32 3666 3998 4307 
2 1221 1727 
4 1501 3573 3916 4249 
2 331 403 
1 1857 
3 1183 2368 3378 
0 
2 1295 3417 
3 1751 2614 3225 
2 1267 4698 
3 2082 3560 3749 
2 1359 4497 
1 4429 
1 2675 
2 2273 3025 
0 
2 1886 4568 
2 845 2082 
1 3945 
3 17 157 3232 
3 329 3166 4165 
2 1848 4344 
8 207 658 1082 1439 2188 2280 3377 4096 
2 1399 2855 
1 1557 
1 1401 
3 1397 1582 4611 
2 1231 2126 
2 328 3844 
3 1450 2214 4185 
4 1956 3044 3292 3608 
0 
0 
2 2685 3290 
1 1320 
0 
1 3705 
1 455 
5 1142 1428 3078 3622 4030 
1 745 
1 4313 
2 1807 2902 
3 445 821 2185 
1 1075 
3 1341 3566 3973 
5 869 2004 2331 2991 3469 
4 457 696 2812 3956 
4 261 1116 1204 1540 
4 84 944 1239 3853 
2 2392 2773 
1 3594 
1 1704 
2 115 3181 
2 1970 3869 
0 
2 860 2980 
1 294 
4 2425 2675 2725 3089 
3 1816 2882 3041 
3 806 3192 4185 
2 64 560 
4 537 1031 1302 4612 
2 1801 2841 
0 
0 
1 647 
0 
1 4233 
2 2097 2642 
4 1665 2458 3972 4688 
0 
1 812 
2 2483 2716 
3 926 1327 2970 
4 505 708 2072 2418 
3 714 3366 3680 
4 529 587 935 2405 
3 1513 2269 2912 
2 579 2766 
0 
1 327 
0 
1 75 
1 1561 
1 2191 
2 657 1650 
6 995 1008 1457 2061 3275 3479 
0 
3 928 2093 4102 
2 446 2515 
1 1418 
1 3887 
1 1490 
3 1392 3884 4082 
1 988 
3 1845 2039 3493 
2 959 4151 
4 2417 2497 2559 4238 
2 1537 1974 
7 189 389 464 520 551 2023 3786 
2 496 2269 
4 233 1176 3132 3793 
6 271 2064 2418 3259 3317 3948 
3 372 2061 4335 
0 
1 2511 
4 588 1463 2403 4196 
2 534 3156 
3 764 2557 3804 
2 2671 2985 
3 546 1254 4285 
1 4361 
1 3373 
3 707 1275 3491 
2 1022 1048 
1 4531 
5 117 946 1068 2474 4198 
3 997 3206 4634 
2 292 2908 
5 702 2034 2156 2734 3203 
7 92 461 495 3597 4199 4477 4698 
1 1198 
2 4163 4527 
3 385 2439 2461 
5 356 1241 2172 2281 3625 
3 321 1887 3334 
1 4259 
2 171 1928 
1 2387 
3 792 1865 4359 
5 39 477 1374 4387 4612 
3 1591 2444 4256 
0 
5 1288 1688 2079 3716 4067 
1 947 
1 3122 
1 1922 
2 3160 4025 
3 89 1321 2376 
3 90 259 969 
1 1943 
2 3913 4523 
3 339 713 2933 
3 629 656 4315 
2 3275 3716 
3 709 1771 2376 
3 2203 2455 2651 
6 1135 1604 3564 3572 4107 4407 
1 1237 
1 4023 
2 118 1399 
0 
2 1270 3342 
2 744 1010 
1 869 
3 2530 4020 4064 
2 3841 4595 
2 1428 2691 
2 2322 3681 
1 4652 
4 959 1243 3656 3694 
2 3298 3644 
2 1563 1654 
3 174 927 1157 
3 1939 2519 2772 
3 430 3944 4129 
3 430 660 3556 
3 855 2088 4247 
5 614 2313 2740 3091 4644 
4 375 748 2321 3325 
2 1620 1627 
1 2246 
5 246 315 1920 2604 3422 
1 701 
0 
3 131 958 2009 
4 693 2366 2675 3646 
1 1256 
3 255 1980 3583 
5 60 1447 1700 2986 3050 
3 1265 2510 3607 
3 2688 3044 3058 
7 164 1062 1091 1671 2302 3077 4504 
2 2152 2573 
7 540 1181 1606 1893 2851 3815 3816 
1 1686 
2 1563 2155 
2 1206 1443 
3 1046 1882 4568 
3 3142 4092 4312 
1 3932 
3 442 2375 3088 
3 687 1388 2901 
4 348 2856 3248 4291 
2 734 1349 
4 2130 2609 3374 3624 
2 1384 3557 
2 1638 1979 
1 3056 
1 2527 
2 963 3285 
1 3368 
0 
2 809 2086 
7 929 1396 1494 3195 4364 4508 4614 
4 2651 3178 3495 4422 
3 327 1638 3881 
2 1787 2675 
2 2434 3427 
1 721 
2 709 4447 
1 3596 
1 762 
4 140 2337 2390 4606 
0 
3 470 1024 1884 
1 4519 
0 
0 
3 1203 2012 4095 
0 
2 217 3743 
2 2046 3715 
3 772 1181 1993 
1 3944 
1 2985 
4 301 2580 2879 3892 
2 1433 3481 
2 891 1745 
4 387 1700 4203 4654 
1 2554 
4 852 979 4122 4511 
1 1455 
4 1363 2818 4017 4487 
4 360 715 1787 4683 
1 1597 
2 1036 1147 
5 191 668 1236 2718 3893 
2 830 2684 
3 1617 2387 2782 
3 2034 3648 3754 
0 
0 
3 24 2257 4228 
4 706 1542 3180 4438 
3 112 2734 3676 
0 
3 1853 1916 3851 
3 359 390 1328 
2 555 3345 
1 4348 
1 1801 
2 2224 3696 
1 3629 
6 2054 2535 2769 3381 3642 4376 
3 110 836 1989 
3 2717 3639 4621 
5 180 382 682 1513 1818 
1 4695 
5 1020 1481 2016 2904 4674 
5 115 189 200 2917 4243 
2 1075 2426 
1 4188 
0 
4 2171 2632 2915 3622 
3 612 3719 3956 
1 224 
5 2165 2880 4029 4541 4668 
5 2297 2730 3449 3679 4044 
0 
3 1053 1504 2925 
2 3640 4467 
2 91 4038 
4 124 3879 3898 4638 
1 391 
1 2752 
2 3441 4643 
1 2944 
3 154 568 1005 
1 1897 
0 
0 
2 175 815 
2 16 268 
1 1067 
5 1007 1436 2134 2651 2982 
1 2471 
5 706 2133 2502 3921 4680 
3 662 1996 2264 
1 1346 
1 3070 
2 909 2360 
3 4052 4243 4357 
1 4262 
2 183 865 
2 2481 3653 
4 452 1356 3218 4689 
2 456 4358 
3 846 2348 3662 
1 939 
7 707 1147 1634 3625 3753 3758 3947 
4 728 1267 2742 3646 
4 490 1579 2983 4060 
2 1632 3925 
0 
1 265 
2 2719 3259 
5 668 2078 2412 3894 3950 
3 3400 3597 4197 
0 
2 2940 3637 
2 2783 3847 
5 155 646 2556 3535 4055 
1 4364 
4 89 512 1358 4460 
4 309 1264 1349 1677 
4 338 968 1740 1869 
1 1514 
5 948 1520 2680 2733 3286 
5 8 1027 1308 1433 3494 
3 2221 3268 4687 
5 684 2262 2689 3167 3492 
2 3015 3378 
4 1040 1705 1751 1995 
3 1415 1655 3096 
0 
1 1842 
4 1884 2476 4347 4652 
3 2972 3821 4420 
5 702 716 2701 3721 4579 
2 887 2821 
2 1185 4275 
1 1043 
2 1192 1362 
0 
1 983 
3 1848 4503 4637 
5 1198 2147 3585 4008 4521 
0 
1 1040 
0 
3 902 2092 2811 
1 664 
3 132 2320 3081 
1 2205 
7 451 561 2017 2540 3645 3889 3911 
0 
3 2411 3716 4419 
0 
4 67 866 1171 4314 
4 1269 2194 4077 4180 
1 1480 
0 
8 322 480 1084 1862 2162 2409 2431 2968 
1 3567 
2 752 2740 
3 1496 3974 4675 
3 948 1473 1866 
3 905 4224 4402 
0 
2 254 2696 
5 536 879 2223 3914 3962 
4 1473 2742 3112 3485 
3 1049 1417 3963 
0 
1 1475 
4 900 1925 2167 3085 
2 127 2852 
1 969 
1 3789 
1 1432 
1 553 
5 552 2270 2334 4053 4185 
3 1455 1985 2697 
3 554 1627 2446 
1 1392 
2 3740 4434 
2 1316 2823 
5 109 1239 2040 4270 4408 
4 2072 4013 4270 4411 
3 4015 4186 4312 
3 182 321 2243 
2 3 2921 
1 3339 
1 3369 
2 1120 2596 
2 202 1837 
2 3183 4215 
1 849 
4 1449 2910 3565 3854 
4 1130 2266 2662 3942 
3 3020 3320 3708 
3 2796 3562 3991 
2 2502 3217 
9 669 731 873 945 1667 1723 3527 3723 4037 
3 645 2212 4032 
4 12 70 354 2884 
2 449 1263 
4 697 2821 3169 4659 
4 863 3320 3796 4491 
3 2278 3175 4082 
2 470 1287 
4 622 878 922 959 
2 1566 2733 
1 309 
2 1000 1542 
2 397 1077 
1 1026 
2 6 1565 
5 727 1226 1769 2047 4696 
1 3351 
2 1411 4425 
4 1025 1850 2102 3510 
2 2291 3142 
4 1966 2210 3054 4475 
3 2266 4372 4665 
2 4033 4495 
2 1799 2810 
3 887 919 4225 
2 3099 4688 
1 852 
6 245 1630 1675 3055 3223 3909 
2 326 2879 
5 498 640 3384 3940 4375 
3 476 3293 3481 
1 644 
3 532 3773 3856 
1 2588 
2 2116 4554 
1 4016 
5 785 2218 3706 3715 4453 
3 2547 4367 4394 
3 3813 4383 4511 
3 1579 2274 4279 
3 309 903 3353 
4 1908 2976 3203 4304 
3 1042 3120 4423 
3 1606 1866 1886 
0 
0 
3 232 4562 4575 
2 546 970 
0 
2 1565 4416 
2 1215 3084 
3 465 4219 4260 
1 3972 
5 380 1146 1157 1621 2399 
3 2441 3941 4018 
7 1072 1727 2072 2800 2859 3211 3437 
4 471 906 2848 2868 
5 120 1767 2028 3368 4618 
5 115 889 3297 3473 3996 
2 3091 4225 
3 1472 3939 4676 
0 
8 267 406 702 1845 2035 2469 3426 4356 
2 407 896 
2 1205 2541 
5 380 1930 3761 4518 4689 
2 1006 4094 
3 2356 2399 2952 
2 2330 3786 
0 
2 2936 3483 
4 281 1915 4319 4388 
1 3429 
2 1842 3444 
4 1913 2039 2949 4277 
1 3427 
1 72 
1 3334 
2 3518 4063 
2 3349 3474 
5 361 2667 4130 4482 4571 
2 3413 3869 
2 2575 4261 
1 3047 
4 392 1485 2130 4612 
3 79 1146 3683 
4 2688 3468 3847 4375 
2 1135 3110 
2 1274 4140 
3 2010 2462 3333 
0 
3 1723 1758 4356 
2 1267 1553 
0 
1 1029 
5 1360 2114 2231 3471 4673 
1 2518 
2 1280 1908 
3 518 1089 2463 
2 3173 4361 
0 
2 1748 2727 
0 
1 2545 
4 199 1175 2524 4628 
3 1073 2559 4588 
1 81 
4 781 1563 2426 4304 
2 341 3021 
4 449 1062 2324 3418 
1 2778 
2 975 2918 
5 12 197 2533 3441 4060 
2 3248 3800 
6 105 307 719 2959 3331 4631 
2 1113 1518 
2 1090 3652 
4 527 763 1824 2317 
1 3873 
2 1140 1208 
3 558 3034 4307 
5 1106 1200 1732 2033 4159 
1 518 
1 73 
0 
3 814 4202 4507 
2 1696 2900 
4 910 1215 2660 3333 
0 
1 3425 
0 
1 375 
3 1656 2358 4492 
2 1599 2343 
5 385 2671 3723 3902 4530 
2 1638 1913 
2 439 4380 
3 1763 2095 4207 
5 1889 2130 2229 3209 4038 
4 198 348 3603 4393 
0 
2 672 3564 
1 309 
0 
1 959 
3 936 1623 2579 
1 1929 
1 3086 
5 161 296 2945 3395 3603 
5 2765 3306 3317 3520 4130 
2 4247 4664 
3 1208 2786 4219 
3 625 3438 4472 
3 2055 2489 2719 
5 229 392 2358 2676 3502 
3 1175 1400 2866 
5 591 2512 3567 3701 4337 
4 534 2095 2364 2694 
1 1112 
1 4359 
5 115 451 537 2916 3149 
1 685 
2 2414 4606 
2 2363 4267 
1 3827 
3 276 332 788 
5 816 942 1070 2644 4020 
1 735 
4 45 2937 3157 4595 
1 3078 
0 
1 661 
0 
4 1195 1776 3549 4672 
2 485 1292 
1 4662 
2 1753 3394 
2 1089 2890 
0 
4 252 489 822 2366 
2 2531 3824 
1 2477 
4 2084 2872 3118 3183 
3 719 4093 4165 
1 2878 
4 354 2697 4402 4633 
4 276 2205 3473 4340 
4 3413 4120 4436 4634 
3 1996 2933 2989 
5 884 1003 1231 2930 4342 
0 
4 1094 1122 1889 3473 
0 
1 591 
3 1198 2989 3632 
3 298 2978 3163 
2 1383 2233 
3 1749 2234 4459 
1 2411 
0 
3 1462 1951 2710 
3 1704 2254 2495 
3 862 1782 4689 
3 2402 4212 4533 
3 884 1048 1111 
2 312 1257 
3 946 3084 3599 
1 117 
3 1134 2408 2558 
2 341 1025 
1 3927 
2 1964 2585 
1 3952 
4 776 1953 2513 4518 
1 2941 
2 733 3789 
3 2060 2272 2792 
3 270 2694 4287 
4 282 647 2071 4004 
6 265 3272 3635 3894 4099 4254 
3 2360 2624 4472 
0 
2 3542 3782 
1 8 
1 2244 
2 332 653 
2 3162 3274 
0 
2 917 3023 
2 2595 3572 
1 3974 
3 131 1901 4362 
3 2441 2534 3936 
3 732 1155 3680 
3 876 4050 4304 
2 300 2909 
1 1761 
2 1524 3281 
1 4661 
1 1856 
2 2561 4435 
2 1346 4679 
2 1082 2551 
2 298 2962 
4 1512 1643 2624 2796 
2 2494 4352 
5 1180 2390 3605 4182 4268 
1 1986 
3 2541 3357 3917 
3 2565 3163 3357 
4 122 2259 2548 4587 
0 
2 5 1927 
3 824 2460 4527 
4 2297 2506 3501 4641 
0 
1 4426 
3 961 2909 3747 
2 1207 2599 
4 187 1831 3003 4198 
3 3731 4010 4589 
1 3859 
0 
3 436 1447 4326 
2 3130 4250 
3 170 2995 4682 
1 4002 
1 1908 
2 1371 2178 
4 60 1304 2646 4267 
2 2741 4626 
2 1398 3912 
1 413 
3 477 1565 2181 
5 133 1508 1811 2995 3329 
2 471 2367 
3 104 1809 2078 
3 748 3201 3984 
1 38 
3 2189 2488 3074 
4 2449 2509 3484 3653 
0 
0 
3 2389 2686 2960 
3 1703 2301 3420 
1 1136 
5 1043 1133 3221 4515 4613 
2 2596 3562 
1 3862 
2 1891 3599 
4 555 1296 1776 2690 
1 2364 
2 175 3828 
3 680 1172 1563 
5 65 482 1134 1713 4482 
6 548 1971 2519 2854 2874 3855 
3 694 4079 4633 
1 2726 
3 3868 4376 4638 
1 3057 
4 60 2230 4296 4594 
2 719 3865 
5 1515 3226 3648 4087 4309 
0 
1 1058 
4 1744 2295 2387 3995 
2 2916 3685 
3 877 924 4117 
1 518 
0 
2 1599 4147 
2 1260 3986 
2 3446 4287 
3 719 1530 2431 
2 3058 3379 
4 1942 2931 4041 4087 
3 785 1166 4416 
4 1063 2943 3266 3952 
4 93 504 1175 4066 
2 1181 2765 
1 3264 
0 
2 2040 3518 
1 1493 
0 
5 811 1602 3399 4478 4664 
5 1286 1520 2701 3410 4510 
3 2273 3480 3786 
5 492 2298 2642 4630 4684 
1 4662 
3 542 1514 2818 
4 724 1159 2242 3446 
4 1400 1676 2117 2526 
1 3076 
1 1284 
2 3004 3701 
2 524 1570 
1 229 
0 
3 127 149 4574 
3 44 726 4479 
3 278 1067 1444 
4 692 823 3594 4012 
3 590 4595 4690 
4 1738 1817 1946 3518 
2 2634 3838 
3 2327 3314 4245 
1 3534 
2 462 1467 
4 771 1107 1530 3175 
2 1357 3815 
2 1488 2372 
0 
0 
3 0 2340 3460 
1 2019 
2 1364 1794 
0 
4 2324 2432 3476 4334 
1 2859 
1 3777 
0 
2 1689 2341 
1 2747 
1 1663 
1 3363 
1 4372 
1 4300 
2 37 1905 
5 280 1967 2093 3799 4177 
2 1409 4304 
2 1062 4137 
2 1271 3627 
1 3596 
2 2345 3621 
2 1624 3563 
7 1607 1902 2124 2643 2795 2885 4427 
4 2944 3338 3397 4330 
6 1820 1919 2595 3022 3191 4583 
2 2387 4408 
2 3473 4433 
3 1928 3275 4510 
3 2970 3954 4063 
3 835 1650 3480 
2 304 978 
2 3779 3884 
5 264 402 1402 2966 4214 
2 1978 3949 
7 53 473 706 2702 2854 3005 4392 
7 245 965 1079 1680 2941 3219 3438 
3 1790 4590 4692 
0 
4 244 657 857 4158 
1 4642 
3 1865 2000 4437 
2 545 3534 
3 3112 3536 4451 
3 1590 2799 3031 
1 4034 
2 1316 1663 
1 1612 
0 
1 2831 
1 748 
1 1950 
5 228 1411 3242 3619 4365 
5 1721 2746 3217 4198 4428 
4 1970 3529 3797 4258 
3 99 2970 4006 
2 156 2345 
3 1865 2301 2428 
1 4620 
3 593 881 1079 
3 1499 1709 4582 
0 
2 1721 4166 
2 4131 4403 
1 3844 
1 4439 
1 3878 
0 
8 151 306 682 1184 1219 1383 3055 4525 
5 552 2832 2970 4286 4574 
0 
2 3565 4046 
0 
0 
2 4579 4614 
4 1643 2061 2105 3872 
5 1694 1977 2899 3625 4041 
1 367 
1 3173 
2 762 1245 
2 622 3073 
1 2785 
1 3833 
5 181 898 1118 1533 2443 
4 1112 1539 3055 3785 
4 20 2782 2965 4406 
2 1214 3975 
6 745 1205 1612 1675 2492 4312 
2 1930 3510 
2 75 775 
2 402 3827 
1 2483 
1 3909 
2 449 3552 
4 449 934 1741 2733 
5 24 1754 1921 2964 3553 
3 1976 3602 4195 
3 2178 2724 3406 
1 3621 
5 1106 1218 1447 3090 4540 
3 1067 3328 3733 
5 2618 2883 4100 4662 4669 
3 200 685 1890 
3 1319 1458 3322 
2 210 1391 
1 3310 
3 123 2663 4297 
5 593 962 2342 2740 3098 
2 367 405 
2 2146 3440 
4 1690 2924 3211 4502 
3 126 169 4289 
4 1543 2443 2869 3568 
7 279 650 1335 2236 3589 4168 4507 
5 4 1245 1916 3965 4304 
1 284 
3 1160 2292 2746 
6 873 1290 1491 2709 3054 3567 
4 1708 2543 3445 3705 
2 1535 2128 
5 301 619 1391 2424 4565 
4 2465 2525 3882 3996 
0 
3 16 545 2945 
3 2446 3441 4524 
4 530 4383 4433 4614 
3 162 1179 3991 
3 336 932 2988 
1 2692 
2 1507 4594 
2 1260 3801 
3 1539 2346 2979 
2 3465 4351 
2 3545 4309 
0 
1 3485 
0 
2 138 2293 
1 2099 
2 2400 4143 
3 2134 3475 3679 
4 128 764 2340 4420 
5 18 867 1640 1820 4346 
4 1861 3645 3949 4161 
2 3328 4642 
0 
3 1097 3885 4083 
3 1965 2907 3306 
2 2101 4401 
3 1014 2967 3008 
3 1998 2885 4100 
3 103 213 2878 
4 195 414 439 4448 
1 4324 
2 904 1231 
1 2828 
0 
2 686 3523 
4 57 1379 2755 4354 
3 2168 2999 3863 
0 
1 2920 
8 1696 2337 3008 3145 3266 3573 4504 4679 
4 616 2282 4066 4187 
5 701 776 2112 3014 4681 
5 529 1679 1958 2150 4693 
2 1587 1950 
2 3869 3882 
3 309 1349 3159 
3 238 464 4475 
3 1257 2485 4379 
3 580 1963 2272 
7 521 570 1358 1429 1707 1926 3362 
1 3750 
3 1309 3633 4430 
3 1058 1603 3392 
4 1331 3195 4294 4468 
1 678 
1 4451 
2 259 3786 
4 768 1484 4021 4070 
1 1654 
1 3261 
1 975 
4 11 1700 2805 4203 
6 14 1472 4149 4279 4566 4637 
1 845 
4 1807 1857 3000 3320 
2 2508 4250 
1 2209 
1 1616 
1 1627 
2 325 1628 
2 1002 2260 
1 2823 
3 2203 2447 4347 
1 2208 
3 1351 1869 3874 
2 2041 2714 
0 
1 3754 
1 1266 
5 746 1370 2168 3404 4491 
2 701 4392 
0 
0 
2 1115 3077 
1 1319 
4 901 2831 4363 4398 
2 810 3338 
4 210 2765 3647 3716 
2 171 3983 
1 1014 
2 2012 2719 
3 152 255 1396 
3 57 1219 4249 
2 1960 2481 
1 3938 
1 792 
3 1002 1027 1440 
3 2059 2127 3655 
5 714 1147 2150 3138 4360 
1 439 
3 1102 1385 4059 
1 837 
4 1172 1372 1451 2009 
2 2093 2941 
1 3877 
2 857 952 
1 4105 
5 66 272 4152 4192 4479 
5 494 1007 1255 1894 3269 
4 531 1247 2064 4150 
3 723 1359 2786 
2 4546 4601 
5 660 1238 1520 2773 4605 
4 1773 2470 2954 4480 
0 
2 2440 3959 
4 417 1002 1382 3688 
3 1607 2668 2920 
1 4063 
3 1477 2902 4401 
2 1151 3295 
1 382 
3 1485 3193 3750 
3 1727 3982 4286 
2 642 4454 
1 4033 
3 2060 2123 2212 
2 85 1454 
5 1138 1359 1401 1838 4551 
2 938 4188 
3 1050 3105 4176 
2 510 1886 
2 81 2642 
2 48 4173 
3 2380 2413 3936 
3 79 1589 2307 
0 
4 16 1338 2473 3523 
0 
3 121 1329 3813 
3 524 1392 4215 
2 394 2315 
5 373 1700 3202 3232 3545 
3 2899 3553 4458 
4 745 2622 3016 4083 
3 710 3435 4172 
1 263 
4 110 283 713 2849 
1 4219 
3 2135 2465 4150 
2 106 319 
0 
3 1618 2240 4016 
3 1322 2355 3279 
4 1485 2949 3481 4580 
4 316 3289 3826 3973 
3 1253 2071 3293 
2 2384 2518 
2 2523 2847 
3 796 2289 3692 
4 277 1841 3402 4104 
5 120 673 1254 2180 4493 
4 644 1785 2022 2931 
5 458 467 904 1531 1792 
2 366 3704 
3 76 2376 2692 
2 1326 1536 
1 683 
1 4695 
1 3770 
2 1743 2815 
1 3953 
3 3156 3560 4183 
1 4398 
1 1827 
0 
7 1605 2003 2089 2626 3618 3718 4191 
1 938 
3 822 1069 1233 
3 1318 2666 2676 
1 3094 
3 1539 1900 3531 
3 1282 3591 3626 
1 4572 
0 
3 2811 3416 4465 
3 796 1296 2828 
4 303 785 825 3100 
0 
1 2267 
5 229 630 3100 3240 4381 
3 1346 2052 4307 
4 491 2012 2737 2907 
3 1789 2825 4239 
1 528 
2 3085 3270 
2 2739 4236 
1 918 
2 1639 1714 
0 
8 1388 1474 2642 2795 3433 3465 4257 4628 
2 2151 2506 
1 3913 
1 2401 
4 522 1564 3340 3717 
2 533 2844 
4 601 1288 3175 4135 
4 404 1128 3831 4108 
1 911 
1 1911 
1 4449 
4 102 1110 3786 4436 
2 1257 1798 
4 2550 2673 3304 4299 
2 2580 4243 
4 1588 2024 3974 4497 
1 3299 
4 280 2294 2463 3618 
3 1399 2902 3649 
3 891 2636 3466 
3 305 3145 4366 
1 170 
4 237 885 1074 4640 
0 
2 3730 3836 
3 1251 1914 3813 
1 2045 
3 204 3551 3552 
1 2346 
1 861 
4 382 926 2849 3090 
0 
3 1878 2583 3504 
3 1683 2570 2580 
2 2723 3641 
1 2753 
5 918 1385 1695 3606 4105 
1 1018 
4 60 657 774 1117 
4 629 701 2244 4490 
2 1354 1712 
2 151 4548 
2 2228 3283 
3 3989 4166 4687 
2 3784 3879 
0 
4 88 211 1525 4031 
2 671 4354 
1 3366 
1 579 
3 866 1037 1895 
3 1573 2095 4096 
3 418 2099 3167 
4 1375 2616 2629 3867 
4 788 2640 4026 4315 
1 4339 
2 505 4256 
3 1979 2296 3934 
1 35 
3 2796 3125 4692 
3 206 639 2982 
5 3608 3674 3801 3937 4034 
1 3049 
2 1780 4352 
7 28 400 1011 3173 3687 4234 4514 
1 1441 
8 424 474 1047 1478 2453 3157 3869 4053 
4 296 2346 3055 3126 
2 1454 4523 
4 745 3362 3553 4007 
4 1329 1525 2394 3213 
2 3168 3522 
4 656 2564 3316 4297 
1 2314 
2 1004 1721 
1 4336 
3 1268 2576 3638 
3 713 1358 2792 
1 1574 
2 794 2614 
0 
3 611 2275 4073 
0 
3 1598 3830 4472 
2 74 81 
2 1891 2331 
0 
4 247 786 1298 3944 
3 213 4462 4623 
4 51 1844 2269 3119 
2 1932 2073 
3 2482 2987 3925 
2 813 3276 
2 1929 4318 
4 137 776 2015 3723 
0 
4 610 1486 1627 4298 
2 2013 3753 
1 1998 
3 888 1861 3756 
0 
2 1292 3194 
1 2540 
4 677 1956 2030 4062 
3 2107 3500 4115 
2 2612 3423 
2 1485 3135 
4 1811 2136 2853 3114 
4 1801 2068 2385 4052 
3 3812 4306 4585 
1 214 
3 822 4078 4290 
2 1285 2123 
6 871 1090 1546 3084 3629 3658 
3 259 3465 4658 
4 845 1901 1958 3470 
2 3302 3726 
2 2721 4141 
6 968 2243 2681 2977 3284 3666 
4 1357 1813 2760 3798 
2 43 4128 
4 698 955 3377 3486 
2 3972 4519 
2 2167 4263 
4 1140 2302 3065 3604 
4 607 1208 2774 3021 
1 745 
2 125 241 
2 50 2764 
2 3588 3933 
4 712 1344 2486 4475 
1 2478 
6 1155 1236 2216 2667 3596 3653 
3 934 3427 3865 
2 1913 2086 
2 2169 2182 
5 272 310 2385 3044 4090 
3 1173 2818 3703 
2 4233 4583 
2 386 2667 
4 924 1358 3605 4045 
2 2227 4681 
3 257 750 2844 
3 2345 4628 4678 
3 2567 2589 3303 
2 2762 3638 
4 1304 1451 2339 4585 
1 2850 
0 
4 1329 2207 3955 4123 
1 3706 
1 3604 
3 1173 1330 2459 
2 1634 1955 
3 1483 1673 2764 
6 1256 1794 1936 4128 4216 4515 
2 672 1121 
2 1655 3090 
2 4068 4162 
6 289 562 1170 2378 3531 3752 
5 1231 1672 1968 2726 3983 
3 354 1282 2177 
1 1067 
4 499 1999 2444 4005 
2 966 3320 
4 222 3551 3946 4464 
4 849 1265 2176 2581 
0 
5 1452 1584 2612 3552 4540 
7 242 409 598 1642 1654 2506 2522 
2 1704 2550 
1 4509 
1 425 
4 1360 2116 3616 3883 
2 416 4630 
1 2648 
1 3520 
4 2626 2941 3501 4061 
0 
3 1409 3084 3378 
4 2237 3609 4622 4660 
1 4578 
3 1029 3166 3584 
2 603 3823 
4 1163 2187 2612 3943 
3 902 1781 3973 
2 1694 3185 
3 405 756 4094 
3 924 1846 2762 
2 707 2355 
5 854 1183 3947 4045 4470 
1 3549 
3 68 356 3807 
3 121 3754 4254 
1 3961 
4 389 1038 2985 3417 
3 678 1274 3985 
0 
2 53 3097 
2 1758 2659 
1 1151 
3 1930 2247 4577 
3 1442 1637 2021 
2 308 1680 
3 259 1521 3383 
1 4072 
2 4253 4550 
2 1865 2227 
4 51 3963 4098 4626 
1 1115 
1 3603 
3 2920 3114 4167 
3 115 1774 1911 
3 1012 1178 3069 
3 2523 3054 4651 
3 1312 1577 4186 
4 1734 1810 2060 3764 
2 2453 3487 
1 2265 
2 2661 4331 
3 638 1968 2851 
2 2982 4408 
2 1860 4228 
0 
4 38 834 2602 3444 
3 2647 2708 4096 
2 269 4612 
3 802 2145 4433 
1 1497 
3 3719 3787 4326 
1 1277 
2 1361 2513 
6 766 2094 2987 3587 4089 4373 
0 
2 2165 3293 
3 1151 1188 3892 
3 3907 4150 4541 
1 4156 
1 2764 
5 1868 2364 2479 3647 3861 
0 
0 
2 1450 4514 
0 
2 1508 3406 
2 1379 2043 
1 304 
1 4282 
4 2014 3572 4122 4505 
1 3699 
5 1425 1480 1522 2914 4204 
0 
4 283 1991 2595 3589 
2 2748 2780 
5 385 2328 2777 3184 4258 
1 1415 
3 632 1145 2659 
0 
2 666 1165 
3 1849 3147 4030 
4 1808 1836 2016 3509 
6 2038 2171 2264 2528 3355 4082 
3 68 123 4491 
2 213 2044 
4 2589 2750 3692 4033 
2 171 3377 
4 208 628 2095 4414 
3 1758 3893 3948 
5 2400 2785 3404 3605 4670 
0 
0 
2 4307 4485 
3 2921 3853 4398 
2 1975 4634 
5 114 158 842 1180 1892 
5 600 1623 2202 3632 3780 
2 3389 4365 
1 4674 
2 801 3510 
2 1767 1903 
3 2991 3314 4311 
3 4 1320 4044 
1 3988 
2 1938 1970 
3 963 3295 3820 
2 55 3128 
1 702 
5 1438 1462 1605 1764 3701 
2 748 3288 
4 852 1807 2172 2482 
1 3770 
2 216 3080 
1 3038 
1 1883 
2 588 2504 
1 3142 
1 1978 
4 453 1023 4019 4411 
2 3440 4479 
1 881 
1 2903 
5 469 606 1619 2991 4696 
1 1984 
3 364 1529 4154 
3 1209 1384 2047 
2 1630 4284 
2 1603 2907 
4 2582 4449 4620 4678 
1 4171 
0 
2 1958 2115 
3 1744 1884 3601 
1 1423 
3 1245 1749 2520 
2 789 2858 
1 396 
4 289 468 1245 2895 
3 204 1869 2029 
1 520 
1 3613 
3 403 1216 2671 
4 959 1137 1631 3093 
3 969 1919 4040 
2 2460 4105 
0 
5 1101 2225 2940 3189 3361 
2 1417 1889 
3 512 1665 3001 
4 808 1097 1867 3647 
1 4226 
2 1631 2012 
3 2532 3906 3989 
7 265 484 498 1162 2283 2665 3613 
3 1711 2072 2502 
2 388 4444 
4 378 690 1370 4424 
2 3502 3994 
1 4197 
3 2152 2660 3038 
2 1670 3980 
4 94 840 3945 4381 
3 1577 2843 3091 
4 1275 2782 4352 4389 
1 2297 
3 906 3817 4672 
3 372 975 3672 
6 862 1113 1918 2540 2667 3827 
1 3957 
0 
1 2826 
4 732 1041 1715 2061 
3 3085 3867 4049 
3 3329 3735 3910 
1 602 
0 
5 64 1222 1401 2614 2925 
0 
0 
4 838 1092 2368 4154 
2 1402 1704 
0 
3 1187 2366 4685 
3 787 1377 4155 
4 1869 3004 3386 3729 
1 2508 
0 
1 649 
2 836 1055 
1 3199 
7 1010 1079 2609 3234 3303 3651 4469 
3 711 2944 3853 
4 895 3377 3994 4045 
1 3086 
2 831 2536 
1 2490 
1 3624 
0 
4 280 1080 3978 4550 
6 731 2085 2318 2418 2980 3429 
4 73 787 1285 4423 
3 235 509 4331 
4 1211 1635 2361 2539 
0 
2 3837 4451 
0 
4 275 3671 4243 4386 
0 
4 1285 1688 3895 4417 
4 1971 2073 2362 3681 
1 1463 
5 416 1976 1995 3752 3863 
4 2896 3290 3754 4516 
3 627 2563 2638 
0 
4 2769 2855 3509 4105 
3 2387 3446 3865 
2 280 2972 
2 3054 4265 
2 805 3821 
5 636 2074 2130 3960 4064 
2 62 3449 
5 57 2681 3017 3043 3341 
1 720 
2 408 1756 
2 1088 2904 
2 1452 3057 
3 1257 1673 4686 
3 851 1430 2111 
2 2104 4457 
3 2872 3332 3500 
4 2035 2355 2616 2725 
5 508 715 1204 2563 3402 
4 7 21 887 2542 
3 175 1238 3002 
2 2526 2892 
4 929 966 1078 4357 
3 1065 2923 3571 
3 993 1175 4423 
1 3805 
4 1398 3742 3896 4021 
1 2588 
3 1880 3717 3892 
3 22 1881 3588 
0 
3 671 2596 2749 
2 2147 3440 
2 1050 4021 
4 68 183 1536 4511 
1 365 
3 1858 3740 4587 
1 3662 
4 183 2766 3432 4520 
3 28 1210 3529 
3 677 1897 3627 
2 358 1019 
2 4386 4550 
3 2260 3808 4082 
3 288 1470 3460 
5 856 1526 2705 4084 4384 
2 1914 3832 
1 3407 
2 1589 3895 
6 341 804 2347 2591 2651 4604 
5 1451 1690 2018 2669 4649 
5 441 1367 1901 3493 4286 
2 3242 3592 
4 2353 3469 3632 3769 
1 3910 
4 317 2087 2173 2484 
4 662 2051 3957 4302 
5 650 1059 1438 2750 4085 
3 672 1031 2637 
2 3431 4211 
2 3582 4544 
0 
4 691 908 3182 3293 
0 
4 2 1 1 4 2 1 1 2 2 1 4 4 3 2 3 3 2 2 1 3 1 2 2 2 2 2 1 2 1 2 1 2 1 1 2 1 2 3 2 1 3 1 1 4 1 1 1 1 1 2 2 2 3 1 3 1 3 1 2 2 1 1 1 1 1 1 2 2 1 1 1 2 1 1 3 2 1 1 2 1 3 2 1 1 2 1 2 3 2 2 1 3 2 1 2 2 1 1 2 2 1 2 1 2 3 1 1 2 1 2 1 1 1 1 4 2 1 1 1 1 2 2 3 2 1 2 2 3 3 3 2 1 1 2 1 3 1 2 1 1 1 1 1 1 1 1 2 1 1 1 1 3 1 1 3 2 2 1 1 1 1 3 1 2 2 1 2 1 2 2 4 2 1 1 3 1 1 1 1 1 1 1 1 3 2 1 2 1 3 2 2 1 1 2 2 1 2 1 3 1 1 3 3 3 1 1 1 1 1 2 1 1 3 2 1 1 2 2 1 1 1 1 1 2 1 1 2 2 3 2 2 2 1 2 2 2 2 1 4 4 1 2 2 2 1 1 1 1 2 1 1 1 1 2 1 1 2 4 4 2 3 2 2 2 4 2 3 1 2 3 1 1 2 1 3 1 3 2 1 4 1 3 2 2 1 1 1 3 2 1 2 1 1 1 1 1 1 3 1 1 3 1 1 1 1 1 1 3 2 1 1 1 3 1 3 2 2 4 1 1 1 2 1 2 2 4 1 2 1 2 1 4 1 2 2 1 1 1 2 1 1 1 1 1 2 1 1 3 2 1 1 1 1 2 1 5 1 2 2 1 1 2 1 1 2 2 2 2 5 1 1 3 2 3 2 3 1 1 3 1 2 2 1 2 2 2 3 2 2 2 1 1 1 2 2 1 2 1 3 1 1 3 1 1 2 1 2 3 4 1 1 1 2 2 1 2 4 3 1 2 2 1 1 3 1 1 3 1 1 2 1 1 1 1 1 3 3 1 2 1 1 2 1 1 2 1 1 1 2 2 1 1 3 1 2 2 2 2 1 1 3 1 1 2 3 1 2 1 3 2 2 2 1 1 1 3 1 3 2 2 2 1 2 1 1 1 1 1 3 1 2 1 1 2 1 2 1 1 1 1 1 2 2 2 1 1 3 3 1 2 1 1 2 2 2 1 1 2 1 2 1 1 1 2 2 1 1 2 2 3 2 2 2 1 1 2 4 2 1 2 1 2 1 1 3 2 1 1 1 1 3 3 2 1 3 1 1 1 2 1 1 2 2 1 3 1 3 1 1 1 2 1 1 1 1 2 1 1 3 3 2 1 1 1 1 1 1 1 2 2 2 1 2 2 1 1 3 1 1 2 2 3 3 1 1 3 2 1 2 2 1 2 1 1 1 3 1 1 2 2 1 1 1 1 1 1 1 1 2 1 1 1 1 1 2 4 1 1 1 1 1 1 2 3 1 1 1 2 1 1 2 2 3 3 1 2 2 1 2 1 1 4 2 1 1 2 1 2 3 2 1 3 1 3 2 1 1 4 1 1 1 1 4 1 2 2 1 2 1 3 3 2 3 2 2 3 1 3 1 2 3 4 1 2 1 1 2 3 3 1 2 1 3 3 2 2 1 1 1 2 1 2 2 1 1 1 2 3 2 1 1 3 3 1 2 1 1 1 2 2 1 1 1 1 4 2 1 4 1 3 2 3 1 1 1 1 2 1 1 2 1 1 1 1 1 1 1 3 3 1 2 3 1 1 2 1 1 1 1 1 2 1 3 1 2 3 2 2 2 1 3 2 1 2 1 2 1 2 1 3 1 1 2 1 3 3 2 2 1 2 4 2 2 1 2 1 3 1 1 3 1 3 2 2 1 2 1 1 2 1 2 1 1 1 2 2 2 2 1 1 1 1 1 2 1 2 2 1 1 2 1 2 1 2 1 1 2 1 1 1 1 2 4 1 3 2 2 2 2 1 1 1 3 2 1 1 1 1 2 2 2 3 2 4 1 2 1 1 1 2 2 1 1 1 2 2 1 1 1 2 3 2 1 2 2 1 2 3 1 2 2 1 3 2 1 2 3 2 1 1 2 1 2 2 2 2 1 4 1 1 1 2 1 1 1 1 1 3 1 2 1 1 3 1 4 1 1 3 1 4 1 4 2 1 2 1 1 2 1 3 1 2 3 1 1 4 1 1 4 2 2 1 2 2 3 1 2 1 1 3 3 1 2 1 2 1 1 1 1 2 2 1 1 2 3 1 2 4 1 1 1 3 1 2 3 1 2 2 1 1 1 1 1 2 2 1 1 1 2 3 1 2 1 3 1 1 3 1 1 1 1 1 1 1 2 1 3 3 1 2 2 1 3 1 2 1 1 3 2 4 2 1 3 1 3 1 1 2 1 1 2 2 1 1 1 1 2 3 3 1 1 4 1 1 3 1 1 2 4 2 3 1 1 1 1 2 1 3 1 4 2 2 2 1 1 1 3 3 2 1 2 1 2 1 1 2 1 1 3 2 2 2 3 1 2 2 1 3 1 2 2 1 4 1 1 1 1 1 1 2 4 4 2 3 1 2 2 2 2 2 4 4 3 1 2 2 3 1 1 1 3 1 1 1 3 1 1 1 3 1 1 2 1 1 2 1 1 2 1 2 2 1 1 1 3 1 1 1 2 1 1 2 2 3 1 1 3 1 1 1 2 2 1 2 1 2 1 2 1 3 1 2 1 2 1 2 1 2 2 2 2 2 2 3 2 3 1 1 2 1 3 1 3 2 2 1 1 1 1 1 3 1 1 1 1 1 1 2 1 1 3 1 2 1 2 1 3 1 2 1 2 1 2 3 3 1 3 1 1 2 1 1 2 4 3 2 1 2 1 3 1 1 1 1 4 1 2 1 1 1 1 3 1 3 3 2 1 1 2 1 1 1 1 2 3 2 1 1 1 2 2 1 2 1 2 2 1 2 1 1 1 2 2 3 2 1 2 1 3 2 1 1 1 2 2 1 1 3 4 1 2 1 1 2 3 1 1 2 1 2 1 2 1 2 1 4 1 3 3 2 2 1 3 3 1 3 1 4 2 3 2 2 2 1 1 1 1 1 1 1 1 1 1 1 2 1 3 2 3 1 1 1 1 3 4 1 2 3 1 1 3 1 2 1 1 1 1 4 4 1 3 2 1 1 1 2 1 1 2 1 2 1 2 2 4 2 2 2 1 3 2 1 2 1 1 1 1 2 2 3 1 3 3 1 1 2 1 2 1 1 2 2 3 2 2 1 2 2 1 2 1 2 1 3 2 1 2 1 2 1 2 2 1 1 2 1 2 2 1 2 2 2 2 2 1 2 3 1 2 1 1 3 2 1 3 1 1 1 2 3 1 1 2 2 2 1 1 1 1 1 3 1 2 3 1 2 1 1 2 1 1 1 3 2 1 2 3 1 2 2 1 1 1 1 3 2 1 1 1 1 3 3 1 2 3 1 1 1 1 3 1 1 1 1 2 1 1 2 1 2 1 2 2 1 2 2 2 1 1 1 2 1 3 1 1 3 1 4 1 2 1 1 1 2 1 2 2 3 1 1 1 1 1 2 3 1 2 1 3 1 3 1 1 1 2 2 2 2 3 3 1 3 2 1 4 4 3 2 1 1 1 1 2 1 1 2 2 2 2 1 1 1 2 3 2 1 4 3 2 3 4 1 2 3 1 1 2 2 2 2 1 1 3 1 1 2 1 1 1 3 1 1 2 2 1 1 1 1 1 2 2 1 2 2 1 1 1 3 1 1 2 1 1 1 1 1 2 1 3 2 2 1 2 1 1 3 2 1 2 2 1 2 1 2 3 2 1 1 1 4 2 1 1 3 2 2 1 1 1 2 1 2 1 2 2 3 1 1 2 1 3 1 4 2 1 2 3 1 1 2 2 2 1 1 3 1 1 1 1 1 1 1 2 1 3 1 2 3 2 1 2 1 3 1 1 3 1 3 3 2 3 3 1 2 1 1 1 1 1 3 2 1 2 2 1 2 1 1 1 1 3 2 1 1 1 1 2 1 1 1 1 2 2 3 1 1 1 1 2 1 3 1 1 2 1 2 2 1 4 3 1 4 2 2 2 1 2 1 2 2 2 1 4 1 1 2 2 1 3 1 2 2 1 2 3 4 1 2 1 2 2 2 1 2 4 2 1 2 1 1 1 2 2 1 1 3 2 2 1 1 1 1 4 1 2 2 2 2 3 1 1 2 1 1 2 1 1 1 1 1 2 1 1 3 1 3 1 1 2 2 2 1 2 3 3 2 1 1 1 1 4 2 3 3 2 2 1 2 1 3 3 3 3 3 1 2 1 2 3 1 1 3 1 2 2 1 2 2 2 1 2 1 1 1 1 1 1 2 1 1 1 1 1 1 1 1 1 3 1 2 2 1 1 1 3 1 1 2 1 1 1 1 1 2 1 2 1 1 2 2 1 1 1 1 1 1 2 1 2 1 2 1 1 2 2 2 1 3 3 1 2 2 1 2 2 3 1 1 1 2 3 2 1 2 1 1 2 1 3 2 1 4 2 1 3 1 2 1 1 2 2 3 2 1 1 1 1 1 1 3 1 2 2 2 1 1 3 1 2 1 2 1 1 1 2 2 4 1 1 1 1 1 2 2 2 1 2 1 1 1 3 1 1 3 1 2 1 3 2 1 3 1 1 1 1 2 2 4 1 1 1 2 1 4 3 3 3 1 2 3 2 2 2 1 4 2 1 3 2 3 2 1 1 2 2 1 1 1 2 2 1 3 1 3 2 2 1 2 2 2 1 1 3 3 1 2 1 1 1 1 3 2 1 4 1 1 3 1 1 1 1 2 1 1 2 1 1 1 2 2 1 2 2 3 1 2 2 2 3 1 1 2 1 1 2 2 2 1 1 2 1 3 2 1 1 1 2 1 1 2 1 1 2 1 2 1 1 3 2 1 2 1 2 1 3 1 1 3 1 1 1 2 3 1 3 1 1 1 3 2 2 1 4 1 3 1 1 1 1 1 1 1 2 2 2 2 2 2 1 1 1 1 1 2 1 1 1 1 2 3 2 1 1 2 3 1 1 3 1 2 1 1 2 1 2 1 4 2 2 1 1 1 2 3 2 2 2 2 3 4 3 1 2 1 1 1 1 1 1 1 1 2 1 3 1 1 1 1 3 1 1 1 3 2 1 2 4 2 1 1 2 1 1 1 2 2 2 3 2 1 2 1 2 1 2 1 1 1 1 2 2 1 1 2 1 1 1 1 1 1 3 1 1 1 2 1 3 4 1 1 2 1 3 2 2 3 2 3 1 2 1 1 1 1 3 1 3 1 3 2 3 3 1 3 1 1 3 1 1 1 1 1 1 2 4 2 1 2 1 2 1 1 3 3 1 1 2 1 1 1 2 3 2 2 1 2 3 2 1 2 1 1 1 2 1 3 1 1 2 1 3 2 2 2 3 1 2 3 3 1 1 2 2 2 2 2 1 2 1 1 4 2 4 1 2 1 1 1 1 1 1 2 3 2 2 1 1 2 1 1 1 1 4 1 3 2 1 1 1 2 1 1 1 2 1 1 2 2 1 1 3 2 3 1 3 2 1 2 3 1 1 3 2 3 1 4 1 1 2 2 1 4 2 1 1 2 2 2 1 1 1 2 1 3 1 1 1 2 2 3 3 1 3 1 1 1 2 1 1 2 3 1 3 2 1 3 2 2 1 1 2 3 3 2 2 2 1 2 3 2 1 1 1 1 2 1 3 2 1 2 1 2 1 2 1 1 1 1 3 1 3 1 2 2 2 1 1 1 2 1 3 1 5 1 1 2 2 1 1 3 1 4 1 1 2 3 1 1 1 1 2 1 2 3 2 2 1 1 1 1 3 1 2 1 1 1 1 1 1 1 1 1 1 3 1 4 2 3 3 2 2 2 2 3 1 2 3 2 2 2 3 1 2 1 1 1 1 1 2 1 1 3 2 1 2 2 3 3 3 1 1 2 2 1 2 1 1 2 1 2 3 2 1 1 1 1 3 1 3 1 4 3 1 1 3 1 1 2 1 2 3 1 1 1 1 3 3 1 1 2 3 2 2 3 1 1 2 1 1 1 2 2 2 2 2 4 2 1 2 3 2 1 1 1 1 2 1 2 2 1 1 1 3 3 3 3 1 1 1 1 1 2 2 3 1 2 2 2 1 1 2 3 1 2 1 1 3 2 3 1 1 2 2 1 1 2 1 1 1 2 1 3 1 2 1 2 1 3 3 1 4 1 2 2 3 1 4 1 1 2 1 2 2 1 3 2 1 1 1 1 1 2 1 1 2 1 2 2 1 1 2 1 1 1 2 1 2 2 1 2 2 3 4 1 2 1 2 3 2 1 4 2 1 1 2 1 1 3 2 1 3 1 1 2 1 2 2 1 2 2 1 3 1 2 1 1 2 1 1 1 1 1 2 1 3 1 1 2 3 1 2 1 2 2 2 1 2 2 2 1 2 2 1 3 1 1 1 1 1 1 1 1 2 1 2 1 1 3 1 1 2 1 1 1 2 1 1 1 3 2 1 2 3 1 1 1 1 1 1 1 2 1 1 1 1 2 1 1 2 3 4 1 1 3 3 1 2 1 1 1 1 1 2 3 1 1 4 1 1 2 2 1 1 4 3 1 1 2 3 1 2 1 1 2 1 1 5 1 1 1 3 1 1 2 2 2 2 1 1 3 1 1 1 1 1 2 1 1 1 3 1 3 1 1 3 2 3 1 2 2 3 2 1 1 2 2 1 3 2 2 1 2 1 1 1 2 1 2 1 2 1 1 2 4 3 1 2 1 2 3 3 2 1 2 2 1 1 1 2 2 3 1 2 1 1 1 1 2 2 2 1 1 3 1 1 1 2 1 1 2 1 3 1 2 1 1 2 2 1 2 2 2 2 1 1 3 2 1 1 2 1 2 1 1 3 2 2 2 1 1 2 1 1 2 2 2 1 3 2 2 2 1 1 1 1 2 1 2 3 1 1 1 1 1 1 1 3 3 1 2 1 2 3 1 1 1 1 1 2 1 1 1 1 1 1 1 1 2 1 1 1 3 3 2 2 1 1 1 1 3 3 2 1 1 2 1 2 1 1 1 2 2 1 1 1 3 4 2 3 1 1 3 2 1 2 3 3 2 2 2 1 1 4 1 1 2 1 3 1 1 1 2 1 1 1 1 1 1 2 3 2 1 2 1 2 1 1 1 2 1 1 3 2 1 1 2 1 1 1 1 3 1 2 1 3 1 2 1 1 1 2 1 1 1 2 1 1 2 2 1 2 2 2 2 2 1 1 2 1 1 2 2 1 1 1 4 2 1 3 2 1 1 2 1 1 1 1 1 1 1 3 2 1 2 1 3 2 1 2 4 2 1 1 2 2 2 1 1 3 2 2 1 1 1 1 3 1 1 2 1 2 1 2 1 3 3 2 2 2 1 1 1 3 1 1 4 2 2 1 2 3 1 2 1 1 3 1 1 2 2 2 1 2 1 1 2 1 2 1 1 2 1 3 1 1 2 2 4 3 2 3 3 2 2 2 1 1 1 2 2 2 1 1 3 3 1 3 1 2 1 2 1 2 1 2 2 2 2 1 1 2 1 2 1 1 2 3 2 3 1 2 2 1 1 2 2 1 1 1 1 1 2 1 1 1 2 1 1 2 1 1 2 1 3 1 1 3 1 2 3 2 1 3 1 1 3 2 2 1 1 1 1 1 1 1 1 1 1 3 4 1 2 2 1 1 1 3 1 1 3 3 1 1 3 2 1 2 1 1 1 2 2 1 1 1 2 1 5 1 3 1 1 1 3 2 1 2 2 2 1 1 2 1 2 3 2 1 1 3 3 2 1 1 1 2 2 3 1 2 1 1 1 3 2 1 1 3 1 1 1 3 3 2 3 1 1 1 1 1 3 1 1 1 1 2 3 1 4 1 2 1 1 2 2 1 3 1 2 2 1 1 1 3 1 1 3 1 2 1 3 1 1 1 1 2 1 2 2 2 2 2 2 1 2 2 1 2 1 2 2 2 2 1 1 3 1 2 2 3 1 3 3 2 3 2 1 1 2 3 2 2 3 1 1 2 3 1 3 3 1 3 1 1 2 2 3 1 1 1 2 1 1 3 1 2 2 3 1 2 1 1 1 1 1 1 2 1 1 2 3 2 2 3 3 3 1 1 1 2 1 2 2 2 2 3 1 2 2 1 1 4 2 1 2 1 1 2 1 2 1 2 3 4 3 2 4 1 1 3 1 2 2 2 3 3 1 1 2 1 1 1 2 1 1 2 1 2 2 1 2 4 2 1 2 2 1 2 1 1 2 1 2 1 1 1 2 1 1 2 1 3 1 1 2 4 2 1 2 1 1 2 3 1 1 2 3 1 1 3 1 2 2 4 2 1 1 3 1 1 2 1 3 2 1 3 1 1 2 1 3 2 1 2 2 1 2 1 2 3 2 2 1 2 2 1 2 1 3 1 1 1 4 2 1 1 1 1 2 1 2 1 2 3 2 2 2 1 1 2 2 1 1 3 2 2 2 1 1 2 1 1 1 1 1 2 1 1 1 4 1 3 2 1 3 2 1 1 1 2 2 2 2 3 1 2 1 1 1 1 1 2 1 2 2 2 3 2 1 1 1 2 1 2 1 2 3 1 1 1 2 3 1 1 2 1 3 3 1 1 2 3 1 4 1 1 3 1 1 2 2 2 2 1 1 1 1 3 2 3 1 1 3 1 3 1 1 2 1 2 2 1 3 3 2 1 2 1 1 2 1 1 1 1 1 4 1 1 2 2 1 1 2 1 1 1 3 2 1 1 1 3 2 2 2 3 3 3 2 1 1 2 2 2 1 1 1 2 1 1 1 1 1 1 1 1 3 1 3 2 1 1 2 1 3 1 1 2 1 1 1 2 1 1 2 4 3 2 1 1 1 3 2 1 2 1 3 2 1 1 1 1 1 4 3 4 1 1 2 1 2 1 2 3 1 1 2 1 4 2 1 2 1 1 2 1 1 1 1 3 2 1 1 2 3 1 1 2 2 1 1 1 2 1 3 3 2 2 1 3 1 1 3 2 1 1 2 3 1 2 1 1 4 2 3 1 2 4 3 2 1 2 1 1 2 2 1 3 1 2 1 2 1 1 1 1 1 1 1 1 2 2 1 2 1 1 2 2 1 1 3 2 1 1 1 1 1 1 2 3 1 1 1 1 2 1 1 1 1 3 4 2 3 1 3 1 1 1 1 1 2 1 1 1 1 3 2 1 1 1 1 1 1 2 2 2 2 1 3 1 1 1 4 1 1 1 1 1 1 1 4 1 1 1 2 1 2 1 1 2 3 4 1 2 1 2 1 1 1 1 2 1 1 1 1 3 3 1 2 2 2 1 1 1 1 1 1 3 1 2 1 4 1 3 1 1 2 1 1 1 1 1 1 3 1 1 2 3 2 1 4 1 3 2 1 1 2 1 1 1 2 1 1 4 4 2 1 1 1 2 1 1 1 1 2 1 1 1 1 3 1 2 2 2 2 2 2 1 1 1 3 1 1 2 2 3 3 1 1 2 1 1 1 1 2 1 2 3 1 3 3 1 1 1 1 2 3 2 2 1 3 1 3 3 1 3 1 1 1 1 1 1 2 3 1 2 4 1 1 1 2 3 1 1 2 3 3 1 1 2 2 1 1 1 2 1 1 3 1 2 3 1 2 2 2 2 2 3 1 2 2 1 3 1 3 1 2 1 1 1 1 1 1 1 2 1 3 2 1 1 2 1 1 2 2 1 3 2 1 3 1 2 3 1 2 1 2 3 2 1 3 2 1 1 1 1 3 1 3 2 2 2 3 2 1 3 1 3 1 1 2 1 2 3 1 2 2 1 2 2 2 1 1 1 1 1 3 2 1 2 2 1 2 1 2 2 1 3 2 1 3 2 3 2 1 1 3 1 3 2 1 3 3 1 1 2 1 1 1 1 1 1 1 3 1 2 1 2 1 3 4 1 1 1 1 3 3 1 1 2 1 2 2 1 2 1 1 2 2 2 1 3 1 1 2 1 2 4 1 2 1 1 2 2 1 2 1 2 2 1 3 2 2 1 1 2 1 1 2 3 1 1 1 1 1 1 1 2 2 2 2 2 1 2 1 1 1 3 1 3 1 1 3 2 4 1 2 3 1 2 2 1 1 1 2 1 2 2 1 2 1 2 2 2 1 1 1 2 1 1 1 2 1 1 2 1 2 2 1 2 2 1 1 1 1 1 2 1 1 3 3 1 1 1 2 1 1 1 2 3 2 1 2 2 3 2 1 1 1 1 2 1 1 1 1 3 3 1 2 1 2 1 3 2 3 3 1 2 1 1 1 1 2 1 1 2 1 1 2 1 1 3 1 1 2 1 4 1 1 2 1 1 5 1 1 1 1 1 1 1 1 2 4 3 4 1 2 1 2 1 2 2 2 3 3 3 1 2 3 2 1 1 2 2 1 1 1 2 1 2 2 1 3 2 1 2 1 2 3 2 2 1 2 2 2 1 1 4 2 2 3 1 1 1 3 1 2 1 1 2 1 3 2 1 1 3 4 2 3 3 2 1 3 3 2 2 2 1 1 1 
