s 5200
3 2979 3179 4159 
4 324 2958 4275 4339 
3 4648 4776 4992 
2 356 3583 
1 840 
6 1374 1708 2452 4385 4897 5073 
1 2963 
2 58 1515 
2 981 2504 
1 4150 
4 1090 2777 4759 5105 
3 1266 2053 3136 
0 
4 3566 4443 4948 5003 
1 4844 
4 862 1548 2974 3391 
0 
3 2006 3236 4908 
2 2896 3579 
3 2727 3591 4586 
4 795 1243 2606 3552 
5 240 1486 1794 3298 4749 
2 1464 4922 
4 1432 2595 3830 4284 
1 3358 
2 3140 3541 
3 596 2273 2383 
3 3652 4027 5027 
0 
2 452 3509 
1 2365 
0 
4 455 609 1540 3576 
2 2138 3833 
1 2007 
4 742 1044 2774 5189 
2 1213 4370 
1 5032 
3 1243 2357 2548 
1 3615 
7 814 1303 1912 3551 3771 3934 4366 
4 762 1910 2076 3642 
1 5198 
2 4083 5117 
3 1809 2887 3565 
2 1604 4504 
0 
2 90 3202 
0 
1 3527 
1 2618 
1 2857 
4 1770 3167 3215 3981 
5 84 220 828 3478 4998 
1 3175 
4 282 1817 3616 3719 
1 3754 
1 3863 
3 7 1036 3052 
2 5037 5195 
2 3708 4677 
4 987 1122 3385 3468 
1 3468 
5 2450 2488 2777 4299 4781 
1 978 
1 440 
1 3654 
1 5070 
6 391 444 996 1306 2029 3611 
1 292 
2 841 4525 
0 
3 232 3542 4284 
3 2636 3403 4849 
2 1064 1141 
2 2549 5174 
0 
1 4515 
3 710 2098 2709 
1 4098 
3 204 1561 2407 
1 102 
1 1096 
4 1129 3498 3569 4139 
2 53 375 
2 510 3460 
3 1607 3024 4680 
2 1272 3939 
2 3865 3921 
2 1737 4476 
2 47 4086 
0 
2 249 3346 
2 2527 2846 
2 827 2473 
1 2211 
3 1086 2640 4443 
3 249 2653 4869 
2 3344 4591 
1 4287 
2 1131 3723 
5 269 2786 3445 3741 4466 
2 81 5131 
5 294 1274 1491 3227 4830 
1 2357 
1 3208 
3 130 291 4022 
3 430 1655 3700 
0 
1 3710 
3 773 874 1387 
2 2155 2243 
3 284 3715 3831 
1 3758 
3 429 1533 1983 
3 1713 2187 3637 
4 1390 2739 4609 4954 
1 3389 
3 544 1391 4836 
3 1072 4235 4263 
1 1289 
1 4189 
1 497 
7 901 1439 1782 3366 4291 4310 4781 
4 990 3043 4763 4941 
3 937 1176 3966 
1 2629 
2 2545 4023 
3 714 2178 2264 
2 1177 1557 
3 106 1622 1934 
0 
1 1687 
1 5160 
2 1110 3172 
3 920 3099 4241 
1 1258 
0 
2 1262 2342 
3 1110 2173 2400 
2 1936 2521 
2 672 3282 
2 337 1652 
1 4704 
2 1679 4656 
5 884 898 2093 2526 4644 
2 1592 2222 
1 4637 
4 232 3491 3907 4961 
2 1587 3298 
3 1648 2378 3852 
3 681 1898 2148 
4 575 1565 2447 3011 
2 2325 4759 
5 389 1558 2766 3089 3812 
4 1041 1505 2460 4522 
4 2697 3000 4130 4336 
4 3023 3209 3657 5019 
2 2969 4472 
0 
1 4928 
3 795 1663 3888 
0 
1 1307 
4 1419 1748 4133 4657 
3 302 3363 4214 
3 874 2079 2451 
2 1417 3948 
0 
0 
4 1523 1687 1776 2795 
1 3823 
2 1664 4968 
4 971 2056 3922 4757 
6 613 1003 1712 2247 3133 3373 
4 1176 1399 2263 4210 
1 4665 
5 1979 2281 2657 2854 3715 
3 632 2107 2580 
2 296 2756 
3 1432 1651 3323 
0 
1 3035 
4 2794 3005 3692 4878 
0 
0 
2 197 225 
3 940 2594 3849 
2 404 1912 
1 1209 
2 2681 4759 
2 588 912 
4 1177 1236 3386 3944 
2 1431 3174 
3 792 2819 3753 
3 2387 2476 2753 
4 220 314 3215 3670 
5 186 304 679 1009 2990 
3 332 1337 3665 
6 1290 3305 4108 4452 4565 4870 
2 1230 1768 
3 452 1939 2977 
1 2022 
0 
2 80 1522 
4 1423 2472 3185 4259 
4 725 850 1987 3959 
2 790 4552 
1 3749 
2 236 4014 
3 429 802 1108 
0 
2 1804 4019 
0 
4 1279 3103 3957 4635 
2 281 3676 
3 1883 2659 3891 
3 1397 3888 4337 
1 1194 
4 1466 1636 2434 4043 
3 53 196 3632 
0 
3 362 2123 2497 
1 679 
3 1202 4236 4400 
2 186 1741 
5 1357 3468 3550 3641 4540 
3 1159 3625 4205 
1 4230 
1 651 
1 359 
7 262 1350 1993 2646 3282 4924 5113 
5 72 148 536 3383 5154 
3 259 3635 4481 
1 2945 
1 4425 
4 209 499 550 2252 
0 
1 1964 
2 692 1717 
5 21 2291 2446 3697 4079 
1 2442 
0 
1 645 
2 2493 3524 
2 1385 4221 
3 2571 2973 4457 
2 1021 3071 
1 3328 
2 92 97 
4 1483 1621 2024 4570 
2 1289 2206 
1 2512 
1 2389 
2 1175 4477 
2 2739 3690 
3 275 1201 4457 
5 1471 2033 2605 2948 4094 
1 1929 
6 233 686 1305 2197 2241 3751 
2 1288 4711 
3 773 4104 4700 
6 231 1134 1345 2413 2440 4875 
2 2127 2773 
4 1630 2746 2845 2851 
2 1511 4096 
1 2552 
4 333 1467 1980 4637 
2 452 1919 
1 101 
6 3809 4151 4675 4708 4712 4860 
1 4821 
1 2435 
4 3395 3485 4270 5086 
2 3498 4885 
1 256 
6 618 707 2651 3393 4631 4992 
0 
1 1446 
6 407 952 1242 1296 3502 3871 
1 3520 
2 215 1985 
5 55 377 1339 1939 3276 
3 983 1549 2034 
3 112 1034 1599 
3 2184 4417 4868 
2 1533 2237 
0 
3 3738 4140 4773 
1 4171 
1 504 
6 106 2561 2761 4736 5089 5090 
2 69 1975 
2 467 3013 
6 103 340 2058 2404 3242 3598 
2 1576 3054 
1 179 
1 810 
0 
1 4510 
5 3424 4004 4361 4784 4897 
2 3345 4502 
4 165 2777 3081 4648 
1 1110 
4 197 1979 2335 4789 
2 1507 4165 
2 2519 4831 
5 1448 1603 1748 2642 3145 
4 1590 1766 3661 3685 
6 500 777 1368 2052 2256 4733 
3 2406 2752 4913 
2 3429 4848 
4 996 1232 1285 2360 
6 1045 1500 3897 4545 4840 4935 
6 196 851 866 981 1540 3157 
2 381 1127 
2 549 753 
2 2212 2807 
1 3240 
4 479 1052 2192 3384 
5 1401 2902 3429 3666 4369 
3 782 1812 2752 
1 1504 
1 1453 
1 1 
3 1120 1864 2101 
3 1089 1468 4967 
1 2220 
5 557 2355 2452 3867 4878 
1 4037 
4 2710 2731 4569 4756 
3 1082 1437 2483 
5 198 377 1619 1631 4708 
2 267 1305 
0 
2 3020 4825 
0 
1 142 
1 4491 
3 2235 4545 4816 
3 294 720 4531 
4 430 1347 2375 4379 
2 772 4404 
2 1758 3414 
2 609 4535 
6 683 1296 1608 2903 3581 4625 
2 503 2693 
2 602 2622 
2 3214 4397 
2 1886 3847 
2 2063 3695 
2 4299 4838 
3 842 1051 1839 
1 3778 
2 2891 4119 
1 1404 
4 3 647 2756 3437 
1 3530 
3 655 2396 4509 
3 230 2596 4659 
3 530 3317 4253 
1 5084 
3 222 2183 3205 
1 3384 
2 909 5028 
0 
3 487 4687 4731 
1 1901 
3 1685 3522 4266 
0 
2 3087 4783 
4 901 2664 3325 3827 
2 3989 4261 
3 478 1798 3638 
3 2544 3120 4194 
3 84 1812 3744 
2 1901 4685 
8 282 332 489 1619 1703 2981 4397 4717 
2 752 3366 
3 439 1714 4532 
5 1068 1309 1661 4369 4620 
1 315 
2 1476 4127 
1 1698 
1 1688 
1 4615 
2 2229 4238 
3 629 2565 3224 
1 1414 
2 154 4265 
6 738 2775 3016 3562 3953 4168 
2 68 3834 
4 2425 3200 3218 4348 
6 681 954 1431 1724 3869 4227 
1 1654 
5 873 1915 3964 4017 4606 
1 813 
6 1108 2530 3821 4245 4277 5002 
4 2202 3026 4530 4997 
3 812 3077 3143 
1 3410 
2 1876 2207 
3 3145 3268 4088 
1 605 
5 188 1044 1259 2684 4433 
2 1887 3534 
2 625 1819 
4 279 2480 3881 4180 
2 1093 3941 
1 2612 
4 2432 2638 2652 4333 
1 4696 
0 
1 1728 
1 5103 
3 2751 3229 3590 
2 4010 4640 
0 
1 4669 
2 560 5154 
4 1382 2486 2944 4471 
3 1614 2728 5088 
1 2902 
2 2794 3863 
1 4865 
3 1192 2128 2771 
1 3146 
1 4869 
1 1062 
3 114 210 1050 
4 107 341 3318 4126 
0 
1 2244 
3 2005 3186 5140 
0 
0 
1 4188 
4 1035 3496 4383 5073 
4 1049 3018 4686 4809 
2 379 2284 
3 65 2239 3991 
2 3919 4154 
1 500 
2 1443 5088 
3 68 637 3401 
1 561 
3 2869 3107 3625 
1 5182 
1 2738 
1 562 
2 2556 3150 
4 2877 3373 3674 4671 
5 29 201 268 938 3846 
1 4380 
0 
2 32 3192 
1 4115 
4 997 2592 2625 3250 
5 1932 2502 3702 4987 5002 
1 2362 
0 
1 1813 
2 1977 2073 
1 1805 
1 669 
3 1977 2171 2326 
3 4461 4470 4650 
1 293 
1 2047 
5 1498 1735 3507 5043 5112 
2 3142 4362 
3 1191 1679 2507 
3 3821 4322 4539 
2 2529 4952 
1 1790 
1 3321 
0 
4 2449 4457 4776 4841 
3 373 2888 5179 
3 319 912 1284 
4 2294 3023 3274 4161 
2 1734 3223 
2 2688 4832 
2 1660 3800 
0 
3 1332 1446 2546 
3 3257 3496 4830 
3 366 1620 4897 
1 1491 
4 377 3293 3317 4637 
2 2373 2408 
2 1754 2872 
2 1258 2887 
2 1494 1871 
1 4242 
3 931 2794 3725 
0 
4 122 1964 2306 2355 
3 610 1224 2616 
1 236 
4 309 442 2517 2916 
3 587 3440 4940 
1 1376 
2 346 2206 
4 290 1973 3851 4570 
0 
2 1219 4021 
2 1782 2791 
6 1296 1565 1766 3353 3638 4299 
4 618 1315 1978 4895 
2 85 4931 
1 531 
2 662 1936 
5 1131 1338 3661 3694 3982 
4 3080 3689 4680 4888 
1 3661 
3 3800 4102 5143 
1 3488 
0 
2 2339 2992 
0 
4 2503 3345 4334 4474 
3 2209 2434 4384 
5 2752 2839 2920 4145 4468 
1 3325 
2 720 1340 
2 1950 4473 
3 2178 2249 3174 
3 1621 3918 4353 
2 1986 3025 
6 360 1937 2423 2843 3729 3732 
3 511 1101 2505 
4 2052 2760 4272 4720 
1 4245 
2 1497 4071 
2 3111 4794 
3 232 2440 4110 
1 2647 
1 5032 
3 2027 2450 2776 
1 652 
1 4655 
3 1262 2491 2866 
2 3441 3958 
4 118 3160 3368 3809 
0 
3 980 1724 4197 
1 3505 
3 957 2339 4883 
2 316 4229 
1 236 
1 845 
5 710 1005 1782 2012 3541 
3 2044 3288 4960 
1 4091 
3 2227 4026 5158 
4 1655 1964 2185 3453 
3 328 2272 4222 
1 1577 
2 3074 4054 
2 419 1917 
4 445 2502 3064 4153 
3 449 696 1566 
2 1384 2381 
3 944 1130 4745 
4 1175 3061 3635 3664 
0 
0 
3 1576 2914 4695 
2 3201 3389 
5 692 3095 3148 4132 4485 
2 3082 3280 
4 960 3250 3511 4257 
4 1448 1759 4092 5094 
0 
4 152 3448 3985 4372 
5 693 1105 2470 2654 3205 
2 1549 1610 
3 1752 2257 4823 
0 
3 2841 2944 5072 
3 831 1214 1450 
2 1890 4849 
3 2544 2637 3365 
2 3262 4824 
2 788 2858 
1 3618 
4 501 3156 3635 3676 
1 191 
1 3355 
4 2124 2875 3056 3738 
0 
6 1081 1516 2593 2932 3080 4628 
3 1989 2197 3044 
3 1932 2680 3789 
2 1009 1241 
2 26 4350 
1 3644 
4 996 1493 2491 5094 
3 663 2014 4741 
3 2531 3830 4179 
2 1647 4647 
2 347 1084 
1 630 
4 1032 1630 1806 3132 
1 403 
2 948 2531 
0 
4 3354 3485 3490 3988 
4 32 344 2953 2973 
3 498 2068 4208 
2 1739 2323 
1 1187 
2 174 971 
1 1099 
3 3776 4590 5079 
4 1298 1380 1460 4057 
2 1027 2290 
3 276 509 1746 
3 2258 4005 4728 
2 1169 3219 
2 1104 4341 
6 893 2673 2966 3212 3818 4923 
1 4157 
1 5130 
3 406 3318 3572 
6 1208 1907 3620 3733 3911 4608 
2 1122 3269 
2 3451 4744 
4 387 2304 3718 4589 
2 603 1885 
2 1481 4887 
5 178 880 1824 3100 3892 
2 2810 3693 
1 4617 
1 4521 
1 3096 
2 444 3387 
3 1352 2142 3584 
1 2400 
3 1009 2572 5153 
0 
0 
3 900 2816 4027 
2 645 1335 
3 243 644 2466 
2 3792 4041 
2 356 3474 
1 3062 
1 1846 
3 3576 4358 4845 
2 229 1456 
3 540 897 2526 
1 4014 
3 924 1054 1650 
1 358 
1 4836 
1 2683 
2 3590 4042 
0 
3 727 2142 3445 
3 1660 1695 4130 
2 512 2921 
4 599 2567 4263 5031 
2 1094 1104 
1 3341 
2 2466 2616 
4 1337 1390 2011 4159 
3 1151 1953 2908 
3 464 1353 3824 
2 4248 4916 
2 1654 3536 
6 141 846 1662 2826 3067 3661 
1 3858 
6 716 1304 2926 3056 4027 4125 
1 1589 
1 1328 
2 1901 4603 
2 1047 2955 
4 197 223 798 2978 
2 2515 4252 
4 151 393 3662 4575 
2 785 1171 
2 345 4230 
0 
2 702 1018 
3 259 2492 4194 
1 1951 
1 4087 
1 2242 
1 3259 
2 2102 5177 
4 239 570 3796 4400 
2 576 4198 
4 1030 3400 3937 4088 
0 
4 562 1940 2294 3190 
0 
1 3653 
2 1601 4603 
1 4977 
2 1228 1701 
3 685 1074 1617 
0 
3 1484 3165 3355 
1 1170 
3 2177 2664 5083 
3 276 2943 4785 
2 1758 4251 
2 2781 4295 
4 78 552 3230 4746 
4 1649 2530 2875 5172 
2 3073 4914 
1 3780 
6 128 1300 2935 3269 4194 4453 
1 4471 
4 674 2457 3615 5150 
2 1303 3521 
4 858 2091 5151 5166 
3 3238 4484 4493 
2 340 525 
2 2614 4335 
3 3442 3627 4345 
1 4392 
0 
3 206 1006 2839 
0 
5 660 3684 4152 4547 5012 
1 4842 
2 4931 4985 
2 1499 2691 
3 987 1647 4748 
1 5137 
1 2596 
2 3879 4139 
2 804 4425 
1 944 
4 1323 2566 3048 4186 
1 390 
5 1971 3237 3734 4358 5116 
4 2674 2736 4117 4683 
4 1995 2226 3666 4175 
4 35 1105 1245 2839 
2 1081 1888 
3 1945 2866 3695 
1 4480 
2 3123 4853 
2 2389 5088 
2 1334 2759 
2 2928 3286 
4 1281 2220 2558 2770 
2 3210 4345 
3 378 2485 3724 
2 316 3616 
1 4884 
2 1331 2948 
2 1219 2968 
6 2250 3250 3308 3389 3872 3921 
3 2289 2512 2983 
6 914 1814 3450 4130 4148 4950 
2 2163 2650 
5 1104 1463 1952 2262 4665 
2 41 1213 
0 
2 3421 3494 
2 2004 2390 
1 3854 
1 4749 
4 2234 2946 3382 3711 
3 1315 2050 3892 
1 4737 
4 1208 3066 3353 4444 
1 342 
4 110 261 2362 5097 
4 1317 1324 1410 4998 
3 2362 3664 4905 
2 2198 4406 
1 309 
1 1739 
2 2298 3276 
1 4971 
3 2525 2730 4161 
3 321 4016 4965 
1 4178 
1 998 
3 682 897 1294 
2 2419 4265 
2 1055 4288 
3 585 3769 5152 
4 859 1542 1945 5135 
3 207 1129 4616 
1 2180 
1 194 
4 1262 1325 2676 2715 
2 1769 3303 
9 20 161 1976 2832 3161 4139 4707 4915 4926 
1 1618 
2 2214 2298 
2 679 4528 
1 3039 
2 3440 4431 
3 887 1720 4597 
4 210 2129 2543 3859 
1 812 
5 735 813 1098 3474 4292 
2 3809 4228 
2 3366 5027 
1 1494 
1 4328 
0 
3 297 3576 3658 
4 1227 2713 4477 4584 
7 399 803 1325 1399 1656 3439 5132 
2 396 804 
2 40 3689 
1 2903 
3 1824 2260 3516 
1 984 
3 1482 3321 3384 
2 2627 5191 
3 1564 3240 3990 
0 
0 
1 4127 
2 1595 1600 
0 
3 1083 2293 2805 
1 94 
3 53 4023 4805 
0 
0 
5 581 2227 3762 4835 4952 
4 1910 2910 3756 4621 
2 4441 4816 
1 2082 
3 935 2785 2985 
2 1259 2254 
1 4514 
0 
2 2410 3444 
1 4 
3 70 1445 4105 
4 352 845 2936 4418 
0 
1 2766 
2 551 842 
4 672 2176 3315 4851 
1 3900 
1 2130 
1 3580 
3 206 1091 1173 
3 314 3729 4853 
5 1350 1508 1515 2056 2698 
1 2624 
1 4084 
0 
1 996 
3 1037 1837 4642 
3 718 1462 4589 
1 789 
2 877 4063 
1 3023 
2 15 4903 
0 
3 3459 3901 4255 
2 3842 4563 
4 314 1444 2003 2964 
3 1710 1969 2167 
4 878 1654 1910 3891 
0 
4 1776 4278 4512 4581 
2 1299 1349 
2 991 5089 
6 395 1705 1785 2017 2593 4361 
4 110 166 4039 4300 
0 
3 2141 4389 4484 
3 860 4015 4913 
3 868 2919 3036 
3 896 1379 2927 
4 632 1768 2763 4853 
3 2056 4015 4455 
3 2080 3796 4141 
0 
2 145 2180 
6 1626 2556 2563 3061 3265 3537 
3 3344 4702 4925 
3 801 1302 1814 
1 923 
1 900 
0 
4 1062 2766 3381 4759 
2 1152 4113 
5 622 2602 2848 4080 4365 
0 
0 
4 879 1602 2256 4986 
4 652 785 1702 4764 
4 145 1090 1500 2359 
3 1716 2713 5106 
2 643 889 
2 123 371 
0 
2 2801 4811 
1 4402 
0 
2 4490 4702 
1 3424 
3 1647 3545 3869 
3 364 1597 4398 
0 
3 946 1450 2695 
5 191 479 1371 4297 4598 
1 5103 
2 759 1715 
3 2420 2498 4205 
2 1016 5098 
3 2867 4278 4939 
3 1154 3247 4236 
2 1704 5128 
4 135 1490 2156 3828 
3 1041 1118 4912 
3 3112 4040 4717 
3 888 2794 4606 
4 654 1351 2016 3274 
1 1675 
2 1683 1815 
1 4524 
3 2906 3635 5145 
2 1019 2197 
3 1105 2020 4147 
1 495 
2 2240 3894 
2 1976 2928 
1 2068 
5 835 2078 2377 3029 4753 
4 1633 1827 3111 4189 
2 125 1151 
3 452 1114 4071 
2 1985 2348 
2 187 5171 
3 1068 2322 5128 
4 1599 2384 2761 4514 
2 4362 4581 
2 564 736 
4 2067 3134 3468 3853 
2 911 4557 
2 2309 2931 
3 606 1676 2572 
2 4153 4891 
2 2009 2131 
3 1429 3252 3557 
4 279 1073 2706 4860 
2 989 3568 
6 393 1021 1079 2276 3051 3454 
3 3820 3969 4022 
2 1088 4757 
5 548 2625 3080 3112 3998 
0 
3 2174 2681 2945 
1 572 
1 3737 
1 1446 
2 1316 4024 
1 1847 
7 1093 1610 1625 2201 2344 2583 3968 
5 974 1390 1927 2404 4873 
2 3639 4428 
2 1908 5017 
1 4393 
1 3448 
2 173 613 
6 1337 1503 1677 3457 3991 4121 
2 3689 4212 
2 966 2165 
3 2946 3254 4008 
2 1602 3554 
1 4270 
1 64 
2 1795 3027 
4 546 1113 2526 5143 
3 8 314 1823 
0 
6 283 1716 1912 2238 4545 5107 
2 817 1097 
4 2150 4263 4504 4700 
0 
6 61 731 1410 3440 4308 4438 
3 4406 4615 4619 
3 953 2370 4717 
4 124 2344 2575 4890 
3 872 1552 3228 
2 2442 4489 
1 3813 
0 
1 2624 
7 68 312 598 856 1478 1789 2053 
3 457 1741 2167 
7 784 1393 2308 2954 3315 3352 3819 
3 1454 2618 4732 
4 2675 4070 4615 5008 
0 
3 2060 2406 3292 
3 174 3939 4640 
1 1835 
2 552 5058 
1 725 
1 2355 
4 1177 3140 4662 5197 
8 197 595 640 1219 2051 3416 4196 4380 
1 2303 
1 1580 
3 1806 2543 4980 
3 1200 2786 3984 
2 1492 3048 
0 
2 916 3504 
0 
3 685 3736 4885 
2 929 3667 
0 
7 247 954 1560 1683 1822 2439 3742 
1 4846 
2 1955 3685 
3 2821 4098 4997 
5 1185 1818 2471 3088 4275 
0 
2 617 4604 
3 1464 2952 4357 
3 2544 3023 4632 
4 694 1262 1280 2848 
3 1364 1941 4127 
1 604 
1 3427 
1 284 
3 437 2589 4360 
2 58 1078 
3 857 2538 4530 
2 3627 4344 
3 1152 1668 2561 
1 3148 
4 155 921 1326 5197 
4 2718 3659 4310 4406 
2 1388 3286 
8 35 404 1567 2020 2023 2091 2380 4205 
2 313 3096 
1 2156 
3 678 3278 4627 
2 1767 2151 
2 438 4288 
2 429 2022 
3 352 3797 4813 
2 319 3923 
1 4406 
2 654 4559 
3 787 1422 5007 
0 
0 
3 1999 3560 3844 
3 1717 2594 3180 
1 1080 
1 4597 
3 428 891 1484 
2 1579 5065 
3 74 3341 4284 
1 4915 
1 3115 
0 
5 380 941 2438 3137 3205 
0 
1 1937 
4 1475 1962 3267 4223 
1 119 
3 952 1731 2823 
4 702 3092 3865 4697 
0 
2 2383 4635 
2 4183 4681 
3 1036 1128 2088 
2 954 5199 
6 1060 2561 2596 4057 4438 5009 
4 592 743 1086 1257 
3 331 3554 4315 
3 826 2190 3872 
3 602 1145 4481 
1 2431 
5 96 1081 1474 1648 3716 
0 
3 956 1560 1816 
3 326 1840 2369 
5 10 898 1826 3125 3128 
3 850 4321 4837 
4 1608 2273 3624 4926 
3 408 965 3627 
4 664 2094 5053 5134 
2 1703 4146 
1 82 
2 984 3182 
4 804 1362 1468 4474 
3 614 4003 4946 
1 1425 
1 531 
3 1203 2017 3503 
4 1558 1563 2710 3836 
6 621 664 761 2831 3403 3628 
6 576 742 930 1683 2699 3613 
2 4209 4649 
2 1433 4863 
5 210 397 3442 3590 5177 
2 3797 4450 
5 134 139 303 1969 4011 
2 2954 4470 
3 1453 1748 3161 
4 980 2026 3480 3608 
2 938 1474 
1 3128 
2 1676 4993 
3 1802 2151 3729 
2 921 4954 
1 1567 
3 325 1372 2510 
3 2509 4009 4279 
4 61 627 3058 3722 
1 2094 
2 1137 1917 
1 4744 
4 1150 2323 3520 4494 
2 315 1640 
5 1078 1322 2792 3402 3762 
5 83 790 2271 3194 4225 
1 564 
2 100 513 
5 1165 1817 2464 2564 2867 
1 1855 
4 262 1788 2337 3824 
5 1147 2556 3804 4518 4731 
1 4502 
2 1124 2933 
1 5182 
3 1460 2921 4253 
2 2475 2816 
3 74 2783 3617 
0 
2 4367 4970 
3 1790 3615 4596 
2 1084 2807 
1 1317 
3 1135 4985 5178 
0 
3 2389 3807 3916 
3 1126 1684 3853 
3 668 937 4215 
3 892 1039 4636 
2 2439 2860 
2 918 1228 
2 1878 3297 
1 3027 
6 2046 2380 2936 4211 4219 4451 
1 3423 
3 227 1255 4720 
0 
4 1859 2443 3633 3710 
0 
1 4509 
2 2183 2907 
1 1132 
3 2409 4065 4360 
2 4292 4743 
1 2987 
2 620 1792 
6 705 1670 1869 2435 3819 4283 
1 682 
2 1702 2716 
4 850 2051 3375 4521 
10 1624 1685 2116 3844 4131 4264 4776 4813 4897 4967 
2 254 565 
2 125 175 
3 129 192 1008 
2 2625 3501 
3 3926 4567 4654 
0 
3 1424 3300 4706 
1 3040 
4 3015 3094 3220 3679 
3 1264 1735 3060 
3 1025 4108 5160 
0 
4 612 2450 2521 3627 
2 3393 3721 
2 3315 4451 
4 1643 3783 3835 5134 
2 471 3352 
2 425 4710 
2 1843 5098 
4 218 3114 3915 4749 
1 4047 
1 3036 
3 1887 2066 2371 
1 1526 
1 1346 
2 1013 2717 
2 256 4107 
3 224 3754 5170 
2 1102 1571 
3 3446 3895 4783 
3 2545 3859 4152 
1 1935 
5 2036 2976 3006 5131 5146 
2 626 771 
2 189 2440 
2 4016 4606 
3 1439 4393 4570 
2 2288 3374 
4 36 762 2401 3762 
3 581 2005 3643 
5 2385 2661 2830 4855 5003 
1 2048 
1 1282 
1 4424 
5 506 756 1009 2486 4103 
1 4042 
2 2562 4456 
5 2447 2706 2899 3813 5005 
4 2014 2439 3392 4276 
1 498 
0 
1 2207 
5 811 1273 3174 3188 4527 
3 701 1154 4247 
1 1568 
5 200 1501 2761 3647 4290 
2 1859 2025 
3 312 3055 5152 
1 4017 
3 1316 2844 4920 
2 3040 4508 
2 192 5159 
0 
1 2363 
1 1997 
3 1878 3213 4977 
3 595 1574 3712 
2 279 2521 
4 20 38 1956 2898 
1 4791 
5 742 3223 4382 4651 5151 
1 3068 
3 1530 2278 5117 
2 1657 5110 
0 
0 
1 1397 
2 3290 4561 
0 
0 
4 1159 3515 3689 4041 
0 
1 1081 
4 136 492 2486 3527 
4 404 836 2868 3765 
5 2051 2535 3093 3652 3895 
1 3345 
5 138 542 793 1030 4899 
2 3180 4350 
3 1184 2049 2379 
3 3713 4314 5124 
4 11 1974 2477 4150 
4 2638 2651 2996 4894 
1 1601 
5 2303 3442 3722 4090 5106 
1 4662 
2 1928 5041 
3 87 4565 4911 
3 1227 2118 4073 
1 103 
2 1725 3936 
0 
4 2232 2469 2802 4998 
0 
1 214 
3 1030 2592 3759 
4 750 1994 4438 4469 
4 1217 4775 4950 5181 
1 4836 
2 479 3589 
3 312 1831 2538 
1 1779 
2 2794 4704 
3 260 3981 4040 
4 120 251 2028 4185 
4 199 2819 3341 4519 
2 3472 3665 
3 3767 4346 4990 
1 2934 
3 785 1614 4687 
1 1332 
4 279 345 508 4869 
0 
3 616 4417 4428 
6 871 1535 2646 2978 3912 4265 
3 714 2908 5133 
4 2145 3673 4367 4567 
3 887 2957 4850 
4 40 717 2625 2637 
3 674 3137 3890 
2 259 333 
3 68 2063 2324 
1 163 
5 1969 2061 4758 4898 4933 
1 380 
6 1558 1586 2215 3328 5065 5131 
2 2561 4877 
1 2884 
0 
0 
2 509 769 
5 963 1234 3841 3925 4309 
4 774 1146 1895 4448 
3 1897 1968 2324 
2 2125 2381 
1 3323 
2 1334 1724 
4 1128 1825 4428 4648 
6 737 1609 2226 2468 2906 3241 
2 774 3513 
4 793 812 4351 5190 
2 1041 5127 
1 3828 
3 676 4458 4689 
1 3482 
2 1792 4454 
4 755 3276 3785 4310 
4 485 1295 3429 4474 
5 1605 1663 1849 4066 4324 
2 748 1321 
4 644 2255 3860 4976 
1 4106 
3 198 667 972 
3 513 1379 2985 
4 282 1760 2483 2532 
2 525 2287 
1 2853 
0 
0 
0 
3 262 1640 3315 
3 1199 1751 4377 
1 341 
2 3154 3732 
2 871 3814 
4 231 852 4252 4496 
2 924 3168 
3 638 4969 5059 
4 669 2334 3450 4406 
4 2428 2489 3982 4306 
4 1683 3230 4318 4932 
3 2647 3631 5059 
2 226 1823 
1 3538 
1 4666 
2 3275 4275 
2 2463 4827 
2 1098 1744 
4 2031 2033 3241 4588 
2 1031 3392 
0 
1 2140 
2 2158 3365 
5 309 2118 2746 3475 4441 
2 3576 4472 
0 
2 912 3873 
2 1120 2024 
0 
2 5 3153 
6 2026 2297 2393 3086 3176 4738 
3 502 2294 2510 
2 1804 4835 
1 4772 
7 879 1338 1532 1896 2085 2252 2479 
2 616 4037 
5 1430 2159 2890 2918 3058 
2 420 5160 
1 2332 
2 563 3751 
2 245 3849 
2 2165 5046 
1 110 
2 1043 4051 
0 
4 116 667 966 2763 
3 118 3444 3948 
1 3738 
2 998 1716 
1 3625 
2 3121 3768 
1 3627 
3 217 1251 2017 
3 1473 2442 4243 
2 175 812 
4 2584 2809 2994 4261 
3 320 1713 3559 
4 2299 2969 3988 4739 
2 2411 4210 
2 355 4016 
3 1426 2863 4782 
2 3501 4016 
4 3117 3437 3830 3890 
2 1791 2343 
2 2753 3683 
5 774 987 2039 2338 3798 
4 1622 2167 4643 5188 
4 2556 2690 3965 4629 
1 3339 
1 388 
1 2873 
1 3882 
2 167 4819 
1 1596 
2 164 4691 
1 1961 
2 1851 2643 
6 1055 2222 2558 3011 3422 3465 
4 205 1711 3500 4125 
3 1181 1543 4669 
1 1100 
2 1405 4881 
4 3457 3994 4314 4426 
0 
6 951 2864 2968 3696 3890 5036 
5 1381 1589 2338 2882 3142 
4 193 393 3605 4309 
3 23 180 5176 
3 1107 2771 5028 
0 
1 1451 
1 4934 
3 331 2740 2884 
0 
5 123 1211 4090 4186 4460 
4 2269 2631 4182 4265 
1 1970 
3 2404 2723 3362 
2 443 3524 
1 866 
3 841 4564 4906 
8 278 485 962 1649 1792 3014 4456 4786 
0 
3 307 573 2776 
1 4588 
8 581 911 1729 2020 2520 3365 3489 4173 
4 1435 1836 3340 3454 
1 4772 
9 323 1112 2554 2756 2895 3212 3339 4462 4706 
4 999 1844 2772 5091 
0 
7 651 1849 2778 3949 4975 5092 5104 
1 3441 
0 
1 4089 
4 616 1139 1598 3387 
1 4177 
3 858 2153 4960 
3 761 3643 4438 
4 22 1028 1976 3205 
2 2349 2723 
1 219 
4 267 1591 1743 4191 
6 326 1098 3302 4474 4840 5037 
2 2927 3753 
1 2510 
4 257 2137 2261 4411 
0 
4 1398 3417 4547 4797 
3 1086 1114 3044 
2 1071 2101 
1 382 
2 2286 4571 
3 996 2122 3202 
2 1530 2704 
4 2646 2835 4185 4335 
3 631 2108 2612 
1 818 
4 250 1695 1806 4544 
4 704 1062 2104 3924 
4 2877 3762 3838 5118 
2 21 1709 
2 2199 3373 
1 2927 
3 1553 1754 5017 
1 920 
4 103 488 4000 4417 
2 1014 1858 
4 598 3127 4232 4809 
5 493 807 2509 3436 4392 
2 2191 2266 
0 
4 534 3328 3449 4032 
2 469 2372 
2 730 1660 
4 313 898 4785 5190 
2 1230 3475 
2 3509 5012 
3 972 2005 3107 
2 322 2001 
3 155 3353 3902 
0 
2 305 2477 
3 852 1743 3738 
2 2710 3119 
2 2440 3274 
2 265 2401 
3 2135 2311 2835 
1 5159 
2 2061 2793 
2 7 852 
1 592 
2 1703 4986 
1 1738 
6 1526 2346 2432 3269 4956 4996 
1 5061 
2 2161 4699 
1 204 
4 170 1606 3830 4793 
3 1892 2548 3829 
0 
2 1198 1519 
1 5059 
2 1592 2440 
0 
3 1247 1479 2102 
5 2310 2633 3566 3811 4721 
4 1379 1661 3353 3498 
6 114 286 1814 3373 4319 4806 
1 3326 
4 1299 2530 4055 4306 
1 4022 
1 3134 
2 2161 2972 
0 
3 32 314 3293 
1 3236 
2 789 3834 
1 1424 
1 2157 
2 2196 4945 
2 3509 4899 
1 5108 
3 15 3649 3902 
4 283 577 1759 5089 
4 2828 3592 4574 4866 
2 3096 4787 
4 991 1987 2964 4670 
4 1489 2449 3632 4871 
3 2796 3129 4553 
2 1677 3758 
3 2108 4318 4738 
4 129 2559 2755 3166 
3 154 1103 1310 
2 3816 3999 
5 1021 1088 3574 4073 4800 
3 80 2631 3002 
1 3887 
3 1103 3460 4122 
5 820 2323 3729 3859 3899 
4 152 508 2013 2355 
1 562 
4 1044 1119 2187 3996 
2 1229 3477 
1 3084 
0 
3 1203 4928 5054 
3 2556 4119 4759 
3 1914 4388 4879 
4 1241 2257 3724 4067 
4 1594 1781 1817 3326 
3 295 568 3235 
2 558 2085 
1 4464 
2 1063 3447 
1 1011 
1 3230 
0 
2 1920 4360 
3 2473 3797 4744 
1 2202 
3 1310 3767 4167 
2 149 2845 
0 
7 675 1430 2391 3217 3688 4092 4389 
1 308 
3 1467 2505 4846 
3 146 1528 4286 
3 2164 2876 4342 
3 1575 3129 4341 
3 824 2423 3281 
1 1418 
3 909 4355 4395 
4 1460 3007 3549 4539 
7 284 942 2198 2761 3268 3328 4809 
4 824 1879 2240 5180 
4 699 1268 4450 4826 
4 896 976 4287 4836 
3 307 1879 3108 
7 45 1659 2185 2356 2622 3234 3479 
4 1333 2697 3440 3959 
2 1523 2773 
4 86 1853 2723 2741 
3 345 1092 4431 
3 1323 3096 4228 
6 577 965 1909 3280 3827 4237 
3 3058 4886 5039 
4 2762 3193 3393 4672 
1 4006 
3 421 1294 4716 
3 2484 4072 4393 
1 1736 
2 702 2808 
3 796 2512 4655 
2 332 377 
3 487 3193 5077 
6 250 528 2041 2671 3473 3519 
3 130 1411 3706 
1 3806 
3 1174 1693 2211 
3 965 2138 2260 
2 885 4381 
1 4082 
2 2134 2163 
2 1892 3493 
6 264 604 2576 3157 3946 5002 
3 332 2067 2088 
1 3228 
2 936 4738 
0 
0 
5 219 1804 2279 2657 2972 
3 2589 2771 5191 
1 1654 
0 
4 1127 1345 1923 2915 
6 2234 3676 3923 3974 4266 4966 
3 2001 3189 3959 
1 1190 
3 3824 4735 4835 
1 5009 
2 3371 5056 
5 601 731 908 2320 3270 
4 150 1086 4442 5065 
4 711 1446 2144 3554 
3 654 2795 2895 
5 180 2365 2597 4203 4995 
1 142 
1 2492 
12 394 671 868 1638 2016 2737 3355 3506 4193 4370 4822 5024 
7 107 556 3227 3552 3883 3945 4741 
4 812 2009 3788 4252 
4 1248 3462 3790 4224 
0 
3 1604 2187 4599 
4 483 661 1499 4462 
3 380 1532 4015 
2 672 3979 
3 161 1333 1862 
3 172 2139 4152 
0 
2 2274 2682 
2 2047 4099 
2 1039 5122 
2 2161 2438 
3 1170 4234 4593 
2 2029 2778 
1 3197 
4 3152 4306 4944 4964 
6 2067 2384 4236 4579 5177 5193 
4 925 1686 1823 2134 
5 948 1116 2465 2473 2925 
2 972 1555 
1 5131 
2 144 471 
2 3646 4300 
2 1716 5119 
1 3433 
6 926 1021 1105 1355 2895 3426 
3 1150 1863 2445 
2 368 1174 
4 1675 1770 3534 4990 
3 132 170 3172 
4 384 1902 1972 3462 
2 3876 4871 
1 1703 
3 1849 2841 4788 
1 1770 
2 1624 2943 
0 
2 661 1483 
0 
4 3556 3638 3973 4698 
5 383 2354 3055 4605 4861 
2 3495 4420 
0 
1 701 
3 897 1172 4100 
6 377 1095 1517 1690 1775 1987 
3 919 2034 2489 
1 873 
1 4605 
1 4746 
2 5 3985 
4 1486 1797 3365 4400 
2 867 4484 
2 1423 2538 
2 174 4924 
2 115 1401 
4 379 4576 4826 4874 
2 914 1742 
7 899 983 1393 1681 2489 4046 4356 
3 239 1059 3191 
1 4810 
2 2595 3673 
4 801 2392 2592 5175 
1 3309 
1 4713 
3 1794 1885 2929 
6 393 546 1321 4177 4548 4960 
3 1275 4208 4725 
1 3507 
2 3921 4835 
2 413 4825 
1 1450 
2 2025 3228 
5 1073 1809 2640 3421 3528 
0 
4 1985 4398 5018 5031 
1 481 
3 469 1184 4834 
1 1616 
1 89 
3 1518 2597 3008 
2 611 778 
3 3001 3288 3717 
5 225 997 2198 3559 3776 
2 1715 2895 
5 1467 1508 1967 4066 4626 
3 1362 1965 2424 
1 3976 
5 618 2032 2666 2810 2936 
2 3891 4841 
3 164 307 1112 
2 4581 4672 
4 3414 3483 3699 3868 
6 1346 2220 2758 3573 3878 4931 
2 578 3646 
3 2306 3236 3258 
3 491 1489 4843 
2 2543 5168 
1 1995 
2 4347 4654 
3 343 708 4965 
3 573 1549 4882 
1 1339 
2 3121 4281 
0 
3 2514 4527 4919 
2 1875 2488 
0 
2 308 508 
2 1048 1866 
3 200 880 3506 
2 794 3556 
4 52 1686 1692 4301 
1 3311 
3 2396 4137 4887 
1 2613 
2 2114 4745 
1 1703 
2 170 870 
0 
2 3392 4021 
4 1286 1988 2117 3127 
3 2769 4390 4689 
1 1575 
5 123 507 552 2447 2696 
0 
4 2766 2921 3592 3966 
4 873 1947 3041 4238 
2 2137 4834 
2 4836 5090 
3 1134 2364 3898 
2 996 1807 
6 474 1144 2709 4272 4429 4587 
3 1408 1856 2050 
7 1169 1330 1446 2407 2587 2685 4579 
3 2865 3874 4877 
4 21 1723 3897 4649 
5 979 2808 3347 3707 3765 
2 2313 4976 
2 1709 1957 
4 373 2314 2830 4200 
0 
2 2270 2783 
2 2095 3337 
3 1117 2332 3382 
6 2197 2529 2761 3037 4200 5065 
6 212 1377 1636 2025 4129 5023 
2 463 3558 
4 604 1012 1483 3514 
3 1789 3863 3892 
3 2973 4529 5179 
3 44 1731 2868 
2 2754 3475 
0 
3 321 375 4814 
2 461 2426 
4 759 887 1533 4935 
3 926 2467 2478 
3 1088 3637 4135 
4 55 1132 1575 2190 
3 1025 1844 3536 
1 406 
0 
0 
1 1021 
5 981 1357 1675 3458 3838 
5 632 816 2012 2775 3269 
3 1322 2699 2931 
3 1090 2403 2583 
4 936 2777 3177 4669 
2 1980 2441 
0 
0 
3 1285 3357 4152 
1 2688 
1 3096 
1 2519 
3 1004 3427 5195 
4 1451 1915 4677 5115 
1 857 
0 
5 352 2261 4030 4249 4439 
3 1089 2095 4173 
1 3674 
1 4896 
2 1193 4363 
3 1454 1818 4296 
3 3134 3242 4775 
1 649 
3 964 3385 3451 
2 3142 3764 
3 1333 1456 1691 
2 3728 4940 
4 1421 2447 3666 3853 
2 3587 3921 
2 1607 4509 
1 2259 
2 1133 4316 
4 1791 3913 4849 5180 
1 3726 
2 1492 4943 
3 1161 1231 3846 
4 1931 2096 3851 4660 
1 3090 
3 1663 2137 2212 
3 1684 3092 4274 
1 325 
1 3347 
3 1767 2515 5126 
1 2445 
1 4693 
2 1170 4044 
1 2246 
3 493 1880 4690 
3 4561 4768 5181 
0 
3 2878 3539 5117 
3 1764 2141 2147 
2 401 4107 
1 3544 
3 1155 1240 4800 
3 1600 1603 3812 
4 1871 2689 3411 4736 
5 2920 2977 4342 4398 4969 
2 4364 4900 
3 216 3364 5073 
0 
6 630 1723 2914 3161 4484 4943 
1 349 
4 405 1197 2753 5142 
3 743 1907 4101 
1 2186 
3 582 2871 3042 
2 3377 4832 
6 1524 1629 3990 4008 4757 5063 
1 2983 
0 
1 1317 
4 1379 2606 3869 4390 
2 1318 3743 
3 151 3723 4577 
1 2984 
2 2119 3375 
5 367 376 677 1908 3653 
3 1688 3177 3780 
2 3168 3339 
1 4638 
2 2532 3392 
1 3747 
4 626 1888 1993 3927 
4 968 1901 3484 4319 
3 1610 2745 4494 
5 41 832 868 2150 4517 
0 
3 40 188 983 
2 3460 5132 
2 1573 3647 
5 395 1836 1927 3774 4056 
1 3160 
4 560 1124 3233 4472 
2 3972 4333 
6 268 2110 2169 2191 4287 5170 
2 1583 5191 
0 
0 
2 1640 2510 
2 2690 2789 
1 2629 
0 
2 966 1915 
2 1271 2891 
2 258 4919 
1 4292 
1 1860 
5 458 594 2174 3805 5129 
1 3591 
1 130 
4 1206 2215 3018 3569 
2 140 512 
3 530 1070 2411 
0 
2 201 282 
1 696 
2 1031 4599 
2 2226 4983 
2 2901 3661 
2 4461 4919 
4 744 789 3616 3715 
1 4719 
2 1785 2425 
1 4422 
1 3668 
3 526 3074 5167 
2 687 4856 
2 761 2402 
3 668 3002 4379 
2 2944 4009 
1 1023 
2 1243 4059 
4 1797 2381 3569 3675 
2 2804 3133 
0 
2 2726 3639 
4 1420 2449 3020 3283 
3 1071 4602 4655 
1 2075 
3 238 497 556 
2 1744 3433 
3 3173 4450 4762 
1 1743 
3 1318 2152 4842 
5 867 1110 1308 3520 3901 
1 1441 
6 739 2440 2715 3951 4376 5086 
3 1688 3890 4948 
1 504 
3 1266 2026 3558 
1 292 
4 795 933 1464 3776 
4 462 465 2714 2777 
3 509 3066 4303 
4 177 304 4819 5029 
4 267 1828 3856 4516 
0 
1 3818 
1 114 
2 3257 4779 
6 281 939 1733 2563 3633 4875 
4 529 2099 2252 2260 
4 206 1552 1703 3428 
1 1779 
4 593 2067 2117 4271 
1 3534 
2 2236 3740 
1 4411 
5 231 1907 2511 3647 4625 
2 1281 2752 
3 741 1756 3500 
1 2222 
2 1239 3157 
3 2023 4087 5134 
3 1058 3380 3660 
2 2536 4693 
4 1504 1642 3346 4025 
3 3539 3808 4958 
1 866 
3 765 2994 3830 
4 433 1214 1503 3316 
1 17 
3 34 2396 4116 
2 3571 4835 
2 950 1656 
2 2549 3446 
2 667 2864 
3 552 1824 3184 
3 1565 3030 3156 
3 599 1223 2231 
1 2471 
2 924 1654 
4 873 1102 1397 3321 
2 2442 3558 
4 3505 3566 3938 4654 
4 930 1044 1450 3834 
3 2850 3299 4107 
4 202 1050 2354 4531 
3 1044 1998 2907 
6 250 1372 2290 3244 4223 5127 
3 1231 1730 1804 
7 1113 1375 1974 2450 3073 4849 5163 
3 539 2702 3107 
5 1289 2738 2786 3381 4463 
4 68 1671 2061 2468 
2 2209 2718 
3 1363 2135 3030 
2 1746 3600 
2 257 1363 
3 283 1704 4518 
4 2361 2415 3123 4041 
2 1207 3858 
1 3300 
2 2630 3443 
5 1410 2193 2346 2543 4542 
4 4045 4118 4310 4608 
3 1621 3057 3703 
1 4873 
0 
5 553 2442 3251 3511 4824 
0 
1 1157 
3 468 1667 2501 
1 1216 
2 1264 3870 
3 769 1791 3507 
4 1009 1173 1260 3317 
3 309 532 4875 
4 11 996 4353 4548 
0 
2 2265 4080 
9 173 852 881 3081 3387 3801 3894 4229 4620 
2 3649 4731 
2 294 3772 
2 2991 3139 
1 1002 
3 1308 1514 2029 
1 4686 
2 350 1306 
2 3732 4745 
1 3963 
6 1197 3990 4394 5024 5095 5172 
7 945 1631 1674 1989 2288 3187 3522 
3 610 934 4485 
1 2553 
3 3650 3789 4975 
2 3412 4871 
1 4066 
1 462 
0 
2 1963 3510 
2 41 3514 
1 3428 
1 935 
2 166 2263 
2 882 2484 
2 3927 4240 
2 834 2411 
0 
3 2306 2557 3194 
2 1379 1577 
3 2782 4579 4608 
1 3571 
3 1078 1631 4479 
5 2936 2980 3270 3471 4440 
4 3446 4046 4212 4869 
2 718 1044 
2 2970 3007 
3 145 4229 4832 
4 1094 1123 3042 4144 
3 1801 1840 2761 
3 1860 4186 5094 
2 3635 3874 
5 78 2840 2868 3397 3890 
1 1986 
1 3853 
4 325 1475 3772 4492 
5 691 1530 2198 2400 3272 
1 5054 
2 1484 2428 
1 2638 
3 4723 4996 5063 
2 178 4299 
3 1481 1556 3028 
1 4648 
2 1919 3362 
0 
1 2463 
1 2970 
4 1774 3329 4256 4392 
1 2590 
2 1174 4764 
3 1779 1989 2508 
4 1273 1368 4196 4626 
6 1900 2485 3216 3229 3722 5009 
1 4082 
1 3125 
2 1478 2921 
2 222 4733 
4 590 3493 3844 4235 
2 1319 4140 
3 2301 3416 4176 
2 263 3588 
1 425 
3 802 3427 3644 
2 848 2255 
1 950 
2 3133 4965 
0 
3 1628 1675 3358 
3 1512 2031 2708 
2 2664 4925 
4 1471 1786 1862 4696 
4 33 1625 2398 4682 
1 1664 
1 1366 
2 876 1875 
3 638 660 2967 
1 4028 
1 1649 
2 1301 3462 
0 
2 1875 3787 
3 151 2381 2926 
1 3443 
5 985 1910 2182 2926 4516 
4 1048 1117 2537 4014 
4 1968 2347 3668 3705 
5 1462 2546 2578 3938 4390 
3 3104 3609 4665 
3 111 2477 3307 
4 920 1046 3381 5194 
6 1544 2265 2595 3116 3222 5125 
4 1367 2171 2809 3952 
3 1381 2452 5006 
1 5008 
3 1521 1538 1669 
2 4059 4126 
2 760 1628 
2 1593 5198 
3 974 1386 2267 
1 3333 
4 867 997 1411 3372 
0 
2 1919 3607 
0 
2 465 2158 
0 
1 139 
3 959 1932 4613 
1 3625 
3 846 2911 4684 
2 706 4773 
3 128 527 3229 
1 3148 
2 791 884 
3 2286 3625 3979 
2 2150 4274 
4 362 1164 2810 3336 
3 285 2992 3553 
4 556 1604 3109 4656 
5 1889 2371 2645 3185 4783 
3 115 1567 1659 
0 
1 4340 
4 1083 1817 3283 3933 
5 1495 1919 2266 3377 4782 
2 319 5028 
2 2039 2722 
1 4266 
0 
1 1545 
4 259 593 929 1803 
8 776 1599 1741 2102 2477 2980 3088 4181 
1 1487 
3 2256 2671 3550 
2 965 4030 
4 398 1585 3603 4845 
0 
3 2353 2422 4785 
1 3288 
3 251 503 3434 
3 401 1226 4992 
0 
3 522 2030 2683 
1 2497 
3 95 1624 4335 
5 317 1862 3349 4696 5197 
1 5172 
2 797 4049 
3 1310 1935 3582 
1 4641 
2 3046 4301 
0 
0 
5 327 750 1751 2646 3547 
2 2519 4994 
3 146 1422 1996 
0 
0 
0 
5 741 1323 1942 2631 5182 
2 555 831 
3 4289 4318 5021 
3 386 3019 3756 
1 3065 
2 2014 3478 
2 1277 2440 
0 
3 768 1641 3500 
1 339 
4 1991 3919 4314 5171 
1 286 
2 983 2747 
2 440 3116 
4 932 1600 4306 5057 
3 259 3306 4389 
4 689 2635 4202 5193 
3 111 3437 3485 
3 432 2755 3813 
1 4246 
2 1870 3812 
5 174 3119 4103 4512 5043 
0 
5 527 3320 4305 4598 4754 
3 757 2998 3214 
1 3302 
4 236 1379 1986 3769 
2 3110 3647 
2 836 3321 
3 1335 2130 4017 
4 309 896 2200 4355 
5 578 1574 4282 5092 5137 
3 619 3589 3663 
4 1854 2835 4601 5027 
5 816 1625 1986 3348 4474 
3 1471 1839 4992 
2 761 4167 
3 175 2079 2563 
3 128 2961 4160 
6 2055 2157 2330 3178 4131 4624 
2 1495 2191 
2 2165 4724 
3 3492 4532 5170 
1 1440 
1 1800 
2 1129 2973 
4 557 3272 4193 4699 
3 26 1092 3566 
3 1666 4703 4987 
1 2417 
2 954 2676 
0 
1 1247 
3 1636 2559 3315 
0 
2 177 4783 
1 2622 
1 3216 
3 439 3607 4547 
1 3367 
2 1477 2181 
1 1340 
2 1212 2067 
2 758 3118 
4 617 2024 3468 4593 
2 240 3783 
3 2599 2734 2872 
3 826 2560 3430 
4 480 696 1376 4878 
3 2928 3870 4663 
1 5015 
7 1375 3411 3832 3990 4039 4313 4531 
6 779 797 3001 3154 3889 4081 
3 1402 3708 4374 
0 
2 2126 3594 
2 3584 5036 
3 1010 1269 2398 
2 629 3318 
2 2966 4213 
6 497 1753 2084 4103 4349 4520 
1 3374 
2 998 3511 
3 947 4558 5146 
4 1531 2580 4208 4453 
2 1512 3361 
1 2660 
2 1796 2721 
4 1798 2952 3055 4325 
3 3431 3545 4728 
2 2963 4610 
1 2863 
4 2634 2813 4304 4593 
0 
2 1647 2768 
0 
1 941 
5 611 1126 1564 2398 2488 
5 1306 1318 2971 4910 5011 
4 153 3282 4021 4278 
2 465 2935 
2 3440 4914 
1 3323 
1 3037 
3 2265 4517 4669 
0 
5 1383 1802 2813 4027 4326 
2 2766 3295 
3 1353 3229 4346 
4 304 2827 3432 3762 
3 4394 4783 5132 
2 1134 4882 
4 1410 1430 2355 4211 
2 519 548 
1 4768 
2 2794 3800 
3 138 4629 4640 
1 1408 
2 965 990 
1 2729 
3 1519 2039 3288 
1 2152 
2 939 3589 
1 1465 
1 3013 
2 3631 4548 
0 
5 2204 4092 4264 4985 4988 
2 1698 2022 
5 328 497 1007 1565 2338 
3 1604 2421 4176 
2 38 104 
1 2457 
3 898 3323 3539 
1 312 
4 2035 2367 3459 3795 
4 459 773 775 2502 
2 1238 3151 
2 1788 3265 
3 30 1651 4447 
1 3517 
1 2361 
1 3104 
3 1089 2923 3506 
6 989 2481 2907 4090 4786 4999 
3 1197 2186 3010 
5 1498 2509 3818 4142 4493 
3 490 3585 4993 
3 2902 3108 4487 
3 341 3100 3101 
0 
4 935 2858 4344 4806 
1 150 
1 1264 
3 1044 1157 3624 
4 563 1319 1957 2148 
2 3651 3978 
3 26 1076 5033 
5 942 1674 2853 3488 4728 
3 1215 3412 5178 
3 3639 3739 4413 
1 195 
1 4970 
4 253 747 1149 2735 
1 765 
1 1589 
2 1720 2905 
2 1375 3535 
2 3427 5114 
4 4268 4717 4911 5043 
5 358 1772 2007 3916 4854 
1 3248 
6 2138 2303 2323 3330 3948 4389 
1 4658 
3 139 639 2102 
4 1213 1511 3700 4113 
3 1952 3177 4057 
2 1826 4362 
6 294 966 1442 3160 4258 4540 
1 4450 
5 310 1002 2816 3086 4849 
3 80 1792 3693 
2 490 4706 
2 1166 3016 
3 839 3412 4023 
4 1403 1937 2082 4996 
3 3748 4283 4894 
3 262 2975 5052 
1 3129 
1 2035 
5 2964 4189 5079 5100 5153 
2 2275 3146 
0 
4 786 2581 3363 4934 
2 915 4665 
1 2356 
1 2204 
3 530 1595 4433 
2 1744 3521 
3 392 1947 4549 
2 1813 3786 
1 2601 
4 1354 2104 2461 4186 
2 3738 3834 
0 
1 1085 
3 410 1519 2604 
2 2727 4914 
3 219 522 2488 
5 272 1170 4292 5117 5131 
0 
1 3137 
2 1068 1669 
4 1021 1153 1223 2510 
7 262 536 1209 1510 1528 1971 2232 
2 1828 4492 
5 241 992 1398 2018 2044 
4 1161 2527 3555 3607 
2 3285 4854 
5 1684 1867 3194 4426 4580 
2 240 4753 
6 152 1222 1782 1851 2453 2706 
0 
6 477 1553 1961 3674 4702 5133 
4 63 539 1187 2026 
1 166 
5 5 328 2159 2748 4143 
3 2447 2656 4625 
4 2523 2889 3542 3604 
0 
0 
8 716 2358 2466 2622 2873 4823 5047 5147 
1 4490 
1 2957 
3 155 4446 5187 
3 2428 4997 5106 
0 
3 1361 2112 4993 
3 1132 3906 4517 
2 1676 2469 
6 645 666 2457 2928 4964 5160 
3 1815 2752 4788 
3 1323 2029 4921 
2 1277 2465 
2 576 4101 
2 1025 2015 
2 205 5083 
5 94 1584 1676 2587 3933 
1 4478 
4 1140 3479 4700 5185 
2 195 4271 
4 1266 1507 2155 2198 
1 1815 
3 1379 3715 4156 
1 407 
2 2370 2712 
0 
3 331 1339 4571 
4 1615 2080 3279 3367 
3 752 2119 3117 
4 420 1219 1258 3232 
1 4650 
5 63 1764 2323 2434 4407 
4 1354 1704 1716 3892 
2 2551 2750 
3 542 598 2658 
3 686 1653 3850 
2 244 4660 
4 2561 3587 3998 4420 
4 2797 3134 3577 4789 
1 4187 
3 222 2210 5083 
5 915 3225 3362 4296 4862 
2 4264 4563 
1 4563 
3 2047 3353 4470 
4 458 561 2362 4183 
4 521 3061 4383 4985 
2 8 2611 
3 531 1591 3520 
2 4207 5018 
2 471 4326 
1 2117 
3 1121 1494 2372 
7 1120 1376 1470 1923 2439 3701 4211 
4 1993 3588 3790 3986 
4 252 758 1618 4345 
1 4669 
1 1763 
4 680 1866 2576 4607 
3 2801 3791 3971 
1 500 
2 2692 2751 
4 306 1834 2221 3494 
3 1450 3566 5121 
4 140 1187 1242 3587 
0 
4 2454 2724 3537 4034 
0 
2 781 3901 
4 145 652 980 4456 
3 93 2443 3340 
0 
4 473 1803 2637 3890 
7 397 711 1535 2550 2596 3212 3226 
4 600 606 3305 3346 
3 1339 1905 3296 
3 3904 4282 4639 
3 3542 4263 4917 
2 1260 4361 
1 2000 
1 2151 
5 1037 1285 1711 4633 4742 
2 2635 4208 
1 4673 
1 2634 
1 4671 
5 802 1012 1755 2039 5104 
5 374 583 1029 3515 4683 
2 127 1205 
3 485 2153 3110 
2 4895 5032 
3 38 1524 2747 
3 75 2010 4264 
2 2530 2807 
1 2490 
4 266 2819 3978 4369 
2 2069 4250 
2 1453 2895 
1 4269 
7 450 885 1135 1412 1572 2665 3574 
3 2084 2678 2968 
4 750 1422 4819 5085 
2 1557 2279 
3 2293 2747 3476 
8 291 1039 1080 1311 2494 3060 3760 3992 
3 1221 2568 4757 
3 885 1985 2263 
2 1132 4129 
2 387 4187 
4 737 2847 4192 5181 
2 663 4652 
3 2562 3298 4457 
0 
0 
2 246 2632 
2 640 948 
0 
1 3365 
3 990 2679 3703 
2 1630 2515 
1 3889 
4 2153 2826 3077 3656 
2 3003 4632 
3 178 2310 4415 
4 2419 3828 4758 5193 
0 
3 965 1826 3702 
3 1400 3347 4474 
1 2928 
2 4291 4558 
3 1792 2473 3358 
1 4892 
2 1035 1637 
3 2115 3176 5111 
2 3824 4471 
6 457 1280 1720 2653 3112 5159 
4 592 873 4876 5006 
3 187 1059 4039 
5 23 1719 2157 4524 4872 
5 359 733 1080 2530 3224 
2 1651 1738 
1 3286 
2 2292 3758 
1 2933 
2 2427 2971 
4 893 4215 4243 4395 
1 3146 
1 2432 
1 257 
2 20 1896 
1 4666 
1 4425 
3 2925 3204 4810 
1 4057 
1 2504 
3 409 1481 3435 
4 1773 2971 3713 4590 
3 721 4072 4782 
2 3441 4110 
4 498 666 3074 3151 
0 
2 50 999 
1 3210 
0 
2 3102 4788 
4 347 1604 2282 2457 
3 2976 3141 5011 
3 853 995 2988 
5 457 957 1178 1303 4906 
0 
3 819 3224 3462 
1 3941 
3 126 1925 4005 
1 2038 
4 1440 1561 2226 3400 
2 2571 2886 
2 1531 4650 
2 2318 2541 
2 2242 2539 
3 73 3177 3458 
6 583 1303 2529 3562 4147 4440 
5 410 1267 2105 3341 4068 
1 2958 
3 96 1731 4722 
1 3417 
3 307 3446 4767 
2 1421 2851 
2 3356 4209 
2 2186 4343 
5 231 1299 1480 2220 2696 
3 537 1356 3391 
2 3143 3457 
1 4706 
2 760 4931 
3 276 1267 4731 
1 410 
3 97 2592 4718 
2 576 3106 
1 3980 
3 2453 3220 4522 
3 177 1636 4169 
1 2491 
2 216 2678 
3 2312 4395 5164 
1 1215 
1 4785 
0 
3 371 706 2136 
1 2556 
2 1746 4238 
2 4112 4376 
1 2806 
0 
0 
2 1621 2200 
0 
1 622 
5 740 2683 3221 3323 5003 
2 1000 4557 
2 793 2276 
1 4453 
2 2557 2659 
3 2575 3249 4578 
1 594 
6 190 959 3212 3234 4057 4291 
1 1666 
4 657 2209 2674 3748 
3 404 3776 4423 
2 1792 4562 
0 
1 2893 
3 482 1832 3483 
1 1880 
4 1412 1924 2789 4359 
1 730 
1 2518 
1 346 
1 4371 
3 911 2950 3686 
3 1782 2646 4932 
3 156 1605 3864 
2 852 4191 
3 1105 1825 4590 
0 
0 
3 2027 3080 3453 
1 2879 
3 1479 3529 4547 
0 
4 952 1222 2447 5196 
3 2726 3518 5111 
4 2135 2914 4749 5185 
5 78 1790 2794 4922 4923 
4 330 1103 1509 4534 
2 3051 3683 
1 2481 
5 811 899 3360 4277 5135 
1 1977 
2 793 1971 
3 1172 2927 3524 
1 1200 
2 1042 2030 
0 
0 
2 2313 5194 
2 2193 2833 
4 1442 1465 1607 4983 
1 2523 
1 3152 
4 1960 2707 4412 4598 
3 19 2433 4566 
2 421 4673 
1 2345 
2 781 4726 
2 330 3895 
0 
2 3870 4191 
1 2292 
1 2389 
2 740 4336 
1 1654 
4 448 2028 4144 5131 
4 116 255 4183 4798 
1 1437 
1 1607 
3 3109 3366 3477 
0 
0 
1 1909 
4 264 1368 3391 4243 
4 2238 2548 2560 3781 
3 2452 4202 5083 
2 4084 4347 
2 2490 4185 
2 415 2518 
8 310 321 523 1994 2467 3330 3891 3908 
4 195 1409 1887 2929 
1 1810 
4 1557 2244 3333 4997 
5 179 356 1453 4601 4626 
0 
2 1751 3228 
1 748 
1 532 
7 291 942 1230 1599 1803 2095 3240 
1 1612 
3 880 1390 4377 
0 
2 2789 4149 
5 154 844 891 1784 2333 
1 4607 
1 2320 
1 1780 
1 750 
3 425 1433 1637 
2 1454 3014 
3 263 1606 5179 
1 35 
3 390 1824 5197 
3 539 1448 3819 
7 10 63 302 1827 1977 3884 4992 
4 1456 1671 3832 4563 
1 3888 
2 3429 4995 
2 709 2844 
1 2086 
2 1141 1800 
0 
1 835 
5 101 1013 2028 4363 4442 
1 5124 
0 
5 1924 2690 2765 4158 5116 
1 4481 
3 507 4534 4616 
1 1128 
1 1514 
8 183 423 495 923 1287 2341 2709 3494 
3 170 1650 3201 
1 1554 
2 2495 3537 
0 
0 
2 3497 4338 
7 903 2516 3102 3908 3958 4367 4904 
1 1277 
0 
2 1958 4011 
3 826 3822 4863 
4 2668 3215 3921 4719 
4 317 1145 2550 3463 
2 1617 1795 
4 1400 2158 3530 5002 
3 633 1746 2183 
2 3991 5005 
2 3019 4303 
4 2318 2332 4141 4730 
3 3609 4238 5015 
2 3188 4539 
4 643 1140 2406 4141 
0 
1 4271 
3 194 1290 2552 
1 3888 
2 1024 3277 
0 
1 1073 
0 
1 4139 
3 672 2578 3146 
3 2335 3068 4561 
2 1550 4398 
2 2898 4187 
5 1215 1798 3417 4573 4782 
4 1104 3092 4426 4646 
2 795 4610 
1 2722 
1 4918 
3 1480 1512 2259 
2 4110 4158 
0 
1 4171 
3 523 725 742 
2 2098 4271 
4 580 1691 4410 4493 
1 5182 
1 530 
3 1234 2781 4750 
3 264 1587 4609 
3 93 3704 4096 
2 2566 4887 
3 893 1030 3466 
0 
2 2021 4996 
2 264 2643 
0 
3 1341 2384 3730 
3 177 3365 4216 
0 
0 
5 51 3320 3744 3822 3829 
3 585 2377 4617 
0 
1 1153 
1 3340 
1 4637 
3 1405 2317 4794 
5 1429 2011 3261 3773 5038 
2 1793 3264 
3 542 744 4979 
3 917 1132 4078 
5 1259 1809 2098 2878 2979 
2 446 3251 
0 
1 1890 
4 491 2292 3353 4651 
3 1415 2457 3535 
0 
3 590 711 3028 
2 1593 5189 
3 451 1485 4955 
3 1874 2868 3359 
1 2703 
0 
4 3935 4638 4950 5064 
1 1430 
2 3158 3699 
4 1312 1437 3038 3364 
3 2996 4314 4858 
3 2632 3824 4735 
4 44 492 3034 4777 
1 478 
1 2454 
3 1381 4416 4860 
2 354 1928 
1 3127 
1 2687 
0 
7 1453 1650 1683 1742 2554 3104 5025 
2 18 4284 
2 3528 4925 
2 1243 2829 
1 1222 
1 4034 
1 1943 
5 320 422 2374 4292 4853 
3 345 815 4205 
1 4139 
3 2392 4155 5132 
3 928 1323 3625 
5 1164 2023 2370 3946 4214 
4 668 1300 4209 4239 
1 4559 
4 832 3653 4072 4268 
1 2176 
1 3386 
1 4442 
6 568 1885 2708 4493 4689 5039 
2 1640 4547 
2 500 3014 
1 3196 
1 1381 
3 878 3361 3589 
3 523 1881 2967 
4 662 1139 1784 2122 
1 4579 
2 2369 3019 
2 3262 4145 
3 1676 2609 4994 
3 674 2148 2150 
5 879 1469 1488 2716 3615 
5 749 933 2295 2466 2585 
4 1723 2753 4240 5158 
0 
2 947 1825 
1 592 
3 1137 2600 4757 
1 1293 
3 714 2326 3784 
6 842 1157 1746 2089 2946 3585 
1 3496 
1 3020 
0 
1 3010 
1 3468 
1 3738 
3 707 1693 3301 
3 420 580 1954 
3 234 959 4763 
6 768 975 2936 3116 3668 4764 
1 3222 
6 257 755 3020 3836 3919 4970 
1 3442 
3 2695 3599 4775 
1 4391 
2 1028 2314 
1 609 
3 998 1111 3799 
2 678 3511 
1 5121 
2 1302 2459 
4 1 2639 4088 4847 
2 3462 4454 
1 3508 
1 2264 
1 3769 
2 6 2316 
4 866 1552 2416 3346 
2 4597 4752 
2 622 2305 
2 2142 2920 
4 756 1429 2557 3074 
4 158 1402 3389 5082 
3 2092 2113 4362 
4 2324 2601 2613 4049 
2 1538 1636 
7 246 609 1808 2271 3073 3269 4262 
1 15 
3 2413 3625 4073 
4 1207 2623 4158 4465 
2 201 1881 
2 679 1299 
3 0 2868 4416 
3 2089 2198 3405 
1 377 
2 4121 4654 
2 758 1893 
3 1899 3111 5115 
3 835 1338 4938 
1 3644 
3 1168 3805 4174 
1 2624 
0 
2 197 3250 
8 2059 3142 3333 3501 3781 4491 4709 5066 
3 519 2184 3938 
0 
4 1400 2004 2996 4736 
2 4908 5044 
3 1267 2885 2994 
0 
4 2250 3641 4225 4800 
0 
3 156 3409 3809 
3 1740 2298 3622 
2 1561 1953 
1 2579 
1 5146 
1 183 
1 1207 
3 1598 2092 4585 
1 1738 
1 3308 
2 2371 2940 
3 152 1422 3368 
0 
3 293 2350 4272 
3 1446 2772 2916 
2 1183 4253 
2 390 2409 
0 
3 438 1935 4987 
3 2229 2812 2923 
5 335 1961 2938 2948 3703 
0 
1 3318 
4 157 480 861 1029 
2 86 3131 
2 529 4854 
2 398 4428 
4 979 1156 3161 4481 
2 2108 2875 
1 935 
2 2013 2031 
0 
0 
1 4121 
1 2887 
1 182 
4 878 1196 3539 4172 
3 1803 2329 4579 
2 2884 4462 
2 799 3154 
3 1182 1235 4889 
1 1785 
5 1890 2094 3529 3662 5161 
2 124 3347 
6 593 1474 3437 3819 4396 5086 
4 3599 4201 4586 4878 
1 2217 
2 4194 4561 
2 737 1014 
0 
0 
3 954 2711 3823 
4 58 3401 4487 4977 
3 3473 4104 4475 
2 295 3994 
3 1232 1698 2314 
3 590 674 5181 
3 2041 4845 4863 
5 1122 1381 1611 3946 4392 
2 3445 3987 
2 1184 2561 
3 565 885 2503 
2 648 3484 
1 3986 
1 561 
1 2230 
2 771 1978 
2 672 4181 
2 1246 2827 
0 
0 
2 247 3725 
0 
5 712 2026 2973 3277 3297 
4 559 1950 2616 2968 
0 
0 
4 399 2578 4897 4975 
0 
2 3324 3660 
4 514 592 957 2702 
3 302 2056 3976 
4 571 3306 3488 4696 
3 3566 4031 4525 
3 1569 3459 3532 
1 3280 
4 1375 2406 3389 4369 
2 370 5019 
4 1025 2198 4146 4490 
2 154 4586 
3 1861 3338 5174 
2 4172 4458 
3 1074 1863 2831 
4 1260 3178 4303 4436 
3 1183 4027 4939 
2 570 4112 
7 636 1045 1551 1609 1833 4744 5148 
0 
1 4701 
2 135 4573 
3 632 2375 3395 
2 2375 4172 
2 2621 2801 
3 214 4479 5104 
3 2154 2368 2895 
0 
1 2654 
3 446 1503 2027 
3 1603 2374 4931 
2 2185 2742 
2 2253 2546 
4 535 936 2984 4635 
3 922 957 2592 
2 4362 4982 
1 1194 
2 1066 4741 
3 2157 2239 2946 
2 1407 2485 
4 2289 3217 3257 4382 
2 1509 2247 
1 374 
2 1395 1761 
1 4280 
4 746 2035 3870 4445 
1 3752 
2 1090 2121 
1 4600 
4 1493 1779 2892 4555 
2 1090 1115 
5 1554 1594 2414 4612 4865 
0 
2 3024 4636 
2 604 5123 
4 174 1958 2132 4156 
4 945 1537 1845 2495 
2 3371 4276 
1 11 
4 1068 1304 2437 4290 
1 4556 
2 2059 4075 
2 25 1008 
1 2623 
4 470 1430 1848 2991 
4 399 2648 3401 3429 
2 4409 4773 
2 307 402 
4 426 2417 2603 2826 
0 
3 570 1040 2179 
1 3841 
4 450 4280 4281 4692 
2 2363 2616 
4 1673 2725 3642 5169 
3 1374 3534 3901 
5 1348 2298 3039 4220 4520 
1 5147 
2 587 2013 
3 314 1630 1997 
3 2883 3731 4393 
1 3195 
4 544 1916 2404 3599 
5 795 1112 1885 3027 4198 
0 
1 4797 
2 3448 4346 
4 704 3254 3329 5104 
6 1557 3288 3575 4336 4498 4899 
1 52 
2 1351 1903 
0 
1 3397 
1 4936 
3 134 1687 3774 
2 1966 4528 
3 193 527 1227 
1 54 
2 1375 2590 
4 1827 1902 2402 2636 
2 2265 3093 
1 0 
2 1059 1263 
0 
2 1097 3540 
0 
1 2012 
2 205 2186 
2 433 4746 
2 2067 3646 
3 1227 2815 4908 
1 1642 
2 696 3529 
1 1717 
1 455 
2 1612 1620 
5 1129 2084 2445 3252 5179 
1 3159 
2 2917 3712 
2 1672 3420 
0 
2 3283 3324 
2 392 4745 
2 569 2795 
3 47 1478 3602 
1 3970 
1 2609 
5 362 576 1068 1464 3261 
2 3855 4953 
1 3582 
3 105 4109 4369 
1 157 
2 751 2619 
1 5020 
9 622 1453 2530 2681 3381 3755 3907 3952 4377 
1 1240 
3 348 2250 4405 
5 52 196 2806 3808 3848 
4 2119 2283 3740 3777 
3 1589 3118 3547 
2 392 3336 
1 620 
2 1183 2656 
2 2674 4348 
2 2157 2947 
2 481 1245 
4 387 2596 2627 4664 
2 2498 3363 
2 2530 4941 
4 103 1655 3648 4577 
4 991 1632 1730 2758 
4 415 2119 2178 2334 
3 710 1355 1581 
2 3294 3747 
4 2486 3351 4087 4935 
1 1917 
3 1604 2681 3696 
2 1576 3500 
5 17 1541 1753 4041 4166 
2 739 3966 
2 719 4576 
1 4945 
3 318 820 2761 
2 1323 1363 
3 294 1845 4714 
0 
1 2024 
1 4030 
0 
1 918 
4 2397 3671 3770 4415 
1 2679 
5 457 572 757 2990 5102 
3 2044 2869 4036 
3 951 3194 3878 
1 3906 
3 975 3165 5032 
0 
1 3627 
3 486 1984 3118 
2 1753 4537 
3 690 3706 5001 
0 
3 2864 3205 4708 
2 584 2924 
2 4049 4282 
2 2865 4078 
3 885 2364 4263 
0 
1 1071 
4 402 1599 4303 4743 
7 627 714 1519 1824 2973 4585 5087 
3 1647 2089 4053 
0 
2 2102 2272 
0 
5 480 924 1510 4215 5094 
2 1360 4481 
3 282 779 1331 
3 2821 3073 5142 
1 1047 
1 2484 
8 571 1610 3085 3874 4070 4459 4737 4947 
3 1595 4004 4873 
4 141 231 2325 3671 
4 1961 2190 3199 5172 
2 3731 4655 
2 2444 3450 
4 749 1043 2598 4989 
2 3543 5110 
5 553 1740 2205 2346 3166 
0 
4 1252 3508 3676 4953 
0 
2 1002 4309 
2 489 1540 
4 3231 3819 3950 4071 
2 2333 3926 
2 2532 4645 
3 1155 3073 3765 
3 21 149 2568 
2 2021 4214 
3 1181 2037 4804 
1 2943 
3 1468 2251 3796 
1 794 
1 4020 
4 199 2531 4756 4772 
5 2241 3082 4065 4663 4903 
2 2155 3841 
2 757 3009 
1 1721 
2 3610 4697 
2 1771 4851 
0 
2 3604 4763 
2 3887 4059 
5 846 998 1189 1345 2279 
2 2005 4882 
4 360 489 2051 3839 
4 430 625 2304 3022 
1 4025 
3 2249 2857 4471 
5 475 818 2017 2254 4812 
0 
6 180 1320 2328 2359 2674 4434 
2 3079 3199 
2 371 524 
3 1534 1575 4389 
1 3352 
4 248 1310 1497 1599 
3 2114 3165 3468 
4 2398 2752 3547 3591 
2 4000 4305 
4 3506 4293 4493 4931 
6 2166 2755 2991 4449 4655 4824 
1 3335 
3 3334 3807 4203 
3 2183 3218 5132 
2 1801 4218 
1 3090 
3 1413 1453 1903 
3 1451 2527 2861 
5 665 1064 1290 2638 3985 
2 4135 4324 
1 3432 
4 98 886 3697 4257 
4 301 521 1261 4482 
5 92 2001 2531 2964 3448 
6 1795 1865 2584 3043 3856 4531 
1 2260 
2 2212 5020 
1 3520 
4 3232 3556 4067 4366 
3 998 1191 3327 
7 508 771 1505 1532 2501 2872 3514 
1 608 
4 589 704 1654 4346 
3 2644 3858 4066 
2 1831 3458 
4 24 2134 2587 5029 
1 2878 
2 2713 5046 
5 2311 2919 3617 3824 4332 
3 1442 2110 2498 
5 165 2419 3225 3770 4338 
3 1883 2884 5166 
6 583 1367 1450 1709 2574 2854 
5 123 378 806 2742 3819 
5 2285 2484 3808 4225 4769 
2 544 3011 
0 
2 3733 4021 
2 1646 3135 
3 2167 4212 4913 
5 174 451 1487 1533 4946 
2 1212 2307 
4 1173 1900 3467 5151 
0 
2 1891 2191 
0 
1 4641 
3 1999 3861 3900 
5 891 2028 2156 3212 4127 
4 768 1802 3862 5154 
1 232 
4 319 363 818 3906 
5 61 1847 3641 3862 4466 
2 192 2912 
3 637 1460 2056 
1 4887 
6 117 569 757 2969 3086 3704 
0 
4 15 2647 2746 4112 
5 1223 1364 1778 1905 4309 
3 276 1188 1612 
0 
2 273 3100 
0 
2 2098 3170 
0 
0 
2 694 2631 
5 444 3052 3143 3517 4748 
1 1128 
5 73 1104 4216 4781 4817 
0 
2 2980 3443 
0 
1 3889 
1 5118 
1 3000 
3 400 4022 4515 
2 1880 2297 
3 2071 2385 2410 
0 
2 343 1750 
0 
2 1009 2126 
4 1473 2641 2830 3936 
1 5038 
1 4396 
3 3197 4532 4547 
2 764 1731 
2 1422 3987 
2 1158 4380 
3 300 907 5173 
2 4105 4190 
1 1683 
5 1033 1835 2129 2394 5071 
2 1987 2077 
5 311 320 1332 2780 3143 
1 2293 
1 2315 
2 2335 3343 
3 1682 1965 3555 
1 2206 
1 2612 
4 1494 3466 3968 4553 
4 356 1407 2243 3044 
0 
1 812 
5 501 800 987 1605 2327 
4 543 1457 2615 4274 
4 722 1108 1269 2949 
3 2038 2149 3405 
2 839 1391 
4 101 660 3059 4819 
4 1204 2010 2090 2642 
2 1579 5081 
5 575 970 3164 3346 4569 
3 1497 4437 4872 
4 759 1353 3285 3545 
2 628 1847 
0 
3 556 2702 4722 
3 954 1451 4984 
0 
2 3725 4686 
3 972 1427 2648 
3 1823 2636 3357 
5 864 2361 3084 4903 5137 
4 85 1563 1913 4528 
0 
7 1657 1688 2145 2627 2959 4301 5153 
3 2807 3696 3853 
1 4309 
1 1422 
2 2848 3436 
2 3375 3617 
8 61 62 226 945 2290 2941 3329 4230 
0 
1 4908 
2 2089 3651 
4 1291 4396 4649 4843 
5 1621 3053 3524 3561 5183 
2 647 804 
3 1368 1501 1810 
3 2560 4423 4700 
2 1568 2742 
3 53 2231 4975 
2 1604 2475 
2 1113 3525 
0 
1 1329 
2 1750 2688 
3 1908 3062 4949 
3 273 608 2243 
2 4248 4796 
0 
3 517 2384 3082 
1 1450 
3 608 4821 5184 
3 148 3590 3985 
1 2268 
3 1629 2124 4529 
3 764 2519 2794 
3 1699 4288 5015 
3 437 486 2937 
1 2800 
3 83 274 1532 
0 
4 1423 1995 2234 3235 
3 1178 1406 2991 
2 279 4449 
2 1102 4982 
2 1016 3700 
4 547 2019 4532 4844 
5 1654 1768 2369 3332 4509 
4 469 1726 2050 3713 
3 2960 3290 4111 
4 29 1502 1546 5099 
1 2075 
7 572 2044 2308 2955 4142 4596 5190 
1 4649 
1 1324 
5 1806 2076 3353 3663 3845 
3 1255 2544 4915 
1 816 
3 2366 3401 3716 
3 2707 3606 4554 
3 1621 3564 5126 
6 280 1126 1969 2505 3350 5171 
4 717 2424 4365 5182 
2 368 2067 
1 4847 
4 244 1443 2716 3473 
1 3480 
0 
3 49 1258 3970 
2 1731 2897 
4 2704 3042 3190 3706 
3 357 2809 3650 
2 3760 4575 
3 3084 4164 4797 
0 
5 405 1686 1990 3153 4553 
2 2393 2873 
2 671 1818 
4 885 2523 2797 3767 
3 1358 3668 4279 
5 1874 2002 2359 3036 4947 
4 3182 3550 5082 5175 
4 25 552 4125 4238 
4 72 2454 2534 4955 
1 3287 
1 1877 
3 908 2315 3450 
1 3814 
4 2220 3217 3330 5033 
0 
2 1598 4706 
3 226 2200 3540 
2 40 4656 
2 20 1655 
1 2184 
4 976 1082 1649 3735 
3 2443 3433 4613 
3 1697 1769 3351 
2 951 4033 
4 1805 1974 2018 4774 
3 1401 1741 4136 
1 1058 
1 3473 
2 390 2637 
3 3720 3840 4864 
1 3519 
2 44 3928 
6 13 1531 2019 2273 2520 3083 
1 4168 
1 953 
4 83 1935 1957 3653 
0 
3 2008 2087 4314 
2 625 4329 
1 1751 
4 1560 2556 4482 4606 
2 3166 4086 
4 32 650 810 1369 
3 2495 4005 4853 
0 
1 18 
1 849 
2 345 4149 
2 2215 3207 
1 3 
2 638 2302 
5 2373 2936 4243 4546 5174 
0 
4 1852 2494 2521 3854 
2 2127 2511 
4 1284 2258 2348 2919 
4 415 658 1108 3491 
3 19 1933 3330 
4 1550 1784 3730 4167 
2 3825 3929 
2 2301 3696 
0 
0 
0 
2 294 4025 
3 2950 3045 3160 
2 2032 3601 
1 3600 
1 3202 
3 2202 3781 3846 
3 2454 3313 4772 
2 1431 4277 
1 3518 
3 2169 2284 2443 
1 1113 
3 2154 2814 4193 
1 3310 
2 68 4662 
1 3700 
1 1105 
2 4740 5085 
4 39 716 1144 2927 
3 55 753 1945 
3 1141 3361 3467 
2 586 4956 
1 4123 
3 626 3704 3757 
2 3644 4489 
1 3001 
0 
2 1092 2380 
8 227 446 1394 2175 2181 2906 2975 4971 
0 
9 722 1038 1093 1187 1396 3256 4109 4175 4910 
2 1104 4620 
2 4604 4927 
0 
4 1356 2351 3933 5118 
2 220 1553 
2 1161 1985 
0 
5 233 565 587 928 2097 
0 
2 115 1816 
3 373 508 1697 
5 967 1960 2386 4032 4055 
2 4550 5120 
3 226 2998 3385 
2 41 3152 
3 1214 1463 3842 
4 597 2129 2986 3621 
1 4555 
3 1680 1752 3187 
7 1230 1914 1993 2253 3757 4892 5170 
3 3227 4982 5010 
5 1548 2057 3986 4932 5194 
3 2070 3530 4220 
3 2382 3471 3721 
2 27 1260 
5 698 1901 2910 3569 4999 
1 66 
0 
2 2578 4223 
2 157 3908 
1 810 
1 1042 
2 1999 3079 
8 308 513 515 672 1943 3895 4790 5062 
3 681 3042 4100 
3 2258 3514 4914 
3 565 775 3874 
3 198 1291 4271 
4 320 741 1851 4784 
1 1019 
6 1949 2152 2946 3538 4408 4990 
0 
3 196 3854 4725 
2 3248 3282 
1 4649 
3 1301 1719 4684 
3 451 1841 2449 
2 1957 4318 
4 215 587 1641 3290 
0 
0 
1 1183 
0 
0 
0 
2 1409 2711 
2 727 4707 
2 308 1023 
1 2695 
1 3857 
2 1589 4797 
5 514 814 973 1255 4864 
3 255 4777 4870 
2 3755 4961 
1 183 
3 633 2407 3764 
1 513 
3 350 744 4198 
4 1429 3234 3463 3594 
3 240 3344 5123 
1 4623 
3 1750 2883 4012 
4 107 2401 3504 3612 
2 2510 4626 
3 458 2583 4366 
5 2041 2575 3020 3747 4615 
4 2846 3389 3620 3895 
1 2152 
3 1622 3259 3529 
1 1795 
2 60 2299 
3 3736 3761 5076 
3 109 1161 4314 
2 768 5073 
2 1241 3196 
4 1265 2613 3507 4887 
0 
6 112 177 1945 2479 4120 4178 
2 1086 3517 
3 1740 4177 4506 
1 629 
3 55 4012 4530 
1 3563 
5 1188 3651 4102 4103 5053 
3 1122 1269 2119 
3 100 1898 4115 
2 752 1574 
4 495 3071 3456 4440 
3 1857 4023 4608 
1 4926 
3 1850 4547 4973 
6 530 851 1117 1564 4878 4951 
2 2853 3592 
2 3158 3284 
5 530 1348 2064 3751 3811 
3 626 3370 5052 
3 739 4282 4707 
1 3554 
3 1018 3709 4550 
1 961 
6 288 590 1392 1508 2429 2942 
1 2386 
2 1991 3216 
1 101 
2 1021 4046 
1 1897 
2 375 2857 
0 
0 
3 1906 3231 3703 
2 2412 2683 
1 208 
0 
4 259 1384 3732 4953 
1 3124 
3 194 1469 3890 
2 56 1202 
3 3212 3691 5045 
2 832 2229 
3 3620 3647 3894 
3 113 1555 2599 
2 1280 4113 
2 2561 3531 
2 3709 4361 
5 831 1128 1213 1485 2335 
1 4746 
3 1848 3693 4069 
3 1259 1795 3297 
2 4031 4854 
4 1292 1586 3537 4649 
1 1395 
4 788 2252 2962 4120 
3 3248 3363 3787 
1 40 
2 2058 2101 
1 2864 
3 1915 3172 4974 
2 3793 3916 
5 615 1741 1976 2684 4259 
3 3216 4313 5168 
3 353 4840 4996 
0 
3 713 1902 4715 
4 2747 2991 3603 4029 
0 
3 1190 2291 4002 
3 2935 4563 4957 
2 1331 4553 
1 2426 
2 2147 3770 
1 1656 
4 594 2070 4163 4665 
5 1657 2511 3855 4579 4901 
1 2516 
1 646 
1 3775 
1 4588 
2 2361 4329 
4 692 882 3302 4099 
4 1051 1109 1584 5065 
1 1410 
1 2954 
3 483 516 2341 
1 2056 
0 
0 
1 1135 
3 1932 2987 5049 
2 1623 3962 
4 1149 3335 3872 4658 
4 2002 3215 3367 4586 
5 270 544 805 3000 4245 
0 
3 1531 3732 5106 
3 154 1879 2246 
3 993 1222 2244 
2 1349 3546 
0 
1 1559 
0 
3 622 1982 2372 
6 998 1170 2776 3044 3294 3366 
1 955 
3 397 472 4875 
2 2805 2857 
2 171 3051 
6 669 1134 1644 2591 2886 3361 
1 3593 
0 
2 371 1610 
3 920 1327 2581 
2 1524 2857 
5 23 600 1407 1523 2004 
1 112 
2 2297 2778 
1 33 
6 391 1542 2020 2429 4994 5069 
1 1190 
2 1103 2948 
0 
2 1485 1823 
1 3317 
2 3563 5151 
3 1316 3149 3307 
3 865 3643 4715 
0 
4 1058 1174 2124 3928 
1 3514 
5 452 1859 3603 4307 5031 
2 349 4045 
1 3215 
3 187 1385 3929 
2 2492 4091 
2 504 1860 
1 150 
6 945 1150 1851 2100 3463 3908 
4 766 3587 3670 4489 
2 3206 3790 
2 1980 3347 
1 3687 
5 673 2036 3356 4859 5148 
5 802 1205 1564 4616 5126 
1 1335 
4 3380 4178 4567 5114 
3 3382 3385 5168 
4 57 423 1807 5197 
2 2697 4333 
2 88 1074 
0 
1 328 
3 1750 3901 5024 
3 393 908 1896 
4 2049 2295 2733 3123 
3 279 4522 4917 
4 757 1083 3807 4264 
1 1371 
5 1793 2097 3280 3664 3992 
1 3945 
1 1689 
1 3985 
3 1751 3252 4686 
1 734 
0 
1 407 
2 1416 4312 
1 1655 
1 2777 
0 
0 
3 1562 3314 4427 
4 161 217 2779 2820 
4 2298 2577 3407 4817 
7 1304 1407 1429 1972 2098 2529 3753 
4 216 868 1747 2752 
4 632 769 1807 2489 
0 
3 932 2056 3757 
5 1204 1260 2731 3661 3704 
1 4518 
2 313 1794 
3 1788 4282 4996 
2 1564 4224 
2 847 3380 
5 864 1969 2525 3153 3868 
2 1505 1548 
0 
1 2533 
0 
3 2464 3253 3384 
2 148 3212 
4 2752 2801 3657 3853 
1 3995 
1 4682 
1 626 
1 1299 
1 1856 
0 
1 1194 
4 1149 2396 3775 4028 
3 4613 4651 4685 
3 528 4035 5040 
4 441 2236 2948 4525 
1 4159 
6 88 757 1727 1852 2806 4762 
1 173 
3 1052 1641 3939 
2 1484 4871 
1 1316 
3 1179 3295 4130 
2 1907 2081 
2 3565 3844 
3 3593 3849 4600 
1 4489 
1 4910 
2 4469 5039 
3 2190 2473 3631 
1 40 
1 2881 
3 1275 3417 3948 
2 694 5087 
4 2019 2153 2992 5025 
3 87 1003 3923 
0 
2 408 2628 
3 4132 4317 4360 
0 
1 192 
2 1655 3875 
3 1630 2907 3058 
1 4930 
4 167 1391 2398 3936 
2 1456 5003 
2 3294 4892 
2 1971 4547 
3 2158 3212 4701 
3 390 3992 4371 
0 
0 
1 4530 
2 214 4841 
2 543 2801 
3 206 1605 1642 
1 4360 
1 4019 
1 3806 
1 2065 
1 395 
3 1412 4177 4832 
3 125 1784 3237 
0 
3 965 3436 5194 
2 955 4043 
2 3203 3527 
1 2516 
2 1918 4049 
1 1697 
1 1641 
0 
2 1745 3081 
1 4067 
2 2382 2552 
2 1662 2181 
1 2655 
2 52 1288 
3 513 1354 5132 
1 4647 
2 1013 4261 
5 575 1708 3341 3491 3877 
5 2511 3063 3649 4135 5013 
2 3059 3422 
2 608 1402 
1 372 
4 820 1892 2066 2297 
4 440 972 2811 4941 
3 2561 3874 3953 
0 
2 1427 3054 
1 3909 
2 1567 4384 
0 
2 957 2494 
1 1559 
2 1491 3331 
0 
1 3783 
2 1099 5155 
3 300 3281 5044 
4 619 2629 3577 4339 
1 1613 
0 
3 975 1892 4114 
3 1121 1954 4369 
2 416 4526 
3 1110 2804 4286 
3 3699 3719 4674 
0 
4 209 653 2151 4299 
4 877 881 1661 4615 
4 782 1210 1404 1406 
3 395 1233 2255 
1 4933 
3 212 3961 4280 
1 3304 
4 506 1778 2325 3370 
4 106 955 1536 3410 
5 127 828 2410 3726 5186 
1 963 
4 2001 3319 3598 4533 
2 555 5081 
5 27 643 674 2332 3094 
2 2143 3916 
1 3781 
4 1839 2201 3245 5182 
2 3083 3766 
3 1497 3639 4184 
1 3557 
4 2523 2900 4642 4794 
1 3918 
1 3251 
2 329 1380 
0 
4 874 2297 2594 4734 
2 922 1288 
4 646 1255 2035 3236 
3 658 1220 4056 
2 219 3969 
2 1869 4682 
2 2040 3847 
4 1716 2090 3742 4357 
1 1195 
1 5069 
4 2214 2971 3263 3972 
0 
4 1388 4164 4790 5072 
0 
2 3270 4424 
1 559 
3 1535 3639 5078 
2 1915 4042 
6 616 1080 2402 2610 2681 5053 
0 
4 1956 2162 3314 5008 
1 4342 
0 
0 
2 860 4814 
1 4833 
2 1166 3306 
4 1333 1743 2072 3356 
5 1574 3351 3977 4094 4458 
2 2638 5180 
2 3764 4400 
4 1000 3280 4147 5174 
4 534 938 3294 4746 
3 1615 2614 2910 
3 1273 1560 2975 
2 4299 4707 
1 3139 
0 
1 4552 
3 2867 3264 4147 
3 240 4325 4549 
2 893 2055 
2 2298 4328 
2 1627 2120 
1 43 
5 854 2749 4641 4961 4962 
0 
2 90 3575 
3 688 1998 3232 
3 402 694 2958 
1 1459 
3 1269 1439 2370 
2 554 3850 
3 573 1589 2353 
0 
4 257 4067 4375 4867 
0 
2 265 2846 
3 4421 4707 5014 
3 79 1024 4498 
2 1667 3796 
2 1702 3662 
2 1888 2470 
2 516 3721 
5 1219 2247 2306 3721 4943 
2 261 3053 
3 841 3425 4350 
3 1336 4554 5063 
3 1201 1876 2021 
2 199 1185 
3 3208 3627 5007 
4 536 2615 2836 4600 
1 3508 
3 2667 3095 3391 
5 892 2401 3759 4250 4555 
1 4008 
3 456 3723 4737 
1 2007 
1 740 
1 2040 
2 354 1572 
2 3715 3769 
3 972 2982 3033 
2 1563 4565 
1 3619 
1 4755 
3 674 1423 3541 
3 430 2162 4143 
4 382 823 1031 3381 
0 
2 1804 2564 
4 156 661 759 3926 
3 1174 2265 4993 
3 570 3942 5159 
1 164 
1 5027 
3 1816 3342 3986 
1 3559 
1 1772 
0 
6 83 734 795 2825 2904 4840 
4 288 2125 4195 4874 
4 882 2813 2816 4182 
2 2372 3511 
2 2452 4126 
3 2094 2738 4318 
3 523 2924 4686 
3 1095 3088 4724 
4 930 2637 4070 4078 
1 759 
3 2765 3581 4968 
4 9 1266 4191 4528 
3 270 5123 5132 
5 727 1205 1664 1831 4639 
2 561 949 
1 441 
1 2905 
2 2479 3133 
1 623 
3 2789 2836 2976 
4 0 667 3920 4610 
2 2264 4379 
3 480 781 4667 
1 5145 
1 3789 
2 3532 4051 
2 305 4519 
3 3236 4708 5019 
4 1586 2262 3592 4853 
2 390 3567 
2 2657 4490 
0 
2 289 2838 
3 3036 3091 3101 
2 1450 1840 
1 2987 
2 741 3627 
4 2126 2356 4455 4466 
5 1461 1724 3717 3965 4180 
4 783 3715 3861 4599 
2 600 4250 
2 407 4177 
3 2198 3067 4309 
3 1440 4141 5173 
4 1077 2502 2739 4918 
2 4032 4988 
3 1289 1480 2750 
4 737 1439 2096 2428 
3 2496 2565 2829 
2 436 4850 
3 121 936 2416 
1 3425 
4 1467 2698 2733 4150 
1 2566 
3 1654 2272 3609 
4 374 686 714 3047 
2 4140 4641 
2 1009 2118 
2 546 5194 
4 693 3161 3695 5177 
1 4874 
2 1798 1803 
2 3045 4726 
2 2242 2748 
2 1651 3335 
1 4529 
4 227 915 1044 2903 
0 
1 2506 
4 610 1725 2310 2539 
3 1106 2644 2908 
3 175 1403 4344 
3 1157 2338 2510 
4 973 2090 3372 4865 
1 2305 
4 165 2907 3299 5138 
3 1151 2602 3274 
3 2854 3403 4742 
0 
3 3337 4928 4998 
1 1157 
2 3154 3650 
2 245 4749 
3 557 4748 4756 
3 1071 2024 3656 
2 1657 3899 
4 1129 2998 3367 5179 
0 
1 393 
2 805 1609 
3 549 2056 2093 
4 228 683 3468 4328 
0 
3 1493 4684 4922 
1 4271 
2 1670 4388 
2 119 2124 
3 224 918 1674 
2 1610 4598 
5 386 1785 2666 2814 3541 
1 2908 
3 2081 2929 4595 
2 135 4686 
1 494 
4 1398 2602 2746 3585 
0 
4 397 533 3809 4757 
1 2245 
1 1228 
2 670 3486 
1 1839 
3 2553 4113 4179 
1 708 
5 680 1350 1656 4356 4375 
3 360 1139 3015 
0 
4 864 4601 4628 4798 
2 2114 4786 
3 572 3344 4944 
1 2404 
2 205 3776 
1 5182 
4 372 1400 3984 4464 
2 2973 4450 
5 119 663 985 2534 3265 
5 1174 2353 2499 2549 3872 
4 389 786 1299 1440 
3 368 1641 2194 
1 4338 
2 2395 2910 
1 2555 
2 273 977 
6 1989 2476 2818 2840 3665 4233 
3 532 1790 3013 
0 
3 1863 2182 3441 
3 1 1025 1360 
2 1223 3135 
3 397 2713 3605 
4 870 917 2325 5086 
2 1121 3538 
4 3122 3150 4019 4806 
2 1761 3150 
6 2257 2533 3263 3734 3898 4859 
2 1170 2412 
4 23 72 1064 2896 
0 
3 1592 4011 4651 
3 99 1602 1919 
3 787 1049 3495 
2 2228 4632 
3 1230 3137 4665 
3 123 2586 2681 
6 804 1167 1930 2435 2902 4650 
2 3332 4464 
0 
2 709 4540 
3 1844 2498 4625 
2 912 5043 
2 4564 5114 
6 63 351 508 2107 4014 4074 
2 874 1680 
3 1770 2217 3462 
0 
5 1978 2812 3093 3268 4641 
2 2318 5132 
2 2249 3331 
4 1354 1535 1673 2240 
1 3846 
3 987 4693 5027 
6 1316 1431 3292 3392 3464 4181 
4 123 1042 1331 2040 
0 
1 3882 
2 2297 3777 
7 1265 1427 2236 2885 3571 3710 4549 
1 1082 
1 1855 
2 3942 4406 
6 1355 1556 2228 3675 4144 4810 
2 1533 1908 
1 4397 
1 1091 
1 472 
0 
2 1333 3342 
2 2314 4079 
3 2332 2507 4413 
0 
4 808 4081 4230 4939 
2 3572 3795 
0 
3 4377 4447 4979 
3 3361 4672 5039 
3 410 1918 3864 
1 521 
3 721 1480 2211 
3 156 2736 3166 
2 217 5045 
4 2800 3363 4267 4995 
2 1 4005 
1 2189 
2 621 1594 
3 1593 1881 4060 
1 2645 
4 1038 2377 4210 5008 
5 722 751 2512 4943 5198 
4 1292 2334 3164 3355 
2 1757 2749 
3 392 3221 4466 
2 2306 4643 
4 596 1263 4105 4399 
1 1325 
1 4801 
3 528 2053 4830 
0 
3 1597 2256 5004 
2 1716 4252 
2 1028 4046 
2 650 739 
1 2690 
5 1035 1166 1583 3942 3960 
5 300 873 2535 3761 4624 
5 470 943 2403 2970 3113 
2 1843 2786 
2 1882 4859 
2 893 3521 
3 40 3351 3702 
4 1143 1301 2801 4903 
1 5150 
7 320 380 2552 3086 3208 4009 5023 
2 36 1654 
2 2694 3953 
1 575 
0 
1 2299 
3 4094 4252 5107 
2 1971 2667 
4 1346 2763 3212 4331 
0 
4 341 1953 4160 4392 
3 453 1009 3423 
2 1626 4547 
2 1245 3118 
2 437 2503 
2 522 3996 
1 5 
2 4995 5025 
0 
2 1573 4234 
5 876 1589 2241 2398 3326 
4 1780 1896 2153 4518 
2 2951 4989 
5 723 1494 2114 3058 4379 
4 969 1211 1615 3158 
4 2066 2336 4983 4993 
3 1597 2602 2660 
3 3044 3419 3472 
4 348 377 4320 5017 
4 909 1733 1881 2828 
2 4350 4843 
4 224 692 1709 4069 
0 
1 904 
3 4509 4588 5152 
2 342 4859 
2 3214 4480 
6 776 988 1042 1053 1353 4317 
2 2488 4540 
2 3668 5182 
2 3144 4514 
2 2841 4452 
2 1471 1992 
1 2726 
2 2386 4326 
0 
2 2580 3248 
2 2890 2979 
3 285 1298 1491 
2 842 4850 
0 
3 1699 2494 4831 
1 4097 
1 1948 
5 2684 3476 4458 4539 5149 
2 1218 4053 
3 235 735 2608 
3 1427 2445 2831 
1 3887 
6 967 1298 1322 3026 4587 4767 
2 1790 4530 
0 
2 800 1608 
1 4876 
2 404 2423 
3 3323 4790 5156 
0 
1 3093 
1 3449 
4 987 1080 1281 1463 
1 1839 
4 2089 2637 3725 4929 
3 833 1368 4512 
3 1648 2786 2913 
2 13 96 
1 771 
1 3123 
1 2460 
2 2365 4331 
1 1317 
2 3333 3502 
5 1109 1601 1966 2405 4262 
2 1157 1189 
3 199 4410 4933 
4 714 2310 2677 5036 
2 1330 2959 
2 881 4176 
3 1221 1446 2526 
6 246 256 477 2568 4542 4958 
4 1328 3091 4067 4423 
1 3280 
1 1439 
3 466 1944 5161 
3 1453 1660 3038 
1 2028 
3 1578 4261 4293 
1 2976 
4 101 3385 4176 4348 
0 
1 523 
2 1281 3932 
3 466 1111 2501 
4 420 715 2591 3320 
3 158 1369 1917 
1 526 
6 521 1098 1332 1468 2260 2584 
1 3053 
1 89 
4 254 811 4860 5000 
1 2474 
2 2088 3103 
3 745 4405 5193 
5 233 1084 2790 3027 3275 
3 3345 3574 4971 
0 
4 719 876 1710 1885 
2 570 2068 
0 
2 2374 3052 
0 
5 992 3621 3854 3930 4819 
4 906 2458 3088 4169 
2 338 2991 
2 2101 2441 
5 719 2372 2841 2914 3332 
3 1126 1909 4989 
0 
1 1350 
0 
3 3166 4098 4815 
0 
0 
0 
2 301 1136 
1 4949 
2 45 985 
0 
4 3717 4510 4535 4922 
0 
1 1235 
6 358 1163 1853 3506 4403 5064 
3 299 4506 4772 
0 
3 870 2247 4441 
2 4866 4911 
3 837 942 4409 
2 77 3410 
3 1980 2150 4682 
3 1910 2330 2464 
5 1135 2034 3896 4390 4678 
2 1290 4165 
2 2306 3154 
2 635 1173 
3 155 2656 3871 
2 4791 5026 
2 927 2595 
3 70 3083 3919 
2 4010 4652 
2 1227 1763 
4 798 3173 3460 4150 
3 1808 3493 4204 
8 398 1037 3719 3956 4429 4679 4861 5046 
4 340 2022 2297 3347 
4 379 2268 3420 3505 
1 4025 
2 2710 2791 
2 344 4506 
0 
1 3258 
1 5154 
4 472 1598 2815 4423 
4 226 2404 4295 4407 
0 
3 2039 4457 4715 
0 
1 1483 
3 313 339 983 
1 3585 
9 727 1473 2284 2704 2915 3420 3728 3951 4381 
3 1724 2053 2351 
3 2425 4079 4314 
2 3640 3736 
1 4565 
2 207 4077 
4 1554 3436 3534 3785 
2 3518 4106 
3 3127 3645 4113 
2 3138 5019 
2 946 2675 
2 2309 2586 
2 1054 2909 
0 
4 1252 1872 2827 3047 
1 2685 
5 865 2499 2500 2778 3784 
4 1445 4298 4704 4992 
4 199 1272 4122 4551 
1 2727 
4 1179 1301 3861 4669 
3 4722 4788 4931 
2 330 3448 
4 250 504 1211 4660 
2 1477 2483 
0 
3 2830 3099 4909 
1 1550 
2 681 3531 
3 1714 3238 5021 
4 1898 3227 4983 5120 
2 2679 4958 
6 1674 1792 2086 2922 3037 3790 
1 2445 
3 870 943 1749 
0 
0 
2 811 4833 
2 3007 3269 
4 19 3045 3089 3808 
3 1790 4428 4732 
5 1363 1449 3794 4403 4804 
3 629 858 5046 
4 615 2613 2699 4899 
2 98 4851 
0 
3 1670 2290 2318 
0 
2 4240 4916 
2 1144 3511 
3 801 1061 2965 
5 912 2249 2726 4237 4968 
4 1659 1941 4178 4654 
3 3126 3929 4110 
3 2259 2756 4255 
1 1962 
2 677 699 
2 1027 3629 
2 1698 1706 
5 395 923 1210 3574 4625 
3 2515 2767 4660 
4 626 2040 2086 3726 
3 116 2845 4912 
5 2316 2832 4159 4826 5074 
1 5111 
1 3129 
4 2174 3555 3917 4834 
0 
6 385 988 1000 3703 4015 4667 
3 790 2791 3859 
2 634 2858 
0 
2 988 4850 
4 380 2056 3628 4628 
1 832 
0 
1 3698 
2 2265 4361 
5 345 1993 2453 4296 4606 
4 1743 2118 2756 3701 
1 1047 
5 592 4255 4620 4758 5192 
2 1412 2342 
1 4735 
1 276 
3 1029 2579 4289 
1 2538 
1 4945 
5 214 1076 3111 5037 5108 
2 1152 3131 
4 147 267 489 2862 
2 1904 2881 
2 2533 4152 
3 416 1003 2342 
5 2216 3379 4084 4195 4303 
3 857 4034 5002 
2 1411 4349 
1 145 
1 3296 
1 2831 
2 601 3983 
4 2 302 1322 2109 
6 1106 1794 3472 3512 3672 3767 
5 466 2487 2633 4292 4821 
4 1245 2872 3917 4286 
2 2567 4526 
0 
5 1179 1757 2019 2982 4599 
5 541 1618 1962 3284 3333 
3 144 2185 3551 
1 164 
2 2399 3807 
1 359 
4 1860 2493 4570 4607 
0 
4 1008 1270 3611 5015 
3 2295 3306 4819 
1 3224 
6 176 761 2154 2420 3789 4290 
2 1359 2607 
2 4161 4615 
0 
6 418 1424 1827 2330 2513 4567 
1 1552 
2 451 2542 
3 1612 1749 4332 
2 2540 2728 
2 4012 4904 
1 270 
0 
3 60 1836 5102 
1 4518 
2 4530 5068 
2 86 514 
1 1077 
4 2138 3910 4044 4516 
2 740 2544 
4 2176 3673 4232 4697 
3 376 3917 5130 
6 438 2062 3456 3878 4145 4241 
2 366 1294 
0 
3 1328 1780 2914 
1 1871 
1 1419 
1 3150 
4 1868 2000 4308 4696 
0 
2 568 5051 
5 411 2137 2212 3082 4693 
4 1074 3310 4684 5025 
1 1697 
2 1521 2272 
5 261 985 2475 3476 5151 
3 3098 3952 4928 
3 886 906 2449 
1 2274 
3 143 1287 4564 
0 
5 1181 1453 2408 2649 3549 
5 795 3684 3734 4074 4097 
4 270 332 3261 4166 
1 2991 
1 1192 
2 260 5144 
1 270 
2 1722 4774 
1 3242 
3 3780 3842 4542 
1 1614 
4 377 922 989 2395 
1 2653 
2 1946 2806 
2 532 1159 
1 1531 
3 2640 3453 4568 
1 2106 
2 2267 4146 
2 1725 3670 
2 2730 4201 
0 
3 619 2315 2384 
1 5047 
1 2813 
5 366 1135 2057 2651 5083 
2 999 4587 
3 309 2123 4943 
1 4039 
3 1644 2886 4630 
3 291 1880 2994 
3 770 3280 4115 
3 1375 1556 1633 
2 1402 4867 
1 3614 
3 599 1655 3115 
2 2538 4216 
2 1167 3268 
4 628 1125 1584 3096 
4 564 1774 2064 3200 
5 710 1707 3186 3763 4071 
0 
3 731 3401 4222 
5 21 767 1194 2708 4221 
1 2844 
0 
1 2965 
2 935 2446 
1 2249 
1 4124 
4 330 3305 4222 5173 
6 173 956 1892 2562 2933 4245 
3 1308 2581 4628 
5 10 153 190 891 1572 
0 
0 
2 1966 3921 
3 124 2945 3313 
3 897 2116 2946 
1 5061 
0 
2 2642 4428 
2 1872 2340 
1 3367 
0 
0 
5 1378 1452 3305 3604 4510 
3 288 2177 3144 
2 3558 4713 
4 1282 1845 2950 4910 
3 2 477 1174 
2 2887 3690 
1 4924 
1 1984 
0 
4 63 123 3403 5053 
4 1405 2191 2614 2830 
5 370 1204 2186 2281 2336 
3 300 3666 4951 
4 707 1500 2204 2662 
4 1446 2370 4256 4992 
1 1551 
6 1691 2467 2621 4568 4887 5138 
2 304 2495 
3 3661 4051 4434 
2 1244 4523 
0 
1 1523 
3 535 2863 4034 
0 
1 3486 
4 1473 3163 3532 3688 
2 2739 4255 
0 
3 1560 1878 2998 
1 4352 
0 
0 
2 3300 4588 
1 828 
3 1533 2377 4280 
0 
0 
4 438 1493 1599 5109 
3 1718 2609 4318 
1 903 
1 3321 
3 1051 1174 5015 
2 1812 4063 
1 4498 
2 339 833 
2 3403 3889 
0 
6 1417 1979 2558 3445 4489 4663 
0 
4 271 3490 4650 4980 
2 1654 4968 
2 578 2457 
3 584 2044 3333 
2 335 1728 
3 1601 1714 4610 
1 1361 
0 
0 
3 103 486 4353 
2 306 4420 
4 482 1891 2093 3965 
2 4064 4584 
3 1735 1786 4613 
5 831 1377 1644 1727 2008 
6 118 656 1283 1602 1787 4873 
1 1091 
1 351 
0 
4 313 1468 3778 4139 
3 477 1747 3957 
2 728 1968 
3 1754 3472 4399 
2 14 3505 
3 650 2202 3057 
2 1022 1591 
2 2958 3523 
1 311 
5 73 582 1856 2026 2406 
4 1302 4188 4418 4619 
3 846 3311 4591 
0 
6 746 851 880 2902 3577 4167 
6 2396 2444 3025 3766 4948 5194 
1 1215 
1 1951 
0 
1 2885 
4 3858 4282 4364 4404 
4 270 952 2890 4477 
2 1698 4530 
1 2498 
3 1107 2805 3057 
2 3563 3689 
3 424 3129 4212 
2 1550 4513 
2 4094 4739 
2 285 5163 
4 97 427 1296 2090 
2 199 3690 
4 1553 1689 2071 3924 
2 2595 3449 
4 966 2042 3281 4836 
3 1714 4140 4199 
4 262 1985 2052 3821 
2 2593 4432 
2 1311 1793 
5 183 328 2294 3045 3729 
1 1573 
0 
1 1426 
3 1759 2337 3316 
1 548 
1 754 
2 274 1018 
1 1611 
6 631 1772 2847 3388 3713 4788 
1 514 
1 3040 
1 990 
1 949 
3 2588 3647 3950 
0 
2 1267 2412 
2 509 2547 
1 1842 
5 5 300 487 1174 3077 
1 1308 
4 1262 1546 3166 4590 
1 1882 
1 3790 
0 
4 862 3306 3459 4367 
2 2801 4674 
1 775 
2 1445 2625 
0 
4 17 2995 3188 3470 
1 4573 
4 2324 3627 3931 4775 
3 1272 2395 4513 
2 921 4609 
3 310 877 3372 
4 712 2327 2433 3663 
3 795 1065 3515 
2 670 4595 
2 2534 3871 
2 2834 4183 
3 1763 1929 1944 
1 1234 
1 2468 
4 22 2709 4232 4506 
2 622 2709 
3 231 1712 4778 
3 886 2136 2897 
4 795 1092 3727 5074 
2 3629 4957 
4 160 1571 4218 4701 
1 4440 
1 3947 
7 510 729 1751 2650 3108 3332 4568 
3 1355 2696 3649 
3 1308 4018 4452 
2 1436 2419 
3 313 1814 3232 
1 3171 
0 
1 2985 
3 917 3094 4328 
2 501 1850 
3 124 3226 3991 
0 
5 1858 1885 4103 4345 4733 
2 1673 4257 
3 1545 3239 4634 
2 1099 3373 
4 3280 3539 5059 5152 
3 13 1972 4854 
2 3484 4503 
3 759 1282 2881 
2 3729 4784 
2 473 831 
3 3206 3290 3751 
2 116 1118 
2 2877 3542 
2 1519 3618 
2 3784 4927 
3 2002 4457 4578 
0 
3 553 1462 1724 
3 148 3691 4084 
2 4084 5137 
0 
3 1673 2466 5106 
3 782 1758 2132 
1 1641 
2 326 1174 
4 172 4149 4598 4822 
2 1352 1881 
3 1143 2388 2948 
3 780 3625 4482 
1 5009 
1 3728 
2 3774 5134 
4 1456 2070 3077 3478 
2 1335 1796 
3 700 1240 3052 
0 
2 2866 4331 
2 1012 4821 
0 
3 3113 3503 3648 
4 1942 2723 4394 4577 
1 3454 
4 729 1147 2353 2503 
2 896 1517 
3 458 2274 3018 
2 2353 4184 
3 3286 4391 4494 
3 1292 1686 3668 
0 
7 2 276 2207 2261 2777 4564 4786 
5 1116 2373 2463 4131 4394 
4 2221 2925 3834 5145 
4 1651 2780 4338 4386 
6 1519 2106 2411 2850 3778 3898 
4 398 1024 2461 2755 
4 53 774 1277 4218 
2 2370 3653 
1 4477 
1 3259 
5 397 458 1630 2809 4642 
4 13 1215 2674 3949 
1 4355 
2 1222 2811 
2 2159 2593 
2 1055 4109 
4 1000 2160 4059 4344 
4 1080 1645 2119 4972 
1 3648 
2 2324 2623 
2 727 1502 
1 3986 
1 4097 
5 2296 2814 3495 4662 4813 
0 
3 968 1489 4397 
2 1733 2506 
4 157 3087 4166 4556 
2 3211 3349 
2 2228 4576 
0 
2 1804 4369 
3 1654 2066 3868 
4 2895 3938 4386 4697 
1 4523 
5 27 806 2259 4134 4308 
3 364 1433 2192 
2 1979 3358 
0 
3 663 1733 3846 
4 37 538 2547 3254 
2 2383 3547 
0 
0 
3 1429 2302 4453 
3 59 1468 4635 
2 2864 3418 
4 1611 2914 3932 4332 
1 3918 
1 1271 
0 
4 469 2247 2395 4297 
2 2995 4004 
2 3755 4337 
4 1386 3360 4530 4589 
2 2457 4729 
0 
1 3805 
0 
1 4695 
2 2413 3733 
4 1094 3721 4057 4781 
2 1571 2103 
1 5138 
1 1646 
1 2240 
1 1005 
4 1352 1356 1527 4947 
0 
2 1520 4765 
1 3661 
3 1892 2106 4106 
2 2881 4509 
5 1063 1310 1648 1803 3797 
1 2991 
0 
1 4679 
2 3834 4048 
1 67 
1 3427 
2 580 4051 
4 5 437 1883 3711 
2 4610 4926 
0 
1 3709 
1 1620 
1 4055 
2 615 2416 
0 
2 3447 4026 
2 2969 3540 
5 706 2472 2497 2748 4731 
1 361 
2 2558 3614 
4 273 1971 3044 4278 
2 3269 3937 
3 421 443 747 
3 291 872 1549 
2 291 1787 
1 1454 
2 1456 2257 
0 
4 573 598 2096 3274 
1 2066 
0 
1 773 
2 916 1193 
1 3509 
1 2416 
1 5134 
2 3250 4677 
3 414 913 5186 
4 1456 2543 3103 3165 
1 10 
5 899 1269 2461 3811 4964 
2 983 4375 
2 1547 4635 
1 4809 
2 1248 3287 
3 2590 2707 4611 
1 469 
1 231 
3 2394 3861 4298 
2 1836 2984 
2 739 2789 
4 43 1247 1874 2435 
3 1485 3408 3631 
1 1681 
2 3640 4577 
2 2520 2956 
1 1668 
3 3132 3697 4151 
2 1265 2787 
1 2157 
3 1866 3519 3859 
2 1326 2024 
2 919 941 
1 1932 
2 624 4685 
6 102 1207 1310 1678 2435 2738 
8 812 1913 2336 2905 3336 3982 4151 4304 
2 1300 2449 
5 1094 1190 1998 4974 5101 
2 789 2713 
0 
4 732 2257 3459 4962 
3 4214 4788 5055 
0 
1 433 
0 
2 1887 3277 
2 516 980 
1 4711 
3 928 4162 4994 
3 1207 2309 3004 
2 2457 3155 
2 3096 3858 
1 4423 
2 716 4368 
5 718 1245 3375 3840 4700 
4 788 1232 4403 4947 
3 640 2416 3462 
4 232 419 3382 4538 
1 4003 
1 4434 
0 
2 555 2929 
4 1236 1513 2592 4132 
4 133 1185 1382 2466 
2 3042 4461 
0 
2 2026 4868 
1 2660 
0 
2 718 3364 
1 1950 
3 1755 3777 3862 
1 3152 
4 1202 1919 2268 3647 
3 940 2236 3520 
4 711 2066 2213 3283 
3 3424 4182 4756 
4 75 3090 3585 4070 
2 1720 3540 
1 1432 
4 691 1108 1674 4198 
2 1147 2385 
5 478 1808 2773 3194 4225 
3 1600 1856 4068 
4 1282 1872 2566 3056 
8 447 1138 2226 2842 3521 4030 4260 4408 
1 3473 
1 3490 
2 2475 2708 
2 4023 5103 
1 2460 
1 1411 
2 35 2876 
3 1325 1500 3511 
3 819 1637 1920 
1 4628 
4 1674 2242 2581 4480 
6 2156 2721 3649 3968 4197 4854 
2 59 1835 
1 2706 
5 1008 1041 2212 2775 3863 
3 42 2164 4345 
1 1079 
2 1 3 2 1 3 2 2 1 2 2 3 1 3 1 3 1 3 1 3 3 2 2 3 1 1 1 2 1 1 1 1 1 2 2 3 1 1 2 2 1 3 2 1 3 1 1 2 1 1 2 1 1 1 2 1 1 1 3 2 2 2 1 3 2 1 2 1 1 2 2 1 1 2 2 2 1 1 1 2 3 2 1 2 3 1 2 2 1 2 1 1 1 2 1 1 2 1 2 1 2 2 1 4 1 2 3 2 1 2 4 2 1 1 1 2 1 1 1 2 2 1 1 3 3 3 1 2 1 1 1 1 1 1 3 3 1 1 2 3 1 1 1 1 2 2 2 1 2 2 2 1 1 1 2 4 1 3 1 1 2 1 1 2 2 1 1 3 1 1 1 2 3 2 1 2 1 1 1 1 2 1 2 3 1 1 1 2 1 1 1 2 2 1 3 1 4 4 2 3 1 2 1 1 2 3 3 1 2 1 1 1 3 1 3 2 3 3 1 1 2 1 2 1 2 2 1 1 1 1 2 4 4 1 2 1 2 1 1 1 3 1 1 1 3 1 1 1 1 2 4 2 2 1 1 2 3 2 2 2 1 1 2 2 1 1 1 1 1 1 3 2 1 3 2 1 3 1 1 2 1 1 3 1 3 1 3 1 3 1 1 1 1 1 3 2 2 1 1 2 1 2 2 1 3 2 1 1 2 3 1 1 3 3 1 2 2 1 1 1 3 3 2 1 2 2 2 2 3 1 1 1 1 2 1 1 1 2 2 2 2 3 2 2 3 2 3 1 2 2 2 2 1 1 3 1 1 1 2 1 2 1 1 1 1 1 2 1 2 1 1 2 1 3 1 2 1 2 3 3 3 1 1 1 2 1 3 2 2 3 3 2 3 1 1 4 2 3 2 1 2 1 1 2 2 1 2 3 3 1 1 2 1 2 1 1 2 1 2 1 1 3 1 1 1 1 2 1 1 2 1 1 1 3 1 1 1 3 1 2 2 3 1 3 2 1 2 1 1 2 1 2 3 2 1 2 1 4 3 1 1 1 1 2 1 1 3 2 1 3 1 2 1 2 1 1 1 3 2 2 3 3 1 2 1 4 1 1 1 1 3 2 2 2 1 1 1 4 3 1 2 1 1 2 3 1 1 1 3 3 2 1 1 2 3 1 2 1 1 2 1 2 1 1 1 3 1 1 2 1 4 2 2 1 2 1 1 1 1 2 1 2 2 2 2 1 1 2 2 1 1 1 1 1 1 3 1 2 2 2 2 3 1 1 3 4 1 1 4 1 2 1 4 1 1 3 3 1 2 1 2 1 2 3 2 1 2 2 1 1 1 1 1 4 1 1 2 1 3 2 2 2 2 1 1 1 1 1 1 2 2 1 1 2 2 2 2 1 1 2 2 1 2 2 2 3 3 3 3 3 2 2 2 1 2 1 1 3 1 1 2 1 1 2 3 2 3 2 1 2 2 2 2 1 1 1 1 2 3 1 1 3 3 1 1 1 1 1 2 2 2 2 4 1 3 2 2 1 1 2 1 2 1 1 1 1 1 1 2 2 1 1 3 2 1 1 2 1 1 1 1 2 2 1 1 2 1 1 2 2 2 1 2 2 3 1 2 1 2 1 1 2 2 1 1 2 1 4 1 2 2 1 1 1 1 1 2 3 1 4 2 3 2 1 2 2 1 1 2 1 2 2 2 1 2 2 1 1 3 1 2 1 1 1 3 2 1 2 1 2 1 3 1 2 4 1 2 1 1 2 1 1 2 2 1 3 2 1 3 3 2 1 1 2 2 2 1 2 1 1 1 1 2 1 3 2 2 2 1 1 2 3 2 1 3 2 2 2 1 1 1 1 1 1 1 1 3 2 2 1 1 2 2 3 1 1 1 2 1 1 2 1 2 1 1 3 3 1 2 1 1 2 2 1 2 1 1 2 3 1 2 1 1 1 2 2 2 1 3 1 1 1 1 1 3 1 1 1 2 1 3 1 3 1 1 2 2 4 2 1 1 1 1 4 1 1 2 1 1 3 3 1 1 1 1 1 1 1 1 2 1 2 1 1 2 1 2 2 2 2 2 1 1 1 3 1 1 1 1 2 2 2 3 1 2 2 1 1 2 2 3 3 3 1 1 1 1 1 2 1 1 1 1 2 4 3 2 1 1 3 1 2 1 3 1 1 3 1 1 1 2 1 2 3 2 1 2 1 1 2 2 3 1 3 1 1 1 3 1 1 1 3 1 2 1 1 2 1 3 2 2 1 3 2 2 2 1 1 2 3 1 1 3 2 1 1 1 1 2 1 1 3 1 2 2 4 1 2 2 1 2 2 2 1 1 2 1 1 1 1 1 2 3 1 1 1 2 2 2 2 1 3 2 1 2 2 1 1 1 2 1 1 3 1 1 2 1 1 2 1 1 3 1 2 3 1 1 2 2 1 3 2 2 1 1 2 3 1 1 1 3 2 1 2 3 1 2 2 2 1 1 1 3 3 2 1 2 2 4 1 2 1 1 3 1 2 1 2 3 1 1 1 1 1 2 1 4 1 3 4 1 1 3 2 1 2 1 1 1 4 1 1 1 1 3 3 1 3 1 2 1 4 2 2 1 1 2 2 1 2 1 2 1 1 1 1 1 2 1 1 1 2 2 3 2 2 1 3 3 2 1 2 1 1 1 1 1 4 1 2 3 3 2 2 2 2 1 1 1 2 1 2 1 1 4 2 2 1 1 2 3 1 2 2 3 3 1 1 1 2 2 3 3 3 1 1 1 1 3 1 2 2 2 2 3 1 1 1 2 2 3 2 1 1 2 1 1 1 1 1 1 2 1 1 1 1 1 1 3 3 1 2 1 2 2 1 2 1 1 2 2 2 3 2 1 1 1 2 1 1 1 3 2 1 1 1 1 1 2 1 1 2 1 1 2 1 1 1 1 2 2 1 2 3 2 1 2 1 2 1 2 1 2 1 1 1 2 2 2 1 1 3 2 4 2 1 3 1 1 2 2 3 2 4 1 1 1 3 1 1 2 1 1 1 1 3 1 1 1 3 1 1 2 1 1 3 2 3 1 1 1 1 1 2 1 1 2 1 1 1 1 2 3 1 1 1 3 3 1 4 1 2 2 1 2 2 3 1 3 1 2 3 1 1 1 2 1 1 1 1 3 1 1 1 2 2 2 2 1 1 1 2 3 1 1 1 1 2 2 1 2 2 4 2 3 2 1 1 1 3 3 2 1 1 1 2 1 2 1 2 4 1 1 1 1 2 3 1 2 2 3 1 1 2 3 1 3 1 1 2 3 1 1 3 1 1 2 3 3 1 1 4 1 2 2 1 2 3 3 1 4 1 2 3 2 3 1 2 1 2 1 3 2 1 1 1 1 1 1 3 2 1 3 3 1 1 1 1 1 1 1 2 2 1 2 1 2 1 1 1 1 2 1 2 1 1 2 2 2 1 3 1 3 2 1 1 1 1 1 1 2 2 2 1 1 1 1 2 2 3 3 1 1 3 2 2 1 3 1 2 2 1 2 1 2 4 2 2 2 2 1 2 2 2 4 1 1 1 2 2 2 2 1 2 1 1 3 1 1 1 1 2 1 1 2 3 1 1 2 2 3 3 1 2 2 1 1 1 3 2 3 2 3 2 1 3 1 1 2 3 2 1 4 1 1 2 3 1 2 1 3 2 1 3 1 1 3 3 1 1 2 1 1 1 2 1 1 3 1 2 2 1 2 1 4 3 1 2 1 3 1 1 1 2 2 1 1 3 2 2 2 3 1 1 1 3 3 1 1 1 1 3 1 2 3 1 1 2 1 3 1 3 1 2 1 1 1 3 2 1 1 1 3 3 1 2 2 2 1 3 3 1 2 3 1 1 2 3 1 1 3 2 1 2 2 2 2 2 1 1 1 1 1 3 1 2 2 1 2 2 2 3 2 2 2 1 4 2 3 1 3 2 1 2 1 2 1 2 1 2 2 2 1 3 1 1 1 1 2 1 2 2 1 1 1 1 2 1 1 2 3 2 4 1 1 3 2 1 2 1 2 2 4 1 4 3 1 2 1 1 3 2 1 3 2 1 2 3 2 2 3 1 1 2 3 2 2 2 3 1 1 1 1 2 1 1 1 2 1 1 1 2 1 1 1 1 2 1 1 2 2 2 2 1 2 2 1 2 1 1 3 1 2 2 2 1 1 1 1 1 1 1 1 2 1 1 3 2 1 2 1 3 1 1 1 2 2 2 2 1 1 3 1 1 1 1 1 2 2 1 1 2 4 1 1 1 3 1 2 1 3 3 2 1 1 1 2 1 2 2 1 1 2 1 1 3 2 1 1 3 1 1 1 1 1 1 1 1 1 1 2 2 2 2 2 1 2 2 1 1 1 1 2 2 3 1 2 1 2 2 2 2 3 1 1 1 2 1 1 1 1 1 2 1 2 1 2 1 1 3 2 2 2 1 1 2 3 2 4 2 2 1 1 2 2 4 2 2 1 2 1 2 1 2 1 2 1 1 4 2 1 3 2 1 1 1 1 1 2 2 2 3 2 2 4 1 1 2 1 3 4 2 2 3 2 3 2 3 2 2 1 3 2 1 2 1 3 2 1 3 3 2 1 1 3 1 1 2 2 1 3 2 4 4 1 1 3 2 1 2 1 1 1 1 1 2 2 3 1 1 2 1 1 2 1 2 2 1 1 2 2 1 2 1 1 2 1 1 1 1 2 3 2 1 2 1 2 1 2 1 1 3 2 2 1 1 1 2 2 2 1 1 1 1 2 1 1 1 3 1 1 1 1 1 3 2 1 1 2 1 1 2 1 1 1 1 2 3 1 1 1 3 2 2 1 2 1 1 2 1 2 1 2 3 1 1 1 3 3 1 1 3 3 1 2 1 1 3 1 1 1 2 1 1 1 1 2 3 2 1 2 1 3 2 2 3 2 1 1 2 3 2 3 2 1 1 2 1 1 1 1 2 3 1 1 1 1 3 1 2 2 2 2 1 1 3 1 2 1 1 1 1 3 1 1 1 1 1 1 1 2 1 1 1 2 1 3 1 1 1 2 1 1 1 2 1 2 2 1 2 3 1 1 1 2 2 4 1 1 1 1 1 2 3 2 2 3 2 1 1 1 1 3 3 2 1 2 1 2 2 1 2 1 1 1 1 2 1 1 1 3 2 1 1 1 1 1 4 1 2 1 2 1 3 1 2 3 2 1 2 4 1 1 2 2 2 2 1 1 1 1 1 1 3 1 4 2 2 1 1 3 1 3 1 2 2 1 2 4 1 1 3 1 2 2 2 2 1 1 2 1 2 1 3 1 2 1 3 1 2 1 2 3 1 3 2 1 1 1 2 3 3 2 1 2 2 1 1 1 1 3 3 2 2 2 1 2 2 1 3 1 2 2 2 1 1 4 1 2 1 4 4 2 2 4 1 2 1 2 2 2 3 1 3 1 2 3 2 1 1 3 2 2 2 1 2 1 2 3 3 1 1 2 2 2 3 1 1 1 1 3 2 2 3 1 1 2 2 1 2 1 2 2 1 3 1 1 3 1 2 1 2 1 3 1 1 4 1 1 3 2 2 1 2 1 2 2 3 1 3 1 2 1 2 1 3 4 1 4 3 2 4 2 1 3 2 1 1 2 1 1 1 1 3 2 1 2 1 2 3 2 1 1 2 1 2 2 1 2 2 1 2 1 2 1 2 1 1 1 4 4 3 2 3 1 3 2 2 2 1 2 1 2 1 4 1 1 1 3 1 1 1 3 3 1 2 4 3 3 1 3 2 1 1 2 1 2 2 3 1 1 2 1 1 1 3 1 1 1 1 2 4 1 2 1 1 2 1 1 1 3 1 2 2 1 2 2 3 1 2 1 1 1 2 1 1 1 1 1 2 1 1 2 3 1 1 4 1 1 2 1 1 4 1 2 2 1 2 2 2 2 3 1 3 2 2 3 1 2 1 4 2 2 1 2 3 3 3 1 2 1 2 2 3 1 1 2 2 1 2 3 1 1 1 3 1 1 3 1 1 1 2 1 1 3 1 1 2 1 2 2 2 2 1 3 2 1 1 2 2 4 1 1 1 2 3 1 2 1 2 1 1 1 2 2 1 4 1 2 3 2 1 1 2 1 1 1 2 2 1 1 1 1 2 1 1 2 1 2 1 2 3 1 1 2 1 1 1 3 4 1 2 2 1 1 1 3 2 1 2 1 3 2 3 1 1 3 1 1 1 1 4 1 1 1 1 3 2 2 1 1 2 1 3 1 2 1 1 1 1 1 1 2 2 1 2 1 1 1 2 1 2 1 1 2 3 1 1 1 1 2 3 1 1 2 2 2 2 2 1 3 1 1 2 1 1 3 1 2 2 1 1 1 1 1 1 2 1 1 1 2 3 1 2 1 3 3 1 1 3 3 1 1 1 2 3 3 1 3 1 1 2 1 3 3 1 1 2 2 1 1 1 1 3 2 2 1 1 4 3 1 2 3 2 1 2 2 1 2 1 1 4 1 2 1 2 2 1 1 1 1 2 1 2 1 3 3 3 2 1 2 1 5 1 1 1 2 2 3 2 1 1 1 1 3 1 1 1 1 1 2 2 1 1 2 1 1 2 2 1 1 2 2 2 2 1 3 1 1 1 1 1 1 3 3 1 2 1 1 2 4 2 1 1 2 3 1 1 2 2 2 1 1 1 4 1 1 1 2 3 3 2 2 3 1 1 2 1 1 1 2 1 2 2 2 2 1 2 1 1 1 4 1 1 2 1 3 1 2 1 2 3 2 2 1 1 2 1 1 1 2 2 1 2 2 2 1 1 2 2 2 1 1 2 1 2 1 1 1 1 1 1 1 2 2 1 3 4 2 3 2 1 3 1 3 1 1 1 2 1 1 2 2 1 1 1 2 1 3 1 3 1 2 1 1 1 1 1 2 1 1 3 1 1 1 1 1 2 1 2 2 1 2 3 1 1 3 2 3 1 2 1 1 3 2 1 3 1 1 2 3 1 2 1 2 1 2 1 1 1 2 3 3 1 1 2 4 1 4 3 2 1 1 2 2 2 2 3 1 3 1 2 3 2 3 3 1 3 1 1 3 2 2 2 1 2 1 1 3 2 3 2 2 3 2 2 1 2 3 2 1 3 1 2 2 2 2 2 2 1 1 1 1 1 2 1 2 1 1 1 1 1 1 1 1 1 2 1 3 2 3 1 1 1 3 1 2 2 1 2 1 2 1 2 1 4 1 2 1 1 1 2 3 1 1 3 2 2 1 1 3 1 2 2 1 1 1 2 2 3 1 2 2 2 1 2 1 1 2 1 2 1 4 1 1 2 1 1 2 1 3 1 2 1 3 1 1 3 3 2 1 1 1 1 1 1 1 1 3 2 2 1 1 1 2 3 1 2 1 2 5 1 2 4 2 2 2 1 3 1 3 1 1 3 3 2 3 2 1 1 1 1 2 1 1 1 4 2 2 1 3 1 1 3 2 1 2 3 2 2 1 3 1 4 1 3 2 2 3 1 4 2 5 2 1 2 4 1 1 3 2 3 2 2 3 1 2 2 2 3 1 1 1 2 2 2 1 3 2 1 1 2 3 2 2 2 1 2 1 1 1 2 2 3 1 2 1 1 1 1 1 4 2 1 2 4 3 1 1 2 1 1 2 2 1 1 1 3 1 1 2 1 1 1 1 1 1 1 1 1 1 2 3 1 1 1 2 1 1 1 1 2 1 2 2 3 1 2 3 4 2 1 1 2 2 1 2 4 1 1 4 3 1 2 2 3 1 1 1 2 4 1 1 2 2 1 1 3 1 4 2 1 3 1 1 1 1 1 4 1 1 2 1 3 1 2 2 1 2 1 1 1 1 1 1 2 1 1 3 1 2 1 2 2 1 4 2 1 1 1 1 1 3 1 2 1 1 1 1 2 1 2 1 1 1 2 1 2 2 2 2 2 1 1 2 2 1 2 2 1 2 2 2 1 2 1 1 3 3 4 2 3 2 2 1 3 1 3 1 3 3 2 1 1 1 1 2 2 2 2 2 1 2 2 1 1 2 1 1 3 1 3 1 1 1 1 3 3 1 2 2 1 1 1 2 4 1 1 2 2 2 1 2 3 1 1 1 1 2 2 1 2 2 1 1 3 1 2 1 2 1 2 2 2 2 1 2 3 1 1 2 1 1 1 2 3 1 3 1 2 1 3 1 1 1 3 1 1 1 3 2 3 1 2 2 1 2 3 1 1 3 1 3 2 1 1 2 2 1 1 1 3 4 2 3 3 2 2 1 1 2 1 1 2 1 3 4 1 1 2 1 1 1 2 2 1 1 2 2 2 1 1 1 2 1 3 2 1 1 1 1 3 1 4 1 1 3 1 1 2 1 2 1 2 1 2 1 1 1 2 1 2 3 1 1 2 3 1 1 1 1 1 3 2 3 2 1 1 2 1 1 1 1 2 1 1 1 1 2 1 1 1 1 2 2 2 3 4 3 2 1 1 1 2 3 1 1 2 1 2 1 2 2 1 2 2 1 1 3 1 1 3 1 1 3 2 2 2 2 3 3 1 1 1 2 1 4 2 2 1 1 1 1 1 1 1 2 1 1 1 1 2 3 1 2 1 1 1 3 2 1 2 1 1 3 1 1 1 3 3 4 2 2 1 1 1 2 1 1 1 1 1 1 1 4 2 4 1 1 1 1 2 1 2 3 2 1 1 2 3 2 4 1 2 1 2 1 1 2 2 3 1 2 1 2 2 1 1 1 2 1 1 2 1 2 1 1 1 2 3 1 1 1 1 1 2 2 1 1 1 2 1 3 1 1 1 3 1 1 2 1 1 1 2 1 1 3 1 1 2 1 3 1 3 1 1 1 2 2 2 1 1 1 1 2 1 2 2 2 1 1 1 2 1 1 1 1 1 1 2 1 1 1 2 1 1 1 2 1 2 1 2 1 1 1 1 2 1 3 1 1 1 2 1 2 1 2 1 1 2 2 3 4 2 1 2 2 2 2 2 3 3 1 1 2 1 1 1 2 1 1 1 2 2 2 1 1 1 2 3 1 1 3 1 2 2 1 1 2 1 2 2 2 4 1 1 1 1 1 1 1 2 2 1 1 2 2 2 1 2 3 2 1 2 1 2 3 1 1 3 1 2 1 1 1 2 2 4 1 1 1 1 1 1 1 2 3 3 1 1 4 4 2 3 2 2 1 1 2 2 2 2 2 2 1 1 2 1 3 1 1 2 2 1 1 1 2 2 1 1 1 1 1 1 2 2 2 1 2 2 2 2 2 3 1 2 2 1 1 1 1 1 2 2 2 1 2 3 1 1 2 1 1 1 1 1 1 2 1 3 1 1 1 1 1 3 2 3 2 2 1 1 3 2 1 2 1 1 1 4 1 2 1 1 1 1 3 1 2 1 1 2 2 1 1 1 2 3 1 1 1 2 2 3 1 2 1 2 2 2 1 2 1 1 2 2 1 3 1 1 2 2 2 3 2 2 1 1 3 1 3 1 1 1 3 3 2 1 2 1 1 2 1 1 3 3 1 2 1 2 2 1 2 2 3 1 3 1 2 1 3 1 2 2 1 2 2 1 3 1 2 1 2 1 1 1 1 1 1 2 1 2 1 3 4 1 3 2 2 1 2 1 1 1 1 2 1 1 3 2 2 1 2 2 2 1 2 2 3 3 1 1 1 2 1 1 1 2 3 1 2 1 1 2 2 1 3 1 1 3 1 1 1 2 4 1 2 1 2 1 2 1 2 1 1 1 2 1 3 2 1 3 1 2 1 1 3 2 1 2 1 3 2 1 2 4 3 1 2 2 1 2 2 1 1 2 1 1 1 1 3 2 4 2 2 1 2 2 2 2 2 1 1 1 1 3 1 2 1 2 1 1 2 1 2 1 3 1 1 3 2 1 4 2 3 2 2 1 4 3 4 1 2 2 3 2 4 1 2 2 3 2 1 1 1 1 2 2 1 1 4 1 1 1 2 2 2 2 3 1 1 2 1 1 2 1 1 1 1 1 3 2 2 1 1 1 2 1 1 1 4 1 2 1 1 3 2 2 2 1 1 1 3 1 1 1 1 1 2 2 2 2 2 2 4 2 1 4 2 2 1 2 3 1 2 3 1 1 1 2 2 1 1 4 1 1 2 1 3 1 1 1 3 1 2 1 2 1 2 3 1 1 3 3 1 2 1 2 1 2 1 2 3 2 3 1 2 2 3 1 3 1 2 2 1 1 1 1 1 3 2 1 1 1 1 1 1 3 1 1 3 2 2 1 1 2 2 2 1 1 1 2 1 4 1 1 2 3 1 2 5 1 1 1 1 1 3 3 1 2 2 2 1 1 1 3 2 4 1 1 1 1 1 4 1 2 1 2 3 2 1 2 1 2 1 1 2 1 2 2 3 1 1 2 1 3 1 1 1 2 4 1 1 2 1 3 1 1 2 2 2 1 2 1 1 2 1 2 2 1 3 3 3 1 1 1 1 1 1 3 2 4 1 1 1 1 1 1 2 2 2 1 1 2 2 2 2 1 1 1 2 1 2 1 2 1 1 1 2 1 1 1 2 1 1 2 2 1 1 2 1 2 1 2 1 2 1 2 1 1 3 2 3 1 2 1 1 1 2 1 1 2 1 2 1 2 2 3 1 1 1 2 3 2 1 1 1 1 1 2 1 1 1 2 1 1 3 3 2 3 1 1 1 1 2 2 1 1 2 1 1 1 2 1 1 1 2 3 1 3 1 1 1 2 3 1 1 1 2 1 1 1 2 2 1 1 1 2 2 1 1 2 3 3 3 3 4 2 2 1 1 1 1 1 2 1 2 1 2 1 1 1 1 1 2 1 3 1 1 3 3 2 1 1 2 1 1 2 1 1 1 1 2 1 1 2 2 2 1 1 2 2 3 2 1 1 3 1 1 1 1 1 2 2 2 4 3 3 2 3 3 2 1 4 3 1 1 1 1 1 2 1 1 3 1 2 1 2 2 3 2 2 1 2 2 1 3 2 2 1 1 2 1 1 1 1 1 3 1 1 2 2 2 1 2 2 1 4 1 3 2 1 1 3 1 2 1 1 2 2 2 2 3 3 1 1 1 2 2 2 1 2 1 1 1 1 3 1 1 1 2 3 2 1 2 1 2 1 1 1 2 2 1 3 2 2 2 2 1 2 3 2 1 2 2 3 2 2 3 1 3 3 2 1 2 3 2 1 1 1 2 2 1 2 1 1 2 4 1 2 2 1 2 1 1 1 3 1 2 3 2 1 2 2 2 2 2 3 3 1 1 1 2 1 1 2 3 1 3 2 2 2 1 1 1 2 1 3 1 1 1 2 1 1 1 1 1 3 2 1 1 2 2 1 1 1 2 1 3 4 2 1 1 4 3 1 2 1 1 2 1 1 1 1 1 1 2 1 1 1 1 2 1 3 1 4 1 1 2 2 2 1 1 4 1 1 1 1 1 1 1 2 1 2 2 1 1 1 2 2 2 1 2 1 4 1 1 1 1 1 1 1 2 2 4 1 1 1 1 1 2 2 1 1 2 1 1 2 2 1 1 2 1 2 2 1 1 1 1 1 1 4 3 1 2 1 1 3 4 1 1 1 1 1 1 3 3 1 1 2 1 4 1 1 3 1 1 1 2 3 3 2 1 1 1 1 1 1 3 1 2 1 3 1 1 1 2 2 2 1 2 3 3 1 1 1 1 2 1 1 3 2 1 2 2 3 1 1 1 2 
