m 1700
2 60 1287 
1 1383 
4 390 609 884 1476 
1 22 
0 
1 1094 
3 611 1033 1534 
3 529 1096 1430 
2 585 1631 
3 197 664 1060 
3 267 272 1073 
3 132 167 1183 
2 687 1560 
0 
1 476 
3 180 363 1438 
4 27 496 774 1205 
3 88 680 1319 
3 378 811 1537 
5 58 1062 1328 1438 1691 
3 279 1425 1518 
1 1015 
1 3 
2 1326 1388 
1 1516 
0 
3 246 1479 1534 
4 16 278 964 972 
2 944 1185 
1 1409 
1 1516 
2 390 759 
0 
4 126 798 1255 1397 
6 149 178 582 898 1338 1591 
0 
4 941 1333 1645 1693 
1 988 
4 208 777 1018 1683 
4 141 513 759 1455 
4 98 139 886 1500 
4 137 316 479 643 
2 1058 1278 
4 148 555 1223 1620 
0 
1 1370 
3 229 309 1078 
2 169 235 
0 
5 300 328 645 1219 1449 
1 1105 
6 356 546 640 729 1148 1152 
3 90 388 946 
2 292 321 
4 851 961 1172 1327 
2 345 394 
1 1244 
3 482 720 1155 
3 19 955 1261 
1 567 
3 0 776 976 
3 520 837 1638 
2 578 903 
2 992 1167 
3 152 286 1418 
4 158 232 314 386 
1 1195 
6 304 326 353 788 1617 1630 
4 346 559 1188 1608 
2 895 1662 
2 1329 1627 
0 
2 441 1402 
1 165 
3 769 945 1489 
3 182 681 1350 
2 193 1278 
3 210 706 1608 
3 196 261 646 
4 627 1251 1409 1691 
1 1176 
2 391 1450 
4 566 700 1064 1543 
1 754 
2 286 442 
4 179 629 1027 1140 
4 167 322 1253 1369 
1 1133 
3 17 535 675 
2 912 1012 
2 52 1020 
2 1006 1654 
2 371 1585 
0 
4 166 503 611 618 
2 631 1618 
0 
4 926 996 1062 1673 
3 40 482 920 
3 258 723 1685 
2 334 1586 
1 380 
2 160 1224 
2 1119 1382 
1 190 
2 380 1034 
3 890 1341 1367 
0 
6 621 1002 1280 1321 1479 1490 
3 1028 1046 1626 
3 427 1307 1454 
0 
4 1006 1047 1649 1664 
0 
3 197 566 718 
4 546 1049 1230 1586 
4 1044 1068 1353 1636 
2 1095 1574 
1 1015 
2 1182 1212 
2 710 867 
0 
0 
2 886 931 
1 501 
1 717 
3 33 846 1103 
2 1010 1220 
5 154 851 1065 1556 1683 
2 1403 1453 
2 1200 1235 
1 687 
4 11 406 431 1151 
5 445 1104 1120 1321 1490 
1 841 
5 274 472 476 1509 1591 
0 
5 41 664 1178 1376 1690 
3 285 428 800 
3 40 747 1446 
1 515 
1 39 
4 236 1130 1477 1549 
1 391 
2 498 1448 
2 1267 1557 
1 239 
2 583 1642 
5 43 522 996 1147 1554 
4 34 1358 1409 1618 
2 159 545 
2 826 1276 
3 64 334 364 
1 1662 
3 128 371 1684 
1 1036 
0 
1 503 
2 65 1636 
5 150 231 293 993 1465 
4 102 835 1081 1231 
4 277 1015 1131 1445 
3 247 611 1038 
6 398 437 782 1014 1165 1190 
2 315 1300 
3 73 638 1516 
3 94 815 1131 
4 11 86 665 1326 
2 671 687 
4 47 689 994 1512 
3 252 673 944 
3 404 478 1197 
1 436 
4 432 1076 1146 1458 
4 823 1276 1356 1663 
2 433 1470 
4 486 761 822 1358 
1 919 
2 34 342 
2 85 1537 
1 15 
0 
4 75 208 821 970 
2 320 1354 
1 1101 
1 1522 
3 451 994 1222 
1 587 
3 193 1221 1338 
0 
5 104 340 915 1175 1526 
1 1451 
3 301 542 1490 
3 76 188 665 
5 442 772 884 1224 1241 
3 439 834 1341 
6 78 201 897 967 1343 1378 
6 9 114 256 547 798 1064 
2 861 1094 
3 1089 1301 1358 
2 548 1665 
2 196 329 
1 631 
5 356 912 1247 1353 1472 
3 751 1547 1554 
2 249 1417 
2 327 1546 
4 853 1071 1169 1438 
6 38 182 353 661 814 1568 
4 213 360 452 1165 
2 77 1084 
1 1027 
1 390 
2 209 1512 
3 696 812 1684 
2 641 1518 
4 334 522 1450 1463 
2 1169 1512 
4 483 535 1082 1395 
0 
2 825 1297 
3 712 1310 1689 
1 1444 
3 1001 1300 1361 
1 1687 
2 336 1122 
2 1160 1284 
0 
4 501 1024 1434 1697 
5 46 532 866 1194 1552 
2 800 1088 
2 159 1257 
4 65 695 1050 1167 
4 560 646 761 799 
1 513 
3 47 660 1407 
2 142 703 
2 968 1660 
0 
1 146 
3 647 1203 1378 
1 936 
1 1398 
3 804 815 1056 
0 
2 1085 1376 
6 26 523 552 943 988 1053 
1 162 
5 867 872 1033 1298 1308 
5 205 255 421 717 1166 
1 1613 
3 743 922 1430 
2 170 403 
0 
3 466 739 1093 
3 249 368 655 
2 197 1138 
1 1191 
4 99 703 1309 1470 
0 
1 1674 
5 78 305 454 655 1527 
1 359 
2 1001 1285 
2 1195 1476 
0 
2 888 1694 
7 10 434 460 627 931 1296 1449 
1 906 
1 701 
1 1130 
1 1443 
6 10 345 440 949 1085 1680 
3 348 463 1311 
1 135 
2 470 1367 
0 
6 161 454 806 1469 1509 1647 
2 27 1463 
3 20 337 731 
4 688 1132 1144 1315 
2 438 649 
2 288 649 
0 
3 674 1030 1384 
2 138 560 
4 64 84 930 1171 
2 1129 1676 
3 282 727 1640 
1 1545 
3 328 649 1436 
1 909 
5 53 646 917 948 1478 
4 159 1453 1689 1691 
2 591 1592 
3 564 755 1174 
5 431 488 655 720 1470 
0 
1 1190 
2 493 788 
4 49 520 869 945 
2 192 1114 
1 1411 
1 317 
2 67 766 
3 261 554 1417 
0 
2 600 959 
2 532 1266 
3 46 774 1083 
3 634 1074 1352 
2 514 845 
3 1123 1314 1694 
1 1082 
3 65 373 618 
3 164 732 1310 
5 41 1041 1460 1635 1689 
4 303 762 795 855 
2 548 1568 
4 540 561 792 1399 
2 183 774 
3 53 910 1197 
3 86 1186 1607 
1 1375 
1 1339 
2 837 1478 
3 67 400 1172 
3 206 439 633 
2 49 290 
3 201 807 931 
3 418 668 699 
1 828 
2 645 1275 
1 460 
3 100 152 216 
0 
3 225 1424 1646 
3 279 491 1124 
3 914 1156 1157 
0 
1 190 
3 961 1202 1488 
3 178 642 1506 
3 795 910 1438 
3 371 480 1050 
4 55 272 691 896 
2 68 977 
3 982 1097 1117 
3 273 1322 1562 
3 601 810 1320 
1 927 
3 657 858 1143 
1 431 
4 67 208 1107 1116 
0 
2 1307 1493 
5 51 203 497 533 1375 
2 1025 1195 
1 960 
1 262 
2 209 1181 
2 906 975 
1 811 
2 15 454 
4 152 651 1197 1469 
3 512 757 768 
2 858 1677 
1 807 
1 255 
2 615 809 
0 
4 92 154 344 1562 
5 575 591 1325 1345 1452 
3 314 1583 1588 
3 632 852 968 
3 527 770 851 
2 844 853 
2 726 1235 
2 18 1554 
1 778 
3 101 105 714 
2 627 1695 
2 1068 1109 
0 
1 637 
2 942 1556 
3 65 1265 1372 
3 885 1513 1607 
3 52 521 971 
2 1023 1252 
6 2 31 212 988 1011 1498 
6 81 143 516 1025 1443 1548 
1 1225 
6 415 483 791 1239 1481 1681 
3 55 638 1678 
3 442 1288 1484 
1 1497 
2 449 571 
4 163 482 685 1090 
2 1224 1234 
1 326 
1 1229 
0 
1 252 
4 171 716 1470 1642 
3 465 968 981 
4 132 541 788 1563 
1 731 
1 1626 
1 459 
2 520 1356 
3 1144 1275 1574 
1 869 
2 1420 1624 
3 751 1243 1275 
3 393 928 1523 
2 1179 1259 
3 705 1126 1562 
4 330 624 796 1324 
1 1546 
3 577 1152 1673 
2 249 943 
3 1115 1397 1549 
0 
1 794 
1 1331 
2 834 935 
2 110 485 
1 138 
2 1092 1400 
3 737 1242 1313 
5 132 296 352 671 1577 
1 173 
3 175 776 1118 
3 267 641 1026 
0 
4 172 954 1405 1623 
4 163 487 737 959 
5 281 773 1025 1187 1281 
4 195 327 1133 1244 
1 272 
3 72 1146 1377 
5 84 194 395 1064 1656 
3 461 611 1545 
5 447 843 970 1022 1690 
7 133 627 1008 1052 1130 1304 1661 
1 1661 
2 444 1553 
2 918 1466 
4 397 646 673 1062 
0 
1 186 
2 209 1350 
3 467 694 1556 
3 261 277 363 
1 1386 
1 1576 
4 784 909 1586 1636 
1 719 
3 409 739 1386 
3 267 333 1230 
2 443 1072 
1 555 
4 273 1293 1364 1398 
0 
2 405 1180 
3 254 1543 1625 
4 453 513 712 1658 
0 
4 546 585 852 855 
2 275 531 
1 1071 
1 135 
1 621 
2 584 1049 
2 1033 1117 
3 14 135 892 
0 
1 171 
2 41 1370 
5 344 821 1052 1560 1676 
2 698 1343 
7 57 98 398 1056 1253 1318 1652 
4 218 393 947 1147 
2 906 1332 
3 427 596 1527 
3 176 815 904 
5 437 802 1268 1316 1531 
2 296 1683 
1 1243 
4 722 890 1241 1528 
3 337 670 1086 
1 835 
2 299 1676 
2 524 1356 
1 1697 
2 16 580 
2 356 762 
5 144 704 1053 1511 1611 
3 661 1477 1491 
3 896 1048 1381 
10 124 228 955 1048 1446 1460 1503 1522 1530 1669 
2 698 920 
3 94 157 721 
1 761 
5 520 742 1055 1090 1274 
1 762 
0 
3 645 1180 1459 
2 1503 1662 
2 728 1122 
2 559 899 
3 365 543 727 
5 39 234 467 896 1181 
3 311 810 1200 
2 140 1629 
3 391 1322 1428 
2 1202 1497 
1 1455 
1 578 
6 61 300 410 505 1266 1564 
3 388 1177 1337 
3 148 216 815 
4 246 1008 1172 1631 
3 494 722 1050 
0 
1 1373 
2 375 589 
1 1430 
2 7 777 
1 1120 
4 470 562 802 899 
6 229 308 588 813 1592 1619 
4 356 868 915 1318 
1 841 
4 88 218 902 1250 
1 1493 
1 1642 
1 1351 
1 1344 
1 319 
3 406 693 1069 
1 192 
5 512 599 610 1151 1197 
1 1214 
3 150 1105 1417 
4 51 115 469 759 
2 197 1303 
5 200 318 1424 1519 1619 
2 657 1125 
1 1595 
2 736 1507 
4 246 787 1045 1054 
3 733 953 1195 
6 305 708 940 1101 1343 1611 
4 43 462 782 1096 
0 
1 1107 
0 
2 68 511 
4 233 285 1048 1226 
4 319 1056 1068 1497 
3 531 671 1355 
1 700 
1 295 
4 1281 1375 1519 1614 
3 82 114 1503 
2 59 1628 
2 891 1092 
3 1044 1215 1662 
2 773 791 
1 397 
2 709 947 
1 1281 
1 828 
2 372 767 
1 1364 
2 420 1419 
6 62 519 646 846 891 1620 
2 942 1560 
3 496 744 1258 
1 1625 
2 34 1283 
4 147 1024 1292 1350 
3 474 803 1108 
4 8 469 1614 1626 
0 
7 187 683 729 753 1017 1289 1512 
5 532 1092 1301 1546 1609 
3 527 687 1670 
1 1070 
4 294 372 997 1305 
0 
2 867 1373 
2 673 980 
3 879 1276 1645 
3 485 657 1585 
2 680 754 
0 
3 543 1109 1436 
3 307 1195 1696 
2 349 1506 
0 
0 
3 816 946 1201 
2 613 1619 
1 1060 
2 658 1102 
2 638 1251 
1 2 
1 543 
6 6 94 162 443 817 823 
2 1631 1655 
2 605 1601 
1 1582 
1 369 
2 679 1690 
0 
6 94 314 656 701 1129 1172 
1 644 
2 947 967 
4 108 473 1025 1550 
2 1031 1242 
3 995 1510 1682 
1 418 
3 792 968 1582 
0 
5 79 267 381 445 684 
0 
4 85 951 957 1030 
2 956 1261 
7 95 202 673 914 1301 1387 1398 
2 374 1501 
1 327 
2 310 1069 
1 1183 
0 
2 384 1156 
4 165 394 608 939 
2 1064 1486 
2 51 1580 
2 215 434 
3 342 785 964 
3 41 1294 1361 
2 619 735 
3 49 332 508 
5 78 233 292 449 578 
3 240 918 1354 
1 1205 
7 281 282 290 956 1184 1247 1331 
1 1290 
5 364 907 1075 1369 1692 
1 1194 
2 768 1130 
0 
4 255 261 296 1437 
2 618 1077 
5 351 549 596 1369 1645 
2 607 1041 
2 1432 1519 
1 235 
3 208 499 803 
3 969 1131 1534 
1 873 
3 9 137 1484 
6 167 193 927 1025 1047 1314 
1 1199 
1 1439 
2 330 1659 
1 1607 
2 491 1433 
6 168 431 562 1240 1573 1646 
1 699 
5 170 449 594 631 1141 
5 284 981 1093 1291 1588 
1 88 
6 794 1052 1290 1385 1536 1586 
2 1063 1314 
1 734 
4 616 730 754 1107 
3 17 597 918 
1 75 
1 923 
4 587 699 760 1187 
2 627 1325 
2 398 1226 
0 
6 12 131 168 589 1181 1449 
1 280 
2 169 1683 
2 695 840 
1 345 
1 1105 
4 541 759 1130 1446 
2 453 1666 
2 232 690 
2 214 1106 
3 934 1383 1519 
3 481 502 847 
3 330 672 683 
2 82 563 
6 269 618 921 1410 1518 1606 
2 1087 1425 
5 236 258 760 922 1138 
1 498 
5 417 742 937 953 1274 
3 77 1182 1404 
1 1597 
1 554 
3 572 1178 1494 
4 120 1120 1161 1221 
2 1502 1522 
4 221 467 867 1529 
3 992 1021 1314 
2 380 1403 
0 
6 404 1016 1233 1333 1437 1516 
2 125 249 
2 114 990 
2 458 1670 
5 57 296 862 889 905 
3 503 1432 1641 
4 490 524 774 1270 
4 99 1098 1212 1664 
3 826 1066 1422 
1 812 
1 377 
3 288 512 1147 
5 510 860 894 1026 1038 
4 51 587 789 1107 
2 679 1101 
4 279 407 832 1008 
2 315 949 
2 553 1451 
3 678 1500 1521 
3 644 1552 1662 
2 551 1000 
4 430 437 1394 1555 
1 884 
5 254 459 906 1128 1289 
2 1450 1571 
0 
3 505 705 1197 
4 251 1405 1472 1630 
1 580 
0 
1 1050 
1 139 
1 1364 
0 
2 1067 1377 
2 204 414 
1 849 
5 587 1126 1130 1410 1597 
3 83 597 679 
1 295 
0 
2 365 1240 
2 934 1350 
5 31 39 546 693 1329 
4 683 703 1259 1413 
4 176 233 504 1335 
4 317 497 506 1505 
1 1545 
2 1230 1341 
3 1198 1217 1448 
2 304 816 
4 575 997 1222 1504 
3 365 653 1655 
2 74 1459 
2 375 779 
0 
1 194 
5 438 570 1097 1325 1412 
5 16 309 320 722 1295 
1 1613 
3 60 433 1294 
4 38 529 1170 1171 
1 379 
3 770 1291 1437 
2 1222 1457 
0 
3 163 555 1681 
2 1559 1602 
5 457 789 1014 1472 1666 
1 642 
0 
2 552 973 
6 67 299 406 1094 1150 1187 
4 729 784 1519 1617 
0 
2 393 570 
3 319 625 833 
2 1037 1070 
3 424 676 1015 
5 317 343 1332 1589 1660 
2 418 1543 
2 809 1546 
2 33 197 
1 233 
2 138 230 
2 1303 1425 
2 487 531 
2 584 661 
3 243 846 1660 
1 1658 
2 277 1123 
3 329 367 1479 
1 1581 
2 369 797 
3 349 514 1077 
2 18 362 
3 214 725 1674 
2 532 1234 
3 208 1222 1626 
4 166 243 486 522 
2 604 766 
3 611 1231 1516 
1 1375 
0 
1 1658 
5 182 480 970 1078 1247 
3 176 1270 1422 
2 174 611 
0 
2 220 1143 
2 151 724 
1 1303 
2 331 574 
0 
1 1186 
0 
2 731 1083 
2 792 1693 
2 195 426 
4 160 492 1288 1377 
0 
3 61 325 1161 
0 
0 
3 690 1246 1250 
2 134 534 
0 
5 444 1021 1234 1462 1651 
1 376 
2 311 1102 
3 126 578 804 
3 698 1102 1599 
0 
1 752 
2 882 1196 
3 54 128 375 
3 374 469 928 
2 207 376 
1 979 
2 317 469 
3 914 1284 1427 
0 
4 351 366 863 1173 
2 1411 1553 
1 728 
1 198 
1 720 
1 858 
0 
0 
2 229 1602 
4 120 248 593 712 
2 533 1691 
2 300 412 
2 1240 1557 
0 
3 248 1089 1222 
4 663 1202 1452 1691 
1 1157 
1 1087 
1 1585 
1 1245 
1 1415 
2 595 1196 
1 1053 
0 
2 850 1453 
2 949 1280 
5 2 194 738 1313 1439 
1 387 
3 40 123 955 
3 1346 1413 1460 
5 266 1071 1513 1572 1618 
1 720 
3 106 490 1132 
3 568 578 1194 
3 476 1035 1212 
2 1018 1412 
6 728 1113 1127 1277 1394 1448 
2 69 1442 
6 345 500 513 1408 1621 1638 
3 196 1183 1186 
1 34 
4 511 531 903 1059 
2 1450 1652 
0 
3 535 955 996 
2 62 899 
1 486 
2 720 1110 
4 268 361 484 739 
2 651 1639 
1 1261 
3 291 457 1423 
3 321 343 1217 
2 1378 1536 
3 89 203 1670 
2 1569 1693 
3 338 631 856 
4 190 533 999 1473 
0 
1 292 
4 448 647 680 1226 
3 177 1012 1279 
2 98 502 
1 701 
2 251 703 
2 682 1530 
1 1328 
2 1586 1629 
1 97 
4 350 665 1087 1487 
2 415 852 
4 981 1073 1352 1631 
2 286 1270 
6 123 267 329 1032 1329 1673 
1 1162 
0 
5 697 758 1582 1668 1689 
2 426 1247 
5 241 1256 1504 1600 1608 
1 705 
0 
1 638 
3 554 1321 1324 
1 36 
4 385 579 1027 1618 
5 246 421 1184 1224 1499 
5 28 170 953 983 1334 
4 74 300 1418 1575 
3 52 604 1024 
4 483 572 620 1666 
4 292 970 1121 1540 
3 272 732 883 
4 954 1035 1139 1542 
3 629 1105 1361 
0 
4 553 705 944 1529 
5 436 950 1100 1424 1461 
5 58 501 886 902 1449 
2 630 649 
2 629 1538 
1 1427 
4 307 437 1617 1642 
1 358 
2 54 341 
2 1131 1530 
3 1051 1530 1597 
4 27 642 1126 1559 
0 
1 1648 
2 196 620 
4 237 374 405 625 
2 662 971 
4 182 444 821 948 
3 388 969 1348 
2 27 1359 
2 787 1117 
4 1104 1106 1474 1531 
3 361 1587 1645 
4 60 1072 1076 1204 
3 346 1274 1278 
0 
2 854 1082 
4 594 1432 1568 1599 
3 405 674 929 
2 347 991 
3 944 1343 1670 
0 
1 1312 
2 1111 1140 
1 1421 
4 37 246 390 1271 
0 
1 718 
1 982 
2 63 713 
1 159 
4 169 186 1209 1239 
1 623 
5 97 148 902 1384 1635 
4 591 767 1010 1540 
2 1036 1382 
2 915 1562 
2 736 1002 
4 223 263 1056 1100 
3 108 1000 1667 
1 1158 
1 1521 
0 
5 91 112 1346 1544 1694 
0 
4 445 523 731 1326 
2 1298 1342 
3 127 997 1220 
2 390 1122 
3 89 919 1117 
0 
3 163 784 1639 
5 21 118 161 794 1110 
3 716 1339 1503 
1 587 
2 38 893 
1 1167 
3 90 1177 1439 
4 713 843 1103 1511 
1 444 
1 389 
6 228 583 946 1039 1430 1634 
5 357 391 438 621 665 
3 434 728 1249 
3 85 211 942 
1 109 
0 
2 284 629 
3 622 1094 1103 
1 931 
5 6 248 475 1063 1358 
4 105 1074 1077 1172 
2 892 950 
4 155 998 1076 1382 
1 793 
4 162 728 1231 1376 
2 1024 1652 
0 
4 316 658 1058 1111 
0 
0 
3 116 569 1356 
1 552 
1 109 
2 112 665 
3 500 501 560 
3 115 474 1122 
5 232 344 524 746 1193 
3 963 1145 1476 
3 445 480 676 
4 246 498 880 1267 
2 552 1554 
1 505 
5 243 482 561 1001 1079 
0 
2 42 1041 
1 899 
4 9 606 1279 1379 
0 
3 19 97 449 
5 677 1033 1104 1114 1449 
4 82 197 442 639 
4 128 1457 1646 1669 
2 724 1633 
2 750 1244 
4 116 382 561 1418 
3 541 634 1189 
6 590 793 1076 1149 1258 1536 
3 207 471 888 
4 461 976 1280 1352 
3 10 929 1521 
2 310 1034 
3 651 1180 1242 
5 173 976 1036 1070 1243 
4 656 810 1034 1569 
2 46 821 
2 1056 1587 
1 1308 
1 160 
6 218 313 979 1142 1349 1628 
3 309 832 1290 
2 210 1422 
2 245 272 
2 491 1383 
3 702 875 927 
1 230 
2 199 872 
2 398 505 
0 
4 429 568 588 1324 
3 254 674 1446 
5 5 198 788 1031 1380 
1 117 
5 7 555 1159 1399 1468 
3 347 773 1225 
1 723 
1 1286 
3 954 1001 1665 
3 184 554 730 
3 607 845 847 
6 126 1021 1031 1142 1389 1682 
3 133 974 1063 
5 50 545 692 951 1299 
2 696 974 
4 353 557 679 729 
2 584 1389 
2 382 599 
2 905 1015 
4 986 1041 1223 1604 
1 1119 
2 894 1378 
2 301 1063 
2 422 1166 
3 353 1253 1323 
5 347 475 973 1012 1470 
1 433 
2 103 1112 
4 133 530 710 1647 
2 948 1193 
5 225 510 1011 1049 1268 
4 312 806 1402 1676 
1 337 
4 549 1190 1269 1360 
3 417 753 964 
1 894 
3 739 1666 1669 
3 287 618 1697 
6 142 270 445 653 693 753 
5 161 166 662 962 1184 
3 280 890 1393 
2 87 439 
0 
0 
1 1677 
1 1166 
2 256 703 
2 950 1576 
4 85 986 1488 1494 
4 673 1243 1461 1500 
2 1082 1103 
2 351 825 
4 280 411 1566 1614 
2 1051 1325 
2 173 441 
4 148 483 727 1312 
3 51 1215 1667 
1 1070 
1 788 
2 132 543 
3 51 420 1415 
0 
1 1684 
1 57 
2 338 637 
3 338 874 1697 
1 1003 
2 1096 1398 
1 226 
2 710 837 
1 932 
2 1311 1368 
2 1233 1511 
3 163 209 1635 
6 249 1115 1137 1218 1266 1343 
3 63 232 1019 
1 1356 
4 207 217 1397 1523 
2 777 1647 
2 286 777 
6 54 326 523 618 1034 1656 
1 858 
1 295 
2 190 1324 
2 80 1439 
4 521 1020 1300 1319 
3 137 709 1272 
1 416 
3 465 508 1075 
5 360 513 687 1243 1496 
3 119 706 1648 
3 11 635 897 
3 649 943 1131 
1 28 
4 322 830 897 1324 
4 438 683 788 1594 
3 68 1419 1429 
2 1069 1327 
3 163 298 1125 
1 257 
0 
3 1050 1121 1460 
4 229 652 891 1218 
5 66 264 357 553 600 
2 850 879 
5 171 321 364 543 742 
3 765 1199 1643 
2 666 1198 
3 130 514 1348 
1 604 
5 341 517 873 1356 1548 
1 240 
3 976 1454 1506 
2 16 648 
0 
1 1658 
0 
1 994 
1 1477 
0 
4 119 723 892 1662 
0 
1 544 
3 569 1148 1688 
1 1470 
3 765 910 1301 
2 1166 1194 
2 49 1663 
5 127 1010 1253 1381 1465 
2 188 710 
5 186 767 780 814 872 
2 43 1111 
4 102 194 399 943 
2 392 1097 
3 560 685 918 
2 1515 1566 
1 1635 
3 401 1382 1427 
3 115 460 764 
3 160 817 1038 
0 
2 716 1164 
4 399 813 843 1553 
2 130 377 
0 
1 1432 
2 1409 1479 
3 393 994 1360 
3 671 757 870 
2 194 490 
3 430 622 1075 
5 414 489 1076 1141 1181 
3 56 439 1067 
2 877 1254 
1 840 
4 203 649 821 935 
0 
2 1026 1484 
2 535 840 
3 79 608 1376 
2 389 1332 
9 86 482 1116 1220 1255 1335 1511 1564 1676 
1 1245 
2 33 1253 
1 936 
1 231 
3 580 1070 1675 
3 416 760 1333 
0 
4 58 630 908 1458 
1 1540 
1 1667 
0 
1 386 
3 308 520 1166 
2 145 1053 
3 487 1122 1619 
1 1125 
4 722 822 930 1627 
1 988 
4 1178 1295 1651 1661 
0 
3 505 705 977 
3 332 411 414 
3 151 174 595 
3 894 1443 1643 
3 42 76 977 
2 919 1060 
3 108 883 1072 
3 438 565 573 
0 
1 582 
2 226 856 
1 263 
1 1099 
1 0 
3 395 835 1555 
2 587 739 
4 650 676 1083 1349 
2 674 779 
2 583 1553 
1 463 
2 643 776 
2 774 1272 
1 267 
1 220 
2 248 1009 
1 1105 
3 164 223 1177 
5 199 588 631 1217 1487 
0 
6 547 801 827 1314 1409 1691 
1 445 
2 591 1546 
1 1504 
2 110 355 
2 248 1080 
2 258 1665 
2 221 315 
2 273 1163 
4 985 1147 1425 1647 
2 430 884 
5 312 665 677 713 1303 
2 280 1636 
2 487 1619 
0 
2 482 533 
2 17 1177 
1 349 
3 108 133 940 
2 348 516 
1 1116 
6 418 940 1092 1175 1186 1528 
5 372 684 773 1145 1370 
3 23 167 1008 
3 54 1189 1458 
2 19 924 
5 70 759 931 1561 1691 
1 1351 
2 425 649 
3 484 795 1252 
3 36 716 1259 
3 944 1369 1484 
2 761 1253 
1 1657 
2 521 1592 
2 34 188 
2 324 1016 
0 
3 106 195 764 
1 1009 
5 196 481 554 983 1166 
1 539 
1 372 
2 887 1006 
1 1641 
2 971 1200 
2 1082 1290 
4 75 452 583 758 
3 538 1330 1510 
3 310 929 1072 
3 116 203 1368 
4 183 647 1391 1393 
1 562 
7 174 410 494 1044 1168 1202 1641 
0 
4 149 176 199 1033 
1 972 
2 1125 1239 
5 223 643 951 1487 1674 
1 1422 
0 
4 463 576 748 1442 
0 
0 
3 106 275 1418 
2 1163 1353 
4 86 651 657 1334 
4 45 479 1325 1666 
2 1403 1446 
1 386 
3 526 593 1403 
2 1589 1645 
5 323 356 565 818 1434 
6 137 245 1038 1251 1424 1547 
4 441 750 835 1454 
6 196 240 911 1113 1512 1575 
2 1060 1640 
1 1094 
2 500 1220 
4 103 998 1036 1229 
4 1 697 1086 1473 
3 284 996 1553 
1 676 
2 455 459 
1 631 
1 23 
2 1103 1108 
0 
2 1354 1684 
0 
2 1132 1354 
4 737 894 1451 1652 
1 218 
1 1618 
3 33 422 1169 
5 242 463 631 1159 1641 
2 319 1096 
1 429 
1 1436 
2 72 1123 
6 129 714 1371 1373 1558 1574 
1 706 
2 436 743 
0 
1 235 
2 896 1653 
5 29 79 149 1238 1303 
3 701 753 1643 
2 302 859 
3 773 893 1563 
2 760 887 
1 1554 
2 878 1152 
0 
3 205 305 545 
4 64 945 1068 1367 
2 577 1188 
1 413 
3 987 1429 1667 
4 724 822 1084 1362 
2 909 1616 
5 336 548 954 1376 1476 
4 20 702 801 1312 
0 
5 856 958 1229 1445 1514 
2 516 1685 
2 1188 1421 
4 7 251 528 1024 
0 
4 659 721 980 1237 
3 670 1633 1697 
2 228 1375 
1 1510 
4 290 599 1401 1551 
3 655 716 779 
4 15 19 207 343 
4 667 884 1020 1176 
0 
1 1611 
3 895 1364 1576 
3 271 391 1277 
1 222 
3 161 1427 1532 
5 139 501 693 1093 1371 
0 
3 144 765 894 
5 49 267 687 955 1063 
5 81 216 740 900 1604 
3 191 733 1394 
2 372 873 
3 129 293 882 
3 110 1204 1377 
2 39 518 
2 1578 1621 
2 780 1065 
4 173 1261 1327 1540 
3 508 769 1493 
4 316 501 887 1193 
2 954 1141 
2 843 1659 
3 216 278 1581 
0 
2 159 1220 
1 448 
0 
1 1096 
2 277 364 
7 175 258 296 404 1117 1216 1596 
0 
4 203 743 784 1476 
2 915 1383 
1 974 
0 
5 2 264 1051 1424 1472 
3 142 499 1210 
2 292 325 
4 26 108 807 1238 
0 
1 393 
0 
0 
4 395 664 1249 1334 
2 1490 1494 
1 639 
3 927 1301 1361 
2 341 1140 
1 74 
4 108 133 192 1485 
1 499 
0 
3 355 536 1459 
3 709 1140 1485 
1 1684 
2 1181 1547 
3 396 517 561 
1 390 
1 943 
3 40 734 1141 
2 632 1570 
1 711 
4 501 509 566 1016 
3 767 936 1306 
2 762 1607 
3 342 601 1204 
1 551 
0 
2 135 277 
3 623 1351 1435 
4 498 1021 1164 1253 
5 169 213 217 587 1378 
2 387 888 
1 1427 
1 1227 
5 24 30 165 716 817 
1 1661 
6 20 215 701 1595 1596 1644 
5 548 565 659 697 789 
0 
3 734 1004 1073 
5 185 501 711 1584 1594 
2 415 1169 
1 1639 
0 
1 190 
2 261 485 
2 490 1324 
2 712 953 
4 501 923 962 963 
3 487 974 1627 
2 1445 1570 
0 
5 6 26 662 1586 1611 
0 
3 676 911 1070 
2 18 179 
1 957 
0 
6 948 997 1262 1458 1665 1678 
0 
1 950 
3 82 466 796 
1 1006 
3 289 443 763 
5 206 419 588 797 1305 
4 204 1376 1496 1693 
2 391 1202 
2 142 422 
1 621 
1 1436 
4 229 735 1625 1643 
5 447 859 1234 1292 1384 
5 148 204 378 1054 1414 
2 737 1288 
3 128 385 453 
2 145 870 
1 1403 
2 783 964 
3 12 480 579 
1 1329 
5 348 371 417 999 1564 
2 406 1412 
3 520 1253 1562 
0 
2 1144 1227 
0 
3 208 318 980 
2 913 1077 
2 1501 1532 
1 740 
1 888 
1 671 
3 117 411 1403 
2 945 1378 
3 456 1139 1442 
1 431 
1 1456 
0 
1 640 
2 808 1463 
3 614 625 934 
2 373 1613 
1 1522 
3 92 596 876 
7 100 115 457 676 925 1534 1617 
2 975 1079 
3 373 674 1678 
2 795 1374 
0 
2 34 135 
3 294 532 1337 
0 
2 1187 1522 
2 550 1518 
2 1470 1518 
3 707 753 963 
1 1654 
2 847 980 
1 936 
1 613 
2 783 866 
0 
4 1111 1450 1605 1640 
1 1604 
1 701 
4 322 387 669 1505 
3 68 77 936 
1 588 
0 
4 498 554 1441 1534 
0 
3 250 775 1583 
3 565 585 1144 
0 
1 1423 
4 67 789 959 1586 
5 95 149 888 942 1396 
5 532 548 605 1268 1316 
2 43 578 
2 896 1456 
1 1697 
1 436 
1 413 
3 466 581 1552 
4 109 408 585 814 
4 70 1270 1531 1661 
2 567 1082 
2 515 925 
3 67 743 1673 
4 8 523 612 929 
0 
2 1066 1433 
1 1024 
4 316 996 1165 1228 
4 116 158 457 1315 
0 
2 61 896 
3 907 1014 1524 
3 288 1379 1604 
4 721 1347 1356 1398 
4 147 404 537 959 
4 1198 1277 1410 1552 
1 1518 
5 36 595 657 975 1374 
3 336 671 1065 
4 277 1120 1170 1312 
2 966 1182 
1 112 
0 
2 843 1272 
4 482 900 1039 1394 
1 1408 
2 91 1598 
2 612 768 
2 442 1172 
1 1336 
4 467 805 820 1207 
3 668 1462 1662 
3 237 795 804 
5 445 446 1272 1517 1627 
7 69 153 509 569 735 1212 1659 
2 174 1219 
2 112 723 
4 200 1100 1309 1540 
5 694 784 947 1128 1370 
4 1002 1148 1263 1421 
2 934 1692 
3 501 1065 1128 
4 589 719 912 983 
0 
0 
4 97 420 931 1630 
4 260 812 1361 1690 
1 1258 
5 287 480 493 1123 1253 
2 366 1136 
3 394 1540 1588 
0 
1 272 
2 393 782 
2 623 1103 
4 38 128 488 689 
5 154 214 1154 1391 1495 
2 99 1428 
0 
1 224 
1 1215 
4 221 293 316 934 
4 137 444 616 1674 
7 19 79 293 868 873 1303 1329 
2 651 1668 
4 36 833 913 1547 
3 266 312 1006 
1 381 
1 600 
6 228 495 1129 1157 1433 1622 
0 
0 
1 2 2 1 1 1 2 3 1 1 1 1 1 1 1 2 2 3 1 1 1 1 2 1 1 1 1 4 1 1 1 2 1 2 1 1 3 1 1 4 3 1 2 2 1 1 1 2 1 2 1 4 3 1 2 1 1 3 2 1 3 3 2 1 1 2 1 1 2 1 1 1 2 1 3 2 2 3 1 1 1 1 4 1 2 3 1 1 2 1 2 1 3 1 2 1 1 1 1 3 2 2 1 2 1 3 3 1 3 3 2 1 2 1 2 3 2 2 1 2 3 1 1 2 1 1 3 1 3 1 3 1 2 1 1 4 1 2 1 2 1 1 3 1 1 3 2 1 1 3 1 3 3 1 2 2 1 1 3 2 2 1 1 2 1 2 1 3 1 3 1 1 1 1 1 2 3 1 2 1 1 1 1 1 1 1 3 1 2 1 2 1 1 1 2 3 3 3 1 3 2 1 1 2 1 2 1 2 4 3 2 2 2 2 2 3 3 2 4 1 2 3 2 3 2 2 3 1 4 2 2 1 1 3 1 1 2 1 1 1 1 1 1 2 1 2 3 2 2 1 1 3 2 1 1 2 1 2 2 1 1 3 2 3 1 1 1 4 2 2 2 1 2 2 1 1 1 2 2 2 3 1 1 1 3 2 3 1 2 1 3 1 3 1 3 1 2 1 1 1 1 2 1 1 2 2 1 2 1 2 2 2 1 1 3 2 2 2 2 2 2 2 3 1 2 1 2 2 1 2 1 2 1 1 1 1 1 1 2 1 1 2 1 2 2 3 1 2 1 1 2 1 1 3 1 2 3 3 1 1 1 2 1 3 2 3 1 2 1 3 1 1 2 1 1 2 2 2 3 2 1 2 3 1 1 2 1 2 1 1 1 3 2 2 2 3 1 2 1 2 1 2 1 1 2 1 1 2 1 1 1 1 1 2 1 3 2 1 2 1 1 2 1 1 1 1 1 1 2 2 2 3 2 1 2 1 2 1 3 1 1 1 1 1 2 3 2 1 1 1 1 1 2 2 1 2 1 2 1 2 2 2 2 1 1 2 2 4 1 1 2 1 1 1 1 2 3 1 2 3 1 1 2 1 2 2 2 2 1 1 3 2 1 3 3 2 1 1 3 1 1 2 1 3 2 1 1 1 1 1 2 3 1 3 1 2 1 1 1 1 4 2 2 1 1 1 2 1 1 1 1 1 3 1 1 3 2 1 1 1 1 2 2 2 1 2 2 1 1 2 2 2 2 3 1 1 1 1 1 1 1 3 2 2 2 1 1 2 2 2 1 1 1 1 2 1 1 2 3 1 2 2 2 2 2 3 1 2 2 2 2 1 1 2 1 1 1 2 1 1 1 2 1 1 1 3 1 2 1 1 1 3 3 1 1 1 2 1 4 1 1 2 2 1 1 1 1 5 1 1 1 4 2 1 1 1 1 2 3 1 1 1 2 2 2 3 2 3 2 2 1 1 1 3 1 1 1 3 1 3 2 2 4 1 3 2 1 1 3 2 1 4 1 2 1 1 1 1 2 1 1 1 2 1 1 2 1 3 1 1 1 1 1 3 3 2 1 3 2 2 1 1 1 1 1 4 1 1 2 2 2 2 2 1 2 1 1 2 1 2 4 2 2 2 2 2 1 3 1 1 3 1 1 1 1 1 1 3 2 3 1 1 2 1 1 1 1 1 1 1 1 2 2 4 3 2 1 1 2 1 2 1 3 1 2 3 1 3 2 1 3 1 1 2 1 1 2 2 1 1 3 1 3 2 4 1 1 1 3 3 1 3 3 2 2 3 1 1 1 1 3 1 3 1 1 2 1 1 1 2 2 2 1 2 1 3 2 1 1 1 2 2 2 2 1 1 1 1 1 1 1 1 2 2 2 3 1 2 1 1 2 2 1 3 1 3 2 3 1 1 2 1 2 1 2 3 1 1 2 1 2 2 1 1 1 1 1 1 2 2 1 1 3 2 1 1 1 1 2 2 1 1 1 1 1 1 1 2 4 1 1 1 2 2 3 2 2 1 2 2 1 1 1 1 1 2 1 3 1 3 1 1 3 2 3 3 1 1 2 2 2 2 2 1 1 1 2 1 1 3 2 3 2 1 1 2 2 1 1 1 3 1 3 1 2 2 2 2 4 3 2 2 1 1 1 3 3 2 1 3 2 1 1 1 3 1 2 2 2 1 3 2 1 2 2 1 4 2 1 1 2 2 3 3 1 2 1 2 2 1 2 1 2 1 2 2 2 4 2 1 2 2 1 2 1 1 3 1 4 2 3 2 3 1 1 3 2 1 3 1 1 2 1 2 3 1 3 1 1 1 2 3 1 1 2 1 1 1 2 1 1 3 1 1 1 1 1 1 3 2 3 2 2 2 1 2 1 1 1 1 2 1 2 2 2 4 1 3 1 3 1 3 3 2 1 2 2 3 3 3 1 1 2 1 1 1 3 2 1 1 2 1 1 2 2 1 2 3 1 2 3 2 1 1 3 3 3 2 1 2 1 2 2 1 1 2 2 1 2 1 3 1 1 3 2 1 2 1 2 2 1 2 2 2 1 1 1 1 2 1 2 1 3 2 2 1 2 2 1 2 1 1 2 1 2 1 1 3 1 1 1 1 1 2 1 1 3 2 1 1 1 1 3 1 2 1 3 3 1 1 3 2 3 2 3 2 2 2 1 2 3 1 1 2 3 2 1 3 1 2 2 2 3 2 1 1 1 2 1 1 1 1 1 1 2 3 1 2 1 1 2 1 2 1 3 1 3 1 1 1 1 3 1 2 1 1 1 2 1 1 2 1 1 3 2 2 1 1 1 1 1 2 2 3 1 1 1 2 3 1 1 4 1 1 1 2 2 1 3 2 1 1 2 1 3 2 2 1 1 1 2 2 1 1 2 1 1 2 1 1 2 2 1 2 1 3 1 1 1 1 2 1 1 4 1 2 1 1 3 3 1 1 1 3 3 2 1 1 3 1 2 2 2 1 4 3 2 1 2 2 1 3 1 2 1 2 1 1 3 1 1 1 1 2 2 1 1 2 1 1 1 2 1 1 4 1 2 1 2 2 2 1 1 1 2 1 1 2 3 2 2 2 2 1 2 2 1 2 2 1 1 3 3 1 1 2 1 1 2 2 1 2 1 1 1 1 1 3 2 1 1 1 1 3 2 3 1 2 3 2 3 2 1 1 1 1 1 1 3 3 1 1 3 2 2 2 1 2 2 2 2 1 1 2 1 1 2 2 3 2 1 1 1 2 1 3 1 1 2 1 2 2 1 2 3 2 2 1 3 2 1 2 1 1 1 1 2 1 1 1 3 1 5 2 1 1 3 2 2 2 1 1 1 1 2 3 2 2 1 1 2 2 1 1 1 2 1 2 2 2 2 1 1 3 4 2 3 1 1 1 3 4 1 1 1 2 3 2 2 2 1 3 3 2 1 1 1 1 1 3 3 1 1 1 3 1 2 2 1 1 2 1 1 3 1 2 3 2 1 2 1 1 3 2 2 2 1 2 1 1 2 1 2 2 1 1 3 1 1 1 2 2 1 1 4 1 2 1 1 1 2 2 2 3 1 2 4 2 2 1 1 2 2 1 1 1 1 2 1 1 1 2 3 1 1 2 2 1 1 1 1 2 1 2 4 1 1 2 2 2 1 1 2 1 1 1 2 2 1 3 2 2 1 3 1 3 1 1 1 2 3 1 4 2 1 4 2 4 1 1 1 1 3 1 2 1 2 2 1 2 2 1 3 2 1 1 1 2 3 1 1 1 1 4 2 1 2 2 1 1 1 1 2 2 1 1 1 1 1 4 1 3 2 1 2 1 2 1 1 1 
