s 4900
1 395 
4 967 1955 2608 3930 
2 1753 2209 
6 1575 2672 3649 3741 4140 4679 
4 84 589 1259 4446 
0 
5 523 665 955 1107 3653 
4 942 2727 3764 4484 
1 3292 
3 1016 1493 2714 
2 322 631 
2 924 2211 
2 1660 3724 
3 55 956 3226 
3 1435 1553 4506 
3 4120 4176 4298 
1 4646 
2 1808 2006 
3 151 382 1651 
2 1928 4426 
1 1856 
0 
3 3517 4236 4822 
3 124 3511 4534 
5 3251 3334 4053 4418 4674 
1 3318 
3 407 930 2148 
3 506 4596 4624 
1 1173 
6 251 1025 2465 2993 3068 4631 
2 955 4656 
4 1733 2966 3300 4233 
4 797 1740 2684 3464 
1 596 
1 4826 
1 4418 
5 702 1618 2058 2540 3258 
2 1832 2415 
3 48 2855 4042 
3 914 1094 1453 
3 1314 2374 2708 
3 821 1415 3065 
3 236 760 2409 
2 2449 3437 
6 818 1253 2758 3974 4232 4891 
0 
2 693 1324 
3 695 2573 4802 
1 38 
5 1056 1805 2337 3171 4721 
2 1653 1928 
2 1448 4184 
1 4750 
3 1397 4106 4708 
2 1644 4524 
4 13 4328 4777 4798 
1 3638 
1 2863 
7 357 1005 1223 1263 2508 3972 4713 
2 4084 4253 
1 3725 
1 372 
1 4884 
2 593 4080 
1 598 
2 593 4330 
1 3151 
3 392 2172 2448 
2 810 2619 
2 230 1564 
4 786 1487 2553 2999 
4 701 1761 4022 4548 
6 1064 1613 1783 2393 2442 4268 
2 1562 4112 
0 
0 
1 1714 
3 382 1624 3655 
3 2399 4186 4540 
4 1244 1308 2649 3000 
1 2259 
2 1608 3285 
4 415 3116 4474 4785 
1 1477 
3 4 553 692 
2 3584 3607 
2 1102 3149 
2 2166 2638 
3 1316 2698 4031 
4 2588 2867 3171 3275 
4 474 1782 1965 2891 
1 4477 
3 1967 3050 4183 
0 
3 2367 3594 3684 
3 431 1608 2551 
2 618 2065 
1 4146 
2 2728 3961 
6 572 1270 1814 4124 4660 4712 
3 523 2777 4498 
1 2442 
3 808 1136 4157 
2 4401 4819 
3 1228 4008 4523 
2 2328 3244 
5 764 1025 1096 1425 2087 
2 1343 4386 
3 871 949 2269 
1 2097 
2 736 1561 
1 4358 
2 2999 3421 
3 873 1103 2186 
0 
1 4828 
3 459 4404 4600 
2 721 4451 
2 1440 2613 
4 425 1569 1623 3512 
2 2389 4872 
1 1188 
3 518 3399 4830 
4 2294 3753 4745 4898 
1 23 
4 2331 2667 2997 3525 
0 
3 1271 4133 4758 
0 
2 2734 3872 
3 794 845 869 
7 1036 1924 2093 2646 2821 3863 4183 
2 1651 3388 
1 3239 
2 210 3919 
4 724 3032 4392 4689 
3 518 4072 4566 
2 858 3972 
2 2219 4533 
4 1028 1260 2282 3910 
2 2227 2545 
2 1672 4201 
2 3198 3654 
3 1429 1590 3667 
2 2469 4362 
3 387 562 804 
3 618 3058 3770 
3 731 3127 3453 
3 801 2791 3430 
1 3120 
5 587 1359 3013 3091 4840 
2 18 3171 
6 708 1656 2061 3120 3212 4610 
4 2694 2881 3346 3564 
1 3796 
4 520 1741 1745 3333 
2 401 1235 
4 740 1529 1859 4856 
1 4591 
2 205 3082 
1 1135 
1 4660 
3 884 2437 3184 
0 
2 2822 3138 
2 4166 4859 
4 1375 2562 3595 4544 
1 3101 
4 434 826 1506 3151 
2 924 2638 
3 2452 3951 4775 
3 982 3671 4825 
3 2039 2089 4893 
4 1071 1161 1201 3099 
4 707 827 1412 3365 
3 382 3525 3941 
4 1084 2355 3485 3487 
1 1258 
1 1522 
3 2098 3703 4875 
1 3774 
6 1100 1802 1914 2782 3109 3202 
1 1921 
2 2312 3761 
3 942 1304 3592 
3 538 2623 2991 
4 241 1639 2726 3716 
2 2888 4158 
5 1249 1514 2278 4467 4706 
3 418 3992 4626 
1 2633 
0 
4 907 2041 2530 2646 
5 529 597 774 2162 2671 
1 1992 
1 4483 
2 2482 4611 
4 569 1948 2103 3355 
1 1293 
2 412 2128 
5 331 1180 1192 2753 3580 
3 427 3267 4899 
2 1292 2421 
4 1794 3183 3295 3612 
0 
1 159 
2 3464 4325 
2 2609 3646 
2 485 2633 
3 386 1585 1692 
3 134 1975 3152 
1 4504 
1 3330 
1 345 
4 1403 3368 4340 4787 
6 309 530 1342 1490 3761 4472 
2 1390 3049 
3 885 2477 3289 
1 3972 
2 2987 4856 
5 1069 2461 3411 3853 4140 
2 650 2242 
2 1221 3104 
3 1137 2780 3230 
4 490 510 752 1630 
4 457 2993 3051 4292 
0 
1 405 
1 1364 
1 1944 
6 69 901 1247 3261 3380 3685 
4 2635 3000 3509 3585 
1 3572 
1 555 
0 
4 2515 3455 4540 4780 
5 42 466 958 3996 4129 
0 
1 679 
0 
4 2428 3372 4001 4166 
2 186 1982 
0 
2 3126 3716 
4 449 1035 2857 3809 
4 1141 2555 2766 3275 
3 936 1773 4017 
2 331 822 
5 1402 1830 2909 3913 3919 
1 2506 
1 970 
3 29 1969 2797 
6 2128 3369 3468 4069 4126 4860 
1 1912 
2 2193 3043 
1 816 
1 1194 
2 1930 4265 
5 781 2792 2955 4262 4386 
4 554 1494 2889 4430 
2 635 4076 
3 2032 2344 3528 
1 1483 
1 1419 
1 378 
2 1651 3997 
2 2859 4407 
1 3778 
4 1699 2285 2900 4338 
0 
4 297 3085 4547 4862 
4 1064 2757 3566 4333 
3 469 3783 4448 
2 793 2435 
4 1087 2685 3515 4210 
2 1362 2063 
2 1183 4875 
2 1841 3193 
2 479 723 
0 
2 496 3238 
2 1343 2375 
5 971 3534 3696 3922 4840 
2 2139 2560 
0 
1 1918 
2 520 1133 
4 295 542 928 2122 
2 921 1861 
0 
3 1962 2924 4068 
1 4612 
5 1109 1930 2500 3902 4644 
1 733 
5 645 1298 1983 3037 3315 
3 287 989 4404 
0 
3 270 982 1184 
1 2952 
2 2336 3578 
3 2910 4440 4579 
0 
1 947 
1 2249 
2 4687 4772 
1 4638 
2 2209 3510 
2 2649 4550 
2 3210 3626 
1 215 
5 780 2736 3220 3698 4751 
0 
1 2839 
3 2250 3300 3631 
3 1108 3638 4257 
2 355 893 
2 1054 4441 
6 560 689 2100 2267 3073 4689 
1 3324 
4 1279 2652 4009 4160 
1 4423 
0 
3 10 1368 2856 
1 4145 
1 3084 
1 3698 
1 4027 
2 1393 2757 
1 745 
3 885 4104 4365 
1 3637 
3 200 247 2578 
3 412 811 4320 
1 3732 
1 3005 
1 3644 
4 683 771 2052 3132 
1 1917 
1 2313 
4 1132 1676 1917 4493 
1 4187 
2 4306 4776 
2 429 3045 
0 
3 442 684 3254 
3 213 1034 2109 
2 1360 1420 
3 1115 2279 4318 
0 
1 812 
1 1854 
1 3397 
6 639 2390 2826 3521 3755 4842 
3 1949 2528 4585 
4 2319 3354 3423 3865 
1 315 
3 442 2004 4847 
4 58 963 1116 4755 
2 2099 2819 
2 1036 2323 
2 4348 4408 
2 797 2880 
2 1585 3985 
1 3105 
2 2069 2688 
4 887 1022 4340 4363 
1 4833 
0 
2 991 2532 
2 2767 3508 
0 
1 2849 
2 61 2501 
1 471 
4 999 1451 1950 4241 
3 710 4485 4554 
1 765 
1 1615 
3 264 447 3680 
1 2763 
1 3582 
2 2257 2351 
4 18 77 175 1706 
2 1409 1450 
5 634 2274 3590 3666 4424 
1 1631 
5 209 1779 3698 4094 4123 
2 145 2467 
3 1727 2838 4717 
3 576 1237 1509 
2 1225 1525 
2 3667 3940 
1 67 
6 2222 2425 2807 2946 3103 4260 
5 1513 2027 2721 3480 4689 
2 0 1526 
2 2411 3329 
1 2335 
3 454 2939 3623 
2 1884 3164 
1 3198 
4 156 1690 2004 3869 
2 842 3309 
3 443 1763 2435 
2 1129 3346 
2 227 4897 
2 1261 3615 
6 26 1346 1385 2941 3382 4058 
2 2535 3890 
3 1796 1898 2853 
3 539 3342 4046 
1 968 
5 199 332 2257 3497 3717 
1 4422 
4 1963 2507 2846 3251 
1 82 
3 701 1010 4074 
1 2430 
2 189 2310 
3 461 3923 4746 
1 2590 
1 4418 
5 662 1357 2918 2984 3809 
1 3865 
1 3936 
3 119 640 2071 
0 
3 201 1025 4715 
1 2592 
3 342 952 3293 
1 2139 
4 95 1210 3710 3905 
3 749 2939 3396 
0 
2 168 1590 
1 4284 
3 2156 2709 4246 
0 
2 925 1482 
3 1408 1617 4142 
2 3883 4632 
3 2674 2946 4179 
3 344 356 1161 
2 403 2588 
4 901 1991 2895 3866 
3 483 1761 3851 
2 1253 3987 
1 378 
1 1270 
2 244 1414 
4 1757 2767 3453 4372 
2 1635 3487 
1 3101 
3 1230 1346 1748 
3 398 1958 4406 
1 2726 
2 747 2544 
3 225 1602 3777 
3 2322 2904 3267 
5 116 1648 2031 2804 3520 
2 4466 4895 
3 419 1284 4868 
0 
1 2820 
3 2019 3517 3660 
2 932 2752 
3 236 650 1842 
1 4508 
3 1002 2608 3129 
1 272 
0 
2 373 3289 
2 1857 4159 
2 3322 4544 
5 90 1114 1212 1990 3397 
2 3981 4823 
2 1230 1625 
3 1702 2105 4397 
3 1152 4107 4850 
4 278 615 3071 4092 
2 1047 4611 
2 3758 4223 
1 1132 
3 445 498 4578 
2 866 4832 
3 208 1588 1661 
2 657 1613 
2 1803 2010 
3 1043 3507 3640 
0 
2 224 1734 
4 516 1442 2730 3830 
5 785 1358 2623 4076 4656 
3 1036 3506 3598 
3 1396 1735 3294 
2 521 1715 
6 280 2312 2945 3772 4182 4337 
4 2100 3195 3279 4174 
5 483 1915 3526 4245 4465 
4 1060 2963 3152 4850 
2 2479 2897 
1 2326 
0 
0 
2 2927 3874 
0 
5 27 1063 1259 2345 4825 
2 598 4611 
2 1039 3811 
5 970 1810 2908 3210 4804 
2 224 557 
0 
0 
1 4015 
6 893 1225 2397 2785 2935 3892 
0 
4 491 1292 1300 2482 
1 3391 
3 122 136 1731 
3 696 2536 2770 
6 155 286 750 2305 3501 4365 
2 495 4271 
1 3906 
6 6 100 695 3094 3726 4661 
0 
1 3397 
0 
2 649 3688 
2 1266 4323 
3 193 1702 4557 
4 215 3262 3496 4619 
0 
1 2529 
2 2663 3918 
2 892 1156 
3 1231 2189 4035 
1 2648 
1 1367 
7 185 1131 2718 4095 4361 4384 4498 
4 410 667 1673 3104 
2 2650 4175 
0 
3 287 714 3218 
2 1233 4067 
0 
0 
1 4617 
0 
1 3683 
3 1377 2133 2506 
3 789 1566 2206 
2 1864 3156 
3 1875 2768 3002 
3 84 2571 4138 
3 259 3619 4630 
1 233 
5 1474 1855 2219 3975 4630 
2 510 1272 
0 
0 
2 317 3632 
3 2063 3661 3890 
3 145 842 1012 
5 1512 4097 4284 4488 4727 
2 3156 4136 
2 2156 4174 
0 
3 1651 2876 4537 
2 1023 4155 
1 197 
4 708 1225 1336 1792 
1 727 
1 99 
5 1152 1481 2209 3527 4897 
4 2234 2702 2767 4484 
3 1126 2327 4601 
2 389 2973 
3 1802 3058 4877 
0 
2 1604 4725 
2 3959 4293 
0 
2 1805 4432 
2 944 3873 
2 673 1739 
2 1358 2933 
3 2735 2811 4083 
4 150 1751 1905 2772 
5 814 2573 3091 4415 4587 
3 4 614 3591 
0 
4 1719 1936 4054 4251 
4 1128 1924 2778 4836 
2 63 65 
2 921 1078 
2 4408 4651 
2 33 1178 
2 193 610 
4 64 507 3598 4300 
2 2453 2843 
3 1056 2803 4339 
1 2175 
4 720 1684 3358 3377 
1 1010 
2 4036 4777 
4 1345 1797 3457 4259 
1 3363 
2 1555 3026 
4 1097 3966 4000 4657 
3 844 1745 4523 
3 597 1026 4330 
5 912 3231 3677 4135 4539 
2 1967 2622 
1 697 
3 589 2679 3350 
4 479 898 1176 3251 
0 
2 772 3535 
6 96 146 2338 2796 2853 3899 
3 3406 3426 3484 
0 
2 2309 2375 
2 723 1161 
3 2328 3711 3801 
2 1248 4431 
3 1086 1803 2440 
0 
5 845 1181 1881 2327 3631 
1 1751 
1 1438 
3 1283 2657 3832 
2 10 3620 
1 4176 
0 
3 384 653 2718 
2 260 4112 
1 3456 
3 1248 1944 4797 
2 1610 4386 
1 352 
3 425 1451 1953 
1 4855 
1 1262 
2 3904 4020 
1 3986 
4 294 826 2094 2715 
6 877 1180 1999 2892 3288 4371 
3 761 3749 4257 
2 4693 4712 
1 527 
3 221 466 4692 
3 3752 3889 4646 
3 1365 1401 2314 
5 634 914 2212 2656 4785 
2 3849 4779 
2 3359 3714 
0 
2 486 3566 
0 
0 
2 2011 3480 
2 1302 2765 
3 422 1115 1459 
2 3689 4738 
3 1575 2809 2874 
2 6 4571 
0 
4 539 701 724 2061 
3 1446 1704 3493 
1 4401 
4 710 2266 2489 2663 
3 2820 2914 3187 
2 2011 3410 
1 584 
6 903 2016 2304 2558 2800 4544 
2 2051 3557 
2 745 2923 
3 2320 2740 3589 
0 
2 238 1896 
1 2656 
6 1535 2056 2456 2747 3098 3850 
2 1026 1169 
2 336 4114 
6 344 2169 2428 3088 4788 4862 
1 3118 
3 1632 4449 4506 
0 
1 2646 
2 317 4565 
1 4708 
1 3437 
3 84 1670 2377 
6 46 1616 2270 2889 2978 3981 
1 2214 
3 47 523 4076 
2 519 1970 
3 613 2543 4555 
3 2225 3140 3864 
0 
1 759 
4 71 416 667 2770 
5 36 917 958 1004 3639 
2 806 4339 
2 4646 4689 
1 1747 
3 2477 3053 3862 
3 174 789 3563 
4 152 570 1585 2643 
0 
7 375 670 1503 3631 3815 4446 4740 
2 2813 2944 
1 1282 
2 2751 3066 
1 542 
0 
1 2199 
3 855 1607 2188 
3 2436 3544 4558 
3 2527 2725 3191 
1 602 
4 117 1773 4388 4856 
1 4204 
6 278 622 841 991 1563 4670 
3 135 667 2373 
0 
0 
1 571 
3 1006 3289 3830 
3 1371 3340 4714 
0 
3 147 1440 4426 
2 1599 3680 
4 293 949 1274 3058 
3 942 2694 4300 
0 
3 110 1617 3385 
2 1529 3139 
0 
3 2058 3197 4874 
3 157 2488 3868 
4 1659 2895 3974 4623 
2 3089 3477 
4 1811 1939 2345 2621 
3 998 1496 1845 
8 328 676 1957 1996 2498 2585 4139 4255 
3 2056 2378 4610 
2 456 3322 
4 1046 1142 1922 4791 
4 432 1197 2070 4067 
3 520 1163 3892 
1 2660 
3 224 2042 2891 
3 3110 3454 3888 
1 4768 
4 1083 2915 3530 4517 
3 1268 1278 2985 
6 773 1248 1837 2327 2941 3821 
0 
5 700 1081 1145 1164 1814 
3 42 1153 1866 
5 647 1867 2361 3043 4808 
3 2313 2508 4849 
3 1726 2014 2585 
3 106 2365 2432 
8 376 1112 1135 2355 3693 4187 4385 4699 
4 1822 2173 3974 4376 
1 2281 
2 778 4685 
1 4343 
2 1912 3676 
1 336 
4 617 1214 2119 4210 
2 757 1673 
2 193 1044 
0 
2 1610 2941 
5 1253 1360 1463 2084 4200 
5 768 1779 2052 3647 4131 
3 1218 2904 4698 
5 310 1295 1441 2720 4453 
4 258 1350 3328 4556 
1 4623 
3 1143 2920 3669 
2 1107 1161 
3 492 941 4649 
2 70 943 
1 3847 
2 907 1894 
3 550 707 4304 
1 2470 
2 1233 3344 
1 1273 
3 273 1673 4700 
4 130 1364 1458 4432 
4 1301 1307 1456 2368 
1 1387 
3 32 361 4729 
0 
1 3390 
4 2540 3151 3576 3594 
3 148 3002 4743 
2 4116 4748 
0 
4 145 1242 3000 3003 
2 1314 3663 
2 703 990 
3 963 1255 4475 
4 102 1877 3260 3588 
2 3458 4621 
3 68 1103 2583 
4 332 2188 2354 3562 
5 349 852 2009 4199 4556 
3 3280 4217 4605 
3 588 1329 2849 
4 1979 2453 2567 4629 
8 255 1606 1614 2005 2472 4080 4193 4891 
1 3082 
3 44 1196 2542 
2 2208 2290 
1 1421 
1 41 
4 247 4155 4265 4455 
1 2980 
4 997 2190 2774 3021 
3 1331 4122 4554 
3 168 645 2698 
1 174 
0 
1 2490 
3 1381 2046 2079 
2 4502 4674 
2 851 3308 
4 1164 1447 2765 3673 
0 
4 2195 2308 2925 4893 
3 2372 3452 3471 
2 1262 4457 
3 1951 2855 3154 
4 1452 3844 4447 4587 
1 3718 
3 723 2515 3171 
3 402 562 3399 
2 1908 2645 
4 609 2880 4257 4894 
3 130 627 2274 
4 1039 2764 4222 4322 
5 957 4090 4517 4835 4883 
1 850 
2 1364 2887 
2 848 3960 
4 832 1920 2257 3396 
1 812 
5 1951 2430 3269 3728 4836 
1 1136 
5 717 1690 2190 3604 3619 
5 958 1321 1620 2746 4744 
3 1472 1833 2350 
3 137 1002 2951 
1 4236 
1 1153 
5 1145 1808 1887 1903 2127 
4 2245 2248 2637 4585 
0 
2 929 2455 
2 1382 2067 
8 484 1141 1650 1973 2072 2638 3919 4025 
3 1365 3803 4826 
1 4392 
2 130 2748 
1 3892 
9 108 1046 1121 2176 2286 2454 3239 3512 3615 
2 1314 3148 
3 113 1058 3398 
2 2810 4894 
3 3425 3985 4786 
1 3441 
4 646 2729 3298 3961 
0 
2 3864 4132 
1 2413 
2 4277 4693 
3 3044 3547 4039 
2 2977 3865 
3 162 979 1264 
3 217 329 4480 
1 965 
2 365 935 
1 1958 
0 
3 992 4498 4768 
0 
2 534 1128 
4 315 514 3460 3790 
1 3993 
4 1341 2729 3040 3402 
3 1079 2063 4513 
0 
4 615 1094 1860 2412 
1 2563 
3 917 1339 2436 
4 230 444 1056 1647 
0 
6 674 1174 1410 1514 3421 4036 
5 1358 1688 3129 3630 3900 
0 
2 2323 3547 
8 192 788 995 2169 2630 3448 3848 4303 
1 4541 
2 1495 4410 
5 1078 3806 3958 4253 4417 
3 2288 3738 4050 
3 611 2356 2488 
1 2830 
4 39 653 2226 2399 
4 1114 1739 3148 4027 
3 2224 4441 4517 
4 702 900 3190 3697 
0 
0 
1 2440 
7 288 594 2275 2752 3244 3774 4572 
1 2434 
2 2751 4268 
3 11 169 4450 
2 438 1945 
3 1989 3708 4003 
1 4014 
5 287 2392 3063 3598 4718 
5 864 1303 3032 3537 4593 
2 26 1673 
4 1993 2309 3148 3326 
3 465 1379 3202 
1 3205 
1 4848 
2 887 3218 
3 246 2251 4679 
2 1507 2140 
2 2714 4244 
0 
3 1389 1916 2471 
5 785 3070 3838 3998 4198 
7 7 184 734 2500 4215 4657 4767 
1 786 
3 583 1081 1186 
3 1742 2709 3650 
2 2512 4486 
3 302 3378 4259 
0 
5 108 733 1242 1791 2420 
3 1485 2239 4175 
2 2372 4811 
5 429 3303 3712 4308 4805 
2 1753 4749 
0 
3 6 30 1828 
3 13 1279 1849 
4 847 2025 2946 4641 
4 236 702 856 3447 
0 
3 3879 4142 4190 
3 1414 3615 3805 
1 2846 
4 357 807 2443 4575 
1 1931 
2 886 3371 
3 3808 3843 4462 
2 1 3319 
1 411 
2 3020 3906 
3 250 509 2183 
2 282 4620 
1 4572 
2 1437 2061 
3 2526 3198 4665 
2 2412 3024 
5 1058 2471 3433 3511 3635 
0 
5 1471 1717 2661 3936 4532 
4 884 1496 2281 2927 
2 1572 2453 
3 1938 2861 3357 
5 171 297 1551 2116 3725 
3 2100 3783 4609 
0 
1 1641 
5 1875 2037 2319 2712 4456 
6 1473 2269 2388 3232 3334 3372 
3 2636 4019 4353 
4 295 1253 2707 3489 
6 806 1697 2288 2566 2683 4407 
4 368 723 2512 3450 
2 890 2866 
1 3675 
0 
1 907 
1 3782 
3 824 1264 1608 
3 744 1581 2223 
2 374 4035 
0 
3 2464 2953 4659 
5 468 858 2178 2897 4027 
1 3746 
1 702 
4 58 2652 4080 4631 
5 728 1302 2231 3233 4831 
0 
3 1496 2185 4605 
2 2003 3800 
5 416 603 3027 3723 3738 
1 1722 
2 562 2535 
3 2200 2445 3572 
0 
1 3315 
2 9 3815 
0 
0 
2 3712 4894 
2 1794 3847 
2 3665 4733 
1 365 
2 568 1670 
3 1979 2863 3658 
5 29 106 427 3720 4271 
3 610 682 2130 
2 1784 3440 
3 139 2041 2252 
3 1608 1830 1956 
2 3635 4741 
1 3561 
3 1543 1727 4864 
4 1070 1105 1624 3431 
4 345 1094 1462 2121 
4 244 3037 3276 4421 
5 131 359 493 1071 4436 
1 4259 
4 1267 3154 3588 4742 
5 508 846 1483 1874 3523 
1 4582 
1 3105 
3 1761 2189 3046 
2 488 4300 
1 774 
2 2912 3307 
6 748 871 1114 2468 4149 4186 
4 480 2206 2537 3670 
3 2170 3510 4379 
1 2788 
2 1584 1921 
0 
2 1487 3127 
0 
3 316 1059 2232 
0 
6 49 600 901 2726 3278 3473 
1 2795 
2 873 976 
1 1054 
3 499 1613 2482 
2 1120 3243 
0 
1 506 
4 72 271 1961 2897 
3 1110 2395 3678 
3 1654 2887 3294 
4 1893 2074 2586 3032 
1 1518 
1 220 
1 1033 
4 173 1036 1551 3418 
2 1622 2612 
3 1769 2809 3850 
2 4010 4413 
2 2025 3494 
4 2814 3805 4506 4675 
1 3754 
4 594 910 1855 3864 
2 896 3503 
3 1611 3646 4325 
3 759 944 3845 
0 
1 755 
5 176 1663 1847 4100 4500 
2 2552 4804 
1 625 
3 274 1297 3993 
2 1791 1802 
2 2954 4658 
3 2991 3024 4212 
0 
4 1539 2720 2838 3824 
0 
4 39 898 1034 1349 
2 3372 4579 
2 106 1418 
3 608 1157 2657 
3 2105 2962 3933 
3 1109 1787 2761 
3 181 2934 3109 
3 2153 2697 4613 
4 86 2162 2588 4376 
5 113 810 1751 1802 4268 
2 2632 3129 
3 1033 3522 4733 
3 2921 3222 4373 
3 6 784 2540 
4 314 2909 3361 3625 
2 292 1099 
5 1065 1154 1639 4175 4819 
0 
3 765 2584 3381 
1 3765 
3 474 915 1046 
6 347 662 2307 2410 3066 4103 
2 357 1606 
2 1389 3285 
2 2844 4810 
5 3300 3525 3905 4470 4892 
2 1061 4848 
4 871 2361 3018 3289 
1 2222 
4 2997 3633 4339 4546 
2 2295 2300 
0 
3 575 2283 4120 
1 4677 
6 592 892 2702 3515 4431 4526 
2 404 4712 
0 
2 538 2697 
4 339 482 1493 3398 
1 286 
2 2246 4575 
2 160 765 
5 102 854 1289 2891 3696 
1 223 
2 3614 4897 
2 1332 3297 
1 2289 
4 245 866 2649 4170 
3 748 1346 2029 
2 783 1898 
2 3636 4224 
2 759 861 
2 1491 4726 
4 1891 1917 2614 2823 
3 1447 2064 3512 
1 3329 
1 1850 
1 1708 
5 478 573 1307 1527 2711 
4 760 860 1154 2204 
3 1110 1153 4648 
1 1843 
3 534 1776 2896 
1 1097 
2 1738 2736 
3 1203 1805 3801 
2 1344 3660 
6 173 442 622 784 1762 2113 
1 3760 
2 750 1165 
4 759 833 1383 1652 
3 1163 1369 1704 
0 
1 2767 
7 1698 1722 2377 2418 3005 3341 4429 
2 682 4277 
2 1376 3795 
1 2140 
3 1988 4577 4605 
2 28 2948 
3 903 1941 2504 
5 1277 1792 2052 3110 3300 
6 615 2418 2538 3876 3894 4123 
3 1551 3468 3498 
2 596 4082 
0 
4 200 646 1315 2550 
3 627 3026 4014 
1 4250 
2 276 3191 
5 297 3023 3351 4038 4654 
1 1556 
2 944 1945 
1 3888 
1 121 
6 1854 1872 2391 3521 4380 4786 
2 1877 3859 
2 3717 4165 
3 200 3659 3888 
3 1207 2511 2676 
1 256 
1 3424 
3 818 3672 3702 
2 749 4644 
2 3708 4093 
1 4354 
2 2989 3814 
3 173 2798 2839 
2 3253 3954 
2 1159 1994 
1 2664 
1 4164 
6 1459 2073 2502 2664 3803 4868 
8 1193 1863 1976 2092 2616 3326 3374 3380 
2 2685 4753 
1 2132 
5 431 2700 2833 3929 4232 
2 1668 3684 
5 474 2188 2436 2885 2887 
0 
3 772 2750 2896 
1 3990 
2 2195 2904 
2 2740 3089 
4 779 2308 3540 3985 
1 1634 
2 3275 4461 
2 222 4382 
3 2804 3613 4857 
2 58 1632 
1 3216 
5 390 514 570 3346 4188 
5 1535 1541 4096 4483 4890 
2 1594 3287 
5 104 1390 1771 4167 4557 
3 2186 2794 4225 
4 453 476 1902 4282 
4 535 2182 2282 4560 
2 2770 4471 
5 543 791 2255 4238 4782 
1 3321 
1 156 
1 1341 
2 389 3154 
2 3718 4490 
0 
2 3723 4491 
1 3747 
4 804 949 2041 3606 
1 1412 
3 79 2967 3025 
1 2726 
1 3540 
3 230 2860 3945 
6 624 637 757 1738 1832 2381 
4 188 2087 2721 3280 
1 3022 
2 2573 3737 
2 1923 3431 
5 44 446 777 989 1260 
2 2704 4566 
2 807 3213 
2 3214 3588 
0 
2 177 2329 
3 4 506 2014 
3 139 1253 2412 
4 406 1604 1959 4764 
2 642 837 
1 58 
4 884 997 1859 3189 
3 2012 3451 3519 
3 528 2816 3074 
2 1038 4243 
1 756 
0 
4 99 448 1354 3452 
3 127 2246 4415 
4 557 2297 3846 4852 
2 792 3286 
3 733 1603 2914 
3 2254 3008 3390 
0 
3 1175 2260 2691 
2 756 2966 
5 319 956 1996 3741 4674 
2 2271 3802 
0 
1 712 
2 630 4620 
1 461 
0 
2 2946 4381 
3 1410 1570 1732 
0 
2 1136 1892 
2 4361 4425 
2 1772 4755 
5 202 516 3553 3705 4512 
3 198 3164 3832 
0 
3 780 3619 3800 
0 
3 1087 2173 2344 
3 294 2394 4601 
1 3305 
3 516 1375 2915 
3 795 2637 3306 
3 661 1006 2903 
2 929 2075 
3 184 3340 3633 
1 2776 
0 
4 795 1152 3472 4226 
4 79 2400 3390 4744 
0 
4 2971 3310 4265 4759 
0 
1 4122 
1 2059 
4 40 805 872 4209 
3 1180 2020 4203 
4 88 1489 2553 4483 
3 3397 3842 4808 
2 2312 4633 
0 
3 3892 4401 4571 
4 856 3024 3914 4409 
1 1442 
2 1598 2622 
4 46 2060 2743 3686 
1 3486 
2 1900 4259 
0 
3 1821 2401 3409 
6 814 2219 2958 3650 3700 4034 
1 2126 
2 825 2055 
4 1139 1796 3206 4765 
0 
3 1883 2158 2735 
1 4430 
2 570 1475 
2 2987 4451 
2 1349 3927 
4 900 2186 2761 4502 
3 1868 3097 3996 
4 895 1236 2197 4142 
4 215 2770 4502 4835 
2 107 281 
2 1160 3364 
2 605 3845 
4 407 453 1142 1989 
1 3294 
1 3583 
3 1094 1338 2775 
6 781 1507 1596 2605 3781 4630 
2 2047 4378 
3 1877 2233 3401 
3 2395 4309 4590 
3 1270 2921 4466 
1 4765 
0 
6 422 1922 1980 3068 3290 4326 
5 492 585 904 2817 3065 
7 150 1616 1761 2764 3095 4509 4846 
4 346 777 1858 4174 
1 3865 
2 275 3535 
2 3167 3805 
5 228 794 849 1674 3661 
3 652 867 3314 
4 1454 1688 2411 4872 
3 537 3294 3417 
1 322 
3 1165 2248 4662 
0 
4 729 1412 2147 2311 
0 
3 1722 3440 4685 
4 3258 3515 3577 4578 
5 166 1300 3497 3628 3674 
4 1170 1654 1769 4795 
1 549 
0 
3 932 2478 3477 
1 2010 
1 830 
3 865 3302 3459 
3 1164 1955 4865 
2 1413 3163 
6 407 1835 2533 2962 3563 3774 
1 2670 
1 796 
1 3202 
4 940 1117 3570 4517 
6 216 1228 1756 2198 2786 3576 
1 3634 
2 2907 4414 
4 327 1511 1708 4860 
0 
0 
3 494 2486 4786 
1 53 
0 
0 
1 1425 
4 652 3343 4301 4622 
2 248 3572 
1 214 
0 
1 4883 
4 1452 1783 1899 2923 
1 3476 
2 439 4610 
3 383 2744 3423 
4 903 1287 4097 4546 
4 2042 2470 3397 3592 
3 174 1243 1371 
5 1384 2797 3174 3642 4292 
4 449 961 3836 4710 
2 41 2912 
1 3464 
4 1479 1501 1851 2441 
6 1096 1436 2892 2975 3128 3387 
5 263 1712 2020 2822 3656 
3 346 1997 2293 
7 820 1528 2613 2679 3186 4102 4740 
3 2509 2621 2755 
1 4206 
2 2644 2745 
4 106 1400 3299 4272 
1 3840 
3 1621 2782 3756 
0 
2 143 2318 
2 1504 2647 
1 1687 
4 2523 2887 3492 3505 
3 1966 2457 3217 
1 1907 
4 14 1916 2906 3661 
3 1418 3789 4339 
6 973 1518 2966 3286 4687 4856 
1 629 
2 3725 4703 
2 118 731 
4 780 1966 4212 4833 
5 491 1322 3735 4548 4714 
3 2258 3485 4738 
1 2277 
0 
3 668 2796 4057 
2 833 1148 
3 51 1570 3066 
5 1472 1698 2965 3646 4429 
3 383 2768 4270 
3 374 640 4560 
5 839 1406 2525 2691 2810 
3 39 2532 3856 
1 1366 
3 1905 3962 4141 
6 795 2405 2731 3588 3918 4300 
4 1522 2050 2346 4849 
3 794 2199 3919 
4 662 1206 1791 3079 
1 4428 
3 1897 2853 4033 
3 1034 2103 2910 
5 777 1751 1940 2628 4762 
1 2899 
0 
1 3401 
1 4770 
2 3724 4720 
2 1486 4706 
0 
3 978 1538 4651 
4 857 1449 2183 4549 
2 987 1679 
1 556 
2 1336 2064 
3 3065 4501 4632 
2 83 1887 
2 4429 4598 
4 1417 3550 3653 4437 
1 2768 
3 573 4092 4308 
4 438 2076 2518 3734 
4 262 1039 1539 2642 
2 2997 4619 
6 950 2212 3056 3635 4447 4779 
2 1469 3275 
2 70 1052 
1 4673 
2 1316 2216 
3 215 3021 4529 
2 1146 4595 
2 1872 2432 
4 9 1132 3347 4126 
8 259 2036 2756 2868 3032 3523 3564 3827 
1 909 
7 744 979 1008 1578 4006 4792 4890 
0 
0 
2 2495 4380 
0 
2 1417 4225 
1 3276 
5 710 1615 2586 2813 2999 
1 1430 
2 3550 4091 
5 168 2049 3104 3234 4459 
3 937 1350 2518 
3 1968 3459 3658 
4 389 3193 4200 4612 
3 2484 4553 4732 
3 1393 1853 2757 
1 563 
1 394 
4 188 903 2579 3848 
1 2348 
1 4139 
2 2060 3896 
2 1068 1437 
0 
3 3032 3682 4535 
2 2312 3499 
2 178 1457 
1 3326 
2 2569 2800 
2 390 4778 
1 395 
4 1152 2435 2879 3178 
2 1421 3678 
3 157 737 2037 
2 2747 4509 
1 4435 
2 2893 4622 
1 3857 
2 2335 2586 
6 681 1226 1755 3376 3741 4342 
1 4117 
2 2337 3480 
4 1471 2864 2885 4400 
4 1092 1483 3801 4290 
1 1995 
6 1226 2134 2399 4275 4468 4528 
0 
3 1032 3047 3468 
1 2357 
0 
1 4368 
1 2700 
0 
1 2272 
1 3595 
4 982 1071 1177 4406 
1 4147 
2 14 2629 
2 3184 4548 
1 607 
1 1185 
0 
2 2672 2883 
1 2833 
3 3604 3833 4513 
2 110 3040 
2 73 2879 
5 723 1717 3931 3963 4422 
2 69 2846 
1 1704 
5 550 1931 3481 3705 3897 
1 4322 
1 4253 
1 119 
2 1287 1448 
0 
3 980 3478 3891 
2 2583 4473 
1 2327 
5 3 664 2193 4213 4368 
2 1874 3716 
1 4635 
1 1496 
3 3079 3116 4534 
1 2055 
2 998 3143 
2 1910 3130 
1 4703 
2 1050 3580 
5 209 362 708 4103 4502 
1 4051 
1 2120 
2 485 4482 
0 
6 143 434 2187 2581 3029 4190 
2 2541 4809 
2 2063 4753 
3 1954 2427 3613 
6 1227 1849 3307 3380 3488 4293 
1 4861 
2 1350 2053 
1 3138 
5 1323 1981 2297 3983 4704 
1 732 
0 
4 2340 3002 3704 4325 
3 457 4477 4748 
4 1274 1611 3161 3882 
4 579 1261 3022 3547 
0 
3 816 1116 4295 
1 717 
5 81 95 997 1029 2309 
1 2518 
2 638 776 
3 1080 1603 1690 
1 3641 
5 72 486 1060 3635 4466 
1 816 
4 377 1503 2645 3231 
3 693 1359 1759 
6 439 736 2261 2771 3941 4043 
3 36 2304 2572 
2 2376 4421 
4 856 1904 2138 3667 
3 1427 2031 2880 
1 1072 
1 119 
2 77 1033 
2 476 2771 
0 
0 
0 
2 1944 4011 
3 224 2189 2842 
3 385 2547 3100 
4 686 1223 2910 4555 
1 4181 
1 1219 
3 451 2013 4889 
1 4809 
1 2835 
2 3542 3904 
3 186 1110 3913 
0 
2 985 2507 
1 3145 
0 
1 54 
1 2997 
1 2856 
2 901 4365 
5 459 2711 3549 3602 4586 
4 1773 3683 3868 4774 
4 866 2253 2833 3909 
5 18 132 265 567 4117 
3 1164 2547 4167 
2 50 4178 
4 1066 1376 1684 2722 
5 1812 1824 2877 4232 4504 
1 152 
3 2258 3016 3748 
2 1929 2136 
3 741 2762 3159 
3 12 2386 3607 
3 485 3113 4027 
2 2477 4243 
2 1084 3216 
2 2724 2973 
0 
1 2995 
1 4275 
4 1211 2859 3044 3737 
2 1832 3527 
2 692 1023 
1 3780 
3 141 3661 3875 
6 539 773 793 930 2374 4760 
4 1364 1832 4341 4868 
1 4100 
2 339 4593 
2 4509 4801 
3 2377 3809 3915 
5 1473 2052 2804 3094 3826 
1 4252 
2 1963 2703 
2 2852 3030 
1 2960 
3 602 1654 1896 
2 3069 3184 
2 2219 2511 
4 1431 2202 3055 4690 
3 904 1366 3823 
1 1955 
3 401 855 1611 
1 1798 
3 209 1727 4229 
0 
2 3097 4754 
6 2932 3661 3934 4061 4468 4725 
3 1884 2902 2950 
3 990 2107 3756 
4 1168 1449 2716 4259 
1 268 
0 
0 
5 477 529 3398 4070 4080 
2 3568 4146 
4 668 1165 1565 2761 
0 
3 382 3419 4005 
2 1821 3953 
3 1151 1393 2427 
7 1710 1714 1853 2244 2276 2472 2572 
2 1709 4123 
4 2496 3335 3973 4868 
2 1419 4704 
1 3413 
4 76 1709 2412 4421 
4 495 2695 3362 3881 
3 1898 2490 4581 
3 978 1563 1803 
2 2317 3654 
3 591 1744 2372 
1 1897 
0 
3 1011 1168 1373 
2 3583 4145 
2 2166 3771 
2 3837 4735 
5 763 1816 3105 3974 4557 
5 388 1032 1692 3569 4677 
2 3586 4214 
2 2327 2594 
2 3650 4898 
1 518 
7 1287 1777 2926 3972 4378 4552 4597 
1 31 
2 490 1788 
4 494 1944 4108 4312 
0 
3 2485 2772 4261 
2 1158 1248 
4 584 915 3139 3823 
3 32 3287 3961 
2 155 4631 
2 945 3505 
2 1896 4616 
2 1719 4420 
4 155 609 3751 3975 
1 2143 
1 705 
2 453 1827 
1 4882 
1 2031 
6 587 628 1103 1463 2240 3031 
2 3643 4542 
3 2 953 2632 
3 1789 2871 4698 
3 1535 4227 4358 
2 1390 2109 
5 450 2094 3384 3557 4308 
0 
2 1616 3827 
3 1887 2045 4542 
5 71 445 1042 1359 2295 
4 1161 2875 4424 4668 
1 403 
0 
0 
2 3215 3727 
1 4071 
0 
6 1073 1376 2303 2820 3455 4423 
0 
1 1228 
1 1291 
6 246 721 1649 4450 4670 4875 
0 
2 3073 3617 
2 1156 3190 
4 1732 2610 2685 3992 
1 4353 
4 386 778 2099 3119 
2 2804 4689 
1 3059 
1 90 
7 72 1406 1897 2921 2926 2964 3332 
2 1027 3937 
3 2075 3044 3104 
0 
5 1099 2273 2694 3099 4498 
2 1734 3060 
7 1754 1791 1916 2865 3130 4655 4741 
2 3416 3683 
5 949 1088 1459 1789 3841 
6 570 1175 2610 3464 4246 4555 
1 2043 
2 203 1020 
4 2015 3254 3817 4186 
2 409 1332 
1 605 
2 1691 3476 
1 4690 
0 
2 2071 2513 
5 181 577 1088 1103 3453 
3 487 625 1717 
2 2456 3229 
5 49 582 1159 4403 4559 
4 2249 2380 3148 3340 
1 3430 
2 17 861 
1 3219 
3 509 3148 3912 
2 743 2695 
2 1655 3684 
0 
3 99 759 2597 
1 2256 
2 1726 3146 
1 3686 
2 3126 3225 
2 2273 4332 
1 2177 
3 1328 1707 2519 
1 766 
0 
4 1655 2544 3978 4021 
3 2421 2576 3228 
0 
1 1748 
1 955 
3 3654 4051 4312 
3 248 1029 3797 
0 
5 37 1248 1669 1674 3500 
3 857 2364 2956 
1 2836 
3 1385 3306 4121 
0 
1 757 
2 4585 4762 
2 2568 2616 
1 2133 
1 277 
3 466 3694 4028 
1 1155 
2 2596 4219 
2 744 4584 
1 2852 
3 1084 2653 4337 
1 2851 
5 956 1594 3454 3968 4123 
4 1150 3891 4599 4658 
5 1417 2711 2859 4116 4844 
1 4773 
5 1511 1709 2716 3162 4792 
4 350 1189 2282 4820 
8 556 1078 2018 3133 3346 3404 4354 4803 
2 20 4650 
8 472 2245 2378 2997 3116 3594 4144 4548 
2 1360 2722 
4 157 1264 2541 4414 
1 898 
2 288 4109 
0 
1 1207 
3 551 2829 2946 
1 2244 
3 760 4019 4064 
3 761 3474 3545 
2 1340 4522 
1 2709 
2 4560 4837 
3 2586 4091 4283 
3 1189 1492 2442 
1 3851 
4 1039 1576 2040 3263 
2 552 986 
2 4589 4868 
7 808 1190 1352 2454 2467 3319 4103 
0 
3 1939 2531 4603 
1 4016 
4 627 1923 2307 3930 
1 2340 
3 1334 3844 4202 
3 399 1696 2976 
1 4038 
1 2996 
3 861 1477 1760 
2 2447 2623 
4 2192 2198 3880 3949 
2 3266 3504 
5 1147 3238 3366 3501 4800 
3 1289 1894 2053 
4 1067 2714 2798 3176 
4 788 1892 3740 4219 
1 2573 
4 679 1684 1743 3898 
6 1461 1720 1783 4377 4394 4786 
5 409 1143 1716 2114 2149 
2 1406 3335 
3 1326 2885 4337 
2 2587 4213 
2 1230 2710 
2 861 4481 
2 1620 2620 
3 587 1455 3255 
4 3466 3881 4020 4212 
2 1434 2963 
2 843 4028 
1 4129 
3 1582 3408 4550 
1 3127 
3 253 770 4626 
0 
2 181 2480 
1 498 
7 940 1435 1789 2441 2509 3819 4714 
3 337 339 1147 
1 285 
0 
1 851 
4 182 1050 2997 3687 
3 748 1357 4596 
2 1252 1881 
4 131 592 2657 2743 
2 3541 4583 
2 2773 3650 
1 2559 
5 19 50 2008 2254 3689 
3 1658 3030 4081 
5 257 292 3325 3461 4738 
2 964 1566 
2 2679 3956 
0 
1 3372 
1 4877 
3 591 2450 4232 
1 1962 
1 981 
4 743 1879 2160 3359 
1 1463 
2 1174 3028 
1 4094 
0 
5 229 637 1629 1735 2368 
4 925 1186 2209 4182 
4 3260 3311 4545 4752 
2 2808 4519 
3 197 2521 4007 
1 353 
4 374 2090 2388 4429 
3 838 853 4148 
2 2310 3527 
2 640 3174 
2 1593 2391 
3 1 1383 1689 
2 1029 4523 
5 745 2447 2468 3514 4582 
4 454 888 2393 2857 
1 1261 
1 2174 
2 1064 3662 
2 290 1937 
2 414 1681 
0 
2 90 2064 
3 1433 1441 4748 
2 92 612 
4 1508 2066 2098 2131 
2 251 4357 
3 696 2587 2947 
1 3577 
1 3932 
4 866 3346 3523 3985 
0 
3 210 2940 3160 
2 1207 3121 
1 3712 
1 3653 
7 815 1024 3212 3438 3800 4088 4668 
1 1357 
4 1598 2677 2684 3191 
4 241 3364 3376 3898 
1 294 
3 2811 4132 4215 
0 
0 
0 
3 1172 3778 3879 
5 926 1346 2293 2349 2742 
2 474 2780 
2 444 2634 
4 194 2386 3207 3874 
1 931 
1 1203 
3 1540 3441 3463 
5 745 1279 3094 3146 3998 
3 1420 3098 3477 
0 
6 646 2266 2571 3292 3902 4754 
0 
1 4431 
3 2524 4022 4258 
4 1009 2517 3146 3947 
4 356 401 4533 4895 
5 816 2928 3731 4040 4322 
1 17 
0 
2 1928 2988 
3 812 2330 3447 
4 487 1380 2231 2405 
2 660 672 
2 1265 4293 
3 1635 2231 4893 
4 763 1259 2999 4445 
2 1795 2183 
3 674 3836 4270 
0 
3 1855 2698 4850 
3 464 3429 4235 
4 1315 1419 4150 4481 
0 
0 
1 2106 
1 2811 
2 957 1075 
0 
4 394 3831 3966 4327 
1 4147 
4 1142 3014 3517 4486 
2 2403 4418 
4 459 1621 1750 4451 
3 261 2459 4300 
0 
3 2420 3842 4171 
1 4225 
3 1494 3802 4825 
4 986 1529 2345 2391 
0 
3 172 2334 2621 
3 1874 3408 4627 
4 192 1028 1242 2803 
4 752 1411 3469 3479 
1 1793 
0 
3 1760 2234 3599 
2 830 2932 
3 1351 3130 4195 
0 
1 1506 
3 1457 2926 4536 
1 675 
6 336 778 1175 1679 2869 3378 
3 1596 1892 3375 
1 2075 
2 1331 1580 
4 681 746 2729 3721 
2 4436 4831 
2 36 739 
1 1313 
3 1324 1517 2562 
5 152 667 973 3530 3629 
0 
6 275 561 896 1592 4113 4697 
6 1148 1475 1965 2663 3519 4345 
2 96 2668 
2 1968 3085 
3 865 2428 4748 
1 3827 
2 364 2092 
2 749 3208 
4 425 1801 3535 4340 
2 866 3084 
1 1206 
3 1067 3036 4294 
4 1303 1785 2054 4894 
3 1482 3623 3731 
5 2727 2991 3011 3708 3813 
0 
1 830 
1 4637 
2 2712 4126 
2 2666 3468 
2 4770 4831 
3 777 2602 3555 
0 
2 2213 2839 
2 106 1249 
0 
2 172 3247 
2 1950 4763 
2 2161 3750 
2 1207 2069 
1 131 
6 645 1757 2983 3295 3461 3927 
1 3353 
2 3194 3225 
3 109 3909 4387 
7 179 1968 2368 2589 2679 2897 3343 
3 358 1779 4474 
3 317 497 983 
1 3834 
1 2462 
3 197 1462 3430 
2 3218 3635 
3 477 1098 2232 
2 2023 3908 
3 1697 3006 4846 
2 2471 3047 
6 345 1756 2794 2795 2980 4340 
0 
1 2623 
3 2762 4500 4824 
3 1161 2126 4243 
2 1898 3733 
1 3556 
2 982 3500 
2 2503 4448 
4 2456 2590 2650 4834 
3 772 2663 4336 
1 1587 
1 1034 
3 287 3506 3945 
2 3341 3664 
1 2742 
1 2563 
5 1330 2113 2533 2685 2801 
4 861 2529 2739 4143 
2 199 252 
3 3179 3683 4825 
1 1026 
2 1968 3077 
3 1209 2358 3765 
6 549 1840 2636 2900 2963 4284 
1 1541 
0 
2 1658 3751 
3 2883 3557 4282 
4 1620 3463 4509 4890 
3 283 430 3949 
2 937 1171 
2 2555 4275 
2 3218 4177 
2 1746 3155 
1 3304 
4 2400 2459 2551 3253 
0 
3 1371 3101 3191 
3 26 3865 4386 
2 1898 2594 
2 3931 4270 
1 4157 
0 
4 1101 2339 2390 3736 
2 2298 3076 
0 
3 436 565 4138 
2 2184 4528 
2 1334 3891 
0 
4 1939 2863 4152 4199 
3 2091 2412 2600 
3 193 1102 2286 
2 3443 4294 
1 4609 
1 2863 
3 87 1724 2694 
2 2380 2915 
1 3038 
4 684 907 3123 4414 
3 1048 2411 4537 
0 
3 67 3060 4401 
3 766 1297 4862 
3 1960 2617 4157 
4 601 2899 3465 4881 
1 871 
2 1820 4405 
2 1002 4526 
2 3176 3984 
2 3761 4314 
2 4764 4856 
2 1231 3700 
3 970 1472 2015 
1 2157 
3 1008 2300 2846 
4 113 1229 1339 2430 
1 1590 
3 717 811 1212 
5 535 1042 1630 2837 2973 
4 824 855 2483 3192 
1 4228 
2 1889 3579 
3 254 1575 4176 
3 4014 4453 4804 
3 835 1216 4728 
2 2940 4507 
1 1341 
3 1390 1889 2842 
4 716 1458 3050 4759 
1 1013 
0 
1 1687 
0 
5 1153 3003 3425 4257 4313 
0 
3 550 1047 4213 
1 2943 
3 819 2274 2638 
4 2 306 573 1945 
2 4032 4316 
2 11 3331 
3 653 1485 2779 
3 2086 2370 4707 
2 694 3089 
2 2835 4452 
2 1489 2440 
1 3975 
3 2678 2966 4835 
5 138 556 1329 1686 4867 
0 
2 2399 4078 
2 393 1122 
3 998 2874 3405 
3 916 2713 2741 
1 698 
1 914 
1 140 
3 4144 4148 4319 
0 
1 2402 
5 1006 2010 2013 2430 3295 
4 1054 2105 3697 3751 
1 1352 
2 574 2045 
1 2441 
2 3111 4707 
1 4742 
1 3952 
1 950 
1 1751 
1 3993 
2 221 4323 
3 2385 2701 4502 
3 1709 1865 2735 
4 862 1857 2680 3593 
4 1134 1271 2564 4115 
1 3556 
3 862 1369 3040 
4 303 1806 2508 4710 
2 313 3302 
2 936 2945 
4 1028 3767 3939 4141 
3 1650 2658 3234 
5 1275 1928 2412 2791 4119 
1 1233 
2 1815 3908 
3 381 412 851 
2 1443 1657 
2 80 2330 
4 1277 3496 3664 4416 
3 1617 3621 4000 
2 3687 4368 
1 3061 
1 4216 
0 
3 670 1999 3433 
2 317 4643 
2 2442 3047 
6 108 987 2501 2781 3798 3994 
5 693 2869 3235 3681 3948 
2 1280 2894 
2 1549 4467 
3 1787 1819 2940 
3 384 845 2208 
3 921 2538 3847 
2 1709 2810 
7 1444 2817 3310 3466 4103 4598 4865 
2 188 2601 
2 347 2768 
0 
5 767 979 2888 2947 4309 
6 139 1231 1854 3442 4321 4854 
2 1126 4816 
1 2741 
3 268 3480 4067 
5 871 2162 3625 4489 4659 
1 2313 
2 911 990 
2 1140 3169 
2 819 3859 
2 2766 3508 
1 4486 
3 1420 1989 3312 
2 123 2601 
4 1124 1761 2788 3547 
0 
4 1272 1598 2375 3148 
2 2154 4150 
1 2383 
3 1124 2185 2301 
2 2300 2347 
2 3503 3559 
4 1769 3416 3466 3691 
4 674 1618 3935 4234 
3 520 3913 4873 
3 2374 3084 4010 
5 1115 1881 3880 4200 4634 
3 835 1218 4099 
4 621 931 1608 3095 
4 418 1952 2640 2741 
3 1371 4467 4649 
4 183 496 1318 1521 
7 338 762 2287 2710 3372 3769 4265 
1 652 
1 4261 
2 4175 4624 
1 1718 
1 1429 
3 354 986 4081 
2 677 3066 
2 2642 3684 
2 458 2822 
2 359 906 
0 
2 2733 3509 
1 501 
5 575 627 757 1574 1729 
5 105 623 2591 2733 3664 
2 1258 2523 
3 2009 2259 2479 
1 125 
1 3104 
2 3664 4507 
2 2039 4528 
2 397 1534 
2 299 3059 
4 49 1537 2715 3344 
3 618 3725 4586 
1 2153 
3 1601 1882 3669 
1 2862 
1 2481 
2 3349 4693 
2 261 1297 
7 506 743 2037 2786 3919 4208 4601 
2 1457 3891 
3 2301 2564 2941 
2 1515 4443 
4 1989 2526 3312 4656 
1 857 
2 381 3646 
1 4061 
0 
1 811 
2 176 765 
2 912 3066 
1 1544 
2 2132 3090 
0 
2 2735 4695 
2 761 1121 
1 3873 
2 3519 4249 
1 1833 
2 764 4664 
1 4650 
4 94 2766 3196 3587 
3 795 1944 2098 
1 4846 
2 2213 4825 
2 4124 4723 
4 836 951 1719 4749 
1 724 
3 40 1673 2306 
3 281 621 2297 
4 1619 2489 3565 4164 
3 692 1168 1678 
4 746 1857 3059 4459 
1 3384 
2 1806 2167 
4 1248 2728 2891 4223 
1 4547 
1 2299 
1 2566 
4 2243 2905 3173 3943 
5 1660 1992 3328 3518 4611 
0 
4 987 1950 3084 3740 
1 120 
5 352 2153 3869 3969 4081 
5 1189 1954 2037 3228 4402 
1 928 
3 72 1958 3774 
2 1298 4419 
6 1065 1353 2526 2904 3532 4712 
0 
1 514 
0 
7 78 914 1541 2221 3108 3203 4110 
3 1308 2145 4702 
4 1328 2870 3175 4211 
2 2230 3877 
1 2030 
2 3032 4594 
4 1456 2010 3452 3852 
2 2622 3663 
2 4124 4799 
2 4431 4692 
1 42 
1 1115 
3 396 1366 2170 
10 898 975 1260 1714 2161 2254 2796 2847 3780 3973 
2 880 2477 
1 2515 
1 37 
1 2963 
4 2440 2685 2702 3390 
2 1168 1176 
2 4690 4806 
2 949 2034 
5 202 1825 2828 4362 4487 
1 2856 
3 2939 3125 3357 
2 2854 4881 
2 393 3928 
3 2713 3208 3327 
3 1593 1708 4324 
4 240 684 2067 4254 
1 2524 
4 417 853 2186 2231 
2 2594 3112 
3 764 1492 3239 
0 
2 922 2845 
3 273 403 1527 
3 718 900 1212 
1 162 
2 2941 4328 
1 4811 
6 625 920 2216 2417 3239 3839 
4 1417 1916 2235 3836 
4 72 101 1872 2268 
4 963 2869 3830 3845 
1 2823 
1 1013 
0 
3 1888 1957 2887 
2 67 2975 
1 43 
3 1936 3100 4720 
2 2557 3304 
3 170 2950 4456 
4 599 815 980 2857 
2 871 1877 
1 864 
3 681 1804 2118 
1 1433 
2 2928 3101 
3 2032 2145 3891 
0 
1 220 
4 2102 3113 3359 3731 
0 
3 1001 2739 4066 
1 29 
1 2761 
3 387 1877 4861 
3 1046 1957 2780 
2 144 3267 
2 790 1411 
7 940 976 2108 2733 4179 4473 4589 
6 816 1709 2691 3821 4324 4643 
0 
2 3825 4286 
0 
0 
4 217 706 1662 2413 
2 1379 4029 
2 500 2330 
1 1914 
2 2342 4794 
3 196 516 1060 
1 2190 
3 1510 3980 4318 
1 1737 
3 1396 2837 3489 
2 4144 4219 
2 740 912 
4 670 2376 2870 3735 
4 829 1716 4344 4837 
1 4351 
2 2887 3747 
1 4124 
1 3736 
1 1499 
4 1711 3015 3176 4518 
1 4784 
1 745 
1 2808 
3 292 942 4335 
2 372 2269 
3 1206 3185 3543 
3 2117 3058 4406 
2 1174 2943 
1 3799 
3 249 549 3524 
4 414 1641 2658 2983 
3 58 762 2249 
4 1422 1916 2752 3463 
1 4011 
3 1193 1686 3430 
3 946 991 2883 
2 1801 3782 
1 4643 
3 235 841 2414 
0 
1 2003 
5 1482 1507 1609 3030 3893 
3 1821 3117 4257 
0 
2 1948 2812 
1 4468 
5 1432 2329 2537 3826 4230 
4 2002 2429 2533 4687 
2 1452 2821 
4 974 2349 2395 4775 
1 719 
3 353 3120 4764 
5 532 2127 4090 4271 4419 
2 192 2628 
6 1879 2684 4022 4108 4647 4660 
2 368 1453 
5 1385 2126 2524 3017 3273 
0 
2 408 1012 
2 519 4078 
2 1047 2523 
5 1176 2275 3273 3942 4123 
0 
5 36 800 1107 3804 4751 
3 1591 1859 2982 
3 818 3243 4459 
1 697 
2 456 1824 
5 140 3062 3602 3629 4863 
2 3992 4219 
2 1631 1652 
2 3736 4852 
0 
4 1180 3752 3901 3909 
3 95 2145 4373 
1 1085 
4 70 1316 2706 3106 
2 3776 4082 
2 245 2141 
0 
1 2451 
1 674 
3 1927 3410 3899 
3 283 2882 4616 
1 2864 
2 166 2060 
3 899 2125 3661 
2 2246 2347 
1 4124 
2 990 2384 
4 815 4438 4752 4769 
1 1839 
1 1524 
1 3034 
2 553 1999 
6 1618 1709 2991 3412 3898 4153 
4 47 588 1251 1895 
1 2866 
0 
2 1825 3059 
0 
2 331 4815 
2 1514 2679 
0 
2 1590 4070 
1 4718 
2 810 1573 
1 1112 
2 745 763 
8 1067 1503 1534 1871 2592 2665 3510 3595 
4 1901 1970 3015 3994 
4 89 443 1102 2591 
2 2098 3753 
3 420 2118 3215 
2 2328 2588 
3 428 2586 4442 
1 3174 
3 1729 2149 2431 
1 3725 
2 1844 3854 
2 1814 3049 
1 3902 
1 4513 
2 2161 3383 
3 2278 2294 3159 
2 2084 4700 
0 
0 
3 1350 4449 4803 
0 
0 
3 1 468 4886 
3 207 3264 4366 
2 1777 1792 
0 
1 1072 
2 118 1421 
3 1147 4187 4385 
1 4491 
4 1207 1839 2660 4828 
1 2174 
0 
2 68 3289 
2 1904 3782 
4 743 1422 2039 3040 
4 612 1323 2406 2728 
5 185 492 1888 2111 4551 
0 
2 4508 4793 
4 3015 3573 4720 4780 
3 2826 3370 4034 
6 1463 2530 3530 3798 4097 4201 
1 1553 
2 907 3892 
0 
4 1104 1753 2736 3731 
4 190 208 3928 4749 
2 1991 3298 
1 231 
4 988 2133 3877 4773 
6 862 1301 3596 3659 3998 4414 
4 87 169 866 2208 
2 3695 3911 
3 2310 2679 4103 
1 2664 
3 1483 2321 3320 
2 708 3447 
2 1424 4535 
5 843 1615 2680 3378 4068 
4 131 192 688 3057 
1 1430 
3 536 3092 4139 
6 79 307 1141 2877 2986 3902 
3 540 2118 4587 
1 3347 
6 319 1005 2758 3113 3524 3659 
2 1847 2773 
2 2887 3218 
1 2769 
5 653 680 2825 2830 4886 
4 630 1097 1924 3792 
4 2253 2507 3196 4069 
0 
3 751 2616 4128 
1 978 
0 
7 533 670 2064 2119 3363 4006 4714 
6 1204 1206 2641 2945 3074 3849 
4 2586 3272 3499 4630 
4 2082 2908 3220 4047 
1 125 
3 2065 3653 4867 
0 
2 1386 3368 
1 193 
2 3 1558 
0 
2 441 4368 
2 3490 3646 
2 1193 4476 
1 1981 
1 2218 
6 614 1421 1932 2098 2579 2640 
4 2245 2645 4123 4255 
4 2683 2763 4149 4677 
2 4007 4686 
3 990 2681 4241 
5 32 1981 2531 3904 4023 
7 274 1208 1777 2126 2417 3610 3904 
1 4444 
1 4036 
1 364 
1 4876 
2 2930 3329 
3 1277 1452 2472 
0 
1 4208 
7 153 734 1787 2166 3041 4123 4489 
4 1715 1811 3073 3509 
0 
2 1101 1131 
4 88 826 2018 4655 
0 
3 1210 1547 3269 
2 2243 4158 
3 574 1128 2417 
3 1681 2954 4520 
1 1254 
1 4611 
2 2553 3491 
2 989 3670 
2 40 4717 
4 436 945 1869 4746 
4 1902 2313 4367 4830 
3 1152 1648 1851 
5 986 2081 3103 3470 3658 
2 2224 2426 
3 9 938 1893 
5 645 2337 3165 4005 4069 
3 1698 1853 4533 
1 3295 
2 538 634 
2 4005 4581 
2 780 1092 
3 394 1249 4617 
3 1654 1858 2833 
0 
1 1664 
1 719 
4 186 455 1056 1245 
4 7 2077 2935 3361 
5 98 2381 2622 2762 3750 
5 877 895 2056 3764 4751 
2 491 4138 
4 1456 3262 3307 3993 
0 
4 2325 2328 2471 3333 
3 129 3539 4086 
6 586 1334 2244 2360 3014 4627 
3 310 1158 2632 
0 
1 3181 
4 2127 2464 3855 4116 
3 677 1217 4122 
4 2224 2284 2310 4176 
3 1989 2124 3234 
2 1324 1924 
4 1409 3990 4280 4804 
2 1424 4534 
1 856 
4 681 1530 2785 4638 
2 869 2757 
0 
3 1214 3116 4020 
3 713 923 4468 
3 465 921 2509 
4 200 2890 3351 4325 
3 2818 3141 4679 
3 1422 2948 3547 
1 1494 
9 271 327 1511 2748 3023 3072 3256 3278 3718 
3 44 2652 4339 
0 
2 3387 4608 
5 1099 1339 1704 2466 3998 
3 1659 2112 2728 
3 379 2681 3700 
3 846 1359 3078 
3 661 833 4503 
4 245 2291 2367 3879 
4 369 450 574 1167 
4 552 1450 1480 2279 
1 2655 
6 519 701 1232 1342 2862 4676 
3 1617 1625 3928 
3 587 1737 2854 
3 1926 2653 4636 
2 824 4203 
2 1349 4831 
2 1305 3801 
2 100 3306 
2 592 3603 
1 2212 
4 223 1990 2468 3819 
2 2269 4252 
4 181 1427 4091 4541 
3 2931 3395 3432 
1 3249 
3 514 2747 4731 
2 1390 2345 
0 
4 1049 2295 2864 4734 
2 4240 4424 
2 2972 3769 
3 148 2254 4621 
3 258 3638 4586 
2 3227 3634 
2 1229 2109 
3 1057 2109 4850 
4 618 1446 2412 3489 
2 251 1413 
6 1201 1893 3173 3449 3608 3880 
2 4558 4643 
2 674 1524 
1 2126 
1 3079 
2 600 2041 
4 459 1222 1679 1780 
0 
0 
1 393 
3 1947 2499 3982 
5 664 1073 3100 4357 4397 
3 874 1452 2276 
3 586 1984 2024 
2 2521 2874 
2 711 1503 
1 1076 
3 3644 3939 4776 
2 1266 4148 
2 1358 2277 
1 2754 
1 358 
3 463 671 1769 
4 131 2525 4494 4670 
4 164 1419 2322 4793 
2 1147 2444 
0 
2 2656 4264 
3 352 2627 3166 
1 4869 
2 2421 4697 
2 1864 4887 
2 913 2656 
0 
0 
5 1210 1559 1650 2722 4638 
0 
2 1637 2215 
1 1834 
5 2189 2486 3896 4266 4732 
2 388 1092 
4 312 1201 2086 3216 
2 3982 4422 
0 
3 1630 2198 3466 
1 599 
4 1118 2920 2983 3509 
2 2434 4589 
7 414 962 1564 2185 3185 3292 4231 
2 2412 4237 
0 
4 371 814 3227 3759 
2 3016 4282 
1 1848 
3 1682 1846 4188 
3 409 618 1461 
2 2424 2772 
3 38 838 4558 
3 322 1646 2422 
7 244 1958 2453 3281 3375 4380 4459 
3 3385 3623 4505 
3 266 1668 1851 
3 1247 3685 4163 
2 981 4480 
4 2341 2770 3138 4398 
6 57 1024 2160 2165 3319 3514 
4 1538 2561 2788 4295 
3 1789 4111 4288 
3 992 2574 4114 
2 89 4147 
3 1494 3998 4650 
5 2052 2270 2443 3253 4096 
4 2401 2489 4500 4804 
3 1754 2875 3291 
4 2887 2974 4102 4826 
0 
3 664 2223 2812 
3 1762 2871 4105 
2 567 3850 
3 1655 2649 4073 
0 
3 1527 1562 3375 
5 361 844 1621 3524 3777 
1 153 
1 2560 
4 1558 2137 2512 3357 
0 
4 1212 1538 1900 3763 
0 
10 849 1066 1212 1432 2447 2492 2654 2872 3302 4756 
5 187 2281 3663 4170 4201 
2 259 693 
1 2753 
6 90 752 1136 2381 3116 4180 
4 646 1418 3658 4467 
1 1532 
2 2271 3887 
4 444 741 3346 4261 
5 1156 1214 3144 3669 3820 
5 500 1002 1064 2098 4704 
2 3188 4566 
2 1464 2175 
3 268 2133 4424 
1 3570 
1 1696 
1 1302 
4 458 779 1216 2395 
1 2385 
3 1435 3136 4120 
4 1392 3177 3203 4391 
2 509 2666 
3 248 1108 4599 
4 300 1462 1632 4044 
0 
3 1045 1415 3381 
1 4580 
5 671 1274 3277 3931 4312 
5 755 1300 2167 3715 3977 
1 4025 
1 4707 
1 422 
1 4450 
3 783 2844 4469 
3 1106 1354 1783 
0 
2 676 1406 
2 290 3269 
1 835 
6 1732 1783 2050 4176 4207 4256 
3 504 979 4116 
3 2005 2458 3162 
0 
1 2690 
2 2783 4232 
3 1695 2046 3428 
1 585 
2 1100 3020 
4 514 2727 4204 4872 
1 3111 
0 
1 4652 
4 398 432 2423 3860 
4 1975 2196 2273 4109 
6 407 757 776 2347 2438 3797 
0 
2 2207 2504 
2 711 3477 
6 496 2251 2664 3102 3584 4283 
5 393 441 957 1286 1864 
3 1970 2281 4231 
3 1173 2755 3058 
0 
4 1696 2452 3485 4196 
2 858 4331 
2 298 4459 
1 1001 
4 1089 2703 3939 4589 
1 258 
2 1833 4580 
1 4238 
2 1329 3323 
1 3904 
1 1683 
3 3992 4172 4191 
4 1098 1385 3999 4227 
4 499 1907 2133 2416 
4 1783 3492 4051 4621 
3 1449 3897 4425 
5 31 1278 1437 2218 4044 
1 1244 
1 3552 
3 4318 4593 4810 
0 
2 1310 3307 
1 2790 
6 576 1664 2189 3642 4231 4410 
1 2872 
2 1418 2448 
1 1884 
3 883 3386 4585 
1 693 
1 4649 
4 823 2109 3061 4828 
1 4630 
1 2541 
3 2094 2507 2844 
3 422 3276 3867 
3 756 3223 4041 
1 2649 
2 219 1337 
1 2008 
1 1200 
3 3489 4453 4568 
4 185 1090 2077 2572 
0 
3 29 225 4740 
0 
2 1666 3650 
2 1886 3615 
8 125 1123 1484 1645 1857 1921 3343 3895 
0 
5 70 112 1503 2014 3646 
4 79 231 804 3241 
0 
3 552 801 1601 
3 804 2204 4308 
1 4211 
4 334 1168 3803 4174 
2 2107 3911 
2 3223 3467 
3 1275 3654 3990 
1 4578 
2 3441 4815 
2 2077 4872 
1 3694 
1 150 
3 2029 2735 4851 
4 2496 2587 2626 4744 
4 1657 2850 3096 3116 
3 2533 3106 3667 
1 1121 
4 3110 3338 3709 4434 
2 969 2934 
4 824 1490 3204 4406 
3 1250 1604 3448 
4 1184 2757 3155 3971 
5 975 1090 1321 3088 4398 
2 1244 3298 
3 607 1181 3330 
2 1010 4022 
1 1941 
3 1590 3680 4023 
5 1682 1929 2518 3417 3705 
2 1751 3046 
6 135 929 1067 1494 1520 2404 
1 4391 
2 2570 3163 
1 4390 
2 2074 4718 
3 294 1035 3583 
2 2168 3544 
1 4623 
6 895 1561 2248 2621 4832 4887 
2 2694 4894 
0 
3 254 761 4456 
4 882 1668 1785 4613 
3 342 3182 4215 
2 1042 3031 
4 1543 2108 2268 4474 
2 3461 4159 
3 216 2597 3547 
3 92 2199 3721 
1 225 
2 3919 4198 
2 706 4569 
1 3557 
4 1687 3456 3711 4607 
1 1485 
2 2646 3820 
6 146 577 733 2503 2948 4818 
6 1781 2336 2378 2576 3556 4635 
2 1788 2172 
5 2263 2980 3832 4484 4624 
2 2545 3771 
3 928 3838 4773 
1 4048 
3 41 1358 1476 
6 713 1115 1448 2320 2356 3174 
1 4639 
4 29 1357 3588 4087 
1 1685 
1 941 
2 479 3616 
1 2757 
3 317 1775 2695 
2 1266 2664 
1 4101 
2 2154 3381 
1 2131 
2 2764 3786 
4 1459 1579 2802 3615 
2 3422 4207 
3 3312 3319 4331 
2 159 817 
1 4374 
5 324 2072 2306 2388 4864 
3 270 2066 4738 
2 3796 4645 
1 4708 
2 684 3024 
4 742 1217 2214 4857 
4 2358 3209 3950 4816 
3 150 588 3361 
1 2648 
0 
3 523 1679 1996 
3 1359 2309 4032 
2 3016 3098 
2 1340 1694 
6 681 1997 3096 3574 3762 4374 
5 173 1787 3839 4346 4720 
3 1631 2450 2809 
6 167 452 2147 2458 3840 4365 
2 2945 4260 
3 393 2712 4290 
8 222 539 1506 1785 2332 3128 4366 4735 
3 363 1041 1726 
3 2553 3017 4817 
0 
1 2399 
3 181 1100 3416 
4 753 1175 3019 4474 
3 2236 2936 3355 
1 2431 
5 1661 2462 2652 4028 4241 
1 4365 
1 3281 
8 82 1579 1857 2750 2891 3016 3483 4234 
1 2519 
1 685 
1 1779 
3 149 152 2528 
3 1976 3341 3497 
1 3569 
2 2169 4079 
1 4298 
2 2423 4047 
3 243 1818 4229 
4 147 1052 1911 3755 
2 1418 3104 
3 468 904 1104 
3 1582 1789 2047 
0 
1 336 
1 1855 
0 
0 
2 2906 4294 
1 3871 
3 164 1597 2862 
2 737 1739 
2 698 4514 
2 2754 3753 
0 
1 1581 
2 2896 3724 
2 1642 4701 
3 1816 1996 2003 
0 
6 872 915 931 1806 1810 2297 
1 86 
2 3658 4574 
3 66 168 800 
3 210 499 3897 
1 4806 
4 838 1038 1237 3759 
2 2143 3023 
4 551 564 3256 4351 
0 
1 3187 
2 1659 2601 
1 1975 
1 1603 
3 1853 2928 4368 
3 1384 3034 3699 
2 399 1293 
1 2715 
1 2826 
3 1363 3242 4386 
2 3541 4229 
1 2289 
1 3177 
4 49 89 151 841 
0 
2 2385 2798 
6 1413 1953 2593 3066 4120 4774 
1 2401 
4 1893 2179 2496 3302 
2 2907 3170 
3 1527 3428 3640 
2 2129 4663 
2 3957 4846 
1 2738 
4 3045 3716 4371 4555 
2 203 3666 
3 162 1554 1685 
3 2502 2846 4778 
1 1421 
3 671 3158 3831 
1 2898 
2 1264 3253 
2 917 1776 
5 719 1183 1981 2147 3891 
2 2190 3402 
3 277 1509 4888 
1 2096 
2 497 3876 
2 2367 2658 
2 739 4806 
4 142 400 974 4691 
0 
0 
1 3756 
3 181 932 1388 
2 2399 2907 
3 3021 3542 4131 
3 933 3625 3731 
2 1332 4596 
2 1992 4215 
3 2070 2426 3415 
2 3090 4527 
2 308 509 
1 3435 
2 152 1979 
1 1255 
1 1256 
3 1766 2590 4136 
3 1224 1663 2839 
1 1433 
6 542 935 2104 2142 2654 4528 
4 1809 3366 3566 3861 
3 310 2666 3440 
0 
2 1106 4579 
3 2985 3007 4200 
1 3923 
3 1818 2096 3675 
1 13 
2 2793 2849 
3 1825 2391 3381 
1 1804 
2 223 3752 
3 611 1615 4281 
3 987 3676 4064 
2 1006 4186 
3 1506 2253 2742 
5 2270 3732 3754 4139 4469 
1 3568 
1 3510 
2 280 1891 
5 133 871 2432 2440 3942 
0 
2 3000 3425 
1 3167 
4 1061 2542 3495 4341 
3 105 921 3896 
0 
1 4224 
5 2089 3474 3478 3757 4128 
1 3939 
1 2784 
2 4344 4631 
4 24 414 615 3409 
0 
4 1202 2145 2869 3189 
4 344 1795 3595 4170 
3 1905 3497 4818 
2 2757 3156 
0 
4 36 1374 3543 3871 
2 3374 3858 
2 808 1946 
2 230 4011 
3 530 2731 4357 
4 1874 3478 3824 4460 
3 2609 3345 4657 
0 
1 1890 
3 201 458 2469 
2 4596 4710 
5 853 2700 2924 3350 3980 
0 
0 
1 2665 
2 2533 2538 
1 4814 
5 89 245 1220 1486 3444 
4 1035 1502 2984 4346 
2 2914 3857 
3 1056 2757 4855 
2 497 3967 
3 813 1249 3636 
2 2857 3115 
1 4129 
0 
0 
3 81 1117 4861 
3 1273 1437 3991 
3 1227 1740 4228 
2 646 3667 
5 217 471 728 1121 2619 
2 1357 3546 
1 2871 
3 8 1999 2846 
1 429 
5 494 1066 1347 1367 4614 
5 203 2094 2231 2717 4270 
2 4624 4759 
3 1139 4373 4818 
3 877 2634 3025 
1 1425 
4 31 313 1119 1175 
1 4726 
5 1382 2250 2887 3176 4502 
1 952 
2 2144 2451 
1 1299 
4 1301 1835 2777 4035 
4 1045 1594 2731 2971 
1 832 
2 402 3656 
2 1310 2277 
3 1946 3726 4695 
4 2293 2349 3081 3625 
0 
2 1365 3389 
2 294 1015 
0 
0 
2 25 3606 
5 967 1877 2863 3081 4693 
2 2642 4832 
1 1234 
2 473 747 
1 2958 
2 318 4087 
4 1930 3485 3753 3849 
6 931 1207 1523 3643 3668 3941 
3 2426 3443 3820 
2 781 2386 
4 396 1149 2690 4706 
3 212 3026 3865 
2 2211 4635 
2 1783 4548 
2 155 2733 
3 24 987 3488 
2 1711 1899 
0 
0 
2 3019 3483 
2 3494 3717 
3 729 1304 1806 
4 1168 2123 3121 4063 
1 410 
3 1401 2098 2997 
2 791 2337 
1 3264 
6 153 404 1225 1855 1973 2895 
2 1493 2651 
0 
3 2343 4091 4784 
2 614 3269 
2 1184 2753 
2 3947 4231 
1 2095 
1 354 
3 197 3111 4432 
1 4053 
3 981 2423 2883 
3 602 4342 4709 
3 655 1939 2462 
0 
3 1108 2727 3091 
2 1715 4453 
3 606 2663 4053 
2 1344 1982 
2 174 4249 
2 1891 3219 
0 
3 214 2670 3621 
1 252 
1 2627 
2 965 3594 
5 240 987 1095 1934 2313 
1 4082 
3 1207 3259 4385 
3 2053 2857 2879 
3 1535 1982 3807 
2 602 4876 
3 947 2052 2645 
0 
4 230 1207 1594 4361 
6 1112 2912 3076 3228 3950 4561 
2 407 4414 
3 2600 3478 4793 
2 1757 2379 
3 736 2858 4297 
1 2977 
3 1418 2760 4527 
1 132 
1 3314 
4 799 1275 1308 2417 
1 517 
0 
1 3802 
2 4083 4285 
1 2783 
2 432 851 
5 351 474 525 1317 1411 
3 873 1132 1702 
3 122 842 3486 
1 4631 
4 1352 1466 4353 4446 
2 895 3192 
1 3470 
4 1855 3934 4453 4832 
1 2223 
3 619 3419 4425 
0 
2 1910 2040 
2 1328 3251 
2 672 2559 
1 220 
3 2572 4407 4590 
2 1713 3762 
1 3894 
1 3208 
5 1790 2303 3109 4110 4254 
3 1367 3030 3474 
1 1071 
2 1706 3406 
1 3791 
2 112 903 
2 3080 4048 
3 354 1409 3735 
2 1195 3761 
4 875 2204 3241 4071 
4 619 3494 4060 4241 
2 4615 4723 
3 2932 3178 4220 
1 2019 
4 148 1807 2103 2511 
2 1033 1252 
2 2783 4774 
2 976 2266 
2 3837 4440 
2 3211 3829 
2 3440 3913 
2 43 691 
3 1979 3537 3832 
1 4360 
4 1027 1373 3220 3436 
3 876 1995 3010 
1 2282 
3 2163 3327 4305 
2 3275 3934 
2 4504 4533 
0 
3 958 2009 2643 
2 907 3022 
1 2798 
1 991 
1 1265 
4 836 1270 2405 4678 
3 147 450 1802 
3 753 1849 4806 
3 235 1769 4816 
5 636 3055 3774 4420 4773 
1 605 
2 809 4228 
3 1382 1508 4587 
4 893 4185 4477 4661 
3 1930 2094 3048 
1 3670 
3 1995 2138 2509 
5 32 206 1416 1792 4411 
1 2175 
4 1906 2277 2303 2842 
2 3007 4445 
4 252 1177 1543 2082 
2 2042 4181 
2 2712 3403 
2 836 4042 
1 1307 
1 1056 
3 1867 3247 3417 
0 
2 1407 1798 
5 742 1379 1997 2944 4585 
5 1572 3247 3263 3383 3925 
1 2042 
7 394 660 1537 2285 4315 4363 4470 
2 1566 4226 
0 
2 3116 3338 
3 619 3553 3747 
5 176 1443 2950 3325 3868 
2 1325 3399 
4 176 451 4353 4429 
3 1594 3334 4727 
5 989 2486 2796 2990 4428 
2 2675 3742 
3 2706 3772 4418 
3 1432 2964 4069 
3 668 4380 4724 
3 1075 3339 3426 
1 3243 
4 530 2260 4212 4445 
6 412 1375 3121 3255 3622 4712 
1 1177 
3 1521 2665 4274 
3 1832 2116 3860 
2 520 1891 
0 
2 1079 2302 
3 1890 4165 4564 
2 1432 1742 
2 493 2122 
2 488 4701 
2 369 2291 
4 231 2325 2695 2844 
4 306 1048 2586 3237 
2 23 976 
3 119 871 1148 
0 
5 1957 2863 3823 3899 4805 
3 274 1128 1374 
0 
3 22 464 2029 
1 2386 
4 1265 2064 2363 4486 
2 459 4635 
2 352 1189 
1 1105 
3 1039 1494 1973 
4 2506 2652 2880 4843 
3 125 175 1119 
1 498 
3 573 1669 1952 
3 261 4210 4527 
0 
6 755 2061 2628 3700 4337 4847 
0 
1 2395 
0 
2 282 4837 
3 617 1362 2071 
0 
3 929 3438 3771 
0 
1 2734 
4 1218 1246 3631 4089 
3 1925 3168 3666 
5 1638 3204 3732 3908 4757 
2 2502 3258 
2 718 3038 
3 1867 4308 4321 
3 3290 4109 4407 
7 882 906 1604 2295 2755 3049 4729 
1 3698 
1 1648 
3 1479 1505 4226 
3 3552 3589 4453 
3 2968 3551 3875 
2 1292 3484 
0 
2 2084 4439 
3 2115 2247 3059 
5 675 1757 2137 3054 4866 
0 
2 2302 3950 
0 
1 1031 
1 811 
3 707 1385 4150 
2 153 1494 
2 2376 4277 
3 271 657 3219 
0 
3 1703 3236 4791 
2 1727 3122 
3 1389 2901 4074 
1 4213 
3 232 1013 1402 
3 2626 4008 4590 
2 3098 3702 
2 3678 3811 
3 800 1390 3731 
5 1374 1971 4099 4315 4816 
3 299 4155 4774 
1 2192 
2 200 1584 
0 
2 380 4562 
5 1348 1723 3037 3626 4011 
2 85 2945 
2 231 4108 
2 1728 4652 
1 2367 
6 808 1038 1256 1456 3068 4062 
5 677 3551 4015 4569 4832 
1 384 
1 589 
3 184 1411 3749 
1 2245 
5 94 800 1857 3371 4196 
4 166 1550 2586 3254 
1 2637 
1 4667 
5 493 598 928 3651 4630 
2 2045 3683 
0 
0 
2 1648 2545 
3 2778 4147 4573 
2 855 1560 
2 3987 4153 
3 1242 3318 4625 
2 85 1660 
2 2798 4238 
1 4258 
1 2685 
1 3671 
1 203 
3 1222 1593 4004 
1 1138 
8 406 871 961 2996 3079 3813 4085 4336 
1 3071 
2 1775 4789 
1 4294 
4 554 855 1295 4769 
1 631 
3 2261 3368 3860 
1 3497 
5 398 2076 2858 4092 4120 
2 4137 4653 
5 1108 2286 3205 3312 4640 
2 308 3583 
0 
1 1375 
2 2061 2545 
1 904 
5 313 627 710 3540 4746 
3 560 3698 4517 
2 1123 1304 
3 1391 2793 4713 
5 976 1030 1485 1613 2104 
2 1144 3280 
2 330 3998 
4 56 314 2792 4471 
1 702 
2 488 3178 
2 1612 4622 
2 1413 2973 
3 1752 3326 4488 
2 335 2815 
2 4101 4503 
6 207 1080 1449 2351 2675 2999 
1 778 
0 
1 3 
5 945 1329 1730 1926 2995 
1 3598 
1 4533 
4 6 1479 1978 2668 
5 142 1718 1829 3008 4632 
1 77 
4 1419 3309 4054 4251 
1 4098 
6 1024 1508 2712 2892 3150 3990 
5 1192 2637 2652 4073 4167 
3 464 1160 3860 
6 561 1364 1435 1672 1695 2563 
1 1961 
3 805 2406 2888 
5 2123 2260 2328 2333 3848 
2 1021 4244 
3 384 3183 3541 
6 143 391 1620 3017 3288 3690 
3 3326 4309 4638 
3 783 2340 2896 
3 1047 2707 3462 
3 171 3611 3990 
1 1196 
2 833 3679 
2 1375 3727 
4 993 3225 4256 4800 
2 770 3232 
1 611 
3 1065 1528 3575 
1 3673 
5 378 732 3029 4368 4559 
2 2270 4018 
1 1520 
6 548 1649 1790 2129 3599 3826 
5 94 1211 1812 2321 3806 
2 230 2860 
2 1324 1817 
2 1921 2262 
2 527 4003 
2 663 1928 
5 3667 4007 4246 4334 4781 
2 2303 4523 
0 
1 765 
2 1842 3012 
2 2639 4340 
2 282 1136 
3 917 2232 4173 
7 310 325 386 3548 3632 3777 4026 
2 3163 3996 
4 1329 2182 2763 3530 
0 
2 1196 3574 
2 179 4727 
2 1601 3881 
3 1292 1566 3030 
1 4354 
0 
3 926 1198 2077 
3 3019 4280 4765 
1 431 
2 623 3055 
3 952 1019 1977 
0 
3 655 3853 3963 
1 2915 
4 186 243 1576 3182 
3 412 1191 3339 
3 840 1238 2757 
0 
3 1025 3725 4529 
2 2056 3050 
0 
2 1010 1240 
4 12 1468 3144 4495 
6 60 982 1439 2338 2595 3720 
2 523 3311 
3 1766 3674 4824 
2 853 4473 
0 
0 
6 2005 2076 2462 2632 3205 3576 
4 333 3235 3542 4521 
2 2114 4714 
1 1482 
4 1442 2489 3423 4007 
4 2153 2494 2548 4077 
2 1251 1668 
3 911 1010 4272 
2 4085 4853 
2 1894 2388 
3 3 1279 1535 
1 3490 
1 4243 
3 4205 4454 4495 
0 
1 1003 
3 1241 2492 3484 
1 1657 
2 647 3592 
2 2091 2728 
3 1745 2136 2232 
4 651 2550 3230 4792 
4 123 2589 3141 3325 
3 1077 3235 3806 
2 352 3127 
5 1427 1697 3201 4113 4896 
1 3247 
1 481 
3 2849 3154 4639 
1 1162 
5 183 215 2180 3424 4711 
2 3098 3413 
1 2885 
4 7 2729 4545 4897 
4 1113 2132 4247 4505 
0 
2 2252 4137 
1 3908 
3 2313 2790 4389 
1 146 
3 1724 3062 3537 
4 496 3491 3864 4511 
2 3952 4161 
5 180 921 1385 2393 3456 
0 
1 2554 
3 457 2880 3698 
3 267 1988 4358 
0 
3 1671 2412 4232 
2 1350 4425 
3 996 2513 2620 
3 272 983 4002 
0 
0 
2 3078 4879 
0 
1 4669 
1 1436 
4 893 4270 4411 4413 
3 3420 4262 4619 
1 2657 
2 4027 4230 
0 
2 1170 4811 
2 154 3086 
2 1830 2941 
2 2269 2628 
2 2505 4024 
4 1009 1295 1979 4861 
4 623 1159 1539 2776 
3 1280 2036 3393 
4 867 1206 3005 4556 
2 2540 4688 
4 961 1076 1363 4270 
3 910 3684 3754 
2 3376 4679 
1 966 
6 244 422 1678 4300 4609 4794 
0 
2 508 3575 
0 
2 2077 3615 
1 1200 
2 710 1016 
0 
3 1795 4773 4795 
0 
2 1916 2780 
3 2896 3057 3327 
3 757 2472 4851 
0 
3 1688 1739 3514 
4 1092 3263 4217 4832 
1 2474 
3 1679 2523 3683 
4 1494 1759 2068 3869 
1 4620 
2 3435 3851 
3 491 728 2443 
2 2027 3187 
6 630 1293 3061 3438 4193 4685 
1 1560 
2 2101 4510 
0 
4 1414 2016 2441 3957 
3 1725 3434 4404 
2 941 3063 
3 2440 3099 4778 
2 1426 3101 
1 1791 
3 1317 2034 4355 
1 966 
3 839 1883 3893 
3 1081 1345 2443 
1 1272 
3 787 1020 2275 
3 907 1514 3664 
3 654 2664 3325 
4 681 1073 2876 3883 
4 445 1873 3829 4302 
1 2405 
2 220 3714 
2 2596 4089 
1 2739 
1 1453 
3 1533 3277 4284 
2 3259 4552 
2 1190 2290 
4 2939 3500 3621 3660 
2 3219 4714 
1 706 
1 131 
4 698 879 1078 3772 
6 354 423 883 1361 2148 3330 
1 444 
2 2984 4594 
3 740 1649 3485 
3 401 2390 3827 
0 
3 3137 3258 4444 
2 129 4381 
2 583 2362 
2 504 1992 
3 1672 3552 4639 
3 1176 3195 4048 
3 2402 2636 4732 
0 
3 960 1988 2766 
3 1889 2307 2798 
5 1715 1906 3704 4425 4734 
3 1603 3938 4715 
2 440 3850 
0 
1 4850 
1 4089 
1 2894 
4 753 1187 1192 4260 
1 651 
2 408 561 
6 1572 1850 2158 2346 2459 3191 
7 514 750 870 1320 2630 4318 4580 
2 2518 3844 
4 1176 3414 4273 4752 
1 2997 
3 1517 2837 3244 
4 1566 2965 3152 4517 
3 1896 1982 2572 
4 618 2559 3514 4884 
1 904 
1 2550 
5 292 1999 2598 2649 4312 
0 
5 643 1638 2684 2685 2959 
2 431 1119 
2 522 969 
1 4469 
4 2106 2256 3542 3768 
4 1650 2097 2550 4080 
1 139 
3 2639 3006 4690 
1 1810 
5 248 1639 2305 3436 4282 
1 1321 
1 1678 
0 
1 4898 
2 533 1456 
6 134 248 866 1458 2345 3052 
0 
0 
1 282 
2 419 3224 
0 
1 3478 
2 4273 4410 
2 1338 2094 
3 2425 2633 2771 
2 1210 4798 
2 1 1881 
5 1563 2150 2914 3940 4257 
3 1972 4186 4513 
1 1098 
3 1695 3404 3444 
2 2304 4178 
2 424 978 
1 1784 
1 3882 
4 2252 2815 2954 3248 
4 391 3931 4512 4710 
4 175 1617 3326 4221 
4 2538 3239 4493 4565 
2 2385 4470 
0 
3 1247 2122 4116 
1 4517 
2 2003 3352 
1 2270 
2 1889 2139 
4 3090 3381 3559 4309 
1 170 
2 2238 3773 
1 1707 
1 1202 
1 4707 
1 1932 
2 3180 3836 
2 910 4189 
1 580 
1 850 
4 98 877 1740 4835 
2 1455 3967 
2 1563 3714 
0 
0 
3 608 2027 4879 
4 3279 3962 4031 4453 
1 1849 
2 2390 3992 
2 4133 4560 
2 3023 4297 
4 58 137 218 1732 
2 1711 2412 
5 44 741 766 1726 4026 
3 556 1745 2217 
0 
1 2915 
1 1824 
0 
2 2484 3269 
4 475 693 4462 4555 
3 2808 2840 4063 
2 1598 4133 
2 2179 4763 
5 362 875 1218 1973 4686 
1 644 
2 446 3605 
0 
0 
6 1215 2744 3008 3658 3671 4441 
1 3286 
6 189 1777 2546 2961 3969 4693 
4 894 1087 2241 2731 
2 2269 2587 
2 4423 4540 
4 236 1340 3699 4167 
2 265 4351 
7 941 1996 2637 2761 2868 3637 4099 
2 2962 4690 
2 608 2261 
2 240 4186 
1 3783 
3 926 3688 4571 
1 3613 
3 1706 2715 2719 
2 1496 2663 
4 1948 2682 3690 3735 
2 104 3573 
2 319 4206 
2 1074 2306 
4 1629 2510 3261 3583 
0 
1 4340 
4 927 1181 2194 4473 
3 513 3589 4074 
1 1880 
1 246 
1 3681 
3 988 1866 4085 
3 643 1906 2750 
1 1824 
4 71 2002 2531 3027 
2 2684 3029 
3 3799 4393 4844 
2 866 2916 
2 3698 3974 
6 326 915 1002 1661 3793 4512 
4 1842 1908 3113 4244 
1 2478 
1 4846 
2 88 3967 
2 2210 3095 
2 1461 4727 
2 1329 2627 
3 535 999 3306 
3 604 903 2687 
0 
2 1184 1885 
2 882 4610 
1 2005 
1 2985 
2 38 3471 
3 1617 4258 4287 
2 2910 2966 
1 4801 
1 410 
3 2666 3125 4727 
4 3064 3422 3876 4624 
0 
2 911 4562 
4 1586 1829 2964 4599 
1 4087 
4 24 3356 3363 4698 
3 591 3656 4122 
0 
0 
1 1446 
1 407 
1 4287 
1 3426 
2 1695 2352 
2 3588 4401 
2 3341 3982 
3 1866 3232 4752 
0 
2 2464 4578 
3 543 749 2285 
5 290 2645 4202 4237 4629 
5 252 2658 2715 3492 4861 
2 1702 2581 
3 1767 3425 4689 
1 136 
2 2877 3659 
4 416 3570 4015 4521 
0 
3 260 492 695 
1 3736 
2 2221 2536 
2 3123 4283 
5 63 816 1005 1702 3909 
3 1929 2319 2390 
4 1178 2554 3373 4135 
2 586 3394 
2 59 4408 
3 3615 3739 4019 
1 2734 
3 3068 3324 4052 
2 1979 4620 
5 3540 3854 3886 4184 4265 
2 847 2529 
5 1505 1871 2782 3349 4352 
3 479 1481 3623 
1 1198 
2 386 1942 
1 538 
4 1226 2869 4619 4742 
4 563 1410 2628 4774 
2 3657 4621 
3 2308 3577 3998 
2 1084 1675 
2 3075 3645 
2 1421 2872 
5 1115 1585 1877 2277 2640 
1 329 
2 2875 4809 
1 53 
1 478 
3 1735 2531 3585 
3 1861 2940 3546 
3 2399 3416 4533 
2 2865 4491 
3 73 635 4732 
2 2063 3756 
4 683 2866 4398 4749 
1 2246 
6 802 1851 2739 2927 3945 4174 
2 1536 1651 
0 
1 2254 
5 15 1126 2906 3174 3623 
2 1835 4339 
4 825 1312 2740 4054 
7 386 1176 1710 1849 2538 2680 2694 
5 99 2371 2407 2493 2565 
0 
3 252 1493 2081 
0 
3 2660 3247 4858 
3 236 1909 3282 
1 4813 
2 778 3204 
2 879 1984 
3 127 3970 3983 
0 
2 611 4082 
2 564 3215 
2 3624 3767 
3 553 2156 2730 
4 745 1516 2648 3235 
3 3 220 4271 
2 1455 2252 
3 439 960 1341 
2 2127 4614 
3 1857 2228 2487 
2 323 1723 
2 97 1703 
5 1552 2028 2867 3603 4721 
3 1951 2228 2816 
2 1046 2681 
3 2020 2298 3563 
3 4488 4621 4790 
2 2160 4423 
3 2572 3605 4177 
0 
3 568 822 3578 
0 
4 102 2151 2174 4769 
2 187 2701 
2 472 3048 
1 319 
1 3773 
1 4272 
1 2860 
2 1205 2376 
2 1191 3504 
2 165 240 
4 1228 1652 3659 3996 
1 4730 
0 
3 1141 2888 3254 
1 2034 
1 2961 
2 3697 4464 
5 497 565 1360 3005 4116 
4 540 950 1110 2316 
5 15 632 2193 2741 2926 
2 2142 4153 
3 1653 3935 4447 
2 441 2471 
1 2891 
4 1633 3469 4286 4615 
3 496 1945 4727 
4 92 131 4188 4536 
2 51 4089 
1 3460 
6 78 1046 1795 3233 3932 4001 
3 340 765 2614 
4 1225 2852 4183 4682 
2 3958 4448 
3 960 1590 4796 
2 2961 4542 
2 4657 4825 
2 816 3832 
1 4209 
1 2047 
2 2950 3594 
0 
2 941 3052 
2 812 2160 
4 777 1509 2307 3223 
3 141 2628 2888 
2 1883 4068 
2 1315 2774 
3 722 2935 4773 
2 3744 4632 
3 1423 4009 4518 
2 2926 3080 
2 2345 2693 
2 1314 4194 
3 274 772 3528 
2 2401 3004 
4 1090 1441 1906 3496 
5 1575 1901 2206 3571 4374 
1 1728 
4 942 1984 3045 3207 
3 2264 4537 4542 
2 813 3824 
0 
4 1844 1894 2487 2546 
2 3428 4247 
1 3941 
1 846 
3 481 2381 4827 
2 1144 3246 
4 1229 1501 2035 4279 
3 1307 3481 3550 
2 1755 2962 
4 2191 3287 3458 4435 
3 1692 3126 3168 
2 2523 3793 
4 2846 2947 2973 3352 
6 44 1210 1655 1936 2931 3780 
1 31 
2 2304 3116 
1 2019 
3 22 859 4483 
2 2847 4068 
3 1233 2957 3608 
0 
1 2789 
4 374 2683 3113 3426 
1 4393 
4 1267 1662 2113 3743 
3 938 3665 4028 
1 498 
3 436 1792 3690 
2 3765 4220 
0 
2 2363 3365 
1 1182 
2 591 3656 
2 1680 2781 
3 59 910 1568 
2 2428 3416 
2 745 2680 
2 2926 3675 
7 314 647 844 2204 2519 3931 4819 
5 2002 3609 4043 4285 4289 
5 605 947 1037 1326 1698 
4 393 3102 3888 4827 
4 1737 2315 2895 4860 
2 258 3791 
0 
2 2825 4430 
5 257 822 1310 2313 4089 
1 2837 
0 
3 72 923 1103 
0 
6 1450 2016 2150 3295 3790 3805 
4 521 1025 2529 4140 
3 1425 3738 4162 
3 3894 3926 4877 
1 3499 
3 1541 1667 2141 
0 
4 881 1169 3565 4801 
0 
1 4225 
3 2744 3709 4892 
1 3231 
4 1230 2137 2850 3913 
4 1871 2945 4079 4418 
5 435 563 2133 3857 4345 
2 3394 4258 
3 2474 4181 4735 
3 4043 4059 4810 
1 2865 
1 4258 
3 1539 3103 4465 
0 
2 225 1413 
3 580 1594 2012 
4 2074 2163 3136 3618 
2 1606 2864 
1 4848 
3 3385 3971 4388 
3 15 3124 4519 
0 
6 598 734 1043 1456 2032 3809 
2 1401 4787 
1 3851 
1 907 
1 789 
1 3443 
1 341 
1 4845 
6 952 1481 1757 3003 3545 4638 
4 1353 2281 3668 3950 
0 
0 
4 1735 1829 2914 3902 
2 2204 4711 
1 2180 
2 3480 3577 
2 2210 4516 
1 4384 
4 347 2484 2969 3892 
2 2228 4743 
2 332 4554 
2 2282 3545 
3 846 1567 2005 
2 528 2242 
2 2427 2472 
4 206 1080 1601 2753 
1 1357 
1 2027 
3 55 2438 4522 
0 
3 65 610 4620 
2 2951 3081 
1 1819 
2 271 4367 
2 3690 4830 
2 2500 4839 
2 2119 3615 
4 496 1847 1900 3530 
1 268 
6 600 703 1123 1436 2758 4121 
8 214 365 2071 2109 3695 4013 4352 4462 
2 1674 3243 
3 1535 3358 4394 
1 769 
2 2490 3250 
2 2064 4284 
3 3099 3276 4726 
0 
1 360 
1 4367 
1 4392 
3 2491 3156 3997 
2 4091 4340 
6 988 1778 3401 3487 4384 4535 
3 1199 1855 3706 
1 3842 
1 4816 
3 1969 2809 3262 
5 111 1755 3778 4486 4883 
0 
1 3439 
3 538 1290 3380 
2 144 2421 
4 365 3480 4486 4686 
0 
5 329 520 1647 3101 3114 
2 2609 3104 
3 2710 4333 4349 
6 1546 1575 2262 2674 3162 3680 
0 
0 
3 646 3182 4653 
2 450 4490 
4 1106 2551 3297 4684 
4 3083 3098 4213 4482 
1 4784 
2 766 1102 
1 1897 
2 1351 1732 
1 1048 
4 1189 1499 2857 3493 
2 1286 3872 
1 1221 
0 
3 538 4317 4353 
3 765 2614 3374 
5 107 258 638 2148 3167 
1 2097 
3 721 4297 4479 
1 3769 
2 3035 4851 
2 2907 3033 
3 135 868 4350 
3 4024 4242 4664 
2 1897 4342 
1 4868 
0 
3 477 2809 4659 
4 2862 3024 4114 4484 
1 4641 
1 1538 
6 103 669 1320 2172 4062 4892 
2 2391 4850 
1 1805 
3 116 295 3837 
1 2177 
4 454 1551 2503 3021 
4 266 990 3412 3546 
3 360 595 4084 
1 1321 
3 909 2973 3926 
2 3464 3790 
0 
2 1074 3790 
5 1392 1859 2169 2637 3382 
2 588 1271 
2 2260 4754 
2 910 4766 
6 24 35 421 2030 3491 4283 
2 2394 2529 
2 1744 3456 
3 1035 1619 1714 
3 413 1563 2840 
4 320 1769 3995 4152 
4 384 1762 2789 2900 
7 1290 2965 3406 3781 3881 4524 4557 
2 19 731 
0 
2 1460 3489 
5 1168 1449 1478 1950 3487 
3 259 1335 4264 
4 624 1128 2001 2408 
4 582 794 3355 4891 
1 4814 
1 3019 
2 1531 4228 
2 1036 2057 
1 1479 
1 2567 
1 3555 
4 300 3434 4625 4816 
3 316 916 3990 
1 2592 
2 2348 4780 
2 2686 3871 
3 2014 3467 3496 
3 4 710 3401 
3 839 1485 4178 
3 272 2117 4189 
3 686 2605 4702 
4 924 1773 2919 4820 
3 117 1337 2031 
1 2215 
7 780 2194 2990 3362 3404 3551 3967 
1 3744 
1 822 
4 986 2452 3043 4787 
1 837 
0 
5 1506 2378 2542 2857 2952 
1 3263 
1 1220 
4 966 3981 4340 4505 
0 
1 4173 
3 498 4290 4763 
3 460 1354 1613 
4 188 2272 2311 2892 
4 1541 1695 2522 2751 
3 2920 3235 3907 
3 1119 3480 3943 
2 1232 3638 
1 215 
4 1573 2471 3728 4014 
4 82 2099 3047 3110 
1 807 
1 2676 
3 91 1602 3460 
0 
1 4388 
2 885 2861 
2 1903 2020 
2 1588 4374 
4 195 1226 1316 4236 
4 7 574 3061 4398 
2 375 4746 
6 946 2029 2292 3519 4358 4363 
1 2421 
3 563 3643 4151 
2 2286 2694 
3 1238 4372 4804 
3 1240 2615 4111 
0 
2 339 3942 
1 2821 
2 3724 3744 
0 
0 
4 100 538 890 1787 
0 
5 1084 2112 2870 4730 4778 
1 1476 
6 831 1339 1342 1585 2243 3302 
2 2765 3645 
3 211 1655 3445 
4 2858 3765 4462 4739 
3 14 686 1076 
2 2196 2333 
3 467 2625 4814 
4 1359 1530 1677 2138 
1 3834 
1 3772 
3 1292 3940 4027 
4 896 1560 2599 3932 
1 3140 
1 4542 
1 4316 
7 755 847 916 1389 3632 3897 3946 
2 2496 4206 
2 1947 4298 
1 2703 
3 3732 4074 4762 
3 1868 4328 4697 
4 104 609 1956 3691 
2 54 4425 
0 
2 1128 2178 
4 3209 3387 3528 4763 
4 1541 2157 2334 3218 
2 1490 3720 
0 
0 
1 978 
6 138 2004 2716 3445 3652 4110 
3 23 1579 2745 
3 1520 2644 4353 
2 2050 4183 
3 567 2170 4216 
0 
1 611 
4 78 235 3995 4645 
2 908 2782 
5 1752 1760 4191 4216 4515 
0 
3 166 473 674 
2 1946 3764 
2 1123 1410 
2 270 2382 
6 71 1442 1554 1857 3332 4783 
1 1472 
2 307 1910 
2 2623 4880 
2 1732 3858 
1 1510 
3 375 825 4320 
5 697 1632 1792 3182 3981 
3 781 812 3803 
4 529 1228 1726 4425 
3 718 2799 2855 
2 1805 3680 
4 1231 1451 1870 3970 
1 3381 
2 3582 4050 
0 
2 3504 4693 
2 689 3942 
4 136 1254 2898 4766 
1 4699 
1 2990 
2 3053 3589 
0 
3 665 1320 4003 
2 921 972 
1 3603 
1 3150 
2 963 1134 
0 
1 1172 
4 483 1374 3009 4066 
3 300 1095 3222 
3 2913 2956 3892 
3 1716 2719 4849 
2 1040 1957 
1 1925 
1 1845 
5 353 862 1838 2977 3477 
3 1648 2338 2792 
4 588 839 2650 3459 
0 
5 1876 2471 2845 2954 4629 
4 1353 3412 3573 4708 
1 158 
0 
3 929 1676 2969 
2 2404 3867 
1 1491 
4 27 1922 3206 3268 
1 1732 
3 1478 2277 4895 
3 1850 2909 4051 
1 116 
3 575 1298 2345 
1 4866 
1 1879 
0 
3 813 1008 1172 
0 
2 3055 4846 
1 2760 
3 983 2164 3809 
4 152 746 1408 4039 
5 196 480 507 2386 2705 
2 291 1509 
3 1101 3044 4896 
2 3294 4143 
2 3427 4181 
2 1743 2560 
2 546 2721 
0 
4 530 1484 3791 4096 
5 971 1283 3828 4088 4330 
5 809 2791 2964 4098 4151 
3 1401 1532 3641 
3 741 782 3039 
6 27 2316 3061 3296 4048 4691 
3 3606 4440 4641 
2 189 1912 
2 2040 2735 
1 4685 
3 815 4068 4589 
6 554 556 1350 2665 2981 3598 
5 29 1005 1741 3250 3400 
4 440 1476 3654 4205 
1 1318 
1 2307 
4 1577 3059 3331 3520 
1 2773 
2 2080 4833 
5 305 2747 2833 3668 4308 
3 3067 3759 3875 
2 3625 4791 
3 957 4399 4625 
0 
4 2267 2472 2514 2799 
2 292 1197 
2 3086 4540 
3 16 651 704 
1 2531 
1 1154 
3 785 2311 2979 
3 1856 2366 2868 
2 595 1471 
2 2938 3586 
2 3624 4371 
1 1184 
2 1789 2698 
3 30 492 2349 
4 608 942 3264 4192 
2 1089 1850 
4 1001 2286 4397 4820 
4 99 161 2531 4684 
2 523 3460 
1 1369 
1 3179 
2 2365 4393 
1 974 
1 4852 
1 3597 
2 1762 1979 
1 3788 
3 723 1773 2821 
0 
0 
1 1488 
3 24 831 1279 
1 1076 
1 2770 
3 1127 1727 2681 
2 3452 4719 
4 3 936 2754 3807 
0 
0 
1 4188 
0 
2 4373 4660 
4 768 1373 3832 4628 
3 2682 3985 4363 
3 304 1437 2524 
1 3804 
6 135 317 394 704 1780 4071 
5 1687 1799 2419 3911 3999 
2 3198 4624 
2 650 2408 
6 648 881 2343 3319 3992 4564 
1 4887 
2 2360 3311 
0 
3 2063 2828 4522 
3 779 1754 4053 
2 765 4567 
3 793 2602 4780 
3 3145 3507 4852 
2 2400 4449 
2 1439 1583 
3 1598 1712 2897 
0 
4 188 1469 3329 4730 
4 2213 2236 2917 3955 
4 53 690 3087 4590 
1 3358 
4 1414 2249 3268 3940 
2 3761 4313 
5 99 648 1129 2395 3497 
2 58 3634 
6 729 1442 1916 2663 3733 3861 
2 427 3882 
0 
2 388 2708 
3 928 2582 3036 
1 4678 
4 1468 2450 2626 3099 
2 49 4147 
0 
2 2371 3427 
1 3493 
2 579 1695 
3 1146 3301 4346 
6 563 3488 3703 4033 4047 4182 
1 2195 
2 797 3547 
3 4168 4500 4706 
1 2785 
4 1510 2837 3877 4112 
2 1021 1105 
2 2788 3881 
3 1725 3104 4286 
0 
0 
4 663 1443 1930 3085 
2 4505 4819 
3 710 1421 2993 
2 1030 1789 
3 1038 2237 4096 
2 801 4319 
3 856 1308 3015 
1 123 
4 419 2709 3631 4485 
0 
4 802 1602 1966 2067 
4 953 2372 2633 4114 
1 52 
3 310 2540 2729 
4 1946 2567 3894 4064 
2 1208 1592 
3 1694 1999 4416 
2 357 1291 
1 2887 
1 3542 
1 127 
3 1310 2199 3296 
1 1673 
0 
3 1463 1838 4521 
4 2090 3984 4465 4527 
3 1261 2181 2528 
4 1332 1355 3709 4850 
2 4417 4566 
1 942 
3 754 890 4806 
3 2567 3619 4157 
2 1467 2083 
1 4800 
2 304 4842 
6 1852 2636 3063 3456 3817 4204 
6 1649 3174 3432 3578 4097 4824 
2 170 2526 
2 341 2815 
2 55 604 
4 1525 3185 3839 4500 
2 654 1485 
5 235 2626 4443 4700 4786 
1 3690 
1 1233 
1 4548 
3 2497 3349 4375 
3 82 653 4889 
5 875 1189 1396 1897 4780 
3 214 4301 4456 
1 684 
1 3617 
1 4151 
3 748 3568 4640 
3 1496 1853 3752 
3 2625 2822 3383 
2 2481 3809 
2 1376 3817 
1 4190 
1 637 
2 55 3929 
1 2407 
3 1891 3675 4771 
3 1677 4045 4277 
1 47 
3 1855 2605 4811 
6 509 1085 2194 2744 2870 4490 
2 952 3514 
5 2419 3153 3197 3454 4768 
0 
2 761 1317 
3 1591 1636 4105 
3 1118 2969 4287 
4 951 2439 3795 4803 
0 
1 4130 
3 3274 4433 4508 
2 2578 3010 
6 2283 3090 3455 3577 4356 4440 
1 3106 
3 3058 3255 3297 
4 103 1110 4257 4739 
3 1854 4450 4659 
0 
1 22 
1 475 
3 2112 3727 4774 
6 171 506 2036 2129 2370 4192 
3 34 867 2872 
2 4223 4260 
3 115 2616 2980 
0 
3 122 2710 4334 
4 1006 2057 2083 2775 
6 484 3040 3320 3404 3589 3824 
3 366 1441 4637 
1 2118 
4 847 1342 2218 3961 
2 592 853 
3 1870 2490 3534 
0 
1 4335 
2 150 282 
0 
2 352 4772 
1 3524 
2 1851 4024 
1 4307 
7 1359 2107 2369 3180 4030 4607 4863 
2 356 3530 
3 934 1120 4296 
3 762 1457 4581 
7 478 499 2018 2795 3885 4402 4765 
3 3014 3821 4390 
4 1272 2548 4666 4701 
1 3739 
1 2282 
2 641 3278 
5 157 219 721 1437 2181 
2 1222 3089 
1 4128 
1 165 
3 252 1393 4261 
6 1595 2467 3285 3800 4069 4895 
3 270 684 2173 
3 2545 4846 4892 
2 1032 3084 
2 1383 2277 
2 3557 4602 
2 2219 2668 
6 461 1206 1674 1711 1876 4395 
1 2827 
0 
0 
4 120 1366 2935 3011 
1 2305 
1 739 
3 179 276 1773 
2 2689 3377 
3 577 1935 4273 
0 
2 3786 3966 
1 4551 
2 2175 2424 
1 1749 
3 847 1405 4358 
2 62 3899 
0 
2 2608 2656 
3 2829 3040 4694 
1 3193 
2 1635 4785 
3 1226 1496 2138 
3 44 816 4432 
4 1119 4280 4401 4863 
3 172 835 2013 
5 844 874 1019 2075 3041 
4 460 2004 4598 4861 
2 3756 4613 
4 405 573 1138 3764 
3 123 1730 3917 
1 201 
2 3 1 2 2 1 3 2 1 1 1 2 1 2 1 1 2 1 1 3 2 1 1 1 1 1 2 1 2 3 2 2 1 1 1 1 4 2 2 3 1 2 3 1 1 1 1 2 1 4 3 2 2 3 2 1 1 1 4 2 2 1 1 2 1 1 1 2 2 2 1 2 3 2 1 1 1 3 1 2 1 3 2 2 3 2 1 1 2 1 3 1 1 1 2 1 1 1 3 3 2 1 2 2 2 1 2 3 1 1 2 1 1 4 1 1 2 1 1 2 1 2 1 2 2 1 1 2 1 1 1 2 3 1 1 1 3 1 2 1 1 1 1 4 1 3 2 1 1 2 4 2 3 2 2 2 2 2 1 2 1 1 2 1 1 3 1 1 3 1 2 4 2 1 3 1 4 2 1 1 1 1 1 3 1 4 1 2 4 1 1 1 2 1 2 1 1 3 1 1 3 3 3 3 1 1 3 1 1 2 3 2 1 2 4 3 2 3 1 1 2 3 3 1 2 2 1 2 1 2 3 2 1 2 1 3 4 1 2 1 1 2 1 2 1 2 2 3 4 1 1 1 2 1 2 1 1 3 1 3 1 1 1 1 1 1 3 1 1 1 1 1 3 1 1 1 1 2 2 1 2 2 2 2 1 2 1 3 1 1 3 2 3 1 2 2 1 3 1 3 4 1 1 1 1 1 1 2 2 1 4 1 1 1 3 2 2 3 1 2 1 1 2 2 2 1 2 1 1 3 1 1 3 2 2 2 3 2 1 3 1 2 2 1 2 1 1 2 1 1 1 1 3 1 2 1 3 2 3 2 2 1 2 1 1 2 2 1 2 1 1 1 2 2 2 1 2 1 2 2 2 2 2 1 1 1 4 2 2 1 2 1 1 1 3 1 1 1 1 1 1 1 1 2 2 1 2 3 1 1 2 2 2 1 2 1 3 1 3 1 1 1 1 1 1 1 1 2 1 1 2 2 3 1 1 1 2 1 2 2 2 1 1 1 3 1 2 1 1 2 1 2 1 2 2 1 2 1 2 1 3 2 1 1 3 2 1 1 3 1 1 1 1 1 1 1 2 2 1 3 1 3 1 3 1 2 2 2 1 1 3 3 4 2 2 2 1 2 2 1 1 2 1 1 1 1 2 1 1 4 1 1 1 2 1 1 1 2 2 1 3 1 1 1 1 1 1 3 1 2 1 1 1 1 2 2 2 1 2 1 2 1 4 1 1 1 2 1 2 1 1 3 1 1 2 1 4 2 1 1 1 3 1 2 1 1 1 3 2 1 2 1 1 1 1 1 2 1 1 2 2 1 2 1 3 1 4 3 2 1 1 2 1 3 1 1 2 2 4 3 2 1 3 2 1 3 2 2 3 1 1 2 1 1 2 1 1 2 3 1 1 2 2 2 1 3 1 3 1 2 2 2 1 1 2 2 1 3 1 1 3 2 1 1 2 4 3 1 1 1 2 2 2 3 2 1 1 1 1 1 1 3 2 2 3 1 1 3 2 1 1 1 2 1 3 1 3 1 1 1 2 4 2 1 1 1 1 1 2 1 1 1 2 2 1 3 2 2 3 1 1 1 2 2 3 1 1 2 1 1 4 2 2 1 1 1 1 3 3 1 1 2 2 1 2 1 1 2 3 2 1 2 1 4 1 1 1 2 1 2 1 1 1 3 2 2 1 1 2 4 4 1 1 3 1 2 1 3 1 2 2 2 3 3 1 1 2 1 1 1 2 1 3 1 2 1 1 2 3 3 3 2 1 3 1 1 2 1 2 3 1 3 2 2 2 1 2 2 1 2 2 2 1 1 2 1 1 2 1 2 1 2 3 1 1 4 2 2 2 2 2 1 2 1 2 1 2 1 1 1 2 3 3 2 1 3 1 2 2 4 1 2 2 1 4 4 3 1 1 1 2 2 1 3 1 2 2 1 3 1 2 3 2 1 2 3 2 1 1 2 1 2 2 2 3 2 2 2 1 2 2 1 1 2 3 1 1 3 1 1 1 1 1 3 2 1 1 1 2 1 2 2 1 4 2 1 3 1 2 2 3 1 3 1 2 3 2 1 1 1 1 3 1 1 3 1 2 1 1 1 1 2 1 2 2 1 3 1 1 1 3 2 3 1 2 3 1 3 1 2 1 2 2 3 1 4 1 3 3 1 1 1 1 3 1 3 2 2 1 1 2 1 1 1 3 1 3 1 3 1 1 2 2 3 1 1 4 1 3 1 2 3 3 2 1 2 1 1 3 3 1 2 2 2 1 3 1 1 1 3 1 1 3 1 1 2 2 1 1 2 1 1 1 1 1 1 3 1 2 1 1 2 1 1 2 3 1 1 1 2 1 1 1 3 1 1 3 3 3 1 2 1 1 1 1 1 3 2 1 2 2 3 1 1 4 1 1 4 2 1 2 2 2 1 2 2 3 1 2 2 2 1 1 1 3 1 1 2 2 1 1 1 2 1 1 2 1 1 2 1 3 1 3 3 2 3 1 2 1 2 3 1 2 2 2 1 3 3 1 1 2 3 1 3 1 1 2 2 3 1 1 1 2 2 3 2 3 2 3 2 2 3 4 1 2 1 2 4 2 1 2 1 4 1 2 2 1 2 1 2 3 3 2 1 3 2 1 1 3 1 3 1 3 1 1 1 2 2 1 1 1 1 2 2 2 1 1 2 1 3 1 2 2 2 2 1 1 2 1 2 2 3 1 1 1 1 3 3 3 1 3 2 3 1 1 1 1 1 2 2 2 1 1 1 2 3 1 2 3 3 1 1 2 2 1 1 1 2 2 1 3 1 1 1 1 1 1 1 2 1 2 3 1 3 1 3 3 1 1 1 2 1 3 1 2 1 2 2 2 1 2 1 1 1 1 2 1 2 2 3 2 1 1 1 1 1 3 3 1 1 1 2 2 2 1 2 1 1 1 1 2 4 2 3 2 1 1 2 3 1 2 1 1 2 3 4 1 1 1 1 1 3 1 1 2 1 3 1 1 3 2 2 1 1 3 1 1 1 1 3 2 2 2 1 2 1 1 1 1 2 3 3 4 2 1 1 1 2 3 2 3 1 2 1 3 3 4 2 1 1 1 3 1 1 1 3 1 2 1 2 1 1 2 1 1 4 2 1 1 2 4 2 2 3 1 1 1 1 1 1 1 1 1 1 1 1 3 2 1 2 2 1 2 3 4 1 1 2 2 4 3 1 3 1 2 3 1 1 1 1 2 1 5 1 1 2 3 3 1 2 3 2 2 2 1 1 1 1 3 3 2 1 1 2 1 2 3 3 1 4 1 1 1 3 2 1 1 1 1 2 1 1 2 2 1 2 2 1 1 3 1 2 1 3 1 3 1 2 2 2 2 1 1 3 4 1 3 1 1 3 1 1 1 3 1 3 4 2 4 2 3 2 1 1 3 1 1 2 1 1 4 3 2 2 1 1 2 1 2 1 2 2 1 2 3 2 2 1 3 1 1 2 1 4 2 1 1 1 1 1 1 1 1 2 2 1 2 1 2 2 3 1 1 3 1 1 2 1 2 1 1 1 3 1 1 1 2 2 1 1 2 1 1 2 1 4 1 2 1 1 3 3 2 3 1 1 1 1 2 2 1 4 3 2 3 1 1 1 2 1 2 1 1 1 1 2 1 4 2 2 4 4 1 1 2 3 1 1 1 2 1 2 2 1 1 1 1 1 1 2 1 2 2 1 1 1 2 1 2 3 3 2 4 1 2 3 1 3 1 2 3 3 1 2 1 1 1 1 1 3 3 1 2 3 5 1 1 2 2 1 1 1 1 1 1 2 2 2 1 1 3 1 1 1 2 2 4 1 1 2 1 1 3 1 3 1 3 3 4 4 1 1 2 1 2 1 4 2 1 3 1 1 2 3 1 2 2 3 1 1 2 1 2 1 1 3 1 2 3 2 2 1 2 1 1 3 1 2 1 1 1 2 1 2 3 1 1 2 1 3 1 3 1 1 1 1 2 1 1 2 1 1 1 1 1 2 3 3 1 1 1 1 1 2 2 1 1 2 3 2 2 1 4 1 2 2 2 1 2 2 1 3 4 1 1 1 3 1 2 2 2 1 1 1 1 1 3 2 3 2 1 2 1 1 2 2 1 2 1 3 2 1 1 2 1 1 1 1 2 2 1 1 2 1 3 1 1 4 1 2 1 1 1 1 4 3 1 3 1 3 1 2 1 1 1 2 3 3 1 2 1 2 4 1 1 2 1 2 1 1 2 4 1 1 2 1 1 2 3 3 2 3 3 3 4 2 2 3 2 1 1 1 2 2 1 1 1 2 2 1 2 1 3 1 2 1 4 1 1 1 1 3 1 2 4 1 3 1 2 3 2 3 2 1 1 1 1 1 1 2 1 2 2 1 1 2 1 1 1 2 3 1 1 2 1 2 2 1 4 2 1 2 2 3 1 2 3 2 2 2 1 1 1 3 1 1 1 2 1 3 1 3 4 1 2 1 1 1 1 3 2 1 1 1 2 2 5 1 1 4 1 1 3 2 2 3 2 1 1 2 3 3 2 2 2 3 2 1 2 2 3 1 1 1 1 1 1 1 1 3 1 2 3 1 3 1 2 3 1 3 2 3 2 2 1 3 1 2 1 1 2 2 2 2 1 1 2 1 1 1 1 2 1 4 1 2 1 1 1 2 1 2 3 1 2 2 2 2 1 1 1 2 1 1 1 1 1 3 1 1 1 2 1 1 1 2 3 3 4 2 1 1 2 2 1 1 2 2 3 4 1 2 3 2 1 2 1 2 2 1 1 1 1 2 2 1 1 2 3 2 1 1 2 2 1 1 2 1 3 1 2 2 1 2 2 3 1 1 1 1 2 1 1 3 2 1 3 2 1 1 1 1 2 2 1 1 2 1 1 2 1 1 1 3 2 2 1 2 1 2 2 1 2 1 1 4 1 1 1 3 3 1 1 3 1 2 1 1 1 3 2 1 1 1 3 1 2 1 1 3 1 1 1 3 3 3 1 1 2 1 1 2 2 1 4 1 1 2 1 1 2 4 3 1 2 2 2 1 2 2 1 2 1 2 1 1 2 2 4 2 2 1 3 1 1 1 2 1 1 2 3 1 3 1 2 1 2 1 1 2 1 1 3 1 2 1 1 5 1 1 1 3 2 1 1 2 3 1 3 1 1 1 1 2 1 4 1 3 1 1 2 1 2 3 1 2 3 2 4 1 2 1 2 2 1 1 1 2 2 1 3 1 1 1 1 1 1 2 3 2 1 2 1 3 1 2 1 2 2 1 2 1 1 1 2 1 1 3 2 4 2 1 1 1 1 2 1 1 3 1 1 1 1 1 1 2 1 1 2 1 2 2 4 1 2 1 1 1 4 2 2 1 1 2 2 3 2 1 2 2 1 2 2 1 2 3 1 2 1 3 2 3 1 2 1 2 1 2 3 1 2 2 4 1 2 1 1 3 1 2 1 1 2 1 3 2 2 2 2 2 2 3 2 1 2 3 1 1 1 2 2 1 2 2 1 2 1 2 1 2 3 2 1 2 1 1 3 2 1 1 1 1 1 1 3 1 1 1 2 2 2 1 3 1 3 1 1 2 1 2 1 2 3 1 1 1 2 1 2 4 3 2 1 2 1 1 2 1 1 1 1 1 1 1 2 1 2 1 1 2 1 1 2 1 1 1 1 1 3 1 1 2 2 3 1 2 2 2 2 3 1 3 1 2 1 2 2 1 4 1 3 1 3 1 1 2 1 1 1 1 3 2 2 3 1 1 1 1 1 2 1 1 2 2 1 2 1 1 1 2 1 2 5 1 1 1 1 1 2 1 1 2 1 2 1 1 1 2 2 1 3 1 2 2 2 2 1 2 1 1 2 2 2 1 1 1 1 1 1 2 1 1 1 2 1 2 1 1 1 1 2 1 3 1 1 1 1 1 4 1 3 1 1 2 2 1 1 3 3 1 1 1 2 2 1 3 1 1 1 1 1 2 4 1 1 2 1 3 2 1 2 1 1 2 4 2 2 2 1 1 1 2 1 1 3 2 3 1 1 3 2 2 1 3 2 2 1 1 2 1 3 4 1 1 4 2 1 2 1 1 4 3 2 2 2 1 2 2 2 1 1 3 1 1 2 3 2 1 1 2 1 2 3 1 2 2 2 1 2 3 1 2 1 2 2 2 2 1 1 1 3 3 1 1 1 1 1 1 1 1 2 2 1 2 2 1 1 4 2 1 1 2 1 1 4 1 3 2 3 1 3 1 1 2 1 1 2 1 2 2 3 1 2 1 2 2 2 1 2 1 2 2 3 2 1 1 2 2 2 1 2 2 1 1 2 1 1 2 2 2 2 3 1 1 1 3 1 1 1 1 3 3 2 2 1 2 2 1 2 3 2 1 1 1 1 2 2 1 1 2 1 1 2 1 4 1 3 1 1 2 1 2 2 2 2 1 1 3 1 2 2 1 2 3 4 3 2 3 1 4 2 1 1 1 2 2 1 4 1 2 3 1 2 3 1 2 1 4 1 1 1 2 1 2 2 2 2 3 3 1 3 2 1 1 4 1 1 1 1 2 3 1 2 1 3 3 2 2 2 1 2 3 1 1 1 1 1 2 2 1 1 3 3 2 1 2 2 1 1 2 2 2 1 3 1 2 2 2 2 1 3 1 2 1 3 2 1 1 1 1 2 1 1 3 3 2 4 2 2 1 1 1 1 4 2 3 1 1 1 1 2 2 2 2 3 2 2 2 2 1 2 3 1 1 1 2 2 2 1 4 1 1 3 1 2 1 1 1 1 1 2 1 1 1 1 3 2 1 1 3 2 1 1 3 2 2 3 2 1 1 2 1 2 1 3 2 1 1 2 1 3 2 1 1 3 3 2 2 1 1 2 1 1 2 1 3 1 2 3 2 2 3 1 2 1 1 2 1 1 1 1 2 1 1 1 2 1 2 1 2 3 2 1 2 1 2 2 1 3 2 1 1 2 1 2 3 1 1 2 4 1 3 1 2 2 3 2 1 1 2 2 1 1 2 1 2 4 2 2 2 1 2 1 1 1 2 1 2 1 1 3 1 1 1 1 1 2 1 3 1 2 1 1 2 1 1 1 1 1 2 2 4 2 1 3 1 2 1 1 1 2 1 3 2 3 1 1 3 1 2 1 3 1 1 1 1 1 2 2 1 2 2 2 1 1 2 2 3 1 1 2 4 1 3 1 3 3 1 2 1 1 1 2 2 3 1 2 2 3 2 1 2 1 1 1 1 1 2 2 1 1 1 2 3 1 2 1 1 1 2 2 1 2 2 2 4 1 1 1 3 1 2 1 1 2 1 1 2 1 1 3 3 1 2 1 2 1 1 2 1 2 1 3 2 1 1 1 1 2 2 1 1 1 1 1 3 2 2 2 1 2 1 1 1 1 1 2 1 1 2 1 2 2 2 3 2 3 4 1 1 3 2 3 1 1 2 2 3 1 2 1 2 1 1 2 1 1 1 2 1 1 2 2 2 3 3 1 4 1 2 2 2 3 1 2 2 1 1 1 2 1 4 1 3 1 2 1 1 1 2 1 1 2 1 1 2 1 4 2 3 1 2 2 1 1 1 2 1 2 1 2 2 3 1 2 1 3 1 1 1 2 3 2 1 1 2 2 3 1 1 1 1 1 2 2 2 1 2 1 3 1 3 2 1 2 2 2 1 1 2 1 1 2 2 2 1 4 3 1 1 1 2 1 1 2 1 2 2 1 1 3 2 2 1 1 1 1 2 2 2 2 1 1 3 2 2 1 1 2 1 1 2 3 2 1 1 2 1 1 1 1 3 2 1 2 1 4 2 3 1 2 2 1 1 1 1 1 3 4 1 4 3 1 2 3 1 2 1 3 3 1 1 2 1 1 2 2 4 1 1 2 1 1 1 1 1 3 3 2 3 2 2 1 1 2 2 1 2 1 3 2 1 1 1 1 2 1 2 3 1 1 1 1 1 1 1 1 3 1 1 3 2 2 3 1 1 2 2 1 1 2 3 1 1 1 2 1 3 1 1 1 1 1 1 1 3 2 1 2 2 1 1 2 2 1 1 1 2 2 2 2 1 1 2 1 1 2 2 2 2 2 2 2 2 1 2 1 2 3 2 1 1 1 1 1 2 3 1 1 1 1 1 1 2 1 3 1 1 2 1 1 4 1 4 1 2 1 1 1 1 1 2 2 1 1 2 1 2 2 1 3 3 1 2 1 2 5 1 1 1 1 1 1 2 2 1 1 1 3 1 1 1 1 2 1 2 3 2 2 1 1 3 2 1 2 1 1 1 3 2 3 2 1 1 3 1 1 1 2 1 1 1 1 2 3 2 1 2 3 1 4 1 2 2 1 1 2 1 3 1 1 1 1 1 2 1 3 1 3 1 2 1 1 2 2 1 3 1 1 1 1 4 1 2 2 3 2 2 2 2 1 1 2 1 2 1 1 2 1 3 1 1 1 4 2 1 2 1 1 1 1 1 1 1 1 1 1 1 2 1 1 2 2 2 5 1 2 2 2 1 3 1 3 2 1 1 2 1 1 1 2 3 1 2 1 2 1 1 1 2 1 3 1 2 1 2 1 1 1 3 1 2 1 1 1 1 1 1 1 1 1 1 1 3 1 1 2 2 1 2 1 2 1 1 2 1 3 3 1 1 2 2 2 1 2 3 2 2 2 1 2 3 1 1 3 2 1 1 2 2 3 2 2 1 1 3 1 1 2 3 1 3 2 2 2 3 1 3 1 2 1 2 3 1 1 1 1 1 1 1 2 2 2 1 1 1 3 1 1 1 1 1 2 1 3 3 2 2 1 2 2 2 1 3 1 1 1 1 2 3 1 1 1 2 1 1 1 2 3 1 1 1 3 1 1 2 2 1 1 2 2 2 1 1 1 2 1 1 2 2 2 1 1 1 2 2 1 1 1 1 1 1 1 1 1 1 2 2 1 3 3 1 3 2 3 2 1 1 1 1 3 3 3 3 1 1 1 1 1 1 2 1 2 1 1 1 3 2 4 2 2 2 1 1 1 1 1 2 1 1 1 3 1 1 3 1 1 1 1 2 3 1 1 3 1 1 1 1 1 2 1 1 2 2 2 1 2 1 3 3 1 1 1 3 1 2 1 3 3 1 2 2 1 2 3 1 1 2 1 2 1 3 1 1 1 1 1 3 1 1 1 3 1 2 2 1 2 1 1 2 1 2 2 1 1 1 1 2 1 2 2 1 1 2 1 1 3 1 2 1 2 1 2 3 1 1 1 2 2 1 1 2 1 1 3 1 3 1 1 2 3 2 2 3 1 1 1 1 3 2 1 1 1 1 1 1 2 2 2 3 1 1 3 3 2 1 2 2 2 1 2 2 2 1 1 1 1 3 1 2 1 1 2 1 2 3 2 2 1 1 2 1 2 1 4 4 2 2 3 2 1 3 3 3 1 2 4 2 4 2 2 2 2 3 2 1 2 1 3 2 1 2 2 2 1 3 2 2 2 1 2 1 3 3 2 1 1 2 1 2 3 1 1 2 3 2 1 2 2 2 1 1 2 1 2 1 2 2 3 1 2 1 1 3 3 1 3 2 1 2 1 3 2 1 1 1 2 2 2 2 2 3 2 1 1 1 2 1 2 1 1 2 1 3 2 3 1 2 1 1 2 2 2 1 3 1 2 1 1 1 3 1 1 3 1 2 2 3 2 1 2 2 1 2 1 1 1 2 4 1 1 1 1 1 1 1 2 1 3 2 1 3 2 2 1 1 1 2 3 1 2 3 1 3 2 2 2 2 2 1 3 2 3 2 1 2 3 1 1 1 1 1 2 2 1 1 1 1 3 1 1 3 2 1 1 2 1 2 2 1 1 1 2 3 1 1 1 1 1 1 2 1 2 1 3 3 2 1 1 2 1 2 2 2 1 1 1 1 1 1 1 3 1 2 1 1 3 1 3 1 3 1 1 1 1 3 2 2 2 1 3 1 2 3 2 3 1 1 2 2 2 2 1 1 1 1 2 1 2 1 2 1 1 1 2 1 1 1 1 2 2 3 1 4 1 1 2 1 1 1 1 1 1 1 2 1 2 2 1 1 2 1 1 2 1 1 1 2 1 2 2 1 2 3 4 2 2 2 1 1 1 1 1 2 1 1 1 1 3 1 1 1 1 3 1 3 2 2 3 1 1 1 3 2 1 1 1 3 1 3 1 3 2 3 1 1 2 1 3 1 1 1 1 3 2 3 1 2 1 1 2 1 3 1 2 2 1 2 1 1 1 2 1 1 2 1 1 1 2 2 2 1 3 1 2 2 2 1 1 1 1 2 2 2 1 1 1 1 2 1 3 1 2 2 2 4 1 3 1 2 1 2 1 2 2 2 3 1 2 3 1 2 1 2 1 2 1 1 2 2 2 3 1 2 1 1 2 1 1 2 3 1 2 2 2 1 2 1 1 3 1 2 1 2 1 1 1 2 3 2 3 2 1 2 1 1 1 1 1 2 2 2 3 2 1 3 1 4 2 4 2 2 2 2 1 1 1 1 2 2 2 1 1 1 2 1 1 1 1 4 1 1 1 1 1 2 2 2 2 2 1 1 1 3 1 3 1 1 1 2 1 2 1 1 1 1 1 1 2 1 1 2 2 2 1 1 1 1 2 2 2 1 1 1 2 1 1 1 1 1 2 1 2 2 1 1 1 1 1 2 2 3 2 1 1 1 3 1 2 1 1 1 2 1 1 1 1 1 1 1 1 1 1 2 3 2 1 1 2 2 2 1 2 3 4 1 1 2 3 1 2 2 1 2 3 1 4 1 2 2 1 1 2 3 1 2 1 1 2 1 2 1 1 2 3 1 3 1 3 2 2 1 1 2 2 1 3 1 1 1 1 1 2 2 2 1 2 1 3 1 3 2 4 1 1 3 2 2 1 1 1 1 1 2 2 1 3 2 1 2 3 2 3 1 1 1 4 3 1 1 1 2 2 1 2 2 2 2 4 2 1 1 3 1 1 2 2 2 1 1 1 1 2 2 2 1 2 2 1 2 2 3 4 1 1 1 1 2 3 1 
