s 3400
1 552 
2 2723 2789 
3 715 808 1153 
2 1552 2698 
3 30 1911 3013 
1 2956 
1 1946 
0 
1 2013 
6 507 1008 1550 1593 2513 2921 
5 38 929 1710 1949 2892 
1 3148 
0 
7 267 922 1275 1351 1813 2041 2749 
2 1322 2641 
3 472 1072 1697 
2 506 3062 
2 163 3368 
1 959 
1 1143 
1 2381 
2 577 2005 
1 685 
1 1781 
2 289 3295 
1 1341 
3 1323 1852 3324 
1 31 
1 2809 
2 666 2413 
7 4 577 1768 2010 2269 2350 3114 
3 27 1077 2245 
1 364 
1 2161 
5 1006 1087 2422 2967 3166 
3 91 1767 2230 
3 1882 2027 2197 
4 2012 2215 2554 2841 
3 10 704 3054 
5 316 2092 2750 3019 3154 
4 920 2164 2628 3251 
2 236 3143 
2 77 320 
3 1975 1998 3026 
1 1028 
3 836 1704 2832 
3 1375 2743 2752 
1 1672 
3 904 1333 2319 
2 1204 1965 
5 341 542 892 2330 2629 
2 1029 1878 
2 1961 2226 
1 427 
4 1241 1989 2046 2690 
6 109 280 911 1484 2532 2976 
2 73 345 
6 1028 1728 2437 2482 2863 3046 
4 572 1910 2339 3126 
2 504 1974 
4 266 1635 2246 3370 
2 1697 2018 
3 405 1280 3301 
4 1197 1380 1816 2176 
3 1191 1359 1402 
1 1478 
2 2011 2369 
1 2344 
2 1190 2218 
2 1441 2368 
1 797 
3 401 1230 1317 
2 851 2772 
6 56 137 186 526 551 3089 
2 3027 3078 
5 288 472 2431 2613 2658 
1 3102 
2 42 1426 
4 287 2373 3219 3293 
3 191 779 1312 
2 3022 3299 
1 1232 
2 180 2717 
1 908 
2 926 2008 
1 2976 
1 703 
1 682 
1 2233 
2 2104 3293 
1 1626 
3 35 2352 3069 
4 1534 1543 1830 2066 
3 699 1024 2353 
2 276 2625 
4 875 3244 3371 3393 
3 798 2722 2763 
2 955 1082 
5 251 1493 1896 2400 3161 
1 290 
4 1091 1206 1333 3021 
3 591 741 1320 
2 741 1617 
2 333 918 
2 1862 2937 
1 2627 
3 132 2825 2879 
1 884 
2 1781 3215 
4 55 873 3177 3178 
2 2132 3211 
1 665 
2 652 907 
3 1271 2669 2899 
1 2170 
4 405 797 1610 2253 
1 2980 
2 197 1760 
3 1420 2415 2691 
0 
0 
2 1144 2025 
4 273 393 1143 1942 
1 961 
4 894 1119 1194 2494 
3 284 329 1235 
2 1220 2626 
1 2125 
1 2242 
1 3344 
1 2776 
1 3237 
4 106 319 662 2565 
3 342 2303 2464 
5 227 292 1050 1879 3016 
0 
5 613 1273 1574 2037 2124 
7 73 970 1720 1733 2489 2709 3318 
1 420 
4 652 1111 2006 2413 
4 271 677 2981 2989 
2 1336 3139 
3 2032 2850 3220 
0 
4 376 1216 2222 2424 
1 3030 
3 358 755 762 
4 1671 1865 2638 3122 
0 
1 1754 
4 943 1373 1471 3156 
2 1225 2300 
1 1792 
3 1393 2252 2757 
1 1947 
1 1775 
2 1278 1563 
3 1920 2178 2594 
2 1706 3139 
2 750 2760 
2 3080 3237 
0 
4 655 1624 2077 2789 
5 17 281 1784 2949 3128 
4 782 1215 1883 2700 
1 2114 
2 2616 2958 
1 2451 
3 738 2440 3253 
1 816 
1 2983 
7 1793 1810 1874 2427 2860 3017 3363 
2 1471 2536 
4 474 522 2768 2941 
4 265 1218 2026 2431 
2 651 2901 
1 483 
3 953 2891 3143 
4 1109 1273 2344 3102 
1 678 
4 82 986 1930 3069 
0 
2 1589 2641 
3 1514 2142 2285 
2 285 3278 
3 591 2039 3319 
2 73 1014 
3 2044 2118 3026 
1 1897 
4 847 2401 2587 2900 
2 459 1602 
2 79 856 
2 730 2732 
3 274 409 3188 
2 400 1242 
0 
2 1033 2413 
2 117 2727 
2 307 1499 
3 1770 2279 3021 
2 1252 1565 
4 305 338 1475 1762 
6 547 1237 2151 2499 2989 3234 
2 1161 1272 
0 
5 668 756 1597 2639 2742 
4 289 1475 2902 3165 
3 338 3098 3382 
2 2589 3085 
1 1253 
3 227 228 3222 
6 265 1525 1687 1766 1916 2973 
1 674 
1 1863 
2 2942 3065 
0 
3 1469 2581 2889 
1 910 
3 552 619 2049 
4 488 628 2423 3361 
2 2920 3235 
3 805 1777 3151 
4 628 1592 1835 1978 
2 1655 3009 
4 914 3003 3168 3207 
1 2619 
1 609 
5 134 210 529 1407 2147 
4 210 2909 2953 3014 
2 1760 1894 
3 2042 3042 3165 
5 272 1327 1912 3287 3302 
1 2652 
2 293 1224 
0 
5 437 724 957 1070 2126 
2 41 2599 
2 537 2872 
2 3188 3224 
2 1626 2900 
4 1254 2098 2972 3139 
4 405 1969 2222 2869 
2 536 2597 
2 1486 2369 
5 827 1702 1930 2536 3111 
3 786 1280 2986 
0 
3 2182 2566 2917 
2 263 2920 
2 586 1466 
3 1156 2441 2712 
5 98 827 1056 1900 2281 
4 1298 1828 2454 3148 
3 304 1951 3106 
1 3096 
2 814 1966 
2 1299 3390 
2 560 3220 
3 556 1432 3010 
3 462 2496 3164 
4 356 1817 2425 2824 
0 
3 682 1227 1807 
4 248 1638 2740 3318 
1 2303 
4 174 211 379 1000 
4 60 655 723 2214 
3 13 603 2771 
1 1455 
3 978 2202 3295 
1 3376 
4 140 1848 2266 3343 
5 231 867 1665 1808 1896 
2 122 1114 
7 193 723 1181 1957 1973 2803 3327 
3 667 778 807 
3 94 953 3217 
1 2733 
3 1362 2080 3073 
6 488 561 642 695 696 2203 
4 55 787 1931 3022 
3 163 1248 2647 
2 1221 1694 
1 2998 
2 125 2465 
3 184 1119 3128 
3 2488 2963 3129 
2 78 542 
6 75 442 1428 2419 2809 3005 
3 24 206 1019 
3 99 2276 2947 
3 1062 1726 2781 
6 134 369 1401 1612 1790 2205 
3 233 1163 3060 
1 2501 
6 514 581 994 2402 2653 3084 
2 2039 2115 
3 1043 1716 2219 
2 950 959 
3 317 3018 3305 
4 415 497 1660 2532 
2 467 533 
3 475 777 2257 
2 616 1898 
6 253 1349 1772 2614 3075 3390 
5 201 1002 1594 2138 2380 
3 1224 2291 2557 
1 198 
3 1542 2145 2985 
2 1101 2688 
1 3196 
4 633 916 2324 3126 
1 2198 
1 686 
1 667 
1 3354 
3 39 1856 3135 
3 299 717 2304 
4 1355 2036 2267 2759 
4 132 900 1710 3145 
2 42 3161 
2 1351 2179 
2 476 1719 
2 2306 2789 
1 366 
1 1389 
5 1999 2073 2894 3054 3162 
4 520 563 633 1375 
3 399 2224 2524 
2 125 2535 
3 768 1330 2264 
2 2053 2410 
0 
3 103 1047 1048 
2 1434 2980 
1 1101 
1 2914 
2 1992 2136 
3 201 207 2434 
2 1823 2820 
3 1534 2790 3034 
2 50 408 
3 133 601 1889 
0 
2 2281 2334 
2 56 2613 
4 1747 1792 1968 3113 
3 513 925 3066 
3 398 1171 2824 
1 3019 
2 683 1601 
1 1295 
1 1359 
1 2609 
2 1626 3109 
2 1007 2505 
3 260 1783 2410 
3 1922 1972 3039 
3 146 1821 2799 
2 954 1531 
3 1172 1215 2387 
1 3233 
2 1027 2891 
4 841 2315 2716 3197 
3 32 1670 2310 
2 1497 1583 
4 324 1242 2335 2477 
3 455 646 1663 
3 920 953 2442 
3 292 1069 3167 
0 
2 2443 3244 
1 1606 
2 2140 3392 
5 570 1239 2359 3066 3235 
3 387 834 2846 
4 144 1678 2518 3243 
5 478 599 1800 2420 2844 
3 484 3219 3335 
2 265 946 
2 1414 2911 
4 1445 2855 3067 3131 
3 419 1295 1983 
2 1867 2423 
1 461 
1 711 
2 800 3278 
3 375 682 1070 
0 
1 2998 
0 
1 549 
5 421 1000 1783 2069 2975 
2 122 2580 
2 752 1712 
3 406 2848 3388 
4 497 1335 3189 3383 
1 1632 
4 348 1264 1438 2095 
2 328 3054 
6 194 457 469 1568 2166 2776 
1 71 
6 494 1062 1388 1563 2132 2459 
2 1554 2385 
3 950 2163 2709 
6 62 115 241 2660 2677 3023 
3 395 3146 3228 
2 655 716 
4 341 1429 2443 3086 
2 193 2810 
1 3104 
2 2749 3113 
2 880 3105 
1 1696 
0 
2 300 2960 
3 1119 2681 2920 
1 1859 
3 544 2532 2588 
4 382 482 2801 2824 
4 138 845 1330 1398 
6 392 1490 2365 2969 3308 3320 
3 1733 2019 3369 
1 1181 
2 2288 3281 
1 1106 
4 853 1408 1643 3117 
4 53 1195 2158 2229 
0 
2 1598 3070 
3 1554 1969 3189 
3 1387 2211 3048 
1 3113 
2 3169 3313 
5 555 933 1057 1150 2146 
2 1554 3171 
1 1354 
2 235 3025 
2 1938 2740 
2 1746 2481 
1 3132 
1 1160 
3 288 952 1559 
1 523 
0 
2 1468 2317 
2 1815 2828 
3 750 2303 2500 
4 764 1056 1480 3275 
3 701 2476 3282 
1 1038 
0 
2 764 1783 
2 2645 3301 
7 790 1001 1371 1629 1902 2997 3366 
4 367 668 1289 2624 
3 1030 2194 2202 
2 400 2780 
0 
3 190 739 2085 
1 2950 
2 384 1338 
4 259 1064 1109 1255 
3 492 2154 3332 
2 1103 1591 
1 2115 
0 
4 301 898 2338 2908 
1 3161 
3 400 2191 2743 
1 2275 
2 1551 2048 
2 15 75 
2 2290 2770 
3 173 1450 3288 
4 302 901 1201 1644 
2 322 1961 
2 747 1806 
3 377 1489 3169 
1 1155 
2 2515 2693 
4 666 759 1199 2117 
3 419 564 868 
5 176 2195 2720 3232 3278 
1 378 
3 984 1861 2621 
2 1343 3129 
0 
5 219 279 861 1338 2091 
1 1417 
0 
1 2712 
2 463 2899 
1 2269 
3 402 714 1962 
3 2354 3244 3391 
2 2636 3148 
3 300 396 2053 
2 613 1865 
0 
2 1472 2456 
1 3190 
2 745 3348 
4 829 1207 1378 2700 
3 59 1349 1426 
3 832 1290 1361 
4 16 1511 1775 3218 
1 9 
2 714 2791 
2 1174 2557 
3 1322 1461 2773 
0 
3 999 1270 1916 
1 347 
2 295 1326 
2 2702 3009 
1 2148 
0 
3 1419 2025 3330 
2 2803 3183 
1 327 
0 
2 173 2269 
3 443 601 1121 
2 1346 2248 
2 1163 2184 
3 73 1925 2186 
2 1157 2083 
1 714 
1 227 
3 631 1422 2001 
5 728 1103 2499 2503 2986 
2 1478 3120 
3 301 1380 2258 
1 1900 
1 1857 
2 242 3324 
4 237 556 1510 2003 
1 2339 
1 3108 
1 2682 
2 1491 3387 
5 50 287 1280 1456 2157 
1 3192 
6 418 1094 1497 2668 3077 3229 
0 
5 924 1302 1666 1946 3357 
3 202 1172 3135 
2 2222 2590 
2 391 1732 
0 
1 73 
3 0 218 3110 
4 1301 1395 1515 2594 
1 1924 
3 434 1261 2594 
3 258 537 1212 
2 1071 2664 
2 718 3398 
3 2812 2842 3283 
3 257 847 3294 
5 279 2114 2340 3082 3210 
3 879 1262 2527 
1 327 
2 482 2268 
3 1087 2042 3090 
2 3000 3279 
3 1103 1772 2844 
1 2133 
3 1713 2444 3009 
3 374 1858 2603 
1 1564 
3 58 1708 1719 
4 1067 1229 1759 2567 
2 2599 3108 
2 1387 2150 
2 2524 2746 
3 21 30 2353 
6 680 1815 1871 2698 2710 3356 
1 2151 
2 1203 1909 
1 295 
5 837 1352 1629 2028 2412 
5 1183 2504 2727 3247 3355 
1 2131 
1 1573 
2 249 1198 
2 1493 3091 
3 672 764 1142 
3 695 2601 3361 
1 2533 
3 101 185 3004 
2 2916 3372 
2 3222 3360 
2 2587 2960 
3 975 2112 3292 
2 3260 3341 
2 2144 2993 
1 1820 
2 377 2206 
0 
4 342 523 903 2884 
3 621 1497 1528 
3 267 1176 1428 
1 2932 
0 
1 1330 
2 1904 2018 
1 2594 
2 226 2709 
2 2587 3139 
3 1939 2412 2550 
2 1168 1703 
3 136 498 2944 
2 3164 3398 
2 650 2960 
2 303 1318 
2 1519 2803 
4 653 1817 2416 3375 
2 218 1580 
2 2080 3363 
2 602 3166 
0 
3 1604 3019 3147 
2 724 2446 
3 1154 1926 2374 
2 1483 1964 
1 1032 
6 219 222 959 1068 1785 3168 
4 2417 2513 2537 3071 
6 632 914 1005 1587 2486 2598 
2 530 2806 
4 630 757 1149 3203 
4 311 327 1224 1778 
0 
2 1141 2089 
0 
0 
2 1533 3261 
2 1742 3321 
2 1681 1934 
3 709 1136 2518 
3 279 1760 2037 
3 1956 2371 2631 
1 1014 
2 1738 2923 
4 367 1130 2770 3268 
4 859 1473 1681 2258 
1 1117 
2 1954 2303 
1 615 
3 175 1088 2075 
2 112 139 
2 618 1765 
3 1268 1306 1648 
6 162 266 407 823 1105 1633 
4 1348 2564 3032 3289 
4 661 1302 2199 2743 
1 2710 
4 1462 2311 2402 2593 
2 1060 3046 
2 657 1676 
4 132 847 892 1453 
1 2766 
2 2532 2625 
2 111 1285 
4 29 481 1011 2192 
4 275 314 1807 2981 
3 205 455 2660 
1 1480 
1 836 
0 
1 588 
1 1845 
2 212 778 
1 2132 
3 1722 2369 3109 
2 140 2057 
4 179 1262 1390 3149 
0 
5 578 1096 1565 1857 2842 
0 
4 87 262 387 2437 
5 350 741 1879 2053 2870 
0 
2 22 1635 
2 313 2899 
5 1064 1108 1933 3142 3146 
2 2240 3291 
1 1476 
0 
2 1581 3010 
2 1560 2497 
1 1051 
1 2205 
3 279 589 1922 
1 279 
2 1557 2925 
1 2425 
1 93 
3 1569 2338 2862 
2 449 3082 
1 2162 
2 86 3394 
1 38 
3 1776 2894 3093 
1 1293 
4 973 1132 1585 2866 
3 850 2001 2768 
1 641 
2 1501 3051 
1 385 
2 1352 1357 
0 
4 494 508 528 3235 
2 2 2005 
3 407 2055 2555 
3 317 1756 2639 
6 558 1619 1667 1844 2642 2971 
2 1380 3144 
1 1492 
1 2276 
3 1044 1300 2367 
3 266 274 1257 
3 235 624 2849 
4 1009 1431 1468 2230 
1 792 
1 1670 
3 531 831 1233 
4 971 980 998 2556 
3 192 2202 2680 
1 2140 
1 2231 
5 931 1550 2319 2816 3156 
1 2621 
2 979 3296 
0 
1 2428 
2 168 1716 
4 459 1131 1591 2695 
0 
4 101 102 683 1723 
3 846 1286 2364 
1 1275 
0 
2 502 2691 
2 2732 3213 
2 477 3167 
3 1365 2978 3098 
1 987 
4 159 447 1041 2551 
1 2295 
3 394 2014 3093 
0 
1 2342 
2 146 2850 
3 205 2018 2796 
4 632 884 1374 2181 
0 
2 481 1091 
3 938 1115 2011 
2 1010 1357 
1 146 
2 1677 1812 
5 448 452 588 2862 2892 
1 2393 
1 3236 
3 1027 2302 3181 
3 330 1585 1675 
2 3220 3264 
2 1009 3373 
2 1583 2661 
6 1446 1828 2040 2865 2873 2967 
2 1149 1425 
1 2788 
0 
1 2382 
3 302 926 1594 
2 275 674 
3 79 3090 3289 
3 1059 2074 2624 
1 1814 
6 164 1419 1558 2356 3194 3337 
0 
1 1180 
4 1153 1453 1627 2665 
1 245 
1 280 
1 2691 
3 2915 2921 3380 
4 454 1228 1582 3209 
1 1629 
2 726 3384 
5 1998 2043 2940 3002 3337 
2 1032 2827 
4 1168 1906 2197 2850 
2 878 3061 
4 70 115 2230 2274 
4 96 1130 2241 2711 
3 2052 2673 2838 
2 386 1867 
3 913 2695 2733 
3 831 2022 2921 
1 2204 
1 941 
5 221 924 2163 2435 2787 
3 808 902 2961 
1 275 
3 2 806 2660 
2 1489 2249 
1 2411 
3 896 1289 3141 
0 
2 1351 3233 
3 255 2362 3368 
3 849 1195 1804 
2 169 1712 
2 1207 2901 
2 1571 3183 
3 2054 2841 3213 
1 2606 
3 856 1004 2424 
3 2809 3167 3341 
4 655 905 1941 1955 
2 2556 2911 
2 2870 2931 
2 1117 1427 
3 244 251 3150 
3 874 2300 2546 
4 503 1418 2520 3280 
1 2276 
3 728 802 2520 
1 505 
1 2843 
2 375 1693 
4 1370 2659 2809 3358 
3 45 670 1658 
3 582 841 917 
3 2577 2918 3066 
2 2733 2975 
3 1512 1818 3061 
2 363 837 
1 1645 
1 964 
2 1249 2789 
1 420 
5 742 2121 2401 2419 3392 
4 189 560 662 1899 
2 2417 2945 
1 815 
4 708 1014 2492 2566 
2 72 1308 
1 2270 
5 426 927 1450 2391 2472 
2 2789 3299 
0 
3 191 821 2885 
1 1843 
3 2184 2398 3099 
2 647 3287 
3 976 1108 1928 
2 488 3217 
0 
2 2155 3006 
4 1289 1691 2162 2863 
1 1893 
0 
4 272 1455 1461 2411 
4 482 1545 2153 2303 
0 
3 2033 2040 3302 
1 2705 
2 2439 2850 
4 109 1411 1517 1817 
1 828 
2 95 2754 
1 1854 
2 1281 2847 
3 796 1027 1530 
2 562 2105 
2 412 1199 
3 1328 1914 1915 
1 3064 
1 2739 
3 107 757 1362 
4 1048 1763 2154 3293 
0 
1 2761 
3 1430 1602 2512 
1 3348 
1 3041 
2 2131 2359 
3 50 662 1322 
2 1432 2686 
2 124 1247 
2 2171 2931 
4 811 2072 2640 3064 
2 1479 3245 
3 467 1218 1624 
0 
2 319 2530 
3 475 1477 2195 
4 806 2119 3172 3358 
1 601 
4 48 1604 1978 2481 
3 823 2394 3135 
0 
5 112 1798 2582 2713 2755 
5 83 1084 1519 1525 1783 
1 2789 
4 217 2554 2981 3283 
3 55 1157 1710 
3 1281 1595 2955 
4 801 1633 1752 3193 
6 224 630 1653 2240 2499 3247 
2 1461 3105 
4 311 2048 2761 3213 
2 837 2637 
4 103 2259 2270 3015 
1 1904 
2 40 368 
2 2495 3090 
1 13 
2 2477 2773 
4 546 805 2164 2588 
1 347 
6 84 777 1423 1798 2133 2549 
2 853 3015 
3 1003 2767 2964 
3 10 993 3045 
1 1439 
2 733 2215 
3 1380 1512 3303 
1 434 
1 1468 
0 
1 3359 
1 2442 
1 760 
2 1699 3295 
3 1804 1909 2113 
2 804 1985 
1 2202 
1 150 
5 1052 1318 1559 1824 3294 
2 1467 2653 
3 379 1416 2528 
2 2830 2886 
3 1290 1693 3261 
1 1568 
2 298 404 
1 2816 
3 442 1526 2661 
5 177 276 368 1282 2733 
2 359 2854 
4 97 1821 1899 2193 
2 1289 3176 
2 235 3249 
2 1405 3108 
5 18 298 628 1308 1931 
1 1569 
2 123 1565 
1 1197 
0 
3 843 1747 2242 
0 
2 1566 2978 
0 
3 3139 3166 3276 
1 3122 
5 137 2007 2481 2690 3042 
3 729 1693 2343 
0 
6 707 2124 2499 2525 2862 3358 
2 1882 2091 
3 595 1278 3273 
2 860 1609 
3 1332 1408 2258 
2 269 1603 
2 735 1488 
3 729 1880 2834 
4 1430 1444 1878 2937 
1 2441 
3 1524 1923 2797 
3 485 1925 2641 
2 1903 2262 
2 180 2862 
2 749 1373 
5 1563 2284 2291 2844 3351 
1 1873 
1 1099 
1 3356 
3 1003 1798 2463 
3 929 1806 1973 
3 295 2069 2239 
0 
1 2758 
1 1500 
2 729 2306 
2 512 2529 
2 265 392 
2 454 2814 
6 305 1314 1444 2328 2548 3010 
3 928 992 2370 
2 821 2783 
3 630 2358 2594 
6 34 1457 1854 2136 2503 3258 
1 355 
1 9 
3 725 770 1524 
1 761 
2 666 1800 
2 1080 3273 
3 2669 2994 3290 
8 186 644 850 1039 1054 1473 2129 2557 
2 1028 3007 
1 1084 
2 1103 1419 
5 1607 1685 2565 2899 3142 
5 289 1922 1970 2251 2901 
0 
2 1823 2013 
1 1243 
1 1387 
2 93 1777 
2 1842 3044 
3 1526 2895 3152 
7 362 767 878 1683 2279 2311 2661 
3 44 57 1015 
3 51 1888 3251 
3 456 2172 2241 
1 1545 
5 627 794 1784 2107 2404 
1 196 
1 1113 
1 2294 
4 2280 2385 3002 3177 
1 1757 
1 450 
1 1014 
2 2574 2698 
2 750 2091 
2 1117 2771 
1 297 
2 722 1587 
0 
4 1489 2669 2868 3266 
5 333 1185 1731 1765 2301 
5 333 885 1134 1225 2220 
1 2759 
2 134 2341 
2 693 1696 
2 944 1510 
2 1672 2840 
4 1014 1306 1548 2706 
4 1129 2250 2461 3066 
5 251 448 1131 1866 2495 
2 434 1065 
3 1196 2014 2606 
1 780 
2 660 1822 
2 2948 3210 
3 291 402 2224 
2 1632 2769 
7 462 687 1084 1327 1787 1958 2359 
2 1057 3394 
2 1852 2599 
5 573 1430 1685 2031 3002 
3 628 2152 2499 
2 369 2445 
4 235 387 3238 3287 
3 557 1533 3321 
2 15 1835 
4 1301 2457 2693 3007 
2 1770 2582 
1 1674 
2 1315 3349 
2 31 3344 
1 1261 
0 
3 1012 1201 1432 
1 2441 
1 97 
1 2736 
4 908 1016 1064 1904 
2 2488 2511 
2 1098 2364 
5 34 565 1310 2436 2951 
4 651 2131 2486 2501 
2 1827 3381 
5 1324 2294 2669 2710 3135 
4 100 759 1508 2012 
3 1390 1492 3398 
1 2173 
5 544 1159 1445 1979 2384 
3 1488 3080 3192 
2 680 2474 
1 1248 
3 1086 1429 2247 
3 990 2564 3106 
1 1298 
4 309 335 2964 3216 
0 
4 464 531 567 1017 
2 1687 2695 
5 655 1531 2543 2759 2894 
1 425 
2 1867 2486 
4 687 860 1273 2739 
4 178 462 2863 3117 
3 1627 2404 2459 
2 139 2720 
1 2691 
2 1034 2758 
2 273 1441 
5 760 2757 2994 3315 3330 
2 2429 2783 
5 648 826 1042 2803 3063 
1 2880 
6 124 285 416 1819 2655 3032 
1 1462 
3 523 2087 2629 
2 1826 2652 
0 
1 2596 
5 1446 2564 2680 2757 3049 
1 1589 
1 1743 
1 2474 
2 1055 2192 
3 646 798 1554 
4 739 1056 1723 2670 
4 707 1635 2206 2281 
0 
3 1048 2253 2770 
3 1483 3241 3251 
4 641 2315 2502 3114 
1 2670 
1 1581 
1 3360 
2 2515 2735 
2 635 2224 
4 588 1666 2209 2654 
7 19 122 1292 1764 1814 2211 2332 
3 121 1992 3374 
2 1883 2593 
0 
2 1188 2474 
2 1942 3362 
3 632 773 2747 
2 434 1842 
2 2323 2831 
2 1422 2981 
4 2 785 2576 2890 
4 625 1988 2234 3129 
3 479 3103 3328 
3 250 2262 3241 
4 527 911 2701 2977 
1 2875 
4 1094 1539 1618 2779 
6 441 1173 2240 2424 2677 3397 
1 203 
1 1668 
3 293 525 3133 
1 2884 
3 1765 1827 2923 
3 1789 1892 2695 
0 
3 612 795 2645 
1 2516 
0 
3 348 1406 2889 
4 360 547 1346 3272 
2 1160 3091 
2 509 2705 
3 2130 2249 3150 
2 603 2487 
0 
1 2450 
0 
2 784 1986 
3 274 423 3329 
1 2624 
1 583 
0 
3 1047 1274 1679 
0 
3 1783 2833 3355 
2 1147 2199 
2 2029 2078 
3 68 1933 3035 
1 64 
4 1758 1916 3195 3225 
0 
2 124 2296 
2 427 815 
4 1058 1884 2408 3319 
3 63 962 1879 
1 586 
3 481 880 3204 
2 2797 2834 
4 475 1080 1497 2006 
2 2316 2353 
1 580 
2 49 2832 
4 2006 2305 2360 2697 
1 100 
3 503 817 2186 
1 1888 
1 1555 
0 
1 2449 
1 556 
4 1291 1654 2324 2856 
2 1529 2025 
5 164 360 1713 2818 2998 
2 144 1538 
1 3135 
5 174 898 1539 1923 3223 
0 
4 126 1493 3015 3155 
6 282 1269 2020 2333 2489 2803 
1 2336 
3 1380 2528 3331 
4 233 306 633 1933 
2 151 1048 
0 
2 262 2679 
3 790 1634 2721 
2 573 1798 
2 71 2970 
1 2696 
8 81 1353 2120 2344 2666 3217 3231 3396 
2 728 2924 
4 1438 1610 2756 3193 
2 125 2225 
1 2487 
6 202 1449 1829 2424 2868 3018 
3 1948 2930 3009 
1 374 
1 2087 
1 54 
3 194 366 3087 
3 1022 2162 2445 
7 1404 1482 1944 2365 2483 3101 3389 
2 2655 2982 
3 1333 1857 2549 
3 894 1864 2723 
4 281 1097 1730 2764 
2 844 1880 
1 2267 
1 2622 
2 200 1617 
2 209 2806 
3 240 1362 2528 
3 462 1708 3332 
0 
4 723 1853 2968 3143 
2 1403 2531 
3 1509 2481 2866 
3 1728 1889 2033 
3 555 1078 2585 
4 562 678 2024 2456 
1 3163 
1 398 
0 
1 3071 
3 2323 2547 3232 
3 654 2426 3226 
3 1221 2177 2975 
2 512 2216 
1 113 
5 203 1325 2502 2549 3216 
6 136 178 1108 1979 2884 3393 
1 1185 
2 13 743 
1 2668 
1 2799 
4 156 975 1848 1894 
3 3109 3179 3223 
6 62 245 542 2064 2585 3031 
4 877 912 1550 2154 
2 953 2642 
1 1837 
1 2261 
2 665 2510 
2 742 1609 
1 1694 
2 1388 2959 
5 455 811 864 956 2551 
5 505 948 1370 2321 2866 
3 1213 1821 2512 
1 1143 
3 706 1941 2791 
2 1739 2517 
2 351 382 
1 2540 
3 1339 1423 1887 
3 252 1100 3162 
2 256 3169 
3 722 2150 2995 
2 553 1073 
2 546 657 
1 2093 
1 2437 
1 2695 
3 654 1054 3285 
1 1544 
6 851 959 1528 1688 2889 3207 
1 1654 
2 1087 2155 
1 2231 
3 79 2198 3012 
1 1579 
2 1002 2447 
2 1076 3040 
0 
2 71 3136 
3 616 944 1920 
1 1955 
4 101 1953 2300 2747 
1 3275 
3 14 510 892 
4 26 1600 2166 2955 
1 1090 
2 1272 1624 
2 514 2746 
2 231 1064 
1 881 
0 
7 330 420 606 2243 2288 2378 2671 
1 1721 
5 977 1741 1829 2083 2193 
6 48 100 1246 2405 2468 2988 
1 3123 
1 396 
1 141 
1 1892 
5 461 488 1566 1660 3288 
1 1297 
2 2127 2410 
2 25 3336 
1 1537 
5 486 1447 1605 2862 3158 
2 2076 3338 
3 1406 2969 3120 
2 524 1172 
0 
1 656 
4 304 504 1919 3226 
2 2246 2545 
5 13 321 813 2594 2719 
2 582 712 
8 1232 2337 2437 2540 2982 3010 3151 3362 
5 436 2273 2807 2949 3392 
2 318 2513 
2 1670 3382 
3 712 761 2805 
2 2653 3224 
3 64 352 1622 
1 3329 
3 505 3004 3343 
5 278 884 1254 1401 1641 
1 2679 
2 2932 3315 
2 748 2414 
1 1827 
2 3338 3375 
2 3042 3376 
1 2777 
3 835 1290 2689 
1 454 
4 2689 2842 2916 3037 
3 150 987 2788 
2 757 2602 
4 46 327 2083 2213 
2 2859 3112 
2 2467 3231 
4 503 2021 2121 2673 
1 1490 
5 63 533 719 932 1223 
3 1620 1828 2647 
2 1794 2033 
1 1597 
2 2329 2987 
2 2619 2965 
2 2768 3100 
5 431 575 1023 2343 2930 
2 402 1288 
2 325 1629 
3 678 1092 2173 
1 2360 
0 
4 153 1424 1528 3171 
4 1849 1991 2684 3209 
1 553 
1 2485 
6 1768 2080 2341 2353 2451 3083 
1 420 
0 
2 1883 2871 
2 292 1362 
3 64 2250 3033 
2 1258 1531 
3 1244 1736 2588 
2 958 3320 
3 1171 1345 3280 
5 227 1431 2377 2824 3169 
4 426 977 2575 2612 
2 2157 2470 
2 2194 3381 
2 873 1580 
1 3083 
1 2033 
1 380 
3 2646 3068 3345 
3 946 1984 3049 
4 489 2378 2550 2638 
2 829 2480 
5 518 782 1017 2883 3044 
2 118 1879 
2 1843 3232 
2 530 1152 
3 926 1297 2630 
3 1393 1709 2374 
2 773 1532 
2 77 504 
1 826 
4 288 603 1615 1829 
4 408 1098 2523 2956 
7 888 981 1067 1576 2702 3178 3389 
3 725 1407 1668 
3 258 893 1080 
0 
4 334 3030 3068 3282 
1 3226 
0 
2 1488 3154 
2 398 1234 
2 930 3290 
5 2079 2209 2252 2593 2939 
3 69 1114 3099 
3 1865 2644 3180 
4 1728 1978 2687 3249 
4 981 1002 2977 3350 
3 381 1094 2377 
2 772 1125 
2 1343 1484 
1 3356 
4 1237 1989 2815 2996 
2 474 853 
0 
0 
4 662 785 1888 2536 
1 1891 
2 268 867 
2 542 2384 
2 1006 3364 
0 
2 2567 3060 
0 
4 510 867 915 2704 
2 659 1120 
2 2324 2421 
1 2983 
1 2089 
5 249 1793 2005 2054 2522 
3 945 2114 2386 
5 445 725 934 1922 3184 
3 216 2129 2554 
0 
5 150 172 1634 1727 2789 
1 500 
4 647 1014 2315 3096 
1 1702 
3 201 206 1513 
4 689 1565 1617 2097 
3 901 2180 3095 
3 65 532 2846 
1 897 
3 448 669 1499 
1 2564 
2 1244 2537 
4 626 1135 2584 2810 
2 55 1447 
0 
2 243 2835 
2 1491 2279 
4 979 1095 1437 1917 
4 478 809 1046 1607 
3 421 1379 1866 
2 541 1487 
5 720 1092 1819 1852 3164 
4 98 587 1220 2165 
2 1703 1920 
0 
1 3306 
6 365 544 602 1201 1518 2386 
2 1610 3038 
2 198 1480 
4 997 2466 2949 3267 
3 710 1770 2302 
2 2229 2398 
0 
4 1949 2305 2855 3129 
1 1811 
1 1875 
0 
4 1091 2315 2804 3098 
5 1259 2809 3000 3091 3166 
4 537 1052 2424 2961 
2 506 2331 
2 840 932 
3 1475 1899 2343 
2 183 2495 
2 553 1756 
2 2625 3107 
2 873 2350 
2 1497 1685 
3 617 908 2898 
0 
1 3149 
0 
0 
2 983 1009 
2 211 908 
2 952 1026 
1 2337 
4 602 1308 1393 1536 
1 1214 
4 878 1820 1938 2348 
4 359 1105 1403 2337 
2 1425 2807 
3 638 1071 2747 
2 92 340 
0 
2 1528 2617 
1 1342 
3 1216 2709 3253 
4 1159 1218 1704 3182 
2 2230 2639 
1 1551 
1 308 
2 92 3204 
1 1307 
2 868 1031 
3 2000 3163 3176 
2 2266 2406 
2 1054 2882 
0 
4 9 733 1281 3166 
2 471 1541 
2 3 3269 
1 2484 
4 403 430 435 1130 
2 1209 2179 
1 1634 
2 697 1857 
1 782 
3 442 944 3025 
5 692 2172 2248 2788 3152 
1 3160 
1 3286 
3 156 402 988 
2 571 2559 
5 200 680 961 1476 3080 
2 966 1338 
0 
2 400 949 
4 700 960 2379 3020 
1 3370 
2 818 2997 
1 2034 
1 585 
2 136 2897 
1 3125 
3 1430 1736 1900 
0 
0 
2 1313 2814 
2 619 1411 
2 691 1138 
1 790 
3 365 771 2769 
2 1675 3151 
3 707 768 2037 
0 
2 630 1044 
2 1976 2550 
4 182 1126 2114 3151 
1 2951 
5 464 739 2398 2948 3080 
3 222 1806 2033 
2 9 1954 
2 305 777 
1 912 
0 
3 205 1383 2602 
2 429 3117 
1 2044 
1 1323 
3 350 1885 3249 
4 190 888 1944 3106 
1 978 
2 623 904 
3 1343 2401 3387 
4 372 2449 2896 3262 
4 1018 1489 2039 3025 
0 
2 976 1286 
4 115 1234 1498 2822 
2 2762 2951 
3 292 2218 2673 
0 
3 2242 2415 2613 
2 1428 3014 
2 2332 2800 
3 102 1252 1476 
2 1159 3296 
1 718 
4 1381 1861 2876 3231 
0 
2 1359 2388 
0 
4 162 898 1325 3088 
1 1781 
6 90 239 354 2103 2277 2655 
3 785 1110 3129 
0 
6 454 582 791 1389 3106 3108 
2 1706 1805 
2 2316 3175 
4 397 1063 1690 2634 
3 655 913 3376 
5 1228 1471 1556 1959 2574 
6 60 685 1132 2349 3004 3342 
0 
3 1738 2512 2955 
1 263 
0 
1 3384 
3 1362 1851 2446 
2 1986 2139 
1 426 
2 475 2129 
2 842 1763 
0 
1 1959 
4 654 1743 1830 1972 
2 2089 3009 
2 2420 2996 
1 2587 
0 
1 914 
3 1213 1309 3004 
2 223 2292 
0 
0 
1 836 
1 2401 
2 300 1338 
0 
0 
1 367 
2 2055 2947 
3 272 1859 2765 
2 546 1142 
2 718 1771 
5 1162 1431 2899 2970 3171 
0 
8 364 727 1356 1847 1869 2140 2603 2911 
2 147 1792 
4 47 1053 2775 3207 
1 2725 
2 1075 2407 
3 768 1584 2187 
2 661 2688 
1 763 
2 376 2188 
2 1185 2828 
3 1976 2230 2577 
2 640 647 
0 
3 1027 1732 3285 
2 2057 2434 
3 1018 1067 1518 
1 2498 
2 211 1104 
2 1308 2128 
1 3090 
3 1632 2551 2773 
1 864 
2 2484 3053 
3 834 948 971 
2 282 1287 
2 2079 2424 
4 413 1051 1758 2116 
2 15 61 
1 2105 
2 939 3235 
2 3103 3239 
2 2606 3021 
3 244 1474 3002 
2 612 1494 
3 45 1539 2801 
1 3188 
4 158 1630 2983 3310 
0 
5 572 1255 2640 2824 2828 
2 1424 1847 
7 10 319 911 2923 3092 3192 3230 
1 2713 
3 394 816 2357 
3 569 1215 2831 
0 
1 3258 
3 297 738 1988 
1 3208 
1 3082 
2 322 572 
3 137 1935 2410 
2 1331 2954 
3 676 1885 2160 
4 741 1131 2357 2786 
1 2282 
1 3059 
2 291 2139 
4 1471 2134 2278 2481 
4 57 1260 1443 2117 
1 3360 
1 1248 
2 1047 3251 
3 549 1683 2443 
2 137 422 
2 1946 2354 
0 
3 1404 1576 1778 
2 2054 2503 
4 645 1637 2913 3080 
3 1294 1935 2966 
4 2236 2290 2439 2811 
3 1332 2091 2669 
3 639 1748 1882 
4 1127 1648 2627 2991 
1 3327 
0 
1 439 
5 346 964 2227 2523 3215 
1 1742 
2 2192 2337 
1 1871 
0 
2 913 2192 
0 
2 149 3180 
1 1910 
4 717 1515 1957 3100 
2 1037 2444 
6 1192 1696 2095 2660 2817 3086 
3 573 1794 3274 
5 117 229 642 2927 3058 
0 
3 201 2359 2761 
3 885 1645 2566 
2 1143 2977 
4 653 1047 1165 2931 
4 211 2646 2766 3359 
3 35 2140 3039 
3 30 1397 1858 
3 2438 2561 2780 
5 199 1074 1501 2220 2311 
2 1667 3319 
7 304 567 2077 2726 2858 3269 3399 
5 1796 1914 2262 2391 3015 
1 2603 
3 155 506 3333 
2 705 3169 
2 221 1024 
3 633 1736 2384 
0 
2 2751 2792 
5 23 108 1625 2648 2971 
2 1985 3367 
8 356 392 452 908 1187 1788 3227 3377 
2 163 1032 
2 628 3056 
2 3095 3281 
2 1064 2896 
2 1783 2159 
1 1166 
2 292 2190 
1 2164 
4 152 346 1671 1856 
5 171 1466 1909 2527 3390 
4 1382 1759 2590 3309 
1 2601 
2 1773 2549 
0 
4 907 926 992 1229 
2 2273 2932 
5 377 1011 1855 2197 2756 
0 
1 2216 
0 
3 815 940 3130 
1 1630 
3 477 993 1592 
3 262 667 2521 
1 272 
1 2229 
2 171 2308 
2 1505 3271 
3 763 1849 3373 
2 13 3160 
3 781 1143 2229 
4 446 578 2387 3174 
1 63 
5 260 618 873 2156 2389 
2 840 2618 
3 1119 1492 2389 
3 598 1530 2090 
4 358 955 1291 1845 
1 1060 
3 339 1021 2903 
2 944 3003 
1 3094 
5 1122 2827 3062 3154 3216 
3 1089 1165 1366 
3 252 772 1381 
3 1237 1332 1428 
3 92 1648 2938 
0 
0 
0 
2 2860 3298 
5 222 1072 2238 2917 3282 
0 
3 1283 2367 2528 
1 2216 
1 3167 
0 
1 2274 
3 1025 1150 2745 
3 857 1421 2453 
4 718 2331 2755 2810 
4 673 1821 1964 2433 
1 2207 
2 1670 1709 
3 271 1278 2388 
2 1394 1812 
2 3150 3311 
1 1641 
4 26 1066 1492 3355 
4 1257 2071 2345 3329 
4 876 1006 3253 3326 
2 1800 3034 
2 316 1792 
5 535 680 1246 1557 2519 
2 570 1768 
3 417 1665 2612 
2 2558 3363 
3 485 1620 2574 
3 104 1918 2078 
2 213 2106 
2 1247 1881 
4 147 498 1442 2814 
5 1056 1490 2382 2494 2577 
4 383 800 1107 2060 
2 2453 2730 
3 1670 1972 2971 
1 2474 
3 578 1750 1992 
1 2604 
2 989 2077 
1 171 
1 1506 
1 2467 
1 2471 
3 51 981 2869 
5 134 683 1197 1420 2720 
3 980 1249 2600 
4 1864 2183 2924 3209 
3 36 974 1742 
3 164 1145 1400 
2 1196 2168 
4 1601 1722 2746 2942 
3 2232 2490 3212 
2 1297 2729 
7 1029 1208 1453 2393 2841 3257 3259 
2 342 1260 
1 2135 
4 1454 1963 2053 2461 
2 1166 1337 
4 865 2283 2869 2961 
2 229 1278 
2 3310 3348 
4 98 272 1904 2338 
2 188 3244 
1 303 
6 847 955 1513 2348 2813 3094 
5 251 534 1576 2101 3331 
1 1944 
5 454 2253 2806 2844 3213 
1 985 
6 607 919 1084 1896 1999 2389 
0 
2 795 3315 
0 
0 
4 580 940 1793 2438 
5 58 1755 2024 2992 3145 
2 4 3052 
1 231 
0 
3 881 1773 2095 
1 881 
4 211 512 1192 2353 
2 1488 2292 
1 1862 
1 1349 
5 157 1318 1494 2700 3246 
3 2129 2989 3073 
4 357 695 1019 1468 
2 983 1218 
1 554 
3 526 984 2860 
3 625 2339 2464 
3 2257 2488 3083 
3 860 2962 3388 
0 
3 180 244 2322 
3 280 959 2204 
2 2052 2819 
4 687 1190 1224 2789 
1 640 
2 1720 1739 
1 3268 
0 
4 438 1530 2059 3023 
1 611 
2 2148 2924 
5 823 1293 1975 2041 2410 
3 122 1148 3352 
2 2078 2418 
3 1244 1602 1901 
1 1989 
4 6 546 1734 3258 
2 154 2063 
4 1238 2848 2984 3034 
4 10 1504 2533 2646 
1 2972 
1 253 
1 2126 
4 1320 2473 3036 3231 
2 649 1593 
4 823 1319 2500 2896 
1 643 
4 274 1756 2508 3236 
1 1064 
4 1634 1647 2866 3222 
1 2996 
2 52 476 
2 494 2960 
1 1891 
5 626 1845 3037 3097 3184 
3 49 2765 3326 
2 255 2382 
3 2234 2626 3003 
1 346 
2 241 430 
5 1019 2301 2838 3333 3384 
1 2166 
4 357 1648 1869 3016 
3 274 993 2831 
4 59 2362 2388 2998 
2 43 1941 
2 1588 1680 
0 
4 222 904 1443 2275 
2 1094 1273 
3 2561 2660 2689 
1 2210 
1 2221 
1 382 
1 1416 
3 941 1782 2769 
3 1180 1642 2657 
0 
2 1154 1716 
3 54 1449 1945 
0 
1 1394 
4 337 1144 1871 2334 
1 2716 
0 
0 
0 
0 
3 43 793 2364 
4 326 1904 2319 2975 
1 1546 
3 530 708 2650 
1 2418 
2 537 2539 
1 2325 
5 21 715 1466 2400 3290 
4 139 1201 1205 3163 
4 970 2471 2623 3355 
4 84 2100 2611 2809 
0 
2 30 2237 
3 66 760 3299 
2 37 1091 
3 8 1021 2644 
3 752 1058 2200 
1 2694 
1 3155 
1 2172 
5 61 607 756 2712 2790 
2 422 2989 
2 1221 2426 
1 1378 
5 802 2484 2565 2843 3106 
1 3025 
2 1262 1910 
4 121 518 1214 2241 
6 174 2045 2071 2693 2895 3116 
1 36 
5 582 2334 2928 3079 3148 
3 1189 2424 2465 
2 2064 3029 
1 1067 
3 142 2090 2183 
6 870 1260 1382 1413 1592 2068 
1 1572 
0 
3 318 2123 2970 
4 136 642 1585 2063 
1 3233 
4 185 296 1607 2553 
5 772 870 2639 2942 3205 
3 13 1941 2332 
3 230 565 2111 
3 793 2850 3048 
5 187 1599 2894 2938 3054 
1 2026 
2 54 2123 
2 3003 3175 
4 471 916 2257 2381 
1 218 
0 
2 2063 2289 
2 799 1932 
6 331 497 683 1891 2586 3268 
4 819 1466 1737 2938 
6 716 1664 2109 2114 2350 3029 
0 
2 677 1684 
2 2321 2854 
2 1938 2230 
1 1867 
2 2733 3296 
0 
4 1947 2037 2051 3206 
3 1280 2030 2277 
1 2307 
1 92 
0 
2 2033 2335 
6 392 994 2301 2376 2462 2527 
1 2472 
2 1853 2026 
3 896 2670 2865 
2 326 2932 
2 780 3229 
3 651 2877 3091 
2 1344 3049 
4 162 1772 1873 3280 
5 1189 1862 1943 2632 2646 
2 1440 1695 
3 278 620 1397 
0 
0 
3 527 1332 1375 
2 2416 2716 
1 459 
0 
4 1121 1240 2763 3043 
1 2981 
3 635 1465 1649 
2 1820 2032 
4 488 974 1041 1741 
1 39 
2 1303 2369 
1 2458 
5 398 1758 1914 2822 2899 
1 3238 
1 1476 
3 240 2688 3183 
1 2881 
2 2008 3152 
2 1900 2458 
0 
2 1626 3266 
2 89 3140 
2 879 1698 
2 1863 3336 
1 1032 
0 
1 2055 
1 2269 
1 2042 
2 595 2243 
2 940 2789 
5 165 561 1467 1589 2055 
2 296 465 
1 1696 
2 481 1728 
3 187 2174 2999 
2 902 2226 
1 1232 
3 846 1378 3335 
0 
4 2036 2046 2210 3073 
2 136 973 
3 127 2520 2907 
3 235 1952 3035 
2 1340 2323 
1 1688 
4 1014 1469 1644 1921 
2 1175 2817 
3 584 891 1088 
5 110 402 675 2433 2566 
4 568 926 2282 3358 
3 1727 2147 2912 
3 1890 2139 3210 
2 337 1006 
2 2315 2403 
4 305 2537 2715 2997 
4 1642 1726 2135 3354 
5 373 731 1670 1767 2783 
0 
1 183 
0 
1 597 
3 308 3039 3109 
1 434 
2 227 2134 
2 516 1940 
2 2698 3092 
2 575 1300 
4 202 579 2655 2785 
1 1068 
1 868 
5 463 885 1281 2415 3049 
3 863 1310 2734 
1 1817 
2 542 1409 
1 427 
2 1788 3247 
3 1722 2739 3125 
2 33 2522 
4 702 864 1243 3069 
2 404 805 
3 40 924 1791 
2 1493 2560 
4 400 1323 1971 3324 
1 3322 
2 1884 2711 
1 3020 
3 114 2832 3223 
1 895 
4 1030 1560 2017 2553 
3 1093 1390 2910 
1 2118 
0 
1 63 
2 1269 2975 
1 157 
5 321 1555 2364 3093 3162 
2 1477 3383 
2 757 2711 
1 247 
4 1881 2032 2882 3369 
2 525 858 
2 2270 2505 
2 526 1207 
2 1675 3208 
2 1678 2589 
0 
2 1790 2531 
3 469 2349 2929 
6 666 1129 1749 1752 2329 3378 
2 955 1332 
3 456 1410 3356 
2 483 901 
1 2307 
4 36 795 1800 2278 
3 312 1312 2582 
2 657 1188 
3 2014 2206 3370 
1 2583 
4 269 456 730 942 
2 279 2646 
2 803 1931 
4 292 694 2370 2631 
3 599 1132 2200 
1 1846 
2 3169 3289 
4 1142 1440 2589 3212 
2 1981 2123 
4 431 1143 2657 3311 
0 
1 1375 
2 266 2486 
3 37 931 2321 
5 1270 1802 1838 2428 2955 
1 2905 
4 68 1612 2831 3160 
3 297 2596 2848 
3 1048 1770 2890 
1 1982 
4 144 241 548 2667 
0 
5 328 1062 1141 2935 3136 
2 1235 2261 
3 52 2119 3388 
3 1747 2239 3311 
1 2613 
4 427 1502 1809 1814 
6 35 725 797 1540 1680 2059 
2 732 1311 
5 1886 2516 2688 3064 3183 
2 88 2833 
3 1154 1967 2477 
2 2262 2395 
2 1740 3055 
3 2010 2872 2994 
2 1835 3101 
3 994 2227 2670 
5 688 914 1160 2754 3140 
3 798 1030 2025 
3 128 964 1614 
2 1330 2112 
0 
4 31 2327 2365 2937 
3 60 1350 2839 
2 1098 2878 
2 524 1560 
2 809 1175 
3 1055 1402 2546 
2 1019 2754 
2 153 1440 
3 115 1134 1902 
0 
2 2453 2564 
2 2578 2683 
3 302 1927 2048 
5 533 647 977 2560 2959 
3 918 2370 3104 
1 2880 
2 1284 2225 
4 985 1156 1773 2235 
1 2967 
1 330 
0 
2 271 1547 
3 318 1250 2411 
1 564 
5 30 493 522 2110 2927 
4 852 918 2185 2688 
1 2540 
0 
2 1354 1799 
2 797 1841 
2 470 1978 
4 290 721 830 2748 
4 1626 2064 3309 3315 
2 1727 2197 
5 199 1027 1487 2396 2624 
4 1036 2456 2736 3025 
5 251 344 1132 2838 3353 
3 1724 2133 3262 
1 1893 
1 988 
1 183 
0 
0 
2 424 1330 
1 2051 
4 473 1740 2780 3292 
2 306 988 
2 1655 1917 
1 2295 
3 1035 1090 3205 
2 751 2293 
3 1194 2551 2760 
1 3138 
0 
1 3360 
4 151 828 1320 2695 
4 1047 1970 2069 3204 
2 767 1501 
7 133 264 447 649 868 2410 2620 
1 317 
3 1205 1504 2818 
3 323 998 2587 
3 2065 2196 3007 
1 1810 
0 
1 364 
4 659 1027 1770 3122 
2 2458 3058 
1 3105 
2 2911 3399 
8 363 1136 1473 1508 2137 2425 2787 3345 
2 1202 1631 
2 445 2579 
0 
3 48 733 1999 
1 2385 
3 1290 2058 2215 
2 1930 2608 
5 1151 1267 2127 3154 3247 
3 311 1213 1463 
1 2004 
1 2658 
2 2245 2514 
1 1002 
2 1384 2192 
1 50 
2 1511 1844 
5 1143 1616 2041 2864 3086 
4 1221 2615 2670 3248 
4 344 1992 2028 2993 
5 366 2068 2538 2784 2931 
2 1222 2443 
4 1353 1527 1531 1749 
3 467 700 1896 
3 58 538 1926 
1 561 
3 1050 1397 2992 
2 754 3196 
3 971 1387 1513 
3 67 178 1232 
1 1853 
1 3113 
0 
4 1530 1899 3079 3356 
2 1635 2191 
4 30 1517 2055 2772 
0 
2 91 2477 
5 93 577 1202 1397 1916 
2 495 1734 
1 3161 
3 782 2510 3153 
3 1712 1723 2838 
2 1005 3063 
6 374 891 1064 1762 2575 2797 
2 1205 1391 
2 2522 2666 
2 814 1974 
1 2397 
4 742 1086 1998 2179 
4 421 1244 2245 2796 
1 3334 
2 722 1837 
1 69 
6 66 243 676 2093 2798 3320 
5 1003 2205 2259 3028 3227 
1 643 
0 
1 78 
2 625 1424 
1 2632 
2 2069 2378 
3 1407 1445 2950 
3 1330 1417 2376 
3 1569 2524 2578 
2 305 2663 
3 20 2048 2583 
4 776 1866 1966 2486 
0 
4 1094 1456 1778 2606 
4 403 1036 2320 2709 
3 1467 1497 3097 
3 360 1815 3091 
4 1622 1848 1974 2554 
3 1817 1819 1904 
0 
2 853 1773 
0 
2 765 1888 
2 905 3343 
1 2235 
1 2279 
4 2363 2636 2815 2957 
3 858 1502 1591 
0 
2 98 2005 
7 189 846 1605 1659 2709 2715 3340 
2 295 659 
1 2137 
3 1032 1110 2979 
2 1333 2422 
1 1547 
1 1674 
1 1196 
1 3032 
7 331 356 1340 1720 1941 2303 3037 
7 810 867 2267 2619 3028 3192 3250 
2 582 611 
3 29 139 196 
2 1365 2591 
3 118 1614 2154 
3 618 2084 3169 
5 629 848 2542 2843 2960 
3 1943 2002 2995 
3 288 846 3183 
4 377 1650 2836 3152 
1 1463 
2 34 2405 
2 219 383 
7 144 821 1160 1237 1510 1695 2029 
5 260 698 2315 2622 2753 
4 1268 2020 2659 2766 
3 171 2717 2824 
2 737 2216 
1 1116 
0 
4 75 174 2642 2649 
0 
3 1845 2132 2604 
4 338 1684 2567 3175 
1 805 
1 1087 
4 57 682 1304 1353 
3 1769 1909 3156 
2 872 1740 
2 168 3025 
4 250 982 1081 3140 
3 368 937 2565 
7 371 408 1732 2336 2856 2977 3017 
3 569 1757 2567 
2 1069 1243 
2 624 1641 
1 1314 
0 
5 1211 1606 2462 2776 3366 
1 1178 
3 167 1397 3244 
0 
3 1843 1868 2255 
2 252 2555 
0 
3 500 1262 2280 
2 1073 3081 
4 2094 2101 2312 3374 
3 402 1110 3291 
1 3130 
2 1055 1891 
3 2069 2449 2959 
1 992 
2 133 1926 
3 284 2029 3271 
1 1500 
2 1377 1876 
1 1333 
0 
1 1409 
3 1877 2007 2911 
2 853 2070 
1 1953 
4 1096 1128 1147 1870 
0 
2 449 2874 
5 366 923 2234 2352 2687 
0 
1 2505 
3 1418 2891 3273 
5 439 904 970 1259 1727 
1 57 
1 1244 
4 1553 1692 2022 3386 
2 1396 2628 
5 630 1088 1107 2214 2382 
3 1176 1236 2658 
4 286 1085 1927 2994 
2 137 1221 
2 1886 3385 
1 3155 
4 850 2650 3247 3285 
1 2885 
2 124 1866 
3 921 1056 1514 
2 259 2745 
1 692 
1 1686 
6 202 531 914 973 1068 2941 
3 447 1955 2673 
2 294 1088 
2 1136 1272 
3 531 1006 1737 
2 583 3347 
4 355 2185 2479 3327 
0 
1 2782 
1 1957 
0 
2 1285 2356 
2 1085 3177 
3 888 1291 1637 
4 9 629 1355 2773 
1 2327 
2 480 1140 
2 1169 2232 
2 1294 2748 
3 376 641 2642 
2 1857 2953 
5 829 831 2125 3276 3357 
1 1807 
3 1466 2161 2361 
2 1429 1747 
3 328 576 2379 
1 973 
0 
3 562 1793 2069 
4 946 1223 1254 1837 
1 999 
1 900 
2 1258 2190 
4 55 300 418 664 
3 590 1949 3233 
1 3182 
1 329 
3 172 244 1453 
3 629 1482 2138 
1 2335 
1 2003 
4 1296 1353 2271 3136 
1 3137 
1 2417 
1 1105 
1 3089 
2 1350 3261 
2 828 2250 
1 1267 
1 1002 
4 926 1246 1272 1796 
4 611 1417 1588 2795 
4 750 1289 1690 2296 
0 
2 2039 2172 
5 37 910 1469 2388 2666 
2 716 2454 
3 729 824 2610 
5 306 509 1014 2968 3079 
1 1860 
1 1564 
4 2165 2258 2981 3053 
3 1769 1980 2635 
0 
0 
6 656 1099 1125 1481 2255 2775 
5 132 1018 2022 2442 2615 
4 247 850 1763 2132 
5 573 1459 2434 2444 2676 
1 3046 
1 2642 
0 
0 
0 
0 
3 1040 1634 1861 
2 1408 2359 
1 1153 
3 838 1680 1866 
4 2256 2379 3288 3395 
5 2317 2656 3055 3189 3229 
1 393 
2 216 3329 
3 907 1074 2198 
3 2201 2381 2745 
1 1483 
4 1261 1280 3130 3332 
2 2053 2708 
5 189 594 610 1651 2306 
4 418 924 1404 3162 
4 208 2188 2209 2878 
2 548 1794 
1 2414 
0 
3 659 1145 1440 
6 157 553 555 608 1005 1351 
1 3323 
3 1124 2219 3352 
2 242 2951 
2 630 2614 
4 236 574 1066 3251 
2 1880 3036 
5 589 1795 3200 3325 3345 
5 1374 1597 2972 3281 3311 
4 570 1670 1774 2721 
2 1872 2433 
0 
4 820 1058 1701 2384 
0 
1 2322 
1 353 
2 2556 3023 
1 2008 
3 1408 1859 3295 
5 75 345 1614 2228 2991 
2 304 2598 
3 2333 2565 3004 
1 166 
2 1536 3233 
1 1818 
3 225 1385 2411 
2 2303 2997 
3 485 734 2770 
2 1251 2425 
3 2007 2755 3357 
4 455 780 1182 2279 
3 94 664 1516 
2 126 1967 
4 105 1743 3024 3378 
3 40 2485 3277 
2 50 1121 
1 1423 
2 643 2205 
2 2078 2375 
2 2895 3016 
1 1632 
2 2561 3124 
2 496 2397 
3 917 2761 3218 
4 147 1417 2797 3265 
5 205 717 1540 2040 2650 
4 896 1708 2920 3320 
4 14 182 984 2696 
6 718 1282 2431 2518 2569 3056 
0 
4 1442 2013 2866 3015 
4 453 1168 2912 3151 
5 1415 1766 1949 2078 2203 
2 281 1381 
2 1781 2720 
2 2431 2753 
4 2001 2492 2639 2970 
1 2809 
2 232 1122 
3 295 945 1358 
2 1142 3313 
4 1119 1245 1626 2151 
1 2579 
3 1986 2211 2998 
3 75 2326 2487 
2 835 2426 
5 405 668 808 1758 1980 
4 771 952 1027 2893 
0 
1 2380 
1 557 
1 785 
4 1232 2361 2554 2826 
2 2222 3007 
3 544 1276 3319 
5 113 1013 1046 1090 1741 
5 1131 1137 2072 2239 2333 
1 1330 
0 
4 799 1378 1612 2500 
0 
1 2926 
1 2567 
2 405 1160 
0 
3 1227 1363 3039 
3 730 1125 2892 
1 416 
1 540 
1 2256 
1 1394 
2 2809 2887 
1 893 
2 1443 2477 
7 309 1676 2098 2232 2270 3009 3014 
3 1370 1372 1980 
3 54 970 3174 
4 118 745 788 1112 
0 
4 480 1073 2026 3240 
1 2015 
6 739 801 1104 1166 1305 2300 
2 1231 2641 
1 1205 
6 3 578 1040 2149 3152 3381 
1 3184 
5 164 503 1920 2974 3033 
1 1157 
5 515 1430 2725 2833 3094 
0 
1 1461 
2 871 1174 
2 1054 2997 
0 
1 2586 
7 137 404 609 1538 2385 2401 3011 
4 578 658 1090 2771 
4 798 2168 2181 2982 
3 250 491 2018 
2 907 1711 
0 
2 2138 2401 
4 363 1993 2084 3348 
3 82 2427 2963 
2 2766 2956 
1 1351 
4 483 1111 1879 2648 
3 1228 2603 3249 
1 96 
4 1 1247 3012 3140 
1 2760 
2 1673 2702 
1 1772 
2 197 583 
1 3225 
1 1887 
1 1868 
0 
4 192 746 3185 3205 
5 277 801 839 953 2061 
3 2155 2975 3278 
2 1140 3219 
2 1083 2280 
0 
0 
3 883 1108 2160 
3 263 438 2995 
0 
2 205 2817 
3 46 469 657 
0 
3 1842 2496 2583 
3 576 1326 1885 
4 1149 1320 1533 3345 
2 2276 2517 
3 13 411 3062 
2 39 3191 
3 1780 2845 3326 
1 46 
3 2425 2649 2955 
4 875 2240 2251 3323 
3 907 1844 2623 
3 1234 1800 2767 
3 153 1115 1125 
3 996 1113 2977 
3 318 1049 1105 
5 159 2296 2724 3125 3395 
5 887 916 1762 2637 3339 
1 1611 
3 96 2087 3025 
3 1248 3104 3186 
2 1665 1965 
4 663 1766 2426 2718 
2 928 2756 
3 173 708 1386 
3 1063 1583 1985 
4 473 646 1134 2621 
3 267 1042 2710 
4 72 2350 2883 3181 
5 510 923 1690 2513 3144 
0 
2 1672 2564 
3 130 400 2449 
1 1369 
0 
4 1159 3061 3078 3262 
3 457 1769 2290 
2 291 3238 
2 2507 3326 
4 1004 1116 2140 3185 
2 2335 2918 
1 2151 
1 1723 
2 805 2315 
3 774 1373 1560 
10 1 162 323 844 854 909 1471 1933 2113 3117 
2 340 2018 
3 508 1293 3232 
2 1780 3269 
0 
0 
1 2550 
2 756 2365 
5 983 1200 2359 2638 3241 
1 2369 
2 358 1277 
1 1616 
2 419 1704 
0 
5 274 519 617 1117 1221 
1 1508 
1 1357 
3 631 1253 1902 
3 1354 1532 2817 
0 
9 28 288 822 835 1509 2008 2651 2685 2884 
3 409 1483 1844 
1 1740 
1 559 
1 1899 
5 1001 1579 1865 2815 2883 
4 1449 2397 2814 2920 
2 733 951 
4 1758 2130 2742 2807 
2 1215 2305 
1 1932 
2 339 3240 
0 
2 1610 2095 
0 
6 260 348 419 1407 1708 2427 
1 106 
2 2666 3256 
2 794 1826 
4 446 1679 1708 3066 
1 3129 
1 947 
4 1151 1713 1973 2218 
4 45 1204 2170 2960 
4 1187 2233 2702 2951 
3 980 1200 3046 
2 1486 3037 
1 2420 
1 3112 
4 799 1970 2281 2357 
1 2246 
1 1053 
3 37 819 1888 
3 559 680 1372 
3 833 2022 2417 
5 377 567 988 1902 3199 
1 2751 
2 375 1478 
2 877 2892 
3 395 1948 2219 
1 724 
5 142 755 795 872 2043 
0 
0 
0 
2 954 2058 
2 381 1504 
2 1213 2443 
0 
2 1772 2999 
1 1376 
3 171 1834 1925 
0 
6 700 764 973 986 1343 3368 
4 57 864 1109 3103 
2 2332 3334 
2 772 2072 
5 707 1259 1290 1959 2644 
2 2927 3057 
3 1046 1237 3150 
4 241 1878 1893 3346 
2 683 825 
3 1400 2982 3110 
3 237 2237 3360 
1 772 
1 2476 
1 1158 
2 1620 3269 
2 2075 2987 
3 2247 2589 3324 
1 106 
2 1118 2260 
2 2099 3397 
2 1548 2183 
3 1419 2772 2814 
5 601 1164 1273 2809 3032 
2 856 2493 
1 947 
1 2685 
0 
3 216 1171 1308 
2 1153 2220 
4 177 362 2480 2988 
4 10 764 2680 2847 
2 2661 3307 
4 326 705 1105 2044 
3 1026 2026 2633 
3 1606 1787 1955 
1 1574 
1 1519 
8 113 492 686 1018 1668 2095 3022 3133 
2 189 239 
3 175 817 1019 
2 206 3008 
2 1823 3063 
0 
1 2217 
1 3062 
1 2125 
2 467 2914 
1 228 
1 2173 
5 380 824 1670 2314 2471 
2 2134 2645 
1 1738 
2 336 2908 
1 789 
2 592 1372 
2 247 1835 
2 838 2784 
1 3070 
5 220 248 416 2640 2815 
4 9 789 802 3201 
0 
5 645 1165 1710 3100 3349 
3 1233 1881 1940 
1 697 
3 2675 2977 3341 
5 1760 2269 2867 2950 2995 
2 2028 3026 
1 2191 
2 1238 1387 
4 825 895 1765 2335 
4 604 1364 1799 2073 
0 
0 
1 2224 
0 
4 104 981 2245 3021 
3 1830 2044 2054 
2 1440 3074 
2 793 2986 
2 173 2499 
3 214 1885 2040 
0 
1 613 
1 848 
0 
2 290 1664 
3 1061 1591 3074 
3 163 1354 1500 
3 460 2377 2927 
5 1087 1590 1611 2597 2833 
2 3162 3254 
2 228 2519 
1 1721 
5 912 1323 1637 2216 2753 
3 5 1429 2718 
1 2397 
2 166 2964 
5 1288 2258 2462 3003 3253 
6 415 594 615 1962 2417 2832 
3 806 1510 1893 
2 1928 3398 
2 286 2717 
3 928 1101 2958 
1 1385 
1 1739 
3 34 772 2263 
2 1257 2557 
2 421 1345 
4 1230 1668 2036 2650 
3 718 1781 1869 
4 240 1950 2602 3316 
3 211 3032 3260 
3 2700 3090 3274 
7 392 839 1269 1999 2177 2734 3380 
3 55 85 3042 
6 1157 1444 1764 2443 2758 2926 
2 748 966 
1 2404 
2 116 334 
6 140 667 910 1152 2088 2560 
4 1245 1353 2711 2871 
3 170 1464 1706 
1 1948 
1 308 
4 245 531 2940 3377 
3 1384 2877 3086 
2 1333 2891 
5 140 202 1921 2019 3029 
0 
2 1743 2613 
2 1910 2341 
2 597 2334 
4 1013 1115 2237 2488 
5 1300 2418 2740 2927 3254 
3 1449 1650 1960 
5 454 1571 2138 2620 2706 
6 283 389 1215 1974 2657 3104 
3 2118 2858 3297 
2 566 1509 
1 3032 
4 793 1036 1067 1702 
5 224 1824 1967 2047 2959 
5 591 1361 1635 1654 2615 
1 288 
1 863 
5 1015 1073 2307 2667 3265 
1 2902 
6 223 515 569 1238 1649 2688 
5 258 691 1002 1353 3022 
1 2709 
2 1312 2723 
2 4 3135 
3 228 1615 2688 
5 918 927 1220 1773 2644 
5 134 1972 2633 3153 3217 
2 171 2443 
2 299 1237 
4 39 349 623 3209 
2 1569 2169 
5 100 199 1701 2937 3239 
4 80 280 2899 3010 
4 405 1938 2610 3133 
1 2627 
7 437 1559 1607 2023 2280 2440 2763 
4 43 187 2928 3245 
1 74 
2 2370 2411 
3 2030 2055 2989 
3 145 1434 3248 
1 1280 
6 656 1119 2409 2884 2973 3001 
2 1402 2700 
3 340 1855 1948 
2 1190 2126 
2 1953 2600 
4 1372 1964 2410 2835 
1 1498 
5 357 1767 2145 2679 3199 
1 1315 
1 890 
5 230 970 1368 2976 3333 
1 2087 
2 1025 1419 
1 929 
4 57 660 2568 2834 
0 
2 431 2043 
5 1125 1416 2076 2154 3160 
1 3250 
1 710 
1 1911 
3 1692 2560 3221 
4 38 326 399 2044 
3 2236 2579 3169 
2 1785 2642 
1 2867 
2 1760 2312 
2 1725 3072 
2 293 1459 
3 796 840 2779 
4 16 1826 2749 2906 
4 1117 2358 2903 3289 
3 882 896 2232 
1 214 
5 347 374 838 1055 2828 
2 381 3231 
2 1415 1434 
3 91 180 2162 
2 429 2919 
2 629 1266 
1 3059 
4 278 1921 2123 3198 
3 2939 2948 3300 
1 304 
0 
2 544 3284 
3 74 2779 3214 
3 2028 2348 2557 
5 160 1095 1565 1591 1738 
1 2457 
3 561 701 1718 
4 1397 1412 1927 3380 
1 295 
1 208 
4 408 1758 2332 2987 
2 1242 3196 
1 1624 
2 73 2544 
5 565 779 921 1689 2974 
5 587 1173 1509 2075 2387 
3 1710 2149 3109 
3 705 752 2179 
3 1825 1899 2702 
3 1477 1786 3183 
3 254 1473 3236 
5 1964 2386 3202 3244 3317 
4 207 748 1508 3260 
2 858 1441 
3 1386 1756 2923 
2 1244 2238 
2 76 178 
3 1155 1700 2863 
5 410 2259 2764 2998 3378 
3 412 915 2313 
5 253 1099 1602 1629 2022 
2 1516 3249 
5 539 574 958 1629 3115 
5 354 676 1279 2145 3092 
2 552 2871 
1 244 
2 1376 2837 
4 346 411 432 2346 
2 30 1136 
1 3108 
1 2026 
4 426 1109 1598 2789 
0 
0 
2 532 1345 
0 
4 147 969 2311 3395 
1 1334 
1 2635 
3 1575 2160 2760 
2 58 311 
0 
2 163 285 
6 286 486 1154 1504 1627 2829 
3 1804 2460 2585 
1 381 
1 440 
3 1163 2899 3023 
0 
6 316 547 905 1090 1217 3013 
4 1317 2224 2540 3171 
2 2541 3149 
1 2297 
5 141 158 240 610 968 
4 2104 2240 2441 2723 
1 811 
2 687 1018 
3 41 177 1257 
2 719 2773 
2 319 1910 
2 406 687 
1 623 
4 11 252 496 2028 
3 678 1521 3137 
4 827 1175 1850 2868 
5 221 1353 1584 1589 2645 
6 1026 1560 2100 2420 2698 3314 
2 2356 3016 
4 39 1437 1826 2323 
3 1220 2016 2491 
3 150 733 2438 
0 
2 1343 3310 
1 3293 
4 1561 1813 2218 3049 
4 98 320 468 2355 
5 326 1298 2179 2588 2952 
3 1263 1546 2006 
4 259 614 1492 3229 
2 206 230 
5 34 621 968 1509 1550 
4 369 747 822 1839 
2 224 628 
8 433 478 1299 1407 1776 2208 2416 3055 
0 
4 435 1393 1668 3136 
1 902 
0 
2 1815 2690 
3 1631 2047 2434 
2 956 1546 
3 109 1036 2511 
2 109 1430 
2 1279 3195 
2 1442 1754 
2 767 2772 
2 1539 2534 
7 519 818 2098 2232 2419 3095 3363 
3 1468 1964 2699 
3 2732 2783 3233 
1 2764 
0 
3 193 238 1705 
3 396 430 2579 
1 501 
1 2750 
4 543 1095 1710 2411 
2 913 1234 
1 782 
3 1192 3179 3205 
3 310 2342 3087 
1 363 
1 3073 
2 2844 3039 
2 2601 3314 
1 2921 
1 3097 
1 632 
3 1199 1543 2301 
4 2040 2294 2732 3195 
1 2063 
3 224 1308 1672 
2 1717 2187 
4 790 1394 1881 3019 
4 561 1061 2135 3265 
1 110 
2 1886 2209 
4 746 819 916 1902 
1 3078 
2 108 1747 
3 1101 1272 1826 
4 276 861 1232 3016 
2 506 2637 
3 78 378 2735 
3 142 257 769 
2 3053 3240 
3 210 593 1959 
3 1218 1279 2170 
2 238 1358 
2 1192 2728 
3 1268 1349 1435 
2 1783 2370 
1 406 
4 544 2074 2579 3164 
1 1710 
5 1232 1377 1620 1953 3067 
4 483 1267 1421 2791 
6 361 813 2038 2533 2617 3185 
2 202 3358 
4 220 374 714 1699 
3 766 1957 3096 
2 131 160 
3 1070 2096 2781 
2 1700 3021 
3 2693 2820 3221 
3 1135 1156 2797 
0 
1 376 
6 95 371 495 1897 2451 3097 
2 897 3026 
1 1920 
5 583 914 2159 2323 2492 
2 2333 3030 
5 957 1443 1601 2721 3107 
3 2411 3050 3359 
6 40 1029 1135 1731 2599 3317 
0 
5 168 1538 1854 2959 3269 
2 2952 2995 
0 
1 2826 
1 1888 
3 1006 1715 1946 
2 1888 3281 
3 596 2973 3098 
3 638 948 2545 
3 1606 2282 2779 
0 
2 769 3297 
3 2638 3007 3210 
2 1046 2103 
1 1500 
3 646 1936 2053 
5 1552 1772 2792 2876 3253 
0 
2 1811 2465 
1 1172 
3 975 1012 2480 
2 1759 2974 
2 448 1321 
2 968 2520 
2 2628 3311 
4 184 386 483 2734 
2 566 3391 
3 829 1406 2077 
4 424 1786 2602 3259 
3 449 1434 1835 
2 559 910 
1 3077 
3 1306 1683 2492 
1 1562 
3 231 859 1070 
3 474 1338 2578 
4 656 779 2208 3063 
3 1013 1439 2005 
2 688 2459 
2 595 2290 
4 78 89 885 3159 
2 560 944 
4 24 269 939 2612 
3 735 1618 2061 
2 2999 3264 
1 1834 
3 80 854 2011 
1 3074 
2 62 453 
2 231 870 
1 932 
0 
1 299 
2 1496 3364 
2 2893 3348 
1 421 
2 1794 2277 
3 1706 1895 3158 
5 1850 2211 2227 2602 3277 
0 
2 433 2654 
2 3152 3200 
4 1115 1364 1906 2277 
1 2972 
2 3097 3251 
2 137 263 
4 185 1196 1771 2668 
4 421 1405 2369 2640 
2 639 1071 
1 2167 
2 2595 2754 
4 26 536 2166 2878 
1 2601 
4 1854 1965 2751 2782 
3 274 1744 2505 
1 1155 
4 1181 1360 1853 2581 
2 518 1115 
2 1223 1900 
3 463 1255 2585 
3 1775 1970 3042 
2 2366 2864 
2 378 2121 
2 1341 2106 
2 782 793 
2 1344 1367 
1 2761 
1 2401 
3 596 822 2926 
2 1635 3363 
3 271 1361 2394 
2 129 1077 
4 1415 2315 2601 2747 
1 2869 
1 2504 
5 502 889 1895 2716 3307 
2 1076 2923 
1 1444 
1 988 
2 1942 2596 
1 2281 
2 315 2139 
4 583 1187 1852 2007 
5 578 991 1448 2194 2348 
3 546 2520 2623 
5 835 902 973 2133 3234 
3 936 1766 3250 
6 593 1139 1729 2299 2872 3364 
2 219 589 
2 1148 1353 
5 171 620 1860 3183 3342 
3 1457 3306 3360 
0 
2 454 2449 
1 1782 
3 17 814 2862 
2 422 2183 
3 60 1570 2200 
1 95 
1 592 
2 770 1812 
2 1144 2458 
2 618 1367 
3 270 1368 1633 
2 1783 2986 
3 2192 2627 3104 
0 
3 789 2975 3083 
3 1089 1410 2698 
2 207 1356 
2 396 2180 
3 792 1640 1970 
1 2490 
1 2484 
2 541 1605 
3 395 1928 2226 
2 1244 1430 
3 256 304 1793 
2 495 3279 
3 373 846 1354 
2 95 1273 
2 703 1065 
3 2578 2760 3122 
1 1232 
2 1160 2881 
4 558 614 1092 2962 
2 1772 2314 
2 1 1 2 3 1 1 1 1 2 1 1 1 3 2 2 1 3 2 1 1 1 1 1 3 1 1 1 1 2 2 2 2 1 1 1 1 2 3 3 1 2 1 1 1 2 2 1 1 1 2 2 1 1 3 4 1 3 2 2 3 3 2 2 2 1 1 1 1 2 1 1 3 2 2 2 1 3 3 2 3 1 2 1 1 2 1 1 1 2 1 2 2 2 1 2 3 1 2 2 1 2 2 2 2 2 2 1 2 2 2 1 2 2 1 2 1 1 1 1 1 3 2 1 1 2 1 2 2 1 1 1 1 2 1 1 4 3 2 2 1 1 2 1 4 1 1 3 1 1 1 1 1 1 2 1 1 2 3 1 1 1 2 1 1 1 2 2 2 2 1 1 1 1 1 2 1 3 1 2 3 1 1 2 2 2 1 2 1 1 1 3 1 4 3 1 1 2 1 1 2 3 2 1 1 3 2 3 2 2 1 3 2 1 3 1 2 1 2 1 1 2 3 1 2 2 2 2 2 1 3 2 1 1 1 3 1 1 1 1 1 4 1 1 2 2 1 1 1 3 2 3 4 2 1 2 3 2 2 3 1 1 2 2 1 2 1 2 2 1 2 2 3 1 3 4 3 2 2 4 1 2 1 1 1 1 1 1 1 1 1 2 3 2 2 3 2 3 2 2 2 3 3 1 1 1 3 2 2 1 1 3 1 1 1 2 1 1 3 2 2 3 2 1 2 2 3 2 1 1 1 2 1 1 1 1 1 2 1 1 2 3 1 1 3 2 2 2 1 1 1 1 1 1 1 2 2 2 2 1 1 1 1 2 1 1 1 1 1 2 1 1 1 2 2 1 2 3 1 1 3 1 2 1 2 2 2 4 1 1 1 1 4 3 1 1 2 1 2 3 1 2 3 2 1 3 2 1 1 1 2 1 2 2 1 1 3 1 1 3 1 1 2 1 3 2 1 2 1 2 2 2 1 3 2 2 1 1 1 3 2 1 2 1 1 1 3 1 2 1 1 1 2 2 1 3 1 2 1 2 2 1 1 2 2 1 1 1 1 2 2 3 1 2 2 2 1 1 4 2 2 2 1 3 2 3 1 1 3 1 1 1 1 2 1 2 2 3 2 1 1 1 3 1 1 1 2 1 1 3 3 1 1 1 1 1 2 1 1 1 1 1 2 3 1 2 3 2 1 1 1 2 1 2 1 2 2 2 2 1 1 1 3 2 2 1 3 1 1 2 1 1 1 2 1 3 3 1 1 2 3 1 3 1 2 4 1 2 1 1 1 1 1 4 1 2 3 3 3 1 1 1 3 1 1 2 2 2 2 1 2 3 2 1 1 2 1 3 2 1 1 2 1 3 1 1 1 1 2 1 1 3 1 1 1 1 2 2 3 1 3 3 1 3 2 3 2 1 2 2 3 2 2 1 1 1 1 1 1 1 2 3 1 3 1 1 3 4 1 1 2 1 1 1 1 3 1 3 1 1 1 2 3 1 1 2 1 3 2 2 1 1 1 1 1 2 2 2 1 1 2 1 3 2 1 3 2 1 2 1 1 2 2 1 2 2 1 1 1 1 1 2 1 2 1 3 1 1 4 1 1 1 1 1 2 3 2 2 2 2 1 1 1 2 4 1 2 1 3 3 3 2 2 2 1 1 1 1 3 1 1 1 1 1 1 1 1 2 1 1 3 1 3 1 2 2 4 1 1 1 1 3 2 2 1 1 1 2 2 2 1 1 2 2 2 1 1 1 2 3 1 1 3 1 2 2 1 2 1 2 3 1 1 2 1 3 2 3 2 2 1 2 2 1 1 1 3 1 2 2 1 3 1 1 1 3 1 3 1 1 1 2 3 2 1 2 3 1 2 3 1 1 2 1 2 1 3 2 1 2 2 1 1 1 2 2 3 2 2 1 1 1 2 2 2 1 1 2 2 2 1 2 1 1 3 1 1 2 2 1 3 1 2 3 1 1 1 2 1 1 1 1 1 1 2 2 1 2 1 1 2 1 4 2 3 2 1 2 2 1 1 3 1 1 3 1 1 3 2 1 3 2 2 1 5 2 2 1 3 1 2 3 1 1 4 1 4 1 1 2 1 1 2 1 1 1 1 1 2 3 3 2 1 2 2 1 2 1 1 1 3 2 1 2 2 2 3 1 1 1 1 2 2 1 2 1 1 1 3 1 1 1 1 3 2 1 2 1 2 2 1 3 1 1 2 1 1 2 3 1 2 2 3 1 1 1 1 1 1 2 1 3 3 2 1 2 2 1 1 3 1 2 1 2 3 1 2 3 1 2 1 1 1 2 1 2 1 3 2 1 2 1 3 2 2 2 2 1 2 1 1 2 3 1 2 1 2 2 3 1 2 2 3 1 1 4 1 1 1 2 2 1 1 1 2 2 1 3 1 3 2 2 1 2 3 2 2 1 2 1 2 1 2 1 1 2 1 3 3 2 3 3 1 1 3 2 1 1 3 1 1 3 1 1 2 1 1 2 3 2 3 1 1 1 2 2 1 2 1 2 1 2 2 1 2 2 1 1 1 1 4 3 3 1 2 3 2 1 2 1 2 2 1 3 1 1 1 1 2 1 1 2 1 3 1 1 1 1 2 4 2 2 1 3 2 2 4 1 2 1 1 2 3 3 1 2 1 1 1 1 1 2 1 2 1 1 1 2 2 2 2 1 1 1 2 1 2 1 1 3 1 1 2 2 2 2 2 2 1 1 1 2 1 2 3 3 1 1 3 1 3 3 1 2 2 2 1 1 2 1 2 1 2 1 4 1 1 4 1 1 2 1 2 2 3 1 3 2 3 1 2 2 1 1 2 3 1 3 2 1 1 1 2 2 1 1 2 2 3 2 3 1 3 2 2 2 1 2 2 2 1 3 1 1 2 1 2 1 3 2 3 1 1 2 3 3 1 2 3 1 2 1 1 1 1 1 2 2 2 1 1 2 1 1 2 1 1 3 1 1 1 2 1 3 1 2 2 1 2 1 3 1 3 2 2 1 2 1 2 1 2 2 1 2 2 3 2 1 2 3 3 2 2 4 2 2 1 2 1 3 1 2 1 1 1 2 2 2 3 1 2 2 3 3 2 3 2 2 2 1 1 2 1 1 1 2 2 1 1 1 2 2 1 2 2 1 2 3 2 1 1 2 1 1 2 2 1 1 2 2 2 1 1 1 1 2 1 3 2 2 2 2 2 3 3 3 2 1 2 2 2 3 1 1 3 1 1 1 1 2 3 1 2 1 2 2 1 3 2 3 1 1 1 1 1 1 1 1 1 1 1 1 2 2 1 1 1 3 2 3 1 2 2 1 1 1 2 1 3 1 1 1 2 1 1 1 2 1 3 1 2 2 3 1 1 1 2 3 1 2 2 3 2 1 1 1 1 1 2 3 1 1 1 4 1 1 3 1 1 1 1 1 1 1 2 1 2 1 3 1 4 2 1 3 1 1 1 2 2 1 1 1 1 1 1 3 2 2 2 1 1 2 1 1 1 2 1 2 1 1 4 1 1 2 2 1 3 1 2 2 1 2 1 1 1 2 3 1 1 3 2 1 1 3 2 4 1 1 1 4 1 4 1 1 2 1 1 2 1 2 1 2 2 1 1 1 2 2 1 1 3 1 4 1 2 3 1 3 1 1 3 1 1 1 1 1 2 1 1 2 2 2 2 2 4 2 1 3 1 1 1 2 1 2 1 2 1 1 3 1 1 1 1 1 3 2 1 1 1 1 1 1 1 2 3 2 2 1 2 1 3 1 2 2 1 1 1 1 1 2 1 1 1 2 2 2 1 1 1 2 3 1 1 3 2 1 1 1 1 1 1 1 3 2 3 1 1 1 2 2 4 1 2 2 1 2 1 1 1 3 2 2 1 2 1 1 1 1 2 1 1 1 1 1 3 1 1 3 2 2 3 2 2 2 1 1 1 3 1 1 2 1 3 1 2 2 3 2 2 2 2 1 2 1 1 3 4 2 1 2 2 2 3 3 1 3 1 3 2 1 1 3 2 3 2 1 1 1 1 1 1 1 3 3 3 1 1 1 2 2 1 1 1 1 2 1 2 1 1 2 2 2 3 1 2 2 1 2 3 1 1 3 1 2 3 1 1 1 1 1 1 1 1 1 3 4 1 3 1 2 1 1 3 1 1 2 1 1 1 1 1 1 2 2 3 2 2 1 2 3 1 1 1 2 1 1 3 3 1 2 1 1 2 2 2 2 2 2 1 3 2 3 3 2 3 3 2 1 2 2 1 2 2 3 3 1 1 2 2 3 2 2 2 2 2 1 1 1 1 2 1 1 1 1 2 2 2 2 2 1 3 1 1 2 2 1 2 1 2 1 1 3 2 4 1 1 1 1 3 1 2 1 1 2 1 2 2 1 2 2 1 1 1 3 2 4 1 1 1 3 1 2 3 1 1 3 1 3 1 1 3 1 1 2 1 2 2 1 2 1 2 2 2 1 2 1 2 1 2 1 1 1 3 2 1 1 1 1 3 1 1 2 2 3 1 2 3 2 3 1 3 2 1 2 2 2 1 2 2 1 2 1 1 1 3 2 2 2 2 1 1 1 1 2 2 1 1 3 1 1 1 4 2 3 1 1 1 2 1 1 1 1 1 1 2 1 1 1 2 1 1 2 1 2 2 2 1 1 1 2 1 1 2 1 2 2 1 1 3 2 1 1 1 1 2 1 1 1 1 2 2 1 1 2 1 4 1 1 2 1 1 1 1 1 1 2 3 1 1 2 2 1 1 1 2 3 2 1 3 3 1 1 1 2 1 1 2 1 2 2 1 2 1 3 3 2 1 2 2 3 1 1 1 1 1 1 1 1 1 1 1 3 2 1 1 2 1 1 1 2 2 2 4 2 2 2 2 1 1 2 2 1 1 3 1 1 1 1 1 1 2 2 2 2 1 2 1 3 2 1 2 1 2 1 3 1 2 4 2 1 1 1 2 2 2 1 2 2 1 2 1 4 1 1 2 3 2 1 2 2 1 1 2 1 3 2 2 1 2 1 2 1 1 2 2 1 2 1 1 2 1 1 1 2 1 3 2 1 2 1 2 1 2 1 1 1 2 2 3 2 1 1 2 1 2 1 1 1 1 1 1 1 1 1 2 1 3 3 2 2 1 2 2 1 1 1 1 1 1 2 4 1 1 1 1 2 3 2 1 1 4 1 1 3 2 3 3 1 1 1 2 4 2 1 1 3 1 2 1 3 2 1 2 3 1 2 2 2 1 3 1 2 2 1 1 2 2 3 2 1 2 1 1 2 3 1 1 1 2 3 3 1 1 1 1 1 1 1 1 4 1 1 2 1 2 2 1 2 1 3 3 1 1 1 1 1 1 3 2 1 2 2 2 1 4 1 1 3 2 3 1 1 1 3 2 2 1 2 1 1 1 2 2 1 2 1 1 2 1 1 4 3 1 3 1 3 1 1 1 2 2 1 2 2 3 2 1 2 3 2 1 4 1 3 3 2 1 2 1 1 1 3 3 4 3 1 1 1 1 1 2 1 1 2 2 1 3 1 3 2 2 1 3 1 1 2 1 1 1 1 1 1 3 1 2 1 2 3 1 1 1 2 1 1 2 1 1 2 4 1 1 1 2 1 2 2 2 1 2 4 2 1 1 1 2 3 1 2 2 1 2 1 2 1 1 1 2 1 1 2 4 2 3 1 2 1 1 1 1 1 2 1 3 1 1 2 3 1 1 1 3 2 2 2 1 1 1 1 1 2 2 1 1 2 1 1 2 2 2 1 1 1 1 1 3 2 2 2 1 1 1 1 1 1 2 1 1 2 3 3 1 1 1 3 2 2 2 2 3 1 2 2 1 2 1 2 1 3 1 2 1 2 1 2 1 1 2 1 1 2 1 1 1 1 2 3 1 3 1 1 1 2 1 1 4 2 2 1 2 1 1 2 2 1 1 2 1 2 2 4 3 3 3 1 1 1 1 1 1 1 1 1 3 2 2 4 1 1 1 2 1 2 1 1 2 1 3 1 3 1 4 1 1 1 1 1 1 1 1 2 1 1 2 1 1 1 1 2 3 1 2 2 1 1 1 3 2 1 4 1 4 2 3 1 2 2 2 1 1 4 2 4 3 2 1 1 1 1 1 1 2 1 1 3 1 1 1 3 1 2 2 1 3 1 4 1 2 1 1 4 3 1 1 1 1 1 1 2 2 4 1 3 1 3 2 2 2 3 2 2 2 1 2 2 2 1 2 3 3 2 1 1 2 2 1 1 2 2 1 2 1 1 1 2 1 1 1 2 1 3 1 3 3 1 1 1 1 3 1 1 2 1 1 4 1 1 3 4 1 2 2 1 1 1 2 1 1 3 1 1 2 1 1 1 4 1 2 2 1 1 2 1 1 1 3 1 1 2 4 1 2 3 1 2 4 1 2 1 3 1 1 1 1 1 1 2 1 1 1 1 2 1 4 1 1 1 2 1 1 2 1 2 2 1 1 1 1 1 2 1 2 2 1 1 1 2 2 2 1 1 2 2 2 3 2 3 3 2 2 3 2 1 1 1 1 2 1 2 3 1 1 2 2 1 2 1 1 2 2 2 2 1 1 3 4 2 2 3 1 2 2 1 3 1 1 1 1 1 3 1 1 2 2 1 2 1 1 2 2 3 1 2 3 1 1 1 3 1 1 2 2 2 1 2 2 1 1 3 1 2 3 1 2 1 2 3 1 3 2 1 2 2 3 2 1 1 3 2 1 3 1 3 2 2 3 4 2 3 2 2 2 1 1 1 1 2 2 3 2 2 1 1 2 1 1 2 2 2 1 2 1 2 2 2 2 3 3 1 1 2 2 2 3 2 1 1 2 2 2 3 2 1 2 2 1 1 2 1 1 4 2 2 2 2 2 1 2 2 1 2 3 1 2 3 2 1 3 2 1 1 1 1 1 3 3 2 1 1 1 1 3 2 3 2 1 1 3 1 2 3 1 1 2 2 2 2 3 2 4 3 1 2 2 2 1 3 3 1 3 3 3 1 1 3 1 1 1 4 1 1 2 1 2 1 1 1 1 1 2 2 1 2 1 1 1 2 2 1 1 2 2 1 2 1 1 3 3 1 3 2 3 3 3 3 2 2 3 1 1 2 3 3 2 1 2 1 2 1 1 2 1 1 2 1 1 1 1 3 1 1 1 1 2 3 3 1 1 1 2 1 2 2 1 2 1 3 2 1 1 1 3 2 1 1 2 2 1 1 2 1 3 1 1 3 2 1 2 1 1 2 1 1 2 1 2 2 2 1 1 1 1 1 1 2 1 3 2 2 3 3 3 2 1 1 3 1 1 4 3 3 1 4 1 1 1 1 1 1 1 1 2 2 1 1 3 1 3 1 2 2 1 1 1 2 1 1 1 1 1 2 2 2 2 1 2 1 2 1 1 2 1 1 1 1 1 2 3 1 1 1 1 1 1 1 1 1 1 1 2 1 2 2 1 1 1 4 1 1 1 1 4 3 2 1 3 1 2 2 2 3 3 1 1 1 2 2 1 1 1 2 1 4 1 1 2 1 1 1 2 1 1 1 2 1 1 3 1 2 2 2 3 2 1 2 2 1 2 1 2 1 2 1 1 2 2 1 1 1 3 1 1 1 2 1 2 2 1 2 3 1 2 1 1 1 1 1 1 1 2 2 
