s 3100
2 2591 2697 
3 619 809 2284 
4 614 747 2206 2394 
1 2685 
0 
3 1490 2255 3020 
5 916 2562 2601 2695 2908 
5 507 1339 1854 2186 2982 
0 
3 1309 1600 2915 
3 37 2181 2392 
2 2019 2287 
1 1716 
0 
4 1241 1415 2244 2761 
4 608 1064 1105 1196 
1 48 
1 1860 
4 776 1544 2112 2197 
2 97 2689 
0 
0 
2 1188 1941 
1 2205 
3 307 562 1760 
3 1494 2080 2526 
3 222 1449 2735 
4 2333 2350 2507 2695 
1 2388 
2 1002 2989 
1 806 
6 142 470 1518 1710 1740 2784 
5 1203 2206 2486 2803 3053 
3 370 448 1124 
5 1823 2144 2348 2578 3092 
2 1038 2689 
2 1987 3073 
2 10 2292 
4 109 465 1677 2296 
1 2303 
1 2318 
1 1136 
3 330 871 1733 
1 1749 
2 768 1102 
1 450 
2 601 1103 
2 477 2183 
3 16 581 1448 
3 147 2000 2611 
2 1542 2247 
3 1578 2444 2645 
1 2822 
3 497 1272 2519 
4 168 369 1095 1259 
2 223 509 
2 1282 2918 
5 346 360 1168 1746 2684 
4 460 732 784 2526 
4 694 1022 1050 2180 
9 72 148 400 928 1193 1213 1933 2225 2694 
3 548 1440 2774 
1 2606 
3 1063 1706 2092 
4 633 768 992 1724 
3 574 885 2500 
4 924 1250 1511 2559 
1 2886 
4 1022 1376 2569 2653 
1 1580 
1 2173 
3 947 1143 3083 
6 60 370 1050 2469 2557 2853 
6 1115 1731 1991 2323 2525 2670 
2 1048 2475 
2 972 2901 
3 185 1205 2453 
5 121 1062 1840 2499 2633 
0 
2 1028 2062 
1 2806 
1 1499 
0 
2 835 1836 
1 2880 
3 211 2253 2774 
0 
1 2044 
0 
1 2793 
1 2248 
1 2813 
3 332 1034 1285 
2 224 1890 
3 725 2356 3087 
5 575 1614 1899 1931 2248 
0 
3 19 1536 2444 
1 991 
0 
2 1095 2520 
5 700 2123 2359 2785 3003 
2 2058 2937 
0 
3 1235 2244 2589 
5 587 794 1627 2794 3094 
2 1223 2534 
4 167 965 1846 1862 
3 157 785 991 
3 38 154 1645 
0 
3 609 2031 2243 
0 
0 
5 365 470 1681 2600 3015 
4 777 1857 2004 2495 
0 
6 756 1168 1201 1532 1638 2681 
2 507 2799 
3 648 1085 1543 
4 1561 1755 2097 2838 
3 77 1220 2820 
5 508 2042 2213 2273 2565 
6 1261 1280 2095 2305 2979 3089 
2 1094 1583 
1 1561 
4 133 1368 2590 2873 
1 1736 
2 303 2126 
1 2617 
2 871 1792 
4 1467 2011 2505 2677 
2 364 2304 
8 126 261 1138 1263 1980 2261 2893 3096 
4 347 1155 2358 2656 
1 2720 
4 977 1714 2882 2937 
1 703 
4 654 1868 2216 2834 
1 2896 
3 954 1398 1701 
1 1969 
3 31 1487 2309 
3 822 1861 1932 
2 2424 2997 
2 3026 3080 
1 3028 
4 49 223 794 2074 
2 60 2199 
1 2862 
1 2142 
2 1179 2989 
2 183 2859 
7 443 720 893 1371 1662 1939 3027 
3 109 648 2449 
3 691 1426 1593 
2 1595 2832 
3 108 1165 2077 
1 1287 
1 1088 
3 258 1099 2505 
3 476 603 1562 
3 714 2286 2802 
3 354 866 2983 
2 1332 2942 
1 1723 
2 1747 2261 
1 107 
2 54 1830 
3 521 2916 3075 
1 2832 
2 618 643 
2 988 2473 
5 457 893 1156 1223 1888 
3 735 1174 2229 
2 1267 3004 
2 2202 2444 
3 1011 1083 1109 
5 581 819 1393 2209 2795 
5 1183 1827 2085 2889 2905 
5 231 1203 2077 2100 2551 
4 189 2240 2302 2370 
2 2119 3033 
3 152 1481 1940 
0 
3 76 427 1083 
1 2335 
4 330 749 1410 2985 
3 2430 2776 2874 
3 181 1821 2109 
2 2594 2935 
2 541 2113 
3 403 1090 2717 
4 529 2134 2786 2851 
2 587 1958 
1 1922 
3 1280 2185 2960 
2 915 2083 
1 2293 
4 404 1836 2952 2958 
4 876 1689 2930 3003 
0 
4 572 722 1888 2611 
2 870 1866 
3 645 2504 2549 
1 2401 
0 
0 
3 510 586 2384 
0 
5 304 354 2023 2219 2791 
2 85 413 
4 470 1257 1981 2973 
1 2069 
1 373 
2 1258 2564 
2 1684 2049 
2 1742 2943 
2 2361 2720 
3 818 1822 2919 
5 1680 1890 2001 2045 2931 
3 890 1240 1643 
3 26 333 2543 
4 55 147 740 3004 
3 93 1211 2809 
1 902 
3 335 1809 2189 
7 553 558 983 1143 1329 1420 2174 
1 981 
1 2389 
5 971 1078 1744 1778 2478 
1 180 
0 
3 401 2947 3047 
2 238 1855 
2 1841 2801 
2 1085 1913 
4 273 1882 2012 2420 
2 234 1366 
2 292 2514 
3 405 1651 2890 
2 243 1650 
4 352 1114 1687 2987 
3 241 2548 2632 
4 294 1757 1931 3089 
1 3056 
2 2770 2949 
4 1758 1960 2723 2882 
1 864 
1 359 
6 350 411 608 1577 1909 2292 
2 1087 1390 
1 1881 
1 1377 
3 1190 1323 1897 
3 1137 1510 3009 
1 785 
3 764 2384 2756 
1 160 
5 1053 1166 1512 1681 2418 
1 1687 
2 133 2920 
2 864 2118 
2 551 1641 
2 1127 1180 
1 1847 
3 1579 1782 2969 
3 537 1944 2247 
1 1840 
2 1664 2393 
1 2458 
1 2193 
5 1558 1660 1716 1908 2315 
1 237 
1 2358 
2 1151 2306 
3 2244 2494 2890 
0 
5 703 1073 1175 2379 2775 
3 1235 1296 2397 
3 319 775 1314 
0 
3 742 818 1564 
1 1610 
0 
4 291 922 1473 3007 
1 1662 
1 2984 
3 931 995 1885 
0 
4 535 1505 1931 2421 
4 285 412 1063 1688 
3 239 1592 2719 
1 2165 
3 244 1884 2562 
1 2000 
4 435 2287 2724 3004 
2 445 1388 
4 558 1662 2012 2759 
0 
1 1739 
2 1921 2090 
1 2618 
5 128 421 937 2479 2974 
5 210 2649 2862 2888 3099 
1 1500 
0 
4 24 1024 2123 2917 
3 1658 1889 3001 
2 1655 2313 
6 1030 1564 1609 1658 2227 2858 
6 380 931 950 2380 2522 2744 
3 782 2780 2968 
4 755 889 2138 3015 
2 1247 2054 
1 1080 
1 1333 
2 2817 3082 
1 359 
4 280 928 1209 1502 
1 2045 
5 1002 1785 2582 2877 2931 
3 2044 2192 2906 
0 
2 2019 2446 
1 1346 
3 1859 2092 2923 
4 525 1269 2450 2824 
2 1424 1568 
0 
4 42 187 1102 1276 
1 2981 
6 92 473 816 1475 1507 1540 
3 222 678 2711 
3 2022 2280 3098 
3 226 431 1626 
2 996 1440 
3 1572 1628 2293 
1 430 
3 433 517 1383 
2 411 2939 
2 988 2269 
2 1918 2080 
1 2192 
0 
2 1463 2569 
3 57 2972 3066 
2 134 3092 
5 440 765 1716 2185 2654 
0 
5 250 917 2074 2102 3043 
3 1022 2508 2881 
1 242 
1 2010 
3 163 210 551 
1 676 
2 1391 2715 
3 1727 2111 2835 
1 2917 
4 249 318 681 1164 
6 57 953 981 1858 1972 2738 
1 552 
0 
0 
1 132 
1 114 
1 714 
2 702 814 
2 1233 1655 
3 54 553 3063 
5 33 72 974 1764 3034 
3 710 1229 2548 
0 
2 214 2267 
0 
0 
0 
1 1801 
4 671 921 1410 1684 
0 
2 311 878 
4 847 1204 1455 2348 
2 1252 2834 
4 544 1356 1687 2297 
1 1832 
2 569 2062 
2 930 1187 
0 
2 1988 2394 
2 587 2664 
6 474 610 692 1285 1335 2173 
4 818 1506 2488 2535 
0 
1 2545 
6 424 502 956 1100 1284 2791 
4 566 1044 1975 2898 
4 2251 2258 2342 2922 
6 460 915 1068 1202 1842 1902 
1 457 
1 2684 
2 60 2576 
4 233 667 853 1695 
2 2713 2908 
5 192 628 1468 2006 2876 
1 199 
5 240 1093 1260 2577 2843 
0 
2 1572 2832 
1 1781 
2 928 2493 
4 649 1204 1458 2461 
2 250 340 
3 291 503 991 
2 211 2293 
1 1258 
1 2405 
1 2244 
1 1148 
3 937 2195 2580 
3 488 935 2071 
1 2640 
2 303 2478 
1 1399 
2 1441 1847 
3 394 1849 2636 
1 1529 
4 645 1924 1952 2052 
2 185 1831 
2 1557 3072 
3 698 1464 2973 
3 338 1346 1587 
3 335 856 1059 
5 705 1488 1620 2920 2929 
1 339 
0 
2 296 2649 
1 2597 
3 537 749 1104 
3 439 2157 2899 
6 438 1479 1711 1897 2760 2968 
2 348 1287 
1 2192 
1 1114 
4 153 713 750 1864 
1 1338 
5 297 1215 1919 2127 2737 
3 2166 2926 2941 
2 2064 3025 
5 33 1230 2031 2117 2838 
2 1019 1454 
2 45 2430 
1 2895 
1 1746 
4 1545 1788 2258 2615 
2 534 2276 
2 662 1404 
3 1610 2242 2948 
5 173 398 1034 1609 2037 
0 
4 796 812 1403 1894 
5 58 397 1260 1727 2525 
1 2997 
0 
1 488 
1 1491 
3 38 1744 2197 
4 763 1093 1116 1782 
0 
2 1076 3075 
1 1841 
8 31 114 212 1539 1685 1988 2350 2630 
3 865 2293 2611 
0 
3 332 799 1011 
1 390 
4 1270 1434 1727 2473 
1 161 
3 47 2245 2544 
1 2374 
3 1490 2827 2855 
3 1405 1622 3089 
1 957 
2 1537 2107 
1 1376 
3 1222 2192 2207 
5 719 2193 2435 2818 3009 
0 
2 1391 1396 
3 419 463 2089 
1 576 
1 2232 
1 1314 
2 1152 2069 
2 1106 2369 
2 1209 2090 
4 1188 2205 2554 2822 
3 689 2219 2894 
2 53 1117 
2 938 3048 
3 970 2918 3056 
2 1108 1506 
2 1049 2138 
2 394 1336 
1 412 
1 2931 
2 1042 1361 
5 754 1215 2446 2896 3024 
3 7 118 555 
2 122 2760 
5 55 1194 1332 1853 2451 
3 208 1273 2752 
1 1951 
0 
0 
1 2452 
6 718 945 972 1527 1718 2087 
4 1507 1855 1938 2084 
7 339 1702 1771 1904 2130 2951 3076 
0 
1 2980 
2 1269 2585 
5 169 990 1089 1603 1900 
1 2644 
2 2139 3066 
1 2146 
3 327 844 906 
3 667 2426 3087 
2 1878 2643 
2 813 3036 
6 193 1099 1488 2681 3021 3069 
1 1476 
3 772 1249 2847 
2 1185 1912 
1 1401 
1 454 
2 290 1058 
0 
3 267 437 954 
1 1881 
1 1940 
5 696 1309 1330 1979 2615 
2 191 3090 
1 1339 
4 1697 1826 2528 2722 
1 383 
1 783 
4 1334 2279 2868 3068 
1 1866 
1 61 
1 776 
2 1700 3060 
2 263 354 
2 361 1464 
3 227 369 1937 
2 1001 2226 
2 507 3028 
2 1429 2750 
2 2009 2468 
2 227 298 
4 605 1647 2017 2450 
0 
1 610 
4 24 1564 2380 2491 
2 2248 2558 
1 1683 
1 910 
2 395 2811 
1 776 
1 1062 
3 385 630 962 
2 974 1407 
3 857 1289 2707 
1 202 
1 2217 
3 65 918 1793 
3 95 750 2326 
1 489 
4 894 1287 1966 2943 
3 604 1475 2969 
1 1196 
1 1465 
3 48 178 2967 
1 2440 
0 
3 1468 1809 2175 
3 1241 1637 1918 
2 208 2195 
5 105 194 389 1370 2164 
4 1028 1924 2030 2854 
1 844 
3 724 992 1070 
5 1231 1460 1464 1764 2532 
3 1895 2109 2862 
0 
1 1665 
2 644 714 
0 
3 802 1270 1595 
3 1118 1902 2262 
2 732 2351 
1 2966 
3 46 804 1315 
1 744 
2 161 2663 
6 578 884 1463 1811 1891 2953 
2 559 1022 
2 1275 2700 
1 2169 
5 15 250 1172 1204 1560 
1 111 
6 390 561 902 935 1638 1656 
0 
1 3016 
1 1101 
2 2 1030 
4 830 963 2154 2537 
2 1381 2072 
1 1299 
4 171 1020 1596 2716 
5 1 1025 1146 1626 1844 
6 1106 1316 1692 1725 2039 2050 
1 628 
1 2714 
2 1557 3010 
2 2824 3094 
1 2201 
3 1753 2256 2873 
1 811 
2 403 621 
4 655 716 1614 1884 
4 569 1630 1975 2281 
2 687 3053 
1 1346 
2 64 1723 
3 700 1860 2334 
3 968 1232 1614 
1 1454 
2 1112 2210 
4 940 1100 2047 2553 
3 1200 2727 3040 
1 1620 
1 2513 
3 1580 2382 2864 
3 171 2191 3004 
3 595 1674 2994 
4 204 426 664 1112 
3 815 2350 2449 
2 2086 2303 
4 119 154 2195 2233 
2 410 1391 
2 2101 2971 
0 
1 1848 
1 1321 
2 138 1054 
3 629 1021 1766 
1 2158 
2 1486 1920 
3 1046 1305 2475 
2 1372 1810 
1 2168 
0 
5 455 901 1220 2188 2252 
1 2997 
2 645 2125 
1 2930 
2 2154 2656 
5 401 526 2027 2431 2940 
1 1231 
2 1346 2078 
1 1074 
6 378 1163 1406 1582 2666 2764 
3 840 1206 2169 
2 1292 1300 
2 971 1157 
1 1264 
3 355 1509 3063 
2 1530 2402 
6 333 689 835 1166 1714 2832 
2 1361 1369 
1 2057 
3 359 1271 1824 
0 
2 2395 2678 
3 932 1464 3070 
1 1668 
2 1545 2831 
2 631 697 
0 
5 496 678 1173 1972 2617 
0 
3 155 873 3026 
2 390 1466 
0 
4 59 1717 2005 2579 
2 2281 2993 
2 540 2372 
2 687 1979 
3 429 1543 2214 
1 2147 
3 101 634 3031 
1 2469 
4 367 1128 2675 2788 
3 137 278 2819 
1 1725 
2 432 2818 
0 
0 
2 1085 1767 
2 1673 1889 
3 371 910 1971 
3 725 749 773 
0 
3 443 844 1221 
3 162 366 595 
1 1333 
4 629 926 1534 2853 
2 1818 2227 
2 515 1244 
2 485 2870 
1 153 
0 
2 202 2895 
1 2925 
1 590 
5 94 711 2508 2531 3042 
3 2003 2454 2865 
1 1483 
2 1425 1488 
3 909 1771 2398 
1 922 
1 845 
4 58 599 1807 2581 
2 1470 2051 
2 1048 2640 
2 174 2840 
6 1553 2617 2670 2687 2740 3037 
2 1124 2383 
5 1454 1544 1633 2088 2201 
2 1354 2894 
4 223 1393 1441 3095 
2 937 2196 
4 282 757 1794 3068 
3 1592 2475 2571 
5 602 1659 1915 2655 2954 
1 2951 
1 1747 
3 2 1845 3001 
2 2420 2845 
4 187 437 711 2226 
2 443 575 
3 989 2600 2867 
2 1954 2744 
2 1882 2045 
5 506 1199 2226 2452 2819 
2 313 1879 
2 117 2848 
2 742 1761 
3 1003 1096 1405 
2 1364 3091 
2 1311 3041 
1 2084 
1 841 
1 466 
7 257 1959 2082 2103 2486 2998 3000 
3 348 911 1961 
5 1271 1438 2436 2818 3077 
2 1122 1581 
2 44 64 
3 2043 2102 2371 
1 1083 
2 1492 2035 
1 531 
4 711 1074 1901 2249 
5 1482 1882 1999 2036 3078 
2 280 2059 
6 18 549 567 1520 1524 2730 
2 115 2772 
1 2286 
2 988 1159 
3 1478 2331 2436 
1 1444 
3 312 2794 3097 
2 545 812 
2 58 953 
2 108 256 
4 1140 2390 2732 3042 
1 2082 
1 2933 
1 2609 
0 
3 1075 1880 2193 
1 2156 
2 2220 2826 
4 105 147 1235 2929 
2 2884 2953 
3 459 1384 1598 
1 2763 
3 1182 2506 2792 
3 473 2090 2326 
1 898 
2 2544 2830 
2 597 3074 
0 
4 601 926 1538 1833 
1 2555 
5 30 2145 2153 2295 2402 
1 2573 
4 1209 1486 2259 2628 
3 1 1808 2188 
0 
1 627 
3 459 783 2055 
5 528 833 1632 1654 1767 
5 367 1615 2281 2755 3047 
2 646 2921 
2 332 2988 
0 
4 219 282 391 1088 
3 178 1717 1813 
2 842 1546 
4 925 1324 2173 2709 
2 143 2310 
1 1926 
2 1848 2035 
2 2209 3018 
0 
2 1547 1661 
0 
7 1387 1513 1527 2513 2660 2766 2804 
2 615 831 
2 830 915 
1 1419 
2 813 2755 
1 2228 
2 83 678 
0 
2 1433 1535 
0 
4 1708 1906 2540 3059 
4 672 1793 2263 2281 
2 762 2750 
3 820 1608 2301 
2 2147 2962 
3 525 589 713 
3 731 1001 2655 
2 1692 1776 
4 381 1127 2181 2464 
2 1230 2016 
0 
2 1234 2944 
1 2013 
2 1055 3014 
1 401 
1 2903 
0 
4 431 1338 1491 1878 
2 571 3001 
1 2906 
0 
2 998 2715 
3 1569 1655 2110 
1 1897 
2 1092 1960 
2 248 262 
3 471 1521 1531 
4 163 1023 1549 1646 
2 1771 2418 
1 2690 
3 2213 2776 2877 
2 203 1702 
5 42 130 1172 1195 2968 
1 1219 
3 691 947 1980 
2 1708 1723 
0 
1 200 
1 2034 
2 380 915 
2 2120 2295 
2 1163 1432 
1 2448 
0 
2 975 1101 
2 604 2916 
3 65 1442 2722 
1 1998 
1 1777 
2 2540 2881 
4 313 2001 2447 3061 
2 221 1873 
2 901 2164 
4 1258 1460 1652 2837 
3 153 173 2060 
3 577 2315 3003 
1 1427 
0 
1 1406 
2 800 1430 
6 1388 1712 2202 2921 2954 3028 
4 2003 2392 2662 3097 
2 662 891 
5 225 610 1167 1316 2290 
0 
0 
2 1205 1594 
1 525 
1 2089 
2 1287 1794 
3 729 1238 2491 
6 565 710 1140 1523 2783 3024 
2 765 1350 
2 2180 2691 
2 1111 2151 
1 2626 
5 197 397 831 878 1018 
3 6 1170 2669 
1 350 
4 574 1171 1623 3052 
0 
2 957 2240 
2 378 1423 
2 285 730 
1 1451 
5 66 1778 1858 2362 2982 
2 821 1441 
2 716 804 
4 1123 2667 2988 2993 
8 60 319 409 1146 1290 2115 2666 2908 
6 1337 1498 2155 2521 3023 3029 
1 386 
5 288 311 1127 1323 2802 
2 684 2105 
0 
1 1982 
3 419 610 1642 
0 
4 303 418 741 2703 
3 498 2823 3018 
1 2695 
1 638 
3 1014 1911 3098 
3 1280 1563 1568 
1 2008 
6 1128 1267 1797 1849 2497 2810 
1 515 
3 1313 1587 2924 
3 71 873 1120 
0 
0 
1 311 
0 
1 2912 
3 360 784 2440 
3 140 537 2675 
3 1061 1211 1879 
4 394 1441 2218 2513 
2 481 920 
2 2686 2959 
4 2222 2464 2834 2960 
1 2735 
2 1606 1822 
2 569 2249 
3 615 1456 2979 
1 2137 
3 107 1793 2629 
1 2666 
3 1134 1232 1456 
6 635 1582 1714 2005 2734 2934 
2 980 1955 
1 499 
2 230 674 
7 75 515 1435 1696 1947 2165 2500 
1 1844 
5 370 570 1097 1273 2715 
2 883 2546 
3 997 1036 1660 
2 136 1726 
3 1176 2050 2409 
3 2306 2691 3004 
2 969 2555 
6 228 360 1025 1210 2747 2923 
4 1049 2087 2339 2695 
3 227 2000 2027 
0 
0 
0 
0 
3 172 341 779 
2 751 2451 
2 521 2490 
5 98 108 412 1469 2381 
3 64 590 1149 
0 
1 1451 
2 288 1135 
3 336 1806 2813 
1 976 
3 860 2348 3047 
0 
4 1656 1723 2152 2833 
4 554 845 1110 1262 
6 29 321 1363 1833 2774 3053 
5 758 1020 1333 1363 1731 
1 2050 
3 1141 1430 1792 
2 2454 2963 
2 1818 2086 
3 2712 2783 2975 
2 1124 2059 
3 1420 2432 2861 
4 177 473 2026 2105 
1 1152 
0 
6 941 1625 2065 2364 2494 2998 
3 1402 2153 3008 
4 1355 1497 2733 2826 
2 1503 1542 
2 915 1453 
2 449 1185 
3 618 1003 1448 
4 655 1391 2023 2405 
6 59 68 351 605 1078 2676 
2 866 2587 
4 307 1036 1893 2363 
3 619 981 2907 
3 1208 1551 2766 
1 1894 
3 79 588 3057 
1 2306 
5 310 614 1235 1825 2868 
0 
4 1627 1925 2096 2531 
2 1475 1889 
4 92 457 1940 3092 
4 1220 1725 2521 2799 
3 976 1024 1102 
3 1131 1382 2821 
2 35 3080 
1 2504 
3 1989 1998 2654 
1 2726 
4 505 2239 2765 2836 
1 2256 
2 395 1394 
3 1781 1845 2610 
3 658 1485 2460 
2 1813 2177 
2 74 734 
4 501 982 1709 2537 
3 59 72 2092 
1 2453 
0 
5 259 1331 1768 2676 2981 
4 654 1523 1906 2925 
3 852 2067 2850 
1 1324 
1 1574 
2 535 1626 
2 431 1591 
0 
3 955 1560 1580 
2 77 568 
2 63 291 
3 15 1983 2348 
1 1145 
4 1527 1659 1842 2634 
0 
2 397 2318 
1 1443 
4 590 2140 2203 2974 
1 1892 
0 
2 278 1525 
2 670 773 
2 791 2550 
2 468 2180 
0 
2 230 1022 
1 1564 
2 315 2022 
2 1372 2050 
1 1962 
7 177 185 770 1153 1332 1556 2069 
1 2725 
7 119 236 708 1651 1961 2156 2883 
3 1614 2564 2745 
2 251 1644 
4 159 818 1951 2933 
2 521 1219 
2 192 1932 
2 1241 1254 
2 863 1295 
4 405 466 1173 1888 
1 124 
5 54 100 1583 1758 2701 
3 758 2598 2658 
2 974 2163 
1 1908 
3 160 529 2793 
5 394 638 1919 2128 3071 
4 613 883 1464 2223 
5 44 330 1036 1154 2359 
1 46 
4 437 1821 2041 2705 
3 15 2497 2995 
7 493 620 1857 2099 2201 2402 2864 
3 1367 2844 2955 
5 500 1345 1941 2355 2719 
2 177 1712 
3 1001 1817 1941 
3 913 2271 2365 
2 637 645 
1 2531 
3 242 442 2288 
2 73 2000 
2 466 2072 
2 497 1619 
1 598 
1 2083 
3 947 2998 3020 
2 1563 2775 
3 767 1436 2669 
5 927 1157 1197 1881 2503 
6 33 737 1009 1377 1633 3054 
0 
0 
5 264 847 931 1951 1983 
3 702 944 2840 
1 2950 
3 1142 2180 2932 
1 1037 
5 1566 1885 2001 2357 3075 
2 1713 2282 
3 967 2372 2927 
4 995 1324 1641 2470 
3 41 1178 1345 
4 255 1260 1812 3010 
1 133 
4 1391 1685 2075 2650 
4 786 910 1604 2208 
1 1005 
1 1130 
4 71 227 1156 1571 
2 1842 2032 
1 1065 
6 619 928 1363 2516 2542 2646 
1 2766 
2 417 3071 
2 992 2592 
0 
1 275 
6 492 1012 1613 1893 2700 2753 
3 1083 1492 1840 
1 1102 
3 134 1475 2032 
3 173 1143 1216 
4 674 1123 2057 2305 
1 1375 
1 779 
1 1829 
3 1691 2437 2817 
0 
5 671 880 1289 2077 2647 
2 359 2057 
2 157 1315 
2 259 678 
4 902 1773 2447 2582 
2 57 117 
2 2446 2527 
3 916 1911 2909 
3 918 1995 2617 
2 608 871 
5 689 1093 1258 1260 1478 
3 174 2834 3059 
3 278 1325 2277 
3 978 1569 2970 
1 2557 
2 1136 2248 
3 151 1362 2324 
4 264 1692 2056 2383 
2 1554 1597 
3 798 1864 2583 
1 179 
1 2864 
5 532 1019 1363 1610 3009 
3 1380 2053 2984 
2 386 3093 
4 22 495 1778 2461 
2 1966 2602 
1 254 
2 1969 2929 
2 2780 2810 
3 60 1709 2861 
1 509 
2 871 1750 
3 15 579 2473 
2 1123 2317 
1 3051 
5 754 1214 1218 2257 2275 
4 639 1269 3022 3074 
3 117 1970 2488 
2 397 2272 
5 32 180 1710 1716 2270 
6 381 410 608 1695 2049 2772 
3 76 905 2474 
2 672 2332 
2 2367 3065 
1 1026 
5 319 494 808 1574 2169 
5 981 2015 2296 2724 2822 
4 224 955 2389 2511 
2 1443 2876 
1 60 
1 1199 
5 445 506 1847 2420 2850 
2 1156 2018 
0 
2 1199 1275 
3 872 1089 1598 
3 121 662 1035 
4 713 1258 1905 2539 
1 484 
4 106 173 1555 2941 
2 1241 2395 
0 
2 1571 1620 
0 
3 2406 2729 2734 
5 371 1492 1989 2356 2498 
7 448 848 1439 1705 2289 2550 2714 
3 591 668 2359 
3 635 967 2352 
5 368 1558 2361 2643 2699 
2 850 1453 
4 104 279 794 1030 
1 1644 
0 
2 909 1524 
0 
1 221 
4 14 585 1091 1224 
3 1277 2118 2452 
3 2594 2886 3086 
3 718 2866 3027 
2 1630 2482 
3 2115 2213 2934 
3 314 1290 2178 
1 2057 
2 531 2091 
4 66 1668 1839 2983 
1 1821 
3 382 1598 2698 
0 
1 1091 
2 1463 1866 
1 2984 
4 212 1722 2061 2679 
9 215 414 892 1173 1221 2136 2406 2499 2664 
1 54 
7 405 460 1137 1173 1277 1988 2796 
5 123 1735 1779 2719 3068 
3 1001 2560 2809 
3 133 1364 1416 
3 675 1432 1725 
0 
1 2790 
4 175 944 1400 2235 
1 2653 
3 327 520 1200 
3 475 597 2937 
2 681 766 
2 53 2649 
3 510 974 2913 
2 1907 1959 
2 606 1218 
2 330 2049 
2 1242 1260 
0 
0 
3 123 196 942 
0 
2 56 1690 
0 
2 394 2262 
3 92 390 1565 
2 2503 2673 
5 158 440 577 908 1963 
0 
4 571 1163 1945 2006 
3 928 1247 2266 
1 1574 
2 673 1695 
1 2473 
1 2653 
1 1092 
3 279 1363 2264 
3 1455 2864 2951 
0 
3 617 1677 2094 
2 673 3086 
1 1982 
0 
3 2285 2398 3098 
1 1687 
3 658 2824 2938 
0 
1 1809 
2 2096 2687 
3 9 540 2847 
0 
4 760 1710 2057 2839 
0 
2 946 1616 
4 280 491 1511 1543 
3 601 1165 2208 
3 620 902 2084 
1 1337 
1 1412 
2 2170 2723 
1 1757 
2 653 1751 
0 
2 254 931 
3 821 1056 1135 
1 1175 
1 2552 
0 
1 1623 
1 227 
2 540 2954 
5 1053 1775 2316 2712 2837 
4 164 509 1083 2331 
4 316 715 1003 1971 
3 546 2721 3075 
1 390 
2 502 2023 
5 929 1317 2368 2615 2942 
3 444 856 1667 
3 7 542 2319 
3 1420 2509 2871 
3 1475 2136 2199 
1 1854 
1 2276 
0 
3 1108 1136 2067 
6 325 430 632 669 1954 2628 
2 2104 2259 
0 
4 1719 1880 2254 2453 
2 911 1555 
0 
0 
0 
1 739 
1 1016 
1 383 
2 2178 2900 
1 2101 
1 2162 
3 2215 2429 2752 
3 505 679 1504 
1 1179 
6 1002 1003 1146 1185 1296 2906 
3 759 1263 1534 
0 
3 238 1849 2550 
1 1107 
2 126 2658 
1 679 
3 587 2090 2337 
1 153 
5 659 1081 1825 1850 2972 
1 1599 
2 1680 3031 
2 1158 2613 
2 68 483 
4 253 1124 2869 2891 
0 
1 1920 
4 1186 1495 1991 2893 
1 616 
1 1037 
2 339 2718 
2 796 1918 
1 1853 
1 2281 
3 829 1933 2759 
3 297 899 2386 
4 1744 1848 1898 1901 
1 251 
5 356 487 649 1021 1139 
1 2255 
5 178 740 1728 1763 2134 
2 1044 2455 
3 2069 2289 2633 
2 487 2752 
2 1627 2174 
1 140 
1 422 
1 1267 
1 533 
1 1015 
2 459 2204 
1 455 
3 480 758 2687 
4 671 897 2063 3005 
3 570 1603 2012 
1 2784 
1 1909 
3 187 378 2871 
1 1710 
2 1318 2411 
1 1971 
1 3040 
1 14 
2 1263 2632 
0 
1 1603 
3 832 2457 3082 
3 227 1010 1340 
1 2395 
2 1925 3047 
2 921 2500 
4 328 2033 2755 3028 
3 728 1789 2349 
4 155 1868 1983 2639 
2 895 1462 
2 2017 2902 
1 556 
6 898 1005 1538 1654 2589 2934 
0 
4 880 1264 2041 3066 
2 837 2842 
2 475 2712 
2 972 2824 
1 1122 
1 2725 
2 766 2870 
3 1230 2599 3060 
3 61 336 2874 
7 423 740 925 956 2384 2532 2809 
2 885 1659 
3 1069 1212 1692 
4 781 1502 1629 3071 
0 
2 1639 2834 
0 
4 48 1020 2288 2602 
5 26 1521 1857 1875 2601 
0 
3 923 994 2425 
0 
4 1018 1234 1655 2733 
4 449 636 738 2473 
5 381 1297 1623 2818 2968 
3 963 967 1737 
1 2612 
1 410 
2 1483 2962 
3 591 892 2128 
0 
2 1427 2378 
7 345 604 1255 1657 1712 2428 3080 
6 429 552 591 684 1101 2784 
2 580 1479 
1 692 
4 131 1603 1844 2818 
3 403 584 2428 
3 991 1678 2045 
2 733 2111 
0 
1 1830 
2 285 2377 
1 2590 
7 332 578 1033 1155 1341 1847 3077 
2 530 1609 
4 1958 2064 2571 3011 
5 780 1173 2290 2789 2917 
3 439 1465 2224 
3 1587 2982 3029 
1 183 
3 774 2756 2876 
2 727 1459 
0 
1 1046 
4 657 808 2197 3023 
4 142 1951 2091 2973 
6 432 529 728 1764 1944 1951 
2 1727 1778 
4 5 479 1956 2404 
3 464 856 2888 
5 771 1153 1229 2346 2572 
3 2071 2932 3061 
1 25 
3 1380 1710 2979 
3 1848 2455 2941 
3 1016 2032 2153 
2 929 2849 
2 81 2358 
1 305 
1 2675 
3 319 1444 2831 
2 1017 2472 
1 1361 
2 290 3002 
4 391 500 1530 1625 
3 332 516 2993 
0 
2 676 2693 
1 255 
3 66 1314 2077 
3 259 2558 2879 
3 829 2239 2613 
0 
2 2502 2705 
1 2255 
4 1852 2116 2288 2660 
2 31 2559 
1 2316 
3 776 1798 2652 
4 865 1449 2166 2269 
0 
3 910 1054 2646 
5 776 1238 1525 1803 2033 
3 1073 1524 1959 
1 3020 
5 515 829 1066 2029 2071 
1 2085 
2 425 3035 
3 677 1506 1959 
3 865 1923 2803 
2 117 1652 
0 
3 716 1364 2884 
3 837 2359 3054 
1 97 
3 482 2189 2617 
3 804 1430 2261 
2 470 2341 
3 332 1852 2160 
1 1673 
4 50 1017 1732 2165 
4 119 698 1314 2287 
2 18 738 
2 453 686 
2 820 2278 
1 827 
2 2830 3093 
2 866 2723 
3 1838 1946 2095 
2 1026 2350 
2 1868 2011 
2 736 1856 
2 1181 2247 
2 1223 1350 
3 1083 2033 2470 
3 428 623 2139 
2 272 1233 
2 2147 3028 
4 608 1061 2925 3070 
4 120 125 2048 2104 
1 161 
3 942 1121 2920 
4 282 310 562 1079 
4 1285 2865 2885 2890 
4 1132 1755 2909 3099 
1 1863 
3 328 942 2846 
5 861 1176 1862 2342 3044 
2 2559 2883 
5 1143 1226 1866 2451 2989 
2 337 407 
1 2640 
5 1057 1209 1291 1588 1962 
0 
2 2656 2849 
1 250 
3 51 1773 2002 
2 266 2591 
5 69 642 1061 2060 2980 
1 767 
5 671 968 1828 2385 2737 
3 124 1095 2298 
2 1588 2092 
0 
0 
5 430 946 1480 2731 2815 
3 1574 1584 2338 
1 1662 
3 2554 2579 3039 
2 1059 1688 
2 292 743 
2 155 1980 
2 905 3060 
5 156 597 1891 2026 2593 
1 618 
2 1181 1638 
5 796 1219 1252 1926 2574 
1 1373 
1 9 
3 1797 1875 2650 
1 2602 
4 521 1407 1418 1467 
1 1140 
2 1779 2566 
3 961 1911 2754 
0 
2 842 1868 
3 310 457 1476 
5 283 456 1185 2781 2822 
0 
0 
6 1152 1794 2375 2499 2807 2863 
4 95 629 635 1086 
1 814 
1 1313 
2 2079 2835 
2 1832 3070 
2 1117 2401 
3 432 640 1226 
1 2158 
2 480 1876 
3 918 1328 1455 
2 2188 2281 
2 1014 1506 
3 335 619 1058 
5 105 1032 1397 2081 2726 
2 337 1910 
1 1444 
2 630 1245 
3 1677 1843 2451 
2 813 3019 
3 738 1124 2885 
2 2166 2593 
2 1982 2813 
1 3071 
3 585 1804 2781 
4 117 610 1597 3035 
3 1446 1772 2295 
0 
4 263 1135 2418 2441 
1 935 
3 221 1877 3017 
3 1087 1236 2201 
1 109 
1 866 
2 559 2206 
1 2511 
1 2754 
3 241 2650 2956 
3 240 1085 2910 
2 892 1532 
0 
3 813 1430 2741 
4 309 368 861 1453 
3 610 1000 2902 
3 1463 1997 2943 
5 308 310 1698 1872 2577 
7 744 1066 1442 2088 2142 2374 2665 
2 272 976 
1 827 
7 153 286 298 1589 2132 2702 3068 
1 2337 
2 269 2402 
1 594 
0 
2 1338 2355 
4 685 1250 2199 3073 
4 1720 1976 2120 2670 
2 1770 2128 
0 
2 1883 2965 
5 709 1541 2008 2562 2593 
2 644 1827 
1 2606 
2 1848 2788 
3 38 1299 1631 
3 1469 2488 2544 
0 
5 220 1374 1730 2618 2654 
4 114 259 1938 2257 
1 1841 
2 564 2580 
3 216 378 2178 
2 470 1139 
1 3063 
7 242 260 383 1304 2318 2833 2891 
3 291 1591 2550 
1 200 
2 1282 2313 
3 1161 2259 2381 
6 620 846 1180 1443 2322 2811 
1 2088 
2 2426 2469 
3 401 1204 1292 
3 972 1760 2536 
1 543 
2 1658 2265 
2 2219 2473 
3 550 2416 3097 
2 140 3070 
4 517 870 2201 3034 
2 2417 2452 
2 1915 2889 
5 1230 1813 2456 2794 3043 
1 63 
0 
2 839 874 
5 1049 1193 1870 2428 2749 
6 31 1203 1311 1411 1495 2106 
1 439 
3 899 1109 1463 
1 1133 
3 136 678 968 
3 2349 2420 2936 
6 12 272 348 1203 2381 2651 
3 694 819 2389 
2 515 2959 
2 1349 3068 
2 1669 2581 
2 2602 2756 
1 1257 
4 165 633 874 1000 
4 64 1736 2182 2698 
8 620 704 1035 1264 1735 2174 2663 2915 
2 977 2677 
7 357 460 475 1489 2078 2270 2410 
1 1393 
0 
1 1680 
5 73 1003 1833 2207 2925 
4 1542 1877 2465 2983 
1 42 
2 2213 2571 
5 1261 1725 1805 2422 2684 
2 127 1724 
1 1456 
2 2381 2467 
1 300 
3 31 1872 2640 
2 2337 2902 
3 217 1983 2617 
0 
3 230 465 1389 
1 2342 
2 57 452 
3 166 746 2272 
1 2707 
1 43 
1 1195 
2 1321 2041 
0 
3 626 1854 2737 
0 
3 120 1566 2187 
2 2448 3005 
3 244 1320 2743 
3 247 1095 2754 
0 
4 24 1696 2732 3015 
3 757 1910 2078 
4 2147 2778 2954 2956 
1 1393 
4 370 591 1488 2843 
0 
3 655 2366 2552 
4 708 813 1861 2959 
5 1053 2033 2195 2676 2736 
3 2299 2622 2916 
1 1670 
3 517 729 867 
1 1639 
3 1167 1578 1998 
1 2066 
2 1331 2413 
4 846 2569 2620 2949 
1 887 
5 230 924 1188 1489 2446 
4 1261 1605 1814 2262 
0 
3 408 1045 1941 
3 266 466 2407 
2 2181 2697 
2 2306 2525 
1 321 
1 2877 
0 
1 453 
2 1425 2424 
0 
1 2088 
6 130 1005 1812 2478 2710 3033 
3 574 840 965 
4 742 908 1613 1845 
0 
1 2031 
4 944 1601 2105 2341 
1 1520 
1 2798 
1 2156 
2 377 2080 
1 1953 
1 1524 
2 1637 2030 
1 1735 
1 996 
2 732 2955 
1 809 
7 226 584 1307 2117 2390 2601 2679 
1 659 
1 604 
6 1137 1792 2174 2412 2494 2605 
6 819 1047 1705 1833 2449 2454 
2 1779 2853 
0 
4 2162 2789 2911 2992 
3 1110 1850 3026 
3 717 1007 2337 
1 2804 
0 
3 189 1104 1251 
2 219 961 
2 34 2209 
1 681 
4 1030 1372 2157 2692 
3 543 2164 2617 
3 179 1674 2183 
3 1582 2054 2148 
3 1160 2254 2979 
2 168 1472 
2 427 2699 
3 384 1618 2683 
7 804 1002 1731 1813 1905 2145 2170 
0 
1 2962 
4 83 199 2018 2155 
2 1849 2338 
1 1550 
1 1250 
5 77 268 1153 2112 2625 
4 235 469 1682 3099 
7 397 1066 1144 2120 2689 2911 2918 
2 1631 2493 
4 619 973 1467 1899 
4 747 1045 1794 2961 
1 107 
6 265 423 1215 1475 3003 3070 
6 652 824 1389 1496 1676 2397 
5 424 944 1366 1837 3065 
2 1372 1817 
3 1900 2519 2895 
2 1517 1540 
6 509 1385 1862 2350 2416 2795 
4 7 1342 1753 2721 
3 234 516 2000 
3 1553 2278 2562 
6 115 1106 1449 1988 2453 2802 
3 360 924 2739 
2 326 2488 
4 17 634 1915 2942 
2 143 1767 
6 107 1569 1853 2028 2764 2926 
2 1567 2117 
2 443 1182 
2 2306 2314 
6 203 547 1255 1571 2381 3092 
3 1922 2734 2783 
5 138 1426 1552 1608 2120 
1 2992 
4 1709 2105 2468 2927 
0 
3 1658 1740 2799 
1 890 
0 
2 1449 1601 
1 1622 
2 1643 1732 
3 527 856 2443 
2 755 955 
2 791 1349 
4 252 538 1123 2928 
4 237 753 774 2694 
3 1672 1896 2819 
4 294 629 2165 2655 
2 288 1132 
0 
2 1975 2265 
4 173 202 1093 2908 
3 308 709 1033 
4 93 220 2089 2633 
3 604 1595 3041 
2 1071 2398 
2 1024 1152 
2 459 1027 
1 592 
1 1883 
4 254 439 862 3000 
1 1389 
2 95 1844 
2 521 1851 
3 773 1389 2200 
3 397 598 2672 
0 
3 517 2036 2764 
3 1221 1833 2498 
3 839 1054 2353 
2 1274 2655 
3 272 1098 2911 
3 250 1409 2835 
2 1628 1761 
4 941 1170 1606 2466 
1 532 
4 236 2098 2246 2914 
0 
3 744 1704 1860 
2 2225 2901 
0 
3 342 585 1384 
4 445 1100 2618 2648 
2 657 1379 
2 301 2170 
3 195 1867 2073 
1 1531 
3 426 588 2160 
2 1032 1422 
2 823 1598 
1 2824 
1 2274 
2 2220 2392 
1 2138 
4 95 244 290 2628 
3 143 1090 2833 
4 60 1387 2433 2790 
2 2155 2975 
1 2896 
1 2172 
1 553 
4 516 1681 2063 2369 
1 153 
3 183 539 1034 
4 22 1108 1110 1781 
0 
3 2262 2678 2818 
4 267 1488 2477 3021 
2 1289 2329 
3 1550 2139 2833 
1 972 
1 2190 
0 
0 
5 511 1088 1127 1487 1488 
2 426 2322 
2 1802 2728 
5 752 1346 2485 2709 2937 
3 969 2123 2719 
3 1490 2196 2930 
1 2982 
2 194 1477 
4 764 1274 1525 1530 
2 247 863 
3 765 1085 2096 
2 1082 1574 
2 1287 2816 
3 2058 2932 2977 
1 2393 
2 577 1189 
2 2330 3057 
0 
3 141 1191 2030 
3 1201 2740 2920 
3 710 1333 1413 
4 360 689 2226 2546 
2 2090 2610 
1 2239 
3 395 630 1887 
2 1669 2433 
1 2120 
3 1996 2679 3032 
3 540 697 2534 
6 133 873 1593 2377 2636 3034 
1 212 
3 934 1301 1635 
5 1064 1127 1426 1742 3014 
2 2163 2677 
0 
2 2229 2413 
2 36 2743 
5 388 470 1260 1857 2038 
3 1040 1229 3080 
0 
2 73 1380 
2 2706 2754 
0 
0 
1 1171 
1 1978 
3 1657 2671 3041 
7 886 1040 1773 2007 2225 2538 2686 
1 774 
6 49 295 983 1115 1855 2768 
3 220 889 1132 
2 1578 2745 
2 726 900 
1 115 
2 694 968 
5 403 1289 2346 2357 2736 
2 1998 2115 
3 943 1673 2239 
2 557 2137 
1 353 
2 131 1552 
3 237 298 1407 
1 851 
1 2473 
1 1210 
2 848 2892 
2 559 1428 
3 1216 1836 2719 
4 11 324 2522 2824 
0 
0 
3 334 1080 2260 
3 210 1021 1336 
2 2113 2788 
2 2384 2953 
2 1011 1595 
4 667 983 2937 3026 
4 1862 2242 2931 2964 
1 1527 
3 588 1804 1969 
4 111 448 1796 2105 
3 1144 1155 1497 
4 1424 1524 1556 1768 
2 877 2240 
2 771 824 
2 774 1904 
2 457 2235 
1 1988 
2 620 2335 
1 2927 
3 1104 1432 1751 
1 122 
1 769 
3 87 322 2181 
4 220 320 753 1469 
0 
2 638 2300 
4 1561 2571 2575 3004 
4 216 1204 1276 2786 
6 620 978 1004 1081 2271 2912 
2 733 2996 
3 426 2428 2626 
2 1186 2682 
2 314 1828 
3 812 2089 2214 
1 1180 
5 680 1157 1164 1248 1311 
3 102 1964 2843 
3 775 1009 2485 
4 893 1580 2469 3018 
3 1257 2285 2922 
3 79 385 3073 
2 1406 1938 
2 447 1477 
2 1014 2565 
2 1774 2260 
3 1055 1345 2872 
0 
4 213 492 1083 1395 
0 
3 419 1493 1527 
3 616 1116 2416 
1 1922 
3 147 350 2103 
1 1139 
2 2161 2859 
6 157 180 1163 1511 2567 3078 
3 669 1727 1761 
1 1617 
5 25 342 1801 2424 2809 
3 1627 2239 2599 
2 764 787 
4 197 1119 2616 2893 
3 516 761 1316 
3 179 1528 2183 
2 647 1007 
3 515 982 2270 
4 738 1659 1693 1791 
5 488 907 1890 2055 2417 
5 301 494 799 1370 1973 
2 1249 1487 
4 63 326 1050 1584 
1 2302 
2 1299 2110 
2 123 1550 
3 1032 1308 1961 
4 120 2280 2638 2957 
1 1913 
2 1106 2914 
1 180 
3 650 1358 2741 
3 350 769 2395 
2 764 2074 
3 1347 1561 3032 
6 932 1011 1797 1870 2031 2471 
1 1710 
1 482 
0 
4 189 592 2363 2681 
2 861 2094 
2 357 1470 
2 18 1840 
2 191 2024 
2 2229 2873 
3 928 1246 2007 
4 1517 2611 2869 3093 
3 448 1809 1863 
4 262 1242 2263 2637 
1 182 
5 879 1669 1842 1868 1977 
1 2676 
1 3069 
4 101 307 1955 2357 
1 3095 
1 664 
1 128 
1 445 
3 1100 1460 1670 
1 2491 
2 517 2229 
1 2806 
2 1662 2404 
1 2919 
2 193 1393 
0 
3 1258 1341 2857 
2 964 2009 
3 313 501 1930 
4 523 1557 1946 3021 
1 1070 
0 
2 150 1659 
1 2948 
1 34 
2 806 1833 
1 524 
5 699 843 1559 1762 2517 
3 1828 2617 2691 
0 
1 2741 
2 913 2435 
1 1000 
5 806 1015 1497 2251 2945 
2 615 666 
6 929 1836 1934 2764 2800 3099 
5 792 1085 1800 2251 2610 
3 438 1825 2846 
4 656 1621 2412 2731 
2 2262 2839 
3 1540 1924 2330 
2 2076 2598 
2 1359 1816 
3 1097 1984 2432 
3 587 891 1826 
5 293 972 1542 1884 2960 
5 446 1521 1634 2242 2307 
2 2222 2275 
2 660 2349 
4 607 672 1209 2793 
4 1319 1833 1921 2335 
0 
2 1936 2242 
4 70 390 821 2496 
5 227 1397 1725 1812 2324 
2 584 2492 
1 2767 
2 1047 2623 
3 1247 1357 1684 
0 
5 59 912 1076 1130 2632 
4 10 847 1783 2044 
3 1724 2229 2911 
5 47 1827 2085 2384 2798 
1 2278 
3 196 348 2193 
2 7 2500 
1 1755 
5 662 809 1624 2375 3008 
5 226 1537 2521 2946 2970 
2 1948 2551 
1 643 
4 322 343 441 484 
4 271 485 791 2185 
2 2266 2901 
4 418 586 648 1768 
3 741 1956 2619 
3 18 465 1486 
0 
3 148 1341 1668 
2 1901 2770 
5 625 738 1106 1644 1702 
3 176 899 2406 
1 1070 
2 1403 3049 
2 23 495 
3 2 32 1647 
2 484 1731 
2 1140 1315 
4 178 825 1823 2304 
3 637 2539 2692 
1 2699 
2 2895 3073 
6 122 869 1246 1734 2740 3044 
2 698 2055 
3 1360 2794 3076 
2 138 2861 
1 573 
1 956 
3 210 496 1699 
3 793 1929 2231 
0 
3 959 2167 2367 
2 1101 2645 
2 1479 3040 
3 60 1916 1998 
5 554 749 754 1972 3088 
2 310 717 
1 834 
6 174 1986 2114 2130 2182 2418 
0 
1 2220 
2 490 2881 
1 648 
1 2632 
2 1267 2037 
1 2814 
1 2854 
3 2638 2761 3096 
5 1042 1513 1974 2008 2081 
3 181 920 2034 
1 2993 
7 456 2028 2166 2172 2248 2976 3088 
2 111 2557 
6 14 104 276 416 2302 2577 
1 477 
2 1913 2267 
3 50 267 1554 
5 90 95 563 1178 2242 
2 773 962 
1 2792 
5 396 2153 2156 2375 2829 
1 662 
3 85 2436 2793 
2 1349 1829 
3 5 1392 1516 
2 626 1043 
3 1199 1681 2302 
2 396 453 
5 808 1347 1691 2262 2497 
2 2022 2066 
3 133 166 1538 
6 598 1284 1779 1943 2159 2259 
2 840 2118 
1 1296 
2 1698 1887 
4 1290 2194 2335 3000 
4 373 2246 2671 2781 
2 2415 2430 
4 341 1521 2720 3083 
3 1203 1727 2087 
2 1111 2050 
2 1202 1747 
1 122 
3 1928 2526 3000 
2 1199 2167 
2 454 1343 
2 1175 2453 
6 1546 1856 2184 2376 2473 2797 
4 546 2795 2988 3048 
3 334 2097 2399 
6 630 695 814 840 1386 1624 
1 1133 
0 
2 1 2768 
2 1303 2061 
2 162 778 
4 11 296 1543 3043 
4 1114 1448 1517 3083 
2 1230 1395 
3 902 1478 2769 
0 
4 37 250 2901 2952 
4 198 337 413 471 
0 
3 806 879 1639 
2 38 1210 
2 383 2792 
1 1583 
1 1769 
2 2047 2320 
3 842 2421 2553 
6 181 2093 2244 2257 2351 2632 
3 39 647 2324 
3 132 2209 2878 
3 123 1157 2339 
6 275 979 1029 1784 1865 2893 
1 2166 
0 
1 142 
1 822 
3 2727 2759 2862 
1 3052 
2 309 1690 
3 1865 2629 2667 
2 272 894 
2 1331 1519 
3 1197 2398 2676 
3 40 1068 1687 
1 1339 
1 2300 
2 2782 3046 
3 1692 1952 2693 
1 73 
7 1179 2174 2303 2529 2573 2768 2960 
0 
3 575 799 2964 
0 
1 2611 
1 1945 
3 1967 2160 2985 
2 780 1332 
1 1206 
1 27 
1 634 
4 186 2039 2170 2266 
0 
4 1370 1663 1741 1818 
2 1588 1837 
2 982 2305 
3 2642 2815 2890 
3 1539 1797 2551 
3 396 1569 1745 
1 2536 
1 2518 
1 3043 
3 1492 2006 2955 
0 
4 34 381 998 1064 
5 1425 1715 2168 2515 2521 
6 27 470 646 1551 1853 2614 
2 599 2302 
1 1232 
2 1906 2557 
0 
2 1108 1667 
3 94 1229 2717 
5 1132 2006 2123 3014 3027 
4 134 274 1499 2706 
5 101 1102 1231 1535 2473 
1 2458 
2 218 1233 
1 924 
4 1024 2109 2449 2732 
2 1014 2740 
1 1111 
1 1766 
2 1207 2222 
2 1337 2445 
2 493 1938 
1 181 
1 769 
3 696 1134 2875 
0 
2 478 1659 
3 1613 2188 2251 
1 2278 
2 1473 1980 
1 1462 
2 278 2579 
3 311 562 2490 
5 991 1691 1716 1738 1866 
1 642 
2 737 1180 
6 208 257 1441 2025 2183 3061 
2 1582 2805 
3 1388 2868 2998 
2 2679 2741 
2 28 2519 
3 229 1211 1717 
3 786 1809 2718 
0 
3 10 900 1929 
2 269 1965 
3 2 388 2449 
4 683 1224 1421 2102 
2 2561 2913 
2 279 1848 
4 729 1303 1892 2317 
1 2280 
1 2465 
2 205 1619 
5 677 806 1106 1664 2853 
0 
2 1490 2132 
2 415 1021 
3 1228 1258 2202 
1 1782 
0 
1 978 
1 1727 
1 1412 
2 1812 2158 
2 1775 1986 
0 
2 2268 2889 
3 1700 1853 2072 
2 1703 2089 
6 259 867 1641 2229 2818 3006 
0 
5 237 748 1215 1715 2811 
2 290 2301 
1 1735 
0 
3 144 1789 2080 
1 1451 
2 526 1694 
0 
5 1463 1468 1709 2052 2585 
1 1360 
5 188 450 2268 2992 3010 
1 667 
3 1010 2163 2855 
4 1933 1976 2633 2713 
1 2827 
2 485 2151 
4 766 780 2253 2820 
1 1161 
1 2897 
1 2826 
3 582 953 2771 
1 1641 
0 
1 1878 
4 51 97 176 2644 
2 2368 3042 
4 324 506 1169 1778 
4 889 1167 2788 2965 
2 881 1756 
7 154 646 1813 2363 2394 2512 2778 
2 327 559 
4 509 989 1571 1631 
5 514 754 1242 1703 3094 
6 76 1051 1349 1857 2277 2991 
3 726 1006 1813 
2 1394 1496 
1 1705 
1 1419 
2 270 2360 
0 
1 1046 
2 410 1188 
0 
0 
2 847 959 
2 1732 2400 
3 1911 2726 2754 
1 1738 
3 557 1870 3033 
5 72 701 1694 2060 2880 
3 1135 1556 2829 
1 2105 
1 1503 
10 172 475 1196 1293 1454 1699 2014 2278 2359 2560 
2 1205 2928 
4 74 658 743 2887 
0 
1 1944 
4 230 421 1792 2479 
3 303 2478 2821 
4 2616 2725 2860 2985 
1 2598 
2 1245 3019 
3 2606 2623 2632 
0 
3 1954 2059 2711 
2 32 764 
0 
5 391 1201 1678 1859 2709 
0 
3 990 2380 2699 
4 562 909 2129 2545 
1 2175 
4 409 1843 2759 3059 
3 276 1014 1812 
1 115 
1 2173 
4 944 1105 2259 2630 
3 1229 1905 2607 
3 77 1258 1613 
6 65 972 1423 2186 2732 2998 
0 
2 1515 2848 
2 1123 1286 
2 204 1039 
4 131 160 2617 2899 
1 798 
3 27 2508 2921 
3 351 725 2507 
1 1340 
1 2829 
2 1211 1648 
2 2449 2773 
3 641 829 956 
1 239 
1 2349 
2 1146 3002 
1 2147 
1 2344 
3 53 1851 2388 
1 100 
5 929 1035 2189 2349 2933 
3 311 2019 2793 
2 2647 2912 
1 3011 
3 73 460 1784 
3 25 58 2274 
1 1169 
2 543 2885 
1 2324 
0 
3 725 1032 1113 
3 591 1441 2883 
0 
2 106 1979 
1 391 
2 1696 2343 
2 615 1049 
1 1998 
3 1221 2210 2852 
2 839 888 
0 
2 1146 2788 
1 222 
3 477 801 1678 
3 393 2491 3038 
2 975 1972 
0 
2 243 371 
1 204 
5 1075 1230 1366 1688 3073 
3 180 2190 2341 
2 1326 1766 
2 638 2301 
2 495 1590 
2 805 980 
0 
4 72 1177 2243 2353 
2 563 1512 
3 66 1518 1570 
2 1262 2473 
1 2396 
4 6 294 1673 1856 
1 2925 
2 215 1086 
4 122 2065 2576 3072 
1 1605 
2 2077 3085 
0 
3 68 345 1776 
0 
5 743 1477 1734 2048 2654 
1 1492 
2 807 2324 
2 1598 3081 
2 2048 2607 
2 400 2565 
3 405 1658 2244 
1 34 
4 694 1590 2379 3073 
2 418 1683 
2 732 1720 
2 321 1167 
3 1182 2623 2792 
0 
2 520 2428 
1 3082 
1 1023 
0 
3 104 1430 2854 
2 126 1474 
2 0 1579 
2 1149 3069 
4 1595 1634 1673 2898 
2 190 1243 
1 2812 
1 2949 
2 436 2893 
3 1096 2161 2481 
3 1439 2081 2813 
2 114 751 
3 6 1449 1809 
4 1189 1448 1602 1721 
0 
0 
1 1812 
3 62 1675 2483 
2 2498 2575 
1 3029 
1 789 
3 1045 1973 2156 
5 49 202 471 2116 2328 
2 1457 3086 
2 1375 1513 
2 2350 2824 
3 453 540 1337 
2 2083 2480 
10 129 689 736 1171 1537 1742 1826 2148 2505 3073 
3 302 1680 1919 
1 2196 
2 1776 2930 
0 
1 1769 
3 2177 2483 2583 
0 
2 1840 3041 
2 914 2052 
0 
4 808 1346 1931 2767 
2 965 2314 
2 470 2497 
0 
7 243 1416 2180 2234 2302 2483 2849 
4 77 1395 1890 2433 
1 1066 
0 
3 424 1980 2670 
1 2118 
2 2097 2238 
1 1426 
6 420 734 1573 1740 2704 2784 
0 
2 2340 2670 
2 527 1233 
3 522 2444 2692 
2 51 2223 
3 1146 1523 2660 
2 1163 2523 
2 1919 3072 
3 304 435 1272 
3 1139 1601 1650 
1 1716 
2 1520 2861 
4 68 1268 1294 2829 
5 348 1040 1680 2571 2655 
5 744 845 1884 1907 2654 
4 134 666 1576 2942 
1 3080 
2 1096 1368 
0 
3 829 1517 2646 
0 
2 900 2848 
3 603 1725 2717 
2 389 1258 
1 1659 
3 671 928 966 
3 927 2314 2911 
0 
2 916 1122 
5 73 736 1669 2636 2642 
2 1997 2267 
1 1902 
2 1286 2784 
2 2741 2939 
3 702 954 1501 
5 1022 1053 1768 2121 2317 
3 131 1726 1984 
2 683 1943 
4 1257 1809 1978 2387 
0 
3 117 529 2109 
1 2053 
2 1832 2719 
3 57 399 1735 
1 3 
3 958 1998 2897 
3 736 1308 1405 
0 
3 19 35 1842 
1 868 
3 912 979 2148 
3 1825 2210 2644 
3 1509 2322 2754 
2 60 1882 
4 6 27 939 982 
0 
2 0 1783 
2 1252 1724 
4 1233 1831 2211 2490 
2 606 1152 
1 1095 
1 1662 
1 937 
1 2640 
3 1104 1515 2788 
2 1992 2358 
2 571 1748 
0 
3 821 1954 2488 
2 1792 2922 
2 333 2485 
3 1008 1331 1434 
2 402 2433 
3 622 1230 2800 
4 356 860 974 2997 
1 618 
3 192 2356 2663 
2 1383 2390 
6 292 1108 1261 1955 2018 2683 
5 135 218 2269 2830 2948 
2 1334 1854 
2 543 885 
4 247 1319 1549 2819 
2 296 1210 
5 1084 1437 2480 2859 2970 
3 1041 1627 2466 
3 639 2311 2963 
1 1953 
1 1228 
3 776 2943 3022 
2 1587 2158 
6 786 1760 2363 2500 2864 2945 
2 1016 1453 
3 968 1228 1867 
3 26 960 2805 
2 1768 2006 
3 445 1582 1753 
1 360 
2 1858 2766 
5 736 1970 2213 2364 2939 
5 1654 2101 2150 2387 2674 
0 
2 1757 1987 
3 311 752 2819 
2 1086 2002 
1 2902 
1 981 
1 3042 
1 1709 
3 556 841 2967 
0 
3 510 1360 1396 
1 1152 
6 1606 1649 1758 1992 2466 2693 
4 814 833 1424 3064 
3 257 1482 1721 
1 2935 
0 
5 298 1387 2311 2493 3038 
3 439 508 2849 
2 14 2238 
0 
1 797 
5 671 1862 1904 2155 2787 
1 1042 
4 829 1026 1147 2739 
3 2176 2628 3003 
4 2000 2284 2324 3099 
1 2290 
2 246 2200 
1 2440 
2 777 1204 
1 2512 
3 61 85 1002 
2 278 1121 
2 188 869 
1 2926 
2 1762 2449 
0 
2 312 1192 
3 1610 1637 2267 
1 2321 
3 910 1008 1867 
5 31 1408 1464 2640 2673 
1 101 
2 193 2049 
1 2764 
6 702 1676 2024 2447 2542 2705 
3 1478 1816 3008 
2 1266 1933 
3 210 394 3053 
4 798 2250 2297 2583 
5 89 1099 2169 2253 2522 
4 105 782 1705 2215 
3 178 1853 2279 
1 1260 
1 2278 
2 1799 2183 
5 118 1035 1872 2864 2880 
2 2155 2714 
2 235 3071 
3 162 931 1857 
2 32 1531 
2 829 1819 
2 2385 2735 
2 80 2131 
1 1613 
1 3024 
4 224 1262 1441 2080 
2 944 1192 
4 566 1692 2420 3068 
1 2595 
4 91 996 1635 2599 
1 2236 
3 1587 2340 2865 
1 1963 
2 317 1161 
9 485 705 766 1455 1467 1943 2418 2939 3049 
6 703 754 1883 2723 2744 2951 
2 121 2436 
2 1037 2479 
4 52 495 1210 1610 
3 938 2867 3018 
7 327 624 1305 1435 1927 2019 2614 
0 
4 793 1016 2439 3082 
3 479 2434 3078 
0 
5 2251 2470 2510 2653 2937 
3 801 1548 2720 
2 686 1502 
4 156 170 407 678 
4 1000 1687 1932 1946 
5 138 382 959 1174 1446 
3 357 1617 1909 
1 1042 
2 892 1331 
2 120 448 
2 1311 2159 
2 735 1128 
0 
1 1433 
4 405 1764 2058 3046 
2 1107 2929 
1 748 
2 1568 2157 
2 531 1309 
3 756 2502 2662 
4 1498 1576 2632 2760 
2 1055 1215 
1 193 
1 2539 
4 72 716 1814 2402 
3 588 2237 2589 
2 479 2432 
1 3079 
1 2136 
1 310 
3 152 2076 2725 
1 2480 
4 1010 1193 2216 2652 
4 149 304 592 2311 
1 1613 
7 642 1106 1184 1297 2732 2799 2903 
3 726 1565 2815 
2 1244 2892 
3 751 2823 2972 
4 546 1030 2386 3066 
2 1377 2116 
2 719 1438 
2 1340 1410 
2 2067 3050 
4 126 626 2114 2932 
3 188 1440 2896 
1 2372 
3 403 1212 1482 
3 321 869 1786 
1 2304 
2 1512 3079 
3 84 2469 2799 
3 351 888 2232 
2 136 247 
3 1085 1570 2532 
2 795 1534 
3 1565 1633 2528 
2 67 1243 
1 2475 
2 304 1491 
3 179 1704 2415 
4 240 276 1565 2340 
2 1377 1687 
2 2016 2866 
5 133 1380 2083 2306 2597 
2 496 739 
5 451 722 1851 2212 2994 
4 139 506 1935 2874 
2 2438 2686 
2 395 2593 
2 438 2505 
2 1357 2956 
4 75 1916 2194 2292 
4 1428 1656 1741 2746 
2 854 2864 
0 
1 179 
3 322 858 1363 
2 1025 2949 
4 6 402 928 1888 
3 1170 1566 3077 
1 1651 
5 1816 1842 1908 2182 2667 
4 952 2050 2523 3091 
2 1273 2396 
2 1913 2099 
2 9 1725 
3 169 884 1769 
4 307 358 1478 3045 
3 56 499 1842 
2 219 2133 
4 261 432 1563 1970 
3 815 899 2507 
3 396 2061 2710 
2 326 981 
1 946 
5 723 1054 1560 1731 2563 
3 446 1862 2777 
3 1134 1870 2040 
2 1881 2474 
4 432 794 1191 2844 
4 200 665 1956 2620 
4 220 321 504 2028 
4 1130 1493 1964 2873 
4 788 1088 2521 3048 
3 968 1246 1430 
2 190 2757 
1 1715 
7 102 136 1270 1954 2027 2829 3041 
1 1305 
4 340 2674 2740 2818 
1 667 
3 446 1223 1496 
4 164 1337 1860 2656 
4 217 577 1657 2730 
2 850 2977 
2 2153 2732 
1 2189 
1 233 
3 456 2143 2720 
4 246 1776 2596 2907 
2 1129 2996 
4 517 745 1297 2819 
2 199 2292 
4 604 795 2025 3055 
4 744 899 1330 1762 
3 1107 1807 2346 
3 1650 1762 2900 
1 2097 
1 199 
3 958 1718 1767 
4 196 959 2165 2324 
2 1845 3040 
3 843 1459 1835 
2 1006 2727 
3 2028 2326 3030 
2 1672 2447 
1 600 
3 581 2750 3034 
4 312 439 871 1455 
3 266 578 3067 
3 1176 2189 2725 
1 650 
3 346 1372 2867 
3 212 429 1487 
2 303 1070 
2 1008 1934 
1 2242 
2 1964 2944 
0 
4 123 963 1495 1829 
2 519 1580 
2 331 1053 
4 7 924 1480 1957 
3 163 1250 1732 
3 287 1186 1256 
4 187 2330 2480 3006 
0 
1 242 
3 816 927 2279 
3 29 151 1571 
0 
1 2453 
3 1816 1869 2430 
4 695 927 1507 2241 
2 644 2895 
1 1105 
2 2051 2950 
4 144 461 663 2715 
5 764 1014 1120 2386 2500 
0 
4 764 1897 2266 2274 
3 308 747 857 
2 1505 2516 
5 101 200 894 1847 2767 
6 175 223 296 643 979 2048 
2 1406 1756 
2 2418 2985 
1 285 
3 1015 2188 2789 
3 255 485 1185 
3 623 1137 2430 
2 1477 2524 
0 
0 
3 852 1983 2357 
3 114 313 1760 
2 612 3038 
1 1643 
4 825 938 2060 2823 
2 1632 2482 
3 5 1120 1526 
3 529 1944 2139 
2 1200 2730 
2 929 1486 
3 506 910 2808 
1 447 
4 145 691 1817 2027 
3 153 1244 2357 
5 146 555 899 1424 1559 
3 929 1480 2608 
1 2964 
2 700 1374 
2 1978 2104 
3 182 1792 2468 
5 370 1702 1980 2967 3087 
2 1529 1638 
1 528 
1 736 
3 2545 2759 3016 
1 1590 
4 639 1414 2224 2961 
5 760 1891 1997 2625 2937 
4 725 786 2445 2748 
4 350 1705 2287 2345 
2 1569 2213 
1 2917 
2 2321 2843 
4 233 814 998 1422 
3 498 2279 2933 
2 2204 2818 
1 2872 
1 1198 
2 918 2312 
4 32 631 1002 2791 
2 1124 1535 
1 2953 
2 245 499 
2 1028 1967 
0 
3 839 1174 2493 
4 550 1439 1594 3095 
4 889 1493 2384 3071 
0 
3 369 676 1686 
1 2755 
2 1207 1849 
4 346 523 1432 2868 
1 2969 
6 546 742 1261 1662 1719 2811 
3 529 2122 2592 
5 684 1560 1618 1701 1847 
6 1100 1148 1444 1636 2801 3061 
3 428 2565 2648 
7 36 1668 2062 2212 2550 2579 2617 
2 802 1200 
4 169 468 1132 1334 
2 517 2215 
3 766 1475 2909 
4 774 2077 2827 3094 
2 2856 2879 
5 145 1038 1463 1989 2657 
1 2574 
4 317 1419 2586 2826 
3 71 2269 2288 
0 
1 2567 
3 1243 1300 2612 
3 94 526 3034 
2 2226 2242 
3 123 244 480 
1 541 
2 759 2912 
4 34 347 1034 1866 
3 1187 1548 2116 
4 105 624 2452 3078 
3 740 2124 3060 
2 133 2238 
3 782 900 1700 
3 334 941 1303 
5 304 1566 1841 2155 2768 
2 1 2 2 1 2 3 1 1 2 2 2 2 1 2 2 1 1 2 2 1 1 1 1 3 1 2 3 1 1 1 1 3 3 1 1 2 1 4 1 1 1 3 2 2 1 2 1 3 1 1 1 1 1 2 2 1 1 1 1 3 1 1 1 3 2 2 2 1 1 1 2 2 3 1 1 1 1 1 2 2 1 1 3 1 1 1 1 1 1 1 2 2 2 3 3 1 1 1 1 2 1 3 1 2 4 2 1 2 1 1 2 1 1 1 2 1 3 1 1 2 2 2 2 1 1 1 1 1 1 2 3 2 3 2 1 3 1 1 1 1 1 2 2 2 1 1 2 1 1 2 1 3 3 2 2 2 3 1 1 1 2 3 1 1 2 2 2 1 3 2 2 1 3 2 1 1 2 1 4 1 1 2 1 1 2 2 3 3 2 2 1 3 1 2 1 1 1 1 3 2 1 3 2 1 2 1 1 3 1 2 2 3 1 2 2 1 3 1 2 2 2 1 1 1 2 2 3 1 2 1 2 1 2 3 3 1 3 2 2 1 1 2 2 2 2 3 1 1 1 2 1 1 1 2 1 2 2 2 3 1 1 1 3 2 1 1 2 1 1 1 1 2 1 2 2 1 1 4 2 2 1 2 1 1 1 1 1 1 1 2 3 1 1 1 1 3 1 3 1 2 3 1 3 1 1 1 2 1 1 2 1 2 1 1 1 1 1 1 1 1 1 2 1 2 1 2 2 2 1 2 1 3 2 2 1 1 1 2 4 1 1 1 2 1 1 2 1 2 1 3 2 1 1 3 1 2 2 1 2 3 2 1 1 1 2 1 2 1 1 1 2 1 1 1 1 1 1 2 1 2 1 1 2 1 3 2 1 1 2 2 2 1 2 1 3 2 3 1 1 1 3 2 2 1 3 1 3 1 1 3 3 2 1 1 2 1 1 3 1 1 1 1 1 2 2 2 1 1 1 1 3 2 1 1 1 2 3 2 3 1 2 2 2 2 2 3 2 2 3 2 1 1 2 2 3 1 2 1 1 2 2 1 1 2 3 1 1 3 1 2 1 1 2 1 1 1 2 2 2 2 1 1 1 2 3 1 2 2 2 1 1 1 1 1 1 2 2 1 2 2 1 2 1 1 1 3 2 1 4 2 1 1 1 2 3 2 3 1 2 1 1 2 2 1 3 3 1 1 4 2 3 1 1 1 1 1 1 1 1 4 2 1 1 1 2 3 1 2 2 1 1 1 2 1 1 2 2 1 2 1 1 4 1 1 1 2 2 1 2 1 1 1 2 1 2 1 1 2 2 1 2 1 1 2 3 1 1 2 1 3 1 2 1 2 1 1 1 1 1 1 1 1 1 1 1 2 2 1 1 3 1 1 1 1 1 2 1 1 3 1 2 2 1 1 1 1 2 1 1 1 1 1 2 1 1 1 2 3 1 1 1 3 1 3 3 2 3 3 2 2 1 1 1 2 4 2 1 2 2 2 1 2 2 1 1 2 2 1 1 1 1 2 1 1 1 2 1 3 3 1 1 1 2 1 2 2 2 1 1 1 1 1 1 3 1 1 1 3 1 2 1 3 3 1 1 1 1 1 1 1 3 1 1 2 1 2 1 1 2 1 1 1 1 1 2 3 2 1 4 1 1 2 2 1 1 1 1 4 2 2 1 1 1 2 2 2 1 1 1 1 3 1 1 4 2 1 2 2 1 1 2 1 2 1 3 3 2 1 1 1 3 1 1 3 3 1 1 1 1 2 1 3 1 2 1 3 1 1 2 1 1 1 2 3 1 2 2 1 3 1 1 2 1 2 1 2 1 1 2 1 1 3 2 1 1 1 1 1 3 2 2 1 1 3 1 1 2 1 4 2 1 1 1 2 1 1 1 1 3 1 2 3 1 2 4 1 3 1 1 2 2 2 1 1 1 2 3 1 1 2 3 2 2 2 2 3 2 2 1 1 1 1 2 2 1 1 1 1 1 1 2 1 2 3 3 1 2 1 3 1 1 1 2 2 2 1 1 3 4 2 3 1 1 1 1 1 1 1 3 2 1 2 1 1 4 1 1 2 1 1 1 2 1 1 1 1 4 2 3 1 2 2 1 2 2 1 2 4 1 1 2 2 1 2 1 1 1 1 1 2 1 2 1 2 3 2 2 2 1 1 2 1 2 1 3 1 3 3 2 1 2 4 1 3 1 3 1 1 3 1 2 1 1 1 1 1 1 2 2 2 3 2 1 1 2 2 1 1 1 3 2 4 1 1 1 2 3 2 3 1 1 1 1 1 2 3 1 2 1 2 2 3 2 1 1 1 1 1 2 3 1 2 1 1 1 2 2 2 1 1 1 2 1 1 2 1 1 2 3 3 1 1 1 1 1 2 1 3 1 1 1 2 2 1 1 2 1 1 1 2 2 1 2 2 2 1 1 2 2 2 1 1 3 1 3 3 2 3 2 1 2 1 2 2 1 1 2 2 2 2 4 3 1 2 1 2 1 3 3 1 2 1 2 1 1 2 1 2 1 3 2 1 3 2 1 1 1 1 1 2 1 1 2 1 3 2 3 1 2 1 2 1 1 2 2 1 1 2 1 1 1 2 1 1 3 2 2 1 2 2 2 1 3 1 1 1 3 2 2 2 1 2 3 4 2 2 1 1 2 1 2 2 1 2 2 3 1 3 1 1 2 2 1 1 2 1 2 2 3 2 2 1 2 2 2 3 1 2 2 1 2 1 1 1 1 3 1 2 3 3 3 1 1 2 1 1 1 1 1 3 2 2 3 3 1 1 1 1 1 1 1 2 2 2 1 2 3 1 2 3 2 3 1 1 1 1 2 4 1 1 3 1 1 3 1 1 3 1 3 3 2 3 1 2 1 1 3 1 1 3 1 2 1 2 3 2 2 1 2 1 1 2 1 1 2 4 3 1 2 2 2 1 3 1 4 1 1 1 3 1 2 1 2 3 2 2 2 1 1 2 2 1 1 1 1 1 1 1 1 1 3 2 3 4 1 3 1 1 2 3 1 1 2 1 1 4 1 1 1 2 1 1 1 1 1 1 1 1 1 2 2 1 3 2 1 1 2 2 1 3 1 4 2 2 2 2 3 1 1 1 1 1 2 1 1 1 1 2 3 2 1 2 3 2 1 1 1 2 2 1 2 1 3 1 1 2 3 1 1 1 1 2 1 1 1 2 1 1 2 2 2 1 2 1 2 1 1 2 1 2 1 2 2 2 1 2 1 2 1 2 3 1 3 2 1 2 1 1 1 1 2 1 1 2 2 1 1 1 2 2 1 2 2 3 2 2 1 1 1 3 1 1 2 1 4 1 2 1 1 1 2 1 1 1 2 2 3 3 1 3 1 2 1 2 2 1 2 1 2 2 2 3 2 1 1 1 1 1 1 2 1 4 1 1 2 2 4 2 1 2 3 1 3 3 1 1 1 1 1 2 3 1 1 1 2 2 2 1 3 1 1 2 2 1 1 1 1 1 1 2 2 1 2 1 3 1 2 1 1 2 3 1 1 1 1 2 1 1 1 2 2 2 1 3 1 2 1 2 2 2 1 2 2 1 1 1 2 2 1 1 2 2 1 3 3 2 1 1 1 1 1 1 2 2 2 1 1 1 3 3 1 1 1 2 2 1 2 1 2 3 2 1 3 1 2 2 3 3 1 2 2 3 1 2 2 1 2 4 1 1 2 1 1 4 2 1 3 1 1 2 2 2 1 1 2 2 1 3 3 1 1 4 2 2 1 1 2 1 1 1 1 2 2 2 1 1 1 2 1 1 2 1 2 3 1 1 3 1 1 1 1 2 1 2 1 2 2 1 1 3 2 2 2 3 4 2 1 1 4 3 1 1 1 1 1 1 2 2 3 2 1 1 1 1 4 2 3 1 1 2 2 3 1 1 2 2 2 3 1 2 2 1 1 2 1 2 1 1 1 1 1 1 2 1 3 2 1 2 1 1 1 1 1 4 1 3 3 3 1 2 1 2 1 2 2 2 1 2 1 1 3 2 2 2 2 1 1 1 3 1 1 4 2 2 1 1 3 1 1 1 3 2 1 1 1 1 1 1 3 1 2 1 2 2 1 1 2 2 1 1 1 1 2 2 2 2 1 1 1 2 3 2 3 1 1 2 2 1 1 2 2 1 1 2 3 2 2 2 3 1 1 2 3 3 1 1 4 2 1 2 1 2 2 1 3 3 1 3 1 2 1 1 2 1 2 2 2 3 1 2 4 2 3 2 2 1 1 1 2 1 2 1 3 2 1 1 1 1 1 2 2 2 1 2 1 2 1 1 3 2 3 2 3 1 1 1 1 2 3 2 1 2 1 1 3 2 1 2 2 1 1 3 4 2 1 1 1 3 1 2 2 1 2 4 1 1 1 1 1 1 2 1 1 3 1 1 1 1 3 3 1 2 1 2 1 2 1 1 4 1 2 4 3 1 2 3 1 2 2 4 1 1 2 2 1 2 1 3 2 1 2 1 1 1 2 1 2 3 1 3 4 1 1 1 1 3 2 3 1 2 2 1 1 1 2 2 1 1 1 1 1 1 1 1 3 2 4 1 2 3 3 1 2 3 1 1 1 1 2 1 3 1 2 3 3 1 1 1 3 2 1 1 2 2 2 2 3 1 1 1 1 1 1 1 2 1 2 1 2 1 2 1 1 1 1 1 4 2 1 2 1 2 3 1 3 1 2 2 3 2 1 4 1 1 1 3 1 1 1 2 3 2 2 2 4 1 2 1 1 2 1 1 2 1 1 3 1 3 1 2 1 2 3 2 2 2 1 3 1 1 2 1 2 2 1 2 2 2 3 1 1 1 1 2 1 2 2 2 1 1 2 1 1 3 1 2 1 1 1 3 3 2 1 3 3 1 3 1 1 2 1 2 3 2 1 2 2 2 1 3 1 2 2 1 3 2 1 3 3 3 2 1 2 1 2 2 1 1 2 1 3 3 1 2 2 1 1 3 3 1 1 1 3 1 1 3 1 1 3 1 1 2 1 3 2 2 3 1 3 1 2 2 1 2 2 2 2 2 4 2 1 3 1 3 1 1 3 2 2 1 3 1 2 2 1 2 1 1 2 2 4 3 2 1 2 3 2 2 2 1 1 2 1 1 1 1 1 2 1 3 2 1 1 3 2 2 1 2 2 2 1 3 2 1 3 2 1 1 2 2 2 2 2 1 1 1 2 1 1 2 1 2 2 2 1 2 1 2 1 1 1 3 1 1 1 1 1 1 2 2 1 1 1 2 1 1 1 1 2 1 1 3 2 2 1 1 1 2 3 1 3 1 1 1 1 2 2 1 4 1 2 2 2 2 1 1 3 2 2 2 2 2 1 1 2 1 1 1 1 2 2 1 2 1 3 1 3 3 1 2 1 1 2 4 1 2 1 2 1 2 1 3 1 2 1 2 1 1 2 1 1 2 1 1 1 2 1 1 1 2 1 1 1 1 1 1 1 3 1 1 1 2 2 2 1 1 1 1 2 2 1 1 1 2 1 1 4 1 3 1 1 1 2 1 3 1 1 2 1 2 1 1 1 2 1 1 1 1 3 2 1 1 3 1 3 1 1 2 4 2 1 2 3 1 2 2 1 3 1 1 2 2 3 2 1 1 3 2 2 1 1 1 1 2 2 2 2 1 1 2 3 1 3 1 1 2 1 1 2 1 2 2 2 1 1 2 1 3 2 1 1 2 1 1 1 1 2 1 2 2 1 3 2 3 1 2 1 1 2 4 2 2 1 2 2 1 3 2 1 2 1 4 1 1 1 1 2 1 3 1 3 1 2 2 2 2 1 2 2 1 1 2 1 1 2 1 1 1 3 2 1 2 4 1 1 2 1 2 2 2 2 2 1 1 2 2 1 1 1 1 2 2 3 2 3 1 4 2 1 1 1 2 4 1 1 2 1 2 1 1 1 1 3 1 1 1 1 3 2 3 1 3 2 1 2 2 1 1 2 3 2 1 2 4 3 1 1 3 1 1 1 1 2 1 1 3 1 1 2 2 1 1 1 1 1 2 1 1 1 1 2 1 1 3 1 1 2 1 3 1 1 3 2 1 2 1 1 2 2 1 2 1 1 1 1 2 2 1 1 1 1 1 1 1 4 2 1 1 2 3 1 2 3 2 3 2 2 2 2 3 3 4 2 2 3 1 1 1 1 4 2 1 2 3 2 2 1 1 1 1 1 3 1 3 2 3 2 1 2 2 1 1 1 3 1 2 1 2 1 2 1 3 2 2 1 2 1 2 1 1 1 2 3 2 2 2 1 2 2 2 3 2 3 2 2 2 1 3 3 2 1 1 1 2 1 1 2 2 4 1 1 2 1 1 3 2 3 4 2 3 1 2 3 3 1 1 1 1 1 2 1 1 2 3 1 1 2 1 3 2 1 1 2 2 2 2 1 2 3 2 2 1 1 1 1 1 1 1 2 1 2 3 2 1 2 3 1 2 1 1 2 1 2 1 1 3 2 2 1 2 3 2 1 2 2 1 1 2 2 2 1 1 2 1 2 2 2 1 1 2 2 1 2 1 1 4 2 4 1 1 3 1 3 2 1 2 3 3 1 3 3 3 1 2 3 4 3 2 1 3 3 3 4 1 1 2 2 1 2 1 2 3 2 1 2 1 1 2 1 3 1 1 2 3 2 3 2 1 1 2 1 3 1 2 1 2 4 4 3 1 1 3 2 1 1 1 3 1 3 1 2 2 2 2 1 1 1 2 3 1 1 2 2 1 2 2 1 2 1 2 2 3 3 2 1 2 2 1 4 2 3 1 1 1 2 2 2 2 1 4 1 1 1 1 1 3 1 2 2 1 1 1 3 3 2 2 2 3 2 2 3 4 2 2 1 3 3 2 1 2 1 1 2 1 1 1 2 1 1 2 2 1 3 1 2 1 1 2 1 3 3 2 3 1 2 2 2 5 2 3 1 3 1 1 1 1 1 1 1 1 2 2 2 2 1 1 1 1 3 
