q 1200
2 987 1031 
4 26 293 595 658 
2 208 575 
1 382 
1 761 
3 102 524 811 
2 372 465 
1 105 
2 439 608 
2 477 1197 
6 95 304 423 697 796 1065 
4 341 479 939 978 
4 194 297 344 349 
1 113 
2 826 1053 
2 592 1109 
3 19 883 1067 
4 119 865 914 1067 
0 
2 16 557 
5 96 200 544 946 998 
2 160 982 
3 40 90 721 
2 273 388 
0 
4 86 583 1144 1152 
2 1 1094 
2 478 824 
3 550 566 689 
2 609 777 
2 805 936 
1 44 
2 363 1192 
0 
2 166 374 
2 474 980 
1 1136 
2 131 494 
3 515 717 891 
3 539 886 1167 
2 22 1085 
1 617 
1 189 
1 343 
3 31 292 409 
2 803 988 
1 981 
0 
4 313 536 844 1158 
1 359 
4 132 215 825 936 
2 396 596 
0 
0 
0 
7 159 953 956 965 991 1030 1082 
1 102 
7 352 636 705 872 882 1035 1109 
3 897 1094 1175 
0 
4 287 839 885 987 
1 629 
2 98 204 
3 237 524 1163 
3 347 580 1091 
2 165 532 
4 217 492 818 1120 
2 258 1003 
2 272 1186 
2 220 853 
2 1059 1153 
1 1053 
2 381 505 
1 490 
4 419 692 899 989 
4 228 326 656 732 
3 192 650 961 
2 488 845 
5 82 88 457 837 917 
2 486 910 
1 1060 
3 137 604 1152 
4 78 502 654 667 
4 294 514 776 817 
2 124 648 
3 399 785 917 
3 25 482 655 
1 556 
3 78 112 1196 
3 224 561 1047 
1 22 
2 667 1116 
2 187 954 
0 
4 121 505 534 635 
6 10 470 600 762 887 1037 
3 20 675 998 
5 467 549 969 1059 1064 
4 62 220 324 1020 
0 
0 
4 464 663 995 1121 
8 5 56 173 276 292 441 936 1020 
2 604 980 
3 413 491 810 
2 7 354 
2 153 294 
2 394 606 
1 600 
2 1036 1060 
3 291 388 510 
4 174 249 281 598 
2 88 119 
5 13 631 637 869 912 
1 819 
5 236 329 704 770 1116 
2 620 885 
3 331 539 1040 
1 596 
3 17 112 956 
5 207 227 268 930 1095 
2 94 176 
2 144 1012 
3 719 870 932 
2 84 534 
4 386 965 1055 1138 
5 440 669 719 806 1060 
1 914 
2 240 509 
0 
1 644 
1 37 
3 50 175 523 
3 449 509 1076 
2 249 733 
1 232 
2 369 560 
2 81 1177 
0 
5 773 862 892 917 1094 
0 
4 267 672 709 1056 
1 1128 
0 
3 122 625 1164 
3 648 667 1027 
1 268 
1 182 
1 260 
1 813 
1 1187 
3 364 792 1081 
1 628 
4 106 548 881 983 
0 
3 171 749 790 
2 246 1055 
1 769 
5 200 252 713 1025 1043 
5 55 545 668 689 974 
3 21 359 1093 
2 603 1175 
4 177 219 296 518 
3 313 428 761 
3 240 819 1047 
3 65 480 1005 
2 34 281 
1 537 
5 293 554 584 1015 1068 
4 265 422 841 929 
2 593 916 
2 155 647 
3 830 938 997 
1 102 
3 111 219 1000 
4 132 223 414 485 
2 121 834 
2 162 571 
2 319 1035 
2 802 914 
4 523 565 585 827 
2 392 995 
2 147 484 
0 
1 316 
3 568 1061 1121 
2 662 1093 
2 92 928 
1 427 
3 42 219 1192 
3 207 558 707 
2 677 800 
3 76 285 710 
3 369 420 942 
3 12 236 611 
3 265 292 839 
3 622 667 995 
1 630 
0 
2 612 1075 
2 20 158 
2 607 1028 
2 411 550 
5 213 283 755 756 889 
4 62 919 1092 1197 
5 334 356 545 767 857 
2 539 778 
4 120 190 444 958 
1 2 
1 429 
2 990 1094 
2 983 1030 
1 851 
2 203 1191 
0 
2 50 387 
3 317 471 1049 
2 66 434 
2 798 906 
3 162 174 189 
2 69 98 
4 373 654 719 881 
2 784 937 
2 175 712 
3 89 253 1076 
1 532 
3 436 444 641 
3 120 393 680 
4 75 893 1111 1151 
0 
2 761 876 
1 878 
2 135 857 
1 1151 
5 401 438 679 791 1138 
0 
2 115 194 
1 63 
0 
3 657 775 1091 
6 128 164 417 545 1101 1169 
3 393 755 1062 
2 851 1159 
1 1109 
2 540 1134 
3 434 830 1056 
3 156 343 386 
2 1042 1170 
4 900 937 966 1036 
3 111 134 780 
1 399 
3 328 377 800 
2 158 573 
4 224 497 795 1044 
2 369 1177 
2 622 895 
5 354 565 842 854 959 
0 
4 67 355 862 977 
1 747 
4 148 612 617 848 
1 299 
0 
4 407 456 686 911 
3 499 879 916 
4 169 195 1017 1020 
1 661 
4 141 643 1016 1172 
5 120 146 702 908 1089 
1 685 
1 933 
0 
6 68 501 533 843 943 1170 
4 23 370 781 1111 
1 785 
1 647 
4 102 856 1007 1120 
2 451 486 
2 337 892 
4 281 348 879 1030 
1 902 
6 111 166 279 302 432 622 
4 579 626 800 1118 
2 203 1105 
4 436 527 651 1125 
2 192 331 
3 437 1156 1168 
2 60 679 
6 339 499 520 968 1092 1099 
1 478 
1 447 
3 110 377 1135 
8 44 102 195 328 349 531 864 1028 
3 1 168 1159 
8 83 106 336 392 477 593 958 1128 
2 507 688 
4 162 520 607 955 
4 12 534 1088 1193 
2 964 1108 
2 261 322 
2 799 977 
2 481 811 
1 281 
1 372 
4 10 1028 1058 1117 
2 321 347 
1 467 
6 381 424 645 870 1165 1182 
1 701 
2 608 616 
2 607 875 
2 399 470 
2 769 856 
4 48 163 693 1143 
2 441 788 
5 586 604 1097 1116 1194 
3 184 416 510 
2 216 774 
0 
3 178 335 1145 
2 401 452 
2 305 862 
3 299 1023 1028 
1 647 
2 98 824 
0 
7 75 567 862 911 1004 1064 1135 
1 1142 
3 251 292 514 
2 115 606 
5 439 509 716 840 988 
4 117 285 350 592 
4 362 707 785 1131 
0 
4 205 344 651 658 
1 319 
1 294 
2 278 1088 
1 1117 
2 288 1154 
1 851 
2 11 726 
2 534 612 
4 43 246 647 1161 
5 12 334 368 678 920 
2 561 771 
3 597 669 1038 
2 64 305 
3 279 459 714 
6 12 292 589 717 823 1069 
3 331 801 862 
2 385 693 
2 57 664 
1 888 
5 105 256 423 683 875 
4 258 632 859 1036 
4 205 422 443 1196 
0 
3 458 591 784 
2 49 160 
1 1076 
2 963 1131 
1 332 
2 32 570 
1 151 
2 594 615 
1 1099 
1 487 
3 344 633 1160 
6 136 193 254 1000 1052 1157 
1 273 
3 621 805 818 
2 6 303 
1 221 
3 34 712 1015 
4 627 725 1083 1164 
1 649 
3 251 291 721 
4 600 814 878 897 
2 462 978 
0 
3 72 307 410 
2 3 438 
1 463 
2 443 927 
2 351 837 
4 125 246 440 594 
4 215 462 559 768 
4 23 110 772 1030 
2 1034 1180 
1 630 
1 880 
5 181 294 624 1118 1151 
2 227 241 
2 107 586 
0 
2 51 932 
1 864 
1 895 
4 85 250 311 428 
3 650 714 779 
3 234 320 1134 
2 788 883 
0 
1 413 
3 621 641 888 
0 
1 263 
3 580 704 933 
1 44 
1 381 
3 202 604 835 
2 899 928 
3 104 404 769 
3 175 501 743 
2 801 980 
4 316 468 553 601 
4 240 615 877 928 
2 720 803 
3 74 450 924 
2 193 671 
1 679 
5 169 356 504 756 977 
2 10 354 
3 307 671 1112 
1 1136 
0 
3 188 839 938 
3 163 399 827 
3 209 478 888 
3 766 1026 1164 
1 675 
3 281 434 672 
1 817 
6 217 245 432 493 835 1134 
2 958 1184 
3 226 284 1137 
3 286 459 1013 
4 234 382 742 891 
3 8 330 472 
5 126 386 507 547 1057 
2 102 314 
1 822 
4 356 384 650 861 
4 207 226 504 626 
1 635 
0 
2 290 962 
1 869 
2 133 622 
4 419 580 945 969 
2 277 719 
3 320 835 920 
1 673 
1 1085 
1 1016 
3 263 557 798 
4 78 538 929 965 
2 358 778 
3 348 437 1136 
1 615 
1 999 
4 379 387 794 1187 
2 383 898 
5 101 776 1039 1065 1191 
5 6 532 1062 1110 1111 
1 863 
4 97 306 568 751 
1 416 
0 
2 95 311 
5 216 635 846 861 1141 
1 439 
1 668 
2 35 702 
0 
0 
4 9 294 675 1086 
5 27 289 429 956 1185 
2 11 537 
1 165 
2 301 980 
5 86 613 886 895 1154 
0 
2 182 600 
2 175 594 
2 79 277 
3 367 797 899 
1 77 
1 829 
4 73 675 850 1101 
2 104 712 
2 66 914 
5 434 517 549 1011 1190 
3 37 851 1047 
0 
2 781 1066 
1 253 
1 916 
3 264 288 1197 
4 586 726 1023 1062 
2 272 414 
2 82 563 
0 
4 422 444 896 1062 
3 72 94 837 
1 982 
3 295 440 1029 
1 680 
3 128 133 330 
2 110 316 
1 625 
1 876 
3 716 967 1042 
2 83 328 
2 38 696 
4 833 877 1111 1115 
1 493 
4 162 622 637 731 
2 558 986 
2 288 296 
2 719 1095 
0 
3 132 180 1021 
5 5 63 653 875 881 
0 
3 734 736 858 
2 284 1027 
0 
0 
1 885 
2 292 847 
3 65 225 465 
2 272 920 
7 94 124 297 342 549 1017 1109 
2 581 662 
3 48 960 992 
3 167 479 593 
6 457 688 846 1024 1048 1057 
3 39 117 206 
3 244 580 712 
1 1100 
0 
1 827 
2 20 1173 
6 159 205 240 828 899 952 
3 652 903 1071 
1 440 
3 153 1071 1133 
4 97 493 534 858 
5 28 202 602 681 1064 
0 
1 927 
1 416 
1 168 
1 871 
3 87 590 1120 
2 19 456 
5 190 519 574 799 1181 
5 387 820 984 1133 1180 
2 136 1041 
2 89 345 
0 
3 502 924 1134 
1 757 
5 180 256 654 672 930 
3 28 664 693 
3 326 1056 1072 
4 185 467 601 1174 
3 592 616 1061 
3 363 692 808 
2 177 858 
0 
3 252 1063 1125 
3 558 706 1149 
3 2 872 1062 
0 
1 649 
1 1199 
1 282 
4 64 408 450 540 
3 535 761 963 
1 835 
2 25 1078 
2 168 839 
1 180 
4 315 394 500 1069 
2 739 808 
1 1059 
1 349 
2 556 1182 
2 358 1115 
5 15 331 569 686 1176 
4 170 294 537 623 
6 365 386 485 933 1042 1055 
4 1 745 780 898 
5 51 118 767 1074 1192 
1 346 
1 111 
2 600 1142 
5 95 108 378 484 599 
4 416 568 833 838 
5 550 741 791 852 1139 
2 161 700 
4 81 103 315 411 
6 643 658 671 693 695 940 
2 107 329 
3 201 296 310 
4 8 309 877 896 
1 29 
0 
2 194 755 
4 199 260 342 726 
2 482 859 
1 685 
3 365 417 460 
3 309 569 865 
4 41 260 704 803 
2 927 973 
0 
3 116 1047 1195 
3 371 405 922 
6 196 255 281 449 518 633 
6 593 753 876 928 1033 1109 
2 392 905 
3 144 511 773 
2 282 444 
1 375 
3 152 1043 1111 
4 61 641 702 1129 
5 197 390 687 791 1188 
1 113 
3 355 1018 1045 
4 368 622 672 1080 
1 789 
3 94 445 471 
2 57 706 
4 113 518 1009 1084 
2 1076 1086 
1 657 
1 652 
5 226 405 629 800 883 
2 784 1044 
2 267 605 
1 130 
1 307 
2 719 772 
4 171 275 323 343 
5 84 145 919 931 1015 
3 376 577 1154 
6 76 400 443 732 874 1023 
2 284 334 
3 546 640 967 
2 524 746 
4 82 221 565 1112 
1 86 
3 75 1014 1050 
4 239 639 772 801 
3 1 334 605 
0 
0 
3 266 877 1021 
6 186 535 702 737 872 973 
2 101 1081 
3 352 566 1129 
0 
0 
5 82 91 145 196 1107 
4 159 473 749 1178 
2 126 346 
4 909 946 1023 1173 
4 420 424 605 1109 
6 141 432 565 633 1025 1100 
1 453 
4 679 808 972 987 
6 96 431 477 490 774 791 
2 901 1035 
2 191 767 
2 344 928 
5 234 287 421 674 920 
2 227 508 
3 550 747 921 
0 
2 354 746 
1 920 
3 269 614 869 
5 263 592 812 862 1085 
1 630 
2 295 538 
4 28 159 723 866 
0 
0 
2 74 570 
5 313 351 566 605 874 
2 809 1132 
1 605 
4 515 752 993 1024 
2 10 904 
0 
1 785 
1 603 
3 308 917 929 
6 268 474 629 662 774 1106 
3 748 994 1095 
4 115 408 617 874 
1 57 
4 574 636 833 1041 
4 190 332 713 1129 
0 
4 141 950 1014 1040 
2 192 971 
0 
5 223 374 491 540 723 
3 158 707 930 
3 348 400 1053 
0 
2 330 513 
2 38 349 
1 1022 
6 123 126 221 451 521 646 
2 418 916 
2 22 377 
0 
2 689 712 
1 920 
3 375 1035 1167 
4 341 500 612 1126 
0 
0 
2 935 991 
1 878 
2 518 823 
3 75 650 1017 
3 134 975 1129 
3 526 936 1041 
0 
3 526 766 844 
2 662 844 
0 
2 587 777 
1 1047 
4 602 849 982 1116 
5 438 798 914 997 1139 
3 414 815 1178 
2 890 915 
2 595 1030 
4 653 683 1094 1142 
5 259 681 972 1001 1030 
1 703 
2 155 668 
2 1153 1186 
4 467 791 810 894 
2 696 1072 
1 623 
0 
3 203 241 611 
3 203 422 1109 
2 564 808 
1 920 
2 927 1115 
2 901 970 
6 4 163 230 581 792 1051 
1 95 
0 
2 903 1150 
2 961 1145 
2 430 736 
3 205 596 677 
1 387 
3 157 312 413 
2 115 1004 
1 345 
4 388 646 657 810 
4 139 625 1045 1057 
4 317 675 702 1138 
1 239 
3 83 464 913 
2 29 739 
2 206 458 
1 400 
2 249 595 
2 273 496 
1 975 
1 1080 
3 222 358 642 
4 85 274 332 699 
1 1008 
3 867 1001 1052 
2 314 402 
1 634 
1 155 
6 234 602 630 675 751 1101 
3 151 761 1135 
1 982 
1 462 
2 253 945 
1 10 
2 487 891 
4 218 456 742 905 
2 300 558 
6 191 251 282 641 1139 1188 
5 350 415 657 887 1056 
2 179 932 
4 45 418 617 950 
0 
4 30 371 836 1187 
1 126 
1 1160 
4 570 587 674 757 
3 694 937 1188 
4 104 751 772 1187 
3 5 301 904 
1 686 
1 149 
1 378 
1 743 
2 909 1148 
3 83 433 1008 
4 66 371 906 1176 
2 114 164 
3 559 850 1095 
2 1068 1129 
1 442 
3 349 731 964 
2 27 324 
1 50 
1 14 
4 180 428 543 1188 
2 545 915 
2 489 858 
2 172 245 
0 
1 1054 
4 516 601 706 1014 
2 176 996 
4 411 434 452 582 
2 805 884 
3 78 385 505 
2 601 923 
4 60 195 427 584 
1 330 
1 169 
1 256 
1 272 
3 48 736 737 
1 77 
2 471 538 
2 531 1050 
1 260 
2 741 1028 
3 490 820 1019 
6 212 242 340 494 880 948 
2 602 1188 
3 69 1120 1136 
4 256 940 1023 1103 
1 1158 
2 276 312 
4 205 232 908 986 
5 526 549 571 829 1019 
3 355 613 937 
0 
2 443 471 
6 139 258 321 326 350 686 
2 466 1131 
4 292 397 878 967 
2 17 616 
1 689 
1 787 
0 
3 113 448 685 
2 123 307 
2 555 1094 
3 57 575 662 
1 998 
4 650 693 704 1047 
3 310 354 524 
4 230 512 623 1172 
4 417 516 608 661 
5 231 378 730 864 1035 
3 264 279 887 
2 391 851 
6 153 221 524 1030 1060 1193 
1 57 
4 16 402 641 942 
1 836 
3 60 116 530 
3 39 482 1132 
3 95 801 879 
3 353 405 429 
1 203 
2 744 978 
3 38 438 797 
2 139 278 
2 228 1081 
1 751 
3 255 398 482 
2 504 608 
3 58 378 1070 
2 463 595 
5 74 412 487 545 1067 
1 248 
2 676 760 
2 280 1037 
5 546 764 929 1063 1162 
4 697 811 927 1196 
2 624 798 
2 218 818 
0 
2 268 857 
2 670 816 
2 79 1101 
3 263 326 1006 
2 113 931 
2 776 978 
6 17 127 179 492 742 1056 
3 744 828 1180 
4 170 264 498 720 
4 78 85 139 701 
0 
2 204 648 
7 344 452 533 679 684 724 758 
1 681 
2 621 1026 
3 838 938 1147 
2 419 563 
0 
2 1021 1169 
5 384 552 618 759 904 
6 187 412 417 623 678 1161 
4 169 457 701 903 
5 120 565 713 978 1198 
2 648 912 
3 123 396 802 
3 270 408 594 
1 1141 
1 729 
4 30 50 102 734 
5 222 248 809 859 1051 
3 172 427 923 
1 11 
2 605 854 
0 
3 193 883 1087 
1 272 
1 1064 
3 450 795 1040 
2 20 670 
1 995 
1 851 
0 
4 709 803 1032 1111 
1 1108 
1 545 
4 55 974 990 1148 
1 92 
1 296 
4 55 119 478 1068 
1 1187 
3 207 294 435 
1 256 
2 536 1145 
2 76 765 
1 447 
2 361 581 
2 298 823 
3 55 125 457 
1 248 
4 513 652 864 1099 
1 288 
4 97 450 1065 1127 
1 760 
1 710 
2 674 747 
2 618 662 
3 159 953 1139 
2 733 782 
0 
4 258 300 422 1073 
5 11 379 890 913 930 
1 1139 
4 35 103 415 481 
1 46 
5 21 506 741 793 983 
5 153 211 982 1019 1148 
1 559 
1 1194 
2 519 857 
3 0 60 674 
2 45 330 
1 74 
2 210 953 
4 55 729 1132 1199 
1 536 
1 696 
1 703 
5 101 181 196 947 1005 
2 834 1092 
2 172 742 
3 20 96 873 
2 461 1064 
2 174 369 
2 747 787 
0 
1 67 
2 326 770 
2 165 995 
1 911 
1 276 
2 786 817 
1 637 
0 
2 493 1159 
1 122 
2 437 1055 
3 656 709 833 
3 168 374 648 
2 267 455 
3 265 534 732 
1 632 
3 850 858 983 
3 98 102 265 
4 523 661 926 1152 
1 718 
5 322 500 650 670 854 
3 538 696 1034 
2 158 672 
2 430 922 
2 145 527 
5 201 292 304 322 849 
1 507 
7 55 211 279 388 745 747 881 
1 0 
2 950 1089 
1 623 
2 389 1024 
5 57 178 676 725 878 
3 109 248 355 
2 95 902 
2 346 1074 
1 464 
4 117 709 945 1049 
3 560 706 734 
3 247 513 594 
2 158 628 
2 253 642 
3 632 773 1154 
1 1146 
6 89 164 494 620 740 874 
1 538 
2 216 1040 
2 656 847 
2 761 937 
3 369 787 1115 
4 14 71 714 1143 
2 832 1177 
4 125 156 594 1013 
5 141 245 567 801 914 
3 440 538 773 
1 304 
3 70 97 588 
4 80 109 126 881 
3 185 569 1117 
6 241 465 500 504 575 1115 
2 573 903 
5 97 326 550 944 999 
4 10 464 969 1160 
3 496 1134 1149 
3 16 17 899 
3 168 821 956 
2 349 586 
1 897 
2 546 548 
4 567 752 1090 1096 
1 977 
2 596 1038 
1 199 
4 133 224 360 638 
0 
1 583 
0 
2 633 783 
3 151 663 893 
1 55 
1 375 
1 637 
3 40 454 686 
3 477 638 1127 
1 942 
2 297 337 
3 268 1032 1142 
2 1072 1119 
2 64 239 
3 204 288 996 
2 160 186 
6 26 58 139 210 746 871 
4 120 521 703 820 
1 1072 
1 315 
0 
3 288 366 967 
2 541 672 
4 240 490 791 910 
0 
1 854 
0 
1 283 
1 702 
1 667 
4 298 951 1125 1127 
7 15 57 243 534 623 671 756 
1 465 
7 228 273 465 516 628 950 1164 
2 424 654 
0 
0 
5 516 591 759 1052 1062 
4 91 115 315 741 
3 304 338 1061 
2 282 392 
1 1090 
4 66 276 556 853 
2 101 185 
0 
0 
0 
3 284 573 1108 
1 726 
4 969 1086 1108 1131 
2 142 294 
5 629 664 707 733 821 
0 
4 332 361 863 1127 
3 694 886 991 
2 548 559 
5 244 401 434 563 1066 
3 291 326 792 
4 36 425 459 853 
1 436 
3 125 234 774 
5 602 742 800 974 979 
0 
2 471 934 
4 327 599 746 1089 
3 313 1053 1172 
1 25 
3 319 765 960 
1 1046 
1 923 
4 816 953 983 1167 
2 574 1066 
1 764 
3 228 233 392 
3 25 81 1021 
2 70 750 
5 339 482 649 1045 1169 
0 
1 286 
2 369 1172 
2 48 855 
3 242 293 1011 
3 368 807 1065 
2 343 928 
1 903 
1 63 
4 144 375 430 1111 
1 307 
0 
3 39 725 1148 
1 286 
3 240 926 1154 
2 247 272 
1 1185 
4 267 876 1143 1157 
2 544 670 
1 568 
2 58 161 
2 592 818 
3 137 254 1054 
2 668 743 
0 
3 389 559 915 
1 558 
2 307 590 
0 
1 435 
2 478 1171 
2 68 750 
5 150 462 805 810 957 
5 630 800 809 827 852 
0 
1 493 
2 213 464 
3 32 189 596 
2 297 881 
2 315 985 
1 620 
3 88 356 904 
3 9 204 499 
1 930 
2 578 991 
1 2 2 2 1 1 2 2 1 1 4 2 4 1 3 1 2 1 1 1 3 2 1 1 1 3 1 3 2 1 1 1 1 1 1 2 1 2 2 3 2 1 1 1 2 1 2 1 3 1 3 1 1 1 1 4 1 3 1 1 3 2 2 2 2 1 3 2 1 1 2 1 2 1 1 2 1 2 1 2 1 1 3 2 1 2 1 1 2 2 2 1 2 1 2 1 1 3 1 1 1 4 3 3 1 1 1 1 1 2 2 3 1 3 1 2 1 3 1 2 1 3 2 3 2 2 1 1 2 1 2 1 1 2 1 2 2 2 1 2 1 4 1 1 1 1 1 1 1 2 1 3 2 3 1 2 1 2 3 1 3 1 1 1 2 2 3 1 2 2 2 1 3 1 1 3 1 3 3 1 4 2 2 1 1 3 2 3 1 3 1 1 3 1 1 1 1 1 1 1 1 2 2 3 3 3 1 3 1 2 1 1 1 2 1 1 2 1 2 2 2 3 2 1 3 1 2 3 3 1 1 2 1 1 3 1 3 1 1 1 1 1 1 1 1 1 2 1 2 2 2 3 1 1 2 1 3 1 1 1 4 1 1 2 3 3 1 1 2 1 2 1 2 3 1 1 1 1 1 1 2 2 3 2 2 2 2 1 1 1 2 3 4 1 3 1 2 2 2 2 2 1 1 2 2 2 1 3 2 1 2 2 3 2 2 1 2 1 1 1 2 1 4 1 2 1 1 1 2 1 3 1 1 1 2 2 1 2 1 2 1 1 2 3 3 2 1 1 2 2 2 2 1 1 2 2 2 1 2 2 2 2 2 2 1 3 1 2 1 3 1 1 1 1 3 2 2 1 3 2 1 4 1 1 2 1 1 2 3 1 1 1 1 2 3 1 2 1 1 1 3 1 2 1 1 1 1 1 2 1 1 1 2 2 2 2 3 2 1 3 2 1 4 1 2 1 1 2 2 1 2 1 1 2 3 1 1 1 4 2 4 1 2 1 4 2 1 1 1 1 2 3 1 1 1 1 1 3 1 3 2 2 3 2 2 1 2 4 1 1 3 3 1 1 1 1 1 2 2 1 1 2 2 1 1 1 3 1 1 1 4 3 1 4 1 1 2 2 2 2 1 1 2 1 3 1 2 2 2 1 1 1 1 2 1 1 1 1 3 1 3 1 1 2 3 1 2 1 1 1 1 2 2 1 1 1 2 2 2 2 3 1 1 1 1 2 1 1 1 2 4 1 1 1 1 2 3 2 2 3 1 1 1 1 1 1 1 3 2 2 1 2 1 2 3 1 1 2 1 1 1 3 1 2 1 1 2 2 1 1 1 1 3 1 2 3 3 2 1 1 2 1 3 2 2 2 2 1 2 2 1 2 3 3 1 1 3 2 2 1 2 3 4 3 2 2 1 1 1 1 3 1 1 3 1 1 1 2 2 1 1 3 2 3 1 1 3 2 2 1 2 1 2 1 2 2 3 2 1 1 1 2 4 1 3 1 1 2 2 2 2 1 2 2 2 3 1 2 2 4 1 1 1 1 1 3 1 1 3 3 1 1 2 3 1 1 2 2 1 1 1 1 3 3 1 1 2 3 1 3 1 1 2 1 1 1 1 1 1 2 2 2 1 1 1 1 2 1 1 1 2 1 1 3 1 1 3 2 1 1 1 2 2 3 1 1 3 3 1 1 2 1 1 1 1 4 1 2 1 1 2 2 2 1 3 1 1 1 1 1 1 1 1 1 2 2 1 2 2 1 1 1 1 1 1 3 1 1 1 2 1 2 1 2 1 2 1 2 3 1 2 1 2 3 1 3 2 1 3 2 3 2 2 1 1 1 2 1 2 3 1 3 1 3 1 1 1 3 1 2 2 1 1 3 2 2 2 2 2 4 1 1 1 1 1 1 1 1 1 3 2 3 2 3 2 1 2 4 1 1 1 2 3 1 2 2 1 2 1 2 1 1 2 1 4 1 2 3 1 4 2 1 1 1 1 2 1 2 2 1 2 1 3 1 2 3 1 2 1 4 1 3 1 2 1 1 1 1 1 1 1 3 2 2 3 3 1 3 1 1 2 2 2 1 2 1 1 3 1 4 2 1 1 1 1 2 2 3 4 1 1 1 2 1 1 1 1 1 1 1 1 1 1 2 1 1 3 1 2 1 1 2 2 1 1 1 1 1 2 1 1 2 1 1 3 2 1 3 1 2 1 1 1 2 1 1 2 4 2 2 3 3 1 1 1 3 1 1 2 1 2 2 1 1 2 1 1 2 2 1 1 1 1 2 1 1 2 2 2 3 2 3 2 3 1 1 1 2 1 1 2 2 2 1 2 2 1 2 2 1 2 3 3 2 3 2 1 3 1 1 2 1 2 2 2 3 2 3 1 4 3 1 2 1 2 3 3 3 1 1 1 2 2 1 1 2 1 1 1 1 2 2 1 1 1 3 1 1 1 1 1 3 2 1 4 2 1 2 1 2 3 3 1 1 1 1 1 1 3 2 2 2 1 1 1 3 3 3 2 2 2 1 1 1 1 1 1 2 2 2 1 3 2 2 2 2 2 2 1 1 1 2 2 1 1 2 2 2 1 1 1 2 2 1 3 1 1 1 2 2 2 2 1 1 3 1 1 2 1 2 3 2 3 3 1 2 1 1 1 1 2 1 2 1 2 1 3 2 1 1 1 1 2 3 2 1 3 4 1 2 
