m 2600
2 501 1936 
6 214 324 1092 1363 1380 1810 
3 76 1184 2360 
6 268 538 582 1084 1612 1794 
3 505 546 2457 
2 190 1494 
2 1201 2360 
1 1092 
5 138 630 755 979 2047 
0 
4 914 1943 2414 2420 
5 914 990 1359 1917 2416 
1 1119 
1 1176 
1 113 
2 1338 2261 
1 1266 
3 1062 1391 2292 
2 833 2168 
4 35 992 1586 2361 
2 1665 1967 
1 1193 
5 368 797 952 1916 2376 
3 95 1431 1788 
1 1044 
1 1692 
1 2035 
2 916 1097 
4 1069 1457 1544 1890 
4 753 1409 1979 2151 
0 
4 68 425 502 2329 
1 388 
1 2545 
1 653 
1 19 
1 2280 
1 1321 
2 1128 2285 
3 727 941 2255 
2 364 957 
1 436 
1 1918 
3 130 810 2354 
1 639 
2 200 208 
5 193 871 1915 2578 2593 
3 97 1382 1772 
0 
3 1382 1770 2360 
2 405 1116 
3 148 1308 1410 
2 120 449 
4 1476 1897 2211 2413 
2 106 279 
1 1226 
3 182 737 1503 
0 
2 263 1261 
1 1180 
5 345 1059 1433 2128 2467 
1 1945 
2 760 2169 
4 612 897 1316 2249 
2 1645 1797 
3 1012 1414 1867 
4 989 2054 2548 2560 
4 226 470 1163 2566 
2 31 2057 
1 1021 
0 
0 
1 1476 
4 91 797 881 2017 
3 495 563 1505 
5 417 1511 1965 2063 2587 
3 2 444 2286 
6 438 740 1454 1719 1926 2044 
4 1209 1672 1928 2094 
3 416 537 1491 
1 726 
0 
3 109 2100 2466 
1 2086 
0 
2 398 476 
3 205 1265 1594 
1 1276 
3 340 550 2421 
3 527 1670 1872 
4 131 577 1362 2385 
3 73 270 694 
4 729 1089 1882 2571 
1 290 
2 739 1157 
3 23 2253 2464 
3 862 907 1378 
2 47 1807 
6 217 1517 1731 1750 2028 2563 
4 188 1224 1433 1934 
0 
3 1470 2081 2569 
2 148 1935 
1 1646 
2 1283 2406 
4 487 571 877 2095 
5 54 1280 1596 2041 2104 
2 558 2429 
2 426 966 
5 82 138 588 701 2462 
2 1673 1832 
6 222 452 453 1099 1462 1636 
3 814 1227 1831 
3 14 746 932 
1 2231 
2 1285 2322 
1 2317 
1 1286 
4 848 1199 1764 2495 
2 1492 2492 
4 52 673 972 2578 
2 229 1680 
3 567 1116 1876 
0 
2 169 1843 
1 784 
2 803 1885 
3 772 2081 2478 
1 1326 
0 
3 43 1951 1986 
7 90 166 461 560 617 1028 1362 
4 240 1251 1529 1935 
0 
7 200 500 669 877 969 1495 1743 
0 
1 258 
3 792 1193 2256 
4 8 109 294 2482 
1 2543 
1 2386 
2 436 2411 
4 811 1092 1356 1795 
2 1314 1576 
1 184 
3 508 1163 1927 
3 892 1797 1809 
4 1762 1966 2123 2458 
5 51 102 1015 1612 2500 
4 512 2242 2301 2549 
2 1824 1975 
1 2399 
1 1876 
5 607 935 1264 1608 2333 
2 478 2314 
4 2082 2158 2201 2337 
4 194 2084 2110 2168 
2 229 389 
2 303 2219 
2 171 819 
2 226 739 
3 404 538 1643 
9 317 412 606 1128 1132 1231 2111 2259 2597 
2 853 1390 
3 1076 2223 2256 
0 
2 131 644 
2 1072 2396 
4 182 2087 2161 2165 
4 124 1881 2101 2417 
2 375 944 
1 159 
4 780 867 2156 2245 
4 226 521 1530 2262 
2 216 2188 
3 251 687 2014 
3 980 1704 1724 
1 2576 
0 
2 433 2032 
3 472 944 1798 
3 363 1395 1849 
4 56 168 1709 2383 
0 
1 144 
0 
3 1548 1891 2599 
1 2094 
2 99 2318 
1 2487 
4 5 1436 2340 2460 
4 313 698 1770 2254 
0 
2 46 588 
4 156 242 312 566 
6 668 1064 1633 1732 1837 1957 
2 670 957 
0 
1 2594 
5 503 726 1183 1538 1811 
5 45 134 277 1314 1324 
4 454 704 825 2336 
3 1385 1400 1708 
2 364 2047 
0 
5 86 543 648 1268 2503 
3 863 1731 2596 
1 1279 
5 45 445 889 2406 2531 
1 2277 
2 1021 1887 
1 1218 
2 1923 1955 
0 
2 1 796 
1 1026 
4 174 268 889 2473 
1 98 
9 478 1164 1265 1375 1596 2014 2019 2426 2524 
1 1999 
2 227 2430 
3 432 1041 1558 
1 111 
0 
2 826 1840 
2 868 1795 
3 67 160 173 
3 220 1214 1710 
2 1715 1790 
5 121 157 1061 2266 2397 
0 
3 929 963 1079 
3 619 1193 2192 
1 2318 
4 1028 1062 2141 2226 
4 391 860 1508 1765 
5 287 963 1825 2272 2388 
3 630 1278 1742 
1 1895 
0 
4 132 1178 1321 1665 
0 
3 194 1225 1376 
1 581 
0 
4 330 811 1352 1855 
3 477 878 2429 
2 1420 2027 
2 271 2272 
2 1109 1319 
1 2195 
6 175 522 822 1758 2005 2480 
1 501 
2 837 992 
3 319 392 1908 
2 1782 1917 
2 692 2251 
2 436 897 
4 136 337 507 2506 
2 1432 1882 
4 461 1113 1179 1754 
2 1910 2364 
3 1569 2143 2558 
3 58 300 1111 
1 362 
3 343 537 2048 
3 914 1440 2449 
3 602 911 1208 
5 3 216 453 1837 1853 
1 470 
3 91 576 2139 
3 248 1283 1903 
2 404 2151 
2 946 1812 
1 881 
1 1590 
2 653 1993 
3 200 820 1973 
2 1115 1234 
2 54 1138 
1 2558 
0 
3 443 1908 2123 
6 587 1328 1392 1473 1635 2597 
1 1727 
1 1329 
0 
5 236 484 1731 1807 1913 
4 935 1013 1317 1687 
2 339 1683 
2 93 2079 
1 691 
1 925 
2 1815 2556 
4 138 452 1124 1218 
6 332 384 876 1253 1967 2078 
3 300 418 835 
3 453 1556 2154 
0 
4 305 361 2138 2250 
4 263 296 850 1730 
2 523 630 
0 
3 158 824 2245 
3 1116 1123 1533 
5 299 691 1942 2107 2174 
2 508 2032 
6 400 767 811 1729 2300 2538 
3 680 979 1685 
2 1657 2359 
2 477 2177 
3 606 1031 2169 
4 194 1276 1289 2387 
3 191 1339 2367 
2 663 2080 
3 1036 2252 2291 
0 
3 162 395 2052 
3 835 1680 2406 
4 254 365 1716 2591 
4 373 956 1813 2383 
5 488 804 1847 1882 2482 
1 786 
3 1715 2211 2363 
2 1 620 
5 1758 1901 1907 2294 2495 
1 1514 
2 842 850 
0 
2 1231 1461 
2 245 1868 
7 1252 1357 1402 1701 2047 2255 2459 
1 295 
2 1045 1159 
7 498 620 979 1172 1189 1367 2240 
0 
0 
4 258 541 1625 1932 
3 512 849 1425 
2 289 2060 
3 88 607 2303 
0 
1 2549 
8 265 411 706 1399 1751 1910 2196 2298 
0 
4 60 1091 1467 2160 
3 1778 1802 2549 
1 2414 
2 1308 1356 
0 
0 
3 792 1130 1376 
4 372 873 2388 2470 
0 
2 1279 2463 
1 418 
1 1797 
2 403 2215 
4 1261 1650 2164 2266 
1 1911 
2 835 2425 
2 299 574 
1 264 
3 181 367 493 
6 40 203 692 1027 1626 2286 
2 319 386 
4 970 1084 1387 2115 
4 363 422 628 1950 
1 22 
3 828 1295 1848 
1 858 
4 488 1388 2104 2446 
3 352 943 1886 
1 320 
0 
2 170 2181 
1 2435 
2 463 678 
0 
0 
5 494 794 868 1322 1660 
1 1236 
1 2175 
1 1254 
3 295 1084 1922 
2 911 1287 
4 365 555 659 809 
1 1637 
3 32 1118 2358 
1 157 
2 1190 1920 
4 235 772 947 1448 
2 254 2312 
3 1259 2481 2567 
2 1894 2155 
1 317 
2 867 892 
1 2518 
2 85 1659 
0 
2 307 936 
2 1418 2332 
2 1248 1733 
4 357 852 967 1901 
2 161 272 
3 50 866 1820 
3 1019 1986 2241 
3 955 1331 1524 
1 1325 
1 1203 
1 420 
3 343 1502 1853 
3 162 1744 1943 
0 
0 
1 2027 
4 79 837 1153 2327 
2 75 504 
4 296 355 1095 1348 
2 497 1182 
2 410 1729 
3 608 1874 2570 
5 367 931 1234 1570 1822 
2 774 2212 
3 722 1094 2332 
2 31 1522 
3 108 1029 1702 
2 784 1539 
4 1430 1785 2135 2166 
1 1817 
6 657 1200 1435 1729 2064 2213 
1 2332 
2 221 1880 
1 179 
3 568 1552 2000 
0 
4 41 141 257 476 
2 1461 2333 
3 77 1281 2285 
2 1444 2352 
0 
0 
4 1403 1677 1922 2564 
4 282 797 1242 1983 
4 76 870 1335 2002 
4 208 496 1875 2425 
3 1853 2213 2423 
1 2383 
3 519 1379 2135 
3 52 1418 1825 
2 896 2522 
5 664 1733 1852 2429 2592 
4 111 294 821 2290 
5 111 268 297 935 2583 
2 201 954 
1 562 
4 666 1453 1644 2581 
3 1245 1555 2574 
1 497 
2 1850 2328 
1 1206 
6 131 260 989 1783 2377 2456 
0 
3 377 1304 1673 
4 1171 1437 1677 1997 
1 1625 
0 
4 753 1206 1612 1710 
1 1855 
4 732 895 1913 2164 
5 67 269 849 1637 2248 
3 1462 2146 2171 
5 180 953 1060 1325 1458 
0 
0 
2 932 2570 
3 85 436 651 
3 246 310 1956 
2 154 218 
6 707 1036 1337 1819 1891 2319 
4 1015 1609 2263 2305 
0 
3 934 1153 1762 
3 807 1680 2474 
5 287 546 1634 1704 2008 
3 2026 2401 2576 
0 
4 105 1031 1426 1813 
4 321 371 1421 2427 
1 1674 
3 1049 1141 2376 
2 693 768 
1 1980 
4 363 1012 2059 2133 
4 380 669 1518 1952 
1 74 
4 445 1513 1821 2255 
4 419 458 509 1871 
3 334 2411 2548 
3 1714 2158 2315 
3 134 938 1460 
3 0 252 2388 
3 31 623 756 
2 199 1813 
2 417 2583 
3 4 519 2207 
4 933 1046 1932 2242 
6 258 732 1160 1210 1559 1957 
3 145 306 1059 
2 497 1360 
2 1117 2349 
0 
6 149 338 1843 2069 2387 2414 
1 2275 
1 2178 
1 2419 
3 1305 1533 1920 
1 967 
3 749 1190 2415 
3 448 505 2170 
1 1397 
5 173 703 948 1173 1777 
3 251 622 911 
3 301 890 1409 
1 1446 
1 1429 
1 1154 
3 89 875 2445 
2 1038 2264 
2 959 1387 
4 623 1162 1288 1718 
2 1429 2094 
0 
3 632 2319 2561 
1 967 
2 1884 1977 
1 1117 
3 79 265 1605 
2 3 161 
1 2495 
2 599 2186 
4 337 858 1234 1515 
4 778 1655 1979 2453 
5 205 1131 1251 1581 1878 
1 2150 
1 2549 
4 4 484 1660 1788 
4 1326 1339 2018 2140 
0 
1 2089 
2 88 590 
3 926 1403 1586 
1 1080 
5 633 1617 2036 2044 2159 
4 911 1198 1361 2252 
2 386 1968 
2 768 1436 
2 1178 1986 
3 107 1201 1370 
2 962 2131 
2 131 1304 
1 1741 
3 455 1369 2008 
3 74 1282 1639 
1 594 
2 1427 2054 
3 194 1310 2466 
4 122 1344 1359 1853 
1 434 
4 671 1269 1811 1813 
3 648 2293 2410 
2 105 807 
4 1388 1541 1676 2518 
4 829 1531 1632 2146 
2 361 2269 
2 2131 2403 
2 270 2580 
1 90 
1 1361 
4 585 1408 1544 2126 
1 1440 
4 243 717 1596 2100 
2 3 642 
2 1350 2224 
3 589 1774 1972 
4 579 1056 1492 1772 
3 1624 2448 2515 
3 283 1732 2361 
3 109 193 1990 
2 584 620 
3 550 2104 2502 
4 982 1131 1803 2151 
2 925 2024 
0 
6 564 913 1128 1391 1412 1543 
0 
4 783 1480 2300 2497 
1 1291 
1 2412 
4 540 802 1577 2049 
3 1040 1920 2192 
2 606 2219 
4 267 841 1911 2125 
1 2553 
1 786 
2 1253 2046 
3 162 311 601 
3 153 340 2110 
2 421 731 
2 1395 2565 
3 634 1133 1683 
0 
3 63 2219 2334 
4 682 896 1497 2092 
1 908 
3 974 1086 2329 
3 1835 2153 2216 
2 131 923 
2 2047 2544 
1 232 
3 324 334 589 
2 1478 2356 
3 522 1950 2525 
3 502 530 2316 
2 702 2303 
2 2386 2390 
2 872 1020 
2 1292 2233 
5 367 819 824 1052 1797 
1 1991 
7 8 237 301 677 1407 1499 1967 
2 670 973 
3 533 664 2586 
5 553 760 1332 2133 2437 
2 610 1624 
2 692 1416 
3 1808 2199 2370 
2 855 961 
1 2553 
3 44 759 1176 
1 2071 
2 785 2343 
4 582 1958 2136 2140 
1 1766 
2 166 1274 
1 2451 
1 1976 
1 2061 
4 205 570 892 1492 
2 1387 1831 
1 1335 
7 476 817 913 1133 1243 1336 1575 
3 1728 1774 2529 
4 34 276 1010 2130 
3 1159 1645 2516 
2 1196 2268 
0 
5 430 951 1320 1838 1969 
2 1733 1999 
1 386 
1 1242 
2 1306 2043 
0 
4 314 1185 1368 2142 
4 451 632 1539 1906 
1 698 
1 456 
2 1318 1348 
1 195 
2 134 494 
5 196 631 1247 1825 2196 
4 569 1840 2123 2228 
2 690 2402 
3 120 2183 2239 
0 
2 1001 2067 
0 
3 630 1829 2219 
4 377 791 1971 2396 
2 1217 1478 
3 308 2188 2378 
2 1860 2496 
4 613 708 1138 1353 
3 924 1088 1170 
1 1153 
3 1266 1500 1796 
2 1538 1911 
2 175 1881 
0 
2 869 1273 
4 672 802 899 1198 
2 291 305 
3 256 364 635 
1 491 
5 91 1324 1366 1377 1548 
4 747 908 2490 2517 
2 1210 2031 
3 2043 2407 2480 
2 191 665 
1 791 
4 1754 1848 2078 2152 
3 109 2044 2329 
2 624 1209 
2 521 2043 
6 201 758 867 1354 1454 2045 
3 1365 1381 2134 
4 343 1488 1591 2539 
2 479 1612 
3 682 2423 2426 
6 1242 1257 1264 1561 1928 2028 
1 2172 
2 827 1864 
4 723 1240 2446 2569 
1 2260 
1 1022 
1 1685 
1 1723 
2 581 2359 
0 
0 
4 771 1198 1547 1925 
1 2167 
1 424 
3 712 1121 2593 
1 768 
0 
3 80 199 1135 
3 39 1485 2202 
0 
2 92 882 
5 1029 1613 1973 2369 2429 
4 608 806 2162 2295 
2 469 507 
2 1848 1971 
2 1964 2341 
3 1350 1574 1723 
0 
1 56 
1 862 
4 94 160 1559 1579 
3 77 1374 1850 
0 
3 1959 2030 2164 
1 1785 
1 814 
1 977 
1 113 
4 695 842 1503 1656 
0 
1 518 
0 
3 1360 1907 2461 
1 2282 
3 29 467 1762 
2 1872 1877 
4 8 1112 2276 2343 
1 502 
1 889 
1 704 
1 639 
4 62 633 1810 2383 
1 1223 
2 2292 2462 
0 
0 
1 1013 
1 1333 
1 307 
3 491 556 724 
4 1144 1459 1953 2289 
1 1032 
2 720 1695 
5 127 391 917 940 2112 
2 2068 2476 
3 423 822 2405 
2 1145 2261 
1 1556 
1 2549 
4 542 846 1736 2462 
1 2295 
1 172 
2 1650 2196 
3 1981 2078 2406 
3 596 1801 2018 
4 125 427 1130 1174 
2 641 2414 
2 322 604 
3 1401 1631 1702 
0 
4 818 1129 1415 2144 
3 1321 1732 1798 
2 678 699 
4 137 351 1269 1355 
0 
4 380 1641 1984 2111 
1 2188 
1 214 
6 22 73 443 2085 2421 2595 
3 1002 1338 1399 
0 
1 2279 
0 
3 599 690 2388 
2 126 1921 
2 321 2267 
0 
3 731 1449 1677 
3 483 571 1084 
0 
3 386 1458 2074 
5 43 1364 1415 1417 1928 
5 142 245 307 1041 1978 
0 
2 1409 1750 
2 112 744 
0 
1 1123 
3 651 1119 1988 
3 789 2271 2590 
5 159 628 1158 1338 1988 
1 277 
2 452 2125 
3 251 774 1894 
3 1093 1565 2169 
5 303 628 948 1137 1475 
3 201 1918 2381 
3 224 1434 2015 
4 711 1063 1761 2181 
2 369 1085 
5 573 1007 1327 2153 2476 
2 1779 2472 
1 1227 
3 1594 1815 2199 
1 18 
2 1866 2208 
5 296 318 360 1410 1597 
0 
3 253 416 1784 
1 1443 
0 
3 1015 1094 1990 
2 602 2215 
2 327 747 
5 1023 1737 2341 2391 2466 
2 2018 2434 
3 1461 2100 2139 
4 778 1135 1941 2429 
3 1051 2153 2196 
1 118 
4 338 470 1120 2034 
3 300 327 1277 
1 2520 
2 403 2310 
3 163 1583 1994 
1 2047 
2 637 2369 
4 974 1743 1875 2359 
2 1019 1073 
8 370 541 976 1157 1160 1257 1303 2499 
0 
3 235 1803 2437 
1 1043 
3 96 738 1122 
3 206 1511 2193 
0 
0 
2 405 927 
6 172 396 704 1158 1875 2248 
3 225 380 1581 
3 689 1846 2097 
3 444 1775 1922 
3 46 1543 2254 
5 626 899 959 1474 1622 
2 352 1426 
1 993 
3 527 1533 2242 
1 295 
2 105 134 
1 246 
2 2260 2291 
1 2253 
4 73 274 1315 2520 
2 729 2457 
1 1047 
1 1541 
2 2042 2322 
0 
1 2173 
2 981 2240 
4 208 216 757 1519 
4 523 1433 1812 2522 
2 981 1054 
3 146 396 648 
3 1033 1447 2383 
1 1266 
4 469 900 1142 2286 
3 450 613 1297 
2 63 257 
0 
2 690 872 
2 895 1139 
5 1584 1638 2113 2148 2529 
1 972 
2 914 1401 
2 1406 1916 
2 1836 2462 
2 2190 2427 
1 96 
2 614 695 
0 
2 1821 2121 
4 267 385 522 554 
1 1827 
3 594 651 1581 
6 10 11 266 903 2218 2356 
3 1148 2043 2139 
5 27 1215 1560 1794 2090 
1 772 
2 2047 2568 
1 2262 
0 
4 1349 2065 2156 2501 
2 1235 2107 
3 617 1887 2136 
3 683 1713 2001 
4 292 592 1607 2220 
3 551 953 1323 
3 866 1085 2159 
3 1152 2116 2551 
1 231 
3 941 1037 1560 
2 422 940 
2 113 475 
2 506 2564 
3 482 1013 1495 
4 153 288 453 952 
3 400 1593 1816 
1 1796 
1 500 
4 1403 1738 2424 2533 
4 772 931 1351 2485 
5 39 930 1098 2088 2377 
1 1384 
2 372 1566 
3 170 180 2123 
0 
3 273 1465 2152 
1 391 
3 521 824 2360 
3 2222 2284 2316 
2 1239 1435 
1 657 
2 22 935 
3 472 926 2516 
3 454 1584 1767 
5 407 1102 1136 1695 2049 
3 320 1126 1918 
2 40 196 
1 1049 
4 529 872 1369 1677 
2 1576 2412 
3 637 2154 2508 
2 559 1140 
3 231 236 2119 
0 
1 1481 
2 108 2537 
3 403 517 534 
3 1492 1646 1687 
2 134 2386 
1 366 
1 2054 
5 120 902 1252 1371 2561 
2 631 2322 
2 615 856 
1 1280 
4 858 1265 1331 1445 
2 745 1530 
3 1609 1792 1819 
5 8 308 334 2067 2531 
4 176 1544 2043 2088 
2 888 891 
2 591 1782 
1 1659 
0 
1 1479 
3 1177 1827 2130 
1 2426 
1 2493 
3 66 461 2093 
3 11 1170 1988 
2 1319 2074 
2 19 253 
2 874 2213 
3 1637 1676 2251 
3 1438 1984 2212 
4 1309 1320 1883 2016 
4 1451 1796 1825 2473 
2 2097 2382 
2 1909 2559 
1 2577 
3 675 2248 2506 
3 798 1311 1687 
1 1472 
2 2142 2409 
1 1549 
1 2135 
3 829 1409 2283 
1 1708 
1 1887 
2 653 2220 
1 1783 
5 65 493 1278 2030 2517 
3 288 765 934 
1 2165 
4 148 480 840 1366 
1 2144 
1 1361 
3 1801 2348 2580 
6 406 857 1648 2512 2532 2590 
2 626 2164 
2 69 210 
2 714 2500 
2 843 2489 
1 1036 
2 1512 1691 
1 215 
2 364 2474 
5 131 234 1182 1374 2556 
4 426 730 1287 2206 
0 
3 311 487 1123 
4 770 1913 2045 2183 
1 893 
3 1417 1870 2075 
0 
4 315 479 1024 2004 
1 930 
3 528 1496 2187 
0 
2 600 1480 
4 221 811 1447 2098 
4 1133 1497 2076 2598 
4 861 1283 2148 2589 
3 24 1319 1580 
4 333 1117 1305 2296 
1 506 
1 883 
3 1840 2500 2544 
3 490 958 1112 
2 1071 2040 
3 847 1743 2169 
4 628 2033 2250 2425 
2 2292 2321 
1 891 
0 
4 585 1178 1201 1949 
3 1507 2149 2236 
2 1205 2420 
3 60 508 1650 
2 472 2526 
1 229 
2 17 234 
2 827 2015 
3 195 1176 2350 
2 1417 2309 
0 
3 2219 2220 2412 
4 1259 1543 2208 2408 
2 28 2447 
3 1277 1896 2373 
1 1050 
3 167 1822 1875 
3 857 2210 2438 
2 2140 2220 
4 1254 2050 2223 2363 
1 164 
1 2131 
2 1713 2224 
4 231 1209 1898 2072 
2 552 2248 
0 
1 1788 
1 1854 
5 3 366 384 807 2349 
2 828 927 
6 615 1155 1322 2471 2525 2584 
2 1711 1871 
1 683 
2 92 1695 
2 1374 1546 
2 345 1868 
4 1 7 142 1990 
4 823 1459 2460 2465 
4 424 840 2176 2527 
2 418 1124 
0 
3 27 2496 2567 
2 941 1719 
1 111 
1 1934 
1 2432 
3 955 1796 2251 
3 1122 1461 2573 
1 2395 
3 1555 1797 2017 
3 1174 2194 2444 
0 
0 
1 249 
0 
2 263 1932 
2 755 1049 
1 260 
2 1137 1600 
3 278 1164 2569 
5 50 122 304 1441 2516 
4 510 536 1045 2587 
2 388 2545 
3 12 817 2055 
3 849 1347 2361 
4 723 1150 1713 2215 
5 862 1103 1324 1748 1801 
5 304 816 1031 1776 1905 
3 294 1095 1731 
4 1198 1343 1607 2001 
1 956 
3 1187 1461 1553 
3 38 162 594 
1 789 
4 351 784 1442 1763 
3 543 591 1303 
2 162 1784 
7 610 651 1042 1320 1676 2254 2323 
1 2172 
3 726 846 1562 
4 955 1176 1195 2123 
2 824 1114 
2 279 682 
4 900 1293 1324 2346 
3 962 1522 1592 
1 490 
1 895 
1 1720 
4 769 2283 2398 2563 
7 775 1632 1685 1919 1952 2095 2288 
5 1461 1687 1839 2141 2219 
4 1202 2004 2235 2348 
1 915 
1 1947 
2 1121 1575 
2 1846 2263 
2 928 1769 
5 416 482 684 1300 1308 
1 526 
2 1086 2388 
1 1638 
2 94 858 
3 819 867 1875 
4 333 654 2037 2349 
3 507 858 1652 
2 1473 2198 
2 530 1219 
4 67 145 2114 2237 
4 218 1115 1648 1914 
2 2110 2371 
1 2577 
0 
1 1659 
3 1200 1465 1915 
3 683 990 1975 
3 464 1532 2573 
2 334 1695 
2 521 2493 
4 784 1106 1960 2331 
0 
6 13 639 1064 1136 1284 1824 
3 986 2421 2443 
4 240 557 1056 1409 
1 260 
1 59 
1 2124 
2 419 1028 
2 199 2546 
2 2 2410 
2 663 1196 
1 2500 
1 1127 
3 1658 1761 1824 
4 334 1503 1674 2322 
2 390 518 
1 1637 
0 
4 21 137 232 2555 
2 2229 2388 
2 1136 1600 
3 655 1185 1288 
2 1957 2361 
5 554 690 720 1125 1368 
1 118 
3 430 1169 2065 
3 6 558 1056 
3 1147 1641 2314 
1 409 
2 1367 1674 
1 1058 
2 460 467 
1 2169 
1 267 
6 78 702 1079 1498 2303 2597 
4 507 696 1697 1740 
0 
3 1221 1241 2447 
3 1334 1357 1994 
2 227 1776 
1 916 
1 2370 
1 679 
3 211 294 2115 
3 1162 1734 2588 
4 1246 1253 1267 2261 
2 1212 1237 
0 
3 761 1552 1691 
1 99 
3 242 2196 2269 
4 55 1367 2343 2446 
3 112 831 1615 
0 
0 
1 2393 
2 162 329 
0 
3 1651 1721 2316 
3 278 422 541 
3 922 2407 2518 
3 381 1851 1877 
1 1221 
1 2301 
1 950 
4 712 1674 2248 2539 
3 1212 1464 1736 
4 443 660 709 1819 
5 651 1638 1646 2291 2544 
0 
3 457 1472 1574 
1 1220 
2 670 2412 
1 402 
1 1817 
1 1890 
3 132 543 2348 
6 331 972 1843 1980 2095 2523 
5 295 605 1220 1407 2430 
5 383 1075 1284 1872 2005 
0 
0 
2 709 858 
1 1303 
4 393 1068 1847 2111 
3 1887 2025 2409 
2 58 358 
0 
0 
4 153 709 1629 1940 
7 86 218 976 1380 1657 2163 2573 
3 16 685 894 
1 1220 
1 205 
3 569 792 1941 
1 1579 
1 1862 
3 1309 1335 2523 
4 689 1888 1902 2314 
4 644 2391 2530 2583 
0 
2 87 312 
2 850 1070 
4 237 1012 2296 2368 
2 207 354 
4 106 975 2008 2108 
1 438 
3 563 1336 1771 
3 104 271 1043 
4 1176 1254 1501 2591 
3 115 2142 2599 
2 117 1673 
5 385 1029 1755 2453 2552 
2 530 1196 
4 312 1681 1917 2052 
3 1508 1935 2449 
4 597 1693 2334 2593 
2 627 2129 
2 1139 1581 
0 
2 369 2566 
2 1584 2005 
1 896 
1 1463 
1 1731 
3 1153 1623 1895 
1 2383 
0 
3 858 1131 1258 
4 463 560 1561 1870 
3 516 1045 1613 
1 661 
0 
3 51 348 1153 
2 996 1272 
1 566 
2 1002 1625 
3 2144 2217 2429 
0 
4 143 200 1997 2528 
3 881 2164 2569 
3 63 1359 2230 
3 288 1899 2447 
3 667 2182 2342 
3 249 991 1044 
4 657 996 1133 1708 
3 37 240 790 
2 380 1086 
3 926 1945 2099 
4 200 694 1122 1139 
3 408 472 1473 
3 128 547 1690 
3 829 1758 2158 
2 283 1888 
1 285 
0 
4 407 976 1532 2084 
3 633 2059 2331 
3 766 1592 1615 
2 1213 1822 
3 444 650 1272 
2 651 1282 
2 479 2388 
6 15 798 819 1808 2251 2264 
3 313 547 1933 
0 
1 2095 
1 2469 
4 1125 1496 2121 2377 
2 567 1813 
1 1691 
1 1426 
3 1120 2044 2376 
3 418 667 1998 
2 921 2131 
3 583 735 1593 
1 940 
2 245 1494 
2 682 2236 
2 704 2146 
3 792 2455 2537 
3 142 348 2438 
4 331 1213 1484 2345 
2 1373 1636 
4 11 567 1316 2390 
4 509 751 1802 2481 
5 554 578 1017 1654 1776 
5 90 131 1443 1746 2297 
5 1 1578 1828 2355 2364 
1 810 
1 705 
2 694 1015 
5 334 1204 1226 1957 2286 
2 663 1198 
2 562 959 
2 558 1682 
1 972 
2 1580 2063 
3 1358 2249 2431 
6 740 1028 1090 1468 2312 2495 
3 218 1733 1988 
3 242 351 1815 
1 694 
2 96 2236 
3 448 1987 2270 
7 1 1265 1499 2066 2117 2262 2391 
1 705 
3 47 49 2529 
3 1802 1949 2306 
2 942 1926 
2 202 1739 
1 2511 
3 366 529 649 
2 371 572 
0 
2 163 1546 
2 17 594 
3 283 1411 2161 
0 
2 1609 2497 
3 181 609 1543 
0 
1 520 
0 
3 343 798 2443 
1 202 
3 787 903 2430 
1 331 
4 442 551 939 2275 
3 1766 2314 2340 
3 1753 2104 2517 
1 904 
3 630 1253 1969 
3 579 1490 1784 
5 29 523 813 1007 1178 
3 51 835 2523 
2 1392 1721 
4 594 1546 2070 2385 
0 
1 65 
5 789 810 1485 2180 2498 
2 635 2061 
4 810 1034 1065 2002 
3 401 449 1775 
1 2568 
2 247 1818 
2 488 2232 
2 1544 1848 
1 1823 
0 
3 338 1712 2457 
4 487 873 1346 1434 
2 565 2210 
1 1835 
6 525 531 1703 1952 2018 2088 
1 428 
2 23 1933 
2 259 2073 
3 60 99 890 
5 826 1426 1693 1958 2378 
2 430 950 
2 190 556 
4 464 1820 1979 1990 
3 995 1914 2502 
4 1676 1947 2320 2352 
5 266 580 1698 1786 2221 
3 1116 1561 1949 
2 1130 2178 
3 838 1362 1581 
1 439 
2 976 1732 
2 524 2240 
2 893 1041 
2 391 1862 
2 806 1882 
2 2245 2304 
2 997 2208 
2 1646 2564 
1 456 
4 77 704 1939 2277 
2 1668 2268 
1 1979 
2 28 2525 
2 472 809 
2 769 1093 
1 500 
7 329 437 845 1103 1127 1146 2175 
2 111 471 
2 1298 2217 
2 1241 2511 
4 946 1169 2168 2400 
1 2302 
1 345 
3 1374 1745 2133 
0 
3 101 2273 2329 
0 
2 1003 1245 
3 283 1161 1325 
2 872 2411 
1 824 
2 53 72 
2 1590 1671 
3 621 679 1588 
2 985 2020 
2 596 1040 
1 965 
4 1898 2349 2523 2598 
1 1838 
2 1357 2227 
2 727 1415 
2 1597 2023 
2 2387 2411 
4 706 1892 2268 2467 
0 
1 1408 
2 79 2286 
5 119 585 648 968 2553 
1 1530 
2 5 1352 
3 134 934 1519 
4 1038 1343 2201 2534 
2 613 1042 
2 1209 1781 
4 630 1380 2089 2193 
2 685 2223 
2 1284 2246 
2 411 1845 
4 56 747 1189 2117 
2 2126 2405 
1 74 
0 
2 1057 2402 
4 235 1290 1833 2396 
0 
1 2520 
4 75 863 1942 2334 
2 1025 2405 
1 496 
3 326 1844 2282 
2 541 1949 
1 1834 
2 98 2270 
3 494 1882 2368 
2 889 1495 
0 
0 
4 425 1140 2084 2242 
0 
2 407 2430 
0 
1 1809 
0 
2 1579 1854 
2 132 2255 
3 173 977 1493 
3 573 2167 2266 
5 1171 1331 1765 1767 2408 
5 304 516 875 1850 1997 
1 1844 
1 2209 
2 2145 2503 
1 2418 
2 199 686 
3 427 664 2584 
2 1697 1758 
3 572 884 2013 
1 1647 
4 594 871 1068 1395 
4 28 579 980 1422 
0 
4 1090 1390 1412 1836 
3 720 1669 2456 
4 186 694 1930 1966 
2 1005 1655 
0 
2 1955 2379 
4 434 1223 1611 1908 
1 1127 
1 1751 
3 457 1105 1953 
2 297 776 
0 
1 221 
4 507 739 2164 2331 
2 916 930 
4 709 1304 1441 2472 
1 1135 
2 1874 1937 
0 
2 823 2594 
1 943 
0 
0 
2 262 1601 
4 422 1730 2217 2313 
0 
0 
0 
2 735 1245 
3 651 1150 1665 
3 143 960 2586 
5 599 1669 1684 2035 2106 
1 1363 
4 739 1270 1528 2412 
4 1044 1372 1889 2394 
8 543 868 913 1293 1443 1729 2108 2227 
1 2550 
2 853 1709 
3 901 954 1296 
4 2269 2327 2494 2586 
3 19 551 1822 
2 2108 2336 
1 1478 
0 
4 275 1477 1815 1931 
2 706 1642 
2 1140 1333 
5 936 1350 2054 2059 2241 
2 86 832 
0 
4 106 218 581 2368 
3 835 1486 1647 
2 1847 2090 
4 2248 2266 2305 2585 
4 1114 1195 2087 2541 
2 1569 2287 
1 2446 
1 1974 
2 2071 2543 
3 537 1820 1861 
1 1905 
3 925 1125 1938 
1 153 
5 480 978 1394 1999 2526 
2 2205 2267 
2 1552 1906 
8 3 148 467 707 1913 2103 2117 2289 
2 730 1305 
1 2065 
3 1227 1333 1642 
1 1941 
2 553 2286 
2 1740 2093 
2 1781 1977 
0 
0 
1 872 
2 1300 2007 
3 586 634 2316 
3 337 465 1311 
2 364 2000 
2 1859 2273 
1 2039 
2 1264 1985 
0 
1 787 
3 573 1145 2277 
1 195 
3 484 1682 2106 
1 283 
3 111 1358 1696 
4 387 470 994 1191 
4 901 1156 1243 1681 
2 563 2286 
1 2179 
2 794 1202 
2 1591 1615 
1 161 
1 456 
2 64 654 
5 103 968 1243 1452 1843 
3 1542 1597 2112 
2 1019 1164 
2 1822 2155 
7 358 781 1059 1852 2145 2293 2562 
1 1233 
1 1160 
2 1686 1898 
2 1361 2391 
4 542 1549 1695 2049 
1 747 
2 309 1265 
2 1188 2357 
4 398 983 1168 1957 
3 380 546 2485 
2 2528 2530 
0 
0 
1 1784 
5 20 240 1575 1738 2258 
3 1725 2198 2405 
0 
2 1455 1992 
3 1547 1577 1677 
4 89 1827 1857 2533 
1 1477 
1 78 
3 110 463 1286 
6 489 1189 1204 1240 2117 2532 
0 
5 572 994 1133 1439 1990 
6 442 464 806 959 1669 2571 
0 
2 2482 2596 
3 121 318 483 
2 1289 1638 
2 1370 1634 
3 289 610 2524 
2 1577 1938 
3 308 715 1145 
1 1653 
4 288 968 1002 1146 
2 1698 2171 
1 1821 
3 1326 1926 2437 
3 1025 1223 1345 
1 25 
2 1291 1434 
2 2292 2480 
6 771 955 1089 1172 1655 2260 
2 1636 2199 
2 1210 1540 
3 1440 1688 2523 
0 
0 
1 331 
4 426 787 1705 2520 
3 1429 1826 2514 
3 176 484 2242 
2 1702 2561 
0 
1 2528 
5 202 1008 1320 2102 2377 
2 182 1583 
3 227 467 2074 
2 1087 2298 
2 1425 1793 
3 924 1078 1121 
2 499 2412 
4 228 323 2264 2430 
1 319 
2 1901 2105 
2 530 2164 
2 77 1098 
2 1143 2458 
4 1233 1411 1808 2228 
1 2015 
3 716 735 2006 
3 176 1828 1939 
5 1666 1872 2436 2483 2578 
1 1997 
3 284 1903 2554 
2 652 1965 
5 307 420 430 1581 2009 
2 300 1570 
5 98 206 287 1124 1299 
5 195 587 790 1445 1831 
5 402 451 658 1375 2546 
2 1219 2124 
1 1747 
2 778 1241 
1 843 
2 939 1665 
1 1385 
2 1210 1618 
3 561 1879 2275 
3 237 2344 2405 
3 134 856 1051 
1 412 
1 1468 
4 1362 1950 2306 2309 
2 1735 2597 
2 1122 2496 
0 
2 98 813 
2 343 1554 
1 2370 
3 1405 2293 2405 
3 260 700 2336 
1 1287 
0 
0 
4 251 325 1327 1540 
2 2154 2178 
0 
3 827 1188 2155 
3 147 482 753 
1 1130 
3 118 2369 2512 
2 235 1532 
2 643 1404 
2 954 1532 
1 2071 
1 1152 
3 49 191 1975 
3 1282 1844 2531 
2 47 585 
1 2017 
3 584 652 2277 
3 870 1418 2578 
4 1123 1214 1361 2475 
3 521 2214 2232 
1 346 
2 830 2527 
0 
2 1498 1619 
2 255 982 
4 461 1011 1787 2213 
4 837 1132 1408 1664 
2 428 743 
1 1440 
4 1783 1916 2281 2572 
3 23 546 1082 
2 1793 2287 
2 228 1835 
0 
2 978 1935 
3 1712 1789 1958 
3 3 916 1860 
3 142 225 2418 
4 685 937 997 1102 
5 64 146 356 628 1105 
2 180 790 
0 
0 
5 783 1018 1122 1828 2119 
3 346 1360 1383 
2 591 860 
1 1946 
1 2134 
3 2127 2312 2367 
2 97 287 
3 636 1338 1721 
2 146 1526 
4 1 760 1915 2178 
2 199 569 
3 273 890 2578 
5 320 487 503 569 1344 
0 
4 293 832 1376 1590 
1 936 
2 429 1249 
1 1420 
4 479 978 1242 2440 
5 405 1437 1605 2262 2366 
4 496 910 1689 2187 
5 422 1072 1334 1586 1649 
2 1423 2343 
4 150 1176 1188 2275 
4 236 449 670 997 
1 1703 
5 912 986 1670 2444 2456 
4 1363 1724 1801 2368 
1 677 
0 
4 112 649 1732 2219 
2 110 2349 
3 1508 1926 2168 
1 1516 
4 616 1428 1790 1988 
5 905 1546 1933 2290 2493 
2 195 268 
4 657 1483 2031 2334 
2 1146 2514 
4 224 671 1048 2270 
0 
1 1942 
5 124 512 1252 1646 1945 
3 1514 1534 1771 
1 1502 
2 869 1151 
6 321 1259 1598 2073 2265 2521 
4 369 700 733 1422 
2 181 1897 
3 459 740 1533 
1 1236 
3 451 1650 2564 
4 268 411 446 567 
4 1083 1528 2079 2348 
4 245 468 1996 2033 
2 2241 2544 
1 1670 
0 
2 1627 2496 
3 681 1794 2479 
1 1605 
2 1271 1448 
0 
2 711 2542 
0 
2 834 2288 
4 65 2353 2360 2439 
2 330 1091 
0 
3 1034 1304 1930 
2 497 1087 
4 89 754 1254 1725 
1 2511 
3 421 1563 1974 
7 445 856 867 1072 1158 2267 2320 
4 122 152 2446 2464 
3 754 1236 2520 
1 543 
2 1741 2016 
1 432 
2 169 687 
5 92 259 321 1449 1518 
1 996 
2 535 2314 
1 126 
1 372 
4 210 923 1009 1260 
4 1273 1328 1915 2461 
1 1580 
2 28 1250 
2 186 479 
1 1488 
0 
3 394 822 2072 
2 238 1300 
2 1070 1918 
5 53 1849 2234 2471 2566 
3 1079 1482 1653 
2 1317 2245 
0 
4 325 403 1717 2399 
1 1273 
3 271 1727 1962 
1 2311 
3 1123 1606 2192 
2 664 1611 
4 325 751 1965 2579 
4 254 282 1552 2561 
2 999 2013 
2 261 343 
6 359 602 686 2144 2234 2323 
0 
4 287 469 1032 1612 
4 1164 1438 1922 2351 
4 46 1169 1810 1888 
4 22 904 1787 2338 
4 11 255 1289 2097 
4 42 825 956 1896 
1 1145 
5 390 516 600 2437 2575 
2 803 2543 
6 384 442 870 1914 2203 2410 
2 212 2084 
1 2128 
2 720 2217 
4 77 1384 1690 1833 
1 145 
4 78 709 810 2151 
0 
3 1548 1870 2092 
1 1590 
5 337 506 1111 2104 2280 
6 1339 1431 1836 2219 2398 2456 
2 99 1100 
5 102 132 1290 1792 2261 
1 0 
1 1563 
2 1607 1684 
3 1454 1724 2007 
1 1264 
3 846 1269 1616 
3 305 1511 1842 
2 10 412 
0 
3 61 1323 1843 
1 1804 
3 1149 1439 2344 
2 1982 2273 
5 1056 1383 1441 1515 2584 
4 367 622 1746 2132 
1 130 
3 494 1145 1429 
2 769 1555 
0 
3 212 1551 2157 
1 477 
8 195 507 1197 1367 1659 2093 2268 2482 
3 642 1434 1793 
1 742 
3 1174 2239 2466 
0 
1 1903 
1 2433 
1 734 
3 75 1728 1907 
2 147 1548 
4 20 295 630 2427 
2 555 2536 
3 657 1407 2309 
0 
2 678 733 
2 584 2032 
2 277 730 
2 1603 1874 
3 150 1170 1770 
4 646 2378 2416 2476 
2 535 1619 
1 811 
5 29 542 1437 1456 2263 
2 492 1252 
1 782 
2 1948 2003 
1 443 
3 794 995 2313 
2 1629 2156 
3 130 406 557 
2 1379 2449 
5 817 819 990 1375 1835 
0 
5 588 840 1092 1437 1676 
2 629 2016 
2 1668 2176 
1 276 
3 853 1213 2015 
0 
1 1855 
5 464 1314 1533 1726 2173 
2 1348 2523 
3 219 658 1609 
3 434 1626 2464 
3 924 1125 2546 
2 444 1417 
2 1982 2516 
3 1036 1147 2098 
3 251 1254 1296 
1 1723 
2 1623 1939 
3 484 562 1280 
3 1729 2260 2494 
0 
0 
0 
2 1541 1909 
2 175 218 
5 826 1063 1722 1994 2595 
3 996 1879 1991 
3 73 1105 1773 
6 547 783 844 1429 2224 2466 
1 218 
1 1479 
0 
0 
2 1486 2169 
1 592 
2 1260 2069 
2 485 2450 
3 247 415 2151 
2 98 709 
0 
2 742 1012 
3 696 1838 2487 
3 179 306 1972 
3 1052 1855 2551 
2 849 2044 
3 26 1577 2122 
1 553 
1 1159 
0 
3 1628 2116 2396 
1 1050 
1 106 
2 885 2198 
5 661 697 703 915 980 
6 77 553 701 1347 2034 2322 
2 704 1032 
2 605 2388 
6 8 203 331 618 854 918 
1 265 
7 599 955 1655 2067 2074 2220 2538 
1 1075 
1 2407 
3 317 1289 2209 
0 
5 66 565 971 1593 2124 
1 1119 
0 
4 68 2280 2338 2543 
0 
3 493 1332 1593 
2 339 2176 
2 647 1416 
2 2149 2483 
3 75 1372 2473 
1 430 
3 921 1200 1614 
1 1380 
3 675 979 2049 
2 773 2464 
3 512 2025 2248 
1 1412 
3 640 1604 1768 
2 1079 1894 
3 1432 1847 2241 
4 809 991 1710 2049 
1 1034 
2 1042 2337 
1 2347 
3 295 700 782 
3 290 1854 2342 
2 314 2098 
2 101 127 
2 155 2089 
1 2113 
6 156 1331 1522 1923 2254 2414 
2 797 2494 
1 83 
3 168 1600 2424 
3 941 980 1429 
3 549 1499 2082 
2 916 1598 
1 2257 
3 613 1930 2163 
3 989 1618 1957 
3 78 187 531 
4 105 1145 1252 1341 
2 2170 2235 
3 869 998 1917 
3 1041 2004 2080 
2 1323 2562 
3 82 581 845 
1 169 
1 1708 
1 1612 
5 106 371 590 1405 1932 
1 1717 
2 1577 1634 
2 305 922 
3 1280 1581 1587 
0 
3 156 607 1165 
3 162 794 1259 
2 772 1647 
2 901 2083 
1 1163 
2 366 1218 
3 928 2039 2165 
6 1380 1503 1612 1674 2226 2275 
0 
3 963 1801 2458 
0 
2 910 1343 
2 2035 2197 
5 147 282 671 944 1136 
3 1181 1734 2054 
2 602 821 
3 579 1504 2278 
1 1806 
2 60 1924 
1 1292 
3 653 986 2256 
4 559 575 1077 1349 
2 1950 2252 
3 493 633 1468 
3 705 1805 2474 
4 428 448 1006 2139 
2 642 923 
2 2437 2460 
3 299 2318 2576 
4 270 845 915 2135 
3 547 642 1074 
3 234 1146 2558 
3 663 1004 1285 
1 262 
6 789 1016 1312 1911 2190 2387 
4 1536 1650 2547 2574 
4 471 573 1354 2359 
1 2237 
2 901 1043 
3 1057 2062 2326 
1 544 
7 29 272 591 1928 2027 2176 2436 
3 700 946 2286 
3 616 829 847 
3 297 961 1759 
4 394 1649 1761 2414 
3 172 921 1985 
3 1955 2395 2404 
4 155 499 1327 2573 
3 553 927 2562 
1 345 
2 168 1392 
1 731 
2 1265 2092 
7 358 469 742 1020 1315 1559 1718 
4 168 1014 2116 2459 
1 428 
3 721 1531 2307 
4 18 156 1465 1833 
6 62 311 823 1051 1207 2023 
3 519 2096 2445 
3 471 1688 2201 
3 710 1134 2430 
2 887 1997 
1 305 
3 382 1461 2350 
4 1094 1992 2060 2151 
2 310 2521 
6 514 1442 1759 1810 2254 2540 
1 1640 
1 1415 
2 375 827 
3 1318 2417 2525 
3 673 1032 2597 
0 
0 
1 540 
3 1038 1821 2201 
3 174 680 795 
1 2445 
2 906 2144 
0 
3 232 600 1905 
2 863 1499 
3 1106 2392 2573 
2 250 2429 
5 343 670 781 847 1225 
2 2122 2409 
3 1161 1666 2042 
3 636 832 1696 
1 2329 
5 155 1496 2171 2187 2460 
2 727 2305 
3 1922 2219 2514 
1 2251 
1 1610 
2 1029 2284 
2 505 2541 
3 834 1068 1451 
2 1535 2052 
2 1073 1427 
2 53 323 
2 423 995 
4 430 446 993 1783 
1 1777 
4 357 841 1121 2333 
1 616 
4 1312 1463 1570 1925 
1 914 
9 158 601 612 677 1067 1146 1831 1933 2203 
5 925 1010 1067 1074 2049 
1 1440 
1 949 
3 164 1075 1500 
4 583 1078 2018 2326 
0 
2 234 2117 
4 1484 1581 2270 2587 
4 671 1721 2449 2464 
1 1194 
1 1316 
1 114 
2 1421 1777 
1 627 
2 1897 1911 
4 1147 2096 2505 2536 
3 1057 1353 1378 
2 1163 2147 
0 
4 673 1960 2320 2359 
3 334 888 1446 
5 406 1593 1856 2073 2574 
6 149 506 875 1522 1704 2250 
0 
0 
4 172 303 1450 1899 
1 1501 
0 
7 470 867 1001 1080 1240 1599 2069 
2 63 1373 
4 299 1052 2242 2354 
5 256 994 1102 1338 2204 
4 315 554 2132 2350 
3 95 880 2279 
6 191 871 1133 2084 2178 2593 
5 39 331 496 1529 2362 
3 137 164 2130 
1 2091 
1 1665 
1 162 
4 713 879 1695 2009 
4 15 775 1220 1935 
5 173 919 1380 1820 2297 
3 480 1151 1979 
3 528 1338 1715 
1 1847 
4 229 358 1531 1599 
3 804 1610 1875 
4 655 1455 1488 1957 
3 574 1225 1585 
5 1379 1517 1840 2227 2594 
1 818 
2 236 248 
4 1470 1627 1948 2515 
0 
6 513 1403 1741 1824 2117 2398 
1 755 
4 209 1454 1632 1774 
1 2126 
2 800 2253 
3 36 1932 2057 
1 1787 
2 752 1514 
2 1007 1144 
3 949 2206 2359 
2 38 438 
8 76 364 895 1367 1491 1617 1639 2152 
2 1601 1789 
2 1145 1866 
2 769 1612 
3 452 1836 2530 
3 315 879 1243 
5 17 762 1053 1694 2435 
5 570 1650 1753 2376 2386 
1 325 
2 731 779 
2 1045 1278 
2 1362 2262 
2 343 1711 
1 2447 
2 307 596 
2 149 1238 
1 1466 
3 340 624 1209 
1 1450 
3 480 1599 2202 
2 1383 1746 
1 2167 
0 
3 1065 1746 1969 
3 852 2354 2477 
2 1904 2380 
3 392 1374 1806 
2 1570 1984 
5 154 1202 1273 1404 1884 
1 499 
4 623 949 1233 1624 
1 116 
3 188 233 2138 
2 479 533 
3 1439 1875 2239 
1 1053 
5 115 885 973 1189 2044 
2 1133 1911 
1 2466 
0 
2 2149 2224 
2 416 1585 
1 459 
5 31 615 701 1470 2200 
0 
3 1174 1332 1559 
3 401 424 431 
3 153 437 2215 
5 612 1291 1511 1838 2386 
0 
3 201 1587 1754 
2 155 2076 
4 1916 2057 2361 2388 
0 
2 190 1404 
2 734 843 
2 1318 2079 
5 641 755 1226 1823 2538 
3 1742 1947 2377 
1 1357 
2 1139 2368 
1 2077 
4 1018 1147 1251 1854 
7 510 1084 1159 1482 1832 2372 2416 
3 1064 2175 2252 
1 1914 
2 439 1439 
1 1867 
3 43 2250 2310 
1 1363 
2 621 914 
1 1658 
1 388 
6 309 717 856 2146 2239 2284 
6 2 6 49 948 1867 2376 
5 19 587 1120 1197 2338 
1 2255 
2 323 1075 
3 261 1363 2582 
0 
1 1820 
2 313 1806 
5 1278 1518 1596 1828 2346 
3 730 855 1764 
3 636 1216 1752 
1 1165 
2 2349 2531 
1 1070 
0 
0 
5 22 490 1347 2293 2360 
5 461 941 1343 1708 2344 
3 680 1434 1976 
1 1551 
1 2311 
1 825 
1 998 
6 182 320 447 760 893 1301 
0 
2 90 1412 
5 140 625 969 2293 2334 
5 312 512 1487 2144 2433 
9 236 352 501 802 1155 1194 1337 2046 2338 
1 2527 
3 625 1359 2483 
4 843 1274 1380 1654 
1 2194 
1 1230 
1 1580 
2 1104 2157 
4 167 678 1508 2039 
1 229 
3 1144 1933 2275 
2 151 1901 
2 1465 2549 
1 485 
2 672 1507 
1 575 
1 2157 
6 774 1504 1512 1666 1742 1753 
4 104 208 318 782 
3 697 1235 2051 
3 1068 1532 2461 
4 1004 1260 2197 2566 
3 570 1184 1922 
4 141 498 1474 1487 
6 598 960 1067 1247 1579 1714 
1 53 
6 10 347 512 785 2084 2155 
1 518 
4 11 1976 2349 2560 
2 169 2182 
2 1537 1795 
1 515 
2 10 1058 
3 88 797 1177 
0 
2 446 708 
2 939 2087 
3 360 445 1052 
3 218 708 987 
4 488 906 1967 2472 
0 
8 107 246 451 730 846 1312 2195 2525 
6 220 1253 1401 1524 1715 2172 
1 1373 
2 1101 2551 
2 1963 2387 
1 844 
2 376 2292 
3 1725 2151 2598 
5 633 860 1690 1920 2137 
2 1073 1356 
1 1867 
1 1819 
0 
0 
3 1177 1399 2584 
2 1106 1827 
3 527 2170 2189 
5 371 712 1226 1602 1876 
5 1069 1212 1317 2299 2583 
1 586 
4 266 1290 1987 2228 
1 2026 
1 645 
0 
2 542 1287 
1 2540 
1 1355 
4 461 1547 1827 1933 
4 4 882 1425 2565 
3 147 1720 2119 
2 331 2165 
4 190 1093 2137 2201 
3 751 1888 2408 
4 109 762 778 905 
1 354 
5 95 1876 2000 2068 2228 
1 1093 
7 82 566 843 1960 2018 2324 2503 
2 60 1488 
0 
1 1342 
1 352 
3 1086 1897 2486 
3 830 1561 2427 
3 216 997 2063 
4 483 1027 2134 2476 
1 1776 
4 773 829 1976 2474 
1 2310 
1 127 
1 1860 
3 251 697 1694 
2 393 1360 
4 138 321 1679 1957 
3 1725 2062 2390 
0 
2 940 1660 
1 2471 
2 189 2031 
0 
2 1023 2534 
1 695 
0 
1 119 
3 988 1173 1836 
3 1585 2009 2085 
4 118 325 539 1374 
4 681 1097 1748 1859 
2 596 1394 
1 1415 
1 858 
4 148 1022 1048 1186 
1 921 
2 590 1438 
3 205 1536 2466 
1 2511 
1 2235 
3 258 1001 2568 
0 
1 961 
1 2591 
0 
4 1386 1464 1873 2504 
2 1019 1764 
0 
3 1703 1839 2203 
2 586 2273 
4 654 953 1116 2003 
3 695 1012 1405 
3 397 572 1235 
0 
5 851 881 1510 1702 1877 
3 1847 2177 2534 
2 450 890 
6 1252 1272 1410 1482 1698 1998 
2 218 1683 
5 622 1086 1457 2182 2429 
3 1060 1609 2577 
3 1094 1779 2389 
3 1314 1661 1707 
3 652 901 1382 
3 1274 1661 2290 
4 208 979 1771 2372 
2 1019 1674 
3 939 1670 2597 
3 1496 2489 2521 
0 
2 1968 2235 
2 966 1355 
3 307 2049 2343 
2 706 1240 
2 2178 2454 
2 1600 2207 
1 1864 
4 139 1604 1921 2057 
4 618 1048 1243 1856 
2 33 1118 
3 1183 1733 2001 
1 2145 
2 66 498 
6 149 342 346 545 777 2400 
1 1582 
3 928 2033 2432 
1 1287 
3 603 638 1492 
1 1727 
1 1193 
2 293 1028 
0 
3 262 280 2141 
1 999 
2 66 2416 
4 533 972 1705 1908 
3 1650 2099 2159 
2 98 1144 
4 442 933 1452 1852 
2 609 2457 
4 67 1295 1897 2409 
2 393 1097 
3 918 1419 2506 
4 101 712 1115 1315 
2 421 475 
2 92 1677 
1 1787 
5 1103 1171 1265 2158 2194 
3 457 2145 2241 
1 1920 
3 177 485 2138 
3 1000 1166 2526 
5 46 120 1725 1775 1812 
1 1907 
2 576 1018 
1 456 
1 2364 
4 453 504 1274 2447 
4 1086 1539 1949 2443 
1 1599 
3 632 1576 1585 
3 75 1117 2227 
1 1219 
1 1043 
2 818 1019 
3 319 1284 2509 
1 451 
4 46 723 1291 2254 
3 198 1565 2270 
2 797 2015 
2 206 1679 
6 162 283 1209 1747 2183 2533 
3 1042 1482 2436 
2 186 1285 
1 4 1 2 1 3 3 1 2 1 2 1 1 2 1 1 1 2 1 1 1 1 4 3 2 1 1 2 3 2 1 3 1 2 1 2 1 2 1 1 1 1 1 2 1 1 5 3 1 3 1 2 2 2 2 1 1 1 2 1 3 1 1 3 3 2 3 2 2 1 1 1 1 1 3 3 3 2 1 2 1 1 2 1 1 2 3 1 2 1 1 2 3 1 1 2 2 2 2 3 1 1 1 1 1 1 4 1 2 3 3 2 2 2 1 1 2 2 1 2 3 1 2 1 3 1 1 3 1 1 1 3 1 1 4 1 1 1 1 1 1 1 1 1 1 2 2 3 3 1 1 1 1 2 1 2 2 1 2 2 2 1 4 2 2 1 2 1 2 2 2 1 3 3 1 2 1 2 1 2 2 2 3 1 2 1 3 1 1 2 1 3 1 1 1 2 3 1 2 1 3 2 1 1 1 4 2 2 3 1 1 2 2 1 2 2 3 1 2 1 1 1 1 1 2 3 1 3 2 2 1 3 1 1 3 1 1 2 2 1 3 1 2 1 1 4 3 1 1 1 2 1 1 1 1 1 2 1 2 2 2 1 3 1 1 2 1 1 1 1 1 2 1 1 1 1 1 1 1 1 1 1 1 3 2 1 1 2 2 2 3 1 1 1 2 3 3 1 1 3 2 1 1 1 1 4 2 1 2 1 2 2 3 2 2 2 1 1 1 2 2 3 2 2 1 1 2 2 1 1 1 1 1 1 5 1 1 3 2 1 3 1 1 4 1 2 2 2 1 1 1 1 3 1 2 2 2 1 2 2 1 1 2 1 3 3 4 3 1 2 1 3 1 1 1 1 2 1 1 1 2 2 2 2 1 1 1 1 3 2 1 3 2 1 1 2 1 1 1 1 2 1 1 2 2 2 1 3 1 2 2 3 2 1 1 1 1 1 1 2 1 2 2 1 1 1 1 1 2 2 3 1 2 1 3 1 2 1 3 1 1 1 1 3 1 4 1 2 1 1 3 3 3 4 1 2 2 1 1 1 1 1 1 3 4 1 1 2 1 4 4 2 1 1 1 1 1 1 3 2 3 1 3 2 1 2 1 2 1 1 2 1 1 2 3 1 2 3 3 1 1 3 1 2 2 3 2 1 1 1 2 1 3 1 1 2 3 1 2 2 2 4 2 2 2 1 2 2 1 2 1 1 1 3 1 2 2 1 3 1 2 1 2 2 1 1 2 3 1 1 1 1 1 2 4 3 1 1 2 3 2 1 1 2 1 1 2 1 1 1 2 2 2 2 2 2 2 2 1 1 1 2 1 1 4 2 2 1 2 1 3 2 1 1 2 1 2 1 1 4 3 2 3 1 2 2 1 1 1 1 3 1 2 3 2 3 1 1 2 2 2 1 1 2 1 3 1 3 4 1 3 2 2 3 2 2 1 2 1 2 2 3 2 1 1 2 2 1 1 2 1 3 1 3 1 2 1 2 1 2 1 1 1 1 1 2 1 1 1 1 1 4 2 1 1 1 1 2 2 1 1 1 2 2 1 1 3 3 1 2 3 2 1 2 3 3 1 1 1 2 2 4 2 1 3 3 3 1 3 4 2 2 1 1 1 2 1 1 1 1 2 1 2 2 1 1 2 2 1 1 1 3 2 2 1 3 1 2 2 3 1 1 2 1 1 2 1 2 1 1 1 1 1 3 1 3 2 1 1 1 2 1 1 1 1 2 2 2 2 2 2 3 2 1 2 1 1 1 4 1 1 1 2 1 2 2 1 1 1 4 2 1 3 1 3 1 1 2 1 1 1 1 1 2 1 1 1 1 1 3 1 3 1 2 3 1 1 1 2 1 2 1 3 1 2 3 1 1 1 1 1 2 1 2 1 2 1 3 2 1 1 1 1 1 1 4 3 1 2 3 3 2 1 1 1 1 2 1 2 1 2 1 1 1 1 1 1 2 1 1 2 2 2 1 1 1 1 2 1 2 1 3 3 1 1 1 1 2 2 2 1 2 3 2 1 3 1 2 1 1 2 3 2 1 3 1 1 1 1 1 3 3 1 1 3 3 3 1 1 1 1 1 2 2 1 2 2 2 3 1 1 1 3 1 2 3 3 1 2 4 3 2 2 2 1 1 2 1 1 2 2 1 1 3 2 2 3 2 1 1 1 3 2 2 1 1 1 3 3 1 1 1 1 1 1 1 3 1 2 1 3 1 1 1 1 1 1 2 2 2 3 1 2 2 2 3 2 3 3 3 1 2 2 1 1 1 1 2 1 1 2 1 1 1 1 2 1 1 2 3 2 2 2 2 1 2 1 2 2 3 1 1 1 1 1 1 3 2 2 1 1 2 3 2 1 2 1 2 2 3 1 2 3 2 1 1 3 1 2 2 2 1 1 2 3 1 1 2 2 1 2 2 2 2 2 2 1 2 1 2 2 1 2 1 3 3 2 1 1 2 1 1 2 2 2 2 1 1 3 1 1 1 3 1 2 3 2 1 1 2 1 2 1 1 1 2 3 1 2 2 1 1 3 2 3 3 1 1 3 1 3 3 1 2 2 4 3 3 3 1 1 1 1 2 3 2 2 3 1 1 2 1 1 2 1 1 2 3 3 2 3 2 2 3 1 1 1 1 1 2 1 1 2 2 3 1 1 2 2 1 2 2 1 2 2 2 2 2 1 1 3 1 1 2 1 1 1 1 1 2 1 1 1 1 1 1 3 1 2 3 2 1 1 1 2 1 1 2 1 3 3 2 1 2 1 1 3 1 1 1 1 2 1 1 3 1 1 1 1 1 4 2 2 4 1 2 1 2 2 2 1 3 4 1 1 1 1 1 2 3 1 1 1 1 1 1 2 1 1 2 1 1 3 1 2 1 2 1 3 1 2 1 1 3 2 2 1 2 2 1 1 2 2 2 1 1 3 2 1 2 3 2 1 1 1 1 2 1 3 1 1 1 1 1 2 2 1 1 2 2 1 1 1 1 2 2 2 4 1 2 1 1 2 1 2 2 2 1 2 1 1 1 2 1 2 2 1 2 2 2 2 1 1 1 1 1 2 2 2 2 3 2 4 3 2 1 1 4 2 2 1 2 1 1 3 1 4 1 1 2 5 1 1 2 1 2 1 1 1 1 1 1 2 1 2 3 1 1 1 2 2 3 2 2 1 1 1 2 3 1 1 1 1 1 1 2 1 3 2 1 2 2 3 1 1 1 3 2 1 3 1 1 1 2 4 1 2 2 1 4 2 2 1 1 2 1 1 1 1 2 1 1 1 1 4 3 2 1 2 1 2 3 1 2 1 1 1 1 2 1 3 1 3 1 1 1 3 3 2 2 3 2 3 2 1 1 2 1 2 1 1 1 4 1 2 3 4 1 2 1 2 3 1 3 1 1 1 2 2 1 2 2 1 1 1 2 2 1 2 1 1 1 2 1 1 1 2 1 1 2 2 3 2 2 1 1 1 2 2 2 3 3 1 1 2 1 2 1 2 2 1 2 4 2 2 2 2 1 2 2 2 3 1 2 1 2 1 1 1 1 1 1 1 1 1 1 2 2 1 2 2 4 2 2 1 4 2 2 1 1 2 1 2 1 2 1 3 1 1 2 2 2 1 1 2 2 2 1 1 1 2 1 4 2 1 3 2 1 2 2 1 1 1 1 1 2 1 2 2 2 1 2 1 1 2 1 3 3 1 1 1 2 2 2 1 2 2 2 2 3 3 2 1 1 1 4 1 2 2 2 1 2 1 1 1 2 2 1 2 3 2 1 2 2 2 1 1 2 1 1 3 2 3 1 1 1 2 1 1 2 3 1 2 1 1 1 1 1 3 1 1 2 2 2 2 1 1 2 2 1 1 2 3 2 2 1 1 1 2 1 1 2 1 2 2 1 1 1 2 2 3 1 3 2 2 1 1 2 1 1 1 4 1 1 1 1 2 2 1 1 1 1 1 2 3 1 1 1 2 1 1 3 1 1 2 3 2 1 2 2 1 3 1 1 3 1 1 2 1 2 1 1 2 2 2 3 1 1 1 1 1 1 1 2 1 2 2 1 1 1 1 5 1 1 1 1 2 1 3 1 1 2 3 3 1 3 1 1 1 3 1 1 1 2 2 2 1 3 4 1 1 4 1 1 1 3 3 3 1 3 1 1 2 1 2 2 2 4 1 3 3 2 1 2 3 2 2 1 1 1 2 1 2 1 1 1 2 1 2 1 2 2 2 1 1 1 3 2 1 2 1 1 1 1 1 2 2 3 3 1 2 1 1 1 2 1 1 1 4 2 1 3 2 3 2 1 2 2 3 2 2 1 1 3 2 4 2 3 2 1 2 1 3 1 1 1 4 1 2 1 3 1 1 2 2 3 2 1 2 1 2 1 1 1 1 2 2 3 1 1 4 2 1 1 1 1 2 3 1 1 1 1 1 2 2 1 1 2 2 1 1 1 2 2 2 2 1 1 1 1 2 1 2 1 1 1 2 1 2 1 3 2 1 2 2 1 1 3 1 2 2 2 2 1 1 2 1 2 3 1 1 1 1 1 1 3 1 2 4 1 1 1 1 1 2 2 3 2 1 1 3 2 1 4 2 3 1 1 1 1 2 1 2 2 1 2 1 3 1 3 1 1 2 1 2 1 1 1 1 3 2 2 1 2 1 2 1 2 2 1 2 1 1 2 2 2 2 2 1 2 1 2 1 2 3 1 2 3 1 2 2 2 1 1 2 3 1 2 3 2 1 1 1 1 2 2 1 1 1 1 3 1 1 1 1 2 2 1 1 1 1 2 1 2 1 2 2 1 2 1 2 1 2 1 2 3 1 2 2 2 1 1 3 1 3 4 4 1 1 2 2 4 1 2 2 2 2 2 3 3 1 1 1 2 1 3 1 2 3 3 3 3 1 1 1 1 3 1 2 2 1 2 3 2 1 1 1 3 2 2 2 1 2 2 1 1 2 2 1 2 1 1 3 2 2 1 2 1 3 3 1 1 2 4 1 2 2 3 1 1 1 1 1 1 2 1 2 3 3 2 2 2 1 1 2 2 2 2 1 2 3 3 3 1 1 4 1 1 3 2 1 1 1 3 1 3 3 1 1 1 3 2 2 2 3 1 1 3 1 3 4 1 2 4 1 3 1 2 1 2 2 2 2 1 1 2 2 3 1 1 2 1 3 1 2 2 1 1 1 1 3 2 2 2 2 1 1 1 1 3 2 1 1 2 2 2 3 1 3 1 3 1 2 3 1 1 1 2 2 2 1 1 2 3 3 1 1 1 3 1 2 2 1 1 2 1 2 1 1 4 2 1 2 2 3 1 2 1 1 3 2 2 1 1 2 1 2 1 1 3 2 2 1 1 1 1 3 3 2 1 2 1 1 1 1 2 2 2 2 2 1 3 2 2 1 1 3 1 1 2 2 1 1 1 1 3 4 2 1 4 1 2 3 1 1 1 2 1 1 1 1 1 1 2 1 2 1 3 1 2 2 2 2 1 2 1 2 1 1 2 1 1 1 1 1 1 2 2 1 2 1 1 1 1 2 2 4 2 2 2 3 2 2 1 1 1 3 1 1 1 1 3 2 1 1 2 2 1 1 1 2 2 2 2 1 2 1 1 1 1 1 1 1 1 2 2 2 1 1 1 1 2 2 2 1 1 1 1 1 2 1 2 1 1 1 1 2 2 3 1 1 2 2 2 3 4 3 1 1 2 1 2 1 3 3 1 1 2 2 1 1 3 2 3 1 1 1 1 1 3 1 1 1 2 2 1 3 1 2 1 1 2 1 1 2 3 3 2 2 3 3 1 2 2 2 1 1 2 2 1 1 1 1 1 3 1 1 2 1 1 1 1 1 3 1 1 3 1 1 1 
