i 5600
3 2659 3408 5026 
2 1259 3478 
2 3244 4952 
4 102 578 3079 3828 
2 3169 4810 
2 3307 4371 
2 2803 3590 
4 33 245 2531 3978 
4 39 2458 3153 5316 
0 
4 71 700 2858 5391 
4 664 864 3172 5519 
2 87 4018 
0 
3 30 503 1029 
2 2428 2739 
3 551 876 2269 
2 2325 3012 
6 1032 2226 4654 4721 4948 5103 
3 3616 4211 4633 
1 3999 
1 326 
2 5099 5411 
5 261 1371 1598 4484 5413 
3 149 870 1403 
3 1526 3148 4467 
2 948 1306 
2 2650 3465 
2 1544 2788 
3 70 816 4700 
2 14 1152 
4 1845 2730 2783 4103 
3 2441 3663 3977 
4 7 2772 2923 4659 
0 
1 4305 
3 1174 1374 2572 
1 4401 
4 836 3827 5268 5377 
3 8 2077 2455 
4 1334 1553 4671 5477 
2 1054 1600 
3 1482 3564 4984 
2 3112 4601 
1 996 
4 475 2705 3163 4292 
1 5048 
0 
2 1933 2191 
1 2927 
4 881 1622 3545 5082 
0 
1 1004 
0 
1 107 
3 673 4635 5365 
3 1675 5274 5445 
1 1963 
4 719 2055 2479 2945 
2 3272 5152 
1 142 
6 688 886 1521 4442 4544 5588 
2 1985 3729 
3 1549 2563 2829 
2 2187 2281 
4 1673 3560 3845 4362 
3 269 3382 4554 
3 3470 4937 5346 
2 1400 4192 
3 1716 3304 3733 
3 29 2789 4931 
3 10 2122 3188 
4 421 1880 3756 4768 
1 3746 
4 4196 4545 4671 5582 
4 436 1091 2988 3959 
1 1659 
4 3191 3310 3373 4600 
2 3762 4788 
1 3259 
3 264 890 4294 
2 2188 3676 
0 
2 595 1304 
5 433 735 2274 3427 5524 
3 1559 3109 3363 
1 3747 
2 12 3477 
2 101 1169 
1 2087 
3 399 2563 5124 
1 5109 
3 834 1175 2205 
0 
5 173 327 1273 2258 3009 
3 1397 3866 4082 
3 2335 2788 3639 
2 463 3180 
3 574 4647 5136 
3 603 820 1375 
1 4939 
2 88 5183 
3 3 2189 2401 
2 551 786 
6 1306 1873 2427 2911 4628 4760 
1 3678 
1 2778 
2 54 3807 
2 2769 3134 
2 4227 4425 
1 5362 
3 708 1390 1526 
1 3362 
3 1291 1301 2631 
1 328 
2 444 1720 
1 4800 
1 761 
3 1676 3074 5071 
3 191 1498 4804 
4 2129 2194 5305 5410 
3 777 2229 2507 
3 1882 2941 4030 
1 3931 
1 5324 
3 1955 2596 4647 
1 748 
1 3201 
1 4771 
3 1056 2978 5546 
1 3097 
5 1069 1962 3096 3283 3377 
0 
4 2292 3596 3744 5584 
2 2721 3165 
3 613 3874 4314 
0 
1 2010 
1 2584 
1 173 
5 900 2377 2583 3176 5491 
1 3660 
3 60 1510 5229 
2 281 3485 
4 2972 3129 3678 3966 
2 2030 4278 
4 352 1688 2602 5198 
1 2518 
5 434 1238 2575 3942 5449 
5 24 277 1371 4515 5419 
1 5410 
5 887 2974 3841 4742 5254 
2 941 5072 
2 2786 4929 
2 2928 4750 
0 
2 2278 2458 
1 4709 
1 1047 
1 3486 
2 452 4330 
3 2052 3773 5513 
4 2032 2150 2759 5437 
3 237 1221 1539 
3 724 4047 4198 
6 707 1529 2136 3236 3579 4790 
3 1985 3996 4685 
3 1817 2090 4790 
2 1008 3499 
3 761 2739 4311 
3 1114 4827 5581 
2 2058 5169 
3 2513 2704 3003 
2 94 139 
5 1355 1499 2249 2425 3125 
2 1374 1991 
2 4046 5166 
1 1141 
2 648 4767 
2 1925 2232 
1 4667 
1 3693 
4 434 531 2103 2855 
0 
1 4860 
2 1517 2013 
3 591 613 5221 
3 373 528 3785 
0 
3 3570 4646 5029 
4 2755 4154 4248 4999 
3 119 2875 3872 
1 4662 
3 419 2632 3177 
3 3022 4345 5108 
4 1202 3190 4798 5575 
3 273 605 2364 
5 704 1267 1862 4746 5343 
2 2096 3824 
2 3569 3608 
5 253 1267 2569 4542 5581 
4 240 786 4870 5285 
4 1179 3676 4754 5505 
1 4053 
2 4205 5333 
3 4944 5294 5490 
1 3383 
0 
4 1226 2399 2649 4336 
2 911 962 
2 2387 3488 
1 1683 
1 3978 
5 3825 4059 4102 4474 5253 
2 4067 4473 
1 4004 
3 2430 4969 5311 
2 4045 4615 
2 2384 4426 
1 5023 
1 4461 
3 712 3112 3837 
3 307 884 2172 
2 3770 4436 
2 3390 4694 
2 2190 3081 
3 3065 4897 5400 
1 3806 
3 3507 4038 5322 
4 1233 2041 3371 4367 
1 3717 
1 1470 
1 321 
2 3382 3383 
1 3851 
4 301 364 1304 3303 
2 1137 2749 
2 163 5028 
4 2823 3888 4359 4901 
0 
3 201 3824 5383 
0 
3 4446 4448 4785 
0 
5 390 2523 2581 4018 4906 
3 7 2615 5517 
1 1172 
1 3856 
1 3223 
3 2370 3956 4808 
2 2773 4168 
1 3844 
1 2908 
3 200 740 5178 
0 
3 1129 3359 3885 
2 738 3587 
4 2515 2767 2945 4930 
4 477 725 1208 1589 
1 4369 
0 
5 23 343 3277 5132 5319 
3 1422 3806 3971 
1 4059 
3 80 826 4423 
0 
2 1260 5168 
1 1721 
1 754 
3 66 3544 5529 
3 1122 1865 2573 
2 1985 4385 
2 841 4155 
4 196 755 3858 4372 
1 1873 
0 
2 1715 3994 
4 149 1652 4861 5537 
4 1079 1378 4992 5081 
0 
2 3513 3873 
2 143 3314 
0 
0 
4 909 1791 3081 3944 
2 1428 2888 
3 3361 3374 5055 
1 2752 
6 835 1413 1568 2924 4494 5433 
2 349 3892 
3 1442 4492 4977 
4 1510 2793 3160 3206 
3 1151 2106 5256 
1 3982 
3 1564 2716 3788 
2 1650 4876 
4 668 4787 5386 5554 
3 1124 1394 3442 
1 5191 
3 914 2595 4165 
0 
4 235 2063 3646 3943 
3 2580 3278 4697 
1 1431 
2 628 3851 
7 1270 2033 2618 3261 3712 4194 5557 
3 3816 4209 5509 
5 222 456 1760 2397 3619 
1 592 
2 447 2907 
2 1605 4583 
5 1989 4063 4230 4524 5446 
2 1081 4240 
0 
2 2422 4970 
2 4727 4939 
4 975 1680 2301 3173 
3 821 2000 3077 
0 
5 1659 1915 2188 3258 5099 
4 2388 3364 5390 5493 
4 232 1237 5150 5385 
0 
6 694 995 3259 3843 4420 4644 
3 325 1408 4638 
4 324 2664 4072 5018 
4 21 561 2703 4360 
2 94 5407 
6 114 775 1005 1266 2562 4250 
2 699 3073 
1 2712 
3 593 3666 4023 
1 576 
5 1504 2669 3839 4215 5179 
4 1769 3648 4616 4874 
1 3037 
3 1941 3222 5447 
5 454 796 1637 2978 4166 
3 893 2980 3511 
2 2776 5056 
5 1231 1658 3517 4390 4983 
1 1477 
3 2882 3284 3769 
3 261 2556 5548 
2 3941 4324 
3 1351 3101 3477 
3 1242 2752 3443 
2 2394 3738 
5 1766 2960 3909 4760 5482 
4 289 2002 2298 2423 
3 2620 3307 4750 
2 2277 5599 
5 146 1756 2165 2355 4140 
4 1088 1674 1791 1816 
3 396 1686 2195 
3 423 2911 3756 
4 886 1101 4161 5255 
0 
2 3469 4938 
0 
2 2428 4143 
2 1071 4211 
5 1947 2368 2591 3896 4095 
2 4765 5159 
3 235 2552 2986 
4 1751 3558 3785 4836 
2 2543 3575 
2 667 2080 
3 1022 1110 2125 
3 2922 3390 3924 
7 2088 3729 3849 3979 4573 5209 5246 
3 2308 4574 4653 
4 1405 2525 3844 4392 
3 187 4195 4304 
2 872 2193 
4 1318 1431 2306 2589 
1 3873 
2 2829 4919 
2 4375 5408 
4 1378 3997 4573 5131 
0 
1 3322 
2 2113 2413 
1 1859 
0 
2 1068 3718 
3 746 805 3761 
2 1908 4327 
4 1663 1783 3396 3632 
2 2857 5078 
2 244 2699 
0 
2 2871 5184 
2 2391 3762 
1 4373 
2 1000 1179 
7 354 1004 1199 3325 4048 4277 4321 
2 3325 4812 
2 4384 4565 
3 90 540 4640 
3 1757 2570 3530 
3 597 2509 3062 
4 412 1613 5018 5386 
3 3358 3856 4026 
1 1825 
1 1088 
0 
4 1369 1984 2599 3005 
3 737 1027 5347 
3 815 2492 3764 
2 1624 5094 
2 1314 3382 
4 402 675 5026 5196 
4 741 2266 4508 5243 
2 4135 4936 
5 1082 1939 2320 2449 5028 
3 2882 3887 4043 
2 3047 4328 
5 1066 3761 3974 5228 5277 
2 193 4783 
1 3234 
3 72 2911 3804 
1 4999 
3 355 2132 2988 
1 3087 
5 695 3025 3716 4878 5254 
3 2037 4795 4972 
4 2489 2838 5011 5181 
1 3981 
0 
4 3081 5080 5298 5441 
3 2882 3273 4522 
3 518 1304 2873 
4 84 2075 2952 4020 
3 148 182 5205 
1 2646 
4 75 1579 3972 5540 
0 
2 5405 5592 
2 4912 5366 
5 669 1089 3078 4410 5154 
3 909 1276 4634 
3 616 3662 5274 
2 1307 1491 
1 115 
0 
3 1000 1484 3129 
3 309 2902 4953 
1 3664 
2 1341 2209 
1 4573 
1 494 
3 160 1934 4436 
3 752 1603 4045 
6 337 633 1527 2379 2422 3714 
1 4737 
1 307 
1 4578 
3 969 2359 5273 
0 
1 1633 
2 3477 5594 
1 3612 
1 97 
1 1631 
1 1637 
2 1411 2095 
4 2430 2463 4814 5518 
3 1723 3831 3959 
0 
3 1941 3702 4154 
2 4878 4985 
3 1706 4051 4756 
2 4440 4749 
0 
5 45 1715 2149 2871 3167 
1 4006 
1 258 
2 2027 2642 
1 2755 
3 1027 3717 3719 
0 
2 3349 3783 
4 1428 1922 2702 3860 
2 710 5459 
2 1346 2990 
3 2435 4058 5563 
1 1757 
1 2409 
4 691 1921 3566 5354 
3 3946 4224 5256 
1 1232 
5 2390 3963 4066 4591 5285 
3 544 2088 3213 
5 451 1986 3899 3941 4981 
3 1101 1647 2644 
1 3034 
1 986 
1 1571 
2 3732 5417 
1 1593 
3 1848 4817 5160 
4 1159 3966 4160 4208 
4 14 1229 2451 4553 
4 597 2635 3146 4063 
2 1829 2858 
9 572 635 1140 1637 2356 2541 3367 5035 5346 
1 2598 
2 3756 5265 
0 
3 785 2637 5245 
2 677 2389 
3 2023 2961 5121 
1 1270 
1 3016 
0 
4 3289 3957 5223 5470 
4 1164 2882 3295 4427 
2 432 3306 
3 1696 3682 4850 
2 2625 4821 
2 4854 4892 
3 2057 3932 4274 
1 1981 
3 2961 4741 5052 
1 2963 
2 4514 5295 
0 
9 187 610 780 1036 2807 3298 3430 4209 4455 
5 608 1633 2019 4134 4258 
3 756 3979 4525 
3 182 895 2120 
1 800 
1 4196 
2 3143 5389 
1 4648 
0 
2 2272 4270 
6 3778 4583 5033 5285 5455 5503 
1 3532 
1 399 
2 2779 2881 
4 1107 1976 4040 4717 
1 3595 
1 493 
2 4778 5246 
4 781 1059 4446 5563 
0 
0 
1 2956 
4 2556 2848 4442 5455 
5 16 103 950 4973 5471 
0 
1 5322 
1 3479 
2 736 877 
2 2188 4872 
1 1447 
2 1053 5374 
1 3154 
0 
4 326 2111 3616 3626 
2 2186 2846 
5 1327 1450 2797 3166 4556 
5 660 1196 2366 3645 5139 
2 2690 4969 
2 2104 4833 
2 3471 4805 
1 1952 
3 1317 1389 2416 
1 984 
1 1915 
3 506 1135 1926 
2 949 3391 
3 98 2514 3286 
3 1448 2057 5190 
2 332 5145 
4 903 1235 1430 5420 
1 3 
0 
2 1453 3718 
5 655 854 1731 3260 5026 
2 1982 3601 
3 2476 2523 4054 
2 2431 4738 
1 2747 
3 3496 4111 4877 
1 3861 
0 
0 
2 2137 3121 
2 186 3671 
6 308 2750 2838 3271 4801 5138 
3 331 1046 5473 
2 4191 4283 
2 83 2389 
1 3167 
6 401 504 1912 2604 4469 5303 
3 3051 4660 5065 
1 5575 
1 1415 
2 766 5215 
1 3503 
5 99 694 2027 3288 5581 
5 1092 1252 1973 4322 5139 
2 196 2382 
2 1264 2741 
3 1158 1557 1821 
2 529 2596 
2 1570 1729 
5 528 1598 2597 3832 5560 
2 1192 2834 
3 1032 1060 3915 
3 135 186 1424 
1 4395 
2 1178 1834 
1 442 
3 1850 2311 2370 
0 
1 2661 
3 1202 3944 4129 
2 2596 5362 
3 934 1346 4726 
1 3505 
3 1937 4226 5216 
5 3265 3957 4212 5281 5463 
1 5210 
5 1227 1286 1766 3070 4545 
8 304 812 1197 1640 2515 3583 4371 5471 
2 2719 3468 
3 963 5167 5398 
3 722 752 3690 
0 
1 454 
1 4324 
5 506 1096 1193 3165 5334 
1 1713 
3 1584 5210 5220 
1 4443 
3 1751 1797 2729 
0 
1 3667 
1 3979 
2 2156 4133 
3 766 2525 4468 
2 3149 3836 
6 1268 1607 2237 2939 5225 5562 
2 4971 5079 
3 178 970 3306 
1 4507 
3 1900 3728 4334 
5 955 1366 1765 4040 5480 
5 1833 3317 3322 3794 5468 
3 3757 3884 5203 
2 3093 5122 
3 581 1686 5242 
1 2687 
5 1539 2070 2722 3846 4099 
1 3559 
1 4755 
6 564 1252 1295 2919 3730 4281 
2 1160 2756 
1 5532 
1 2560 
3 11 3492 4046 
3 1896 2023 5589 
2 3013 4350 
3 367 967 1987 
3 296 748 3630 
2 440 3112 
2 2359 5069 
3 2709 5001 5548 
3 4325 5170 5195 
3 55 990 4402 
1 1322 
2 412 871 
1 1314 
2 511 2809 
2 797 2775 
1 1659 
2 2031 3379 
2 1404 3668 
2 2218 3446 
1 3437 
1 5154 
0 
5 1161 2757 4144 4858 5418 
4 711 1438 2987 4723 
4 61 1444 3484 4315 
0 
3 2018 2310 4912 
3 489 3259 5491 
3 2983 3992 4091 
5 3349 3458 3944 4747 5005 
3 323 603 3393 
3 425 1178 1787 
4 1511 1903 4840 5345 
1 5060 
2 1600 2480 
4 329 1226 1573 3946 
2 10 2793 
2 3375 3898 
3 4291 4527 4610 
1 4188 
2 197 2503 
3 2124 2727 4211 
0 
2 165 4330 
3 111 988 4084 
2 4121 5577 
2 484 1419 
2 687 2651 
2 221 5309 
1 2711 
2 1967 5294 
1 2348 
2 1446 2249 
2 1136 3213 
0 
3 58 2039 3871 
3 2227 4104 4625 
1 3531 
3 631 966 3604 
3 3019 3763 4248 
3 164 4229 5431 
3 258 3214 4252 
0 
1 4809 
1 873 
4 815 4248 4358 5324 
1 1292 
3 2062 3071 5124 
3 3316 3568 3586 
1 2580 
2 2270 5089 
4 84 1264 1556 5191 
2 555 5325 
2 408 3152 
6 256 1390 2063 2538 3143 5140 
5 1111 2463 2852 3441 4229 
2 253 4117 
1 413 
3 1087 1616 2577 
2 1976 4589 
1 1085 
2 1059 1250 
3 386 2846 4081 
0 
4 126 668 1010 2215 
5 927 3143 4525 4634 4849 
3 2271 4381 5468 
1 1388 
9 453 631 1279 1995 2220 3882 3998 4782 5112 
1 5445 
5 268 3954 4702 4713 5535 
4 273 1529 3323 3400 
4 530 1622 3098 5252 
7 2586 2950 3679 3683 4464 4881 5077 
1 1231 
4 786 4638 5099 5416 
3 3623 4412 5240 
3 117 169 3208 
2 2290 5125 
3 1437 4677 4683 
2 4643 5124 
5 2032 2300 3324 4612 5115 
5 601 644 1516 3195 4828 
1 5140 
2 2829 3181 
3 1009 1743 3901 
2 2480 2743 
3 1394 3964 3981 
1 2584 
1 2986 
0 
4 328 1153 2631 3629 
0 
2 121 4591 
1 3140 
3 2934 3255 3967 
6 528 948 1672 2272 4359 5018 
3 546 1942 4421 
1 828 
2 2628 3049 
2 1932 5114 
3 510 1451 4446 
4 103 201 759 3419 
3 2434 3411 4412 
1 4655 
4 2229 2561 2724 3483 
3 2439 3262 3693 
1 2302 
4 1560 2232 2467 3370 
3 3427 3624 5150 
1 4969 
2 5230 5513 
3 337 4009 5061 
2 678 4835 
4 1858 3710 4033 4890 
1 1681 
3 532 3082 4687 
2 1035 1647 
1 1419 
1 4656 
1 5150 
2 386 888 
1 4596 
3 873 1420 4950 
1 4022 
3 888 1563 4304 
1 5221 
2 4514 5324 
2 628 2604 
3 1502 1643 2272 
1 3309 
2 409 729 
6 29 2435 3798 5189 5208 5311 
1 1431 
1 4357 
4 1848 2764 2765 4054 
6 99 1520 2277 2591 2712 3765 
3 317 3291 5260 
0 
3 2057 2390 4371 
5 3695 4286 4673 5449 5483 
3 1879 4912 5419 
2 264 5210 
2 2270 2663 
2 782 4107 
5 1541 1751 2774 3082 4428 
2 4227 5529 
1 1998 
2 1299 3432 
4 4158 4584 5108 5339 
2 92 3270 
4 288 2550 2769 5583 
4 38 1259 2757 5290 
3 2291 2768 2982 
1 3043 
2 2904 3416 
1 1725 
2 272 1704 
1 4695 
3 2546 4033 4296 
3 3045 3068 3735 
6 932 3868 4226 4859 4989 5164 
1 1551 
3 1218 2093 5262 
1 4934 
0 
3 1002 2372 3431 
1 3828 
0 
2 1300 1854 
3 581 1997 4619 
1 2551 
3 1711 2767 3488 
1 3212 
3 3952 4064 4708 
2 1264 2793 
1 4523 
1 5583 
2 1711 2477 
0 
4 11 887 1059 1771 
5 1679 1804 5016 5199 5332 
1 2915 
2 4511 5501 
0 
3 1555 1813 4041 
3 24 1232 1620 
2 675 1572 
4 374 1634 4579 4594 
3 728 807 2042 
3 1854 3875 4183 
1 1321 
1 16 
5 555 927 2284 2350 5201 
0 
2 1781 2010 
2 2101 2169 
4 50 1613 2895 4518 
3 4018 4592 4890 
2 2923 5499 
5 222 1143 2371 4320 4754 
2 1375 3360 
4 61 356 4971 5423 
4 151 864 1263 4167 
4 805 809 1308 5580 
1 4621 
1 80 
2 1035 2222 
0 
4 338 1076 1315 4985 
5 1411 3499 4281 4629 4670 
4 531 1209 3620 4827 
3 1037 2616 5298 
4 1807 1908 4133 4478 
1 1899 
0 
4 140 2192 2720 4372 
5 1426 1906 2589 4476 4844 
1 2531 
6 577 1095 1542 2435 2664 4217 
1 4781 
2 1228 1965 
2 2953 5000 
3 2497 4206 4516 
3 3486 4158 4345 
3 284 441 4462 
0 
2 209 3406 
1 4106 
3 1140 3247 4701 
3 299 1642 3668 
5 1087 2173 2762 4266 4347 
1 4794 
3 1583 4259 4265 
0 
3 1481 5096 5545 
2 1027 4391 
3 3798 5025 5105 
2 1585 5299 
1 1481 
1 1036 
4 1896 1909 3319 3792 
4 1209 1644 3812 4405 
5 749 877 1446 4046 4263 
4 1887 3945 5329 5529 
0 
2 4520 5072 
1 3512 
2 845 3242 
1 2532 
6 622 3081 4338 4454 4866 5037 
4 3080 3414 4994 5192 
2 1417 3226 
1 4619 
2 2261 3596 
3 1480 2843 4256 
1 5518 
3 152 2429 4227 
3 2181 3759 4944 
0 
1 980 
2 4200 4244 
0 
1 1724 
3 26 780 3908 
3 573 1632 2261 
1 551 
2 4249 5025 
3 1516 2723 2980 
3 1385 1934 2782 
3 973 1512 3808 
3 651 982 3180 
1 3585 
1 3543 
6 1459 1796 2061 2144 2958 4416 
0 
1 3083 
1 2805 
2 209 4992 
3 630 2143 2315 
2 2330 4889 
2 4018 4938 
1 722 
4 667 3639 5308 5341 
2 3407 4597 
5 458 1980 3740 3976 5145 
2 648 1575 
0 
1 3307 
2 954 1801 
0 
4 316 1463 2074 2146 
3 3792 4023 4480 
2 2124 4548 
3 2835 3710 4327 
1 3238 
3 944 3834 5155 
3 1389 3841 3863 
3 955 1945 2676 
3 2010 3061 4536 
2 570 3772 
1 1813 
2 497 1250 
0 
2 708 1618 
3 1199 2418 5058 
3 673 1642 2815 
2 2951 3515 
3 1157 2256 5084 
1 2651 
2 1862 4347 
3 323 4319 4751 
2 44 5264 
0 
3 3685 4559 5394 
1 4307 
3 395 446 4532 
1 5180 
2 850 4793 
1 1172 
4 52 396 1043 1777 
3 328 2873 3701 
1 3668 
2 3213 3720 
3 168 1830 4227 
2 769 2394 
3 748 1197 5009 
1 1278 
1 2428 
2 2411 4396 
3 1294 1994 2794 
3 1041 3094 5217 
2 3512 3825 
2 3517 4893 
3 2328 3640 4161 
3 1236 1283 3613 
2 3569 4785 
1 5189 
3 368 1133 3617 
1 5452 
1 5555 
0 
5 1400 2137 2825 3317 4346 
6 408 480 920 3232 3537 3956 
1 5246 
2 14 5022 
2 4046 4648 
6 1161 1407 1448 2657 3314 3792 
4 18 612 1758 3598 
4 1349 1551 1942 2850 
3 2540 2928 4401 
8 801 891 1212 2553 4313 5427 5508 5562 
3 528 924 4023 
2 896 5273 
1 2878 
1 3341 
1 1952 
2 1015 1739 
2 2671 4025 
5 1004 2327 2593 3205 5130 
2 3747 3947 
2 2306 4866 
5 593 2068 2448 5184 5505 
3 158 2890 3438 
1 1909 
2 2156 3238 
1 5292 
5 1099 1999 2866 4650 4977 
1 4934 
2 558 2618 
1 41 
2 3220 3342 
3 129 3870 5465 
3 1732 4344 4352 
5 2282 2615 3098 4143 5220 
7 546 745 864 1204 2195 2668 3402 
1 612 
2 3706 5088 
3 3059 4016 4614 
1 3243 
1 1676 
2 4542 4957 
5 418 3087 4185 4807 4813 
0 
3 385 2898 4836 
3 131 4930 5020 
1 2095 
4 361 1113 2447 4780 
2 2162 3029 
1 3836 
0 
0 
2 893 1475 
0 
1 4697 
7 278 1151 1304 2925 4743 4959 5042 
1 5599 
4 312 1252 1672 4849 
5 415 1103 1298 3848 5448 
1 2181 
2 4329 4618 
3 744 2699 3691 
2 4709 5415 
5 742 915 2611 3159 5367 
6 353 405 1469 2336 3882 4506 
1 440 
3 1906 4643 5151 
2 75 2268 
1 604 
4 1698 2814 4356 5187 
1 3887 
3 903 2549 4880 
1 635 
1 5372 
3 1590 1730 5253 
3 1051 1939 4190 
5 1471 2128 2688 2751 3380 
3 356 495 1841 
4 1522 2383 2528 5225 
3 1082 2409 5292 
1 4185 
4 1130 1608 2195 2753 
3 1561 3673 4694 
3 542 4902 4946 
1 4027 
1 1165 
4 368 1334 4597 5301 
3 739 1587 1896 
1 3880 
5 1071 1984 4176 4226 4593 
3 170 1220 1586 
0 
5 1254 1978 2048 3736 4298 
3 2456 3463 4126 
0 
1 2841 
2 2200 3023 
1 4273 
4 270 1348 5165 5588 
0 
2 297 4084 
1 3538 
0 
0 
1 3375 
2 255 4349 
1 1105 
5 2307 4455 4768 5084 5318 
2 2257 3026 
3 1022 2511 3130 
0 
3 572 3923 5435 
2 717 1344 
3 236 3238 4781 
2 2181 2327 
2 3835 5468 
3 506 913 5568 
3 177 3031 3887 
0 
2 884 3649 
2 2820 2989 
2 1888 5548 
1 1957 
2 2587 3170 
1 5388 
5 1680 2474 2764 2841 4063 
2 4244 4373 
5 292 1079 4021 4409 5344 
2 30 2488 
2 775 5040 
2 3784 3880 
0 
1 4356 
5 992 3097 4181 4916 5545 
4 607 1255 1759 3241 
5 502 1818 3692 3964 5358 
5 661 1225 4166 4209 4760 
2 686 1031 
1 3400 
1 2882 
4 517 2932 3982 5243 
4 1109 1658 1898 2238 
2 3890 4932 
3 2201 2222 2465 
2 1273 2784 
4 88 1443 2396 5192 
2 2053 2767 
2 2730 4592 
4 246 1003 3593 3874 
2 3639 5356 
4 36 2395 3609 3624 
4 92 1984 3762 4513 
4 2149 4244 4886 5555 
3 1640 2926 3119 
2 615 695 
6 202 395 1717 1880 1924 2156 
0 
2 1322 2518 
0 
5 1958 2405 2765 3605 5240 
4 1960 2367 2653 5419 
4 1336 1487 3382 4309 
1 3581 
1 4535 
2 1215 2967 
4 1770 2054 3637 5425 
1 4106 
2 3542 4693 
4 611 2715 3569 4005 
3 635 2216 4332 
1 3058 
2 2869 5446 
4 564 1257 4218 5460 
6 628 1010 1606 2128 2177 2798 
2 4128 4962 
3 396 989 2610 
3 2735 3218 3374 
1 5567 
6 195 620 2112 2797 3408 4106 
0 
2 1059 4816 
0 
2 1772 3396 
2 1721 4721 
3 258 3518 5430 
6 895 926 2139 3708 3784 4493 
1 2834 
4 2415 3235 4508 5415 
3 1035 1297 1535 
2 1600 3534 
5 3298 3791 4772 5051 5225 
1 1188 
2 3620 5252 
0 
5 847 1551 1797 3392 4940 
0 
1 1114 
6 163 1277 2676 4402 4664 4781 
0 
5 2265 2577 4754 4859 5058 
4 1465 2508 5285 5560 
3 1160 3619 4531 
4 208 699 2136 2561 
4 627 1620 2162 3087 
3 905 3352 5527 
7 503 1576 2651 3572 3627 3702 4675 
3 1452 1732 3928 
3 340 758 3002 
5 491 870 1847 3738 5024 
3 229 1531 2553 
2 3065 3356 
4 577 2038 2216 2679 
4 1019 2624 3019 3826 
3 321 1676 5140 
1 148 
1 1917 
3 3839 4502 4691 
3 1727 3872 4157 
3 346 4048 4706 
0 
1 4507 
3 1895 1922 4076 
4 1475 2278 2428 4356 
0 
3 2216 2298 5126 
2 2210 3972 
3 745 986 4531 
2 1671 2554 
6 604 660 1081 1518 2704 3648 
1 2177 
4 1116 2004 2855 3447 
6 1158 2102 2318 2618 4002 4923 
0 
6 1196 1515 1922 2290 5292 5487 
0 
5 1 836 3433 3848 5149 
2 266 1746 
3 2304 3499 5119 
5 1820 2622 4397 4908 5157 
2 887 3003 
5 606 735 859 1385 1991 
0 
4 328 2335 4350 4973 
4 197 200 2148 4498 
3 646 3094 4483 
1 1492 
6 305 513 1722 2142 5225 5482 
1 5360 
1 4921 
4 94 1168 2781 5540 
1 3186 
0 
1 441 
2 1221 1296 
4 1011 2625 2934 4894 
3 752 2755 2946 
3 4356 5356 5388 
0 
0 
3 1019 3280 3287 
3 1688 2379 5224 
0 
3 627 1854 4614 
1 5548 
2 1521 4981 
2 1628 2264 
0 
3 113 2603 2772 
4 730 2705 5303 5329 
0 
1 1014 
4 660 1296 2679 4284 
4 1277 1295 2600 2641 
3 1212 3313 3486 
3 1082 2135 3180 
2 832 5446 
4 853 1694 4948 5588 
3 113 3229 4629 
2 3118 4313 
6 3904 4369 4393 4439 5076 5315 
6 83 235 432 1079 4281 4493 
0 
3 26 104 2576 
4 443 1582 2192 2541 
1 888 
2 1772 5146 
1 2960 
1 4588 
3 1388 4234 5452 
2 2451 5294 
3 411 676 2161 
4 893 1643 3354 5536 
0 
5 569 4099 4338 5103 5246 
4 375 1498 3189 3407 
1 4956 
2 2083 2338 
3 875 2711 4771 
4 674 1181 1519 2440 
2 2169 3150 
1 4723 
1 2781 
3 2940 3899 4695 
4 563 2166 4219 5565 
3 2145 2531 4386 
2 3698 4360 
2 2464 5482 
2 1670 3420 
5 2962 4934 5016 5021 5289 
0 
2 40 1110 
3 1846 2761 3365 
3 1185 3216 4979 
0 
2 2730 4117 
0 
1 3824 
1 449 
3 1475 1779 4716 
3 2251 4673 5459 
3 1136 2496 4515 
1 4673 
6 485 622 3310 4703 4896 5021 
2 2081 2654 
6 1122 2793 3093 3401 4637 5095 
2 1033 1560 
1 4534 
1 345 
4 2886 3074 3652 4472 
2 3369 4823 
1 2825 
1 174 
3 2241 4382 5554 
2 1533 4441 
3 1503 3599 4621 
1 5445 
2 2578 3653 
3 3405 3858 5450 
1 2915 
2 4256 4590 
1 4569 
2 1564 1839 
6 651 1811 2397 2720 3900 4233 
4 2419 3792 4133 4465 
1 4173 
5 407 2452 2499 4025 4826 
5 2020 2500 4322 4408 5239 
2 23 149 
2 1591 3618 
3 2195 3432 3986 
3 36 175 2455 
3 99 885 4851 
1 3127 
0 
5 278 379 2798 5285 5470 
2 2574 5187 
1 2279 
4 1805 2038 2369 3780 
1 3184 
2 4537 5537 
1 4109 
5 953 1264 1926 2486 5135 
1 4661 
2 2523 3659 
4 751 1312 3155 3505 
2 569 981 
3 111 738 4412 
3 2849 3451 4787 
6 1609 2177 3039 3602 4217 5579 
1 4401 
2 297 771 
2 1815 2918 
2 4036 5106 
3 95 1686 5473 
4 2069 2601 3321 5496 
2 1683 1880 
4 68 1026 3321 4591 
0 
4 2071 3008 4872 5058 
2 24 3856 
3 681 4580 5594 
4 372 3100 3585 5083 
1 4790 
1 1031 
3 324 3330 5045 
1 3372 
3 2343 2872 4112 
2 466 894 
1 3836 
5 288 2320 2458 3587 4059 
1 5147 
2 600 4234 
1 4969 
3 936 1712 3780 
0 
5 710 802 2537 4011 4672 
3 807 4349 5038 
1 2239 
5 262 1847 1946 3742 4803 
0 
1 613 
2 3394 3635 
2 901 2057 
3 3849 3952 4079 
5 285 483 2041 2683 2935 
2 1766 3735 
6 577 2277 2486 2642 2659 4881 
4 303 375 817 4897 
5 2561 3264 3367 4159 4404 
3 2424 3933 5096 
0 
1 1440 
3 1582 3776 4874 
2 763 1795 
2 687 5052 
0 
1 1435 
1 3233 
4 290 1789 5389 5426 
1 1169 
1 688 
3 2442 3190 4281 
2 716 927 
5 557 2871 3379 4604 4781 
3 575 1031 2954 
5 1811 3256 4228 5384 5508 
3 563 2666 4575 
2 785 5043 
3 1230 1745 1860 
5 580 2056 2670 3431 4256 
2 1759 3879 
1 4510 
1 5018 
0 
1 1811 
2 958 5236 
2 3076 3228 
1 1649 
0 
3 975 4430 5169 
1 2593 
2 1224 4889 
3 3887 5069 5396 
2 2169 2747 
2 3622 4049 
1 1088 
4 231 2528 2591 2919 
3 1100 2507 4823 
1 3392 
4 2662 2963 5023 5454 
3 4083 5284 5447 
6 1076 1246 1342 1996 3735 3873 
1 4289 
2 341 4364 
1 2631 
0 
3 939 2049 4167 
4 919 923 1942 4959 
3 42 2559 4521 
4 2534 2685 2747 4317 
1 446 
1 2889 
2 2202 5222 
3 1185 1942 4489 
1 1639 
1 4595 
2 2622 2933 
2 443 5516 
1 1269 
4 2015 3606 4777 5328 
2 1578 4593 
1 3861 
0 
0 
4 119 1318 1967 4046 
1 174 
3 1547 2990 4119 
2 4197 4723 
5 813 1985 2567 3109 5227 
4 1358 1851 2149 4444 
4 333 3120 5350 5412 
0 
1 5537 
1 4126 
1 4963 
1 4916 
3 142 291 1694 
1 696 
2 954 2698 
0 
3 4190 4921 5046 
2 1257 2341 
3 766 952 2800 
4 185 1583 1810 4764 
5 1252 2192 2466 3806 4562 
2 1322 4768 
2 820 1921 
3 61 1288 2603 
1 1102 
1 5457 
2 5277 5347 
2 1783 5531 
2 25 111 
4 454 2020 3895 4278 
1 5251 
4 165 755 2200 5073 
1 3769 
2 1233 1546 
1 2415 
1 1357 
0 
2 1212 2851 
6 2868 4104 4416 4821 5133 5557 
5 2796 2926 3747 3781 4491 
2 1945 3528 
8 163 657 1819 1960 2566 3507 3539 5591 
0 
3 829 3701 4001 
2 903 3303 
3 1553 4837 5492 
2 28 2856 
3 2365 3385 3786 
4 1531 3811 5297 5562 
2 1500 4838 
0 
2 63 2843 
2 1625 5229 
5 846 1033 1218 3282 3393 
0 
4 40 1543 2521 4192 
2 3494 5145 
2 869 5176 
1 735 
4 607 2081 4015 5559 
1 2881 
3 85 3090 3499 
5 792 1349 1724 2090 3226 
5 1106 1639 2815 4470 5264 
1 5533 
2 809 2102 
2 294 1365 
0 
0 
3 3795 4114 4838 
3 288 3901 5589 
0 
5 609 2210 2800 3037 4362 
5 498 2269 4907 5400 5541 
3 871 2159 4698 
2 699 2617 
2 4867 4883 
1 970 
2 1229 3181 
0 
1 1494 
3 436 4224 5399 
3 2286 3357 5396 
3 3987 4235 4750 
3 1307 1436 1794 
3 917 1517 5233 
3 637 4865 5347 
3 922 2982 5056 
2 1114 4241 
2 1111 5564 
2 3078 3350 
3 258 2348 4649 
2 1098 4306 
4 1372 1676 2145 2376 
2 1804 3411 
3 500 2546 4160 
0 
2 3447 3486 
0 
3 3836 3858 4040 
3 23 610 4424 
2 2229 2882 
6 41 698 1213 3594 5045 5192 
1 2461 
0 
1 453 
3 2177 4090 4537 
3 310 3680 5587 
4 1197 3939 4918 5265 
1 646 
3 1105 1683 1939 
2 1392 3976 
1 1982 
4 2977 3027 5308 5344 
4 1668 2741 3574 4090 
3 402 881 2340 
2 3551 4376 
3 1846 2017 3991 
2 742 3272 
3 2402 3016 4115 
2 988 3956 
2 2940 5402 
3 870 1227 3402 
3 2666 4308 4760 
2 50 756 
1 2200 
4 410 2933 3808 4758 
1 1550 
3 4048 4751 5574 
2 3529 4325 
2 1289 3479 
1 4436 
2 3902 3937 
3 464 3965 4986 
5 949 2851 3824 3917 4769 
4 460 529 1649 2883 
1 872 
2 1695 3137 
3 3227 3244 3283 
4 337 465 506 2427 
2 1938 3412 
2 1488 1561 
5 628 1177 2432 4939 5113 
1 4876 
2 914 990 
4 813 1315 2402 3998 
4 926 3407 3761 4337 
1 5322 
1 5225 
3 495 801 3478 
1 3050 
5 1461 1633 2917 3607 4422 
1 295 
1 2761 
3 277 1907 2657 
1 5145 
2 2082 4377 
1 1844 
3 2174 4980 5412 
1 2218 
3 340 1165 2783 
8 76 319 679 3268 4215 4806 4937 5366 
3 2560 4075 4519 
5 1743 2447 2940 3942 4325 
0 
5 388 2165 2347 2846 3138 
2 3121 5065 
1 2632 
1 2593 
3 2233 3036 5332 
1 1612 
2 3153 3996 
3 1331 5136 5452 
1 1251 
4 780 1081 3290 3998 
1 65 
2 353 3423 
3 56 2325 4324 
5 118 1064 1237 1591 3472 
0 
2 2541 2781 
3 865 1991 4207 
3 316 1149 4816 
3 799 2940 3441 
0 
6 211 1399 1608 2260 3121 4676 
2 1907 3019 
2 5309 5312 
6 354 655 1397 1987 3461 5462 
2 2722 2787 
5 146 1284 2200 2811 5041 
1 5461 
0 
2 1711 4890 
0 
1 3872 
5 1300 1510 2618 3051 3891 
3 1635 2051 3801 
5 519 2547 4626 4775 5193 
0 
4 1093 2054 2941 4683 
3 2909 3084 4994 
0 
4 2317 4308 5176 5452 
4 1759 2076 4285 5532 
2 3341 5155 
4 841 5139 5280 5383 
1 3990 
2 472 4559 
2 1879 4496 
0 
0 
2 2444 4149 
5 856 862 1691 1800 3575 
5 1417 1851 2112 3884 4679 
5 636 2002 2954 4059 4282 
2 3605 4322 
4 276 475 2082 3306 
4 69 2257 4274 5576 
4 1179 1934 3643 5549 
1 3438 
1 4161 
1 115 
2 267 1207 
2 1270 2933 
2 468 3060 
2 947 1560 
4 840 2375 4388 4797 
3 1893 3627 4303 
3 1241 4128 4805 
4 2332 2810 2918 5252 
2 609 1905 
4 1098 2973 4110 5516 
3 581 4115 5158 
7 1057 1230 2147 2154 2486 2789 5488 
3 1874 3747 5088 
1 5498 
2 3835 4017 
1 3411 
2 3020 3067 
0 
3 1041 4787 4926 
1 2604 
1 4987 
2 4437 4776 
5 769 1661 3373 3886 4764 
3 2229 4319 4957 
2 1452 2313 
1 1260 
1 4382 
3 1837 2380 2522 
3 1762 3767 5198 
2 2857 3019 
3 365 639 829 
0 
3 3002 4065 4315 
4 2262 2917 4948 5481 
0 
1 352 
5 400 487 1786 2240 3913 
2 1032 3185 
4 1158 1454 1702 4000 
3 307 2749 3979 
3 1938 4874 5209 
1 1749 
1 5431 
2 3233 4301 
2 651 4900 
3 348 627 1429 
2 2003 2087 
2 4727 5487 
4 334 3989 4674 4846 
2 1189 2759 
4 864 2374 4385 5220 
5 1206 1309 3107 3323 5135 
0 
2 2411 4907 
0 
0 
2 1004 5144 
1 2158 
2 1342 3759 
0 
2 879 5031 
1 3347 
4 388 1525 3562 3699 
2 4204 4633 
4 3413 3695 5164 5416 
2 1757 4958 
3 695 4018 5236 
3 3683 4179 5494 
2 1442 2122 
1 3943 
3 284 353 5125 
0 
1 3460 
1 1582 
3 1437 3333 4746 
2 958 5154 
4 639 1218 4453 5451 
2 3754 4506 
2 2424 3235 
6 1711 3312 3950 4031 4321 5109 
3 973 2969 3734 
0 
1 2335 
3 865 1592 2155 
1 1381 
1 2972 
4 897 2468 3187 5313 
2 4004 5126 
4 3051 3612 3881 5417 
4 1517 2761 3128 5066 
4 1366 1449 1458 2195 
1 2136 
4 869 985 4524 4895 
3 2374 4252 4696 
4 1395 2144 3274 4853 
2 353 2853 
2 167 5272 
2 1159 2824 
3 1539 2006 2414 
4 1262 3261 4733 5539 
3 607 2602 4998 
2 3567 5079 
0 
2 1848 4833 
4 404 3656 4868 5229 
0 
5 2076 2513 3761 4333 5545 
1 3555 
3 505 3854 4582 
1 1008 
2 2497 2544 
2 2838 3547 
2 652 4448 
1 615 
0 
3 3267 4001 4708 
1 1748 
3 2425 2588 4438 
2 1365 4403 
2 3410 5166 
1 1101 
1 3661 
1 2188 
2 1655 4594 
2 31 2931 
5 1335 1615 3111 4616 5086 
3 1232 1422 3638 
4 501 819 1824 2894 
0 
3 617 2157 4176 
4 1503 1712 3727 4207 
1 4138 
2 2130 2492 
5 853 874 1286 3262 3553 
5 1998 2552 4112 4572 4622 
1 2013 
2 2668 5076 
4 798 2919 4056 4228 
2 383 4412 
3 1452 3297 4209 
1 3519 
3 197 994 2601 
1 4665 
1 4923 
1 270 
1 5343 
2 2080 4516 
3 2054 2070 4099 
2 2918 3590 
1 1974 
1 5142 
0 
4 104 274 4274 5317 
3 1733 1905 1913 
3 4493 4653 5185 
2 4584 5143 
0 
2 2482 3456 
4 825 1707 2993 5479 
4 72 1179 1399 3659 
1 3574 
3 122 3693 4170 
0 
1 4855 
3 2601 3534 5445 
3 2690 4804 5127 
3 928 1890 4219 
1 1145 
0 
2 1887 4410 
1 4718 
3 2081 2250 2937 
6 1726 2022 2571 2846 3176 5583 
1 4150 
3 1245 2036 3188 
6 665 925 1111 2658 2901 4047 
1 4638 
2 1165 2972 
1 898 
2 650 2505 
1 5211 
4 2504 2829 4054 5592 
2 696 5074 
4 3647 3664 3861 4769 
6 1729 1874 3380 3799 5084 5470 
2 901 1090 
4 1652 1684 4132 4219 
3 387 897 3884 
2 925 1048 
1 3320 
0 
2 597 4641 
6 1874 3875 4172 4554 4899 5591 
1 3432 
5 319 571 3265 3547 5025 
1 4017 
4 1239 2473 2534 3037 
0 
4 2457 2597 2661 4801 
2 1968 5253 
2 489 1520 
6 483 1245 1257 2582 3306 5567 
3 3222 5123 5440 
4 1179 1974 3617 4775 
2 179 2975 
4 572 1385 2097 4394 
3 2379 4340 5235 
3 1939 2133 3973 
3 3021 3084 4049 
1 5412 
2 2685 4480 
2 784 2371 
3 48 3808 5369 
3 452 953 1717 
3 2593 4345 4392 
1 4219 
2 624 3528 
4 1638 1761 2967 4540 
6 415 1099 1608 1928 3296 3533 
2 3503 5063 
4 336 470 2813 3505 
5 781 1033 1481 1487 5391 
2 2910 3166 
3 2719 2872 5290 
2 982 1538 
2 1422 2890 
1 362 
2 2643 3019 
2 4740 5358 
4 2414 3055 4913 5506 
2 3415 3907 
3 568 1040 3351 
1 2431 
1 1957 
3 125 3935 5154 
1 4443 
3 1146 1954 4346 
2 1183 4260 
1 1971 
2 1184 1539 
0 
2 131 4000 
1 57 
3 2499 3329 4531 
3 905 2795 4756 
2 4072 4079 
3 714 1498 3319 
2 1920 4807 
1 2636 
1 4892 
2 1959 5156 
0 
4 604 1984 3785 4108 
2 1870 1924 
1 3445 
3 542 743 2373 
1 4686 
2 1116 2745 
3 2731 4153 4460 
3 969 2676 3536 
5 523 2263 3489 3846 3877 
4 582 1610 2759 2762 
1 4089 
6 407 1113 1175 1973 2246 4348 
7 62 166 271 1502 2197 2405 3167 
4 494 2374 4058 4760 
2 667 1686 
2 3681 4763 
1 311 
1 4277 
4 175 1264 1679 3622 
3 2659 3590 4191 
2 3079 4816 
5 1014 2005 4045 5057 5179 
1 752 
4 1475 3960 4396 5422 
5 854 2010 3129 3743 5468 
2 831 1855 
2 1051 2320 
3 317 4235 5061 
0 
4 349 1713 3639 3975 
2 1767 2633 
3 1254 4484 5103 
1 1994 
1 1819 
2 4193 4374 
3 2753 4250 5544 
2 3487 4596 
5 137 879 983 1997 4342 
2 4585 5098 
1 5262 
3 185 1856 2128 
1 4387 
3 1493 2362 3012 
2 2495 5393 
2 1615 4277 
1 690 
3 529 4185 5394 
5 1370 1527 2709 2773 4753 
4 2470 2601 3753 4214 
3 1893 2187 5534 
5 512 665 2588 3505 4424 
2 4859 5393 
0 
0 
4 478 603 3233 4982 
3 2215 3938 5173 
2 4536 4655 
1 145 
3 680 3066 4335 
3 162 765 2410 
1 305 
2 2868 4035 
1 2816 
2 1895 4300 
2 426 2289 
2 1235 1381 
3 719 3382 4962 
0 
3 229 1428 4720 
7 873 2797 3060 3647 4722 4932 5218 
1 5113 
1 4086 
0 
3 2890 3015 4776 
4 2430 3776 4215 5368 
1 1116 
2 1480 2637 
2 2568 4389 
1 1695 
2 161 2471 
3 1170 4929 5038 
3 1189 1698 1868 
3 58 2702 4291 
3 1453 3917 4683 
5 522 575 823 1426 4332 
2 171 3242 
2 2341 3060 
1 2852 
2 958 3293 
1 731 
5 301 738 3098 3638 4981 
2 2821 4708 
1 3141 
2 3528 4256 
0 
3 1046 2413 3620 
5 1398 2162 3188 3322 5019 
4 657 1868 3049 4627 
2 1402 3490 
0 
2 3842 5287 
3 975 3093 4928 
4 433 3270 3770 4538 
5 1702 1827 2615 3912 3972 
3 39 3848 4483 
2 4368 4527 
0 
2 367 1867 
5 1347 1557 1892 2543 3800 
5 1654 1715 2523 3828 4410 
3 1320 3015 3179 
1 5003 
1 3612 
0 
5 89 1767 2117 2293 4228 
4 370 493 3779 5343 
1 3971 
3 167 1560 4142 
1 3305 
1 3149 
1 847 
1 2148 
3 466 1070 4764 
2 198 2628 
1 1926 
0 
1 3640 
0 
3 880 4426 5552 
4 1255 1563 2267 4856 
6 182 2243 2298 2308 5170 5386 
3 566 3257 4103 
2 4403 4560 
6 292 2183 2313 3756 5374 5529 
1 5397 
1 5313 
2 2588 2664 
3 3263 3681 4820 
2 561 2540 
4 1202 1712 4287 5108 
3 382 3669 5181 
1 2378 
0 
3 2330 2483 3609 
2 2087 5183 
4 2462 3087 4747 4933 
1 3976 
4 531 3432 4334 5490 
1 3928 
2 71 1789 
2 3561 5462 
4 705 977 2581 4932 
3 368 3189 3914 
1 2432 
0 
5 1100 1197 2013 4069 5425 
1 120 
1 1853 
1 5231 
2 423 3202 
1 1928 
0 
1 1298 
8 165 1226 1812 2432 2533 4429 5075 5553 
5 590 1026 4730 4847 4994 
2 4033 5057 
4 1209 3364 3366 4917 
1 3521 
3 2175 3662 4079 
1 1270 
4 963 2696 4526 4875 
4 958 1815 2399 3970 
5 1328 1591 2634 3154 3673 
1 975 
2 1732 2559 
3 1267 2094 3454 
5 475 1176 1503 4269 4638 
1 162 
2 4113 5332 
1 3904 
0 
1 1732 
5 1804 2832 3615 3658 4784 
3 643 1049 1179 
2 1850 5165 
2 1778 4208 
1 1572 
1 3261 
1 1314 
5 1072 1227 2069 4364 5382 
1 4301 
0 
4 352 1663 2571 5542 
3 1327 2843 4747 
1 4435 
0 
4 880 1323 1467 4743 
2 3325 3705 
1 2651 
1 222 
1 915 
4 1656 2815 3685 4583 
2 2141 3437 
2 4776 5273 
4 1197 1253 1392 1604 
0 
0 
2 3171 4369 
7 942 1083 1138 2258 3103 4471 4819 
0 
3 2106 3093 3759 
1 2836 
4 2425 4144 5105 5549 
3 562 3679 4620 
4 64 2022 2436 4447 
5 81 319 556 1843 4612 
5 102 2763 3646 4064 4582 
3 225 3777 5379 
1 48 
5 900 1307 1518 3471 3836 
1 374 
3 120 2296 3067 
9 354 1059 1105 1373 1811 2364 2770 3023 3319 
1 3064 
1 1985 
1 2462 
1 2249 
5 1120 1529 1623 1688 3344 
1 1167 
4 1486 2298 5161 5201 
2 2855 4414 
1 5583 
2 92 4702 
2 2751 3866 
1 4698 
2 4395 4831 
1 449 
2 1249 1570 
1 3497 
2 2703 2777 
2 2548 5013 
2 3069 5268 
4 748 2028 2446 3598 
3 1193 1235 1248 
1 3651 
2 682 1657 
1 3136 
3 752 3381 4011 
1 2251 
5 891 1167 5009 5191 5394 
3 2443 2514 5422 
1 4740 
3 3497 4617 5027 
5 18 2671 2933 3930 3968 
1 720 
2 5366 5381 
5 121 789 1599 1744 2863 
1 4293 
2 2343 3920 
3 179 792 3631 
2 1667 4818 
5 2505 3596 3880 5447 5587 
2 2937 3384 
2 2483 4254 
3 646 2825 5491 
2 1165 4383 
2 1421 3550 
5 1757 2845 4059 4177 4629 
3 1356 4418 5500 
3 2463 3088 4639 
2 2103 3425 
0 
2 2570 3949 
1 1984 
0 
1 5354 
3 174 716 2199 
2 1892 3033 
3 1343 2221 3617 
3 3441 4406 5056 
1 3949 
1 2724 
4 3313 4726 5079 5342 
3 992 4749 4795 
4 1132 1716 3736 5278 
3 94 2181 4099 
2 2791 4724 
2 1683 5479 
2 938 949 
2 1754 4994 
3 1981 2475 5031 
1 1289 
3 1223 2762 4479 
2 413 3007 
1 2102 
1 1091 
3 16 1571 5260 
2 734 827 
1 750 
4 537 780 813 3147 
2 3113 5106 
2 84 4552 
0 
1 5101 
3 351 820 1430 
2 156 1246 
4 1380 4853 5477 5575 
0 
2 64 3405 
3 1058 3589 3640 
1 3687 
3 877 4046 5317 
1 5327 
1 1580 
1 5114 
1 3578 
3 2037 4088 4889 
4 762 1257 2450 4304 
2 837 5340 
2 133 3956 
5 2087 3491 3969 4911 5380 
2 3844 5275 
3 2366 2455 2676 
2 2194 3709 
1 3573 
6 349 1248 2103 2202 2392 3167 
4 3527 4212 4413 5449 
2 765 5554 
1 316 
3 791 4295 4834 
1 3181 
2 1261 4057 
2 2850 4086 
4 375 1045 2809 4407 
3 1131 3953 5120 
3 371 2103 3348 
2 3997 5286 
1 690 
2 617 5250 
0 
2 1745 2106 
1 3736 
2 963 3520 
1 3013 
1 1701 
3 1255 4522 5355 
3 2964 4524 5544 
7 415 1413 1999 2432 2920 3742 4799 
3 3001 3580 5095 
1 3427 
0 
1 2559 
4 17 1675 5173 5396 
2 3880 4764 
3 1043 1138 3915 
3 1018 2331 4409 
2 3863 4038 
3 964 2116 2883 
2 2328 5388 
2 1728 5331 
0 
0 
4 96 1266 1803 3736 
2 1088 4051 
0 
1 1320 
0 
3 1613 3550 4767 
3 1515 2059 5129 
0 
3 1410 2231 3987 
1 3694 
1 4923 
2 4556 5293 
6 1663 2477 2895 4363 4934 5535 
4 715 1589 4691 5095 
2 2479 3068 
2 877 4146 
1 3908 
0 
1 2908 
0 
1 352 
2 506 3338 
2 2891 4315 
0 
5 458 670 4248 4477 4577 
1 5136 
2 3603 4075 
3 2015 4910 5213 
3 3847 4705 5404 
3 196 2195 4854 
2 1545 2998 
4 564 2295 3405 4294 
1 1184 
1 362 
2 1381 2945 
6 249 617 2975 3359 4380 5368 
6 884 1932 2827 3327 4017 5122 
3 850 4412 5114 
2 1976 3507 
3 1771 1814 1986 
2 1725 3760 
2 1591 4201 
1 140 
1 2114 
3 454 1284 1927 
2 1748 4546 
1 5414 
3 605 3558 5146 
2 1102 4967 
2 218 4300 
1 5358 
1 4081 
2 210 3042 
1 320 
3 511 595 4138 
4 492 823 4052 4761 
3 393 3125 3833 
3 2298 4335 4976 
2 2937 4789 
2 347 1009 
3 1174 4733 4968 
1 1169 
4 307 1366 4136 5166 
2 3561 3635 
4 208 2144 3213 4735 
0 
6 102 2885 2921 3850 3961 5079 
3 1617 1643 2625 
1 5023 
1 5445 
3 1183 1985 5119 
0 
2 4411 5202 
0 
2 488 1103 
2 2032 3418 
4 1013 1774 3496 4790 
2 2727 3490 
3 382 2068 3691 
2 1819 1950 
5 1211 1532 2457 3968 5100 
5 569 3529 4221 4976 5472 
1 3234 
1 989 
1 1367 
0 
1 3425 
3 314 454 4307 
2 349 4750 
5 1433 1799 2550 4728 5184 
4 174 1838 2185 2508 
2 4725 5494 
6 104 1637 2979 3972 4680 4866 
6 15 360 1012 1246 5093 5212 
2 941 2791 
3 216 467 2047 
4 584 1953 4589 4778 
4 1640 2126 2136 2320 
2 2521 3481 
1 787 
4 486 816 903 4254 
1 2187 
0 
3 3076 4443 4858 
1 790 
4 1322 3397 4526 5592 
1 32 
2 1445 2559 
4 2223 2644 3834 4838 
3 1710 3273 4896 
1 3830 
3 2215 4039 4612 
5 1071 1661 3094 3676 4930 
2 1046 4413 
1 415 
2 2290 4972 
3 503 1313 2763 
2 1369 2762 
1 3820 
1 4914 
6 39 1374 2295 4531 5145 5219 
1 1117 
3 1919 2415 3889 
4 8 156 1413 3894 
1 3304 
1 4991 
4 1601 4456 4506 5405 
3 2118 2198 5050 
3 467 739 2242 
3 1330 3311 4017 
2 1167 2954 
3 1518 2505 3769 
1 792 
5 1807 2569 3282 3962 5158 
0 
2 2021 3969 
2 2052 5011 
1 4804 
1 1917 
3 1149 2667 4480 
4 2263 2953 3691 4352 
4 583 3393 4422 5359 
3 862 2347 3485 
2 3172 4401 
2 58 2349 
5 698 770 2596 3868 4364 
0 
3 1878 3748 4906 
3 2116 2236 5079 
1 3993 
1 3200 
5 1385 1430 1732 3175 3177 
4 2784 4389 4836 5264 
2 1152 3695 
3 427 2893 4271 
1 2766 
2 2941 3152 
2 409 1853 
2 4239 4574 
1 3403 
2 2016 4300 
2 1344 5160 
5 907 1831 2923 5045 5164 
0 
5 1369 1964 3287 5165 5509 
4 1370 2637 2777 4058 
2 4253 5577 
2 3833 5100 
2 704 2613 
4 1902 3469 3644 5114 
4 1900 2234 2466 4194 
4 3518 3701 4590 5262 
2 121 1471 
3 1224 2425 3284 
3 401 2532 5103 
3 3383 4212 5000 
2 1133 4859 
3 2662 3435 4291 
3 172 1827 5486 
3 574 2223 5450 
2 257 628 
1 2702 
0 
4 147 1181 4015 4681 
1 3282 
2 3858 4426 
4 1553 2433 4482 4781 
1 1748 
4 244 583 1387 2082 
0 
2 372 644 
2 2529 5396 
2 3079 4177 
4 1102 1470 2928 4983 
4 2526 3820 5275 5487 
3 3075 3822 4979 
4 7 902 1328 5053 
4 933 2509 3326 4285 
3 2136 3800 4965 
4 1483 1917 4020 5004 
1 2894 
0 
3 1419 2748 4804 
2 738 3696 
1 4078 
6 1034 2111 4212 4213 4612 4886 
3 506 1307 1678 
3 3766 4176 5028 
5 366 2081 3346 3460 4717 
1 1831 
1 4479 
4 843 1593 3541 4058 
2 1696 2999 
3 2213 3383 3451 
1 1095 
4 835 2424 3557 5121 
2 855 4852 
3 364 1855 3004 
2 1035 1233 
3 1251 2680 3628 
0 
5 343 550 4125 5489 5508 
1 4944 
1 3012 
5 1482 2147 2324 2442 4733 
3 663 1660 5190 
4 789 1226 1432 3063 
4 328 3658 4241 5569 
6 63 90 2768 2782 4288 4888 
1 3083 
0 
1 1539 
4 1502 3152 3991 4279 
3 2050 2782 4649 
2 200 2468 
3 400 2245 4709 
3 1893 2165 4599 
4 36 2813 4575 5270 
2 270 4893 
1 1379 
1 148 
2 1306 4374 
3 742 1223 5177 
2 1360 3295 
3 4799 4827 5392 
2 302 733 
3 244 2124 4845 
2 1922 5032 
1 140 
4 138 772 4012 4850 
3 4627 4923 5469 
2 757 3241 
3 1147 3850 4013 
3 1838 2023 2109 
3 375 901 4718 
0 
8 362 820 1470 4355 5030 5169 5215 5543 
1 4609 
5 1043 1464 1666 1935 2871 
0 
1 299 
7 125 608 621 2480 3181 4743 5077 
4 610 1919 3791 5290 
2 507 4539 
1 407 
3 1296 3971 5319 
6 1398 1862 1885 2021 3039 3647 
4 146 1821 5340 5572 
3 1291 1521 3846 
3 597 812 1740 
1 4600 
3 2900 4286 5555 
0 
1 3638 
3 3924 4074 4405 
2 1199 3906 
5 1087 2676 2823 4146 4264 
0 
2 2503 3025 
2 2618 4042 
5 245 1058 2076 3922 5389 
4 896 4000 4957 4965 
3 1573 4248 5240 
5 305 1053 1255 1694 2614 
3 2656 3084 4979 
3 350 3694 5539 
1 5587 
4 1262 1490 3548 3968 
0 
6 1236 2764 2777 2780 3183 3556 
6 520 1278 2402 3796 4294 4642 
2 4514 4807 
2 3602 4083 
2 783 2096 
2 3137 5486 
0 
4 113 775 1478 3405 
3 193 1665 3888 
3 2003 3941 4080 
3 2145 4233 5106 
4 504 3579 3771 5296 
1 1969 
5 510 2049 2500 2875 3154 
1 3307 
1 4990 
2 3658 4682 
1 1296 
3 478 1430 2805 
1 1948 
3 495 2443 3575 
2 2960 3723 
1 435 
5 2953 3103 3565 4243 5069 
1 4951 
1 208 
1 27 
7 711 993 1229 2171 3057 3270 5355 
0 
3 1184 4244 5073 
3 1347 2797 3983 
1 4664 
1 2619 
5 1031 1652 3443 3663 3919 
3 1896 4046 5154 
4 0 1430 1992 3089 
0 
3 619 1919 5394 
3 1473 2512 4600 
2 827 3355 
6 325 903 2109 4313 4382 5315 
0 
2 1450 1621 
2 2474 4512 
7 1059 1857 2848 2895 3255 3685 4720 
1 333 
1 1453 
5 1042 2226 4379 5130 5317 
1 5368 
1 3038 
3 3085 3660 4854 
0 
7 982 1221 1980 2295 2611 2800 3036 
2 4851 5217 
1 2723 
4 1235 1295 2710 3538 
3 2554 2763 4341 
2 3300 5319 
1 5231 
2 1428 4812 
1 4125 
3 1483 1931 4524 
0 
1 656 
1 1100 
2 3316 4495 
2 565 1886 
1 3724 
1 3952 
1 3702 
2 3517 3728 
0 
2 2143 3477 
4 4390 4539 4705 4717 
2 1512 3312 
6 390 1085 3737 4226 4277 4337 
0 
1 3184 
4 483 2055 2516 3027 
2 326 2212 
3 172 1252 3272 
4 45 1292 3906 5454 
0 
0 
3 3588 4133 4697 
3 671 2020 4513 
2 2679 2767 
4 713 1321 3954 3996 
3 330 820 2996 
1 2844 
1 3024 
3 1192 2934 4867 
3 294 4008 4312 
3 3150 4650 5493 
1 3052 
4 629 1944 3639 5439 
5 900 1366 3766 3807 4811 
2 134 4418 
3 657 1687 4762 
2 952 2678 
2 789 2254 
0 
0 
4 705 2412 3764 4865 
0 
3 639 3207 3419 
4 31 1171 1338 3863 
2 1979 5236 
1 4525 
0 
1 2753 
3 1200 4081 5065 
3 4130 4444 4830 
2 3964 4787 
1 3358 
3 15 169 5085 
0 
5 606 1612 2892 3214 5114 
2 4168 5298 
1 770 
1 3686 
6 1978 3430 3513 4568 5137 5451 
0 
5 585 1467 1483 3615 5234 
3 2537 3553 5365 
4 236 1760 3533 5104 
1 592 
3 1100 2206 4474 
2 287 346 
4 1105 2008 2734 5005 
0 
3 190 479 1279 
1 661 
3 686 836 3829 
0 
6 162 1770 1982 3156 4626 5058 
1 5242 
6 1335 1651 1810 3144 3334 3915 
6 915 1982 2265 2452 3614 3887 
4 2189 2451 2680 4026 
3 819 1149 2624 
3 819 1183 2799 
3 2490 5349 5413 
5 257 856 1170 2710 3121 
6 837 2563 2816 2974 3882 5245 
2 108 835 
2 2195 2779 
1 4127 
2 33 1291 
3 250 2020 5384 
1 829 
4 678 3835 4813 5513 
4 339 3021 4922 5066 
4 2212 2500 2624 3874 
2 106 5092 
4 541 2770 3558 4913 
3 2624 3270 3969 
4 1273 1325 1678 4678 
5 953 2563 2568 3717 4428 
2 31 1658 
3 1168 2487 4132 
4 3127 3928 5345 5574 
3 153 3993 5343 
2 1687 4107 
3 28 96 3479 
4 70 1732 3388 5162 
0 
3 2259 2429 4472 
2 3695 4347 
4 291 700 859 1348 
2 1014 5501 
2 1965 5455 
2 1537 5286 
4 563 1202 2042 2654 
3 1197 1378 5217 
3 2765 4070 5132 
4 1516 1570 2676 4794 
1 3744 
1 4921 
5 6 3368 4218 4380 5288 
0 
4 961 2642 3987 5391 
4 2901 3870 4908 5215 
3 528 3773 4781 
0 
4 677 2306 3145 3487 
3 1728 3432 4768 
2 1688 3144 
2 4332 4397 
5 1941 2572 2899 3362 5060 
1 1093 
3 990 1561 2174 
2 2035 2768 
1 3336 
2 3265 4099 
2 3763 4392 
5 1144 3235 3495 3569 4799 
2 2064 2936 
1 2879 
3 238 2611 3865 
1 1818 
5 1026 1354 2237 3087 4492 
1 4076 
2 2371 5176 
1 3981 
5 63 377 768 1902 3393 
0 
0 
2 2155 4007 
1 3072 
2 611 1210 
2 978 5364 
2 2184 4147 
0 
3 427 592 1832 
1 3023 
2 4214 5235 
5 1119 1149 3216 3222 3724 
1 5365 
3 939 1549 2166 
1 2713 
1 2240 
4 562 746 1663 1893 
3 3771 4086 5546 
4 550 2668 3691 4952 
4 1391 2891 3016 4693 
3 1033 2305 3112 
2 1535 1632 
5 739 2060 3191 4095 5540 
3 1816 3996 4264 
4 3600 4026 4825 5339 
5 182 1254 2203 3444 4761 
2 1544 5302 
2 389 1750 
3 10 505 4480 
2 4588 4905 
2 4154 4572 
0 
1 4517 
2 2229 3369 
0 
1 4485 
4 1051 3214 3972 4461 
0 
7 1536 2034 2956 3561 4449 4924 5549 
1 1195 
1 3008 
5 392 475 1447 2593 4276 
2 1410 1944 
3 432 1005 3282 
3 4024 4608 5148 
4 191 2637 3194 5405 
1 3624 
0 
2 1038 4858 
1 2822 
0 
4 541 1558 4303 5553 
8 342 416 431 517 1163 1599 3652 4845 
3 1633 2330 5037 
0 
2 2401 2920 
4 1352 4865 5375 5434 
0 
2 285 4957 
2 1485 4715 
5 1047 1946 2046 2922 3557 
4 2357 2849 5050 5174 
2 2741 4193 
2 2489 3455 
2 1848 2535 
4 881 2347 2668 3200 
1 4387 
4 3504 3638 4463 4581 
4 1068 3142 3832 5558 
3 2813 3412 4057 
2 2606 5373 
5 1896 2806 3284 4169 4319 
2 447 4393 
1 5142 
2 839 5183 
0 
1 5475 
1 309 
3 252 2353 4816 
3 1699 3007 5140 
4 1943 3378 5254 5578 
4 104 355 421 3696 
0 
2 3797 4620 
1 3301 
2 866 1362 
2 4567 4635 
4 1649 1754 3095 3993 
4 1395 1728 1869 3646 
5 660 1470 1858 4666 4938 
6 2320 2885 3434 3580 3833 4491 
3 2401 3358 5367 
4 369 2890 4064 4377 
3 33 883 2497 
2 288 4248 
1 1079 
2 1177 1537 
2 49 3267 
5 154 1034 2528 4027 4457 
1 4333 
1 4811 
3 1845 4064 5322 
4 1164 5110 5414 5477 
4 1490 1624 1722 2226 
6 779 1278 2715 4370 4952 5295 
3 1428 3240 5488 
2 2821 4717 
6 1892 2235 2393 3173 4076 5463 
1 3491 
1 646 
4 1326 1619 1661 1681 
5 122 1698 2491 3271 4460 
2 4262 4886 
1 4259 
2 3024 3577 
3 58 257 2369 
2 1279 3208 
1 3249 
2 5235 5596 
0 
2 757 4177 
2 991 3153 
3 433 3416 3966 
5 906 2475 2647 3488 3988 
5 1448 1713 2465 3307 5152 
0 
4 549 2868 3723 5338 
4 4326 4879 5034 5491 
1 958 
1 3439 
4 348 1310 2645 3059 
3 512 524 4556 
2 1332 3817 
3 525 1473 4329 
1 2319 
0 
3 4267 4329 4905 
4 1188 1938 3991 5253 
1 4228 
2 1801 3088 
4 4511 4551 4648 4749 
2 4530 5358 
4 144 1806 1898 3582 
1 1730 
3 151 2768 4834 
5 1925 2370 3094 3385 3957 
1 5492 
2 1611 3797 
3 129 337 4127 
2 2427 4395 
2 338 952 
2 4414 5167 
3 837 1585 4284 
1 692 
0 
1 4696 
2 364 773 
2 687 3841 
4 75 423 3614 3818 
2 1144 3477 
5 485 1500 3148 3823 4967 
1 5351 
2 3309 3854 
3 1879 4041 5315 
0 
4 3610 3628 4121 5496 
1 2712 
1 3640 
1 2365 
1 2547 
0 
2 2321 4587 
2 1231 1753 
4 172 1263 3497 4420 
3 2552 5041 5348 
1 407 
0 
3 2266 2909 5381 
4 1402 2870 5163 5219 
4 94 3213 3917 5101 
1 3693 
4 3078 3526 4890 5589 
5 17 2015 2558 4137 5527 
2 666 2316 
0 
3 2046 2083 5362 
3 514 1617 2849 
1 3421 
0 
7 723 1236 1684 1750 1948 5086 5278 
3 1737 5184 5202 
3 1929 2776 4148 
2 194 5547 
4 1120 2195 2839 5285 
7 2714 2944 4395 4987 5396 5474 5475 
3 425 2613 4560 
2 1132 5514 
4 1611 2702 3828 5465 
0 
3 1072 3189 4104 
1 5101 
3 1141 3852 4496 
2 3063 3245 
2 2250 3786 
2 496 3976 
1 4914 
2 1667 2676 
6 335 1570 1917 3061 3316 3682 
1 2673 
3 1392 2601 3664 
5 3094 3422 4891 5111 5179 
3 3266 3594 4407 
1 2387 
1 838 
0 
2 844 3691 
0 
2 417 3099 
1 4435 
3 783 2070 5423 
1 1648 
4 598 1694 1809 3321 
1 2718 
1 3138 
0 
3 1950 3613 3889 
0 
1 2651 
2 1194 4627 
2 1062 2960 
4 1723 2042 2059 4843 
3 983 3037 4727 
1 401 
3 2561 3032 3261 
1 2196 
3 226 1234 5218 
1 2031 
4 1737 2194 3787 5284 
3 844 2349 3333 
2 2214 4275 
3 627 4832 4955 
2 731 4929 
2 2833 4525 
2 329 3097 
3 118 1352 3181 
1 2530 
4 1460 2438 4939 5243 
2 317 3113 
4 440 1588 3011 3147 
4 3 1993 2527 3639 
3 935 4455 5489 
5 225 284 430 934 5412 
3 800 829 5554 
5 960 2564 4678 5101 5235 
3 1699 1929 2619 
1 2674 
1 3627 
8 424 1066 1227 2118 2825 3466 3770 4895 
4 2242 2969 4222 4630 
1 2659 
2 1559 5237 
1 4457 
3 3465 3699 4364 
5 654 1348 2074 2183 4844 
5 1015 1268 2447 2975 3040 
3 2917 3598 4537 
2 131 4263 
3 130 1157 3073 
4 756 1058 2063 4274 
1 3047 
1 1405 
1 345 
0 
3 2181 2647 5293 
0 
1 3284 
3 3480 3519 5144 
2 1772 5092 
0 
2 85 1502 
1 3390 
1 1846 
6 43 221 669 2850 3417 4139 
6 2273 3077 3503 4500 4740 5344 
0 
0 
3 4288 4415 4503 
0 
1 1302 
1 1177 
2 1504 4146 
4 590 1664 1683 2767 
2 4510 5107 
0 
3 3350 4218 4223 
3 174 2391 5189 
0 
2 1376 2785 
3 1810 3853 3928 
5 144 446 1997 3341 4962 
2 1133 5285 
3 3678 4955 5203 
1 3841 
1 3718 
3 108 3359 5279 
1 4935 
3 2219 3595 4435 
3 1635 2629 5160 
4 1663 3053 4076 4478 
1 4529 
2 778 4064 
2 2065 5487 
2 2898 3893 
3 534 738 749 
2 2761 2811 
2 2809 5387 
2 504 5311 
5 2272 3078 4746 4961 5536 
3 25 2990 4666 
2 645 2092 
2 1323 2717 
2 3868 4066 
3 737 2491 2567 
6 8 1669 2951 3678 4158 5126 
4 559 2145 2637 3369 
1 1388 
1 2759 
0 
0 
1 1087 
1 291 
3 4568 4755 4906 
2 3603 4179 
3 45 4466 4640 
0 
2 134 635 
4 563 1943 4555 5357 
5 475 596 1985 2298 4163 
1 5184 
1 4 
3 1147 5218 5517 
1 2180 
2 11 2478 
3 316 2937 3419 
0 
3 2486 3179 4399 
6 140 1893 3326 3345 4102 4719 
4 193 2486 4806 5069 
1 4922 
3 2083 3175 3635 
3 97 955 1298 
5 768 1576 2303 2596 3074 
1 4165 
3 2624 4786 5270 
9 1382 2701 3396 4621 4883 4915 5327 5416 5577 
2 1758 4054 
2 1274 5301 
1 1807 
4 71 1895 2069 5460 
3 1318 2125 3029 
2 195 1445 
2 77 2852 
0 
1 3532 
1 2875 
2 766 3763 
1 3303 
0 
0 
1 4875 
2 2485 2895 
1 127 
5 2132 3833 4777 5132 5478 
0 
0 
1 1043 
2 291 5161 
2 2729 3826 
2 761 2946 
1 4036 
0 
1 5033 
3 857 4222 4767 
6 493 717 1007 2399 3009 4549 
3 725 2741 2866 
2 3383 5461 
2 1336 2841 
1 4202 
3 1200 3326 4252 
1 3944 
1 1055 
1 3959 
4 336 1923 2841 5363 
1 248 
3 4277 4282 4880 
1 5009 
2 936 1560 
2 1636 4995 
1 1460 
2 1301 4470 
1 3478 
0 
2 1027 4278 
3 1441 1764 2027 
2 420 2417 
3 1211 1799 2820 
4 165 3238 3699 5421 
0 
5 979 1049 1137 3236 3651 
0 
2 2935 5541 
5 1158 2586 3867 4134 5490 
2 932 2058 
2 1063 3893 
3 2 1636 3987 
2 3032 4336 
1 3894 
2 913 4515 
2 3626 5565 
3 2947 4837 5411 
1 5287 
0 
1 3788 
1 3334 
0 
2 779 2668 
2 1449 3810 
4 2104 4477 5131 5471 
1 319 
3 79 323 691 
2 581 5006 
5 305 1820 2160 3063 4546 
2 790 1854 
3 2110 3450 5023 
1 1432 
3 625 1915 2818 
2 3041 4574 
3 1836 2927 5498 
3 1659 5049 5062 
1 4430 
5 834 2075 2651 2780 3321 
2 592 2941 
6 59 1616 2704 4026 4231 5497 
4 431 2444 3420 3837 
2 1815 4296 
0 
1 3558 
2 261 4409 
1 302 
1 4671 
1 1283 
2 3934 4334 
4 1551 2468 2519 2873 
6 131 1636 3708 4741 4996 5576 
6 342 2508 2901 3105 3463 5593 
2 4134 4262 
2 574 3468 
4 1283 2499 4612 5479 
1 603 
2 516 5255 
3 1672 3722 5007 
3 821 3528 4498 
1 5491 
3 2061 3700 4528 
2 4335 4620 
4 517 2578 3782 4672 
2 1939 4919 
2 1860 4807 
2 528 1214 
1 4166 
2 2681 3655 
2 2914 4803 
0 
3 235 1542 3196 
4 69 2459 5339 5373 
1 2091 
4 518 648 1715 1922 
5 5 350 972 2638 2954 
1 3695 
3 814 2992 3932 
3 77 1346 4813 
3 2464 4621 5210 
3 1800 2698 4919 
3 1297 2255 3774 
3 281 1031 3663 
1 4320 
5 732 2689 3037 3500 5588 
3 652 1026 5016 
0 
5 925 1967 2195 3746 4725 
3 1910 4144 5173 
6 1398 1400 3051 3270 4151 4719 
4 381 652 2069 3609 
2 755 1772 
1 765 
4 396 397 2170 5348 
5 2532 3176 3218 4269 5209 
1 2371 
2 4340 4886 
2 1964 4586 
2 1408 3674 
2 3944 4871 
2 3734 4528 
3 1795 3068 5130 
2 2761 3253 
1 5148 
3 2817 3633 4225 
1 3483 
3 2356 4195 4988 
0 
2 4210 4332 
4 1039 1703 3129 5108 
2 1055 4165 
1 5472 
2 2200 3899 
1 3176 
1 2543 
3 1782 4130 5140 
4 2308 3376 3735 3995 
2 482 693 
3 1588 3124 4620 
2 1952 4356 
3 1228 4170 4679 
2 4894 5275 
1 1315 
4 2663 4477 4794 5436 
3 1234 3624 4622 
1 1580 
6 403 2738 2921 4276 4571 5265 
3 255 2370 3134 
3 885 4395 5323 
3 286 4213 5584 
3 112 2813 4521 
3 85 3813 3835 
2 320 2139 
2 1335 3995 
3 2139 3430 3860 
3 506 1432 3398 
2 2803 4373 
3 1353 2863 3154 
2 792 3832 
4 229 4598 4917 5055 
2 1409 5530 
2 77 1743 
2 286 1200 
3 701 1128 5110 
2 3348 4598 
1 131 
3 2910 3891 5260 
4 680 1447 4537 5205 
3 1100 1905 5218 
4 2220 3745 3936 4061 
5 66 233 411 1185 2039 
5 206 233 2510 2548 3215 
1 2235 
3 1545 2975 5385 
1 3535 
0 
3 2789 3816 4485 
3 4262 5519 5558 
3 224 369 3110 
1 573 
2 1218 1472 
5 694 1551 2476 2829 4069 
1 1425 
1 4575 
3 388 1206 3184 
2 2440 3732 
2 3367 3853 
1 3993 
3 755 1162 4091 
2 1348 5450 
3 1059 1620 4025 
2 2494 4127 
2 3511 4335 
5 1361 2281 2366 2631 5198 
1 911 
3 968 1318 1644 
2 0 1202 
0 
4 1840 3737 4881 5549 
3 787 1592 1736 
4 1638 2899 3486 3670 
2 1785 4538 
1 935 
5 1951 4274 4317 5324 5473 
2 839 2952 
1 3112 
2 2410 4124 
5 786 2729 3173 3918 5083 
5 1331 3273 3757 4701 4938 
1 3017 
2 3040 3700 
2 1674 5391 
1 5112 
6 2243 2421 3466 3857 3970 5022 
2 4531 5182 
5 84 793 2322 3480 5016 
2 3588 5046 
2 3949 5005 
4 528 2745 3366 3512 
2 850 1453 
5 832 1373 1914 2120 2810 
2 1259 3969 
2 2920 5039 
3 2512 3441 4185 
0 
3 683 2175 4453 
3 1047 1718 3456 
1 2959 
0 
4 739 1681 2252 3435 
2 297 3620 
2 346 2657 
2 2855 5596 
1 1975 
2 682 3574 
2 1254 1595 
0 
0 
2 3263 5401 
5 1391 2548 3835 4772 4783 
0 
0 
4 2148 4563 5224 5455 
3 2893 4094 5296 
3 1878 3438 4534 
0 
1 693 
1 4652 
2 1793 2543 
2 1686 4327 
2 3548 3833 
5 1117 3284 3802 4671 4754 
2 5131 5312 
2 27 3092 
2 3087 3425 
0 
3 629 3286 3788 
2 358 2504 
3 67 4166 5446 
2 567 2192 
3 1676 4239 5455 
2 4261 4866 
0 
2 4957 5164 
0 
5 87 345 461 2696 2989 
5 1 1647 3230 4116 4709 
3 554 1628 2788 
5 3106 3427 4656 4982 5023 
2 2433 5001 
1 4141 
2 789 3337 
1 688 
2 143 2477 
5 159 908 1297 1595 3412 
3 2009 2809 4965 
3 210 856 2953 
4 1981 4460 5157 5371 
4 2071 2412 3888 4479 
3 2293 2938 4195 
3 664 4370 4579 
0 
2 1554 5398 
2 2820 3898 
4 586 2411 3575 4146 
3 2211 2225 3003 
0 
5 168 894 1261 1559 5400 
1 3316 
0 
0 
3 602 1940 3113 
3 2897 4131 4384 
4 623 1388 1941 2023 
1 3691 
3 228 1539 2373 
0 
1 4085 
2 4212 4551 
3 338 3404 3879 
4 931 1016 3430 5457 
4 280 2745 3690 4023 
1 4063 
3 991 4365 5027 
0 
4 340 1017 2694 4302 
2 1208 2506 
2 1861 3106 
1 2315 
2 2140 5409 
1 5348 
2 4286 4339 
2 4378 5284 
0 
1 3011 
1 2299 
6 1538 1937 2066 3291 4372 5250 
2 1627 2416 
2 400 4478 
3 721 3839 4777 
3 539 3193 3694 
2 1939 2749 
3 1213 1885 4860 
2 3386 5427 
2 1980 5316 
2 1027 4446 
4 1125 2679 4616 5564 
1 1539 
1 4294 
2 2546 5576 
2 1191 3890 
1 957 
1 269 
3 50 4042 4923 
1 3802 
2 1832 1915 
3 2622 3462 5552 
0 
3 2239 2340 5523 
3 1614 5277 5573 
1 5172 
5 1854 2748 4599 4684 5361 
1 4484 
2 1828 5117 
1 2624 
4 2550 2890 4294 4361 
6 365 2382 2779 3276 5000 5318 
2 658 5194 
2 65 4825 
4 2123 2398 2868 4430 
2 1783 4769 
0 
3 42 3851 4793 
2 2647 3762 
1 489 
2 1822 5349 
2 732 3991 
4 199 1020 1192 2820 
3 189 3691 3880 
2 4140 5420 
1 1229 
3 2297 4695 5524 
6 1612 1881 3446 4191 4365 4936 
4 366 1711 2644 3496 
0 
2 2944 5126 
2 2288 5476 
2 165 2635 
3 2321 2920 3831 
5 1186 3963 4649 4918 5089 
1 2972 
1 628 
0 
2 956 1405 
3 732 3723 4592 
2 256 1413 
2 2708 3428 
2 2282 5333 
4 6 1869 1992 3887 
0 
0 
3 1172 3620 5045 
2 1600 3041 
2 543 3136 
4 133 938 2234 5457 
1 5037 
4 1032 2215 3095 4040 
2 1358 4606 
3 2854 5225 5404 
1 582 
4 1392 2627 3669 5190 
3 2361 3162 4892 
1 722 
5 1183 1714 4272 4420 5563 
1 1493 
1 1649 
1 199 
3 1174 2116 3322 
1 2995 
0 
5 462 1809 2085 3729 4738 
3 1019 3055 4129 
2 2762 2988 
4 2155 2747 4632 5441 
2 19 561 
3 1022 1924 2251 
2 1372 4096 
2 307 1225 
6 895 1216 2068 3442 3593 3918 
0 
4 1468 1991 3972 5014 
2 760 5411 
5 793 1174 2876 3356 5501 
1 4035 
2 561 3248 
3 1229 1726 3086 
4 2554 2995 3778 5538 
2 775 3776 
1 668 
1 2232 
2 388 5059 
2 3336 4298 
0 
8 1425 2398 3179 4069 4080 4095 4688 5499 
0 
2 1189 5290 
4 1847 2063 2608 2897 
8 96 967 1173 2002 2719 3079 4434 4581 
4 1018 2099 2282 2997 
0 
3 5401 5564 5588 
2 1717 4982 
1 2504 
2 564 4049 
4 301 2189 2918 4253 
3 1904 2042 2601 
3 334 1252 5396 
3 1143 3676 5189 
1 5229 
2 2217 3238 
3 1352 2882 4939 
1 1360 
1 3874 
2 3300 3804 
2 1825 5024 
1 3825 
5 2155 2562 2640 5083 5323 
4 1387 1880 4985 5520 
3 141 2674 4507 
1 1842 
3 442 2141 5029 
3 32 2657 3314 
4 448 1904 3039 4507 
1 4736 
1 331 
1 641 
4 681 914 1006 5401 
3 2113 3602 3881 
3 3412 5156 5441 
1 591 
0 
3 1106 2145 5427 
1 3330 
1 4781 
5 81 202 2447 3649 4403 
0 
4 105 144 3131 3153 
4 757 2186 3939 4653 
1 1605 
2 1988 2110 
4 519 3037 4688 5040 
3 757 1788 4342 
1 4351 
6 998 2174 2668 3690 4809 5466 
2 2744 4029 
1 2283 
0 
0 
5 631 3513 3685 5066 5095 
7 1085 2413 2475 2848 3045 3506 3570 
1 1159 
4 181 790 1882 3010 
4 2344 2620 3532 4753 
6 824 1785 2488 2792 3308 4860 
2 2538 2911 
1 4601 
2 1329 5059 
4 1783 3092 3236 5281 
2 3293 3422 
3 1005 1541 2506 
3 470 1229 2693 
1 3943 
2 3923 5201 
1 2170 
1 1061 
2 4700 5470 
4 1209 3283 4567 4931 
1 2296 
4 798 978 4139 5170 
0 
1 305 
0 
3 454 4598 4941 
0 
2 425 3955 
4 230 480 2782 3824 
4 385 580 3133 4468 
2 480 4098 
1 1007 
1 5145 
1 3290 
3 2645 2956 3586 
2 2691 2841 
0 
0 
1 1851 
3 650 2694 4005 
3 62 370 3612 
2 660 5468 
2 4071 4427 
2 499 3397 
1 69 
2 1801 3332 
4 844 1429 1475 3348 
4 1116 2257 2314 2335 
4 2699 3410 5196 5563 
3 347 1232 5232 
0 
1 969 
1 4921 
2 1422 2320 
1 1997 
5 133 2801 4610 4648 5538 
1 3381 
2 73 3319 
4 86 1044 1537 1733 
2 2482 4542 
3 4075 4288 5042 
0 
1 5449 
0 
2 2021 3986 
3 1798 3890 4211 
1 5437 
7 72 355 508 2106 3980 4368 5328 
4 653 3420 5306 5496 
0 
6 942 1779 2183 3905 4080 4829 
2 2375 4198 
4 386 418 1644 1827 
7 78 393 1175 3565 4037 4420 5419 
5 723 2819 3195 5138 5288 
2 409 2727 
1 820 
2 2542 2720 
1 1749 
0 
3 342 1530 2466 
3 223 2075 3087 
2 2635 2847 
5 984 4234 4536 4612 5211 
3 161 2807 5062 
1 3313 
0 
4 1436 2047 3629 4711 
1 2190 
2 538 3628 
1 2088 
2 1381 1417 
3 1537 4671 5342 
3 3295 4945 5122 
1 482 
4 1154 1209 3957 4185 
4 187 365 1973 5512 
3 1545 3033 5386 
1 3067 
4 294 3252 3468 5031 
2 3887 4650 
0 
3 1214 2597 4092 
6 925 976 1031 1367 4474 4665 
1 3991 
2 652 4651 
1 1567 
1 2625 
2 2913 2977 
2 816 921 
4 1905 4322 4386 4997 
4 2081 2533 4243 4801 
3 1695 5107 5234 
2 3463 3546 
0 
2 421 3655 
1 3936 
4 227 262 1518 3962 
3 107 2720 3822 
4 954 1624 1933 4277 
0 
3 3256 4361 4985 
1 1546 
1 926 
2 3363 4117 
1 5292 
0 
3 306 3388 4930 
1 2962 
3 2988 4686 5093 
0 
2 2453 2529 
0 
3 2530 3807 4000 
1 2990 
5 198 240 1340 1632 3717 
3 213 1016 3657 
2 1236 3207 
1 38 
4 3 851 2082 3027 
1 2757 
2 2445 5506 
4 468 3580 4288 5412 
3 610 2898 3370 
5 2391 2502 2920 3202 3462 
2 980 2443 
8 1139 1735 2775 3363 3451 4479 4807 5431 
6 645 1073 1412 1597 2192 3907 
4 221 3273 4103 4438 
1 5542 
5 333 1240 3531 3870 4640 
0 
4 151 981 2987 3132 
3 2073 4123 4597 
1 323 
3 251 372 2294 
2 65 4185 
3 657 1981 2603 
1 2363 
3 1082 1259 2077 
4 370 1427 4133 4556 
2 2401 2587 
3 234 304 3564 
3 3031 5457 5570 
5 3128 3398 4043 4165 5574 
4 1829 2992 4242 4664 
1 4749 
7 247 403 1403 4148 4818 5346 5537 
2 3425 5275 
4 273 1361 1597 2520 
0 
3 483 3366 3970 
3 587 1495 1904 
0 
4 981 2329 2730 4799 
0 
2 2823 4072 
2 95 2206 
2 3241 5461 
3 845 2480 3151 
0 
6 1056 2806 3839 4119 4163 4272 
1 719 
5 191 1241 1693 3942 4858 
3 280 376 1475 
6 135 1172 2777 3654 4492 5516 
3 874 1913 5104 
0 
1 1981 
0 
3 1454 3511 4054 
5 1112 1154 2234 2326 3570 
4 1809 3669 4479 4912 
4 752 1088 2768 4259 
0 
3 653 1712 1908 
1 255 
2 1743 4830 
7 416 1094 1141 1466 2762 3590 3789 
4 238 2632 3490 4602 
2 2457 3055 
4 1166 3542 3754 5297 
2 1694 3378 
2 289 5375 
3 3142 3243 4721 
4 2458 3246 4296 4448 
2 1527 4965 
2 362 4326 
2 4433 5364 
2 701 3495 
3 494 1326 3344 
1 1366 
3 769 1568 4384 
2 1630 4534 
1 4624 
4 1303 2152 3937 4989 
1 3759 
2 2610 2705 
2 1951 3836 
3 948 2351 4778 
1 348 
0 
0 
1 2076 
3 1757 3992 4225 
1 2125 
3 612 2327 2761 
0 
4 1632 2056 3009 5417 
2 3419 3620 
1 2657 
1 2231 
1 3929 
1 2615 
2 1135 3704 
2 369 2609 
0 
0 
0 
6 1230 2121 2785 3128 4446 5567 
2 3921 4702 
1 2226 
3 123 4355 4934 
3 522 3309 4252 
1 1433 
1 3281 
2 1955 4479 
2 3381 3805 
2 1630 3904 
2 2028 4120 
2 1606 3679 
1 4553 
3 344 494 2633 
3 148 1661 3872 
4 301 1790 3703 5042 
7 284 620 693 3219 3331 3963 5047 
2 928 4878 
4 490 699 4143 5466 
1 1044 
0 
4 2245 2253 3429 5437 
1 1800 
1 4760 
3 858 1427 2692 
1 2307 
2 754 2711 
1 3716 
4 249 1027 1618 2292 
4 516 625 2975 3784 
0 
3 75 468 3221 
2 1996 4955 
2 2401 4662 
5 2468 3806 4368 4672 4951 
4 492 3581 3944 5091 
3 771 1159 2737 
3 1631 4501 5489 
3 144 502 2952 
1 779 
5 2226 2415 2622 4165 5105 
5 2293 2470 2780 3433 4263 
3 2144 3425 3860 
3 262 2089 2600 
6 436 1249 2076 2427 2866 3622 
1 1928 
1 418 
1 2002 
4 969 1609 2119 3034 
2 32 4803 
3 7 212 5071 
5 370 530 642 1760 4752 
1 3756 
5 428 771 2828 4102 5462 
2 293 1164 
1 2654 
2 4444 4617 
1 5201 
2 1373 3753 
5 1581 2343 2805 3244 4682 
1 2953 
2 1769 4734 
3 1705 4179 5390 
6 1615 2567 2967 3568 3793 4859 
3 692 3913 4734 
4 2484 2786 2917 3399 
3 276 4459 4884 
2 3348 3365 
4 166 1669 2711 2853 
4 379 2309 4003 5473 
4 752 1643 1672 5010 
1 20 
4 1759 1962 2616 3822 
3 1541 1836 4944 
2 1255 4210 
3 3997 5394 5431 
2 215 1808 
2 1192 3728 
1 476 
3 2832 4782 5534 
2 2716 4767 
2 796 4457 
1 4524 
3 1419 2220 4386 
1 2584 
1 2587 
1 4735 
2 1557 2518 
1 1062 
4 1735 1916 2371 2464 
6 12 244 882 965 1787 4896 
1 5086 
2 433 2534 
2 1151 5482 
1 808 
5 331 976 1036 3513 4451 
1 2874 
3 1042 1369 3402 
4 403 2763 2854 3272 
2 1108 2928 
0 
4 3686 4142 4421 4773 
2 122 5473 
2 1800 4306 
0 
3 798 843 2138 
0 
4 2034 3625 4709 5039 
2 1396 3209 
3 3762 4905 5379 
4 228 2329 4522 4648 
1 2446 
4 542 651 1597 3598 
2 869 2993 
2 2614 3545 
4 416 3853 5385 5442 
1 4768 
3 217 453 1994 
7 176 664 927 1030 1498 2284 2658 
2 164 1896 
4 396 1242 1626 4252 
4 1468 1929 3645 5285 
1 5005 
2 472 2336 
2 2390 4836 
2 203 5139 
6 583 819 1902 3185 3879 5032 
0 
2 1858 5462 
3 2304 2899 4785 
4 486 1986 2500 2546 
5 213 263 1413 1713 2240 
0 
1 3381 
1 5591 
4 311 504 1149 3514 
8 858 2189 2922 2931 3140 4433 4830 4850 
1 1753 
5 492 3151 4847 5089 5243 
1 214 
0 
5 2128 3393 3635 4447 5344 
2 2799 4303 
1 3731 
3 325 1966 3865 
0 
2 2609 4427 
5 1660 2361 3749 4147 5009 
5 1245 2826 2937 3138 5351 
0 
1 2539 
3 1427 1966 2141 
3 2633 3635 3759 
4 746 2386 2735 4742 
3 95 4700 4719 
3 1474 2627 5412 
2 708 1124 
1 3509 
3 2044 2305 2847 
0 
2 2289 4793 
1 1983 
4 1604 1612 4240 4474 
2 692 3400 
2 3791 4289 
0 
1 3455 
3 362 2852 3635 
1 3618 
0 
3 3719 4331 5577 
6 657 1317 1868 2258 2818 4904 
0 
0 
6 213 3176 3981 4499 4960 5255 
4 31 2104 3837 4268 
4 720 1536 3029 4740 
1 5106 
4 912 1190 1202 4700 
3 828 2787 4976 
3 1973 4856 5356 
1 1384 
1 1730 
3 586 4346 5227 
3 1410 1855 5085 
1 2151 
3 1567 5265 5356 
3 1617 1731 5284 
1 3478 
3 740 1338 3813 
0 
2 1500 3870 
1 3938 
5 709 2995 5082 5259 5506 
0 
1 3842 
2 3418 4136 
4 2556 2684 5107 5537 
2 1117 1507 
3 2771 2978 3403 
2 1198 1727 
3 620 3613 5346 
4 2736 3347 4628 5594 
1 3504 
2 1907 2784 
5 643 897 1367 2708 3849 
3 529 3241 3285 
2 414 5261 
2 2397 4124 
2 3012 4545 
3 1852 2389 4551 
2 3112 3710 
2 352 3571 
1 3482 
2 2090 4029 
4 360 1058 3946 5090 
3 686 2185 3320 
1 4639 
6 2350 2611 3120 3496 4348 4991 
3 2836 4075 4819 
3 3021 3856 5178 
2 1710 4491 
1 1894 
1 3321 
2 5471 5564 
2 1979 4509 
3 190 470 2860 
1 272 
0 
1 1241 
6 833 908 3153 5015 5057 5277 
2 1432 5480 
4 502 1593 4852 5581 
4 356 1018 1719 4459 
0 
3 3167 3870 4686 
1 5564 
6 299 3182 3342 3853 3968 4526 
5 337 1160 3299 3470 4371 
3 887 1480 5332 
2 250 2742 
1 2901 
3 1882 3352 4713 
0 
1 1913 
1 1368 
0 
0 
5 1113 1850 2542 4408 4827 
4 2240 2527 2950 4694 
0 
4 1788 3162 3990 4390 
1 4568 
1 1157 
1 4805 
2 874 5013 
0 
6 1066 1104 2019 3435 3784 3845 
0 
1 4597 
1 703 
0 
2 1099 1514 
4 594 1992 3574 4372 
2 68 1553 
3 2007 2892 4807 
2 305 2505 
3 373 3338 3491 
2 74 533 
2 1501 4572 
2 164 3760 
0 
3 945 5017 5534 
1 2376 
2 3217 4861 
0 
1 1784 
1 204 
3 907 5135 5302 
2 1679 1851 
2 502 2158 
4 306 528 1160 1860 
3 3340 4002 4818 
5 19 361 705 3754 5299 
5 625 2299 2510 2540 3510 
3 2540 3361 5413 
3 2021 2840 4704 
3 333 1659 2047 
0 
3 903 1392 4522 
3 1196 2803 3124 
5 1327 1887 1907 1936 4878 
0 
1 2416 
2 3088 3212 
1 3124 
2 490 1579 
4 3336 3913 4413 5401 
4 624 845 1113 2699 
5 109 830 941 1008 5085 
4 1449 1858 2087 2968 
4 724 739 4262 5574 
2 311 5598 
2 3272 5077 
0 
3 1366 2634 5319 
3 1312 1415 3772 
2 1581 2000 
2 4253 4429 
1 5187 
1 4741 
2 2493 3472 
3 312 4090 4694 
3 1586 2562 4671 
1 3854 
2 2647 3800 
4 945 1150 1176 2653 
1 4334 
0 
0 
6 190 723 729 2359 2617 2924 
2 951 5005 
2 328 2008 
1 4831 
5 725 1814 3218 3932 4048 
3 2501 3646 4236 
3 2236 2435 4459 
0 
5 939 1363 1453 2066 4259 
0 
1 529 
5 917 2943 3882 4256 4528 
2 1958 4991 
1 3473 
4 2942 3285 3389 4229 
3 927 3096 3969 
4 2611 2853 4928 5524 
1 917 
1 915 
1 2966 
1 4103 
2 2149 3326 
1 537 
2 2489 4583 
3 3605 3870 5316 
1 1121 
6 522 1716 1873 3098 3415 4906 
1 3069 
3 2871 3358 5230 
6 396 1990 2017 2699 3224 3808 
4 145 1527 3232 4625 
1 2567 
0 
4 660 894 1304 1445 
2 1713 3224 
1 594 
2 1295 2982 
2 1702 2532 
3 824 2606 3523 
1 2112 
4 2563 3116 3749 3831 
4 1476 4092 5141 5561 
1 4487 
4 702 2055 2512 4774 
1 45 
2 2230 5431 
7 80 2366 2625 3540 3557 4789 4807 
1 2302 
4 843 3274 3894 5458 
1 5057 
2 1116 3633 
0 
6 2036 2384 2495 4798 5372 5538 
2 1764 2163 
3 3517 5125 5292 
3 1726 2881 4070 
3 373 809 2290 
3 35 4850 5360 
3 1590 4031 5030 
2 999 2422 
2 1621 1701 
2 1185 5321 
1 5106 
1 169 
1 2716 
3 1035 1302 2664 
1 135 
3 688 1753 2357 
0 
2 1483 3415 
0 
3 995 1744 2901 
2 884 3315 
2 396 1800 
5 604 1370 1714 3799 5470 
1 5130 
3 344 634 1675 
6 672 1627 1661 4572 4910 4956 
4 2957 3896 4854 5459 
3 387 978 3461 
1 417 
3 1084 2963 2966 
2 160 707 
1 4098 
5 1193 2057 2812 3340 5366 
3 1827 2929 5464 
5 650 2120 3281 4245 4779 
4 2031 2392 3294 3404 
2 208 3245 
3 1644 2699 4354 
2 934 1317 
2 3523 5536 
2 1927 3328 
2 2680 5518 
3 2010 3683 5041 
0 
1 1057 
3 194 908 1935 
3 1026 1957 4111 
3 915 994 2792 
2 1984 4146 
2 1129 1420 
3 666 1266 4570 
1 3684 
2 1057 2475 
0 
1 4337 
2 2591 3931 
5 1093 1156 1246 1280 3351 
1 818 
2 729 4981 
3 238 780 5222 
2 326 1329 
2 3557 3810 
2 65 1570 
3 2347 4839 4988 
4 1477 2162 2480 3092 
2 3515 3574 
3 4878 5165 5313 
2 229 4953 
3 2078 3756 3962 
5 259 1303 2180 4966 5169 
4 2934 3492 4415 4771 
4 5 628 823 4166 
4 273 900 3528 4191 
4 394 1150 3368 5220 
2 2007 2576 
2 378 4834 
1 1614 
5 1654 2922 4547 4913 5532 
1 3524 
1 2671 
5 2370 2803 4482 5235 5401 
1 750 
3 1356 1747 2664 
2 2238 4425 
3 398 3504 3901 
2 271 1771 
3 1328 3799 4011 
2 2014 2896 
2 1725 4903 
3 2050 2487 5541 
4 340 2697 4179 5475 
1 920 
3 372 1935 2819 
2 1303 2902 
1 1926 
7 614 2208 2979 3024 3360 4985 5166 
2 1013 1996 
3 1262 2812 4430 
1 4727 
1 3175 
0 
6 37 1034 1393 2478 4482 5561 
2 673 1221 
3 1839 2105 3676 
1 1432 
3 926 2609 4723 
1 2252 
2 2306 3041 
2 1370 4176 
3 1151 2328 3277 
4 440 1890 2082 5047 
3 2407 4514 4995 
6 760 787 1390 1859 2372 4997 
3 2299 2448 4225 
2 2203 2981 
3 3116 4370 5095 
2 958 1536 
1 5275 
2 2241 2721 
2 4469 4868 
4 323 3003 3605 3762 
2 781 4029 
2 1649 2476 
1 264 
2 1598 2023 
2 109 4383 
5 218 2101 2520 4730 5405 
4 517 3731 4074 5340 
3 829 2782 5002 
2 2136 4236 
4 1463 3269 3561 4397 
2 4719 5043 
0 
2 3897 4064 
1 3639 
3 2167 3048 3136 
3 223 452 1629 
2 1742 4700 
3 1838 3837 5145 
1 1303 
1 473 
1 1357 
2 61 550 
3 638 1956 2438 
4 1503 2736 3984 4618 
0 
5 242 546 785 3537 3928 
2 2187 4069 
4 242 1833 3894 5589 
1 2868 
2 4870 5120 
3 4023 5380 5529 
1 4695 
2 1797 3437 
1 934 
4 528 1131 3080 4724 
1 2461 
4 2928 3091 4009 4523 
1 4809 
3 3994 4161 4254 
3 1979 2941 3489 
2 220 2866 
1 909 
1 2897 
1 757 
1 1367 
1 3163 
1 25 
2 644 3718 
2 597 4419 
2 1561 3229 
1 2181 
4 1352 2791 4473 5007 
2 214 4472 
4 213 2751 3792 4090 
0 
2 901 5511 
3 2359 3257 3355 
4 897 3138 3530 4868 
6 2265 2545 3490 3835 3881 3935 
4 976 1931 2474 2858 
1 5508 
4 2521 4380 4401 4792 
2 1268 2077 
3 23 2004 3554 
2 2865 3388 
1 5141 
1 4290 
0 
1 1487 
0 
4 1537 2920 4149 4691 
3 290 2825 3874 
4 1209 1304 1875 5474 
1 288 
1 2689 
2 1707 3031 
0 
2 1267 3291 
1 4102 
2 3113 4686 
1 3965 
1 1240 
2 3116 4911 
0 
1 5420 
3 1088 1798 2461 
4 649 1244 3660 3664 
2 413 1211 
1 4153 
3 1455 3122 5579 
2 867 2970 
3 2667 4795 5175 
2 1175 2709 
5 526 811 2626 4411 5156 
3 149 1344 3247 
2 907 1867 
2 2862 4669 
2 881 4968 
1 1660 
1 930 
2 1482 3362 
5 431 2318 4038 4217 5440 
2 860 4457 
7 311 1813 2319 2685 4010 4595 5228 
5 530 749 2732 3072 4859 
3 2143 2440 4165 
2 702 2078 
3 3293 3332 4259 
1 3139 
2 2971 4708 
6 1225 1250 1964 2455 3426 4942 
2 1000 5539 
0 
4 1350 3456 3902 4677 
1 1187 
3 983 2029 3772 
4 1383 1604 3095 3379 
5 2075 3413 4742 4754 5116 
2 2598 2697 
1 1938 
1 4599 
3 200 1065 3748 
0 
2 61 4714 
4 74 627 4137 4821 
3 2380 3261 5103 
1 4377 
1 977 
2 3213 5124 
0 
4 2970 3510 4138 4982 
1 2274 
3 503 3940 5462 
2 66 1913 
1 3166 
4 563 2346 2961 3849 
2 4593 5584 
0 
2 998 1706 
3 2105 3025 5176 
0 
1 1518 
2 3454 5449 
0 
1 398 
1 5474 
3 2916 3708 5378 
3 2745 3161 4180 
1 1364 
2 4350 5191 
1 3358 
4 1855 2860 4197 4325 
4 370 379 450 5168 
4 371 2493 3266 4598 
3 1450 2572 3395 
0 
1 2359 
1 457 
3 872 3492 4582 
2 1404 5013 
2 2897 3639 
3 1829 2189 4579 
6 310 538 2174 4271 4739 5326 
2 833 1876 
3 2011 5362 5416 
1 3329 
2 3001 5286 
2 1311 2859 
2 743 2431 
2 1363 2506 
3 492 777 1400 
5 882 1171 3586 4867 5433 
6 1113 1494 4557 4810 5437 5583 
3 872 1844 4722 
2 1489 4524 
4 806 2009 4807 5574 
4 968 1110 3842 4187 
4 3371 3376 3714 4574 
3 2571 3553 4541 
4 77 2605 2662 4796 
3 43 3697 5585 
1 3888 
0 
1 1447 
0 
3 3599 4729 5422 
0 
3 2874 5057 5079 
1 2592 
2 702 3744 
0 
7 765 2188 2446 2540 3287 3772 5288 
1 5387 
2 1062 1286 
2 217 5310 
3 334 1846 3538 
2 2225 3984 
2 1084 4444 
3 854 937 5583 
4 2186 2913 3294 3350 
4 889 1358 3184 3311 
2 1855 3356 
1 5599 
2 3903 5242 
4 720 4278 4875 4939 
3 1696 2759 5592 
4 2070 2585 3058 4899 
2 104 4130 
3 894 1301 2240 
2 3088 5447 
0 
1 3615 
2 19 1784 
2 441 749 
3 55 2916 4808 
0 
3 1348 5059 5167 
5 324 759 1897 2149 5121 
3 2242 4145 5249 
4 399 3163 3839 4673 
1 1912 
2 2625 4973 
2 764 1090 
1 323 
1 4677 
1 189 
2 98 125 
5 535 1030 2970 3744 4038 
3 1589 2568 3581 
3 1051 2717 3789 
1 3794 
1 3459 
4 371 1875 3679 5591 
1 18 
3 788 2029 5461 
2 803 3480 
0 
0 
1 33 
1 598 
2 1386 4739 
3 192 3961 5526 
0 
3 1221 2655 3854 
3 1863 3792 5068 
2 2919 3148 
2 180 5419 
1 4802 
1 4517 
1 894 
7 40 74 3279 3463 3781 4241 5077 
4 1419 3295 3962 5444 
5 824 1343 1345 4640 4755 
1 1769 
1 1229 
2 1683 4959 
3 763 4534 4645 
2 2781 3083 
2 1712 3352 
1 2427 
1 2518 
2 2640 3987 
3 763 1698 2056 
1 3553 
2 166 5115 
5 1977 3818 4163 4500 5087 
3 800 5382 5579 
3 3635 3682 5167 
0 
0 
4 1240 2348 4491 4866 
0 
3 1191 2849 5383 
4 224 1106 4177 4240 
4 842 1326 3573 4452 
2 1814 2985 
4 302 1078 2708 5378 
2 1572 2207 
0 
8 29 3707 4082 4106 4437 5095 5401 5593 
2 913 3420 
5 754 2205 3929 5102 5161 
1 1346 
1 4214 
2 2363 2697 
1 1242 
0 
4 858 1836 2064 4530 
5 157 1086 2570 3478 4035 
0 
2 3776 4901 
0 
2 754 4170 
1 4544 
1 2889 
1 1342 
4 542 2543 2697 2936 
3 1891 2589 5051 
5 3176 3321 4082 4431 5230 
3 2041 2668 4916 
3 18 1207 3893 
3 2042 4594 4910 
5 687 1324 1501 4405 5577 
2 2259 4455 
2 2426 3319 
4 622 2255 4880 5476 
4 315 1768 3061 4398 
2 2424 4895 
1 4606 
2 2137 4426 
0 
0 
5 1820 2395 2559 4911 5270 
2 3989 3992 
3 2399 4014 5491 
1 3665 
1 455 
2 584 3612 
2 4583 4661 
4 1949 2224 3113 4104 
4 524 3283 4238 4982 
3 151 4081 4538 
3 1079 2169 2596 
0 
0 
4 197 1795 3147 5358 
3 693 2118 2166 
0 
5 473 2256 2970 3855 4765 
5 154 350 1581 2423 5197 
2 995 1626 
1 3979 
2 2020 3694 
5 202 884 1223 3463 4538 
4 659 3161 4673 5281 
3 472 1965 4827 
1 5232 
1 1624 
1 4940 
7 104 348 1160 1621 1986 3951 5238 
3 2390 2855 5070 
1 2722 
1 1988 
4 1517 1743 2095 2326 
2 363 4749 
0 
4 178 2340 3212 4008 
6 72 1131 1519 2810 4044 5375 
4 1632 1904 3562 4790 
0 
4 128 1321 4370 5010 
2 1214 3451 
1 4029 
2 4291 4894 
2 1696 1924 
3 1742 2046 2176 
3 1493 3202 3531 
3 545 2431 3908 
1 4334 
2 1071 5569 
7 904 1137 1221 1447 2521 2807 3675 
3 752 4007 5543 
2 419 3451 
1 2155 
4 242 1020 4057 5136 
1 3183 
4 296 1391 1739 2737 
1 78 
2 2393 4294 
6 165 167 1406 2411 4769 5584 
1 4813 
1 4482 
4 1002 3564 4088 5050 
6 916 2800 3355 4823 4891 5192 
3 426 2256 4512 
1 4600 
1 1725 
2 195 4300 
4 2320 2579 2820 3863 
2 116 5271 
3 592 1919 3800 
2 4668 5085 
3 1422 3301 3977 
4 119 1886 2472 2537 
3 567 1727 4182 
3 1659 3177 5399 
9 1066 1968 2626 3297 3835 4193 4294 4596 5068 
2 249 4635 
3 727 3685 4458 
3 4 4593 5494 
2 2720 2930 
2 397 2683 
4 1066 2775 3310 4791 
2 467 5399 
0 
4 1204 1680 1993 2908 
1 501 
3 2233 3856 4210 
2 2181 4147 
1 2110 
4 520 1536 4545 5314 
0 
3 1353 1471 4794 
1 5295 
2 2854 3560 
1 1369 
5 170 895 2579 4176 4756 
2 766 5522 
2 3759 5341 
4 2736 3886 4064 5380 
2 2208 4251 
2 3070 4867 
2 566 1824 
3 2302 2974 4375 
1 797 
5 365 1068 2487 4052 5316 
2 1543 3249 
3 1547 1567 2443 
2 4363 5135 
1 696 
0 
1 5492 
2 3060 5221 
2 901 3093 
2 2581 2882 
1 1769 
2 2137 4066 
0 
2 749 1081 
5 519 2584 4064 4305 5106 
2 1375 2677 
2 2551 4160 
3 1815 2279 5162 
4 521 2364 2674 4326 
1 1884 
3 2102 4108 5168 
0 
5 686 2438 2878 3872 5035 
6 845 1223 2024 2511 3991 4525 
3 184 3534 3695 
2 277 4202 
0 
0 
1 5323 
3 1584 2727 2886 
6 934 1045 2427 3473 4691 5143 
4 1574 2715 4592 4832 
4 1825 4419 4478 5560 
0 
2 201 4450 
1 3331 
3 556 1402 5272 
0 
5 334 1436 1761 4886 5076 
4 2143 3199 4625 5490 
2 295 1641 
1 586 
7 425 471 3945 4219 4366 4908 5422 
2 2957 5536 
4 1095 3224 4726 5400 
3 757 1430 3410 
0 
2 1574 3184 
1 3994 
0 
5 1176 2540 2942 3328 4874 
1 5134 
1 2563 
3 964 1465 2289 
4 798 882 1691 3011 
3 3040 4794 5524 
4 521 1970 3603 4976 
2 1017 2573 
4 1278 3353 4774 5314 
3 1813 3087 4728 
3 1346 2444 4018 
2 226 1431 
1 5216 
2 1913 4627 
1 1765 
2 238 4711 
2 1107 5214 
2 4388 5104 
1 4099 
3 2859 2966 4037 
4 244 2482 3161 4274 
2 1571 1774 
3 1262 2806 4878 
0 
3 2362 4325 4722 
3 2293 4503 4733 
4 439 690 825 3881 
3 1950 2779 4377 
2 2454 3035 
1 3184 
3 1157 1509 4720 
2 2139 3371 
2 1606 3581 
3 377 3296 3312 
0 
4 1272 1514 2802 3741 
2 2776 3178 
5 1255 1864 2345 2585 3545 
1 2868 
0 
1 1739 
0 
2 2074 4264 
3 153 2053 3071 
4 257 1069 2447 3816 
4 70 3708 5025 5185 
3 1166 2042 2124 
1 2118 
5 848 1052 1332 2347 3931 
1 3135 
2 414 3574 
3 67 1659 5066 
6 358 965 2919 3420 5200 5307 
6 100 315 1640 3076 3652 4625 
2 1218 4759 
1 3714 
2 4531 5060 
0 
5 205 942 2557 4001 5477 
1 3782 
1 1107 
0 
4 18 1300 1754 4988 
0 
1 807 
2 2648 3962 
4 2 2848 2934 5331 
2 447 4367 
0 
3 3070 3131 3960 
2 1319 4325 
5 1065 1744 2616 2888 3475 
2 1786 5507 
3 1079 1481 4676 
2 4102 5583 
1 3147 
3 1198 2039 3129 
2 1508 5492 
0 
4 2533 2616 3487 3895 
1 4369 
2 2383 2990 
2 2395 4518 
4 216 565 794 1416 
1 314 
2 647 886 
2 426 2450 
4 551 1266 4642 5500 
0 
0 
4 2392 2416 4107 4892 
3 290 1051 5402 
0 
3 1336 2530 2619 
1 1656 
4 494 1288 2063 4358 
5 2027 3480 3643 4551 4741 
3 340 2528 5567 
2 42 5551 
5 471 893 3659 3810 4395 
3 1631 5465 5470 
2 1741 3024 
3 3338 4363 4948 
2 845 3904 
1 2639 
3 2460 4146 4260 
2 278 962 
1 5270 
4 935 1699 2137 2262 
2 3227 4411 
1 3283 
2 3799 4412 
1 1821 
2 190 422 
3 906 2510 3558 
2 671 3481 
1 4428 
1 2084 
2 2534 5068 
5 693 2753 3429 4050 4249 
2 3260 5287 
2 3290 4472 
0 
4 1010 2222 3225 4075 
3 3998 4771 5485 
2 427 2471 
0 
3 2213 4183 4580 
2 3622 5107 
2 4158 5105 
4 865 1332 3317 3427 
1 4200 
5 325 402 780 1456 5563 
1 2069 
1 1069 
2 1332 1346 
3 1029 3425 5376 
5 219 1473 2403 3263 3480 
5 1232 3656 5073 5205 5490 
4 921 951 1915 4931 
3 0 412 581 
3 2225 3515 5446 
3 237 415 2542 
2 189 3662 
2 2591 4306 
3 1781 2263 3788 
2 2582 4054 
2 538 3211 
1 2957 
2 506 4858 
0 
4 934 2883 3597 5499 
2 1420 2053 
2 3434 4035 
2 1153 3682 
3 1688 3004 4342 
3 1079 3749 3943 
2 1451 4431 
0 
4 1408 1600 2497 3593 
2 1514 3428 
2 3944 4410 
2 46 5543 
1 3268 
3 2462 2891 4793 
3 1214 4718 5198 
2 524 1438 
1 2531 
0 
2 286 3371 
3 339 1585 2252 
6 1994 2138 4158 4297 4608 5202 
4 989 1223 1402 2759 
3 3632 3698 4637 
4 697 2813 4942 5285 
2 796 2000 
2 3268 3773 
1 1940 
0 
3 598 1664 2735 
4 1810 2776 3690 4937 
0 
4 4665 4807 5004 5178 
4 670 1466 2647 3177 
2 4761 5171 
2 118 3978 
3 152 930 5267 
3 1529 2653 5024 
1 1903 
1 2136 
3 1303 1857 4874 
4 757 2596 4231 4671 
1 389 
6 647 1822 2255 2401 2483 4608 
1 430 
2 278 5204 
3 50 4121 5104 
3 1405 3419 3658 
3 992 1131 1905 
5 2739 4112 4227 4802 5107 
4 1846 3019 4019 5425 
1 4686 
2 1061 1733 
4 734 3581 4066 5380 
1 4143 
1 3963 
2 2778 3107 
2 2428 3818 
2 410 5406 
6 1348 2321 2348 3690 4415 4700 
2 919 1433 
0 
1 2011 
3 22 319 759 
3 2415 2502 5569 
4 2276 3009 3030 3083 
1 4702 
5 18 1317 2004 2509 4546 
4 2749 3875 4903 5082 
4 921 2185 3968 5015 
6 1396 2273 2634 4105 4310 4850 
5 3122 3801 4125 5014 5085 
4 194 833 2112 3341 
2 91 1800 
2 2932 3375 
2 3040 5205 
2 752 3424 
2 1640 2043 
5 784 2287 2372 2504 2741 
2 765 4685 
1 4538 
1 3555 
0 
2 1261 2405 
2 2307 4450 
4 512 2550 4638 5553 
3 654 2371 3782 
1 1923 
4 90 731 764 4549 
3 762 1791 4302 
5 1248 1808 3153 3577 5576 
1 1886 
0 
1 2341 
5 1043 2671 3333 4323 5148 
3 379 3257 3464 
3 261 2799 3202 
1 1536 
1 4887 
4 1385 1772 4206 4839 
4 98 1670 2360 4785 
1 2745 
2 592 3763 
4 564 604 1704 4053 
5 738 767 1237 2909 3347 
2 4289 4486 
2 1871 2903 
2 1876 4866 
2 1777 3106 
8 576 969 1554 1653 2455 3721 4438 5542 
2 1309 2382 
1 1414 
3 2874 3335 5130 
1 1259 
3 321 793 804 
1 1090 
2 59 2954 
0 
5 440 684 1796 1955 2658 
2 980 1703 
3 1971 3670 4514 
2 1262 3489 
3 1731 2468 5357 
1 363 
3 501 2496 3137 
3 2202 3206 4702 
3 2789 4853 5396 
1 3008 
4 845 1785 2497 3475 
5 1122 2157 2499 4366 5185 
4 176 1840 2397 4395 
4 630 2981 4637 4688 
3 266 4573 4856 
4 171 1463 2591 4369 
3 672 2103 3710 
1 5070 
1 3552 
3 2028 2325 3320 
1 2891 
1 4512 
4 1555 1701 2827 4560 
1 2577 
3 253 4148 5068 
3 333 1994 3040 
1 1001 
2 427 2113 
1 3426 
3 101 2117 2904 
5 392 1046 2424 3020 3168 
3 1875 4931 5165 
1 5292 
3 1093 1379 4237 
0 
5 816 1021 3125 3649 5264 
3 575 2560 3602 
6 298 735 2222 4570 5432 5530 
4 935 1169 1600 4794 
1 1696 
1 3559 
1 672 
2 412 3737 
1 4750 
4 146 1749 3405 5051 
1 865 
1 4938 
4 877 2202 3704 3985 
3 2407 3020 5057 
2 653 3131 
1 5081 
4 434 3379 5024 5111 
0 
0 
1 816 
4 370 1761 3326 5320 
4 626 637 826 3311 
2 1901 3772 
1 2428 
1 2362 
2 4902 5414 
3 601 2591 2806 
2 624 4898 
3 1015 2677 2798 
4 2042 3065 3170 3380 
2 2455 3008 
4 637 1058 1771 4373 
3 186 810 4843 
2 1486 4359 
1 516 
2 1284 3454 
6 646 1102 1214 1270 1646 3600 
0 
2 1502 4111 
2 418 4524 
4 142 1550 1825 3650 
3 795 4276 4719 
2 2131 2682 
3 3738 4757 5543 
1 1583 
3 2747 3801 5548 
5 1927 2840 2948 3083 4380 
3 1459 1787 2731 
1 3090 
1 4760 
1 1370 
3 760 1183 2617 
1 5555 
3 655 2760 4624 
5 413 1164 3076 4066 5504 
0 
2 510 2768 
4 370 545 1028 1317 
0 
0 
1 4639 
3 2311 3528 5435 
1 1528 
3 756 1216 1728 
4 213 1098 1920 2967 
3 151 425 2910 
3 356 3289 4102 
2 292 490 
1 5439 
1 5573 
1 4121 
3 821 2269 3378 
1 4135 
3 847 2012 2506 
1 5270 
4 996 1561 2487 5189 
4 508 1606 3358 4114 
0 
1 5072 
2 38 2214 
0 
5 2572 3183 4733 4993 5263 
1 4800 
2 1817 4872 
3 458 1037 2176 
2 56 442 
5 2294 2529 3353 3857 4417 
0 
4 418 1524 3551 4158 
2 2257 3019 
1 3134 
1 1704 
3 625 3699 4755 
0 
0 
4 1474 3067 3524 4115 
9 201 492 538 1224 1378 3023 3130 4049 5060 
3 2309 2796 4587 
4 2073 3250 5006 5461 
3 2803 3763 4612 
1 1332 
4 836 1944 2597 3637 
0 
6 1050 1103 1257 3814 4302 5186 
3 2346 3103 5372 
3 205 714 1313 
3 526 2934 4824 
2 2635 3455 
2 1546 3890 
3 430 896 2742 
2 922 4211 
0 
2 1110 3186 
2 2856 4206 
2 597 1292 
0 
1 120 
1 3757 
1 4938 
3 967 1611 5525 
3 712 1685 5504 
1 4615 
3 216 816 3146 
2 1685 3464 
3 1807 2108 4366 
2 4821 4894 
3 1303 2664 2993 
4 8 3536 4272 4836 
3 1873 2284 2671 
2 1131 3558 
4 261 2600 2681 4233 
1 5209 
1 4309 
5 228 553 1645 2931 5349 
3 3360 3658 4864 
4 124 729 811 3415 
1 736 
1 4583 
3 2285 3184 5470 
2 1493 3756 
2 928 1292 
0 
2 2332 4952 
5 865 1667 2151 4167 5412 
3 204 3589 5480 
1 635 
0 
0 
1 5450 
1 2956 
3 833 2854 3304 
3 2291 2602 4427 
2 967 4829 
2 2255 3781 
4 197 1866 2088 2786 
4 1151 1611 3113 4069 
2 696 2785 
4 67 506 3856 4129 
3 408 1524 1584 
3 3004 3325 3522 
3 2766 3567 5322 
1 1504 
2 2991 4076 
0 
0 
2 489 2248 
2 2318 2651 
4 1173 1280 4108 4114 
2 3166 5158 
5 1159 1949 2385 2971 4746 
1 2476 
2 1271 4305 
2 3553 5536 
4 110 621 3015 4585 
1 3222 
2 2835 3897 
3 55 2748 2842 
4 439 1659 2228 4332 
2 1087 2921 
3 2047 2370 2672 
1 1933 
1 5474 
1 3489 
3 1097 4300 5293 
2 2900 3304 
2 558 2106 
3 2886 3892 4768 
1 5022 
1 38 
2 4567 4697 
4 2190 4037 5528 5576 
4 2293 4451 4830 5089 
3 2228 3007 5499 
2 2162 4687 
3 240 1704 4693 
2 1449 2773 
3 321 3385 4043 
4 296 402 2103 3786 
2 3145 4613 
3 1148 1280 2331 
3 534 1442 2615 
2 320 3990 
4 10 1942 2805 3423 
1 2579 
2 2016 2024 
5 998 2019 2222 2661 4003 
0 
7 1466 1580 2325 2526 3024 3648 5162 
1 2107 
2 630 3494 
3 1579 4806 4814 
4 226 1571 3499 4880 
6 3450 3642 3668 4225 4380 4700 
2 1619 4977 
0 
2 2363 3600 
4 438 2461 2875 4426 
1 5094 
1 327 
1 378 
1 3521 
2 120 150 
3 22 3249 3623 
7 1504 1656 1930 3081 3831 4083 5332 
3 23 2766 4213 
3 2381 2932 5214 
2 1086 1211 
4 759 1785 3184 4585 
3 499 1809 3917 
2 686 5577 
5 149 825 1184 3762 4667 
3 577 3571 4505 
1 3236 
4 1996 2223 4606 4878 
2 886 3049 
0 
3 1189 2128 5086 
1 1442 
3 1035 3535 3673 
0 
0 
1 1208 
5 724 1763 3835 4003 4293 
1 5191 
2 288 4592 
1 2886 
2 1135 5250 
1 3355 
4 162 3755 3949 4593 
0 
3 2719 5257 5584 
2 1923 4522 
3 430 3615 3670 
1 4043 
0 
1 4672 
5 56 753 1359 1885 2404 
5 311 1195 1299 3470 5027 
4 336 1474 2234 4630 
1 1082 
5 148 824 2299 3751 4563 
4 1361 2514 3401 5337 
2 1797 2745 
4 1023 1312 1670 1701 
0 
2 1473 2705 
5 538 550 2795 3454 3472 
0 
4 1523 3512 3596 3852 
2 4296 5493 
3 484 1343 4326 
2 1196 3188 
5 1689 3215 3867 4655 5287 
6 1686 2123 3981 4056 4553 5545 
3 625 2937 5494 
1 4333 
3 1056 3027 4986 
2 3685 3946 
0 
5 652 750 1139 1997 3730 
1 2585 
7 516 1378 1905 3707 4322 4986 5327 
4 551 628 3257 4152 
2 2416 3343 
5 593 1397 3415 3997 4030 
5 3024 4493 4566 5370 5548 
3 2906 3024 4390 
2 3578 4726 
4 40 2279 2932 4944 
1 3202 
3 1879 2260 3287 
3 651 4159 5333 
1 1754 
4 348 1270 1330 4021 
1 824 
0 
1 5010 
2 2513 2629 
4 1257 1768 2529 3141 
2 1732 2935 
3 2556 3080 3965 
5 205 2120 3241 4875 5024 
6 140 691 2237 2957 3292 4735 
4 1543 2976 4842 4963 
3 320 2717 5458 
4 1788 2426 4810 5463 
0 
3 1398 2995 3757 
1 3272 
2 1734 3267 
4 883 3635 5037 5381 
2 2241 4973 
3 867 2794 3624 
0 
1 538 
2 5243 5309 
2 202 1046 
3 1950 3830 4121 
1 4958 
4 1035 1449 2556 4481 
2 306 2499 
0 
1 4476 
1 3785 
3 161 795 2775 
1 3026 
0 
3 1491 1730 3874 
2 245 3170 
3 467 940 4341 
2 11 3389 
1 3659 
0 
1 4828 
1 3550 
4 84 3573 4264 4891 
1 5308 
1 4662 
2 1228 3012 
1 5379 
5 269 830 928 2106 4451 
2 3372 5191 
1 1525 
3 662 1702 4377 
1 1562 
3 2022 4007 4200 
2 754 2347 
5 1315 3147 4339 4879 5361 
5 277 1383 1506 3856 4125 
3 3628 3744 4300 
3 1820 2620 4532 
3 436 1273 2852 
3 1571 3240 4389 
3 2165 3838 5145 
4 2591 4782 5048 5232 
2 2008 2319 
4 919 1157 1827 5462 
2 129 2847 
1 3022 
6 343 671 1145 1287 5234 5474 
4 1717 2185 2868 3410 
0 
1 4984 
2 2101 3548 
3 2136 2881 5121 
4 296 1356 2300 3082 
4 1024 1176 2606 5241 
0 
2 305 1536 
2 2898 3389 
1 1557 
3 610 1224 4868 
2 4289 4401 
3 646 1035 1546 
5 486 546 3605 3737 5018 
5 1587 3538 3642 4152 4164 
2 1327 3248 
0 
4 1201 1922 3928 4983 
1 1140 
3 2562 4780 5100 
1 3852 
0 
1 2602 
2 3551 5258 
5 1626 2785 3853 4229 4596 
3 195 599 2279 
5 1716 3283 3541 5126 5379 
6 709 2501 3184 4098 4723 5418 
1 2910 
3 1392 4510 4687 
1 888 
4 170 200 603 4160 
1 74 
7 835 861 1893 2204 4593 4619 4960 
5 133 3361 4557 4790 5439 
1 4601 
0 
3 1605 2234 2621 
5 61 1122 1300 3316 3642 
4 665 1568 3011 4448 
0 
4 1539 1913 4062 4653 
4 438 1902 2440 4626 
2 3284 4700 
3 461 1404 4130 
0 
2 2948 3444 
0 
1 4230 
3 351 1080 4623 
1 2 1 1 1 1 1 3 3 1 1 1 2 1 2 2 2 1 2 2 1 2 1 2 3 3 2 1 3 2 1 2 3 2 1 2 1 1 3 2 1 2 3 1 1 1 1 1 2 2 2 1 1 1 1 1 3 1 3 1 1 2 1 1 3 1 3 2 2 1 3 2 1 2 1 1 1 1 1 1 1 1 1 1 2 3 2 1 1 2 1 1 2 1 1 1 2 2 1 2 2 2 2 3 3 1 1 2 1 2 1 1 1 2 1 2 1 2 1 3 3 1 4 2 1 1 1 1 1 3 1 4 1 1 1 1 1 2 1 1 2 2 2 2 1 1 1 1 3 1 1 4 1 1 1 1 2 1 1 1 3 3 3 1 2 3 2 1 1 2 1 1 2 2 1 1 1 1 1 1 1 1 4 1 2 2 1 1 1 2 2 2 1 2 1 3 3 1 1 1 3 1 4 1 2 2 1 1 2 3 1 1 2 2 2 1 1 3 1 1 1 1 1 3 2 1 3 1 2 3 1 1 1 3 1 3 3 2 4 1 3 1 3 1 2 1 1 1 2 2 3 1 1 2 1 2 2 1 1 2 1 1 1 1 2 1 3 1 1 1 2 1 2 1 2 1 2 3 3 1 1 1 1 1 1 2 2 2 3 2 3 2 3 1 3 1 1 2 1 2 1 1 1 1 3 2 1 2 1 1 2 1 2 1 2 2 3 2 1 1 1 2 1 3 1 2 1 2 3 2 2 4 1 2 1 1 2 4 4 2 2 2 2 3 2 1 3 1 3 1 1 3 3 2 1 1 2 1 2 1 3 3 3 1 2 1 2 2 4 2 4 1 1 2 2 1 1 1 2 3 1 2 2 1 1 2 3 1 2 2 1 1 2 1 1 1 3 1 1 2 3 1 1 1 1 1 1 2 3 2 2 2 3 1 2 3 2 2 2 1 2 3 1 3 1 2 3 2 1 1 3 1 3 3 1 1 2 1 1 2 2 2 2 1 1 1 2 2 2 1 1 1 2 3 3 1 1 1 3 1 1 1 2 1 1 2 3 1 2 1 2 3 3 1 1 2 2 2 1 1 1 1 2 4 3 1 1 1 2 4 1 2 5 2 2 3 2 1 1 1 2 2 3 1 1 2 3 1 2 1 1 2 3 1 1 1 4 1 1 3 1 2 2 1 1 1 3 1 3 3 1 2 1 1 2 1 1 1 2 1 1 1 2 1 1 3 2 1 1 1 1 1 1 2 1 2 1 1 1 1 1 2 2 2 3 1 3 2 2 1 1 1 1 2 3 3 2 1 2 1 2 3 2 1 1 1 2 1 1 1 2 2 2 3 2 2 2 2 1 2 1 3 1 1 1 2 1 1 1 1 2 2 2 2 1 2 1 1 1 2 1 1 2 1 2 2 1 4 1 2 3 1 1 1 2 1 1 1 1 1 1 2 1 2 3 2 4 2 3 1 1 2 3 1 2 1 2 4 1 1 2 2 1 2 2 1 1 1 2 1 1 1 2 2 1 1 1 3 1 1 2 2 3 1 2 1 2 2 3 1 2 3 3 4 2 3 1 1 2 3 2 1 3 1 2 2 1 2 2 1 1 1 2 1 1 2 1 2 1 1 1 2 2 1 1 2 1 1 1 2 2 3 1 1 2 1 1 1 3 4 1 2 2 2 1 2 2 1 3 3 2 1 2 2 2 3 2 3 1 1 2 1 3 3 1 1 1 1 1 3 1 4 1 2 1 2 1 2 2 1 4 1 2 1 2 2 2 3 1 1 3 2 1 2 1 3 1 2 1 1 2 1 1 2 2 1 1 1 2 3 1 1 2 1 2 1 4 1 1 2 3 1 1 3 4 3 1 2 1 3 1 1 2 1 1 1 2 1 1 1 1 1 1 3 2 3 2 1 1 1 3 1 1 1 1 2 3 2 1 2 1 1 3 1 2 3 1 1 1 2 2 2 3 2 1 2 1 3 1 2 2 1 2 2 2 2 1 1 2 1 2 2 1 3 1 1 2 3 2 1 1 2 1 2 1 2 2 1 1 3 1 1 1 3 1 2 1 3 1 2 1 2 1 2 2 4 1 1 1 1 2 2 2 1 1 2 3 1 1 1 1 2 2 1 1 2 1 2 3 1 2 1 1 2 1 4 1 1 3 1 1 2 2 1 1 2 1 2 1 1 2 1 1 2 1 1 1 2 1 1 3 1 3 2 2 2 2 1 1 1 1 3 2 1 2 2 2 1 1 1 3 1 1 1 4 1 1 2 2 1 1 2 2 1 2 3 2 1 1 1 1 1 3 1 1 1 4 2 2 1 1 3 3 2 1 3 1 1 2 1 2 1 2 3 2 1 2 3 2 1 1 2 1 2 1 1 1 1 4 1 1 2 2 1 1 1 4 1 3 3 2 2 1 1 1 1 1 1 1 4 1 3 1 1 2 2 1 1 3 1 2 2 2 3 1 3 2 1 3 1 1 1 2 2 1 3 1 1 1 1 1 1 1 4 2 1 1 2 1 1 1 1 3 1 3 2 1 1 1 3 1 3 1 2 1 2 1 1 2 1 2 2 1 3 2 3 2 1 1 2 1 1 2 1 3 1 2 4 2 2 4 1 1 1 4 2 1 2 1 2 1 2 3 2 2 4 2 1 1 3 1 1 1 2 1 3 1 1 1 3 1 2 1 2 1 3 1 2 2 2 2 1 2 1 2 1 1 1 2 2 2 1 1 2 2 2 1 1 3 1 1 3 1 2 2 1 1 1 1 2 1 3 1 2 1 2 3 1 1 2 3 1 2 1 1 2 3 1 3 1 1 2 4 1 2 3 1 4 1 3 2 1 3 2 4 1 1 4 2 2 4 1 1 3 2 1 1 2 1 3 2 1 1 2 3 1 3 1 2 2 1 3 1 1 1 3 1 2 2 1 2 1 1 2 2 1 1 2 1 1 2 1 1 1 3 1 1 2 2 1 3 1 2 2 2 1 2 4 3 2 3 2 3 1 2 2 2 1 2 1 1 2 3 1 3 1 3 1 2 1 1 2 1 1 1 2 2 2 1 2 2 1 1 2 1 3 3 3 1 3 3 3 1 3 2 1 2 1 2 2 1 2 1 1 1 1 2 2 2 2 2 3 4 1 1 2 3 2 2 1 1 1 1 1 1 2 1 1 3 1 3 2 1 2 1 2 1 2 1 2 2 1 2 1 1 1 3 2 3 1 2 2 2 2 1 1 4 2 1 1 2 2 2 1 1 1 2 4 2 3 3 1 2 4 3 1 1 1 1 1 1 1 1 2 1 1 2 1 2 1 2 3 2 3 3 2 2 1 2 1 2 1 2 4 1 1 3 2 2 1 3 2 1 3 1 1 1 1 1 2 1 2 2 2 1 1 1 2 1 1 1 2 2 1 1 1 3 1 2 1 1 1 1 1 2 2 2 2 1 2 1 1 1 1 1 2 1 3 1 2 1 1 1 1 2 2 2 3 1 3 1 1 1 2 2 1 2 2 1 1 2 2 1 1 1 1 1 1 1 1 3 2 1 2 3 1 1 1 2 1 2 2 1 2 2 3 1 2 1 2 2 2 1 1 1 2 1 2 3 1 1 1 1 1 1 3 3 1 1 1 1 2 1 2 2 4 1 3 2 1 3 1 1 1 1 2 2 2 1 2 3 2 3 2 1 1 1 1 2 1 3 1 2 2 2 2 1 2 2 4 2 2 1 1 2 1 2 1 3 3 2 2 1 1 2 2 1 1 2 2 1 1 2 2 3 2 3 1 3 2 1 2 1 2 1 2 3 2 2 2 1 2 1 1 3 2 2 1 2 1 1 1 3 1 2 1 1 3 1 1 2 1 1 2 3 1 2 2 1 1 1 2 1 1 1 2 2 2 1 2 2 2 2 3 2 1 1 2 1 3 2 1 1 1 3 1 1 1 2 2 2 2 1 2 2 1 1 2 1 1 1 2 1 1 3 1 2 2 1 2 1 1 2 1 2 1 1 2 1 2 1 3 1 1 2 1 1 2 2 1 1 3 1 1 2 1 2 2 1 1 2 3 1 1 2 1 1 2 1 3 2 4 1 1 2 1 1 2 1 1 4 2 2 1 2 2 1 3 1 1 1 2 2 1 1 1 1 1 2 2 1 2 1 1 2 1 3 3 1 1 2 3 1 2 2 3 2 1 2 2 1 2 4 2 1 1 1 2 2 1 2 2 1 1 2 2 1 1 1 1 2 1 1 1 2 2 1 2 1 1 1 1 2 1 1 3 3 1 1 1 3 1 1 2 2 4 1 2 2 1 1 1 1 1 1 2 1 1 1 2 2 2 1 2 2 3 2 2 3 1 1 1 1 1 1 1 1 1 1 2 1 1 3 2 2 2 1 1 1 2 3 3 1 1 2 2 1 1 1 1 3 1 1 2 2 3 2 2 1 2 2 2 1 4 1 1 1 2 2 2 2 3 4 2 1 3 1 2 1 2 1 3 3 1 3 1 1 2 2 3 3 1 3 1 3 1 2 2 1 1 1 1 1 1 1 2 1 1 1 1 4 1 3 2 1 1 1 2 2 1 2 1 2 1 1 2 2 2 1 2 1 1 3 1 2 1 3 3 2 1 1 1 1 3 1 1 2 1 2 1 1 1 1 2 2 1 1 1 3 4 1 3 1 3 2 1 2 3 2 1 1 3 3 2 2 2 1 1 1 1 3 2 2 2 1 1 3 1 1 1 1 1 4 3 2 2 1 2 2 2 2 1 4 3 1 1 1 2 1 1 1 1 3 1 1 2 1 1 3 1 1 1 2 1 1 1 4 3 2 1 1 2 1 2 2 1 2 1 2 1 1 1 2 1 1 1 4 1 2 2 1 1 3 1 1 4 1 1 1 3 2 1 2 1 3 1 1 3 1 1 2 3 1 2 1 2 1 2 3 1 3 1 4 1 4 2 2 1 1 1 3 1 1 2 1 3 1 1 2 2 2 2 1 2 3 4 1 2 2 2 1 1 1 3 2 4 1 2 3 2 1 1 2 2 3 2 1 2 1 2 3 1 1 1 1 3 2 1 2 2 1 2 2 1 1 3 1 3 2 1 1 2 1 2 1 1 2 1 1 1 1 1 2 2 1 1 2 1 1 2 1 1 1 2 1 1 1 1 2 1 1 2 2 4 1 2 2 1 2 3 2 1 1 1 2 2 2 2 2 1 1 2 1 2 1 2 1 2 1 1 1 1 2 1 1 3 1 1 3 3 2 1 2 1 1 3 1 1 1 1 1 2 1 2 1 1 2 3 1 2 2 2 1 1 1 1 1 3 1 2 1 1 1 2 1 3 1 2 1 1 4 4 2 2 3 1 3 1 2 1 1 1 1 1 2 2 2 2 2 1 2 2 1 2 2 3 1 1 1 1 1 3 1 1 2 1 1 1 1 1 1 3 1 1 2 3 2 2 2 1 1 1 1 2 3 3 2 2 1 1 2 3 2 1 1 3 1 1 1 1 3 1 2 1 1 1 1 3 1 1 2 2 1 1 1 1 1 1 1 1 1 3 2 2 2 3 1 2 3 1 2 2 1 2 1 1 2 2 1 1 3 1 2 2 2 2 3 1 1 3 1 1 1 2 1 2 2 3 1 1 1 1 1 1 2 2 3 2 4 2 3 1 1 1 1 2 1 1 2 1 1 3 1 4 1 2 2 1 3 1 1 2 3 3 2 1 1 3 2 1 3 1 2 1 1 1 2 1 1 1 2 1 1 1 1 1 4 2 1 3 1 3 1 2 1 1 1 1 2 1 1 2 2 1 1 1 2 1 1 1 2 3 2 1 3 1 1 2 1 3 1 1 1 2 1 1 2 3 2 1 2 3 3 2 1 1 1 1 2 3 1 2 1 2 1 3 1 1 4 1 3 2 1 1 2 2 1 2 2 1 1 1 1 2 2 2 1 3 1 1 1 2 3 2 2 2 2 1 2 1 2 3 1 2 2 1 2 2 2 4 1 1 2 3 1 1 2 2 3 1 1 3 2 2 2 1 1 1 1 4 2 1 1 1 1 3 1 1 2 1 2 2 1 2 1 1 1 2 1 5 1 1 2 2 1 2 1 1 2 2 1 2 1 1 1 3 2 2 1 3 2 2 1 2 2 1 1 3 1 2 1 1 1 1 1 4 3 1 1 1 1 4 2 2 2 1 1 3 1 2 1 2 1 2 1 4 1 3 1 2 1 1 3 3 1 3 2 2 3 2 1 2 1 2 1 2 1 3 2 3 1 2 1 1 2 3 2 1 1 1 1 3 2 1 1 1 1 1 1 1 2 1 1 2 1 1 1 1 1 1 3 1 1 3 1 4 1 1 2 1 1 1 1 1 2 5 1 1 1 2 1 1 2 2 1 2 2 1 1 1 2 3 1 2 2 1 3 2 2 1 1 1 2 2 3 1 1 1 3 1 3 1 1 1 1 1 4 1 2 1 1 3 1 2 3 1 2 1 1 2 1 2 3 1 1 1 2 1 1 2 2 2 2 1 2 2 1 2 1 2 2 2 1 2 2 1 2 2 2 2 1 2 1 1 1 2 1 3 3 1 2 1 4 1 1 1 2 1 2 2 2 2 1 2 2 2 2 1 1 1 3 3 3 1 2 2 1 1 2 1 1 2 1 3 1 1 3 2 1 1 1 2 1 2 2 1 2 3 1 1 1 2 2 1 1 2 1 1 2 1 2 2 2 1 1 2 1 1 2 1 2 2 2 2 1 3 2 1 1 2 1 2 1 3 2 1 1 1 3 2 1 1 3 2 1 1 2 2 1 4 3 2 2 3 4 1 2 1 1 3 2 1 2 2 1 1 2 2 1 2 3 2 1 2 1 1 1 3 1 2 1 2 2 1 1 1 1 1 3 3 2 1 2 1 1 2 2 1 1 2 2 1 1 1 2 2 2 1 3 2 3 2 1 2 2 1 2 3 3 1 2 1 1 3 1 1 1 2 1 1 1 2 1 2 1 2 2 1 1 1 2 1 2 3 1 1 1 1 2 2 2 1 1 1 1 3 1 1 1 3 1 3 1 2 2 1 1 2 2 2 1 3 2 1 2 2 3 1 1 1 1 3 2 1 2 1 1 1 1 2 1 2 3 2 1 2 1 1 2 2 3 1 2 2 1 2 3 1 1 1 1 3 1 3 3 2 1 1 1 1 2 3 1 1 2 3 1 1 1 2 1 2 1 1 1 1 1 1 2 1 1 2 1 3 1 3 1 1 1 1 2 1 4 1 1 1 1 2 2 2 2 1 1 1 1 2 1 1 2 1 3 3 1 2 2 1 1 1 2 3 1 1 1 1 1 2 2 3 2 2 1 3 1 3 1 1 1 2 2 1 2 1 3 3 2 1 1 3 2 1 1 1 4 2 1 1 2 3 2 2 1 2 2 2 1 2 1 2 1 1 2 2 1 2 3 1 2 2 1 1 2 1 3 1 2 1 3 1 1 3 2 3 1 1 2 4 2 1 2 1 1 1 2 3 2 2 2 1 2 1 1 2 2 2 2 1 2 2 1 1 3 2 2 1 2 1 2 1 2 1 1 1 2 2 2 1 3 1 1 3 2 1 2 2 1 2 2 1 2 1 2 2 1 2 1 1 2 1 4 1 1 1 1 3 2 2 4 1 3 2 2 1 2 2 3 2 2 3 3 1 2 2 1 2 1 2 2 1 2 3 4 1 2 1 1 2 2 1 2 1 2 1 4 1 3 3 1 2 2 2 1 1 1 1 2 2 1 1 1 1 1 2 1 1 1 2 3 1 1 2 2 1 1 3 2 2 1 1 1 1 1 1 2 1 1 1 1 2 1 2 3 2 2 2 1 1 3 3 2 2 2 2 1 1 1 2 4 1 1 2 1 1 1 2 1 3 1 1 1 2 1 1 1 3 1 1 1 3 1 1 1 2 2 1 1 1 2 1 4 1 2 1 3 1 3 1 3 3 1 1 1 1 1 2 2 1 1 1 2 1 3 1 2 3 2 2 1 1 2 2 2 4 2 1 1 2 1 1 3 2 1 1 1 2 2 3 1 1 1 1 3 2 1 2 1 3 2 1 1 2 2 1 1 1 3 2 4 1 2 2 2 1 1 2 1 1 1 1 2 3 1 1 1 3 1 2 1 1 2 3 2 1 1 1 1 1 1 1 4 1 1 1 1 1 1 3 1 2 1 1 2 1 2 1 1 1 2 1 2 1 1 1 2 1 1 1 1 2 3 1 1 2 3 1 1 2 1 1 3 4 2 1 1 3 2 1 2 1 2 2 1 3 1 1 1 4 1 1 1 1 2 3 1 2 2 3 1 1 1 2 1 2 1 1 3 1 1 2 1 1 2 1 1 1 2 1 3 3 1 2 1 1 2 1 1 1 1 1 3 2 1 3 2 2 1 3 2 1 2 1 2 1 3 1 3 1 1 1 1 1 1 1 1 2 3 2 3 2 1 1 2 1 3 2 1 1 1 1 1 3 2 1 1 2 2 1 2 1 1 2 1 1 3 1 1 2 1 2 2 2 1 1 2 1 2 2 1 2 1 1 1 3 2 1 2 2 3 1 2 1 1 1 2 1 1 1 3 2 3 1 2 1 2 1 2 1 2 1 2 1 2 1 3 3 2 4 3 2 2 4 1 2 1 1 2 3 1 1 2 3 1 2 3 2 3 1 3 1 3 1 1 3 1 2 1 2 2 2 1 1 3 2 3 3 2 2 1 1 1 2 2 2 1 1 3 1 3 4 3 2 2 1 1 1 2 1 2 2 3 1 1 2 1 1 1 2 3 1 1 1 1 1 1 1 1 3 1 1 1 1 2 1 1 1 1 1 1 1 2 2 2 1 4 1 2 1 1 2 1 1 1 1 1 2 2 2 4 1 1 2 1 1 3 1 1 1 1 3 1 3 2 1 2 1 3 1 2 2 2 3 3 3 3 1 1 1 2 2 1 2 1 2 2 1 1 1 1 3 1 1 3 2 2 1 1 2 1 2 1 2 3 2 1 1 2 2 1 3 1 2 1 3 1 1 1 1 1 3 1 2 1 2 1 2 1 1 2 3 1 3 2 3 1 4 1 3 2 1 1 2 1 1 2 1 1 1 3 1 1 3 1 2 1 2 3 1 1 1 3 4 1 1 1 3 3 1 2 1 1 2 2 1 1 1 1 3 3 1 2 1 4 1 2 1 1 1 1 1 3 1 2 1 2 1 1 1 1 1 1 3 1 1 4 1 2 2 3 2 3 2 1 1 1 2 2 1 2 3 1 2 2 2 1 2 1 3 1 1 1 2 1 2 1 1 2 1 2 1 2 1 2 1 1 2 1 1 1 1 1 3 2 1 1 3 1 1 1 2 2 1 2 3 1 2 1 3 3 3 1 1 3 1 2 2 1 1 1 2 1 1 1 1 1 2 1 2 1 1 2 1 2 1 1 1 1 1 2 1 1 1 1 1 2 1 1 1 3 1 1 2 2 1 4 2 3 1 1 1 3 3 1 1 2 2 2 3 1 3 4 3 2 1 1 1 3 1 1 1 1 1 1 3 1 2 3 1 1 1 3 2 2 2 3 3 4 1 3 1 1 2 2 2 2 2 4 1 1 1 2 3 2 2 2 2 3 1 1 4 3 2 1 3 3 1 1 1 2 1 3 1 1 2 2 2 4 2 1 2 2 1 1 2 1 1 4 1 1 2 2 1 2 1 1 2 2 1 1 1 1 1 3 1 2 1 1 1 1 2 1 1 1 2 3 1 2 2 3 3 3 3 1 1 2 1 2 2 2 1 2 1 2 2 2 1 1 2 1 2 1 1 3 2 2 1 2 3 3 2 1 1 3 2 2 3 1 1 1 1 2 1 3 1 3 2 3 2 2 2 1 2 3 2 2 3 1 3 2 2 1 1 1 2 1 1 1 2 1 1 2 2 4 3 1 2 1 2 2 1 3 2 2 2 1 1 1 1 3 2 2 2 3 1 1 1 2 2 1 2 1 1 2 1 3 2 4 1 1 1 4 1 3 3 1 1 2 1 1 3 1 2 1 2 1 1 1 1 1 1 2 1 1 1 2 1 1 1 3 4 1 3 2 2 1 1 1 2 1 2 1 1 1 1 1 3 1 2 2 1 1 1 2 2 1 2 1 1 2 2 2 1 3 2 3 1 2 2 3 2 2 1 1 1 2 2 2 2 1 1 1 1 1 3 2 1 2 2 3 2 3 1 2 2 2 1 3 2 2 2 1 1 1 3 2 2 2 2 1 1 1 2 3 1 1 3 1 2 2 2 3 2 1 1 2 2 3 1 1 1 2 4 2 3 2 1 2 3 2 1 2 1 1 3 1 3 1 3 2 2 4 1 3 2 1 1 1 1 3 1 2 2 1 1 2 1 1 2 2 2 1 3 2 2 1 1 2 2 1 2 2 2 2 1 1 1 1 2 1 3 2 2 1 2 1 3 1 2 1 2 2 1 1 1 1 3 1 2 1 1 1 1 2 1 2 1 2 1 2 3 2 1 2 2 3 2 1 1 1 1 1 3 1 1 2 1 1 1 1 1 2 1 1 2 1 3 3 3 1 3 2 1 1 1 1 1 1 1 1 1 3 2 1 1 1 1 1 1 1 3 2 4 2 3 2 1 2 1 1 3 1 1 1 1 1 2 3 2 1 2 2 2 1 3 2 1 1 1 2 2 1 3 3 1 1 1 1 3 1 1 2 1 2 3 2 2 2 2 1 2 2 1 1 4 1 1 1 1 2 2 2 1 1 2 1 3 2 2 1 2 2 1 2 2 2 2 3 2 1 1 2 3 2 3 1 1 2 3 2 3 1 2 2 1 2 1 2 1 3 1 1 2 1 3 1 2 2 1 1 2 2 2 2 1 1 1 2 1 2 2 2 2 2 1 1 1 1 1 1 1 1 1 2 2 3 3 3 1 2 1 4 4 1 1 1 1 1 1 3 2 3 1 2 2 2 1 3 1 2 1 1 1 2 1 1 1 2 1 1 2 1 2 3 1 1 2 2 2 2 1 2 3 2 2 2 2 1 3 1 1 2 1 3 1 1 2 2 1 3 2 1 2 1 2 2 2 1 1 1 1 1 2 2 2 2 2 2 2 1 1 3 1 2 1 1 1 1 1 2 1 1 1 2 1 3 1 1 1 2 2 2 2 1 2 1 2 1 2 2 3 1 2 1 3 1 3 1 1 3 1 1 3 1 3 4 1 1 2 1 2 3 2 2 3 1 2 4 1 1 2 1 3 1 3 1 1 1 3 3 3 1 2 2 1 1 1 2 3 2 2 3 1 1 1 3 2 2 3 2 3 1 1 2 1 1 1 1 1 1 2 1 1 2 1 3 2 1 2 3 1 2 1 1 1 2 1 1 3 1 1 3 2 2 2 1 2 1 3 3 1 2 3 2 2 3 1 1 1 4 4 1 1 1 2 3 1 1 2 1 2 1 3 1 2 3 2 1 3 1 1 2 2 2 1 2 1 1 1 1 4 3 3 3 1 3 2 3 2 1 1 1 2 1 1 1 1 2 2 2 2 1 1 2 1 2 2 1 4 3 2 1 4 4 2 1 2 1 3 2 2 1 1 1 1 2 1 1 2 1 1 1 2 1 2 2 1 2 2 2 1 1 3 1 1 1 1 1 1 2 2 3 1 2 1 1 1 1 1 1 4 1 2 2 2 4 1 1 1 2 1 3 1 1 2 2 2 1 3 1 1 1 3 2 2 2 2 1 2 1 2 1 2 2 2 2 1 2 3 1 3 1 3 2 2 4 1 1 1 3 1 1 1 3 1 3 3 1 2 1 1 1 1 3 2 3 1 3 1 2 2 1 1 3 2 2 2 3 1 1 1 1 1 1 1 1 2 1 2 1 3 1 1 1 1 1 1 2 4 2 2 1 1 1 1 3 1 3 1 1 1 1 2 1 2 2 3 1 1 1 1 3 3 1 2 1 1 1 3 1 2 1 3 1 2 1 2 3 2 2 2 1 2 1 1 2 1 2 1 1 1 1 2 1 1 2 3 4 2 1 1 1 3 2 1 1 1 1 2 1 2 1 1 2 1 2 1 1 2 1 2 1 2 2 1 2 1 2 3 1 1 1 2 1 2 2 1 1 3 2 3 3 1 2 2 2 2 2 1 1 1 2 3 1 4 2 1 1 2 2 1 1 1 2 2 3 1 2 2 2 2 1 2 2 2 2 3 1 2 1 2 1 1 1 3 1 2 1 1 2 1 1 1 1 1 2 1 1 1 2 1 2 2 2 3 2 1 1 3 1 2 2 2 2 1 4 3 2 2 1 1 4 2 3 2 1 1 1 1 2 3 2 2 3 1 1 1 1 1 2 2 1 2 4 1 3 3 1 1 1 1 1 1 2 2 1 1 1 1 1 1 1 2 1 1 1 1 1 1 1 2 2 2 2 1 1 1 3 1 1 2 1 2 1 1 2 2 2 1 2 2 2 1 1 1 1 3 2 1 1 1 2 1 1 2 3 3 3 3 1 3 2 1 1 3 1 4 3 1 1 3 1 3 1 1 1 2 1 1 3 2 2 2 1 4 2 2 3 1 1 1 1 2 1 4 2 2 2 1 1 1 1 2 
