s 5300
4 170 955 2724 3811 
2 2251 4367 
3 2159 3842 4075 
1 868 
2 769 809 
1 3372 
0 
1 3438 
2 1839 4706 
2 1162 1557 
4 706 2336 2408 2847 
0 
0 
2 3011 3930 
4 855 2124 4537 4760 
3 872 921 4251 
5 62 580 2810 3200 4142 
5 686 1619 2144 3051 4817 
2 1128 4130 
0 
3 359 925 1714 
3 1358 1688 4266 
3 1116 2852 3539 
2 3721 3846 
2 800 1995 
2 2186 2865 
1 4633 
6 231 795 1366 1711 3796 4322 
5 291 773 2770 3659 3887 
0 
3 1049 3530 3811 
2 555 2625 
4 754 1074 1731 4043 
1 694 
2 734 4388 
1 799 
4 788 1584 1892 2931 
2 469 2884 
4 735 1220 3260 3486 
2 266 1473 
4 234 473 2284 4444 
3 1936 2315 4317 
5 1068 2740 2838 3045 3873 
4 2285 3301 4264 4308 
2 3861 4666 
3 1384 3511 5243 
2 1765 2632 
3 1342 3081 4665 
3 393 604 3783 
3 2102 4859 5054 
2 1345 1853 
2 860 1142 
5 470 1056 3171 4014 4727 
2 1039 2758 
3 2740 4124 4305 
3 324 3328 3798 
1 4119 
1 3144 
0 
0 
1 4114 
3 1682 3469 3822 
1 16 
2 2653 4366 
0 
2 1886 5210 
3 1043 4387 4647 
2 1509 2226 
3 1947 2958 5151 
0 
2 1014 4610 
2 3539 4671 
4 1365 4429 4619 5236 
1 4296 
0 
5 280 690 2156 3246 3317 
6 334 1175 1397 1725 3434 4382 
1 2064 
1 1427 
2 2125 3916 
3 500 1351 4538 
3 489 2750 4254 
0 
4 1224 3209 4084 4911 
6 472 546 1000 1060 4054 4843 
4 231 448 936 1286 
1 1510 
4 527 1969 3182 4669 
3 271 2941 3340 
1 4985 
1 414 
3 2039 3442 4904 
1 2747 
2 3499 5149 
3 1734 4268 5249 
2 4459 4486 
3 322 3592 5037 
2 1510 1838 
4 1676 4504 4508 4809 
6 2702 3003 3666 4019 4118 4182 
2 2358 4067 
4 2632 3586 4276 4711 
5 1984 2844 3845 4135 5297 
1 865 
4 1831 2177 2221 3022 
2 2042 3219 
1 2027 
4 2170 2717 3913 4019 
4 1211 1255 2792 4776 
0 
3 3491 3575 4840 
3 2084 2095 4345 
3 224 1992 4670 
3 221 1419 2175 
1 4174 
5 2419 2445 3788 4059 4311 
3 3825 4764 4937 
0 
2 1134 2556 
2 3783 4574 
0 
4 1929 3627 3700 4160 
1 463 
8 1363 1788 2008 2058 3112 4090 4651 4663 
4 485 1830 2522 2842 
1 2471 
0 
3 150 1745 2256 
7 553 788 1641 2058 2810 4820 5190 
4 2568 3447 4769 5266 
3 2407 2554 3769 
1 4826 
2 4630 4929 
0 
3 645 2508 5005 
1 2097 
3 1049 2089 5270 
0 
3 1199 4813 5064 
0 
2 231 4881 
1 2387 
1 459 
3 2828 4465 5086 
7 700 978 1033 2595 3239 3631 4717 
2 2040 4292 
4 498 887 2239 4211 
5 2057 2424 4173 4476 4555 
2 791 3711 
1 4078 
4 127 2099 3046 3432 
3 2246 2478 3320 
2 1337 2981 
2 2329 2341 
2 1994 4077 
2 1342 4447 
1 2220 
5 380 1089 3107 3786 4625 
2 2026 3694 
5 215 263 1442 1551 5038 
2 3884 5048 
3 3174 3363 4121 
0 
0 
1 3164 
1 5032 
4 550 670 2874 3319 
0 
3 846 3096 4498 
0 
3 0 2436 2668 
3 2213 5084 5297 
0 
5 1889 2179 3027 3242 3964 
2 255 1295 
1 2828 
2 375 4034 
2 182 403 
4 726 944 3144 3569 
2 3822 4542 
0 
2 2886 4627 
6 177 1597 1617 3753 4559 4719 
1 3500 
2 925 1454 
2 826 5041 
1 4825 
0 
2 3373 3859 
6 569 836 1809 3466 4167 4345 
0 
4 687 719 2321 5115 
3 1877 3149 4044 
0 
2 3301 4763 
4 496 1786 4128 4551 
5 508 2511 3216 3343 4627 
2 898 3381 
5 883 1075 2505 2717 5078 
2 1507 1953 
1 2414 
0 
4 624 965 1051 2367 
1 1104 
0 
1 295 
1 1740 
3 826 2258 3521 
3 478 2881 4395 
1 1051 
2 1615 2281 
1 3163 
3 2178 3385 4551 
1 4440 
2 3667 4964 
2 159 4164 
1 859 
2 901 1529 
3 3014 3340 4766 
3 1470 3933 5107 
3 2862 3634 3965 
5 113 578 976 3635 5234 
1 429 
2 2132 3846 
4 112 866 1038 1429 
2 4400 5162 
1 5209 
3 697 1738 3820 
3 3353 4812 5164 
3 1420 1777 3247 
3 1421 5082 5121 
6 27 85 140 256 3511 4247 
2 2206 4691 
2 2755 5129 
3 40 3028 5164 
4 990 3939 4415 5205 
1 5188 
4 846 1169 2931 3697 
1 4415 
3 649 1062 4858 
2 1637 2299 
4 536 3568 3874 5238 
4 622 1962 3314 5211 
4 563 850 2223 3547 
2 1737 2391 
0 
2 2588 4399 
1 4850 
3 744 877 2089 
5 2743 2962 3477 4591 4879 
4 320 621 1791 2601 
3 2919 3636 4878 
3 1332 1596 4508 
3 487 1307 5112 
2 707 1691 
3 174 583 1044 
3 231 1295 3316 
1 4072 
1 2722 
0 
0 
0 
1 1102 
1 159 
3 296 2717 4165 
3 1105 2793 4556 
2 39 2206 
3 465 2285 5157 
4 694 1757 2053 2333 
0 
1 704 
2 88 2018 
3 752 1983 2392 
1 1995 
1 1605 
3 1508 2029 3708 
1 600 
2 4595 4759 
2 1443 3021 
3 1254 2339 3444 
3 75 3655 4866 
1 3323 
0 
1 4173 
1 2271 
2 1450 4416 
1 2942 
7 1928 2047 2501 3681 4122 4361 4687 
0 
0 
0 
3 28 1869 4975 
1 4564 
2 1611 3951 
1 5265 
3 205 1188 1567 
2 264 489 
3 4373 4802 4956 
2 2363 4982 
1 1854 
1 949 
4 628 2242 2422 4361 
3 931 2298 4773 
3 3733 3922 4610 
2 3503 4014 
4 2539 3345 4337 4495 
2 1009 2565 
2 600 4966 
2 3258 3311 
1 3720 
2 2442 3447 
5 419 1477 2722 3360 4647 
5 921 3367 3611 3836 4027 
2 400 3914 
0 
5 1622 2059 3863 4054 4077 
3 3261 4183 4978 
1 2073 
3 887 1711 4711 
1 5053 
1 250 
4 1254 1766 2332 2926 
3 96 977 4869 
1 1455 
3 55 2825 3940 
2 747 5222 
2 1455 3657 
2 4045 4510 
1 3822 
1 5156 
0 
1 4957 
4 1555 3477 4665 4761 
1 3255 
3 76 4953 5113 
1 478 
0 
2 726 1273 
1 896 
5 484 822 2275 2909 5038 
3 789 1202 1676 
3 1662 2123 3021 
2 1179 1840 
0 
2 634 4631 
4 732 1610 2038 2201 
2 2051 3992 
1 4226 
2 605 1312 
4 369 2450 3995 4463 
1 5255 
2 501 764 
7 1383 2326 3334 3353 3519 3523 4458 
2 2535 4543 
2 1764 3735 
3 3716 3770 4926 
2 517 1025 
0 
2 3328 4522 
2 20 2184 
3 2279 2882 3474 
0 
2 458 2785 
0 
0 
4 1388 3632 4758 4885 
1 3547 
2 1151 5165 
2 2409 2600 
4 349 3054 3582 4797 
6 1522 2349 2530 2596 2867 3189 
1 4778 
1 1691 
1 4054 
1 744 
4 176 1413 2334 4327 
2 1153 3342 
0 
2 2468 4589 
1 1525 
3 157 2251 5297 
4 771 1444 2199 3992 
2 761 772 
1 758 
2 3334 3651 
3 458 4220 4412 
4 1707 2735 3064 4724 
3 1256 1857 4111 
2 1015 2234 
2 1631 4363 
1 5145 
3 2213 2270 2556 
2 1126 4449 
3 48 839 4127 
2 414 4976 
2 2841 4342 
3 1439 1877 4063 
3 3598 3668 5054 
2 2316 4785 
2 1768 4795 
2 313 1502 
2 3209 3362 
2 2338 4952 
6 177 441 668 3736 4133 4788 
3 1070 4167 4863 
3 524 568 1666 
2 2572 4378 
1 704 
2 1704 3904 
1 885 
1 549 
3 478 894 4943 
1 4256 
3 710 780 2453 
6 90 394 867 2136 2154 4914 
1 941 
0 
2 2343 2722 
3 700 2632 4743 
5 311 1134 4265 4325 5055 
1 3712 
0 
3 1862 2396 4336 
2 2201 4062 
6 742 934 1874 2507 3053 4233 
0 
2 1484 1916 
4 821 2357 2468 3509 
4 2966 3060 3085 4396 
5 222 704 1553 2185 4238 
0 
4 1897 2207 2445 3711 
3 1431 2538 4937 
4 1857 2740 3419 5160 
2 586 624 
2 1182 3821 
3 593 1044 2809 
2 835 4749 
1 2129 
2 2319 5146 
3 1929 3887 5118 
2 403 3291 
3 1172 1494 3923 
4 991 3875 4134 4442 
1 3222 
2 1480 2200 
2 2890 4186 
1 1923 
1 85 
3 1137 1626 2810 
2 1933 2751 
3 2835 3857 4444 
3 1039 1674 3533 
3 1162 1642 2320 
1 958 
0 
3 2171 3645 4522 
1 2577 
2 362 385 
2 142 1288 
1 4920 
1 3592 
3 2082 2403 3283 
7 122 2541 2645 2764 3253 4698 5025 
2 796 4582 
1 267 
3 786 1334 2745 
3 875 1208 1339 
2 1937 3217 
2 37 1489 
4 52 2218 3934 4333 
3 3138 4201 5159 
3 84 1938 2637 
2 40 5002 
3 3297 3444 5111 
3 938 1335 3023 
3 1084 1409 4296 
3 3708 3726 3809 
3 208 335 411 
1 4086 
3 773 1524 3740 
4 1386 2880 3960 4967 
4 629 1527 3767 5279 
1 4705 
4 339 911 4588 4801 
3 124 1159 3312 
0 
3 253 802 5227 
3 971 1891 4991 
5 81 296 1340 2127 4827 
1 1968 
0 
2 2763 3224 
2 3216 4969 
3 1002 2127 3414 
1 3279 
3 195 698 4356 
2 3020 3464 
2 146 4309 
3 2204 4192 5036 
4 80 616 1428 2676 
2 351 3885 
1 3494 
3 2904 3665 4394 
2 1332 3834 
3 590 1353 3565 
2 1334 4182 
1 3499 
4 196 1254 4189 5069 
2 1903 2616 
2 3036 5065 
1 4483 
0 
0 
2 717 1753 
2 2474 4338 
0 
1 356 
2 4188 4358 
2 1594 2128 
1 698 
2 2326 4432 
2 1917 4625 
2 1718 2343 
1 405 
2 1399 4356 
1 4375 
3 87 3228 4717 
0 
2 647 3967 
3 2178 2258 3627 
3 2203 2784 4988 
3 802 1685 3132 
5 1087 2595 2720 4417 5002 
2 3397 4249 
2 601 1137 
1 241 
0 
2 4320 5155 
5 878 1676 2822 3604 4322 
2 3446 4175 
2 745 1212 
1 2718 
3 3364 3500 4780 
1 1598 
1 2891 
5 84 1127 1719 3515 3994 
3 667 2903 3390 
1 3631 
3 410 1560 4957 
4 166 1600 3409 5277 
2 3843 4235 
0 
5 128 2082 2130 2264 4567 
1 3197 
6 31 2497 2573 3003 3012 3711 
4 663 3437 4040 5019 
3 723 5052 5299 
2 3039 3679 
0 
1 2117 
4 772 2144 3276 3425 
2 2179 4969 
1 243 
1 2844 
4 1414 2582 2995 4539 
1 4385 
2 2821 3664 
4 405 1079 3480 4095 
2 189 4955 
4 2006 2744 3491 4716 
0 
3 2357 3138 3147 
1 4387 
1 880 
2 972 1706 
0 
0 
3 221 2598 3583 
2 2313 3272 
2 16 2259 
1 3230 
1 4621 
5 255 2330 3392 3692 3761 
2 1446 2719 
2 3115 3252 
2 434 2381 
1 2319 
3 1206 1738 3440 
2 773 1633 
2 505 1595 
1 2734 
2 1318 5176 
4 436 1523 2322 4802 
3 1524 2368 3880 
1 5037 
3 631 1234 4851 
3 2960 4089 5171 
2 1772 3213 
3 1656 5114 5216 
2 276 307 
5 535 896 1468 2618 4008 
2 2254 5051 
0 
3 48 2168 2948 
3 348 4074 5067 
2 716 4911 
3 739 4687 4809 
4 945 1803 2971 3478 
2 1981 4571 
1 4800 
1 3557 
4 1215 1494 2723 5145 
1 3713 
2 2893 4040 
2 2768 2799 
6 500 2226 2346 2889 3920 5106 
2 2327 4464 
2 1952 5083 
3 2542 3172 4267 
2 750 2900 
7 250 1886 2693 2852 4205 4283 4541 
6 242 2718 2837 2918 3781 4403 
2 2507 4143 
4 202 434 1286 2924 
2 1840 4083 
3 1155 3676 4796 
0 
4 301 1442 2154 3626 
8 482 875 1697 1833 2581 2679 3071 4589 
3 982 1148 3747 
3 596 3440 4813 
2 2921 4088 
3 1724 4390 5161 
1 344 
1 3748 
0 
0 
3 763 1849 4316 
2 1051 1130 
2 1611 3330 
3 1503 1652 4057 
0 
4 1025 2161 2665 3622 
2 2290 5229 
4 134 3317 4690 5297 
0 
3 529 2427 4584 
1 3220 
3 239 1660 3818 
2 1991 4873 
1 2229 
4 1785 2218 2392 4026 
2 2072 4018 
5 670 1069 2386 3667 4528 
1 4479 
1 2540 
2 1145 1907 
1 3968 
1 1171 
3 1983 3984 4668 
2 2800 2947 
1 787 
3 556 2155 4385 
2 2126 3620 
1 1818 
3 815 2637 3583 
5 547 2201 2769 4118 4830 
5 403 1185 2172 2763 4711 
0 
4 166 654 1953 3150 
2 2604 3224 
2 970 3939 
4 1751 2203 3453 4237 
0 
1 3153 
3 1274 2950 5237 
2 2944 3069 
2 3138 3908 
1 3560 
2 1940 2246 
2 2848 3406 
3 931 3026 3775 
2 4880 5207 
3 3126 3515 4387 
1 2667 
2 17 5079 
3 191 868 3297 
1 2521 
3 1019 4757 5266 
3 75 1443 3177 
2 1392 2424 
0 
5 1043 1124 1704 3164 5004 
6 33 268 718 4673 4725 4923 
4 1582 1664 2986 3821 
0 
2 227 4256 
4 496 520 3998 4075 
3 890 969 1223 
7 144 418 746 969 1392 1813 2881 
0 
3 3270 4212 4631 
3 775 4603 4695 
5 270 407 429 2245 3269 
2 1471 2779 
2 10 3024 
3 254 1536 4946 
2 2149 3195 
2 806 3917 
3 413 3032 4784 
2 1625 2300 
4 3922 4507 4548 4637 
0 
2 2777 3854 
0 
5 606 1502 2697 4952 5097 
5 514 943 1304 1617 3120 
4 694 1062 2884 3417 
4 191 736 3527 3672 
5 2681 2893 3744 4391 4476 
1 1103 
0 
2 557 860 
1 1558 
1 1133 
5 178 337 2475 2854 4684 
4 1353 1392 3048 3676 
0 
1 2820 
3 2797 3149 4912 
0 
2 345 3215 
1 2297 
3 34 1538 3387 
4 38 1459 2804 4095 
2 719 1894 
3 2348 2726 5201 
1 4964 
3 607 2980 3102 
2 2224 3318 
2 1693 1959 
3 424 4103 4117 
6 930 1418 3101 3684 3761 3776 
4 248 374 2487 3471 
2 541 1639 
2 700 848 
3 325 2715 4629 
1 5209 
1 2151 
3 620 860 2767 
2 4168 4700 
3 272 2299 5177 
2 4131 5291 
3 32 2156 2244 
3 1204 2038 3038 
2 901 3276 
1 3459 
4 383 1207 1817 5220 
2 3376 3483 
4 2186 2321 3863 4524 
1 382 
2 901 1736 
3 638 4635 4649 
3 351 2344 4395 
1 3137 
1 963 
3 1176 3972 4314 
1 2869 
7 4 1356 3066 3294 4478 4794 5138 
2 1754 3311 
2 381 2788 
3 382 561 2414 
3 28 480 589 
6 1122 1414 2906 2962 4009 4765 
5 703 1496 3748 4213 4436 
2 1563 4910 
6 1245 1254 2377 2739 4223 4343 
3 4398 4486 4679 
4 2747 3408 3546 4775 
4 413 4121 4409 4896 
1 4744 
1 3868 
1 2792 
3 1601 1657 3175 
3 1513 3072 3291 
5 466 1422 3352 4364 4668 
2 662 5188 
3 36 128 1555 
2 340 4096 
2 1632 4733 
3 148 1247 3821 
3 3410 4365 4978 
3 2596 2787 5297 
5 1281 1372 1670 2313 2471 
4 27 820 1273 2052 
1 464 
2 2399 3429 
1 2314 
3 35 2713 3234 
3 24 3628 5254 
3 4712 4837 4965 
8 487 532 1803 2652 3934 4202 4549 4729 
2 1829 4750 
4 2607 3725 4057 5242 
0 
2 709 3491 
2 1379 4755 
6 1925 3324 4011 4086 4910 5284 
4 4 992 3295 5065 
3 1437 2952 5291 
2 2572 4745 
0 
3 2644 3965 5294 
1 1277 
2 666 3735 
2 1115 5181 
5 1764 1957 2764 4736 5185 
4 1188 1862 3047 4107 
2 1056 3123 
2 795 4994 
2 427 827 
5 339 2186 2497 3522 5231 
5 2090 3143 3678 3766 4536 
2 1430 4963 
1 1037 
4 185 207 1399 4953 
4 821 1108 1801 3814 
3 1123 2126 4582 
5 901 2424 3365 4272 5263 
2 1646 2838 
2 1236 1247 
2 3519 3720 
0 
5 1858 3269 3522 4415 4668 
4 437 1147 2523 3142 
1 189 
3 2384 2965 4162 
2 1482 2686 
1 393 
1 1709 
2 1255 4182 
2 3500 3801 
1 3420 
7 1864 1868 3485 3780 3902 3925 4314 
2 2756 3759 
3 168 237 5067 
1 2615 
1 746 
1 3820 
3 243 2827 4333 
4 1086 2809 2922 4188 
1 1168 
1 3703 
1 3087 
3 14 2386 4739 
3 1479 1660 2182 
3 1251 3042 4107 
1 1002 
2 216 2037 
3 51 723 750 
1 2772 
1 1631 
1 3243 
1 3515 
3 103 3004 4962 
3 224 1389 3196 
1 414 
3 3 687 2823 
0 
2 1276 4551 
2 1643 4825 
3 15 2841 4613 
2 1524 4686 
1 1406 
4 467 629 2269 3237 
2 1320 2099 
5 248 1552 2679 4506 5136 
2 539 2482 
0 
4 574 1697 3300 5121 
1 4004 
2 1554 1836 
6 198 1614 3445 3603 4444 4584 
3 3091 3941 4160 
4 409 1296 1657 2656 
2 1273 1709 
4 146 318 1014 1404 
1 4695 
5 1750 2664 3637 4789 5080 
3 699 4626 4804 
2 3062 4535 
0 
4 1418 3898 5039 5112 
6 411 1337 1743 1980 3882 5294 
0 
6 338 601 2206 2820 2897 3078 
0 
4 197 2900 3486 4876 
2 1047 4815 
2 1311 3905 
5 217 756 762 829 4474 
0 
2 932 3904 
2 3437 4043 
2 2778 2806 
2 2643 4145 
0 
0 
3 1721 2825 4335 
4 1353 1559 4453 4969 
2 484 1910 
1 4902 
5 2100 2546 2877 3135 3384 
0 
2 1875 2129 
2 3140 5249 
1 2489 
0 
2 2272 3244 
1 3623 
4 15 312 3522 4501 
1 2638 
3 2507 4347 4351 
1 2932 
3 20 184 2365 
2 1797 4426 
0 
2 1492 2606 
5 942 3976 4244 5000 5187 
4 743 1729 2460 5255 
4 302 682 1699 5129 
3 903 3704 4245 
2 4421 5105 
4 424 2471 3957 4010 
5 1758 2267 2316 3871 4077 
5 85 2577 2629 3884 5151 
2 3702 4705 
3 475 3757 5060 
2 3167 4867 
3 1139 1716 4100 
4 415 1072 2148 5029 
5 929 2116 3541 4278 4347 
4 717 2723 3918 5010 
3 178 1381 2672 
3 608 1750 2093 
2 1243 4267 
2 1605 2863 
3 1276 1920 2761 
2 300 5220 
3 1071 2934 4333 
4 1109 1628 2086 3136 
2 1205 4595 
1 1613 
2 3414 4727 
1 0 
3 1927 3124 5245 
3 1399 2289 2770 
1 454 
2 3715 4651 
1 4189 
1 1849 
0 
1 766 
1 3264 
1 202 
2 2221 3722 
2 2493 2780 
0 
3 699 700 2199 
3 672 1645 2895 
6 488 1476 1982 3378 4044 4815 
4 575 998 1582 5246 
1 4512 
0 
1 5121 
2 221 4184 
4 322 1566 2391 4735 
2 144 3944 
2 4484 4900 
1 4999 
0 
3 630 2053 2263 
3 1047 1556 2950 
2 3049 4561 
2 2923 3929 
0 
0 
3 2362 2732 2992 
2 1172 3986 
4 235 3047 3673 3818 
2 443 2132 
5 809 1187 3200 4540 5010 
4 2210 2961 3357 4874 
3 3201 3325 4417 
2 1688 4420 
1 4596 
2 2894 4983 
4 972 1172 4379 4386 
1 1015 
1 84 
2 1331 3885 
3 494 858 2026 
1 3166 
2 4817 5008 
1 4716 
4 1461 1654 4048 4510 
4 1997 2024 2593 3611 
1 2602 
4 306 2784 3172 5135 
0 
5 1237 2213 3709 3915 5145 
3 2268 4410 5228 
2 2815 3804 
4 70 887 3060 4622 
3 388 999 2050 
4 2070 3307 4089 4180 
0 
1 4944 
3 689 1481 4209 
4 1380 1650 1817 4929 
2 2162 3516 
1 4564 
1 5179 
3 1665 1714 3213 
5 356 643 2010 3166 3458 
3 1219 2888 5252 
1 1648 
2 4962 5024 
2 1383 1422 
2 4051 5249 
1 4102 
0 
5 144 4087 4107 4617 4700 
0 
3 1594 1776 3471 
3 2088 2997 4785 
1 825 
5 224 2225 2689 3850 4334 
4 53 452 2847 3048 
1 3318 
0 
1 3980 
2 66 693 
4 255 436 1330 2310 
0 
1 2966 
6 899 983 1376 3445 3657 4203 
2 1920 2941 
6 30 136 3002 3126 3614 4184 
1 2867 
6 202 209 639 1186 2880 5123 
3 2832 3080 3984 
1 4533 
2 1331 5125 
0 
5 52 819 1455 2458 2783 
2 2197 3274 
1 4474 
3 2136 2934 4070 
5 84 1489 1762 3313 4378 
3 2712 4174 4191 
2 239 718 
4 3137 3257 4609 4974 
0 
0 
3 2260 4510 5107 
1 4028 
3 42 1716 3819 
2 654 4160 
7 404 1929 2500 3861 4132 4985 5124 
3 950 1548 2820 
3 941 3959 4897 
1 5049 
2 32 2894 
2 198 5034 
1 3149 
2 3307 4846 
4 1920 2050 3219 3471 
3 568 1581 3019 
2 2429 4380 
2 1108 2123 
1 4215 
3 4066 4240 4458 
1 476 
2 3308 3791 
3 851 1133 4162 
3 533 1386 3443 
2 4271 4863 
1 157 
1 1491 
2 1287 2212 
3 1256 1470 5132 
4 1704 2202 3241 3380 
3 1661 3288 4904 
4 1691 2325 2847 3739 
2 4844 4896 
2 2924 3884 
3 1952 2196 3195 
2 1774 1984 
1 1934 
2 2849 4603 
4 262 2265 3109 5148 
3 721 3465 4718 
1 203 
1 265 
1 4907 
0 
6 827 1081 1811 2833 3573 4966 
2 951 3181 
2 3287 3554 
4 2236 2305 2649 3827 
1 3818 
1 5087 
1 4862 
3 816 1880 3769 
7 22 2737 3153 3839 3885 4312 5087 
4 1565 2063 3680 3917 
2 1845 2479 
1 4490 
2 1667 3367 
3 2612 2673 4743 
2 774 3491 
1 828 
2 693 1522 
3 4279 4448 4903 
1 392 
2 546 3855 
2 18 4013 
1 3627 
2 639 3023 
2 1502 2638 
0 
3 725 1086 1723 
6 118 419 1574 1677 2140 4475 
2 3794 3890 
2 3614 5145 
2 449 535 
1 4915 
2 940 4443 
2 2504 4599 
1 3605 
4 51 2478 3346 4828 
4 2396 2598 3801 5151 
0 
4 657 3057 4901 5237 
1 3159 
4 835 1303 2765 3860 
4 630 2008 3506 4693 
0 
3 2738 2853 4109 
3 367 2896 4122 
0 
4 376 2022 3300 3653 
4 1218 2032 2370 3507 
2 626 3544 
1 2377 
2 3795 3991 
1 3233 
4 485 3276 3489 5280 
2 2164 3648 
4 2027 2221 2816 3641 
4 9 453 2993 4056 
1 2345 
2 2072 3302 
2 1651 4799 
3 2256 2919 4375 
0 
1 852 
2 237 3280 
2 1227 2878 
3 659 1437 4533 
4 442 989 998 3081 
1 2171 
2 2691 2857 
3 76 1998 2102 
4 767 3049 4622 4702 
0 
2 1650 1842 
6 342 1566 1878 2452 3725 4841 
2 1697 3931 
1 5287 
3 435 3504 3831 
4 2071 3135 3978 5279 
2 3000 4200 
6 668 1218 2261 2789 3453 4472 
3 1051 2250 2521 
4 992 1616 3996 4476 
5 295 818 1276 3504 3846 
1 1472 
2 3166 4292 
1 2239 
1 3299 
2 2870 4125 
2 2713 3776 
0 
2 2108 3392 
1 1406 
5 2222 3192 3942 4655 4886 
6 138 1515 2407 2952 4190 4684 
6 1673 2302 2814 3044 3306 5124 
4 1328 2788 3472 4796 
1 340 
2 2697 4902 
2 755 4182 
2 952 3043 
1 588 
5 758 2533 3835 4120 5123 
3 467 1353 1618 
2 2422 2600 
4 3775 4038 4119 4404 
3 108 2848 4172 
1 541 
1 2094 
0 
3 612 2489 3227 
2 1743 4062 
2 2457 5056 
3 1154 1185 1856 
4 1026 3251 3545 4147 
1 38 
1 1691 
1 1922 
7 699 1289 2617 2932 3074 3224 4218 
4 83 1278 3682 4621 
5 1970 2293 2834 3098 3249 
2 3476 4168 
5 1170 2989 3652 3883 4197 
5 1571 2026 2936 4255 5066 
1 4956 
0 
0 
0 
0 
2 596 2492 
3 2557 3403 5200 
3 831 2787 3727 
1 1011 
2 1544 2073 
2 2547 4381 
2 2765 3507 
3 1843 1886 2159 
0 
2 946 3240 
2 2039 4461 
4 777 1477 3555 4688 
0 
4 791 831 2402 4369 
0 
3 2598 3652 5232 
2 1791 3948 
6 857 1309 1945 2178 3199 4706 
3 2747 2762 5040 
3 2974 3141 4637 
8 279 321 508 777 1331 2663 3131 3185 
3 108 841 5045 
3 387 1092 1845 
2 1405 3253 
2 5026 5109 
3 3152 4462 5103 
2 3756 4780 
0 
3 1403 3242 3664 
2 1754 4471 
3 1727 3362 3637 
5 2367 3572 4275 4470 5284 
3 1685 2358 5288 
2 3866 4107 
0 
1 3322 
3 2939 3386 4221 
1 1348 
1 2951 
4 337 795 886 4766 
3 676 3529 3580 
0 
5 870 948 1188 2228 4758 
4 814 2945 3156 3612 
2 1224 2101 
2 2829 3590 
3 1898 4731 4887 
1 794 
0 
0 
1 3435 
1 1626 
6 85 624 2453 3646 4060 4611 
2 1091 3405 
3 459 1294 3466 
2 1223 3099 
1 4183 
3 4509 4524 4707 
3 2371 2805 5221 
3 3915 4002 4380 
1 1288 
5 174 256 1730 4599 4713 
5 885 2283 2791 3988 5238 
0 
0 
1 5140 
1 2905 
2 1698 4036 
1 2447 
2 1147 3204 
3 717 3763 4890 
2 2434 4874 
1 2870 
1 253 
0 
4 1251 2466 3763 5223 
0 
2 900 3558 
2 348 3928 
2 1908 2649 
1 4987 
3 1415 2484 5252 
3 2574 4642 5068 
0 
3 592 2238 3498 
4 2517 3690 4568 5034 
1 876 
2 2272 3836 
2 2023 2651 
3 1681 2371 4280 
1 3187 
1 1763 
1 1842 
2 2141 4324 
4 1201 1336 3191 4471 
0 
3 1044 2485 3583 
4 1001 1054 1254 4135 
3 252 504 3922 
4 1947 2297 4143 4748 
4 466 506 5185 5273 
2 475 4150 
2 1328 2785 
7 152 894 1390 1699 3719 4210 5263 
2 3820 4807 
5 467 2747 3000 3881 4655 
4 489 4134 4727 5215 
3 1400 2898 4128 
3 47 155 5181 
4 1548 1713 1889 1909 
0 
1 50 
2 2882 3612 
0 
4 1271 2399 4377 4783 
3 1376 3115 4271 
2 3602 3648 
3 80 3392 4359 
4 1934 2742 4617 4909 
4 505 727 910 1208 
0 
1 1969 
2 769 1927 
2 1699 3730 
3 21 2725 3524 
1 3731 
2 3743 4364 
0 
1 3049 
4 123 3122 3492 5211 
1 5296 
4 72 4011 4225 4961 
2 27 3553 
2 2868 3104 
0 
1 5100 
3 2370 4814 5282 
1 2963 
2 794 1474 
1 3858 
1 1581 
1 5038 
5 1047 1349 3005 4688 4835 
0 
1 4587 
7 807 1471 1750 3163 3369 4062 4754 
1 1020 
5 944 1491 1649 2862 3360 
4 1657 2046 2098 2336 
7 352 1029 1412 2221 2960 3313 5232 
6 45 1900 1901 2242 3681 4150 
2 2675 4854 
4 481 1087 1951 4615 
3 3273 3539 4444 
2 365 1640 
4 866 2037 2525 5288 
2 1337 4010 
0 
6 691 700 727 2639 3527 5020 
2 2653 4278 
4 1781 2893 4735 4841 
1 4978 
2 1981 4880 
1 76 
3 1828 2939 3892 
4 525 826 957 4947 
2 1341 5091 
2 2065 2526 
1 3237 
3 1262 1619 4795 
2 887 2897 
2 1257 3085 
6 874 1197 3660 3740 4526 4621 
0 
2 1847 5063 
3 476 4431 5217 
2 3073 3990 
2 2638 2929 
1 1383 
4 375 1658 4364 4601 
2 565 774 
2 1315 1904 
1 3147 
3 2379 3321 4378 
4 743 893 2314 4879 
3 113 1548 1602 
4 229 3662 4157 4290 
4 230 1871 2975 3028 
4 786 1029 2071 2893 
4 2019 3584 4021 4746 
0 
0 
7 1481 1826 2037 2082 3622 3795 5077 
2 78 2380 
4 500 1433 2483 3929 
3 224 3781 4715 
4 824 3484 3729 4956 
3 432 3083 4349 
0 
4 1428 2043 3142 3682 
4 1881 2078 2123 2367 
2 2568 5019 
0 
2 810 1171 
0 
4 396 3132 4140 4802 
2 3275 3288 
2 2134 2709 
5 159 628 2342 2703 3368 
5 278 690 2770 3101 5074 
2 381 3112 
3 1691 3732 5205 
2 584 3516 
0 
0 
2 3767 3868 
1 285 
2 4459 4642 
0 
0 
2 184 1667 
4 323 326 1056 5044 
3 1751 2495 3450 
6 1861 2181 3168 3291 3313 4911 
1 5218 
4 735 2545 4272 5140 
2 3824 4756 
2 1006 3983 
2 2421 4637 
1 3186 
4 3412 3757 4382 4750 
3 2085 3193 3486 
1 1881 
4 1483 1665 1873 3703 
3 601 2712 3569 
2 2208 2729 
5 219 1092 2958 3410 3820 
2 705 1379 
6 1189 2668 3558 3765 4540 5076 
2 39 2569 
3 1372 2422 4033 
5 1939 2459 2862 2930 4023 
3 971 1589 3918 
6 311 1245 2396 2676 3471 4676 
1 3893 
2 856 4065 
1 445 
3 1019 1426 3689 
2 838 4290 
6 1467 1596 2185 3032 4769 5021 
3 426 4674 4969 
4 3230 3519 4563 4984 
2 3816 4516 
1 2222 
1 4901 
8 469 1060 1507 1743 2453 2546 3621 3639 
1 2955 
2 1090 1381 
2 928 4316 
2 2257 3702 
5 442 612 3328 4055 4152 
4 1760 2190 4346 5081 
5 775 2238 2256 3632 4495 
2 2175 5185 
1 4813 
0 
0 
3 1543 2184 4583 
4 400 716 1131 1651 
4 641 2210 3253 3837 
1 2726 
2 2306 2401 
1 2527 
6 199 1489 3262 3658 3798 4442 
2 275 4669 
1 67 
2 86 97 
1 3318 
3 1837 2705 3596 
6 785 2147 2633 4080 4144 5065 
0 
1 1199 
1 2808 
2 4718 5187 
1 4578 
5 1658 3090 4778 4869 4970 
1 2651 
3 2980 3604 4774 
5 370 1124 1610 4273 4622 
4 593 1797 2596 4324 
7 480 594 873 3424 3688 4408 4878 
1 379 
1 1671 
1 482 
4 3040 4757 4915 4940 
1 217 
0 
1 2069 
2 1905 3579 
2 3816 3976 
4 1983 2644 5034 5104 
3 2113 3493 3544 
1 707 
2 4314 5147 
3 734 2147 3075 
1 1677 
3 2550 2631 3252 
0 
3 2517 3329 5220 
2 1501 2191 
3 1238 4017 4593 
1 4893 
0 
1 5105 
5 1071 1343 1419 3113 4898 
0 
2 3513 4074 
2 159 3243 
3 877 4107 5256 
2 429 3542 
2 882 2387 
5 332 788 3932 4583 5025 
3 983 2488 5286 
3 9 3096 3116 
5 724 2004 3779 4493 4494 
1 910 
3 549 2028 3097 
3 2698 3711 3861 
2 2011 2040 
1 776 
1 3335 
1 1117 
3 977 1179 3691 
1 295 
1 2735 
0 
3 2196 3413 4877 
3 1228 2682 3194 
1 3053 
2 1692 2069 
1 1134 
2 4505 5223 
2 2449 3929 
1 1988 
2 3233 4533 
0 
2 2106 3479 
5 1079 1374 1685 4453 4736 
3 695 972 2065 
3 1813 2343 4777 
3 36 2074 2791 
1 1902 
2 2818 5099 
1 3406 
3 2618 3679 4138 
2 1476 2454 
3 2980 3549 4516 
3 1852 4253 5106 
1 4863 
2 3450 5205 
2 519 1035 
3 590 3614 4286 
5 252 1483 2966 3397 4230 
2 182 3022 
1 544 
0 
3 550 1883 4214 
2 784 2101 
3 1419 4001 4394 
1 3741 
1 1963 
2 274 947 
0 
2 2714 5258 
2 2013 3845 
1 1808 
3 345 1522 3677 
6 293 640 2796 2859 2924 4170 
2 2028 3098 
5 953 2346 2352 2569 4288 
3 883 1907 2316 
3 210 2594 4666 
2 1187 3939 
2 182 717 
3 1208 3837 4847 
4 17 1403 1911 2427 
1 3607 
2 4917 5014 
1 315 
1 4130 
0 
1 711 
2 449 1285 
0 
3 951 1835 4339 
4 3671 4719 4937 5276 
2 2722 3861 
3 389 862 5192 
1 790 
2 589 5016 
3 2924 4299 4880 
2 2471 3953 
3 1851 4064 5251 
6 240 1871 1987 4099 4671 5001 
1 4570 
2 745 3058 
3 1388 2330 4433 
4 128 2980 3707 5051 
2 453 3861 
2 871 2001 
1 3070 
1 970 
5 830 1832 1931 2842 4650 
5 1967 2277 2281 3217 4541 
1 1027 
1 1381 
4 1020 1178 1806 1873 
6 1165 1502 2412 2990 3360 4298 
1 641 
3 2183 3388 4819 
3 1006 3508 4306 
0 
2 599 3304 
5 784 885 1382 2423 4979 
4 1413 1519 2114 5033 
0 
5 649 856 1918 2342 2899 
1 1094 
3 341 4299 4372 
0 
2 695 3098 
5 1024 1467 2131 2453 3906 
4 405 2114 2232 4730 
4 1120 1454 3166 5052 
2 2573 2764 
3 1807 3113 3872 
4 794 2608 2685 5140 
2 1526 5198 
2 3540 3633 
5 1200 3975 4330 4717 4782 
3 452 1957 5040 
2 3362 4544 
3 98 340 539 
6 1134 1539 2611 2913 4107 5051 
1 3113 
2 2445 4970 
1 1768 
3 1323 3876 3923 
3 61 2267 3778 
2 2980 3697 
0 
4 532 1266 1581 2279 
0 
1 3085 
6 21 995 1992 5036 5044 5194 
2 3248 4709 
3 2186 2845 3829 
7 254 372 1095 1221 1445 2483 5149 
3 1573 2649 4001 
1 741 
1 4298 
0 
3 2175 2291 3625 
6 629 880 1180 2356 4350 5265 
4 1301 2253 4096 5296 
6 931 1337 1357 2008 4425 5103 
0 
3 2400 2741 5185 
2 3665 4055 
2 2145 3089 
5 408 693 1093 3192 4710 
1 2009 
4 575 2285 2539 3858 
1 386 
0 
3 840 886 5064 
0 
2 27 318 
0 
4 1343 3911 3973 4221 
2 20 1024 
2 1829 2082 
4 940 1068 2836 3928 
0 
2 523 1960 
4 546 3376 3501 3548 
4 1839 1926 2000 2754 
5 909 2908 3241 3994 4476 
1 4382 
4 1133 4315 4737 5007 
5 633 2015 3834 3911 4197 
3 76 4806 5085 
1 4668 
1 1264 
2 2349 3778 
3 930 2748 3027 
2 1295 3402 
3 32 2666 4924 
0 
3 2957 4136 5148 
3 94 4369 4623 
1 1847 
1 762 
2 244 5009 
3 227 588 5115 
3 2152 3503 4754 
4 206 2428 2810 3104 
3 3135 3649 3720 
1 2808 
3 894 1216 1489 
5 1803 2610 3414 3775 4304 
4 127 3197 3228 4521 
3 2430 3135 4382 
1 4678 
1 5176 
1 4366 
3 889 945 1379 
5 673 1456 2485 3377 5206 
0 
1 514 
5 770 1263 3583 4515 5295 
1 4158 
0 
3 268 3544 4727 
5 935 2602 2884 3682 3801 
2 3943 4157 
4 1495 2079 4523 4543 
2 3730 4242 
5 1060 2044 2638 2997 4185 
4 1325 3026 3093 4749 
4 354 817 3463 3962 
3 46 4193 5017 
3 321 3121 3209 
1 2973 
4 399 1680 1840 3555 
3 2224 3735 4110 
1 3405 
1 1951 
4 598 4192 4953 5208 
4 2722 4236 5080 5083 
4 1099 2341 2806 3505 
2 3537 3712 
2 1035 4786 
4 229 4137 4531 4698 
1 2247 
0 
1 3222 
1 1394 
0 
0 
0 
2 652 3716 
4 195 1978 3625 4918 
1 3835 
5 123 2327 3484 3604 4587 
0 
1 5239 
2 250 1250 
1 2327 
1 3125 
0 
1 4182 
2 2814 3494 
5 926 1523 3799 4124 5148 
1 4796 
1 2992 
3 2783 4164 4968 
3 827 2338 3168 
1 4039 
4 608 802 1744 4912 
4 2037 2407 3801 5062 
0 
2 1650 2238 
4 1669 3293 4019 4546 
2 1609 3873 
2 189 4079 
0 
2 1108 3311 
0 
4 700 1583 1823 2656 
2 2073 4139 
0 
0 
4 758 1020 3986 4762 
2 665 4059 
1 1829 
2 2652 5141 
3 2280 3415 4501 
1 2957 
5 1813 2246 3175 4656 4747 
6 2362 2426 3933 4541 5024 5295 
1 4971 
2 1426 3585 
0 
2 1398 5033 
5 803 1715 1819 1902 1950 
1 124 
8 104 2105 2410 2461 4589 4791 4987 4997 
2 1646 3868 
2 629 2449 
2 2622 4113 
2 1628 2359 
5 882 2128 2442 3898 4439 
2 1512 1880 
2 97 4701 
3 8 1720 3130 
3 342 625 1768 
1 5252 
3 1178 1326 3914 
5 1241 3978 4630 4703 5296 
0 
4 1118 1256 3307 4037 
0 
4 1408 1735 2034 4729 
1 3053 
2 638 961 
1 4770 
3 1636 2752 3558 
3 1591 3459 3918 
2 50 3439 
2 299 5229 
2 3275 4294 
4 1218 3148 4905 5109 
6 387 433 3727 4624 4699 5195 
1 834 
1 3443 
0 
4 1457 2719 3528 5017 
4 422 818 3930 4556 
2 1872 5258 
2 844 3879 
0 
1 2636 
0 
2 844 2366 
3 291 4098 4407 
4 3383 3752 4920 5007 
2 1421 1637 
1 1863 
2 1467 1650 
1 424 
4 915 1985 2810 5283 
2 3027 3460 
4 192 396 5024 5276 
5 1179 1887 3076 3831 4770 
0 
3 1115 1837 4737 
3 1434 1466 3100 
0 
1 1600 
1 2727 
0 
5 65 621 1241 3509 4201 
1 1878 
2 2102 5057 
2 173 1343 
1 5191 
4 488 1959 4062 4075 
2 36 2262 
2 2369 5175 
1 736 
1 2148 
2 2208 5122 
7 431 3299 3308 3334 3371 4552 4687 
1 1280 
0 
2 1384 3102 
1 1384 
4 1585 1829 2658 4852 
4 509 2597 3796 3951 
1 1415 
1 1532 
0 
4 657 1614 4001 5081 
4 1313 3706 4771 5024 
3 1343 3660 4298 
4 911 2405 4075 5119 
4 1619 2122 3852 4588 
0 
1 3948 
1 3902 
5 2395 3268 3578 4750 4790 
3 426 3171 4471 
3 522 3101 4358 
2 1660 3064 
0 
4 948 1048 1078 3130 
2 3811 4726 
2 1222 3681 
1 447 
3 2583 2892 4775 
2 808 2105 
4 1720 2036 3017 4002 
6 956 1356 2155 2465 4663 4886 
1 287 
3 121 440 1070 
2 3655 3885 
2 1646 4684 
0 
2 450 3629 
7 1100 1352 2439 2449 2455 3281 5124 
1 3667 
4 41 3322 3645 3791 
4 468 4065 4085 4822 
3 472 3158 5057 
4 1475 3607 4909 5179 
3 680 2185 3676 
1 2569 
2 3904 4598 
0 
4 2555 3274 4416 4634 
2 1251 4218 
3 2661 3014 5286 
2 68 1333 
3 2408 2822 3929 
2 1963 4487 
1 1829 
3 1386 1771 3909 
5 618 1098 2434 4179 4242 
3 199 670 4695 
2 2344 2652 
2 3310 4039 
1 4590 
4 817 1674 3327 4467 
1 3500 
5 741 1891 3449 3667 3958 
3 1718 3782 4918 
1 3628 
5 242 2878 3906 4678 5008 
4 1604 1949 2503 4731 
2 2745 4894 
1 5085 
2 2388 4393 
2 1647 5247 
3 490 3269 5094 
2 87 1355 
2 1225 4495 
2 2092 5251 
2 2575 2891 
1 3642 
4 4221 4345 4615 5290 
0 
2 3693 5287 
1 2072 
1 1786 
1 5107 
1 894 
5 609 1396 2795 3138 3748 
2 971 4174 
3 272 660 1534 
3 102 1099 3033 
4 1875 3451 4110 4840 
2 3000 4159 
3 1637 4815 4929 
3 1577 2679 3949 
0 
3 5017 5054 5178 
3 650 2177 4224 
3 112 1688 3144 
1 3352 
2 154 3663 
3 24 273 2102 
1 5297 
2 1007 2104 
3 1175 2450 2952 
1 4270 
2 1720 4818 
2 1643 4822 
2 4176 4210 
0 
2 1558 2210 
3 3256 4032 5246 
2 570 2911 
2 2889 3742 
5 123 1148 1699 2141 2442 
1 1705 
7 1025 2295 2690 2774 3486 4149 4610 
2 1562 4942 
2 2597 4041 
4 1608 2053 2955 3297 
0 
3 1724 2167 3993 
1 5101 
0 
2 271 2824 
1 1423 
0 
1 4143 
2 1153 2095 
2 1322 2659 
2 1007 2384 
2 3205 4854 
6 158 1002 1228 3696 4025 4973 
6 106 1161 3053 3208 3213 3552 
3 1560 1612 5041 
5 275 2464 2975 3203 3281 
2 2532 4502 
1 2762 
3 1154 3550 4063 
2 2096 5182 
3 1847 2643 3659 
2 2102 4842 
3 1926 4313 4996 
4 859 1389 1426 1804 
4 345 755 2278 4088 
3 91 1244 4767 
5 145 1562 2697 3677 3909 
1 2513 
3 105 3668 4375 
1 1433 
2 1762 4957 
0 
2 1382 3532 
6 287 3176 3677 4021 5018 5296 
2 2471 5194 
3 3131 4321 4910 
5 1015 1078 2313 3095 3688 
4 346 3500 4369 4449 
4 795 2866 2939 3164 
3 268 982 2013 
0 
1 4424 
2 2387 3075 
2 147 5292 
5 123 128 2874 5023 5103 
6 315 2377 3495 3858 3978 4766 
0 
3 2484 3169 5240 
0 
1 1117 
3 77 2328 3075 
2 1401 1582 
0 
3 2598 4380 5247 
1 2343 
3 1531 1573 3757 
3 1016 3811 4378 
5 1183 1422 2543 4269 5219 
4 653 1164 1977 3464 
3 317 1238 1814 
1 1584 
0 
2 3063 5291 
1 2986 
2 1434 3734 
2 1760 3385 
2 4145 4882 
1 2632 
4 462 553 1426 1715 
1 5275 
1 111 
3 1465 2172 3529 
2 951 3191 
0 
3 1036 2727 2957 
4 136 248 2238 3312 
1 823 
2 2361 5103 
3 1971 4582 4862 
1 945 
3 1213 4278 4541 
4 111 2022 2652 2986 
2 2033 5233 
1 135 
2 1382 4894 
3 150 876 3184 
3 913 3375 3623 
3 1278 1601 2581 
6 49 1175 1888 1995 2035 2816 
1 5191 
1 1997 
3 1831 1925 4964 
3 1580 3465 4880 
0 
3 1196 2905 3497 
2 2708 3688 
0 
1 4747 
0 
1 1535 
5 1658 1666 2302 3221 4291 
0 
3 942 2343 2360 
1 560 
2 2921 4213 
0 
1 2584 
1 3792 
2 1911 3045 
4 341 1081 1434 3370 
3 14 3959 3980 
2 79 3286 
3 664 828 4669 
3 489 494 4611 
2 519 1836 
4 438 915 4547 5141 
2 553 2375 
3 1665 2227 2890 
3 223 991 5179 
1 4162 
2 1441 5175 
3 2147 2697 5128 
4 414 1059 3133 5175 
2 2788 4648 
2 2869 4310 
2 2978 4904 
6 1134 3259 3617 4047 4469 4557 
4 1327 2008 2985 3051 
2 2330 2940 
0 
4 17 561 2205 3798 
3 1703 4497 4532 
1 4447 
5 1513 1538 2135 3488 4048 
2 941 1895 
1 708 
1 3417 
4 749 3229 5245 5280 
2 1739 3114 
1 4690 
4 414 628 3540 4428 
6 663 1927 2966 3026 4620 4652 
2 75 754 
2 2823 3692 
0 
4 2 1241 4492 5035 
0 
4 643 2886 3229 4956 
7 1021 2503 3012 3320 3942 4546 5007 
3 4065 4669 4852 
1 1160 
1 2703 
2 3561 3923 
3 2015 4169 4206 
1 604 
1 4538 
3 107 3766 4789 
3 456 1173 2879 
3 668 2085 2325 
2 2371 2741 
1 2889 
6 113 1497 1696 2551 4616 4829 
0 
3 104 1991 3878 
4 212 530 1251 4999 
3 173 562 5297 
1 2412 
4 1457 3298 4364 4389 
3 856 2597 3297 
1 1653 
3 359 1501 3404 
7 429 1483 1940 2982 3211 3937 4474 
5 25 760 822 1690 3471 
0 
1 5119 
0 
3 1495 4493 4675 
6 1543 2447 2575 2774 3014 3207 
2 2225 3630 
0 
3 3517 3660 5090 
1 4725 
4 1098 1570 5134 5224 
4 1057 2572 3315 4445 
3 2924 3488 4262 
5 381 969 2378 2902 3783 
3 445 4082 4687 
6 345 423 667 2633 2905 4293 
2 1093 4462 
4 531 673 4196 5246 
3 499 3177 3766 
4 2144 2623 4428 5075 
5 232 266 896 3000 5129 
2 431 2741 
7 1469 1896 2776 3072 3129 4554 5124 
2 2352 5035 
3 993 1503 2004 
2 4248 4753 
2 1091 3137 
4 171 391 1011 2602 
2 2584 5024 
0 
2 3653 4922 
1 4072 
3 470 652 4736 
1 3483 
2 156 5016 
4 104 966 1161 1383 
3 1198 1487 5210 
2 243 4040 
2 740 1769 
4 1038 2192 2821 3000 
3 67 616 2271 
1 2131 
1 1276 
3 651 3466 3777 
2 3872 4393 
1 2563 
2 1666 5240 
0 
2 388 2286 
0 
2 1111 2612 
2 3082 3669 
4 1318 1496 1806 2089 
4 146 1191 2667 3521 
4 2350 2635 4521 4930 
1 5066 
2 301 1384 
0 
2 754 3188 
1 704 
4 151 680 1823 3271 
2 1778 4401 
1 4070 
4 2715 4054 4690 4960 
4 1186 3958 4561 4946 
5 1 380 2870 3383 4122 
3 2475 3313 4810 
3 1698 2800 4606 
3 602 4584 5203 
1 4164 
4 127 1166 1496 5202 
3 1493 2681 3447 
2 207 530 
1 580 
1 1066 
1 1185 
2 1892 3285 
2 982 2321 
2 553 4070 
3 1102 3713 4913 
0 
2 935 1682 
3 1012 2859 3652 
3 875 3664 3714 
1 391 
4 284 2226 3319 4792 
5 919 1321 2835 3219 3297 
2 3912 5005 
2 3216 4720 
5 339 2435 3372 4107 4452 
0 
2 1647 2341 
1 2038 
2 360 1685 
3 1821 2564 3632 
6 210 1647 3638 4057 4188 4992 
0 
1 1296 
6 40 2484 2583 3301 4049 4759 
5 43 267 1706 3307 3836 
2 2234 2650 
0 
0 
2 957 3925 
1 644 
1 1696 
3 3889 4128 4197 
1 1225 
2 3871 3905 
3 2010 2884 2934 
2 2672 4984 
2 733 1333 
2 302 4341 
5 240 752 2675 2917 3555 
2 711 3190 
1 3572 
4 1200 2114 3161 4211 
2 3815 4469 
2 3987 4083 
3 1111 3852 4561 
2 1505 3653 
1 3182 
5 2912 3128 3584 4696 5030 
3 3794 4908 5022 
2 1044 3728 
0 
1 3587 
6 579 794 2050 3002 3169 3925 
7 798 1418 2681 3137 3818 4129 4536 
2 41 4290 
4 398 935 1614 3511 
3 3126 3497 4790 
1 5199 
3 439 587 4894 
1 453 
3 191 760 2263 
2 593 2623 
1 3361 
2 4214 4436 
3 1095 2172 3672 
4 352 521 2699 3404 
3 617 1788 1792 
2 2064 3199 
2 153 4719 
6 583 1640 2142 3737 3833 5114 
2 3451 3882 
3 321 3233 4796 
3 268 2480 5100 
3 375 3408 4764 
1 4931 
3 10 1382 4141 
1 4361 
2 402 1801 
2 279 4730 
1 5088 
6 153 1774 2277 2427 3832 4878 
4 1442 1660 2946 3495 
7 417 523 1583 2068 2116 2699 3522 
2 764 1954 
3 1163 4412 5090 
3 616 1613 4877 
1 3131 
3 737 4140 4579 
4 370 1728 2383 2422 
3 2240 4267 4622 
0 
4 1613 2209 2946 3801 
1 3906 
0 
1 2376 
1 1697 
2 427 572 
4 100 1266 2904 3964 
2 1835 2976 
3 2116 2902 4656 
2 2091 4444 
3 988 1824 4549 
1 298 
0 
3 925 3127 4661 
6 1868 2429 3278 3283 4724 4963 
6 202 1265 1434 3690 3833 4385 
3 594 2448 3240 
3 1893 4084 4233 
2 1154 1370 
3 1292 1323 2173 
2 2646 3947 
0 
1 3274 
3 2130 3507 4653 
2 2355 3288 
5 777 1156 2059 4779 4930 
2 2199 2620 
2 1417 4179 
1 1427 
4 586 3759 4517 5261 
3 2863 3736 5172 
4 2349 3145 4232 5204 
2 837 2024 
0 
2 654 855 
5 141 1554 2056 3678 3872 
4 1966 2626 3915 5100 
1 5298 
4 2673 2851 3138 4321 
4 244 977 2531 3356 
3 272 652 4106 
0 
2 3989 4931 
2 1915 2989 
5 422 1143 1477 2655 5215 
2 3312 4865 
0 
3 797 1348 2960 
2 1701 3922 
2 1505 4635 
2 1247 4762 
3 462 4632 5089 
1 4671 
3 1910 2560 3397 
1 4329 
4 130 1199 1804 5020 
3 10 1948 3512 
4 368 2451 4024 4846 
3 1831 2692 4158 
1 5209 
6 1651 2180 3591 3630 4040 4103 
2 3155 3568 
4 200 772 4022 4818 
0 
2 5113 5214 
0 
1 4701 
2 115 3816 
1 2426 
2 1462 3199 
5 301 1209 1474 2349 4153 
1 1657 
3 147 691 829 
4 2525 3068 4957 5156 
2 1824 2420 
5 647 1619 2341 4664 4909 
2 1740 3252 
4 1080 2366 2759 4965 
4 1746 2823 3625 4401 
1 4249 
1 4015 
1 2867 
2 1305 1952 
2 2275 5259 
2 170 2759 
0 
1 2504 
2 1934 5192 
2 3276 3991 
2 2557 5120 
5 310 1836 2008 5035 5111 
3 3225 3724 4807 
2 3326 4518 
4 115 431 1679 3248 
0 
2 1302 2191 
1 2368 
3 1576 1833 1934 
4 349 1998 2478 3424 
3 2409 3067 3397 
2 1179 4577 
5 413 1286 1489 1665 4680 
4 1589 2967 4358 4572 
3 1934 2671 3651 
1 4797 
2 1217 3204 
3 1056 4871 5150 
3 1475 3417 4059 
5 930 2622 3899 5093 5292 
2 1831 4537 
2 2727 3438 
1 3441 
3 2029 2705 3230 
3 1927 3646 3836 
3 1309 2479 2977 
1 4525 
5 378 427 3870 4183 4644 
3 2715 2793 4645 
1 2666 
6 125 794 934 1635 2048 5237 
0 
3 3639 4165 4461 
2 515 4097 
2 726 2252 
1 3764 
1 4947 
4 151 1142 2450 4903 
3 1118 2466 2553 
1 2333 
1 2894 
2 878 5244 
4 1428 1691 4219 5012 
4 1315 2061 2284 3265 
2 1330 1751 
2 2901 4571 
3 744 4407 4618 
2 1556 3073 
2 917 1215 
0 
1 3396 
1 1234 
5 967 2601 3060 4648 5056 
1 5069 
3 1456 3380 3551 
1 4776 
2 555 822 
2 2751 4061 
0 
2 1070 3242 
2 287 3741 
0 
3 1963 2162 3142 
4 1140 2438 3233 4744 
6 198 2706 2973 3112 3181 4473 
1 3572 
5 424 623 923 3631 5000 
2 134 4877 
2 3470 3902 
0 
2 196 3624 
1 4654 
4 2041 2621 2874 3288 
1 4660 
1 5255 
1 3165 
3 1319 1542 4169 
1 2865 
1 3041 
1 2751 
2 688 1186 
1 124 
1 835 
1 3816 
3 1389 2425 3432 
2 1401 5074 
2 1506 4037 
0 
3 3326 3498 4269 
4 370 2932 3434 3681 
2 2391 2810 
2 2030 4619 
2 1207 3313 
3 2570 4317 5034 
2 353 4527 
1 4282 
0 
2 432 3045 
2 305 1706 
3 656 5182 5299 
3 463 3574 4710 
2 619 4232 
1 2071 
2 2765 3953 
2 1459 2720 
5 913 1489 3160 3739 5016 
1 1239 
1 2838 
4 2900 3017 4355 4862 
4 1540 3540 4450 4685 
2 2175 2978 
2 3714 4900 
2 2479 5215 
3 130 3502 4902 
3 1944 4132 5086 
2 118 391 
3 1235 2441 3733 
0 
2 2752 5069 
3 2405 2822 3719 
0 
1 4791 
1 2231 
2 2280 3286 
1 306 
0 
2 5065 5222 
2 129 1435 
3 1473 1613 1941 
3 2534 3017 3721 
0 
3 406 811 2197 
4 555 1668 3060 4065 
4 1316 2600 4352 5193 
2 1972 2191 
1 4063 
3 457 936 3366 
3 3791 3939 5127 
2 4098 4380 
4 3398 3875 3921 5182 
3 629 2101 3371 
3 565 3359 3599 
3 1924 2284 2985 
4 2120 2214 3785 4964 
0 
0 
0 
1 246 
0 
0 
0 
1 5242 
3 1007 4255 4857 
2 1615 4935 
3 144 533 2666 
4 370 793 1523 5190 
3 1903 2012 2182 
4 578 1143 1249 2067 
0 
4 368 1209 2574 3435 
2 250 2493 
3 1008 1758 2213 
0 
1 671 
0 
2 928 3809 
1 804 
1 1670 
0 
1 1744 
4 1677 3112 3698 4569 
3 1121 2236 4602 
2 2795 4044 
2 3157 3510 
2 847 5232 
3 509 3545 4761 
1 1223 
4 601 1588 2818 3273 
0 
2 2378 3534 
5 2513 3772 4238 4979 5188 
2 1834 2460 
5 2205 2322 4117 4141 4166 
2 3831 3848 
1 31 
2 2388 5083 
3 3164 3554 4163 
2 2719 4336 
1 936 
3 3096 4627 5041 
5 1540 3179 3935 5249 5272 
4 46 101 418 2081 
2 1513 2201 
3 4386 4436 4664 
1 2240 
2 1866 4292 
4 472 666 3207 4151 
8 922 1131 1411 1762 3739 4490 4742 5030 
1 1392 
4 2721 2848 2975 3130 
0 
1 5238 
2 906 2034 
3 813 1534 4940 
2 463 3502 
4 2372 3561 3590 3824 
3 2731 3634 5067 
0 
4 1111 1313 1692 5143 
2 2286 4832 
3 1322 1520 4227 
4 802 1820 1954 2095 
3 63 1393 2867 
4 3594 3825 4396 4934 
1 2396 
3 885 1813 3973 
2 2718 5074 
3 1902 3736 4497 
4 2023 2801 3390 4087 
1 3661 
1 1946 
1 4411 
3 1254 4647 5237 
1 889 
1 643 
4 1731 2470 2595 5263 
2 685 2239 
4 170 1472 4068 5014 
3 3534 3996 4456 
2 3255 5006 
2 2455 4429 
3 944 2296 3282 
4 1121 2390 3901 5019 
0 
2 1385 2299 
2 500 1477 
4 3342 4145 4361 4619 
0 
4 629 877 1988 3346 
3 3006 4597 5029 
7 720 2257 2314 2834 3002 3069 3324 
2 1571 4625 
2 2965 5093 
0 
3 1670 4850 4943 
2 838 3779 
0 
1 3594 
2 1038 3590 
1 2010 
2 1174 5206 
2 2410 3532 
1 621 
1 4291 
0 
0 
4 716 1203 2040 2135 
2 1561 3824 
2 2326 2343 
2 3334 4158 
0 
4 99 2890 2980 4417 
2 1442 2165 
4 4104 4330 4842 4855 
3 1512 2464 3943 
1 2505 
0 
2 2109 3460 
3 1441 4370 4601 
0 
0 
3 1061 1468 2939 
3 799 1194 5185 
2 1607 2856 
6 747 2249 2469 4594 5140 5208 
0 
3 107 198 264 
3 542 622 2657 
8 584 1861 2628 3204 4676 5076 5089 5165 
4 533 2545 3813 4141 
1 2640 
6 258 311 417 1630 1773 4580 
3 612 943 5234 
3 0 4254 4831 
3 1358 2900 3340 
4 737 1504 2938 3893 
3 1884 2088 2462 
2 3407 4400 
1 1469 
2 4934 5278 
1 2647 
3 988 4170 5093 
0 
2 591 3527 
2 386 1568 
2 2873 3481 
2 1116 3445 
4 1150 3828 4711 4909 
2 777 2753 
5 42 54 433 3918 4651 
3 1701 2173 2207 
3 1352 3026 4463 
2 249 3724 
3 570 3890 4192 
2 466 1964 
0 
4 92 779 1252 1339 
4 1729 4522 4798 5286 
3 3906 4240 4933 
3 81 3517 4900 
3 450 2498 2520 
5 1851 2559 3985 4330 5064 
1 2739 
2 1720 5231 
3 233 3314 3509 
1 845 
1 4275 
1 53 
5 2429 2436 3032 4108 4938 
2 3359 5074 
4 948 2857 3042 4290 
2 1252 2031 
2 492 668 
4 463 817 1668 4147 
5 1147 1240 2544 3369 4016 
1 5166 
1 750 
1 615 
4 667 3186 4171 4660 
4 28 957 1443 3483 
1 4894 
3 861 3401 3520 
1 4935 
2 2010 2191 
2 4292 4949 
3 2208 3878 4046 
1 714 
2 905 2874 
4 705 2829 2932 4288 
4 967 3010 3898 4663 
1 3844 
1 4800 
3 1056 1800 5059 
2 531 1009 
4 362 1336 3423 3893 
0 
3 793 1236 3392 
3 771 1201 2137 
3 1185 3692 5222 
1 4401 
2 1296 1584 
3 108 783 3371 
4 265 2469 3306 4613 
1 5125 
2 1981 2613 
2 1611 4482 
3 730 3997 4937 
1 3701 
1 615 
2 661 2253 
3 2659 3155 3311 
2 3012 4096 
2 3269 3620 
1 735 
1 1292 
2 905 1774 
0 
4 1516 1742 4558 5033 
5 436 851 3103 3115 3740 
7 16 128 449 1740 1875 2531 5296 
2 3430 3435 
0 
2 4322 4823 
2 1200 1796 
1 1013 
5 1161 2102 3060 3302 3933 
2 3311 4416 
2 1586 2618 
1 3990 
3 729 896 1071 
4 567 2225 3211 4806 
7 539 1948 2560 3542 3960 4713 5166 
4 868 2157 2430 4100 
3 2018 3989 4658 
3 324 909 4490 
1 3951 
1 850 
2 143 175 
2 1279 2779 
0 
2 2852 4619 
2 1052 4673 
1 1108 
2 1225 2681 
3 451 2272 2968 
3 1716 3343 4198 
2 622 4623 
6 42 830 2548 3925 4477 4752 
0 
0 
3 395 872 3099 
2 124 1646 
0 
2 102 564 
4 1690 3480 5204 5262 
1 4507 
5 10 1039 1095 4190 4509 
5 681 1211 2640 3155 4216 
1 1101 
2 3195 3589 
4 2390 3029 3051 5214 
4 22 621 2831 5200 
2 1150 3269 
3 726 3981 4174 
3 4113 4456 4853 
2 2714 3711 
3 1174 2761 4422 
1 4071 
2 1611 2268 
1 4983 
2 3283 3708 
4 220 1381 1475 4192 
5 947 2382 3296 3813 4317 
2 4024 4909 
3 25 2518 5121 
1 2052 
7 370 1050 2433 2653 3668 3880 5001 
1 1367 
4 768 2138 4624 5167 
4 1193 1306 2251 3576 
2 4052 4368 
1 3009 
2 2736 4086 
4 166 2058 2513 2778 
0 
2 3532 5262 
2 913 4833 
3 1170 1962 3087 
3 2171 3002 3540 
4 481 1051 4670 4677 
2 208 700 
4 360 1346 3773 4112 
3 3461 5129 5185 
5 37 718 1758 2295 5135 
1 3038 
3 181 2161 4455 
1 5218 
1 1026 
4 616 2007 2174 5028 
4 446 2131 2702 3485 
3 545 1972 2960 
1 1924 
6 614 720 1394 1422 3172 4664 
4 997 1074 2481 3795 
3 970 4890 5016 
3 1151 3741 4015 
2 896 1404 
1 1341 
2 1660 3953 
5 620 898 2549 2725 3942 
2 2486 4845 
4 2199 2360 3583 4216 
1 547 
3 503 2358 4013 
3 1300 2108 2201 
2 774 3064 
4 3316 3674 4655 5068 
2 1721 4478 
3 339 3340 4091 
1 3064 
3 2006 3958 4229 
1 2308 
2 1677 5274 
1 3436 
0 
2 4431 4705 
3 2299 3319 4857 
1 622 
3 251 1166 3754 
1 4011 
2 632 2118 
2 851 4393 
4 985 4176 4868 4986 
5 624 1097 1611 1634 2198 
0 
3 321 3770 5168 
0 
1 5265 
1 1411 
1 1475 
4 36 237 4345 4845 
4 924 1223 2530 2779 
2 3371 4563 
3 950 1059 2295 
1 3059 
1 1228 
1 4572 
1 2726 
5 1270 1398 2052 2712 3080 
1 2142 
5 88 1048 4113 4281 5289 
1 286 
2 3710 4032 
1 677 
2 1277 3214 
5 2342 2352 3093 4539 5033 
2 661 3557 
2 604 4780 
0 
3 676 983 3792 
1 1272 
5 810 1199 1998 4275 5277 
0 
1 5288 
3 1490 2013 4517 
0 
6 1733 1822 2088 4114 4351 4822 
4 68 1470 4130 4352 
1 4210 
4 597 1383 2399 2891 
2 993 4881 
2 249 774 
1 1371 
0 
3 837 2683 5136 
4 428 1046 1596 2155 
2 2454 4671 
1 2835 
2 2976 3245 
1 4605 
2 608 4063 
1 4286 
3 1767 2505 4979 
1 1253 
3 1421 2029 2640 
3 2359 2969 4321 
2 2466 4709 
2 2139 2551 
0 
7 739 1521 1590 1641 1683 2702 5046 
1 152 
1 2185 
1 5120 
0 
2 2141 2583 
3 695 2077 2095 
1 3218 
1 3143 
2 1227 2395 
1 1651 
0 
3 988 1799 5053 
2 1162 3733 
1 3581 
1 565 
1 3025 
3 1036 1762 3862 
1 4242 
3 3309 4711 4867 
8 1184 1339 1986 2206 2225 3319 4255 4965 
2 4577 5022 
4 1049 2313 2681 2879 
2 99 555 
2 865 3202 
1 1376 
1 2680 
0 
2 3914 4924 
1 2872 
1 2780 
3 13 4178 4496 
5 555 2162 2802 3646 4034 
0 
5 218 1946 2191 4307 5179 
2 4059 4761 
0 
5 1926 2549 2570 3410 5278 
1 3056 
2 1079 4706 
1 497 
3 278 341 3200 
3 104 1597 3291 
4 475 1130 3942 3982 
2 706 3418 
5 2996 3302 4217 5003 5291 
5 682 1763 2155 2742 4389 
4 173 1729 1876 3198 
3 234 1421 5181 
1 2851 
2 3427 4835 
1 4606 
5 710 1483 2759 3273 3758 
2 1984 3205 
0 
1 3077 
2 510 3761 
1 5165 
2 755 2885 
2 558 4637 
3 1528 3271 4902 
3 2519 3648 4527 
4 857 2761 4500 5071 
1 1205 
1 1200 
4 42 2122 2538 4270 
2 150 3103 
3 818 990 3252 
2 727 1039 
4 984 1176 1362 4460 
1 4214 
3 17 2141 2851 
3 3900 4716 5224 
4 424 1572 1848 2027 
1 369 
1 3142 
1 3018 
3 1145 4789 5041 
5 1639 4094 4308 4383 5218 
2 2935 5036 
6 428 1014 2493 2573 2816 3855 
6 3083 3568 4260 4497 4642 4802 
4 891 3552 4437 4612 
1 2076 
4 386 1918 2906 2910 
0 
5 769 3104 4244 4540 4612 
3 2451 4496 5029 
1 2425 
3 677 2681 3135 
2 1644 3412 
1 629 
5 785 2208 3186 3600 4907 
3 1410 2488 3204 
2 1223 4766 
3 1538 2056 2064 
1 1878 
2 3035 5278 
1 896 
1 3148 
4 1052 2939 3134 3908 
2 47 1172 
1 2237 
3 1431 3061 3782 
1 3694 
5 428 1405 1687 4743 4960 
1 3612 
4 854 2878 3683 3691 
2 3857 5222 
3 1703 3752 4344 
1 1519 
2 884 3220 
0 
2 1763 2946 
0 
2 2050 4078 
9 168 1557 2630 3300 3869 4093 4458 4530 4839 
4 1560 3330 3901 4092 
4 1225 1612 1664 4505 
3 1289 2841 3232 
2 1881 3877 
3 743 1443 1917 
4 739 1900 3453 5055 
3 2809 3046 4560 
4 1367 1740 3066 3900 
0 
1 3299 
2 157 3522 
0 
4 1102 3598 4790 4806 
0 
0 
7 123 1444 2505 2611 4037 4552 4994 
3 1548 1669 1678 
2 2152 4654 
4 585 1349 2809 3685 
2 1557 4710 
0 
0 
1 3514 
2 717 4928 
2 1766 3933 
1 1363 
3 819 4767 5119 
1 956 
3 1793 4066 4708 
6 684 1049 2317 3650 3881 4707 
3 2365 4457 5023 
2 2308 4282 
2 2208 4041 
5 1839 1920 2640 3214 4365 
6 1254 2049 2347 3483 3988 4957 
2 532 1439 
3 2136 3555 4944 
2 3080 3267 
6 913 1183 1741 1746 3069 5213 
1 951 
5 765 1063 2212 2314 3592 
5 471 572 678 1981 2390 
1 4962 
1 916 
2 1253 3808 
7 835 1433 2503 3055 3369 4391 4767 
2 823 2988 
3 57 178 1992 
1 2383 
1 5074 
3 572 1416 4510 
3 1856 3079 4235 
3 192 730 1076 
3 670 4034 5218 
0 
1 1259 
4 675 1116 4359 4726 
2 3563 4716 
4 2413 2801 2848 3605 
1 1277 
2 2614 3832 
1 1938 
2 1146 4671 
3 2546 3293 4278 
4 2302 3706 3785 5181 
0 
4 211 1379 4784 4863 
5 164 693 2052 2627 3800 
3 2516 3900 4261 
6 1003 1025 1190 1667 4290 5297 
1 939 
4 1457 1801 3979 4489 
4 2061 2313 3461 4684 
1 4690 
4 52 1916 3324 5140 
3 619 1009 2893 
0 
2 161 5266 
3 784 1823 3597 
1 2047 
3 690 2204 3282 
1 4386 
2 2631 4630 
2 3496 4071 
5 1109 2505 3271 4484 5056 
3 87 2307 4074 
0 
2 2099 3461 
1 1254 
4 1463 2769 3072 3406 
2 1324 4074 
1 2244 
2 370 3912 
4 2300 3246 3254 3360 
3 1328 2086 4784 
3 1198 1704 3903 
1 1465 
1 1571 
3 708 1098 2850 
1 866 
2 554 1745 
1 3027 
4 1251 2328 2421 5203 
6 16 992 3021 4574 4726 4796 
2 994 4484 
2 3004 4393 
3 2029 4463 4994 
6 1303 2457 2719 3073 3892 4488 
5 2025 3033 3651 4210 4621 
3 3346 3542 4011 
4 2191 2637 4236 4934 
2 2027 4303 
5 83 401 1766 3478 5118 
2 3316 4775 
6 2185 2821 3429 3599 4783 4968 
2 3807 4205 
4 598 1024 2027 5091 
3 2945 3130 4866 
1 732 
4 196 493 2274 5215 
2 468 1647 
1 2987 
3 105 1078 2272 
2 648 3091 
2 2114 5026 
3 444 1780 4781 
0 
4 492 671 1223 4113 
3 2443 3313 5102 
0 
2 1215 4439 
4 527 1745 4921 5215 
3 2151 2161 4027 
4 581 1485 2464 3499 
0 
1 3099 
7 1158 1578 2332 2504 3332 3696 4262 
3 799 3668 3924 
0 
3 3798 4158 5217 
2 875 1402 
0 
3 144 3464 4792 
3 1243 2368 4236 
4 1093 1721 3610 5073 
3 173 1262 2500 
3 863 1551 4868 
1 919 
1 2969 
2 75 3190 
2 229 4909 
2 1689 2445 
3 1225 3408 4421 
1 3424 
2 1219 4064 
4 585 1540 2428 3047 
3 463 1257 1503 
2 3190 3409 
2 333 2670 
2 2005 3384 
1 1063 
1 308 
1 2140 
1 38 
3 316 3715 4983 
3 1507 3394 4071 
0 
2 964 4916 
2 2484 4626 
0 
1 3134 
1 1915 
5 704 834 1968 2803 2853 
1 702 
3 2246 3040 3181 
5 579 3425 3721 4017 4232 
4 1387 2618 3032 4016 
4 1057 1944 2374 3800 
4 1440 1855 4547 4736 
4 561 756 1159 2440 
1 4213 
3 2366 4091 4876 
2 495 3718 
2 1169 3842 
4 1934 2029 4747 4985 
3 2672 3177 4477 
3 462 2366 2861 
1 4725 
1 2262 
2 2125 2564 
4 1110 3909 4109 4908 
4 1094 1440 2376 2513 
0 
2 3754 3906 
4 441 785 1457 3022 
1 5115 
3 1807 3160 5257 
1 769 
2 809 5038 
2 2863 4566 
5 474 687 2013 2182 2272 
3 2181 3496 4673 
5 1192 1897 3106 4192 4392 
3 880 1153 3096 
3 43 194 2284 
3 1164 2816 3025 
1 3489 
3 1656 4785 5012 
0 
3 1200 2793 3409 
6 1016 1077 1845 2285 3751 4123 
4 1085 1897 3593 4630 
3 2999 3336 3462 
2 1955 4492 
8 308 770 1811 2801 2817 3470 3644 5144 
3 485 2089 2397 
7 1060 1383 1457 2252 2533 3225 5061 
4 242 2755 3607 4624 
3 2197 3867 4673 
4 256 2907 3210 4885 
2 75 645 
4 740 1040 1511 3919 
5 166 2271 2917 3000 3530 
2 151 2162 
3 1417 3332 4541 
2 1269 1936 
1 281 
3 808 2681 3171 
3 994 3393 4839 
3 2444 2529 5254 
1 1957 
5 55 358 1494 3520 4633 
2 1542 3720 
4 640 3097 4894 4943 
0 
2 3233 3321 
0 
7 352 384 1897 2700 4552 4935 5015 
1 1564 
3 3309 3631 3885 
0 
1 4228 
1 4823 
5 88 218 2725 2909 4949 
0 
3 376 2677 3625 
2 196 2836 
1 4081 
1 305 
4 1142 2679 3206 4032 
0 
0 
0 
2 4229 5065 
0 
3 786 1993 4810 
2 228 352 
2 4296 4708 
1 4658 
3 2391 4251 4697 
1 993 
1 4455 
2 2582 2760 
5 311 1381 1651 3190 4832 
2 2323 3866 
3 401 1264 1675 
3 161 3838 5170 
4 543 3808 3874 5013 
1 829 
1 2577 
4 312 1120 4753 5092 
2 1442 3796 
3 1379 2765 3142 
3 2123 4352 5127 
4 1897 2581 2792 2933 
2 5 2275 
2 188 5022 
0 
1 2100 
3 759 1719 4372 
3 1751 4599 4826 
1 971 
0 
3 1093 2495 5089 
3 197 4403 4736 
0 
2 1870 2251 
2 913 3256 
2 212 2079 
2 1270 5295 
3 734 3943 4423 
2 1653 3564 
0 
2 547 2659 
1 3721 
7 583 1196 1351 2787 4275 4609 5003 
4 3325 3760 4557 4921 
1 3262 
0 
1 2491 
4 534 1596 2405 2451 
1 2580 
2 4039 5012 
2 4504 4660 
2 2772 4150 
3 1730 3685 4374 
1 1235 
2 2184 2326 
4 1287 1770 3623 3960 
7 681 1587 3186 3691 3997 4349 4603 
2 2728 5154 
3 779 2334 3249 
4 550 3254 3306 4335 
5 792 1470 3017 4074 5259 
1 3811 
4 1464 3070 4090 4805 
2 1570 4319 
4 494 954 1744 5196 
1 1821 
2 3438 3503 
3 718 2150 2459 
1 3024 
1 433 
1 843 
2 4992 5161 
0 
3 2785 4631 5170 
3 1524 2450 3250 
3 561 3272 3990 
0 
1 3030 
0 
4 797 3211 3712 4992 
2 2811 4864 
1 4379 
2 150 2525 
0 
4 76 2530 4072 4735 
5 1284 2600 2811 3914 4159 
2 2914 4941 
4 556 904 4121 4651 
3 7 2462 3416 
1 1853 
3 588 631 4481 
2 2463 4872 
3 91 3462 5195 
2 1087 1859 
2 279 474 
3 883 1047 2737 
2 540 3736 
5 129 310 2257 4525 4887 
0 
3 1959 3462 5133 
3 1456 1593 3909 
3 1985 2331 4655 
0 
3 673 1185 3102 
0 
0 
0 
0 
2 1025 4650 
3 757 1852 4460 
4 1876 2708 4493 5214 
3 2883 3169 3184 
4 3309 3442 3449 5189 
2 1764 5183 
4 497 2072 3239 3974 
3 1103 2106 4278 
3 189 1288 2229 
0 
1 3829 
3 61 3597 3728 
3 2509 3311 3585 
5 744 1035 1078 1477 2186 
2 1201 4190 
0 
2 360 5044 
1 5218 
2 1226 3733 
3 249 332 4606 
2 608 3209 
2 1580 3506 
2 568 2845 
1 2736 
0 
4 759 2219 2770 3131 
4 1430 1788 4414 4431 
5 844 2890 4036 4386 4452 
4 38 898 1465 2010 
1 4893 
2 2147 2198 
3 1159 3303 5169 
0 
6 110 570 806 1122 4016 4745 
1 1363 
4 1535 3510 3546 4141 
3 502 1796 3734 
3 2059 2342 3803 
2 3180 3298 
5 2108 2317 3966 4824 5255 
3 1318 2529 4606 
4 93 507 3230 5137 
6 183 543 842 1958 2051 4121 
1 1719 
5 2554 2645 3567 3690 4672 
5 304 1739 3416 3766 4389 
2 1182 1188 
1 1774 
4 1148 3479 4342 4804 
3 1154 1240 2375 
1 1654 
3 427 1886 2755 
6 2614 3493 4171 4311 4393 4444 
3 45 231 2316 
2 2408 5225 
1 1550 
1 3119 
3 546 684 864 
2 1021 1446 
2 2194 2750 
1 3526 
3 352 832 1485 
3 2772 3328 3932 
3 207 2239 4052 
5 822 834 921 2343 3107 
3 352 4920 5213 
1 1358 
1 4191 
1 3518 
3 719 1392 2734 
3 1861 4496 4497 
4 1274 2085 3625 3709 
3 30 3319 3982 
3 4092 4221 4526 
4 2046 2692 2876 4919 
2 452 4707 
3 2620 2669 4430 
0 
1 3709 
1 1775 
1 5255 
4 22 71 1387 4112 
5 1672 2154 2550 2879 4000 
2 942 5274 
3 1553 2822 3206 
1 4121 
3 1155 1535 1757 
3 1219 2616 4065 
2 779 3493 
4 243 366 4244 4801 
4 1719 3869 4433 4770 
2 1590 4150 
1 2032 
1 2495 
3 2027 3062 5077 
2 1366 4092 
3 1110 2627 5038 
4 1245 1768 2299 3133 
1 4085 
2 611 2947 
5 1311 1472 1851 4161 4851 
0 
1 679 
3 2166 2646 3787 
0 
2 3154 3616 
2 3388 4779 
4 505 3687 4382 4895 
2 4725 5250 
3 3502 4676 4791 
5 241 2413 3061 4522 4944 
2 178 1468 
0 
0 
4 1265 2301 2506 5094 
2 1108 4932 
1 2541 
1 110 
2 2870 4852 
2 4033 4419 
1 1915 
1 1532 
1 1274 
2 2994 4196 
2 369 3635 
5 578 666 1330 1754 2902 
4 1423 2308 4348 4477 
3 1826 3470 4217 
1 101 
3 2312 4348 5090 
1 3974 
1 2850 
3 1279 2646 2689 
1 2412 
4 96 461 3137 4014 
1 3308 
3 2654 2688 5071 
0 
1 1512 
3 3175 3469 3852 
3 397 3109 3742 
2 2582 3211 
3 3072 3728 4060 
0 
2 1350 4022 
2 883 4249 
5 539 1521 1788 4044 4100 
3 1141 3155 3789 
2 3880 5130 
4 1620 1939 3314 5112 
1 3818 
0 
2 3241 4025 
3 312 1007 4446 
3 1277 1346 3086 
1 4008 
3 1049 1136 1595 
0 
2 3563 5052 
2 2140 5210 
0 
1 4188 
3 664 2803 4783 
1 1489 
3 643 1426 4318 
3 920 2100 3405 
2 2511 4437 
6 1696 1786 2430 3342 3529 4358 
1 628 
6 121 530 1129 4385 4548 4616 
2 800 1961 
2 1933 3771 
3 2192 2412 4350 
4 144 548 2507 3336 
3 365 1496 2280 
1 1672 
3 220 2647 4174 
3 221 3582 4977 
1 251 
3 889 1264 5019 
2 2281 4906 
3 1489 2473 4079 
1 3744 
2 1161 4254 
2 1973 5214 
0 
3 3311 3954 5019 
2 456 1936 
7 1286 2465 3012 3992 4223 4540 5253 
1 3859 
4 1160 1350 3041 4668 
2 1741 4037 
2 3126 4914 
5 384 2455 3205 4612 5095 
7 1227 1249 2268 4729 4890 5005 5034 
3 1153 2216 2306 
2 3899 4279 
3 280 1930 4764 
1 4219 
2 326 1047 
2 1507 3779 
3 28 2034 3806 
3 1406 1909 2194 
1 2660 
2 1420 4712 
2 1994 4066 
4 567 1262 2269 5234 
2 503 1702 
1 99 
4 214 654 1935 1959 
5 397 2042 2867 3234 4297 
2 2237 5020 
0 
1 1629 
2 719 2325 
1 990 
1 2907 
1 4838 
4 626 727 1940 4607 
3 1610 2040 2047 
2 823 2387 
2 558 1588 
1 1117 
6 287 1384 1922 2530 5099 5219 
3 1224 1433 1758 
1 3087 
3 743 4617 5066 
2 3115 3402 
0 
2 3565 4878 
5 1524 2050 2109 4451 4704 
3 1481 3794 4050 
3 1319 2367 3502 
3 1566 3087 3406 
3 583 2157 2789 
1 1976 
3 158 3084 4858 
1 4617 
3 2026 3233 4946 
3 237 1683 3712 
3 2611 4128 5160 
1 3997 
1 121 
2 2798 5152 
2 937 1493 
2 853 1467 
1 932 
0 
3 1908 3161 4567 
2 1641 4368 
4 275 477 2861 4225 
3 1011 3529 3536 
2 2943 4801 
5 148 431 555 1561 2856 
4 420 1775 3429 3697 
2 613 2265 
3 2269 2552 3959 
3 959 3261 4145 
5 355 1785 3890 3974 4042 
1 4585 
2 3279 4451 
2 1337 2560 
6 309 832 1741 3329 4304 5106 
4 23 2570 3272 3391 
1 966 
2 3895 4488 
4 2443 2743 4194 5233 
3 804 1179 4638 
2 477 5112 
5 1236 1857 3820 4950 4969 
3 2310 3469 3600 
2 1430 4698 
2 1357 1761 
2 1359 5079 
1 1445 
4 303 2557 2993 3476 
2 2078 3494 
4 354 815 1769 4025 
5 403 2382 2658 3446 4660 
4 2330 3793 3935 5160 
1 3884 
3 1095 2546 2638 
3 480 1406 2809 
3 1603 2501 2896 
4 2007 3598 4044 4230 
4 1360 3898 4874 4886 
4 720 3640 4206 4844 
1 4680 
0 
2 630 5132 
3 635 775 1981 
0 
0 
3 3307 3805 4128 
2 1870 3089 
2 182 3961 
3 2919 3290 3962 
1 4172 
1 1260 
3 938 1464 2069 
2 3032 3983 
3 845 2381 5108 
2 3393 4020 
4 583 743 3036 4101 
0 
3 1304 1309 5143 
2 2476 5239 
1 1472 
5 823 2170 2204 3503 3830 
4 482 1449 3950 4647 
0 
2 130 1115 
5 355 2926 3938 4638 4934 
2 3629 4072 
3 2621 4047 4795 
2 2882 5094 
0 
4 682 1210 1744 5157 
2 743 1194 
1 2229 
2 1682 1728 
4 1558 2686 3658 5267 
2 844 5051 
3 622 1429 5146 
3 1960 3083 3911 
3 48 119 2199 
0 
2 2584 3161 
1 157 
1 3561 
1 115 
1 3605 
0 
3 1085 1936 2578 
3 2121 2950 4960 
3 3737 3866 4638 
3 1135 2309 3689 
3 1157 1426 2894 
4 27 1903 3368 4472 
0 
4 55 1507 2144 3236 
1 1797 
2 3164 3274 
5 842 1143 1758 1804 2352 
1 4833 
2 3495 3915 
1 1013 
4 3751 4338 4799 4872 
3 3659 4346 4737 
1 3212 
3 3141 3364 4015 
2 477 2606 
0 
5 0 30 1921 2070 3411 
1 5169 
3 2720 2863 5055 
3 827 4002 5094 
1 2303 
6 1486 1533 2419 2524 4943 5207 
0 
6 649 990 1112 2314 3608 4053 
2 1068 5159 
5 227 849 1338 1470 3727 
4 435 695 791 5108 
3 61 179 328 
0 
3 1460 2646 2698 
2 116 2654 
0 
1 1111 
2 2738 4742 
2 1690 3468 
1 3766 
4 1182 1878 2624 4047 
2 2341 3157 
2 2330 2367 
2 504 1724 
2 1207 1787 
5 312 1321 2285 2465 4887 
3 1503 1618 4770 
2 3363 4459 
1 1116 
2 4290 5181 
1 4337 
3 2 3280 5191 
1 551 
1 2781 
3 102 1608 4050 
4 23 223 1188 3907 
0 
3 2624 4147 4631 
0 
2 1038 4131 
2 5030 5252 
5 1911 2305 3597 3887 4143 
2 4851 5119 
1 714 
3 1127 3060 4407 
0 
3 451 3088 5281 
3 1373 1706 2059 
2 188 3647 
3 1147 4116 5096 
5 44 1070 1561 1630 1642 
2 2997 4084 
3 315 760 3912 
0 
0 
3 1267 3361 3793 
1 3315 
5 782 1449 1832 4179 5005 
3 3096 3548 4182 
1 2468 
4 935 2294 4222 4911 
3 1669 2230 2387 
2 42 1808 
3 241 3364 4612 
6 443 2580 4449 4585 4679 5096 
2 1681 5267 
2 3100 5102 
2 2177 2776 
2 1864 5139 
4 594 2867 3606 4253 
3 1339 3126 4886 
3 894 2331 5282 
1 1227 
5 160 936 1097 3738 4318 
6 501 1001 1116 1930 3336 4743 
1 5054 
5 28 440 3852 4139 4436 
0 
2 2292 5298 
4 1135 2744 3716 5048 
2 4003 4360 
2 1398 3204 
3 1478 2726 2785 
0 
1 3723 
0 
1 4954 
4 893 1836 2780 3743 
3 2460 3654 4387 
4 3052 3104 3165 5074 
2 2673 3097 
4 844 1914 2509 4099 
1 3192 
4 408 903 1942 4090 
3 900 2294 5225 
6 1665 1962 2353 2749 3290 4362 
2 3846 4389 
3 678 3080 5233 
4 1951 2040 3287 3450 
0 
3 1713 1724 3782 
3 2273 3189 3863 
2 107 5294 
5 313 1842 3008 3435 4783 
4 1011 1293 2388 3803 
1 79 
3 709 1117 5298 
4 943 1476 1852 2740 
2 3318 4055 
1 616 
2 2580 4544 
4 303 712 1332 2400 
3 442 1681 2166 
1 3234 
5 844 2289 2313 2838 5002 
1 3942 
0 
2 1312 1716 
6 985 1428 1576 1948 4236 4443 
2 13 1862 
1 1180 
2 1555 3520 
4 219 1824 2816 3121 
2 470 802 
2 2631 3737 
2 4222 4864 
1 2185 
1 3770 
4 235 672 1616 2578 
2 324 4405 
3 884 5003 5218 
5 1198 2162 2900 3023 3926 
3 1759 2705 3387 
1 978 
1 4690 
0 
1 2372 
2 1250 1913 
1 1988 
2 3767 4205 
4 293 1903 2826 4619 
0 
5 1635 2544 2899 4410 5046 
1 3644 
0 
2 4719 5288 
1 934 
3 1959 2250 2911 
4 1072 2124 3714 4345 
4 481 2822 3405 4182 
1 3753 
2 1764 3754 
0 
3 173 2358 4156 
4 220 813 4791 5062 
1 3497 
2 529 4108 
2 658 4364 
2 4019 5105 
2 4008 5261 
0 
1 767 
3 1713 2656 5223 
4 3464 3588 3716 4075 
3 1673 4029 4485 
2 929 1533 
0 
4 1183 1843 2059 4419 
2 3168 4958 
2 1042 2124 
1 2854 
2 3023 3530 
4 1461 3758 4323 5173 
3 660 1052 4113 
3 2752 3986 4217 
4 989 1817 3985 5047 
2 2304 4777 
2 1296 3131 
4 2394 2824 4517 5172 
3 1410 2819 3425 
3 1157 2440 4399 
3 346 381 3646 
3 2015 4256 4483 
2 546 1721 
2 349 4178 
2 1187 2669 
3 2797 3406 3699 
2 698 4082 
1 5273 
2 3540 4815 
4 1602 1692 1907 4548 
3 1293 1926 3814 
1 3891 
1 881 
0 
1 4724 
1 4419 
4 601 3613 3970 4739 
1 774 
2 934 1390 
4 808 1365 2920 3206 
1 4758 
2 1128 2904 
3 52 304 3592 
4 2432 2896 3808 4281 
4 2765 3273 3491 5013 
2 1544 3272 
1 653 
5 99 107 1807 3969 4653 
2 3760 4086 
2 1423 2047 
3 2414 3602 4616 
1 1475 
4 2409 2864 4689 5202 
5 2026 3610 3735 4327 5201 
3 652 4324 5124 
4 312 3229 4232 5004 
1 1067 
1 3975 
0 
0 
4 2005 2943 3346 4887 
2 1474 3577 
4 176 3012 3150 4563 
1 4872 
2 1301 3485 
4 1845 2527 3112 3649 
2 1210 4174 
3 1802 1955 3399 
6 556 614 2223 2412 4842 4864 
3 2012 3129 4907 
1 3716 
2 32 904 
5 192 971 2613 3604 3742 
1 327 
1 2776 
3 2140 3772 3831 
2 1006 2147 
1 2284 
2 3689 3845 
1 1030 
2 2871 3521 
2 3818 5289 
5 84 315 373 2249 4906 
4 1494 1702 3919 5014 
1 1162 
5 641 804 2281 4695 5122 
4 4137 4217 4718 4953 
4 115 1818 2459 3015 
3 1286 3600 4182 
2 2498 5024 
5 423 1216 1379 1891 4074 
5 396 2032 2576 2971 4729 
2 1636 3251 
6 1479 1937 2163 2573 3545 4072 
3 1083 3125 3663 
1 100 
1 2668 
1 4159 
4 1059 2248 2264 4283 
3 2858 3180 3262 
6 257 2217 3434 3771 4065 5265 
1 4504 
8 605 1550 3182 3187 3410 4062 4395 5210 
5 2 698 1891 1910 3974 
2 4101 5195 
4 154 315 935 4197 
4 149 3095 4303 5061 
2 1809 3639 
2 1513 4267 
1 3344 
2 2200 3998 
3 625 2304 4951 
3 83 2369 3862 
3 1937 3556 4595 
4 479 808 2873 4020 
2 1033 2659 
2 632 2038 
4 597 1016 4270 5081 
5 123 3412 3904 4794 4991 
3 2909 3278 4631 
4 3097 3531 3553 5256 
2 3096 4755 
2 3058 4970 
4 568 735 4504 5277 
3 789 1698 2802 
1 2474 
3 1869 2579 4810 
2 1637 3902 
4 940 2823 3604 5288 
3 3761 4076 5168 
2 1031 5128 
2 742 2412 
1 2704 
0 
1 2392 
8 818 857 1033 1267 1552 1677 2275 5122 
2 2759 3967 
2 1150 3287 
3 1769 1985 4841 
2 387 4169 
3 2882 3539 5125 
5 1834 2855 2941 3224 3984 
2 60 2957 
0 
1 3860 
2 742 2623 
2 99 667 
3 56 1210 4362 
2 1207 5147 
6 161 780 3437 3500 3543 4193 
4 287 1151 2251 4246 
1 3307 
2 54 1797 
1 1193 
1 4626 
2 393 5140 
6 195 1341 2292 3698 3751 4826 
2 2314 4288 
3 18 1623 2958 
3 753 3850 4517 
2 1070 2555 
2 403 4831 
3 443 1340 4187 
2 102 1331 
2 1733 4841 
3 1777 4058 4957 
3 1588 4934 5189 
2 1814 3887 
2 1439 2348 
4 2336 2623 2720 3493 
2 16 4431 
5 623 1333 2021 3852 4185 
3 1513 4768 5119 
4 906 2080 2677 3715 
0 
4 1219 2764 3848 4408 
0 
3 2010 4185 4817 
4 1335 1384 3401 3549 
2 2637 4241 
1 1494 
1 2422 
1 4746 
0 
1 3964 
3 1420 1759 4428 
4 1755 2410 2700 3236 
3 1986 3435 4069 
4 121 884 1069 4221 
1 3558 
3 837 1086 2133 
1 2627 
3 215 1800 2255 
4 264 2473 4403 4696 
1 2623 
2 189 404 
2 751 1226 
3 2167 2517 4111 
2 1611 2732 
2 2769 3510 
2 1211 3755 
2 147 283 
6 114 1061 1982 2854 3634 4038 
3 540 4838 4953 
3 2002 2923 4623 
0 
3 3011 3995 5017 
3 1952 2379 3868 
2 1016 4750 
0 
8 99 506 841 1204 1795 3869 3960 4060 
3 316 1290 2468 
2 976 1049 
5 1762 4143 4149 4706 5218 
3 446 4677 4765 
1 4134 
4 518 851 2281 3619 
2 508 960 
4 1199 2847 3472 4902 
3 1061 3525 4296 
5 499 1772 2744 2862 3299 
2 1765 4121 
1 3724 
0 
2 2203 3581 
4 1227 1724 2292 4077 
2 2836 5038 
0 
2 1184 4353 
3 471 1886 5020 
2 802 5067 
2 1047 4822 
0 
4 621 3212 3950 5021 
3 2167 3744 4259 
1 4809 
0 
1 1019 
4 1337 2002 2959 3205 
2 146 2302 
1 702 
3 775 2118 3277 
4 1600 2324 3050 4634 
1 1082 
2 2848 2902 
4 3025 3585 3985 4058 
2 1223 1945 
3 2483 3656 5071 
3 385 4585 5123 
7 1270 1713 1974 3531 4160 5108 5272 
2 3871 3936 
3 777 3646 5283 
2 1991 4405 
2 1365 3708 
2 347 5025 
1 2651 
4 3338 4443 4990 5200 
2 2911 3350 
3 1596 3742 4648 
1 4482 
4 2383 2542 3272 4027 
2 424 2369 
0 
2 551 3148 
4 1773 3207 3240 3929 
1 673 
4 429 2621 5015 5173 
0 
2 1083 2749 
2 4151 4375 
4 1761 1952 2998 4829 
0 
4 929 3066 3547 4747 
1 932 
2 4122 5291 
1 231 
1 2211 
3 534 2431 3603 
0 
2 15 3356 
0 
4 1591 3880 4375 4578 
4 81 2724 3641 4346 
4 1228 2593 3000 4357 
3 412 697 3993 
0 
3 4523 4723 4979 
1 4206 
1 3061 
3 3165 4591 4639 
2 2198 3233 
0 
2 43 5148 
1 419 
2 21 4400 
5 619 946 2350 4080 4791 
2 94 5024 
3 2071 2529 4275 
3 1999 3045 4089 
3 1088 1349 4962 
4 829 1459 4390 4911 
1 1522 
0 
5 1265 2757 2952 3392 4269 
1 101 
0 
5 942 1393 2094 3160 3465 
3 1125 3654 5122 
1 1323 
2 2941 4015 
2 2536 3128 
2 621 4070 
0 
0 
3 1595 2972 4730 
1 5156 
3 1613 2779 4129 
0 
6 1420 1482 2315 2761 3166 3840 
2 2114 2694 
4 145 1190 2636 2775 
1 2201 
1 1855 
1 4639 
5 73 476 3354 4191 4621 
1 3668 
4 1651 1694 1909 4792 
2 1634 1662 
2 4416 5028 
0 
1 4666 
3 3208 4078 5161 
2 1744 3720 
1 54 
2 1654 5184 
1 3014 
2 43 3058 
2 498 4464 
1 2138 
3 115 3510 4657 
1 1116 
1 2036 
4 767 844 1537 5025 
2 1723 4738 
2 638 1492 
3 41 2534 2863 
2 3622 3884 
1 3413 
2 538 5255 
4 2049 2390 2976 4408 
4 27 539 2813 4412 
1 3983 
3 1327 1523 4026 
1 419 
0 
2 375 4025 
0 
1 2406 
4 1673 2704 2752 4833 
0 
0 
3 470 850 950 
2 1038 5172 
2 909 3409 
3 422 2628 4566 
2 305 3841 
3 515 3805 4695 
1 1628 
1 5069 
3 2298 4985 5097 
2 395 3506 
1 777 
2 3089 5243 
5 111 189 1974 2931 3959 
3 1495 3806 4254 
4 923 942 4432 5213 
3 3584 3587 4629 
3 1431 3406 4459 
2 1697 3630 
3 923 2957 5292 
3 2574 2958 3370 
1 4200 
0 
1 2549 
2 496 525 
1 4255 
4 518 1917 2454 3625 
2 1351 3153 
2 3891 4607 
4 287 301 2337 2677 
2 3906 4119 
2 389 4364 
6 786 1360 1413 2181 3968 4363 
2 792 3130 
2 63 1749 
1 1 
2 2871 3707 
3 1247 1734 2051 
3 2709 4440 4588 
0 
2 1662 3376 
2 297 5079 
1 3402 
5 526 1166 2042 4241 4253 
1 5297 
3 1348 4998 5219 
4 406 1060 1417 2070 
2 998 3431 
4 1080 1293 2067 2579 
1 1239 
5 76 1464 1722 1746 3565 
1 3058 
2 4623 4994 
4 566 663 2367 3627 
4 998 2634 3178 3485 
4 66 573 684 3899 
1 34 
6 2181 3026 3503 3907 4502 4831 
3 633 4272 4677 
2 720 3142 
2 3299 4582 
6 1966 2230 2922 3202 3510 4618 
2 503 1602 
3 208 764 4074 
2 428 2654 
0 
2 778 4556 
2 246 3991 
3 225 2728 4266 
4 2247 2430 2790 4900 
1 4941 
3 622 3381 4165 
3 1210 4495 4628 
3 3940 4224 5053 
0 
3 1869 2487 3855 
4 1524 4147 4321 5296 
2 780 5207 
4 1012 3953 4454 4560 
2 2662 4932 
3 385 2345 4322 
0 
2 3484 4692 
3 235 238 834 
4 285 1944 2817 4300 
4 533 994 2702 4814 
1 5223 
3 3577 3978 4007 
1 995 
5 933 3249 4587 4745 5114 
1 2857 
2 3387 4563 
2 2055 5134 
1 1699 
1 926 
0 
3 2154 2205 4157 
3 72 2671 4919 
1 3534 
4 1409 2916 3484 4142 
2 521 4347 
4 1640 3548 4631 4861 
1 5171 
1 4934 
4 775 2324 2634 3887 
2 3062 3624 
2 4473 5293 
3 1836 3227 4806 
3 213 4370 4739 
0 
2 443 1507 
5 1139 3929 4228 4532 5008 
6 40 451 883 1387 2361 3510 
1 2197 
1 3611 
3 155 2146 5030 
2 1125 4869 
3 392 2051 3875 
1 2550 
3 3688 3718 4485 
2 2275 3485 
3 910 1581 5078 
1 4410 
2 2886 3358 
2 2669 2855 
2 3127 4841 
3 352 1083 3096 
5 95 1451 3838 4349 5093 
3 3049 3459 4583 
2 1244 2473 
3 1259 2202 4502 
4 349 2742 3203 4467 
2 617 4309 
1 143 
2 4641 5163 
2 1957 4463 
0 
2 2140 2303 
1 1265 
4 1263 1328 1916 4711 
2 1185 3796 
2 2505 4438 
3 901 1058 2185 
2 1134 4622 
5 147 720 1187 1721 4851 
4 2838 3282 3584 5127 
2 769 2908 
1 655 
1 5254 
2 3440 5284 
2 2796 4231 
2 511 3993 
3 979 3181 3201 
3 3975 4451 5260 
3 95 778 4623 
2 1949 4663 
3 3204 3723 4723 
1 3168 
5 1119 2638 2825 4776 5034 
0 
3 2159 3310 4584 
3 1558 2190 3460 
1 1558 
5 305 1496 1970 4404 4792 
3 3011 3067 3528 
4 2145 2658 3061 3528 
1 168 
0 
2 3042 4648 
3 921 1821 4954 
3 2030 4389 4462 
0 
4 98 3400 4073 4095 
3 1575 3098 4667 
1 877 
3 712 2846 4600 
2 98 252 
2 1291 2847 
4 327 1006 1066 3147 
0 
1 973 
0 
0 
1 1754 
2 1486 1590 
4 2381 2955 3989 4131 
1 2444 
0 
1 4940 
3 1745 2240 5278 
4 358 456 2748 3568 
3 1760 4258 4680 
2 760 1291 
2 2467 3447 
5 1406 3531 4795 4818 5241 
3 2535 3041 5150 
1 654 
0 
2 3096 4771 
1 1777 
3 2145 4443 5280 
3 1053 1171 1578 
0 
2 891 5251 
2 823 2314 
2 14 2461 
2 80 2169 
2 565 2946 
4 992 1472 3066 3646 
5 621 1647 1824 2094 3321 
1 179 
3 353 1760 4940 
3 1675 3921 4892 
0 
3 1807 2162 4676 
2 2129 3275 
4 712 3627 4001 4968 
3 802 2362 4557 
0 
5 195 212 870 4795 5124 
3 1897 3112 3334 
0 
1 2208 
1 147 
3 265 1862 4398 
3 2140 3393 4549 
1 2808 
1 182 
2 3103 4410 
4 984 2250 2305 4897 
1 4996 
5 1485 2933 4034 4423 5141 
2 292 1022 
0 
2 3296 4336 
2 553 3706 
1 1319 
1 2611 
1 1638 
2 609 2486 
2 2454 2937 
1 5111 
2 119 3200 
0 
1 4881 
3 2452 3001 5137 
3 1518 4253 4968 
1 2348 
2 2722 4806 
0 
6 464 828 2092 4392 4795 5115 
3 1501 1555 4460 
4 647 883 2254 4492 
3 3717 3875 4220 
0 
3 1378 1788 4421 
3 484 1911 4370 
3 378 629 1831 
2 1956 5137 
2 249 4261 
1 4763 
1 1544 
1 2715 
5 277 952 4085 5016 5293 
1 996 
2 2680 4733 
1 1942 
3 1140 1295 3377 
1 4507 
3 1413 2709 4931 
1 2612 
4 703 1101 3406 5249 
0 
1 2970 
4 2253 3031 3477 3498 
2 3676 4360 
1 4729 
3 1063 3392 4852 
3 70 303 2010 
2 1286 2127 
4 3062 3066 3651 3874 
2 872 2793 
1 4908 
2 1386 1974 
3 2175 3627 4022 
4 1033 1352 3684 3695 
2 2487 4393 
5 72 2532 2677 2831 3951 
3 2155 4918 5058 
6 582 1224 1406 3205 4296 4914 
5 1014 1176 1522 2350 4475 
6 1734 2837 4176 4384 4486 5217 
3 1857 2869 3314 
3 157 522 2682 
3 890 3265 4126 
4 181 196 2630 4719 
1 4404 
2 747 4348 
4 132 1843 3179 3308 
6 344 702 3423 3848 4091 4433 
1 2403 
2 26 3328 
2 1944 4214 
2 763 2401 
1 5006 
4 712 1253 1462 3039 
3 3725 3770 3793 
2 4261 4295 
1 4989 
2 4466 4873 
3 1316 1451 3061 
1 4804 
1 2468 
1 2469 
0 
4 66 311 2663 3767 
4 2137 2493 4230 4500 
1 763 
3 1646 3458 5186 
5 123 959 2740 3437 4849 
1 2155 
2 2375 4019 
2 2512 3114 
4 1198 1339 2907 3451 
2 1823 2360 
3 4311 4818 5111 
3 2824 3355 5267 
1 4790 
4 2514 2769 3400 3736 
1 2365 
0 
5 123 1927 2780 4487 5178 
5 2427 2634 2893 4917 4987 
3 47 332 4935 
3 44 1615 4302 
2 4505 5009 
6 660 786 834 1726 3648 4741 
5 87 1508 2126 2163 4675 
2 112 2880 
5 71 1637 2404 2967 3159 
2 3502 5247 
4 694 2832 3298 3315 
1 1484 
3 2190 4669 4695 
6 1477 2719 3567 4546 4734 5034 
3 2880 4186 4390 
2 1747 1962 
2 778 3875 
3 2453 3745 4523 
0 
1 5065 
0 
4 726 1199 1931 3169 
1 2550 
1 873 
4 287 607 1897 2200 
2 1245 1376 
2 4024 4865 
5 645 2153 2249 3170 3945 
1 232 
1 4414 
1 1148 
0 
6 703 888 1953 4057 4338 4675 
2 2308 4165 
1 3356 
4 463 1777 3729 4720 
2 1857 4710 
2 751 1033 
3 1838 2418 5240 
1 1176 
1 1843 
1 3688 
5 483 937 2916 4869 4872 
5 8 1251 3019 4185 5059 
4 1291 3126 3533 5219 
2 3125 3354 
3 1689 2977 5048 
4 1704 2541 3116 4699 
6 101 318 668 2738 2999 4471 
2 801 3662 
3 1295 2822 5161 
0 
1 1429 
4 570 1005 3052 3154 
4 144 527 1673 5166 
4 1103 1517 4058 4788 
6 182 1629 2329 3956 4627 4760 
2 2274 4698 
0 
3 4992 5160 5204 
2 4258 4488 
3 386 2366 4006 
4 694 2195 3284 3566 
3 1921 3153 3200 
4 52 954 1340 1757 
0 
5 802 1847 3652 4063 4608 
3 1666 2339 4286 
2 1280 1963 
0 
2 790 4597 
1 4676 
4 977 1394 3434 4918 
6 817 1581 2218 3275 3381 5227 
3 1723 1880 3806 
1 4315 
3 855 4008 4440 
0 
2 4668 5077 
2 2638 3828 
4 418 1121 3085 3885 
2 781 2504 
3 811 3491 4421 
2 1423 4154 
4 1823 2111 3281 4244 
1 1333 
2 437 1763 
4 803 1464 1915 4180 
0 
1 2838 
2 2211 3367 
2 1379 1739 
2 807 4093 
1 1460 
2 689 1528 
3 365 1276 4012 
2 277 2284 
2 14 4719 
3 332 2616 3015 
2 1817 2402 
2 194 4592 
4 116 2334 3655 5206 
3 774 4186 4818 
4 218 1273 2059 3074 
3 2039 3123 3142 
2 4144 5017 
2 129 1483 
4 1850 1878 3548 3837 
2 1908 4530 
0 
1 302 
1 1521 
4 779 1924 3210 4998 
3 108 2496 4490 
2 1583 3987 
2 371 1519 
2 2377 3564 
3 543 1260 2948 
1 3222 
1 1673 
4 1348 3211 3620 3914 
3 710 3163 3191 
4 398 1036 3304 4986 
1 1776 
1 4905 
4 403 4718 4864 4962 
3 889 2170 3057 
4 1915 2317 3109 4659 
5 1831 2562 3567 3965 4267 
5 2271 3239 4298 4495 4825 
0 
2 769 4090 
6 399 1403 3772 4526 4551 4582 
5 626 1201 1798 2332 3200 
2 369 2456 
1 2748 
2 1165 3805 
2 610 2782 
3 484 3547 3710 
4 297 593 1439 3061 
0 
4 890 3506 4643 5160 
1 3412 
6 1725 2821 3109 4439 4580 5008 
2 1338 2443 
0 
3 98 607 4207 
3 2252 3352 4098 
0 
2 228 5228 
3 138 631 1498 
2 1370 4417 
4 899 971 1987 4000 
0 
3 17 1004 4149 
6 2000 2414 4526 4657 4765 5110 
1 1653 
2 128 5095 
1 5197 
4 1937 2001 2957 4203 
3 2813 3339 5115 
1 3497 
3 186 871 4792 
3 131 3377 4128 
1 489 
1 1142 
3 2175 4242 5231 
1 667 
3 2724 4133 4389 
3 2650 3360 5269 
4 2877 3802 4330 4960 
0 
3 1376 3030 5260 
1 5055 
1 801 
2 3675 4175 
2 3096 3325 
3 110 1985 5121 
5 1179 1394 4110 4136 4457 
3 2035 2704 4040 
1 84 
2 1096 3744 
2 2901 2931 
3 1077 2409 5274 
1 1618 
0 
1 4651 
2 247 2685 
4 596 3558 3853 4476 
5 1902 2163 3576 4609 5003 
1 2855 
2 1385 2025 
1 2704 
2 4981 5215 
2 2593 2917 
2 239 3694 
2 49 5121 
0 
2 4433 5062 
3 1114 2092 2549 
4 404 1088 1592 3163 
4 3430 3936 4040 4788 
3 2397 4689 5155 
3 280 3214 5075 
2 939 2999 
2 2923 3243 
4 322 1519 4448 4705 
0 
1 2458 
4 3441 3805 4035 4705 
2 650 4641 
3 993 1305 3743 
0 
2 898 3278 
3 1570 2346 2508 
4 251 1524 2341 3687 
2 249 1418 
4 683 1396 1634 2106 
3 140 2961 4576 
1 2080 
0 
0 
3 365 3316 5273 
4 1198 1927 3743 3881 
4 1280 3447 3836 4032 
0 
0 
3 1304 2895 3652 
0 
1 4544 
2 1545 3487 
5 1964 2098 2319 2771 3330 
1 3565 
3 780 1096 5160 
2 1072 4561 
1 1548 
0 
4 979 2552 2750 4401 
3 1145 1488 4990 
5 912 1203 2554 3040 4190 
2 1125 2478 
3 91 1094 2139 
2 1856 4787 
3 3638 4054 4955 
3 1106 3072 4041 
3 2309 3287 4614 
6 1352 1939 2427 2738 2864 3247 
4 776 808 2049 5190 
5 83 606 1457 3871 4272 
2 730 1803 
1 2265 
3 414 3650 4621 
2 1138 1528 
1 3264 
2 1621 4664 
5 1786 1960 4620 4735 4986 
2 3532 4429 
3 460 1870 3523 
3 3228 3393 5123 
1 2216 
3 694 5114 5256 
2 1731 3008 
0 
1 355 
0 
1 3120 
3 132 1020 1987 
2 2240 2377 
3 2335 2394 4601 
2 3573 4411 
1 2749 
6 2654 2730 3207 3770 4138 4435 
4 2594 2773 3334 4665 
0 
4 116 432 1629 2797 
2 2759 5259 
0 
4 1528 2644 4520 4543 
2 3436 4402 
1 2011 
4 411 2685 3330 3816 
4 1018 3133 3568 5230 
0 
3 707 2250 3696 
3 1399 2477 5146 
0 
2 2775 3340 
1 3727 
1 4083 
2 402 716 
6 334 826 1772 4058 4175 5295 
2 3897 4501 
4 569 4906 5041 5151 
5 297 1229 1430 2161 5119 
6 331 549 2044 2425 3131 4137 
1 3979 
0 
4 2249 3085 3792 4833 
1 1365 
5 865 1028 3139 4271 4788 
2 824 2366 
4 214 738 2105 2584 
3 801 2429 3000 
3 307 1108 5078 
1 481 
4 1800 3211 4548 4578 
5 493 562 910 1484 3727 
3 1519 1679 4094 
1 1825 
0 
1 2026 
2 1063 5068 
1 291 
1 394 
1 3635 
3 316 792 1395 
4 1657 2621 2973 4258 
0 
1 4856 
1 298 
3 997 2860 3261 
3 1485 2296 5157 
4 89 1070 3281 4341 
4 2923 4785 4918 5258 
3 1314 1831 4664 
2 531 5262 
1 4640 
2 4228 4901 
3 488 4090 5198 
4 2281 3421 3429 4722 
0 
4 820 3112 3203 4384 
0 
2 2036 4562 
1 1831 
2 4377 4775 
2 980 2178 
2 929 2507 
2 1637 2867 
3 473 533 3925 
4 3025 3392 3941 4852 
2 693 4027 
4 134 2273 3652 3868 
3 2670 4636 5024 
3 1723 1870 2162 
4 1004 1962 4443 4806 
2 1737 4667 
2 943 992 
0 
3 2483 3304 3399 
2 3364 4016 
3 1621 2668 4055 
2 3334 4238 
5 1633 2220 2546 2895 4595 
5 1765 1861 1990 4178 4768 
1 2047 
5 556 1435 2673 3637 3644 
4 1392 2407 3669 4201 
2 1483 4205 
3 2309 3001 3373 
2 2058 3127 
8 1028 1824 1877 1908 2214 4061 4268 5006 
4 463 1555 4226 4314 
2 1258 3221 
0 
2 2889 4300 
3 941 2680 3067 
4 2308 2638 3851 4447 
0 
2 165 5078 
4 1658 1828 2808 2946 
7 1075 1319 1534 2534 3652 4490 4676 
3 2159 2209 2442 
3 499 1688 3059 
2 96 595 
7 159 339 1375 3295 3554 4198 5187 
1 893 
2 1252 1674 
5 185 2028 2630 3057 4955 
0 
0 
3 1455 1688 3474 
1 1255 
2 2980 3953 
1 3986 
3 160 3890 4709 
1 1073 
0 
4 602 1641 1677 3780 
4 557 1667 3616 5257 
3 319 2992 4405 
4 49 397 1990 3886 
4 419 3102 3813 4836 
3 1217 2493 3181 
2 1888 1938 
1 4620 
2 2783 4706 
1 938 
2 3313 4078 
3 1804 3965 4861 
1 1408 
3 138 1709 2752 
6 510 809 1513 2567 3350 4682 
3 1228 2241 3684 
4 605 846 2647 4202 
3 1316 2907 4974 
4 508 2494 2559 4340 
0 
3 3042 3594 4219 
0 
2 3241 5220 
6 1443 2526 2657 2760 3146 3900 
2 2205 4866 
2 1472 2719 
3 1426 3552 4741 
4 198 4453 4966 5032 
3 686 3731 4373 
2 889 1773 
3 1495 1907 4089 
1 230 
3 618 1773 2626 
1 171 
2 1725 1965 
2 143 2555 
2 1113 1116 
1 2340 
3 2403 2719 3380 
3 2194 2345 3587 
2 1400 3213 
1 3367 
4 2460 2683 2732 4459 
5 1968 3572 3773 3814 5227 
2 3651 4820 
2 3860 3875 
2 716 4341 
0 
2 1586 3681 
3 1369 2333 2388 
1 2016 
2 3225 3877 
4 1259 1699 2058 2091 
1 1534 
3 933 1547 3969 
3 616 1591 3720 
3 219 1066 1979 
3 3759 3821 4221 
2 1258 1856 
1 4818 
4 474 2442 4573 4657 
4 253 893 3607 3726 
2 334 2416 
4 599 2330 4421 4923 
5 191 1738 3292 4582 4823 
0 
0 
2 440 3209 
6 1910 2188 3123 3853 4144 4956 
2 2441 2983 
6 230 880 975 2865 4840 4859 
4 1896 4057 4107 4279 
5 1051 1207 4220 4921 5295 
6 1070 1200 1934 2208 4026 4551 
3 1054 2794 4112 
0 
3 2578 3370 4477 
2 2135 4102 
4 233 931 2206 2883 
1 3606 
0 
2 1092 3747 
1 3449 
2 2196 4424 
2 1009 2884 
2 877 2965 
3 3499 4577 4590 
1 769 
2 3879 5205 
6 1299 1459 1670 2715 3171 4127 
3 1820 2129 4563 
0 
2 2649 3763 
1 3311 
4 390 612 1011 1136 
3 439 3781 4947 
2 1537 4120 
4 1102 1733 1797 4264 
3 93 1691 5157 
2 2458 4527 
4 68 936 1143 4955 
1 3701 
0 
1 3407 
2 538 4865 
3 329 2425 4287 
4 267 3775 4984 5149 
0 
2 471 3819 
6 433 3698 3737 4722 4804 4896 
5 633 3421 4303 4713 5252 
1 225 
1 4466 
2 228 234 
3 367 2719 3037 
4 2766 2822 4717 5201 
1 2869 
2 2926 4101 
2 3489 3812 
2 3363 3423 
2 597 4434 
3 2382 3989 4334 
2 3983 4238 
0 
3 1893 2134 2136 
2 592 1748 
1 752 
2 1990 4663 
4 1023 1939 2132 3014 
0 
5 816 1342 3028 3161 3840 
3 2033 2540 2580 
1 3463 
2 4306 5268 
6 817 1334 1497 1701 2713 2883 
1 4650 
3 929 1517 5038 
3 236 787 2621 
2 3462 4138 
3 128 2596 4910 
3 1890 2103 3842 
2 1631 2439 
1 2574 
2 1688 2048 
3 1857 3442 4076 
1 3414 
1 4821 
2 1671 4991 
1 2318 
3 1235 2852 4228 
3 737 4025 5166 
2 2256 4024 
2 2254 3199 
3 2383 2845 4722 
4 235 1445 1593 5139 
3 1751 2691 4764 
3 683 3816 4409 
2 1772 2715 
3 226 748 2411 
4 65 2222 3617 4074 
2 242 1363 
0 
3 3135 3523 4347 
4 2416 2851 3460 3642 
6 1340 2396 2553 3216 3228 4856 
1 599 
3 1409 3236 4623 
7 1458 2887 3058 3150 3475 3941 4185 
4 2071 3681 4377 4707 
4 758 949 1542 5073 
1 1292 
5 325 2567 2789 3088 5285 
4 1309 1575 3973 4418 
2 2196 3052 
2 3512 3905 
0 
3 487 4736 5094 
2 1012 4812 
2 644 1854 
1 4944 
3 822 2754 4829 
3 1249 1383 2615 
3 2096 3724 3908 
3 221 2723 3664 
0 
1 72 
4 676 1145 2471 2663 
3 241 1296 2642 
2 1790 3764 
3 2061 2232 4701 
1 4526 
2 804 2592 
2 45 4344 
1 2482 
2 956 2151 
3 972 2005 2203 
3 1967 2067 4672 
0 
5 94 916 1030 2631 4603 
1 3566 
3 1636 1971 4535 
5 1026 1315 1841 3851 5161 
1 3646 
3 800 3326 4480 
6 350 930 2515 3497 3538 4320 
3 1552 4092 4923 
3 3293 5052 5286 
3 1607 1863 4986 
3 2435 3410 4938 
2 4485 4835 
2 2381 3970 
3 2845 2876 4988 
3 829 1337 2666 
0 
4 294 1697 2928 4072 
4 129 689 3174 5270 
3 3779 3876 4658 
1 5184 
1 4832 
2 136 5266 
0 
2 2631 4221 
3 1334 3999 4885 
3 2913 3541 4846 
1 2083 
2 1629 1877 
3 550 2952 4095 
4 2730 3017 3077 4521 
2 482 1183 
3 1159 2151 4532 
1 3857 
2 1370 3882 
2 1875 4223 
3 808 1265 4481 
1 5222 
4 1556 1946 2748 5257 
2 1181 1976 
5 1266 1389 2954 3956 4100 
2 2941 4053 
1 1974 
5 753 810 2076 3025 4246 
3 2057 2460 4351 
2 4438 4595 
3 813 894 3913 
5 1754 1824 3386 4953 5123 
6 1364 1698 1843 2047 2810 4408 
9 102 171 380 645 793 1996 2179 3166 4376 
3 2389 3889 3917 
2 557 2540 
3 1 3 1 1 1 1 1 3 2 2 1 1 1 3 1 3 3 1 1 1 3 1 3 1 3 1 1 3 1 1 2 2 2 2 1 2 2 2 1 3 2 3 3 1 1 2 3 2 2 2 2 1 2 1 2 2 2 1 1 2 1 1 2 1 1 2 1 2 1 2 1 1 2 1 3 4 1 1 1 3 1 1 3 2 1 1 2 2 1 1 1 1 2 1 3 2 1 1 1 2 2 3 1 2 2 2 2 1 1 3 3 4 4 1 3 4 1 3 2 1 1 1 4 2 1 1 1 3 1 3 1 2 1 1 1 2 1 2 1 2 2 1 1 1 1 1 3 1 1 3 1 2 1 1 1 1 1 1 3 1 3 1 1 1 2 2 1 1 1 2 1 1 3 1 1 1 3 2 1 1 3 1 2 1 1 1 1 3 2 1 2 3 1 1 1 2 3 2 1 1 1 2 2 1 1 1 2 2 1 1 1 2 1 2 2 2 1 2 1 1 3 1 2 2 1 2 1 3 1 4 3 1 3 1 2 1 3 2 2 3 4 1 1 2 1 1 1 2 2 3 3 3 1 1 3 1 1 1 1 1 1 2 1 2 4 2 3 3 1 1 1 1 1 1 3 1 1 1 3 2 2 1 1 1 1 1 2 1 1 1 2 2 1 1 2 1 1 1 1 1 2 3 2 1 1 1 1 2 2 1 2 3 1 1 1 2 2 1 1 1 3 1 1 3 1 1 2 1 2 1 1 1 1 2 1 1 2 1 1 1 3 1 1 3 1 1 2 1 1 1 1 4 1 1 3 1 1 1 2 1 1 2 1 1 3 1 1 1 3 4 1 1 1 1 2 2 1 1 2 3 1 2 1 1 2 3 3 3 1 2 1 1 3 1 2 2 2 2 2 2 2 1 2 2 3 2 1 1 2 2 1 2 2 2 2 1 1 3 4 1 1 3 1 4 1 1 2 1 3 1 1 2 1 2 1 1 1 1 1 1 1 1 1 1 1 2 1 2 3 1 1 2 2 1 1 1 1 1 2 1 1 1 2 2 1 3 2 2 1 2 2 3 1 1 1 2 3 3 2 2 2 2 2 2 1 1 3 2 2 1 1 1 2 2 1 2 1 2 2 2 2 1 3 1 2 1 1 3 2 2 2 1 1 1 2 1 2 1 2 2 1 2 1 1 3 1 1 1 1 2 3 3 1 1 1 1 1 2 1 1 2 1 3 2 2 1 1 1 1 1 1 1 1 2 1 2 2 2 1 1 2 2 2 1 2 1 1 2 1 1 1 2 2 2 1 1 1 1 2 2 2 1 2 1 3 1 1 3 2 1 1 1 2 2 2 3 2 1 2 2 5 1 1 3 2 1 2 2 2 1 1 3 1 2 2 4 2 3 1 1 2 2 1 1 3 2 1 1 3 2 2 2 1 1 2 1 1 1 1 2 3 1 1 2 3 1 2 1 1 1 1 3 3 2 1 1 1 1 1 1 2 2 1 2 2 2 2 1 1 4 2 1 2 1 1 2 2 2 2 1 2 3 3 3 2 2 1 2 3 1 1 1 2 1 3 1 2 1 2 2 1 3 1 2 2 1 2 2 2 3 1 2 1 2 1 2 3 2 3 3 1 1 1 1 1 1 4 1 1 2 1 2 2 1 3 1 2 2 1 2 1 1 3 3 1 1 2 2 2 2 2 2 2 1 1 1 1 2 2 4 1 3 2 2 2 1 2 1 2 2 2 1 1 2 2 1 3 2 3 1 2 1 1 1 3 2 1 1 3 2 3 2 1 1 3 1 3 1 2 2 3 2 1 3 1 1 1 2 2 2 2 1 1 1 1 2 3 2 1 1 1 3 3 1 1 3 2 1 1 1 1 2 1 2 2 1 1 2 1 1 1 2 2 1 1 2 2 2 1 2 2 1 1 2 2 1 1 2 1 3 1 1 2 1 2 1 1 2 1 1 3 2 1 1 4 1 3 2 1 1 1 1 3 2 1 3 2 1 2 1 2 1 1 3 1 4 1 1 1 1 2 1 2 1 1 2 1 1 2 2 1 2 3 1 1 2 1 1 2 2 2 1 4 1 2 2 1 2 2 1 2 1 1 2 2 2 2 3 3 3 1 3 2 1 1 2 1 2 2 3 1 1 2 3 1 3 3 2 1 2 1 1 2 1 1 2 1 1 1 2 1 4 1 1 1 1 2 2 1 1 1 1 1 1 1 1 1 3 1 3 2 3 1 1 1 1 3 3 2 1 3 1 2 2 1 1 2 2 3 1 3 2 1 1 1 2 1 1 2 2 2 2 1 3 2 2 1 1 1 1 1 1 2 1 2 2 2 3 1 2 1 2 1 4 1 1 3 2 3 2 4 1 2 1 1 3 1 1 3 3 1 1 3 1 1 2 1 4 1 4 1 2 2 1 1 2 2 3 1 1 2 2 3 1 1 1 3 1 2 2 3 2 1 1 4 2 1 2 1 1 3 1 2 1 1 1 1 3 2 2 2 1 2 1 1 3 2 1 1 1 1 1 2 1 2 2 2 2 1 3 2 1 2 1 2 2 2 1 2 3 1 1 1 1 2 1 1 1 1 3 2 1 1 2 1 2 1 1 3 2 2 1 2 1 1 1 1 2 2 2 2 2 1 2 2 3 1 2 2 1 1 2 2 1 2 2 4 4 1 3 1 1 2 1 1 2 1 2 4 3 2 2 2 2 2 1 1 3 1 2 4 1 1 1 1 2 2 1 1 1 1 1 4 2 1 3 1 2 1 1 1 1 1 2 2 2 1 2 2 2 2 1 1 3 1 1 2 1 1 1 3 3 2 1 2 1 1 2 2 1 1 3 2 2 3 2 1 1 1 3 1 1 1 1 1 3 2 3 2 3 2 1 1 2 2 2 1 1 2 1 2 2 1 2 2 2 1 1 2 1 2 2 2 4 1 2 2 1 2 1 3 2 3 1 1 2 1 3 3 2 2 2 2 2 1 2 1 3 1 2 2 2 2 2 2 2 4 1 1 1 1 2 2 1 1 1 1 2 3 2 1 2 1 1 2 1 2 1 1 1 1 1 1 1 2 2 1 1 1 2 1 2 1 1 1 4 1 1 4 1 4 1 3 2 1 1 1 1 2 2 1 3 2 2 2 2 1 2 2 2 2 2 1 1 2 4 1 1 3 1 1 1 4 1 2 2 2 2 1 4 3 3 3 1 1 3 2 1 3 2 1 1 2 2 1 1 1 1 1 2 3 2 3 3 2 2 1 1 1 2 1 1 1 2 2 4 3 1 2 1 2 2 1 1 1 1 4 3 1 3 1 3 2 1 3 2 3 1 2 2 1 1 3 2 2 2 2 2 2 1 1 1 2 2 3 1 1 1 1 1 2 1 2 2 1 2 3 1 2 2 2 2 4 1 1 1 2 1 1 2 2 3 1 4 1 1 1 3 2 1 1 2 2 1 3 1 1 2 1 1 1 1 1 1 1 1 1 3 1 1 2 1 2 2 4 2 1 2 1 3 3 1 2 1 1 1 1 2 1 3 3 1 1 2 2 1 1 2 1 2 2 2 2 1 1 2 2 3 1 2 2 1 1 1 3 1 2 1 1 3 2 2 1 1 2 1 2 2 1 2 3 3 1 2 3 1 2 2 2 1 1 2 1 1 2 1 1 2 1 1 2 1 1 3 1 2 2 2 3 2 1 1 1 2 1 2 3 2 1 3 2 1 2 2 1 1 3 2 1 2 2 2 1 1 1 2 4 2 3 2 3 2 4 3 3 2 4 2 1 2 1 3 1 1 1 1 1 2 2 1 3 2 2 1 1 3 2 1 1 1 3 2 1 3 1 4 1 1 2 1 2 1 3 2 1 1 1 2 2 2 1 1 3 3 1 1 1 1 2 1 1 1 1 3 1 1 1 2 3 2 2 1 1 2 2 2 2 1 2 3 3 1 2 1 2 1 1 3 1 2 2 2 3 2 1 2 2 1 3 1 1 2 1 2 1 3 2 2 1 1 1 1 1 1 1 2 1 1 1 1 2 1 1 1 1 2 3 1 1 2 1 1 1 2 1 1 1 2 1 1 1 1 1 2 1 1 1 1 1 1 2 1 3 4 1 1 1 3 2 1 1 1 1 3 1 3 1 2 1 2 1 1 1 1 2 1 3 1 2 1 1 1 1 2 2 2 2 1 1 1 1 1 2 2 1 2 1 2 1 2 1 1 1 1 2 2 1 3 1 2 3 1 1 2 1 3 1 2 1 2 1 1 1 2 1 1 3 1 1 1 1 3 1 1 1 1 3 2 1 4 1 1 1 1 1 3 1 3 1 1 1 2 2 1 1 1 4 1 2 2 1 1 2 3 2 1 1 2 1 2 1 1 1 3 1 2 1 1 1 1 2 1 3 1 1 2 1 2 3 1 2 2 2 3 1 1 2 2 1 2 2 2 1 1 1 1 1 1 1 1 4 2 2 4 3 1 3 2 1 3 2 3 2 2 2 1 3 1 1 3 2 3 1 1 2 2 2 3 2 4 2 1 1 1 2 1 1 2 1 1 1 3 1 1 3 3 1 1 2 1 1 1 2 2 2 2 4 2 2 2 1 1 1 1 1 2 3 1 1 2 2 2 2 1 1 2 1 2 2 1 1 1 1 2 1 1 3 1 3 3 4 2 1 2 1 2 2 3 1 2 2 2 1 1 3 3 1 3 1 1 1 1 2 2 2 1 2 3 4 2 1 1 2 1 2 3 1 1 2 1 1 1 1 3 1 2 2 2 1 1 1 2 1 2 2 3 1 1 3 2 2 1 1 1 1 1 2 1 1 2 2 2 1 4 3 1 3 2 1 2 1 1 1 4 3 2 1 1 1 1 3 4 2 1 2 1 1 1 2 1 2 2 2 2 2 1 1 1 1 1 1 2 1 1 1 2 1 1 1 2 2 2 1 3 1 1 2 3 2 2 3 2 1 1 1 3 2 3 1 3 1 2 2 1 1 2 1 1 1 2 1 1 2 1 1 2 1 1 2 1 1 1 1 2 1 1 2 2 2 2 1 1 1 2 1 2 1 2 1 3 2 1 2 2 2 3 1 1 1 1 1 2 2 2 2 1 1 3 3 2 3 1 1 2 4 1 1 1 2 1 4 1 1 1 2 1 1 1 1 1 1 1 2 3 1 2 1 1 1 2 1 1 2 2 1 2 1 3 1 2 1 1 3 3 1 1 3 1 3 1 1 1 2 1 1 2 3 1 2 1 1 1 4 1 1 3 2 2 2 1 3 3 3 3 1 2 1 3 2 1 1 3 1 1 2 1 1 1 2 1 3 1 2 1 3 1 1 1 2 1 1 1 1 1 3 1 1 1 1 1 2 1 1 2 1 1 1 3 1 1 1 2 1 1 2 4 1 1 1 2 2 1 2 1 2 1 1 3 2 2 2 3 1 2 1 1 1 1 2 1 1 3 1 2 2 2 1 1 2 1 1 1 2 2 1 1 1 1 1 1 2 2 1 1 2 1 1 2 2 2 1 1 3 2 1 1 3 1 4 2 2 2 1 3 2 1 1 3 2 1 3 1 2 1 2 2 2 3 2 1 1 1 4 2 1 2 2 1 2 1 1 1 2 1 1 1 2 1 1 1 1 1 1 2 3 1 3 2 1 1 1 2 2 1 1 1 2 2 1 1 1 1 1 2 1 1 1 1 1 2 2 2 2 3 2 2 1 3 2 2 1 3 1 1 1 1 1 1 1 2 1 2 1 2 1 2 3 1 1 1 1 1 2 2 2 1 3 2 3 1 1 1 4 3 1 1 3 2 1 3 2 3 2 2 1 1 1 2 1 1 1 1 4 2 2 2 3 2 1 2 1 1 1 1 1 3 1 1 1 1 1 2 3 1 1 1 1 2 1 2 3 1 2 2 1 1 2 1 1 3 2 1 1 2 1 1 1 4 1 1 1 1 1 3 1 3 3 1 1 2 1 3 3 2 1 3 1 1 2 1 1 1 2 1 2 3 1 1 1 1 3 3 2 1 2 1 2 1 1 3 4 1 3 1 1 3 1 1 2 1 1 1 1 2 1 1 3 1 1 3 1 2 1 2 1 1 1 1 2 1 1 2 3 3 3 1 1 3 2 2 2 3 4 2 3 1 1 1 2 2 1 2 1 2 1 1 1 2 2 2 1 3 1 2 1 1 2 1 2 2 2 2 1 1 2 2 2 1 3 3 1 2 2 1 3 1 1 1 3 1 1 2 2 1 1 1 1 2 3 3 2 1 1 1 1 1 4 1 1 1 3 2 3 1 1 2 1 1 1 1 1 1 2 1 1 3 1 2 3 1 2 1 1 1 2 4 1 1 1 2 3 2 3 1 1 1 1 2 1 1 1 2 1 2 2 2 1 2 1 1 3 1 1 2 3 1 3 3 1 2 3 3 2 2 1 1 3 1 1 2 1 2 3 2 1 1 1 2 2 1 2 2 2 1 1 2 1 3 3 3 1 2 2 4 1 2 1 1 1 1 1 2 1 2 1 1 2 2 1 2 1 3 2 2 2 3 2 2 2 2 1 1 1 1 1 2 2 1 2 1 1 1 3 2 1 2 1 1 2 1 1 5 2 2 1 1 2 2 1 1 3 2 2 1 1 2 1 1 1 3 2 3 1 2 2 1 2 1 1 4 2 1 2 1 2 2 1 1 2 1 1 1 1 1 4 1 2 2 1 3 1 2 2 1 1 1 1 2 3 1 1 4 2 1 1 1 1 1 1 2 1 1 2 1 1 1 1 1 1 1 2 2 1 1 1 1 2 2 3 2 2 1 2 2 2 1 1 2 1 2 2 1 2 1 1 3 1 2 3 2 2 2 1 1 1 2 1 2 2 1 1 3 2 1 1 1 1 2 2 3 1 3 1 1 1 4 3 1 1 1 1 1 2 1 1 1 2 1 2 2 1 1 3 1 4 1 1 1 2 2 1 1 1 1 1 2 2 2 1 1 2 2 1 3 1 1 2 1 4 1 1 2 1 2 1 3 1 1 2 1 1 2 2 1 3 1 2 2 1 2 2 2 2 3 4 2 1 3 1 1 1 3 1 1 2 1 1 1 1 1 1 1 2 1 4 1 2 1 2 2 2 1 2 3 3 1 1 2 2 1 2 2 1 1 2 1 2 2 1 2 4 3 1 2 2 2 1 1 1 1 2 1 2 1 1 2 1 2 2 1 3 3 1 1 1 2 3 2 4 1 4 2 2 3 1 1 1 2 4 2 2 2 1 3 2 1 2 3 2 1 1 2 3 1 1 2 1 1 2 3 2 2 1 1 1 2 2 1 3 1 2 2 3 3 2 1 1 1 1 1 3 1 1 2 1 1 1 2 1 1 1 1 3 2 1 4 1 2 3 1 1 1 2 1 1 1 3 3 1 2 2 2 3 1 1 2 3 2 2 3 2 3 1 3 1 1 1 2 2 3 3 2 4 4 4 3 1 1 1 2 1 2 1 1 3 2 2 3 2 1 1 2 1 2 2 3 1 1 1 1 1 1 1 1 2 3 1 1 1 3 1 1 1 2 1 2 2 2 1 3 1 1 2 2 2 1 2 1 1 3 1 2 1 1 1 1 4 2 1 2 2 1 1 2 3 1 2 3 1 3 1 3 2 2 1 2 3 1 1 1 1 3 1 3 2 1 2 2 2 1 1 2 2 1 1 1 1 1 2 1 2 1 3 3 3 1 1 1 2 1 1 2 1 1 1 2 4 3 2 1 3 2 2 2 2 2 3 1 2 2 2 1 1 1 1 1 1 1 2 3 1 1 1 3 4 3 1 1 2 2 1 1 1 2 1 2 3 1 1 1 2 1 3 3 2 3 1 1 2 1 2 2 2 3 1 1 2 2 3 1 1 3 2 1 1 2 1 1 1 3 2 2 2 1 2 1 1 2 1 1 3 1 2 2 1 1 1 3 2 2 1 3 1 3 1 1 2 1 2 1 1 1 1 2 2 1 2 1 1 2 2 2 1 1 3 1 2 2 1 1 2 1 2 1 1 2 4 2 1 1 1 2 1 2 1 2 1 2 1 2 3 1 4 2 3 1 3 1 1 1 1 3 1 3 1 1 1 3 1 2 1 3 1 3 2 1 3 1 1 3 1 3 1 1 1 1 1 1 1 1 1 2 1 2 4 2 4 1 3 1 2 2 1 2 2 1 1 2 1 1 1 3 1 2 2 1 1 1 1 2 2 4 3 2 1 1 2 2 1 2 2 1 1 2 1 2 1 3 1 1 2 2 1 1 2 3 1 2 1 1 3 1 2 2 2 1 2 3 2 2 2 3 2 2 2 2 2 3 1 2 2 1 2 2 1 1 2 2 4 1 2 3 3 1 2 2 2 2 2 1 2 1 3 2 1 1 3 1 1 1 2 1 1 1 2 3 3 1 2 1 2 1 3 4 1 1 1 1 1 1 2 1 2 1 1 2 2 2 3 1 1 1 1 1 1 4 3 1 2 4 1 1 3 1 1 2 1 2 1 3 1 2 1 1 1 2 1 1 1 1 3 2 1 3 4 2 1 1 1 1 4 1 3 2 1 2 1 3 1 1 2 2 1 3 1 1 1 2 2 2 2 2 1 2 1 1 1 1 2 1 1 1 2 2 2 1 1 1 1 2 1 2 2 1 1 1 1 1 1 2 2 3 2 1 1 1 2 3 2 2 2 2 3 1 1 2 1 2 3 1 1 2 1 3 2 2 2 2 1 3 2 2 2 3 1 2 2 1 2 1 1 3 2 1 1 1 1 2 3 1 1 2 2 4 2 3 2 1 1 1 1 2 1 2 2 2 1 3 2 1 1 1 2 2 4 1 1 3 3 2 2 2 2 1 1 1 2 1 3 1 1 3 3 1 1 1 2 2 1 2 2 1 2 1 1 2 1 2 3 1 1 3 1 2 3 1 2 2 1 1 1 1 2 4 1 1 1 3 3 1 1 1 3 3 3 2 3 1 4 2 2 2 3 2 2 2 2 2 2 3 1 2 2 2 1 1 1 2 1 1 3 2 1 2 2 4 2 1 3 2 1 1 1 1 1 1 1 2 2 1 1 1 2 3 1 1 3 1 2 1 2 1 3 2 1 2 3 2 2 3 2 1 1 3 1 2 1 2 2 1 2 3 3 1 3 2 1 2 1 1 3 2 1 4 2 3 3 2 2 1 2 1 1 1 3 1 1 1 3 3 1 3 1 1 1 2 2 2 1 2 2 2 2 1 1 1 3 1 1 2 1 1 2 1 1 1 3 3 1 3 2 1 2 2 1 1 2 4 1 2 1 2 3 2 1 2 1 2 1 2 1 1 4 2 1 1 2 1 2 3 2 1 1 2 1 1 2 1 2 3 1 2 1 1 3 1 1 1 3 1 1 2 2 3 2 1 1 1 3 1 1 4 4 2 1 1 1 3 1 2 2 1 3 1 1 2 2 1 1 2 1 3 1 1 1 2 1 1 1 2 2 1 3 2 1 1 1 2 2 3 2 2 2 1 1 1 2 3 2 2 2 2 1 1 2 2 1 2 1 1 1 3 1 1 2 2 1 2 2 1 3 1 1 3 3 1 1 3 1 2 2 1 1 1 1 1 3 2 2 2 2 3 1 1 1 1 1 1 1 1 1 1 3 1 1 2 2 2 1 3 1 2 1 1 1 1 1 3 1 1 1 1 1 3 2 1 2 1 3 2 1 1 1 4 1 2 1 1 1 1 2 2 1 2 1 1 3 1 2 1 1 1 1 1 1 2 2 3 1 1 2 1 1 1 4 1 2 1 3 3 1 2 1 1 2 1 1 3 3 2 1 2 2 3 1 1 2 1 1 1 1 3 2 1 2 1 3 1 2 2 1 3 1 1 2 1 1 1 3 2 1 1 2 1 1 3 1 1 3 2 2 1 1 1 3 1 3 1 3 1 2 3 1 1 1 2 3 2 2 2 4 1 3 2 2 1 1 3 2 1 4 3 3 2 2 3 1 2 1 2 1 2 1 2 1 2 2 1 3 1 1 1 1 2 1 2 3 1 2 1 1 1 2 1 2 2 3 1 1 1 1 1 1 3 3 2 3 1 2 2 2 1 1 2 2 1 2 2 1 3 1 2 1 1 3 1 2 2 1 1 1 2 1 2 1 1 3 2 1 3 1 2 1 1 2 1 3 2 1 1 3 3 1 1 2 2 1 1 1 3 1 4 1 1 1 1 1 1 1 2 5 2 3 2 1 2 2 3 3 1 3 1 1 1 1 2 1 1 2 2 2 2 1 1 1 1 2 1 2 1 1 1 1 3 1 2 3 2 1 1 1 3 3 1 1 1 2 3 2 1 1 1 2 1 2 2 2 2 1 1 1 1 2 1 2 1 1 2 2 1 3 1 1 1 2 3 1 1 3 1 3 2 2 1 3 2 1 2 3 3 2 1 2 1 1 1 1 2 3 2 1 3 1 1 1 1 1 3 1 3 3 1 1 1 3 2 2 2 1 2 1 1 1 3 2 2 2 3 4 1 3 2 3 1 1 1 4 1 1 2 1 2 1 3 1 2 1 2 2 2 2 2 2 1 2 1 1 3 1 1 3 1 2 1 1 2 3 1 1 2 3 2 1 1 1 2 2 1 3 1 1 3 1 2 3 3 2 1 1 1 1 1 1 2 4 4 1 2 1 1 2 2 2 1 1 1 2 1 2 2 1 1 3 1 2 2 1 1 2 1 2 2 2 2 3 3 1 1 2 2 1 1 1 1 2 2 1 2 2 2 1 1 3 1 1 1 2 3 3 2 2 1 1 1 4 3 2 2 2 2 3 3 1 3 1 2 2 1 3 3 1 2 3 1 2 1 1 1 1 2 2 3 2 1 2 2 1 2 1 1 1 1 2 1 1 1 1 1 1 1 1 3 1 1 2 1 1 1 1 2 1 1 2 2 1 1 1 1 1 1 1 2 3 2 3 1 2 2 2 1 2 2 2 2 1 3 1 1 1 1 1 1 1 1 2 1 2 1 1 2 1 1 2 2 2 3 1 1 1 3 1 1 1 2 1 1 3 2 3 3 2 3 1 1 2 1 2 3 1 3 1 1 2 2 1 1 1 2 1 3 2 3 1 1 1 1 3 1 1 2 3 1 2 3 1 1 1 1 2 1 2 3 1 2 4 4 3 1 1 3 1 4 2 1 1 2 1 1 1 2 2 1 1 2 1 2 1 1 2 1 2 2 1 1 3 2 2 2 1 2 1 1 1 3 1 1 2 1 2 1 3 2 4 3 3 2 1 3 3 1 1 2 1 2 1 3 2 1 3 2 2 2 1 3 3 1 1 2 2 1 1 1 1 2 3 1 1 2 2 1 2 1 1 1 1 1 1 2 1 1 2 3 2 1 3 1 1 2 3 1 1 4 2 1 1 3 1 1 2 1 1 1 1 2 2 1 1 3 1 3 1 1 2 2 2 2 1 2 1 2 1 1 1 1 1 1 1 1 1 2 2 1 3 2 2 3 3 1 1 2 3 2 3 3 1 1 1 2 3 1 2 2 2 2 2 1 1 3 1 2 1 3 1 3 1 1 2 1 2 1 2 1 2 1 1 2 2 2 1 2 3 1 1 1 1 1 2 1 1 2 3 2 1 2 3 4 1 1 1 1 1 2 1 1 2 2 1 2 2 1 1 1 2 2 4 1 1 2 3 1 1 3 1 3 1 2 1 2 2 1 3 2 1 2 3 4 2 1 1 2 2 1 1 2 2 1 1 3 1 3 1 2 1 2 1 1 2 1 1 1 2 2 3 1 1 2 1 3 2 2 1 2 2 2 2 3 1 1 3 1 3 4 2 1 3 4 1 1 2 3 3 1 2 1 3 2 3 1 2 1 1 1 1 2 2 2 2 1 1 2 1 1 1 1 1 3 2 1 2 2 1 3 1 2 3 2 2 3 1 
