s 3500
3 809 1146 1980 
1 167 
1 2674 
2 1131 3070 
4 1508 1861 2245 2732 
3 1742 1794 1921 
5 430 763 1432 2377 2813 
2 1123 2955 
3 1409 1814 3424 
3 2035 2090 2123 
4 371 1271 1335 2037 
5 1042 1096 1616 1849 2551 
3 52 691 2973 
3 58 1816 1828 
4 702 944 1166 2126 
5 954 1294 1473 3357 3436 
5 366 828 1972 2563 3239 
3 1672 2517 2630 
1 1129 
2 23 2726 
3 632 3140 3220 
3 113 2987 3399 
2 1252 2780 
3 19 3255 3355 
4 489 719 1166 3377 
1 2435 
3 654 1239 1323 
3 95 2269 2844 
3 579 1914 2428 
4 891 1444 1586 2993 
5 531 964 1569 2020 2971 
4 1705 2223 2305 2573 
6 264 685 1709 1801 2119 3080 
3 1128 1956 2031 
3 493 2410 2530 
4 514 1885 2367 3405 
3 1459 2506 3141 
3 802 1772 2736 
0 
3 2206 2899 2918 
0 
3 583 619 1025 
3 1350 1614 2830 
4 148 427 3304 3326 
2 51 1777 
2 2126 3251 
1 225 
1 864 
3 717 874 1598 
4 754 1072 2518 3176 
5 272 775 1666 2367 2570 
3 44 194 2097 
4 12 322 911 3200 
1 2357 
1 3209 
2 475 2019 
1 1010 
2 1532 2557 
8 13 770 1860 2069 2210 2314 2802 2882 
5 266 375 1450 1547 2664 
3 2425 2829 2929 
2 1033 2385 
2 2468 2674 
2 1932 2774 
6 186 743 1506 2384 2463 2942 
3 598 921 1315 
1 592 
2 131 1634 
1 3333 
6 562 1407 1593 2161 2878 3201 
1 2437 
3 350 1957 3093 
3 1126 1802 2765 
3 217 1112 1741 
3 1673 2028 2791 
3 1154 1831 3434 
2 167 2749 
2 1905 3480 
2 776 3036 
1 1896 
3 2729 2909 3419 
3 1332 2015 2728 
3 2519 2786 3283 
3 727 976 2236 
1 556 
2 587 1301 
1 3130 
2 94 1534 
2 1430 1926 
3 2219 3398 3419 
3 854 873 1294 
2 801 3331 
3 822 1141 1406 
2 1295 2395 
4 87 1808 2469 3141 
5 27 1069 1522 2805 3327 
2 1360 1580 
3 717 1363 2315 
3 100 1925 2082 
1 2964 
3 98 2134 2866 
1 209 
5 567 1705 2777 2832 3293 
3 2255 2692 3218 
3 672 759 3389 
3 1480 2590 3294 
1 2953 
0 
1 267 
1 1622 
3 495 649 1804 
1 1550 
3 1495 1986 2995 
6 21 911 1201 1402 1465 1473 
0 
3 431 1120 1821 
0 
3 403 1342 2999 
2 315 2080 
5 1432 1883 2370 2644 3288 
3 363 2242 2379 
2 1991 3476 
3 311 967 2614 
1 2155 
2 649 1524 
2 1821 1970 
3 873 1035 1964 
2 820 2031 
2 2685 2962 
4 1416 2189 2327 3027 
2 2080 2278 
3 67 642 843 
0 
1 813 
3 1257 2278 2382 
0 
3 142 1396 3004 
2 1882 2112 
3 504 618 2359 
2 1033 2704 
2 482 793 
0 
5 136 560 1956 2569 3420 
3 422 423 3362 
2 834 2689 
2 582 2980 
0 
2 430 2074 
3 43 763 1593 
3 1362 1880 2966 
4 792 945 1114 1556 
6 627 838 1056 2609 2878 3353 
2 3061 3139 
3 154 1992 2121 
5 153 1039 2130 2209 2326 
4 353 576 1523 3104 
5 1178 1910 2729 3124 3194 
2 1336 1925 
5 912 1101 1898 2095 2346 
2 1702 3081 
3 1415 2558 2815 
4 676 1425 2640 2896 
2 2394 2816 
1 606 
1 697 
2 2880 2931 
1 1536 
4 1 76 347 1372 
1 1555 
1 3268 
4 221 2728 3220 3309 
4 266 992 1650 2381 
3 640 1337 1773 
3 893 1521 2760 
3 775 1405 3127 
3 1070 2587 3401 
1 446 
1 553 
4 1581 2604 2869 3489 
2 195 427 
1 676 
3 188 1098 1608 
1 3119 
3 2745 2987 3114 
4 416 1409 1422 3125 
2 1420 1888 
4 64 329 1500 2140 
5 475 970 1664 2151 2626 
3 181 2517 2602 
2 788 1771 
0 
1 1687 
5 1495 2784 3072 3184 3195 
5 727 1732 2980 3085 3360 
2 51 1866 
4 179 1354 1450 1778 
3 1145 2289 2860 
4 481 857 1662 2663 
4 900 1799 2449 3473 
2 2975 3256 
2 1795 2664 
4 1083 1395 2945 3400 
4 897 1821 2433 2874 
1 3158 
3 1104 1931 2610 
2 521 3222 
0 
0 
2 2569 3255 
3 101 1755 3293 
0 
0 
0 
3 1975 2279 2654 
5 1186 1499 2530 2995 3467 
0 
2 1618 1781 
3 73 1328 2863 
2 782 1596 
2 1210 1404 
0 
6 170 882 949 1537 2345 3339 
2 726 3161 
0 
1 2912 
3 46 1524 3031 
0 
6 905 1015 1514 1689 2269 2278 
4 1290 1503 1809 2563 
0 
4 1722 2548 2848 3365 
1 613 
3 941 1744 1997 
3 843 2032 2234 
3 2284 3071 3440 
2 2538 3139 
3 470 1816 3073 
2 2935 3342 
2 1801 2060 
3 1082 1353 3341 
1 2815 
3 609 2318 3254 
3 1534 1639 2982 
3 656 2826 2885 
5 401 494 687 1810 3007 
1 3010 
2 2234 2613 
1 2938 
3 1030 1224 3479 
1 2889 
0 
3 773 2785 3213 
1 2799 
2 2182 3172 
3 889 2554 3163 
0 
0 
1 1735 
2 1092 2486 
1 1588 
2 593 717 
0 
2 1759 2220 
4 1776 2785 2904 3367 
2 32 432 
2 3042 3057 
5 59 171 2105 2455 3300 
3 108 998 1183 
3 634 1957 3128 
0 
3 911 1930 2305 
2 467 582 
4 50 1742 2607 3053 
1 2722 
2 303 1739 
1 1667 
1 3156 
2 780 2669 
2 788 1827 
5 373 588 679 878 3262 
2 2748 3169 
3 847 1438 3429 
1 2889 
3 616 3120 3498 
1 2857 
2 484 2874 
3 1626 2281 2614 
0 
4 875 897 1333 2994 
4 2109 2173 2711 2813 
1 3470 
3 2160 2659 2841 
1 2455 
1 466 
3 844 1403 3024 
2 2783 3177 
0 
3 638 2683 2874 
1 548 
2 2844 3414 
3 567 1823 3277 
3 1397 1533 2147 
1 672 
4 274 1012 1652 3400 
1 1350 
4 323 601 758 3062 
4 716 1077 2275 3187 
1 1075 
4 768 1158 1373 3302 
4 1266 1277 2701 2938 
3 538 1422 1911 
3 122 2831 3106 
1 1318 
1 2813 
3 1052 2170 2557 
4 118 456 2905 3107 
2 1107 3348 
3 735 1082 2601 
3 344 1340 2988 
1 1008 
0 
2 863 2854 
3 52 2219 2344 
3 305 1804 2373 
3 1364 2136 2746 
1 447 
1 2677 
2 805 2745 
3 1293 1764 3346 
5 186 351 1592 1637 2830 
3 1635 1738 1887 
3 1606 1974 2000 
5 1064 1465 2204 2388 2693 
3 2182 2264 2350 
0 
1 3166 
1 1606 
4 354 3018 3204 3412 
1 1498 
1 959 
3 663 2393 3039 
1 2437 
6 614 940 1080 1333 3148 3166 
1 793 
5 318 1216 1454 1489 2429 
1 523 
3 1346 1820 2543 
2 167 2167 
4 389 733 2481 2702 
2 1101 3173 
3 71 2855 3298 
3 329 717 823 
2 2298 2468 
3 155 1059 2343 
3 337 2336 2651 
3 1812 2261 2764 
5 629 748 1316 1400 3031 
1 3273 
0 
4 1147 1990 2576 2711 
1 3260 
0 
0 
2 120 1877 
2 2057 2929 
3 494 1129 2160 
1 16 
1 1307 
2 2742 3018 
2 900 1176 
0 
4 10 1227 1436 3164 
2 760 1548 
1 279 
1 957 
2 59 1667 
2 2453 2661 
2 2178 2750 
1 3098 
1 1361 
3 399 790 2434 
2 2055 2748 
6 1294 1587 1719 2580 2737 3228 
2 2781 3183 
2 1364 3494 
2 1422 2947 
0 
0 
5 759 1524 2161 2224 2242 
2 348 1247 
3 1720 2553 2592 
2 1573 2342 
2 564 1280 
2 1786 2809 
4 1802 1905 3191 3225 
1 1126 
0 
3 1930 2282 2461 
4 1761 2707 3006 3112 
5 380 581 1992 2068 2318 
2 1705 2373 
1 244 
2 1597 2116 
3 117 2233 2431 
2 1101 2649 
0 
6 496 1146 1263 2361 3380 3499 
0 
1 1928 
0 
3 519 1992 3111 
2 1126 1567 
0 
0 
1 1136 
1 1946 
3 184 1551 3053 
0 
3 798 1618 2671 
3 1072 2219 2592 
5 2506 2801 2948 3239 3437 
3 1058 2249 2809 
3 143 1536 3000 
5 143 540 1357 2841 3436 
2 1698 2440 
0 
0 
5 43 179 1934 2365 2650 
2 1003 1637 
2 573 2155 
4 6 147 864 1356 
3 115 1359 3012 
3 264 1613 3303 
1 1911 
2 1758 2246 
0 
2 824 1943 
5 2468 2955 2993 3109 3253 
1 2498 
4 2570 3000 3185 3240 
2 2490 2532 
0 
5 452 857 1050 1697 3435 
1 2958 
1 3265 
2 886 2069 
1 176 
3 325 1420 2703 
0 
2 646 2826 
2 717 741 
1 1690 
2 442 1126 
3 2309 2901 2984 
1 2962 
3 1163 2466 2516 
2 315 3270 
2 543 1263 
2 917 2459 
1 1894 
3 527 2422 3449 
1 3160 
2 1788 2278 
1 3205 
2 1868 2215 
3 1014 1278 2007 
3 293 1190 1227 
1 271 
2 2433 2830 
2 733 2966 
3 236 1340 2199 
2 1647 2795 
6 1188 1500 1616 2272 2815 3281 
3 1725 2332 3159 
3 2070 2644 3290 
3 55 187 1991 
4 809 1622 1917 2844 
2 730 2047 
2 1924 3443 
2 1864 2024 
3 630 986 3032 
2 197 909 
4 140 1037 1312 2767 
4 904 1127 2369 2381 
3 285 2404 3073 
1 1641 
3 980 1031 2107 
2 1543 1610 
2 1354 2241 
3 24 940 3151 
1 1421 
3 1080 1109 2749 
4 1292 1852 1969 3411 
3 34 499 2374 
3 244 365 1527 
4 110 1631 1718 3397 
2 406 1987 
4 805 2419 3038 3343 
0 
3 493 1177 2872 
1 1066 
2 2146 2195 
5 1445 1736 2720 2810 3169 
2 859 2564 
3 138 1147 2237 
3 1518 2111 2388 
2 1625 3301 
2 862 889 
2 583 1010 
2 1076 2742 
6 710 1265 1439 1483 2630 2755 
1 1750 
0 
6 898 1193 1396 1840 3029 3075 
1 35 
2 1853 1915 
3 1269 1789 2633 
2 827 1129 
1 1865 
4 410 2009 2396 3471 
3 2532 3026 3355 
3 205 1104 1871 
3 3134 3161 3328 
2 345 2021 
0 
5 860 1163 1573 1748 3160 
3 762 1252 3225 
2 460 1429 
0 
1 2971 
0 
3 30 688 2610 
1 890 
1 696 
0 
1 2417 
1 1627 
1 3441 
1 310 
2 1540 2892 
2 423 2453 
0 
2 946 3380 
3 457 741 3269 
4 1336 1450 1997 3197 
0 
3 849 924 3462 
1 3277 
3 298 2916 3465 
1 2163 
0 
3 1208 1784 2296 
2 693 3455 
3 177 1155 1536 
0 
3 1719 2194 3109 
3 84 1366 1660 
4 2161 2619 2920 3443 
1 569 
2 1096 1609 
2 142 1766 
0 
4 69 1709 3082 3286 
1 1496 
2 392 2498 
3 965 2814 3449 
2 1539 2211 
4 102 300 2845 3461 
7 645 675 2153 2576 2600 2630 3324 
4 558 710 721 3292 
2 1227 1819 
1 3340 
2 1003 2446 
3 429 1092 2078 
3 859 897 3274 
1 2606 
4 155 949 2300 2449 
4 621 1901 2523 2564 
0 
4 28 1279 1303 3130 
3 1542 1732 2163 
1 399 
3 145 271 1057 
2 41 508 
2 1747 3344 
0 
0 
2 85 758 
5 279 616 695 737 3133 
0 
1 933 
1 1964 
4 66 883 1947 2237 
2 260 3459 
3 732 1629 2537 
6 875 1082 1284 1298 1980 2199 
2 1442 1507 
3 1153 2415 2557 
4 65 2702 3303 3486 
1 2469 
3 2455 2557 3192 
5 305 1021 2010 2194 3264 
1 1533 
1 3032 
1 3033 
3 1920 2005 2259 
1 163 
3 924 1413 2332 
2 2489 3128 
2 241 3028 
2 1423 3273 
2 2227 2471 
3 773 2250 2758 
4 231 1296 2199 3343 
2 342 3152 
5 930 1605 2302 2572 2918 
4 283 588 2069 2338 
3 1173 2089 2889 
3 138 3185 3232 
2 41 785 
3 1818 2126 2168 
2 577 2002 
1 1267 
2 2428 2473 
3 758 837 858 
3 1406 1711 3260 
3 635 1903 2128 
4 151 1007 2487 2824 
0 
3 356 969 1644 
2 480 1404 
0 
4 20 1083 1119 2221 
0 
2 268 1848 
2 626 1657 
0 
0 
4 297 1268 1581 3323 
6 719 1468 2499 2595 2791 3161 
4 172 936 1298 1336 
1 3096 
7 131 654 659 1686 1994 3222 3444 
2 2871 3432 
3 1787 2273 2530 
3 568 2131 3053 
3 449 2266 2734 
2 2434 3000 
1 2111 
5 110 124 2292 2519 3413 
1 2339 
4 1845 3113 3195 3275 
2 894 2499 
5 2027 2152 2491 2677 3301 
2 26 642 
1 1979 
1 243 
2 760 3039 
2 836 1853 
3 642 2312 3350 
3 2050 2324 2980 
2 1366 3178 
2 1179 2714 
3 340 987 2283 
1 2002 
3 887 1780 2061 
3 782 2307 3290 
1 1338 
4 684 2085 2214 2970 
2 1580 2575 
0 
2 2466 3268 
3 104 302 2472 
1 2991 
1 1073 
4 568 1778 2627 3149 
4 161 180 2388 2444 
2 2531 2632 
4 1262 1643 2022 2588 
1 279 
2 1951 2825 
0 
0 
1 3269 
1 668 
4 32 2356 2396 3384 
2 1897 2384 
2 244 1086 
4 531 1570 1951 3084 
2 966 2719 
1 820 
2 12 1112 
0 
4 552 2165 2171 2943 
1 3124 
1 588 
3 533 1779 3458 
2 164 2183 
2 1260 1788 
5 2402 2677 2922 2951 3329 
2 867 1797 
1 1303 
2 14 3041 
0 
3 2044 2815 3429 
2 2294 2938 
2 1454 2902 
4 1473 1854 2518 2532 
2 1443 1900 
0 
3 510 569 2928 
1 3385 
0 
4 944 1233 3044 3167 
3 841 1029 1255 
3 1014 1087 2961 
3 306 801 3163 
6 48 97 260 351 450 1137 
1 1715 
4 24 639 748 2548 
1 1798 
2 569 1389 
2 2260 2406 
1 1554 
0 
3 837 1764 2292 
3 222 951 1373 
2 83 193 
1 968 
1 1154 
2 477 2589 
2 947 2835 
2 594 2091 
4 348 469 1115 2870 
0 
5 317 1220 1495 2254 2291 
1 2902 
1 588 
2 2216 2524 
0 
0 
3 450 543 1999 
1 1818 
4 64 812 1648 2794 
3 1431 1724 2662 
5 1142 1756 2083 2994 3428 
2 1460 2069 
0 
7 356 719 1385 1781 2461 3299 3402 
5 1112 1119 1982 2069 3103 
1 1550 
1 1231 
2 1900 2892 
2 971 1602 
1 49 
0 
1 1683 
1 1177 
5 305 587 624 2215 3163 
4 104 388 1660 2931 
4 372 657 1392 2881 
4 1118 1143 2116 2810 
4 526 1273 2798 2860 
5 6 148 1191 1584 1809 
4 1591 1752 2248 3483 
2 2585 2942 
0 
1 2627 
4 308 876 2244 2819 
3 1338 1354 3220 
2 58 3402 
2 2489 2697 
1 1896 
3 251 612 3199 
2 1326 1940 
5 50 174 1904 2034 2221 
1 78 
1 2826 
1 1503 
4 988 1293 1990 2457 
2 277 1036 
0 
4 218 666 1766 2735 
3 2214 2547 3485 
2 2887 3462 
1 619 
3 1462 2978 3290 
3 1318 2842 3496 
4 189 278 1829 2101 
4 1910 2262 2630 2709 
5 380 848 1305 2151 2948 
3 1462 2088 2485 
1 150 
4 140 343 1489 1765 
1 1678 
0 
3 1698 2232 2919 
4 2420 3170 3176 3405 
2 418 2003 
6 1233 1494 1573 2204 2974 3080 
3 1475 1691 3074 
2 91 716 
4 37 1016 1606 2515 
1 2247 
3 1505 2525 3326 
5 327 497 1035 1355 1858 
6 1400 1428 1458 2058 2854 3018 
3 1425 1782 2738 
3 940 1029 1422 
4 0 476 1289 2524 
3 1637 2509 3083 
4 2465 2610 2785 2920 
3 743 1008 2988 
1 133 
0 
2 2360 2698 
3 1848 3034 3270 
1 1748 
2 1023 2874 
0 
3 127 690 1940 
3 1456 1807 3208 
1 92 
2 351 1626 
2 436 2881 
1 2008 
4 1339 1417 1845 2699 
2 517 837 
4 16 1979 2031 3234 
1 1421 
0 
3 1720 2403 2881 
1 2775 
3 1287 2426 3124 
2 144 2166 
3 924 1584 2074 
1 658 
3 624 725 827 
2 151 3296 
3 997 2474 3240 
5 2253 2509 2614 2854 3299 
2 714 2598 
3 2337 2617 3170 
5 131 233 3111 3364 3492 
2 294 2167 
0 
3 1439 2128 3079 
1 281 
4 790 954 2633 2907 
4 546 2586 2653 3191 
0 
0 
2 2226 2377 
2 1295 3125 
1 90 
5 867 868 1551 1832 1907 
1 1550 
5 197 442 1678 2309 3094 
3 624 2827 3206 
5 503 574 1488 2564 2598 
1 525 
1 3010 
4 507 1432 1778 2073 
5 321 988 1117 2613 3289 
6 47 430 1184 1756 2114 2925 
1 3142 
1 1899 
3 700 855 1286 
2 855 3040 
1 2041 
0 
0 
0 
3 90 126 1287 
1 48 
2 288 595 
1 768 
2 1364 3273 
4 279 1274 2587 2814 
1 2924 
2 1912 3318 
3 2310 2699 3138 
2 221 1533 
2 592 2432 
0 
1 2205 
1 445 
1 665 
3 1086 2219 2283 
3 254 507 2221 
5 532 2035 2221 2354 3465 
1 29 
1 1329 
4 173 1891 2275 3051 
1 652 
2 1292 2453 
4 1535 1572 3060 3158 
6 202 288 574 1963 2899 3325 
2 513 3343 
1 1590 
2 198 369 
1 973 
2 1267 3131 
2 2921 3486 
1 483 
3 227 2995 3113 
3 1893 3057 3402 
1 1432 
0 
1 481 
0 
6 52 113 270 1155 1409 3214 
2 158 2115 
5 2034 2275 2647 2952 3469 
1 2989 
4 1408 2137 2377 2568 
1 3324 
6 458 994 1209 1289 3156 3492 
4 959 1137 3084 3216 
2 2785 3083 
0 
3 65 1740 2431 
1 3147 
1 1912 
3 546 607 835 
2 2168 2281 
1 3467 
0 
3 2024 2421 3114 
1 2829 
3 615 1776 2481 
1 3027 
3 1155 1942 3183 
1 590 
2 1423 2055 
2 1241 1690 
3 640 2717 3141 
3 1337 1512 1757 
1 1996 
3 1183 1695 3350 
5 342 489 808 1511 2181 
7 232 1397 1737 1793 3046 3305 3430 
0 
2 2986 3249 
4 14 713 2724 3021 
2 150 2381 
5 542 1555 2207 2369 3324 
2 731 1075 
2 2175 2245 
3 221 576 2100 
2 1117 2146 
3 726 2988 3497 
1 2726 
3 965 1437 3316 
3 15 848 2858 
5 1967 2409 2766 2793 2823 
2 1662 2302 
3 374 1743 1786 
4 975 2099 2172 3498 
4 339 918 1781 2210 
4 1870 2494 2500 2529 
0 
1 2877 
0 
4 30 1669 2632 3342 
2 565 953 
3 689 1634 1779 
3 122 1128 1563 
4 728 1526 1646 2803 
4 629 1022 3143 3491 
3 187 2689 3164 
3 753 1617 2143 
3 1637 3004 3471 
4 901 993 2054 3337 
2 1112 2223 
5 958 1102 1933 1967 2534 
2 83 2703 
1 1533 
0 
4 1185 2005 2229 2661 
3 486 3191 3460 
5 1602 1723 1891 2067 3429 
4 1287 2211 2753 3248 
4 1353 2259 2596 2726 
1 1178 
2 3083 3167 
4 480 1368 1509 1943 
1 663 
3 779 863 2253 
2 3026 3180 
0 
2 2606 2979 
3 171 1144 1332 
1 973 
1 917 
2 1024 3360 
2 2964 3098 
3 839 3378 3479 
2 267 3229 
1 2654 
0 
5 1275 1608 1623 2735 3021 
2 2376 3194 
3 428 572 3263 
0 
2 1876 2655 
2 1395 3175 
1 627 
4 319 812 1789 1883 
1 2569 
4 56 508 1091 2741 
0 
4 303 1805 2091 3268 
2 1590 2429 
4 465 715 1598 2336 
3 227 1750 2137 
2 802 1938 
1 3081 
1 2737 
0 
1 3479 
2 601 2951 
4 969 2157 2819 3441 
3 818 2765 2903 
1 995 
5 41 1309 1714 1973 2241 
5 1144 2108 2292 2377 2658 
2 1634 3010 
1 2353 
2 714 808 
2 248 2930 
4 486 1680 2175 2387 
1 2125 
3 61 139 3233 
2 1253 3200 
2 126 805 
2 780 3197 
1 482 
2 1433 1444 
3 154 2008 2813 
2 3187 3340 
3 1336 1882 3226 
1 11 
3 1656 2318 2614 
1 2477 
3 1937 1945 3009 
3 1263 2021 2360 
2 1390 1658 
1 2728 
1 1837 
3 442 1430 2483 
2 2163 2319 
3 314 2483 3254 
3 2504 2914 3227 
5 1196 1848 2080 2176 3140 
3 1550 2584 2697 
3 151 2617 3026 
2 582 3199 
2 421 2433 
3 353 1691 1960 
4 1652 1933 3111 3267 
1 3145 
0 
3 3160 3179 3469 
2 332 2957 
0 
2 500 2750 
0 
3 1211 1956 2746 
1 95 
3 175 2149 2783 
2 2307 2443 
5 49 419 2640 3035 3483 
3 674 2114 2575 
3 1927 2109 3000 
4 307 947 1643 3418 
2 509 2518 
3 306 1391 1867 
4 1902 1996 3280 3448 
1 1889 
4 342 491 2959 3393 
1 3423 
5 239 317 595 2494 2942 
2 201 632 
3 1916 2329 2701 
2 1754 3118 
3 687 888 3108 
2 715 1136 
0 
4 1154 1300 2478 3156 
3 2169 2735 2918 
2 1010 1713 
2 258 573 
1 2865 
1 2058 
3 1422 1583 2248 
4 11 559 1649 2510 
2 1253 2841 
3 181 1905 2769 
5 2032 2384 2811 2988 3079 
2 1965 2428 
6 158 349 404 1341 3449 3459 
3 975 2163 2718 
1 2246 
4 204 521 2561 3395 
3 1732 2833 3071 
1 2868 
1 316 
1 3398 
2 491 2609 
1 2437 
2 1539 3030 
5 73 691 749 974 2311 
2 1671 2156 
3 150 1881 3339 
4 733 1214 2689 3446 
6 1480 1572 2003 3219 3249 3431 
4 863 950 1359 1960 
2 761 1836 
2 632 749 
4 115 1248 1493 2981 
1 3220 
1 1267 
6 7 1805 1900 2227 3119 3289 
2 3083 3460 
3 1264 2375 2744 
7 72 395 411 452 1298 3090 3426 
3 483 1383 1788 
3 33 967 2072 
4 18 365 517 2398 
0 
3 3 2472 2937 
1 1706 
0 
1 2938 
2 3247 3449 
3 414 1087 2920 
4 717 918 1763 2554 
3 2039 2401 3109 
3 2567 2575 3221 
2 1761 2293 
1 92 
1 745 
1 761 
5 992 1026 1266 2967 3118 
3 196 3277 3436 
5 0 406 2206 3039 3268 
3 359 504 1864 
0 
2 2396 2454 
0 
1 1222 
1 2210 
5 597 1493 2633 2702 3260 
5 75 729 1089 2424 2606 
6 553 911 932 2050 2807 3328 
2 2473 2934 
3 1580 1812 3474 
3 308 1772 2860 
2 1862 3264 
1 2113 
2 1968 3410 
1 1192 
4 455 525 1547 2592 
5 1583 1630 2498 2789 3287 
2 1965 2615 
2 14 24 
3 1911 2518 3444 
1 1705 
1 2576 
1 2446 
3 1261 1418 1457 
3 2150 2350 3175 
2 617 1496 
0 
0 
2 369 1368 
4 499 757 1558 3283 
5 156 984 2056 2449 3169 
3 662 1962 2297 
1 1778 
2 1891 2753 
0 
3 267 939 3182 
1 864 
1 979 
3 214 1253 2442 
0 
2 472 3030 
2 2449 3272 
2 466 2641 
4 763 2214 3088 3256 
2 1162 2966 
1 513 
1 1425 
1 1600 
1 1054 
1 1780 
0 
1 3113 
2 3033 3114 
2 113 2354 
3 1211 1851 2257 
3 2266 2504 3110 
0 
3 1415 1634 3092 
2 2499 3071 
1 1982 
2 551 2072 
3 917 2609 2978 
1 219 
3 1068 1202 3456 
2 2509 2812 
3 2022 3213 3214 
3 1115 1724 3195 
2 1609 3410 
2 344 1620 
0 
1 3323 
5 2211 2501 2783 3301 3445 
3 735 1553 2110 
0 
2 1151 2448 
3 1447 2470 2979 
5 248 2382 2488 2535 2833 
0 
2 1594 1891 
4 371 466 570 2332 
3 1266 1634 2777 
0 
2 1502 2105 
4 751 2423 2849 3137 
2 2349 2681 
3 713 799 2233 
4 1655 1967 2093 3038 
2 1471 1626 
1 3413 
2 1628 1657 
1 1337 
4 26 2117 2160 2545 
1 1770 
2 935 3308 
0 
1 2591 
1 3097 
3 1968 2986 3273 
1 1320 
4 389 1302 2733 3031 
2 1120 3497 
0 
1 2643 
0 
3 22 526 3148 
3 1034 1097 1186 
0 
2 714 1496 
1 3005 
4 134 1906 2628 2780 
0 
1 2797 
3 698 2328 2376 
2 1171 1714 
4 678 1356 3361 3469 
4 406 457 1046 3206 
2 1125 2759 
2 510 2065 
4 309 1144 1228 2363 
7 622 902 1122 2556 2732 3003 3203 
1 638 
4 516 1893 2492 2630 
2 1432 3412 
3 10 1600 3229 
1 1753 
3 762 2240 3385 
1 878 
2 1001 1646 
2 1436 1936 
2 309 3331 
4 465 1279 2709 3447 
3 579 1278 2939 
6 392 2219 2357 2515 2638 2974 
1 1447 
0 
2 2612 3206 
3 595 3307 3370 
1 2276 
1 867 
4 833 873 982 3291 
2 2708 3428 
4 809 917 1629 2501 
4 228 2633 2640 3010 
2 2318 2869 
4 492 895 1890 2856 
4 328 779 1433 2159 
3 15 90 382 
4 93 853 3179 3215 
2 613 2065 
0 
6 595 640 1126 2240 2492 2989 
0 
3 1089 1719 3397 
5 85 2080 2244 2605 3142 
2 1247 1634 
4 579 701 1317 1474 
1 2979 
2 790 2817 
1 1634 
1 367 
1 3085 
1 1025 
0 
0 
2 482 2479 
0 
1 3081 
1 65 
4 356 2407 2755 3092 
3 1303 2068 2733 
4 312 787 1807 2856 
1 2261 
1 1246 
3 2289 2603 2835 
0 
1 26 
1 3336 
0 
2 774 2738 
1 2910 
1 217 
1 892 
1 3406 
1 3032 
3 81 992 2004 
4 288 342 2316 2861 
1 1770 
2 10 1438 
6 157 544 640 1041 3299 3385 
5 172 937 1238 3285 3449 
4 667 769 1567 2388 
1 826 
3 318 470 1812 
4 1101 2082 2499 3269 
3 117 1671 2289 
1 1905 
1 2319 
3 1430 2747 2889 
1 346 
3 2150 2823 3182 
1 2031 
2 3159 3457 
6 42 304 2041 2173 2792 2995 
1 2705 
1 2459 
4 239 983 1669 3273 
3 195 488 769 
2 805 1864 
3 430 1262 1382 
1 423 
0 
6 431 1117 1404 2043 2435 3170 
6 96 2241 2638 2640 2739 2780 
1 379 
3 149 2264 2941 
4 97 2181 2915 3480 
4 324 384 877 1388 
2 2071 2184 
3 556 661 3354 
1 2859 
2 986 1176 
2 1760 2276 
3 1587 1903 2000 
1 2548 
4 167 1865 2447 2457 
3 308 726 2760 
1 2190 
1 2358 
2 2248 2543 
3 2044 2884 3026 
1 3344 
0 
1 2824 
2 1652 2564 
1 1356 
4 1127 1840 1975 2627 
1 2780 
4 748 3121 3269 3365 
0 
0 
2 1364 2722 
1 721 
5 1047 1785 2270 2578 3375 
3 1077 2241 3071 
2 760 3485 
1 2363 
0 
3 201 1006 2112 
4 136 513 1436 2761 
3 301 941 2487 
2 1419 1511 
3 1940 2419 3158 
5 356 806 1665 2301 3394 
1 1795 
2 113 2544 
4 294 1737 2667 2878 
4 219 630 1359 3035 
1 174 
3 92 625 1623 
3 69 2782 3339 
3 915 2684 2688 
5 8 184 911 1485 1950 
0 
0 
2 1707 2252 
1 607 
1 3495 
4 160 1205 1428 2449 
3 129 2555 3212 
3 826 2060 2545 
3 1171 2444 3159 
3 1398 2417 3117 
3 185 447 3345 
3 490 829 2482 
5 184 310 385 808 1095 
4 610 934 2146 2310 
2 2590 3381 
3 161 807 1194 
4 1649 1758 3175 3184 
4 2224 2239 2283 3362 
2 806 1415 
2 527 1670 
5 88 1050 1345 1639 2971 
2 744 2570 
6 6 119 862 907 1270 2952 
5 1038 1293 2661 3042 3071 
2 1534 3155 
2 1583 2261 
6 371 1276 1396 1980 2687 3256 
4 953 1481 1503 2456 
4 281 1335 1988 3454 
3 510 846 3458 
2 1984 2309 
3 2314 2836 3163 
4 596 1588 1952 3254 
4 708 2477 2545 2828 
4 29 1038 3181 3388 
2 502 3106 
1 2692 
3 1223 1281 3166 
2 1788 3295 
1 3068 
4 59 195 544 1846 
4 1487 2010 2298 2875 
2 2944 3096 
2 2494 2557 
4 344 706 1591 2071 
1 1836 
4 821 1490 1494 2048 
3 1171 1646 3081 
3 806 2631 3060 
3 36 2322 3118 
2 746 1488 
0 
4 786 791 1480 1998 
0 
2 2260 2682 
5 113 332 2538 2914 3389 
0 
1 1714 
3 639 2453 2597 
2 2679 3241 
1 1536 
3 1235 2040 3126 
2 2560 2760 
5 15 113 707 2191 3470 
2 1303 3434 
3 800 2632 3077 
0 
1 1934 
1 2433 
1 2462 
6 105 1116 1462 2055 2322 3223 
3 1437 1889 2251 
0 
4 510 1742 1837 2437 
2 2048 2616 
4 1409 1556 2153 3393 
0 
2 1451 1831 
3 859 1460 2573 
3 344 793 2409 
3 1456 1699 3376 
1 3308 
1 2634 
4 1120 1153 2588 3369 
3 799 1456 2677 
4 112 192 735 3144 
5 563 1173 1255 2715 2850 
3 1818 1827 3415 
1 338 
1 214 
2 186 472 
2 1506 2430 
4 1230 1988 2330 3202 
3 228 778 1437 
1 2409 
2 804 2657 
2 64 1501 
2 596 3367 
4 4 1891 1957 3472 
3 986 1793 2949 
2 1764 3261 
2 940 1398 
1 937 
1 2869 
3 227 2280 3188 
1 3445 
0 
1 2576 
2 505 2753 
1 3167 
2 2369 3050 
2 173 2590 
2 95 2595 
2 155 1683 
5 124 225 388 2109 2762 
2 2854 2889 
3 968 1916 1993 
2 494 3125 
1 2315 
3 2408 2580 3486 
4 2250 2672 2725 3414 
0 
5 57 1710 2083 2352 3112 
7 301 602 882 977 2000 2213 3222 
3 87 242 1434 
1 896 
5 166 422 553 1470 1674 
4 221 1689 3064 3167 
2 2145 3020 
4 566 1111 2590 3354 
2 539 3348 
1 3132 
1 580 
2 487 3122 
2 2227 3477 
2 2015 2765 
2 1754 2167 
3 59 1163 1627 
2 372 3148 
2 1704 2206 
7 111 750 856 1055 2542 2641 2974 
2 416 855 
1 2054 
4 1220 1626 2202 2456 
3 723 2723 3249 
4 168 946 1824 2618 
3 150 1485 3445 
1 2068 
2 1177 3264 
1 2002 
1 2448 
5 2074 2520 2620 3387 3427 
4 2562 2652 2727 2900 
1 967 
6 1692 1940 2282 2997 3227 3458 
0 
5 1632 2366 2446 2863 3068 
2 411 1338 
3 1634 1645 1850 
2 30 2805 
3 688 2118 3338 
1 3143 
3 896 1116 2800 
5 391 525 799 2078 3224 
1 2607 
2 1732 1944 
2 2246 2633 
3 1740 2680 2720 
1 1715 
0 
3 96 669 1157 
2 178 638 
1 1829 
5 1095 1164 1435 1584 2198 
4 763 835 1583 2806 
2 2322 2933 
2 29 1635 
3 382 1370 2942 
3 259 1442 1893 
3 1946 2504 3202 
2 899 1013 
2 764 1454 
3 329 2563 2878 
3 69 148 2973 
4 1226 2305 2413 3409 
0 
2 218 2304 
2 402 1938 
4 48 1014 1647 2914 
1 3338 
2 1195 1271 
3 1650 2040 2962 
3 753 981 3129 
1 2233 
1 2701 
1 615 
4 331 336 802 2947 
1 2870 
5 181 1001 1884 1996 2550 
4 559 1215 3279 3396 
4 487 2398 2756 2852 
2 2324 2877 
0 
2 432 3046 
1 42 
1 1754 
5 11 472 2103 2569 2812 
2 971 2907 
3 216 418 2699 
2 2518 2913 
1 1216 
1 1679 
5 109 476 2548 3125 3393 
3 1001 1406 1895 
2 1960 3007 
1 506 
5 286 823 1235 1553 2046 
3 536 1547 2126 
1 1237 
2 594 1289 
5 1164 1867 1868 2260 2505 
2 495 2340 
4 1566 1834 1883 2464 
2 3121 3351 
8 67 966 1027 1205 1228 1302 1306 1568 
3 330 1586 1822 
1 2253 
5 329 428 810 972 3329 
1 2137 
3 242 1430 2211 
2 1910 3227 
3 485 2482 3224 
0 
2 678 1075 
1 629 
2 1568 3029 
4 968 1275 1457 1766 
5 471 1598 1666 2064 3192 
2 743 3017 
2 1096 1426 
5 171 1601 2638 2881 2911 
0 
3 303 1060 1381 
1 2610 
2 1795 2314 
2 1234 2879 
1 1043 
2 635 1237 
2 1047 2510 
1 3091 
2 556 759 
0 
4 197 956 1867 2924 
0 
2 187 2880 
2 1400 1774 
3 50 1647 2829 
4 275 375 2027 3340 
1 3326 
2 964 1353 
1 1429 
2 1113 1342 
2 17 3416 
4 74 1886 3309 3389 
6 1536 1725 2859 3041 3218 3466 
3 1946 2278 2841 
0 
0 
3 794 857 3173 
1 1621 
1 1031 
1 3167 
1 1994 
4 756 1523 2504 3193 
0 
2 2182 2308 
2 642 2713 
1 191 
3 1738 3050 3491 
4 227 1537 1901 2378 
2 451 935 
4 800 1059 1964 2562 
3 1564 2249 2652 
0 
3 2205 3124 3135 
1 939 
0 
1 442 
3 424 796 1729 
2 1490 2418 
1 1932 
1 2071 
2 159 3206 
1 3239 
4 1549 1817 1930 2014 
4 31 102 400 1168 
2 1132 2310 
1 1412 
2 2515 3114 
2 32 562 
3 1532 2561 3081 
3 625 2644 2862 
1 1956 
2 1091 1935 
3 1025 1261 1467 
3 718 1578 3000 
0 
1 2279 
2 495 3312 
3 382 555 1300 
4 390 831 2292 2615 
4 2251 2400 2966 3220 
1 230 
2 981 1725 
3 744 1214 1763 
5 473 1674 1723 1819 2740 
3 1927 3164 3417 
0 
2 1893 2552 
5 1698 1903 2220 2253 3121 
1 2522 
0 
5 193 580 1105 1575 2873 
2 2047 2246 
2 1992 2948 
1 257 
2 502 3137 
2 941 1403 
4 330 1688 2257 2938 
3 274 2805 2900 
2 921 1577 
2 73 2769 
5 5 272 1483 1759 2628 
2 957 2893 
2 232 2089 
1 3464 
2 2719 3102 
2 584 1765 
2 525 817 
1 2233 
3 511 1015 1834 
2 3089 3219 
2 764 1840 
2 1272 3015 
4 1085 1546 1615 2288 
1 209 
6 745 864 1905 2283 3080 3142 
3 937 3177 3261 
4 434 1426 1884 2156 
3 262 1742 2691 
2 1369 2697 
7 398 1140 2238 2391 2682 2684 3155 
3 2501 2606 3424 
2 1137 1724 
3 328 725 1510 
2 793 1747 
6 560 782 1646 2418 2454 3324 
2 2018 2872 
2 2835 2858 
0 
2 1240 1334 
3 189 2327 3193 
2 37 1158 
1 172 
3 1665 2988 3129 
1 2764 
2 263 930 
3 44 2666 3411 
4 195 675 862 1180 
4 696 966 2383 3235 
3 665 1197 2034 
7 216 748 959 2139 2566 2620 3444 
2 807 1874 
0 
3 551 1790 3396 
1 1390 
2 393 957 
2 644 2477 
6 462 698 1127 1448 2076 2388 
2 516 1008 
3 1784 2799 3331 
0 
3 2643 3022 3221 
4 941 1509 1953 3006 
2 5 2749 
4 200 1401 1654 1986 
2 2631 3297 
1 700 
2 720 3120 
3 198 2213 3235 
0 
3 32 238 2662 
4 72 394 2742 3162 
0 
4 110 323 2562 3441 
4 1012 1123 2560 3306 
1 2595 
5 821 1318 2255 2308 2603 
4 94 2709 2787 3002 
2 228 763 
1 244 
3 1987 2211 2928 
4 355 1157 1340 2894 
1 3108 
4 8 2279 2555 3229 
1 2538 
2 13 236 
3 1704 2342 2836 
5 620 742 1497 3025 3320 
4 570 1725 1978 2818 
2 346 2145 
5 115 125 202 2258 2555 
2 1635 2443 
2 300 2757 
3 1555 1993 2593 
1 3151 
0 
3 278 1497 2833 
3 13 1959 2354 
3 788 1582 2114 
2 1840 2098 
3 75 1487 2132 
2 855 1986 
1 2524 
3 1632 1750 3067 
0 
2 1118 1455 
2 1049 1483 
2 2530 2909 
4 2040 2659 2940 3023 
6 513 1383 1752 1830 2204 3420 
2 2484 3441 
0 
1 2487 
2 2199 3097 
2 651 826 
1 1450 
1 3415 
4 634 816 1054 2571 
1 11 
1 1568 
3 1202 2440 2867 
4 492 2012 2600 3291 
3 515 658 3062 
3 707 2568 3302 
1 2154 
2 2332 2498 
2 2398 2488 
3 805 2639 2710 
4 2234 2325 2381 2525 
4 58 2605 3071 3324 
5 4 2805 2948 3252 3484 
2 1159 2149 
2 2663 3056 
3 479 1147 1355 
2 518 1372 
3 194 1959 2058 
4 1077 1630 1662 2731 
3 464 1630 2382 
0 
1 960 
1 521 
1 3359 
3 2114 2780 3458 
1 1782 
1 3113 
1 1005 
2 363 2807 
2 2521 2650 
1 2590 
1 149 
2 1114 2157 
4 137 1041 2090 2552 
3 119 1008 1632 
3 1608 1758 2125 
3 35 2310 3307 
2 1673 2888 
3 330 1979 2891 
3 185 3205 3428 
3 1079 1481 2356 
4 1292 2990 3301 3368 
6 893 981 1181 1226 1508 3164 
2 2030 2501 
6 906 1269 1588 1728 2873 3061 
3 459 2887 3276 
1 1623 
3 79 772 2616 
3 686 2316 2702 
2 158 3091 
2 866 2843 
4 708 752 1123 2506 
2 577 1689 
1 1078 
4 626 1370 1729 3326 
1 775 
7 77 394 1098 1343 1756 2224 3079 
1 1257 
2 855 3198 
1 3377 
1 2192 
3 156 789 1640 
4 310 433 1167 2281 
3 880 923 2759 
1 3355 
2 28 3473 
2 515 1960 
3 1084 1526 3069 
4 476 2138 2797 3463 
0 
0 
2 605 3135 
1 5 
1 2593 
0 
2 478 2476 
2 98 157 
2 88 2354 
2 1074 1726 
1 408 
0 
4 270 397 1704 2543 
1 204 
2 63 1700 
2 975 1060 
2 427 1477 
1 1713 
2 1276 2868 
1 1045 
4 1016 1597 3063 3113 
0 
7 774 820 1399 1564 2020 2738 3035 
1 3191 
3 932 2218 2345 
4 436 986 2650 2705 
5 1575 1957 2122 2369 2971 
2 1045 2031 
4 415 1589 1675 2368 
3 592 2781 3427 
1 2938 
0 
2 1409 2901 
2 680 688 
1 1442 
2 1793 2662 
1 2506 
2 2399 3491 
5 33 142 1068 1712 2691 
6 71 268 1508 1944 3028 3401 
1 2635 
3 1828 1866 3030 
7 1059 1117 1624 1915 2094 2132 2637 
0 
2 1179 2885 
4 897 2212 2245 2271 
3 126 591 1691 
3 1100 1165 3159 
0 
3 955 975 1234 
4 1161 1245 2484 2662 
2 492 2672 
2 125 3001 
1 3017 
4 16 2302 2865 3267 
1 1025 
3 331 2098 2915 
4 213 1383 2672 2892 
1 2170 
1 2472 
3 1819 2173 3484 
3 655 828 1887 
5 0 595 1436 2903 3320 
0 
3 749 1207 2801 
2 2618 2844 
2 1440 3366 
2 2827 2946 
3 112 1795 1832 
5 496 1811 2943 3059 3441 
3 1438 1502 2909 
0 
3 359 779 2173 
3 121 475 3095 
4 153 399 410 1734 
2 1526 1824 
3 642 1682 2503 
2 2402 2668 
4 938 1078 1608 2294 
2 232 544 
3 1462 2093 2934 
2 741 2847 
4 331 1370 1533 2951 
0 
6 621 664 1559 2522 2653 3050 
2 798 1116 
2 1332 2211 
2 605 979 
1 3385 
2 465 2509 
2 825 1039 
1 519 
3 601 1451 3092 
0 
1 1852 
1 2255 
2 1704 2453 
5 81 1545 2113 2444 2564 
0 
0 
1 1767 
1 55 
3 30 1940 3403 
2 523 1046 
4 678 1213 2267 3496 
0 
3 479 928 2806 
2 2301 3272 
2 2325 2366 
2 653 1667 
2 74 2802 
1 2828 
2 1892 2876 
5 33 127 828 1348 1945 
2 233 1099 
2 3145 3170 
5 775 913 1780 2450 3160 
5 9 890 2078 2151 2870 
0 
4 10 2154 2161 2842 
0 
1 1138 
4 1471 1601 1839 2728 
2 869 1350 
0 
2 1359 2227 
4 704 1377 2402 2502 
1 2369 
2 1626 2580 
4 477 1733 2765 3288 
3 1456 1484 2157 
3 2623 2966 3404 
3 660 1155 3075 
4 2329 2731 3141 3472 
1 2917 
3 2209 2868 3219 
4 973 1552 2559 2599 
5 381 934 1480 2091 2169 
3 1178 2678 3234 
2 364 2446 
4 806 1094 1866 2933 
2 2226 3266 
2 238 1417 
2 665 2193 
0 
1 3342 
1 1647 
2 1265 1296 
1 2632 
1 981 
4 399 1317 1557 2373 
6 58 445 616 746 749 2367 
3 474 2074 3411 
4 1365 1454 1701 3392 
2 1128 1208 
2 862 3322 
4 147 835 1561 2070 
1 2101 
1 1788 
2 2471 2758 
6 573 1573 2035 2132 2184 2466 
1 2527 
5 118 130 1054 1301 2389 
2 2710 2927 
4 98 1341 2976 3064 
4 745 1532 2123 2380 
0 
2 668 2628 
0 
3 2215 3129 3210 
1 791 
3 617 1744 3376 
3 9 1882 2304 
3 732 1012 2055 
0 
2 1234 1998 
3 1960 2105 3484 
2 158 2921 
2 2173 3258 
3 51 2100 3388 
3 1830 1974 3212 
1 958 
3 949 2097 2486 
4 788 2075 2933 3414 
0 
1 1616 
1 2899 
5 266 1230 2094 2793 2899 
0 
2 486 2686 
2 1026 2789 
5 289 1074 1524 2226 3347 
2 1220 3030 
3 505 648 3249 
3 137 1395 2580 
3 1160 2015 2545 
4 864 1073 1829 1873 
1 912 
2 402 761 
1 1239 
3 1570 2963 3052 
2 32 3385 
1 3257 
2 153 2523 
2 1944 2710 
3 9 2083 2457 
4 2274 2621 2782 2813 
3 1032 1884 3407 
6 14 45 620 1627 2154 2816 
1 3411 
2 626 846 
2 3154 3223 
1 154 
1 645 
5 1831 1960 2078 2585 2746 
2 2492 3348 
2 100 3454 
2 2416 3224 
1 324 
3 915 1015 1638 
1 1917 
3 1781 2735 2967 
2 186 2341 
1 3451 
2 3225 3366 
2 971 3177 
1 2328 
3 1538 1820 3455 
3 501 950 1423 
2 301 2859 
0 
2 1070 1862 
2 1172 1347 
4 187 790 2035 2379 
2 653 3226 
3 568 1485 3131 
4 1855 2037 2126 3034 
5 123 429 2344 2616 3089 
3 1113 1758 3079 
4 1022 1881 2048 2702 
1 2310 
1 1293 
4 291 365 1239 3447 
4 69 388 557 2037 
1 2518 
4 549 580 1051 1102 
1 3262 
2 693 3114 
1 834 
3 347 844 1546 
2 620 925 
5 1090 2055 2421 2771 2920 
4 314 1976 2809 3281 
1 693 
3 958 2339 2570 
6 289 1350 1978 1990 2096 2815 
2 2376 2878 
2 948 1031 
2 1054 2269 
1 3381 
3 377 2693 2946 
1 3359 
0 
3 940 1363 2641 
4 253 333 1685 2574 
1 697 
3 1365 2078 2216 
0 
0 
0 
2 2609 3474 
1 129 
1 1374 
2 1473 3350 
3 1909 2434 2754 
1 2061 
2 555 601 
1 501 
0 
0 
3 1583 2886 2907 
5 470 595 613 1844 2660 
2 2436 2676 
0 
2 1553 2962 
1 2300 
5 332 799 1840 2654 3149 
3 885 1694 2432 
4 39 1146 1549 3096 
2 946 3189 
1 2515 
2 154 2053 
3 58 959 1152 
8 566 982 1219 1639 1811 2004 2265 3273 
3 1963 3291 3492 
4 1533 1799 2633 3346 
3 668 783 1191 
4 464 758 2087 3304 
3 738 2184 3325 
3 2232 2807 2943 
1 1942 
6 89 322 419 888 1280 3218 
3 262 1729 2531 
5 632 775 889 890 2578 
0 
4 31 974 2333 3141 
6 388 1427 1905 2311 2703 2929 
1 2620 
4 852 2059 2109 3224 
4 611 1123 1544 2043 
1 3231 
3 979 2889 3232 
1 2523 
0 
4 796 2217 2290 2663 
4 403 1233 1603 1749 
5 233 246 1859 2712 3240 
1 3296 
1 83 
3 504 592 2818 
1 1761 
2 1427 2877 
2 1273 1298 
5 488 1025 1360 1391 2250 
2 120 388 
0 
3 768 1301 2844 
4 4 948 1963 3432 
4 434 1103 1576 1733 
2 803 3154 
5 764 1095 1376 2724 3404 
3 421 1692 2815 
4 612 1530 2241 2392 
2 1481 1721 
1 1412 
4 840 988 1636 1729 
4 735 2349 2793 2813 
5 103 1807 2013 2579 3247 
0 
3 1202 1738 2820 
2 1821 3346 
3 605 983 3322 
4 722 1464 1630 2828 
3 355 1319 1435 
2 789 2459 
0 
4 333 1362 2603 2770 
2 2211 2585 
5 646 1203 2752 2811 3422 
3 2022 2273 3157 
4 2322 2453 2560 3131 
4 27 227 2176 2952 
2 1390 2752 
2 1963 3110 
3 472 2369 2462 
3 644 2267 2899 
1 2124 
4 306 893 913 2395 
2 1285 1369 
2 2666 2936 
6 130 134 227 462 1675 2588 
5 213 1717 1814 2294 2569 
2 1514 3325 
3 286 925 1911 
2 397 1564 
6 663 888 1427 1756 2497 2770 
2 234 3432 
0 
2 2323 3163 
0 
1 1754 
4 196 1321 1342 2979 
2 2232 3394 
1 735 
6 649 725 1026 1720 2297 3446 
4 1140 2390 3007 3116 
3 705 1996 2279 
1 2789 
1 551 
2 1179 2292 
2 352 1451 
1 2786 
3 576 2203 3331 
2 1400 2025 
3 615 956 1972 
0 
2 1596 2090 
3 31 270 1594 
0 
2 666 1071 
4 1685 1807 2717 3311 
3 453 857 1440 
6 881 1423 1706 1885 2158 2929 
2 1112 2224 
1 659 
0 
3 58 1441 1654 
2 97 1528 
3 1333 1897 3381 
0 
5 241 399 1043 1291 3456 
4 1051 1344 2843 3254 
2 3252 3300 
0 
4 1459 1480 1585 2268 
1 2286 
3 660 1611 2595 
2 1859 2026 
1 154 
4 129 1771 2857 2978 
2 1260 2144 
2 1084 2051 
5 1502 3042 3046 3048 3287 
0 
6 473 607 1227 1856 2558 2653 
1 2223 
1 2840 
5 2489 2541 2729 2898 3125 
2 354 1014 
2 842 2492 
1 616 
3 650 2172 3026 
3 1631 2895 3405 
2 2140 3311 
2 391 1817 
1 353 
3 322 2155 2894 
5 221 1942 2791 3189 3293 
1 158 
1 2349 
2 3142 3420 
3 1232 2254 2347 
3 333 1172 2729 
1 3395 
2 1532 2746 
4 1028 2485 3068 3191 
5 890 1201 1828 1926 2581 
1 2887 
4 685 1889 2438 2996 
3 53 1280 2384 
1 1375 
1 138 
2 815 1046 
1 406 
1 2735 
3 1266 1393 3303 
1 3486 
2 427 2476 
4 1566 2026 2954 3123 
3 35 50 2069 
1 1946 
6 483 946 1520 1944 2045 2272 
2 119 3335 
0 
1 3434 
3 323 400 2068 
1 493 
1 1125 
4 1002 1260 2174 2953 
4 6 852 915 1026 
3 1689 2904 3371 
2 120 2151 
1 2083 
4 171 483 945 1859 
5 134 1224 1868 2826 3244 
1 1779 
4 64 686 1099 2357 
1 61 
0 
6 1031 2593 2642 3105 3304 3389 
6 332 505 676 1338 1788 2840 
2 2080 3390 
1 2293 
1 1761 
3 2250 2998 3266 
1 340 
2 162 3109 
3 93 2275 3066 
3 519 685 1149 
1 2900 
4 1129 1610 1857 2917 
1 1955 
3 1721 3256 3330 
3 1138 3015 3402 
4 699 1995 2044 3417 
2 831 2493 
1 484 
0 
2 722 2829 
3 1316 2604 2849 
2 1529 2806 
5 955 1489 1504 2657 2977 
3 34 2517 2654 
2 2931 3357 
1 2945 
2 1594 3111 
0 
1 597 
2 2135 2832 
4 535 1419 2843 3278 
2 1699 1766 
3 497 1399 3078 
2 797 3169 
3 928 2169 3234 
1 460 
2 1231 2761 
1 1154 
2 60 3384 
2 833 2726 
0 
4 28 623 1100 2488 
2 344 1013 
3 1501 3018 3398 
4 403 921 2584 2853 
3 883 2205 2516 
6 202 468 1058 1478 2819 3468 
3 380 647 2192 
2 25 1359 
1 2200 
4 70 341 1110 1483 
3 2356 2863 3170 
2 2774 3376 
3 424 1851 3304 
1 2513 
1 1186 
2 1071 1822 
4 676 1418 2015 2549 
0 
6 572 1170 1566 2057 2978 3372 
4 1372 2814 2862 3246 
2 1222 1560 
6 198 576 1178 1189 1415 3397 
1 2034 
0 
0 
8 376 540 895 1468 2014 2268 2538 3306 
3 1149 1766 2903 
4 266 292 600 2962 
2 1437 1553 
3 779 1372 2123 
1 3374 
3 458 1352 2262 
2 2908 3035 
2 397 748 
3 1479 2272 3148 
1 64 
1 1632 
1 811 
3 455 671 2078 
0 
3 62 352 437 
3 94 599 2777 
3 1223 2603 2874 
2 611 2077 
3 672 1131 1977 
2 623 1156 
2 839 3370 
0 
3 1924 2365 2733 
3 1044 1443 1787 
2 1089 2776 
1 1312 
4 2561 2761 2992 3411 
2 348 930 
4 1421 1641 3136 3437 
4 1050 1052 3178 3385 
2 1841 1968 
3 791 2353 2803 
2 258 2100 
5 627 1397 1843 2560 3480 
3 1224 1857 2428 
3 608 771 2335 
1 440 
1 653 
5 1269 1298 2133 2337 2830 
1 2403 
3 960 1082 1453 
1 2933 
0 
1 2283 
5 438 564 1164 1856 3352 
4 639 652 1206 1341 
4 960 2616 3114 3183 
5 1219 1289 1762 1892 2589 
2 2044 2590 
2 1994 2924 
6 1053 1203 1589 1683 3191 3413 
2 1630 2987 
5 36 420 1900 1954 2565 
0 
1 2860 
4 810 840 1212 2007 
2 1096 1658 
1 3173 
1 3176 
2 2441 3269 
0 
5 802 1280 1708 2208 3114 
3 455 2432 3217 
3 17 188 2410 
7 49 707 1076 1167 1619 2162 2542 
2 82 649 
1 1561 
2 1878 2977 
2 1730 2002 
4 577 2121 2230 3397 
4 738 809 1833 3310 
2 804 1859 
0 
2 2079 3362 
0 
2 960 2625 
5 34 214 644 1838 2832 
3 677 2220 2568 
5 440 520 707 2949 3035 
0 
1 975 
1 1224 
0 
2 594 3433 
4 235 1465 1815 2453 
1 2631 
0 
1 2335 
3 1550 2518 3276 
4 346 1376 1930 3475 
1 1402 
5 1239 1417 1443 2113 3453 
0 
3 783 2917 3170 
5 230 719 1371 1622 3291 
1 2444 
1 1608 
1 11 
2 1728 1882 
1 390 
3 254 1137 2938 
4 1416 1814 1821 3310 
1 1267 
5 57 314 597 600 1453 
2 160 2332 
4 2054 2808 2918 3044 
4 1472 1805 2268 2487 
4 1104 1710 2480 3485 
3 1562 1691 1804 
3 16 228 1592 
5 503 577 859 1381 2015 
1 2506 
2 1781 3126 
1 1139 
3 915 1854 2531 
5 142 208 1009 1616 2279 
4 50 439 1431 2172 
2 1848 3495 
1 615 
3 31 1488 3367 
1 2182 
3 669 1073 1139 
6 359 568 1169 1517 2787 3120 
1 3238 
3 1390 2221 3269 
4 2255 2791 3234 3465 
5 382 1529 2046 2112 3011 
1 2354 
0 
0 
3 1055 2431 2632 
3 765 2132 2265 
1 849 
2 175 878 
4 678 1493 2278 2791 
2 730 2501 
6 105 1424 1521 1539 1879 2502 
2 1243 2713 
4 390 419 1163 2710 
3 1824 1922 2387 
2 2639 3439 
5 639 1522 1806 2324 3444 
1 983 
2 1468 3454 
2 841 859 
1 2054 
4 568 1852 2711 2851 
1 317 
1 188 
5 1321 1807 2264 2470 2637 
2 178 2407 
2 1301 1860 
5 575 991 1154 1762 3497 
4 272 1574 2631 2807 
1 2939 
4 151 1109 1209 2188 
5 204 531 811 1653 2822 
0 
1 1283 
2 246 863 
4 122 286 840 1043 
3 1165 1720 2925 
4 1484 1896 2155 2500 
2 842 1056 
3 1555 1983 2931 
1 557 
3 1561 1781 2225 
1 2124 
1 3076 
2 2049 3010 
0 
3 2529 2749 2802 
2 187 3262 
4 675 767 1383 2857 
3 1257 1742 2085 
1 3355 
5 17 510 568 789 1269 
4 1458 1796 2539 2607 
5 677 964 1475 2066 2584 
8 516 848 1153 1290 1576 2213 3024 3238 
1 1492 
1 1958 
0 
2 1960 2603 
3 1280 1360 1650 
2 1858 2594 
6 161 1072 1290 1360 3179 3296 
4 1190 1550 2181 2996 
1 2387 
2 1250 1792 
4 119 474 1711 2738 
0 
0 
2 913 3123 
2 2971 3156 
1 404 
4 427 1878 1943 2727 
1 354 
2 1562 1692 
3 849 2002 2332 
4 213 999 2204 2410 
2 1005 3261 
0 
2 1505 2409 
1 1026 
3 291 1839 3374 
1 2199 
6 376 979 1433 2917 3025 3138 
6 744 1801 1953 1968 3059 3355 
4 197 1863 2232 2733 
4 59 200 2948 3304 
0 
3 1777 2277 3423 
2 1403 2681 
1 1995 
4 277 2922 2969 3380 
0 
1 418 
3 1530 1969 1975 
0 
2 2 62 
1 2678 
2 2200 3367 
6 326 653 699 1494 2711 3442 
2 2056 2675 
1 1469 
1 1577 
2 1232 2667 
2 1464 1761 
2 297 3355 
2 1408 1761 
1 128 
2 2107 2897 
2 1436 3375 
2 1408 2874 
4 144 970 1115 2860 
0 
2 1759 1956 
3 103 1446 3490 
2 332 2178 
0 
1 2788 
0 
3 771 1055 1760 
1 815 
4 826 881 1618 3368 
3 2847 3355 3356 
3 309 1084 1604 
7 348 598 1153 1897 2157 2928 3044 
3 447 976 2224 
2 139 2881 
2 1351 1943 
0 
1 398 
2 1288 2975 
3 789 1278 1808 
5 1858 2081 2122 2592 2922 
5 289 359 2600 2677 3171 
1 2234 
2 1686 2591 
1 662 
1 1496 
1 3011 
3 936 2308 2918 
1 1102 
2 689 1746 
4 502 1577 2800 2894 
0 
3 273 1388 3419 
1 1554 
3 944 2248 2819 
3 1530 2831 3128 
5 19 952 983 2426 3395 
2 1562 2650 
5 81 170 1048 2040 2899 
4 80 156 2335 2350 
2 3280 3475 
3 1867 2051 3380 
2 4 1267 
5 1247 1317 2476 2663 2970 
1 646 
5 782 1001 1090 2139 2362 
1 37 
2 382 1018 
5 807 1326 1940 2644 3300 
1 1360 
2 1725 2881 
1 1010 
5 368 509 1802 3185 3339 
1 3432 
1 1125 
2 183 327 
5 324 1068 2132 2352 3416 
4 1345 3114 3172 3323 
2 280 381 
6 76 491 1794 2625 3009 3183 
3 377 1066 3053 
0 
2 2266 2270 
3 982 1181 1518 
1 2192 
2 510 1316 
1 1610 
2 1823 3212 
2 612 2077 
2 1264 1912 
4 173 1373 1472 2877 
3 1396 2423 2480 
2 1524 3106 
0 
2 355 1775 
5 72 1023 1545 2047 3326 
3 955 2811 2847 
2 482 3123 
0 
2 1098 1741 
3 2264 2283 2773 
1 2169 
0 
2 2770 3247 
2 63 2439 
3 832 3284 3477 
1 2478 
3 102 1228 2469 
1 3432 
0 
5 22 1257 1360 1384 1873 
2 383 1947 
2 1407 2124 
5 295 1070 1219 2871 2980 
1 192 
4 251 263 811 919 
2 82 2299 
3 1808 2576 3408 
3 2695 2904 3391 
3 1164 2108 2295 
0 
5 74 639 2345 2579 2588 
1 1350 
3 955 2105 2254 
1 743 
3 471 2881 3079 
2 2851 3440 
2 1259 1917 
2 762 3204 
3 252 1790 2912 
2 1572 2720 
2 420 1982 
3 58 2028 2625 
3 968 2485 3161 
0 
4 95 1569 1739 1861 
3 1584 2024 2408 
5 1155 1877 2217 2607 3167 
2 2559 2974 
3 393 421 2170 
2 502 761 
4 1099 2266 2766 2931 
3 1212 1616 2881 
6 6 289 313 1039 2124 2254 
3 565 878 2447 
7 160 240 472 704 2173 2249 2876 
2 162 2126 
2 1305 3363 
2 1819 2237 
4 768 1022 2433 2724 
1 2257 
0 
2 2610 3441 
2 955 1347 
2 627 1380 
1 680 
4 243 449 777 2382 
2 858 1985 
3 1443 2029 2260 
4 60 929 1666 2406 
5 42 329 468 2492 3278 
2 311 2725 
3 102 2416 2530 
3 1105 1224 1827 
0 
3 731 1321 1768 
2 1441 1817 
0 
2 2930 3166 
0 
2 2334 2388 
4 291 423 1097 1675 
2 787 2037 
4 1899 2319 2417 2862 
5 27 299 476 1983 2244 
1 567 
2 2928 3457 
3 1999 2700 2766 
1 230 
3 1231 2407 2887 
1 1496 
2 2600 2796 
1 1610 
1 2431 
4 321 806 840 1525 
1 350 
2 1292 1318 
3 284 2327 2627 
2 954 1768 
4 1367 1674 2147 2894 
5 196 762 1158 2508 2689 
2 1333 3489 
4 1711 2447 2843 3464 
3 217 1566 2438 
0 
2 1093 1972 
1 100 
1 1851 
3 1106 1936 2053 
3 178 1291 1513 
5 733 1607 2035 2885 3237 
2 643 2783 
2 499 1767 
2 1732 1893 
6 202 285 297 818 2470 2688 
1 1451 
3 2030 2815 3020 
5 962 1611 2239 2760 3386 
5 69 151 1403 1592 2174 
1 1655 
4 165 1664 3175 3180 
8 760 824 831 1650 2704 2740 2795 2812 
2 58 2956 
0 
1 1377 
4 243 1962 2870 3480 
1 2198 
5 784 1894 2355 2849 3133 
1 1886 
7 249 282 617 1345 1525 2229 3006 
0 
1 1887 
3 539 752 1975 
3 1743 2898 3297 
5 1812 2344 2720 2859 3147 
1 2340 
2 161 3424 
1 2686 
2 2335 2893 
8 39 897 2104 2105 2273 2728 3280 3358 
3 1562 1739 2397 
2 453 1950 
2 706 736 
4 1023 1980 2454 2906 
3 263 2378 2788 
1 315 
1 2903 
3 848 1617 2198 
1 2460 
3 80 1838 1988 
1 1327 
1 1650 
2 224 2799 
1 1619 
3 1053 1465 1598 
3 1363 1974 3194 
1 548 
4 2052 2398 2547 2661 
5 39 615 1090 2559 2717 
1 796 
4 557 811 1136 2169 
2 903 2095 
4 699 2669 2710 3269 
0 
3 879 1662 2503 
2 864 2615 
1 3155 
2 2081 3170 
7 710 1811 2702 2846 3281 3419 3474 
4 60 364 2224 2310 
2 1030 2838 
5 165 759 2411 2618 2811 
0 
5 1585 2058 2101 2495 3455 
2 1156 1998 
1 237 
2 2277 3172 
3 1131 3335 3417 
7 247 309 705 1134 1738 1948 2554 
2 1279 2608 
1 1839 
1 1362 
4 64 765 1082 1587 
3 693 1987 2217 
1 1452 
2 201 2412 
2 1985 2178 
2 385 1606 
5 420 790 1734 1861 2664 
2 1509 2532 
2 3151 3350 
3 699 1021 2000 
3 913 1432 2269 
2 106 2376 
1 2366 
2 7 437 
1 2882 
1 1064 
2 443 3218 
1 1080 
1 3218 
1 715 
5 128 454 1601 2202 2455 
2 2118 3327 
3 99 996 3034 
2 3097 3107 
5 149 469 1192 1721 2049 
2 1144 2139 
0 
1 2669 
3 668 2733 3270 
6 30 529 1430 1944 2648 3451 
1 3370 
2 12 1593 
4 799 1280 1550 2808 
2 199 2708 
1 2082 
2 2409 2521 
5 786 1209 2327 2446 3410 
4 991 1223 1304 2289 
4 145 193 660 2783 
1 1120 
1 242 
0 
1 453 
0 
2 943 1245 
4 21 183 2505 3423 
5 318 812 951 1099 1774 
3 914 1298 3451 
1 1890 
1 673 
1 2480 
2 29 437 
3 288 745 3210 
4 112 214 905 1350 
2 2356 2641 
1 1564 
1 2392 
1 117 
8 422 439 647 1074 1715 3219 3450 3469 
3 1970 3123 3370 
1 1808 
3 1267 3085 3319 
2 136 972 
1 1256 
4 398 1793 2889 3115 
3 244 1624 2293 
1 3042 
2 1045 2749 
5 245 861 1027 1290 2623 
2 2580 2716 
1 431 
0 
0 
2 1753 2401 
1 3292 
3 1648 1971 3203 
4 337 368 806 2430 
0 
2 1538 2876 
2 944 1001 
1 1792 
1 1839 
2 294 2633 
3 1818 2661 3163 
5 520 989 1056 1377 2339 
4 129 931 3110 3111 
4 609 1957 3424 3485 
2 513 1645 
7 1111 1188 1959 2110 3054 3285 3478 
4 225 356 1247 3202 
3 480 603 1331 
2 604 1200 
3 816 2154 2964 
5 1072 1404 1940 2460 2532 
1 78 
0 
2 497 1234 
3 340 657 1146 
1 868 
2 702 1674 
5 265 1433 2330 3008 3168 
1 3121 
3 713 2559 2702 
1 3197 
3 941 1613 2330 
0 
1 2330 
0 
3 1520 1688 2002 
1 893 
1 2118 
4 272 416 645 2750 
1 3030 
0 
1 1863 
2 265 906 
0 
2 1987 2662 
2 896 1458 
2 152 1893 
3 305 1853 3482 
1 1938 
2 1537 2082 
0 
1 2395 
1 1834 
3 1449 1566 2353 
1 1916 
2 3 3269 
6 234 1105 1206 1391 1433 1860 
1 192 
2 236 484 
3 800 3171 3196 
2 513 2050 
1 2622 
1 1475 
1 2419 
5 846 1099 1905 2156 2795 
3 32 799 1756 
6 159 1017 1314 1457 1710 3474 
1 562 
4 810 919 985 1124 
2 688 918 
4 193 1308 3003 3109 
0 
1 3146 
1 1191 
2 1751 2155 
1 1126 
2 1659 1898 
3 1205 1316 2010 
2 71 3434 
1 857 
2 1991 3494 
4 641 1452 2206 3439 
3 1244 1844 2965 
3 378 996 3129 
0 
0 
0 
1 1746 
1 749 
1 155 
1 2387 
5 311 1445 2762 3279 3472 
3 315 2965 3173 
2 1086 1813 
5 437 555 1138 2394 3085 
4 1203 2271 3027 3192 
5 410 843 1060 2413 3027 
2 398 1532 
6 651 905 1199 1875 1938 3409 
9 183 928 1200 1708 2165 2500 2515 2747 3394 
2 3006 3440 
2 2293 3433 
1 1419 
3 1085 1144 1459 
3 182 1123 3335 
3 283 1798 2576 
4 1385 1633 1729 3043 
1 1543 
4 2366 2647 2767 3001 
5 156 694 833 1694 3310 
5 184 853 1527 1622 2335 
2 1471 2566 
1 174 
4 268 608 2725 3236 
4 1602 1774 2087 3098 
2 86 579 
3 902 2153 2268 
1 1541 
2 588 2887 
1 522 
2 1694 1920 
1 2482 
2 1231 1736 
2 881 2661 
2 152 235 
2 20 1054 
5 36 94 936 2051 2223 
4 865 1301 1756 2348 
3 969 1571 3247 
1 1495 
3 1061 2033 3408 
2 3087 3166 
3 922 2894 3286 
4 342 1252 1548 2462 
2 675 2204 
0 
4 489 1825 2950 3353 
1 614 
1 3345 
2 2129 2247 
3 1434 1761 2926 
6 276 917 1089 2648 3457 3495 
1 2267 
3 203 896 1399 
4 473 1349 1418 1965 
4 461 525 1063 2034 
4 222 522 639 2803 
1 1802 
6 254 716 758 1441 2286 3025 
4 371 970 1726 1891 
1 3422 
6 335 342 1447 2838 3146 3171 
6 713 985 1519 1537 1681 2807 
1 3042 
4 280 502 1178 2420 
7 797 842 1359 2033 2438 2547 2927 
3 2711 3074 3166 
3 253 2747 2936 
4 349 1678 2511 3107 
0 
4 1006 1172 1426 2880 
3 49 797 2512 
3 295 1757 2143 
3 661 2483 3379 
3 1063 1295 2640 
2 989 2880 
1 1444 
2 1183 1347 
4 383 932 2500 2749 
2 192 1426 
3 439 618 2742 
1 3198 
2 306 1040 
2 1514 3409 
2 2207 2345 
0 
6 394 849 980 1941 2353 2504 
3 600 1647 3110 
2 1683 1771 
3 156 1002 2915 
3 192 651 1214 
2 3074 3448 
3 544 1036 3045 
3 1907 3186 3413 
2 773 1057 
2 52 1034 
2 69 3475 
3 1502 1589 3031 
2 1267 3017 
2 337 2798 
2 463 1888 
4 858 1263 1283 1702 
0 
2 821 3227 
2 54 3329 
2 2087 2994 
0 
3 1416 2098 2757 
2 251 1213 
2 911 1213 
1 1295 
1 918 
1 2516 
5 103 1674 2219 2958 2960 
5 1116 1751 2053 3000 3402 
5 20 170 769 1121 1721 
2 1139 1792 
3 205 642 1533 
2 1480 2129 
4 1573 1641 2135 2226 
3 394 526 2142 
2 1041 2152 
4 1053 1564 1640 3208 
1 382 
3 998 1271 1814 
1 3420 
1 2228 
2 618 2229 
1 1033 
5 828 2056 2421 2579 3382 
2 1779 1799 
2 3128 3297 
1 2870 
2 2577 2633 
3 16 420 1703 
3 439 839 2234 
2 1469 3356 
1 3479 
0 
1 2382 
0 
1 2447 
4 1135 2255 2773 3143 
1 982 
5 943 1116 1554 2111 3437 
0 
1 45 
2 1861 2320 
1 437 
4 241 1052 1442 2319 
2 23 208 
4 199 1191 1436 2400 
1 2120 
1 2096 
0 
3 360 625 1153 
3 1510 1757 2655 
3 279 2164 2626 
1 1003 
4 601 1159 1558 3281 
1 444 
2 2059 2392 
3 1060 1972 3371 
4 169 671 1012 1146 
8 543 683 1341 1385 2513 2578 2922 3070 
3 456 816 2970 
0 
2 1189 2025 
7 357 610 877 1245 1353 2211 3290 
1 574 
1 651 
3 1894 2542 3330 
4 300 547 1145 3387 
2 2417 2830 
2 1609 3106 
3 1078 2730 2899 
4 472 2170 2928 3264 
0 
3 82 1177 3365 
1 2775 
2 1337 3030 
4 562 3147 3308 3432 
2 1164 2330 
2 119 2047 
2 863 1123 
4 474 666 786 3273 
5 1287 1852 2212 2548 3329 
2 569 3016 
3 102 209 2345 
1 105 
1 1448 
3 838 2235 2640 
3 1796 2893 3236 
1 350 
3 748 840 1336 
3 266 2320 2738 
4 506 653 1219 1890 
2 308 1854 
3 432 598 2363 
5 43 2215 2387 2440 2664 
1 941 
2 1805 2453 
2 1284 1885 
3 1241 1491 3286 
2 170 1673 
3 2524 2555 3124 
3 2308 2341 3357 
1 1718 
0 
0 
0 
1 953 
0 
1 880 
1 3003 
2 1818 1980 
0 
2 2073 2259 
3 638 1218 2747 
5 568 916 946 1766 1860 
3 897 2216 2280 
5 43 804 1668 1903 2765 
2 95 2963 
2 522 1155 
4 699 1637 3209 3291 
2 2400 3276 
4 91 1277 1790 2300 
0 
2 68 3489 
0 
3 2370 2937 3119 
1 1324 
1 973 
3 1570 1599 3366 
4 221 1114 1407 2742 
3 571 1040 1667 
1 239 
3 237 964 2063 
3 497 613 898 
2 584 1378 
2 1420 3153 
3 328 2213 2258 
1 2109 
3 316 1540 2133 
0 
4 659 939 2191 2950 
1 1633 
1 2498 
2 151 3151 
2 1366 1539 
7 23 520 1913 2629 2662 2683 2700 
3 2700 3241 3448 
3 15 2411 3311 
1 2899 
3 1872 2179 3385 
2 193 995 
1 1262 
3 143 1427 2527 
1 2817 
1 843 
3 230 1385 3283 
3 1984 2142 3338 
4 263 1507 2573 2676 
2 1890 2699 
1 1493 
4 1284 2474 2972 3001 
2 2378 3267 
1 2446 
1 3410 
2 2458 2659 
2 1390 2687 
3 1490 2089 2439 
2 24 1908 
1 997 
1 3178 
5 406 542 2669 2731 3469 
3 1424 2177 2316 
1 3234 
0 
2 685 2425 
7 711 1273 1336 2006 2119 2483 3359 
1 2877 
2 1561 3277 
2 1444 2097 
4 104 1465 1673 2387 
1 2389 
1 2788 
1 2071 
3 1080 1485 1622 
3 1400 2290 3114 
3 1104 2351 2726 
2 1609 1784 
4 495 1300 2449 2523 
3 89 1108 2430 
2 21 3431 
2 201 303 
2 175 1957 
5 748 770 906 2401 3219 
1 2020 
2 2049 2248 
3 35 797 2340 
1 1330 
1 2125 
2 2787 3145 
3 1594 3113 3188 
4 1161 1215 2978 3373 
5 492 1777 2070 2127 2480 
2 337 1270 
4 649 1236 2504 3198 
3 299 1530 2101 
2 1497 1847 
2 1672 2746 
3 1726 2402 2937 
1 1075 
4 80 89 2722 2928 
4 142 1840 2348 3230 
0 
2 2266 3165 
3 1081 2666 2987 
4 8 1762 2896 3028 
0 
1 1126 
2 1561 1947 
3 745 1288 1888 
3 281 704 981 
1 941 
2 1116 3399 
6 643 2245 2284 2743 2778 3286 
3 2537 3116 3480 
4 75 1474 2372 3093 
1 442 
3 15 423 1145 
3 420 2482 3249 
0 
2 2594 3096 
3 234 2796 3115 
6 537 1022 1804 1841 1987 2822 
1 2677 
3 478 557 3492 
4 642 1167 1781 2595 
3 1219 1515 1556 
2 1115 2292 
2 1278 2160 
3 1078 3196 3356 
5 460 565 1101 1135 1337 
1 3000 
3 2141 2971 2989 
0 
1 2545 
3 1438 2134 2597 
3 552 2145 2933 
2 1211 2318 
3 1349 2846 3156 
4 696 1439 1564 1873 
2 593 1101 
2 980 1124 
1 567 
2 546 784 
1 1917 
2 1745 2862 
3 548 890 2579 
1 1674 
2 214 926 
1 2433 
5 913 1063 1262 3000 3380 
2 290 1473 
2 519 972 
3 1508 2051 3106 
2 198 1914 
4 1157 2188 2928 3081 
3 2543 2730 3201 
1 121 
2 1544 2775 
1 3030 
4 248 997 1020 3242 
5 77 1363 2487 2885 3433 
0 
1 3062 
2 764 1072 
3 1861 1978 2094 
4 783 1392 2561 3028 
4 598 903 1529 2364 
0 
0 
3 178 2861 3333 
1 2692 
3 969 1688 1955 
4 843 917 2212 3443 
0 
2 384 3095 
3 1414 2571 3156 
2 787 2022 
3 951 1248 2606 
2 283 958 
1 406 
1 1 1 3 1 3 3 2 1 3 1 2 3 2 1 3 3 3 2 3 1 2 1 1 1 2 3 1 1 3 3 1 2 2 2 2 1 1 1 1 1 3 2 2 1 2 1 1 2 4 2 2 2 1 2 2 1 1 1 2 2 2 1 1 1 3 2 1 2 3 1 1 1 2 2 1 1 1 1 1 1 1 2 2 2 1 2 1 1 1 2 3 2 1 3 3 1 1 2 2 3 1 1 1 1 2 1 1 2 1 1 1 1 3 1 2 1 2 2 1 2 1 1 1 1 2 2 1 2 1 2 2 1 2 3 1 3 2 2 2 1 1 1 1 1 1 1 2 1 3 1 2 1 1 2 2 3 2 2 1 1 3 2 1 1 1 1 2 1 2 1 1 3 1 2 2 1 1 2 1 1 1 1 3 2 1 3 3 3 1 1 2 3 2 1 3 4 2 1 1 1 2 2 2 1 2 1 1 1 3 1 1 1 2 4 1 1 1 2 1 1 4 1 1 2 3 1 2 3 1 2 1 1 1 2 1 1 1 1 2 1 2 3 1 2 1 1 1 3 1 1 1 1 1 3 1 1 2 2 2 1 1 3 2 1 2 3 1 1 1 2 1 1 1 1 1 1 3 1 1 1 1 1 3 1 1 1 1 2 4 1 2 1 1 3 3 1 2 2 1 1 1 1 3 2 4 1 1 3 2 2 3 1 1 1 3 2 2 1 1 1 1 3 1 1 1 1 1 3 2 1 2 2 2 1 1 2 2 1 2 2 1 4 1 2 2 1 3 2 2 2 4 1 1 3 3 3 1 1 2 2 1 1 1 2 2 1 1 1 1 1 2 2 2 1 1 1 3 1 2 1 1 3 2 1 3 1 1 3 1 2 1 2 2 4 1 1 2 2 2 1 1 2 1 2 1 1 1 2 1 2 1 1 1 1 1 1 1 3 3 1 1 2 3 2 1 1 3 2 1 1 1 2 2 2 1 2 2 1 2 1 1 2 2 2 2 2 3 1 1 1 1 1 2 2 2 1 2 1 2 1 1 2 2 2 1 2 2 2 2 3 1 1 1 3 1 1 3 3 2 3 1 2 1 3 1 3 1 1 2 1 2 3 3 1 2 2 2 1 1 1 2 2 1 1 3 2 2 1 3 2 1 1 3 1 2 1 2 1 3 1 3 2 1 1 4 1 2 1 1 1 1 1 1 1 2 1 1 1 2 1 1 1 1 3 1 1 1 1 1 1 2 2 2 1 1 1 2 1 3 3 1 2 2 1 1 1 2 1 3 2 1 2 2 3 1 1 2 1 2 2 1 2 2 1 1 1 2 2 1 1 2 1 2 1 3 1 1 2 1 1 1 1 2 1 1 2 3 1 3 1 3 2 2 2 3 1 3 1 2 1 1 1 1 1 2 2 3 1 4 1 1 2 1 3 1 1 1 1 2 2 1 3 1 1 2 2 1 2 4 1 2 1 3 1 2 2 2 2 1 1 3 1 1 1 1 2 1 2 2 1 2 2 1 1 3 2 3 3 2 1 1 1 1 1 1 2 1 2 2 1 2 1 3 1 1 2 2 2 1 2 1 2 1 4 1 1 2 1 1 1 1 1 4 2 1 3 3 1 3 2 1 1 2 1 3 2 1 1 1 1 1 2 1 1 3 1 1 1 1 1 2 1 2 1 4 1 1 2 2 1 1 2 3 1 1 1 1 3 2 1 2 3 4 2 1 1 2 2 1 2 1 1 3 1 3 2 1 2 2 2 1 1 3 1 1 3 1 2 2 3 4 2 2 1 1 2 3 1 3 1 1 3 1 1 3 1 2 2 2 2 2 1 1 1 2 1 2 2 1 3 3 1 1 1 1 2 1 2 1 1 3 1 2 2 1 1 2 1 3 1 3 3 4 2 1 1 2 4 2 1 1 1 2 1 3 1 3 2 2 1 1 3 2 2 1 1 1 1 1 1 1 1 1 1 1 1 1 3 1 1 2 1 2 1 1 1 2 1 1 2 1 2 2 2 1 2 1 2 2 2 1 1 2 2 3 2 1 1 2 1 1 1 2 1 1 1 2 2 1 1 2 1 1 2 1 1 1 3 2 2 1 1 2 1 1 1 2 2 1 3 2 1 2 3 2 3 3 2 2 2 3 1 1 2 1 2 2 2 1 3 1 1 1 1 2 1 2 2 2 1 1 2 2 2 1 1 1 1 4 2 1 2 3 1 1 2 2 1 1 1 1 3 1 1 2 3 2 2 1 1 2 1 1 1 2 2 1 3 1 2 1 2 2 2 1 1 1 1 1 2 3 1 1 1 1 3 1 1 1 2 2 1 1 2 1 1 1 1 1 1 3 1 3 2 2 3 3 1 1 1 1 3 1 3 2 3 1 2 3 4 1 1 1 1 1 2 1 2 1 3 2 2 2 1 2 1 2 2 1 1 1 1 1 2 3 2 3 1 2 1 1 1 1 1 2 1 2 3 1 3 3 2 1 2 2 1 1 1 1 1 3 1 1 2 2 2 1 1 1 3 1 1 1 2 3 2 3 1 1 1 2 1 1 1 1 2 4 2 2 1 1 1 1 2 1 2 3 1 1 1 1 1 2 3 3 1 2 1 3 1 2 2 3 1 2 2 4 1 1 1 2 2 2 1 1 2 2 2 2 2 2 1 2 1 1 2 1 2 1 1 3 1 1 1 2 1 1 1 2 3 1 4 3 1 3 2 1 1 3 2 1 1 1 3 1 1 1 1 2 1 1 2 1 4 1 2 1 3 1 2 3 3 1 2 3 1 3 2 2 2 2 1 1 1 2 2 3 2 1 2 1 2 1 1 3 2 2 1 1 1 1 1 4 2 1 1 3 2 2 3 2 1 1 1 1 1 1 2 1 3 1 1 1 2 2 2 3 2 1 2 2 2 1 1 3 1 1 1 1 1 2 1 4 1 1 1 2 1 2 1 1 1 1 1 1 2 3 2 1 1 1 1 1 1 1 2 2 2 1 2 2 2 1 2 2 1 1 3 1 2 1 1 1 1 1 2 1 1 2 1 2 1 1 2 2 2 1 1 3 4 1 2 3 2 1 2 2 1 2 2 1 3 1 1 2 2 2 1 1 2 1 1 2 1 1 1 1 1 2 2 3 3 1 1 3 2 3 1 3 2 1 1 2 2 1 3 2 2 3 1 1 2 1 2 2 3 1 4 2 4 2 1 2 2 4 2 4 3 1 3 2 2 2 1 1 3 2 3 3 2 1 2 2 2 1 1 3 2 1 1 1 1 1 3 1 2 1 2 2 2 1 2 1 1 1 1 1 3 1 1 1 1 1 1 3 1 2 1 1 3 3 1 1 2 1 1 2 1 1 1 2 1 1 1 2 1 3 2 1 2 1 1 1 1 2 2 2 2 1 3 2 1 2 3 2 1 1 2 1 1 2 2 1 2 1 1 2 1 2 3 1 3 2 2 1 3 1 1 2 1 2 1 2 3 1 3 1 3 1 3 2 2 3 1 2 2 2 1 1 2 2 3 1 4 1 2 2 1 2 1 2 1 2 1 2 1 2 1 1 3 3 1 3 2 1 1 1 1 1 1 1 3 2 1 1 3 1 1 1 1 2 2 1 2 1 1 1 3 2 2 1 1 1 1 1 4 2 2 2 2 1 2 1 1 1 2 2 1 2 3 1 1 3 2 3 1 1 1 1 2 2 1 1 1 2 3 2 3 3 3 1 2 1 1 1 1 2 1 1 3 1 1 1 1 1 3 3 1 2 2 2 1 1 2 3 1 1 2 2 1 1 1 3 1 1 1 1 1 3 2 2 1 1 1 2 1 1 1 2 1 1 2 1 2 2 2 1 3 1 1 1 1 2 2 2 1 2 1 2 1 2 1 2 2 3 1 1 1 3 2 1 1 1 1 1 1 1 2 3 1 1 2 1 2 2 2 2 1 1 3 2 1 2 2 1 3 1 1 1 1 3 1 1 1 1 2 2 3 1 1 2 2 1 3 2 1 2 1 3 2 4 1 1 1 1 1 2 1 2 3 1 2 3 1 2 2 1 1 2 1 4 3 1 2 3 2 1 2 1 1 2 1 1 2 1 3 1 2 1 2 3 2 2 1 1 1 2 1 3 1 3 1 1 2 1 2 2 1 2 4 1 1 2 1 1 2 2 2 1 2 2 4 1 3 1 1 2 1 1 2 2 1 1 1 2 2 4 1 1 1 1 1 2 2 2 1 2 3 1 1 1 1 2 2 3 2 2 2 4 3 4 1 3 1 2 2 1 1 2 3 1 1 1 1 2 1 1 1 1 1 1 2 1 3 1 3 3 1 1 2 1 1 1 2 1 2 2 1 1 1 2 2 2 1 1 3 1 2 1 2 2 2 3 3 1 2 2 1 1 2 3 1 1 1 1 3 4 1 3 2 1 1 2 1 1 1 3 1 1 1 2 2 2 3 3 1 2 3 1 2 1 3 3 1 2 3 1 4 1 1 2 3 2 2 1 1 2 1 1 1 1 2 3 1 2 1 2 2 1 2 1 1 1 1 3 1 1 1 1 4 2 4 1 1 1 1 1 1 2 2 3 2 1 1 1 1 4 1 1 3 2 1 1 1 1 1 2 1 2 2 3 2 1 1 2 3 1 3 1 2 2 1 1 1 2 1 2 1 3 1 2 2 2 3 2 2 2 3 1 1 2 3 2 1 1 1 2 1 1 2 1 1 3 3 3 1 1 4 1 3 1 1 1 1 1 1 1 1 3 2 1 1 2 1 2 1 1 2 1 1 2 1 1 2 3 4 1 3 2 1 1 1 1 1 2 2 2 1 2 1 1 1 3 1 3 1 2 1 2 3 2 1 2 3 2 2 2 2 2 1 1 1 3 1 2 1 1 2 3 2 1 3 2 1 1 1 2 2 1 1 1 3 1 2 1 1 1 2 2 2 2 2 1 2 1 1 1 2 4 2 1 2 1 1 2 4 1 1 3 2 4 1 1 1 1 3 3 1 2 2 4 1 3 1 1 2 2 1 1 2 1 1 2 2 1 1 2 1 1 2 2 1 1 1 3 3 2 1 2 1 1 1 2 1 3 1 3 1 2 2 2 1 1 1 1 1 3 1 3 1 1 2 2 1 3 1 2 1 1 1 2 1 2 1 1 1 1 1 3 2 1 2 2 2 1 1 1 2 2 3 3 1 1 1 3 1 1 3 1 1 2 2 1 2 2 2 1 1 2 2 1 4 2 2 2 1 3 2 1 4 1 2 1 2 3 1 1 2 2 2 2 2 2 1 3 1 1 1 2 1 2 1 2 3 1 2 2 1 1 1 2 1 2 2 2 3 1 1 4 2 1 1 2 1 1 2 2 2 1 1 3 2 1 3 1 1 1 4 2 1 1 2 1 1 2 2 1 3 2 1 3 3 1 1 1 2 3 1 2 1 1 1 2 1 2 1 1 1 1 1 2 2 2 1 1 1 1 2 1 2 3 1 4 3 1 1 2 1 1 1 2 1 1 1 1 3 1 1 3 2 1 1 4 3 2 1 4 1 2 2 1 3 2 2 1 1 1 3 4 2 1 1 2 2 1 1 1 1 2 2 1 3 2 2 3 1 1 1 2 2 1 3 2 2 1 1 1 2 3 2 3 2 1 2 2 2 1 1 3 2 2 1 1 1 2 3 2 3 1 1 2 1 1 3 2 1 2 1 2 3 1 3 1 2 1 1 2 2 2 1 1 1 3 2 3 1 4 4 2 1 1 2 1 1 1 1 2 3 2 2 3 1 1 4 1 1 1 2 2 1 3 1 2 1 1 4 1 1 2 4 1 1 1 1 2 1 1 2 2 3 2 1 2 1 1 1 1 1 2 2 1 1 3 1 1 2 2 1 4 3 1 2 3 2 3 1 1 1 1 3 1 2 1 1 1 1 1 3 1 4 1 2 3 2 2 1 1 1 2 1 2 2 1 2 1 1 1 1 1 1 1 2 1 3 1 1 1 1 1 1 3 3 3 5 1 1 3 2 1 1 1 2 1 2 2 1 2 1 2 1 1 2 1 1 1 2 1 1 3 1 2 2 1 1 1 1 3 1 1 1 1 4 2 1 1 1 1 1 1 4 1 1 3 2 2 1 2 1 1 1 1 2 2 2 1 2 2 2 2 1 1 2 2 1 3 2 2 3 1 1 1 2 1 1 2 3 2 2 3 1 1 2 1 1 1 1 1 1 1 3 1 1 1 1 3 2 1 1 2 3 1 1 1 2 2 2 2 1 1 3 1 1 1 1 3 1 3 2 2 1 1 2 2 1 3 2 2 2 2 2 2 2 1 1 1 3 1 1 3 1 3 3 5 2 3 1 2 3 3 1 1 1 2 1 2 3 1 1 1 1 2 2 1 1 2 2 1 3 1 1 1 2 3 2 1 2 3 1 1 2 1 1 1 2 1 1 2 1 1 2 2 2 3 1 3 1 1 2 1 2 2 3 2 3 2 1 2 4 2 3 2 2 1 1 3 1 2 1 2 1 1 1 2 3 1 1 1 1 3 2 1 2 4 1 1 1 1 1 2 1 1 1 1 2 1 2 1 4 1 1 1 3 1 2 1 1 1 3 3 1 4 1 2 2 2 1 1 3 2 1 1 2 2 2 3 1 2 4 2 1 2 1 3 1 1 1 2 1 2 1 2 1 1 1 1 4 1 1 2 1 2 2 1 2 2 1 1 1 2 3 1 1 1 1 1 1 1 2 2 1 2 1 1 1 2 1 1 1 1 4 3 1 1 1 1 1 3 2 1 3 2 2 1 1 1 1 1 3 1 2 1 1 1 1 1 4 2 1 1 1 1 1 2 2 1 2 1 1 1 2 1 1 1 1 1 3 1 1 1 3 1 1 3 2 1 2 1 1 2 1 2 2 1 2 1 1 1 3 1 1 1 1 2 3 1 1 1 2 4 1 2 1 3 1 4 1 2 1 1 1 2 1 3 1 1 3 2 2 1 1 1 1 1 1 2 2 2 3 3 4 1 1 1 1 2 1 1 1 2 2 2 1 2 4 1 2 1 2 1 1 3 1 1 1 3 1 2 1 2 2 2 4 1 1 2 1 2 1 2 1 3 1 1 1 2 3 1 1 3 2 3 1 2 3 1 2 2 2 3 2 4 3 1 1 1 2 2 1 2 2 1 3 4 1 3 1 2 1 2 1 1 3 1 2 1 2 2 2 2 1 1 2 2 1 1 3 1 1 1 3 1 2 2 2 1 1 1 3 3 3 1 1 1 1 2 2 3 1 1 1 2 2 2 1 1 3 1 2 2 1 3 2 1 1 1 2 2 1 3 1 1 1 1 1 2 2 2 2 1 1 2 2 2 2 1 3 3 1 2 2 1 2 3 1 1 2 2 2 1 4 4 1 1 1 2 3 2 3 3 1 2 2 2 1 1 2 1 1 3 1 1 1 1 3 1 1 1 1 2 2 1 2 1 1 1 2 1 2 2 1 1 1 3 4 2 4 2 1 3 3 2 1 1 1 3 2 1 2 1 2 1 2 1 2 2 2 1 3 1 3 1 1 1 1 2 2 2 1 2 1 2 3 1 1 3 3 3 2 2 1 1 1 1 2 3 2 2 1 2 2 1 2 1 2 3 1 1 3 2 1 1 1 3 3 1 3 4 3 1 1 1 1 1 3 1 1 1 1 2 3 4 1 3 2 1 2 2 1 4 2 1 2 2 2 1 1 1 1 2 1 3 2 3 2 1 2 2 1 2 1 3 1 1 2 1 1 3 1 2 1 3 1 1 2 1 2 1 1 1 1 1 2 1 1 3 1 2 1 3 2 1 1 2 1 2 2 1 2 1 2 1 1 1 1 2 1 1 1 3 1 3 3 1 2 1 2 1 1 2 
