p 4200
4 3170 3241 3796 3826 
3 1090 3210 3870 
6 720 1217 1758 1810 2711 2859 
4 346 1419 3229 3584 
5 185 346 1115 2082 3599 
1 3761 
2 2144 2516 
6 1174 1576 1972 2235 2348 3727 
1 1714 
4 1532 1728 1840 3403 
1 3052 
4 361 2232 4060 4101 
3 286 1380 3623 
6 100 204 2884 3042 3054 3604 
3 543 2178 4142 
2 752 3161 
2 950 1339 
3 1571 2204 4131 
1 1084 
1 4134 
3 1920 3786 3984 
4 626 2337 2640 3426 
0 
2 1301 3559 
1 4163 
4 982 1821 1937 3268 
5 869 1667 3757 3858 4099 
4 1830 2135 2383 3611 
0 
3 1061 3091 4116 
4 779 2363 2928 3690 
1 1146 
4 64 2903 3872 4040 
2 177 2282 
6 184 1230 1589 2022 3480 3527 
3 1593 2133 3244 
3 1000 2661 3081 
3 2263 3800 3826 
5 1839 1904 2370 2817 2889 
1 110 
1 4182 
2 1371 2695 
1 1138 
6 1325 1727 3430 3515 3607 3906 
1 1734 
3 1313 1391 1731 
3 1612 2800 3317 
3 2113 3070 3092 
2 877 1013 
4 300 620 2777 3321 
2 1533 2983 
2 1537 1589 
3 1647 1695 4090 
2 813 3291 
3 305 1476 2384 
4 1506 2877 3276 3482 
4 713 1183 1725 3361 
3 970 1417 2112 
4 2040 2613 3252 3308 
1 4034 
5 765 1201 1849 2179 2694 
2 2575 2619 
1 1833 
2 2093 4111 
4 32 228 1254 2672 
5 588 725 729 1812 2613 
2 1494 2761 
1 3245 
4 529 1471 1955 3855 
1 3583 
2 1157 3604 
2 2186 2392 
4 1167 2290 3050 3291 
2 2526 3615 
2 2006 3308 
2 3001 3881 
4 234 267 997 1770 
3 172 2780 3518 
3 439 2305 3574 
2 2057 2501 
4 1681 2768 2935 3939 
4 740 2386 3167 4002 
1 1053 
4 2228 2483 2989 3192 
2 1050 1836 
0 
3 551 1338 3406 
4 503 1691 1696 3757 
2 1776 2181 
1 2987 
2 627 3908 
0 
3 2135 2616 2821 
1 2967 
1 650 
1 1260 
2 522 2651 
0 
0 
2 1348 1365 
4 13 1051 1418 2909 
1 256 
4 2153 2770 3253 3663 
3 911 2257 3661 
3 1551 1844 3410 
2 2537 2808 
3 3065 3805 4038 
5 1063 1139 2421 3177 3233 
4 122 208 1675 2938 
5 1103 1785 2392 3378 3632 
3 39 416 3118 
1 1096 
3 1132 1683 2960 
1 1265 
2 2830 3087 
1 292 
2 3502 3740 
0 
0 
1 2798 
1 3058 
1 1470 
5 108 2282 2411 3100 3833 
2 1433 3593 
6 1176 1318 1987 2515 3879 4196 
0 
3 2798 3286 3438 
2 2059 3504 
3 1856 2619 3960 
2 3131 3675 
4 926 1223 3764 3892 
1 566 
0 
2 411 1543 
3 1204 2177 4060 
1 2890 
4 474 1049 1621 3886 
2 1889 2884 
2 991 1316 
2 1603 3623 
0 
1 2838 
2 1743 2530 
1 3045 
3 398 2182 2635 
3 387 1883 1967 
2 1575 1959 
2 3673 3699 
3 3381 3487 4150 
2 1420 3358 
1 4191 
2 314 3463 
3 400 2057 2757 
4 550 2253 3090 3402 
4 2055 2449 3070 3642 
3 232 817 2309 
1 2260 
2 659 2394 
3 1246 1918 3229 
5 227 3125 3213 3590 3702 
2 1414 2648 
3 1894 2169 3085 
4 1694 2646 3084 3720 
0 
4 1652 3439 3609 3660 
2 464 1254 
2 2624 3518 
1 2799 
4 949 2106 2131 2664 
3 399 1797 2810 
1 1021 
3 437 1061 1129 
7 77 532 1468 1676 1921 2331 3717 
3 2702 2714 2771 
1 637 
2 929 3598 
2 832 3692 
4 33 1322 3617 4183 
5 1078 2086 2590 3393 3565 
2 2892 3665 
2 507 3261 
1 1551 
4 1042 2181 2315 3495 
2 775 3560 
3 34 605 1897 
1 4 
2 301 3377 
2 2504 2810 
0 
3 757 2217 2582 
4 231 3329 3344 3413 
1 2859 
2 677 1492 
1 1484 
2 820 3605 
3 1437 2317 3987 
3 285 2502 3879 
3 1383 3420 3884 
4 1788 1944 3360 3436 
1 2435 
1 739 
3 499 3338 3384 
5 527 534 709 3483 4150 
5 738 1491 1756 2822 3008 
4 13 2400 2547 2668 
1 501 
4 1700 3202 3411 3940 
0 
4 108 794 1575 2138 
6 354 394 1498 1505 1935 4154 
3 1972 2326 2611 
1 2878 
0 
2 860 2754 
3 1179 1807 3890 
5 300 994 1408 1410 3079 
2 522 543 
6 1468 2066 2780 3068 3188 4061 
0 
4 920 1923 3061 3508 
2 1413 2238 
2 2632 3036 
1 4013 
2 1316 1948 
1 2222 
1 2125 
3 754 1054 1851 
2 159 3470 
3 64 2297 3908 
2 2143 3339 
0 
4 190 1157 1846 2601 
5 155 546 2311 2392 2756 
3 1964 3776 3890 
2 76 676 
4 765 2035 2868 3557 
0 
2 1648 3821 
3 1147 2106 3340 
1 460 
1 1085 
3 1516 2752 3287 
4 1782 2587 2722 3959 
3 1024 1396 2590 
5 658 1660 2044 2808 3459 
2 2970 3267 
2 2236 2820 
2 686 1407 
2 3003 3062 
1 2614 
2 1978 3523 
2 574 1851 
2 734 1404 
1 3176 
0 
1 4170 
2 101 3901 
6 1156 1595 1614 2180 2753 3587 
5 2250 2835 3126 3390 3794 
3 610 666 2085 
2 667 3452 
3 1763 2409 2734 
2 320 3459 
3 1184 1731 3734 
1 1440 
3 3043 3153 3979 
3 453 1286 2115 
2 76 3156 
5 1765 3223 3299 3515 3547 
1 4050 
2 2560 2638 
6 406 854 1286 2676 2876 3829 
2 372 2924 
3 1063 1070 2922 
4 1300 2090 2310 4165 
8 465 694 1173 1474 1958 2415 2793 3409 
0 
0 
4 591 826 1724 2685 
2 2402 2845 
0 
3 831 1239 3056 
3 1396 3597 3856 
1 3061 
1 2570 
4 196 920 1244 3203 
3 12 2169 2458 
1 1589 
1 2589 
0 
3 2408 2526 2829 
2 2613 3639 
3 115 773 3048 
0 
1 3123 
5 1491 2667 2842 3450 3752 
3 1441 2252 3618 
3 392 846 2443 
1 341 
0 
7 49 215 417 2296 2644 3626 3861 
5 186 1112 2935 3233 4121 
1 3901 
2 1138 2237 
2 442 1086 
5 54 575 1774 3816 3899 
2 357 2394 
2 1803 3004 
1 1523 
1 1992 
1 2749 
2 1801 2845 
0 
1 4129 
3 151 1441 3615 
3 1352 2686 3882 
0 
1 3511 
3 565 2025 2174 
0 
5 262 1901 2267 2694 3970 
1 1704 
1 1532 
4 1046 1402 2528 3187 
3 1687 1919 2995 
1 3659 
5 1349 1741 1869 1963 2792 
1 1463 
1 927 
2 665 2754 
1 2776 
1 3862 
4 484 745 3342 3383 
3 809 3471 3749 
3 726 1022 1320 
3 2252 2856 2869 
1 2304 
0 
1 2673 
0 
3 3409 3413 3642 
2 298 3612 
2 2520 3418 
2 2526 4089 
5 1198 1590 1730 2689 3879 
0 
7 3 4 828 1376 1384 1636 1869 
2 3737 4035 
4 579 1967 2576 4146 
0 
3 2414 2668 3028 
3 1310 1903 2642 
1 895 
0 
1 209 
1 3431 
0 
1 306 
2 1110 2069 
0 
2 1992 2549 
5 11 1591 2330 2350 3365 
1 2094 
2 1069 2259 
0 
1 957 
1 1258 
1 3096 
6 1127 1235 1644 1965 2237 2476 
3 2330 2673 4178 
0 
2 1628 4149 
1 272 
2 2466 3405 
3 777 2921 3441 
2 748 3287 
0 
1 4035 
3 860 2931 3475 
2 539 1433 
0 
3 1839 2911 3781 
0 
1 4104 
1 3526 
4 709 752 857 1071 
3 2240 2869 3858 
2 145 1428 
1 2032 
1 1660 
1 2447 
2 2032 4197 
6 297 2164 2866 3630 4048 4167 
2 664 3190 
2 209 3547 
2 718 1922 
0 
3 1499 1531 1936 
1 144 
8 169 511 1070 1675 1911 2942 3558 4051 
5 152 1925 3085 4078 4097 
3 434 1612 2761 
1 2278 
4 734 1005 1522 2259 
3 426 1170 3393 
3 1833 1894 1979 
4 271 646 1270 3480 
2 2093 3685 
5 1336 1967 2159 3293 3572 
0 
2 2457 3805 
4 133 1814 2118 3214 
1 3759 
1 2646 
2 1158 2489 
4 1251 1973 3272 4127 
3 110 478 3422 
2 300 1802 
6 884 1680 2508 2864 3917 4082 
3 1613 1876 2190 
3 1278 2379 2865 
4 1386 1606 2379 3303 
2 1070 1958 
1 3085 
3 1586 1788 3414 
0 
6 404 868 1232 2382 2614 3482 
1 3605 
2 1298 2945 
6 931 1279 1612 2137 3616 3626 
2 2563 2732 
0 
1 705 
2 1933 4160 
2 401 2142 
2 1148 2669 
2 851 3119 
3 171 2111 3937 
2 778 2871 
3 78 2087 2592 
3 594 3118 3890 
1 4060 
2 304 1634 
0 
5 984 2944 3237 3452 4176 
2 556 3144 
1 2024 
3 680 730 1099 
1 3846 
1 3287 
0 
2 796 894 
2 1981 2002 
3 266 1864 3319 
1 2428 
1 842 
0 
3 2411 2616 3266 
1 2086 
4 723 1060 1379 3407 
4 239 2574 2934 3703 
1 3966 
1 1302 
4 2356 2748 3374 3913 
5 165 3629 3865 3892 3935 
3 275 1331 3682 
1 1267 
3 1998 3339 3891 
2 819 3627 
2 2469 2674 
1 4132 
5 796 1007 1341 1806 3252 
5 1063 1572 2122 2229 3648 
0 
2 136 2353 
1 699 
4 1241 2113 3321 4013 
3 2298 2728 3642 
3 416 1729 3795 
2 833 900 
3 525 1355 2627 
0 
0 
0 
3 332 987 1465 
4 759 779 2234 3134 
5 602 1102 1570 3803 3985 
3 2932 2989 3675 
3 1069 2472 2640 
2 544 943 
3 2340 2970 3148 
5 649 1393 2207 2473 2772 
4 1544 1676 3413 3923 
2 855 1814 
1 1447 
1 4171 
3 1956 2177 3736 
2 580 1222 
1 2315 
6 201 850 906 1343 1816 2124 
2 1396 2014 
2 205 1153 
7 1278 1420 1873 2640 3397 3543 3777 
2 87 2883 
2 1538 2879 
1 1086 
0 
1 180 
1 3007 
1 3446 
2 1461 2276 
4 399 1299 1673 4095 
2 1209 3578 
3 1617 1808 3470 
3 884 2819 3253 
3 985 3061 3368 
0 
1 1968 
4 1033 1530 1713 2344 
1 766 
4 1284 1355 3810 3956 
3 1294 1303 2308 
6 96 216 1016 1548 1878 3935 
1 3169 
1 3812 
4 480 1308 3164 3267 
0 
3 202 872 2136 
3 2552 3384 3855 
3 68 2982 3457 
0 
3 1570 3316 3466 
1 172 
1 730 
2 202 2255 
1 883 
1 588 
4 1129 1240 3021 3306 
4 1567 1571 2523 4060 
3 379 2149 3134 
3 640 1786 2772 
2 2159 3437 
2 730 1062 
4 14 216 1421 3036 
4 489 2626 2695 3375 
2 1833 2540 
4 232 3251 3385 3412 
2 1222 2905 
3 1487 1703 2678 
0 
4 153 771 2637 2757 
5 86 1026 2531 2841 3938 
2 908 2063 
3 2389 2407 3083 
0 
2 3081 4068 
1 445 
1 1100 
1 3255 
2 1269 1512 
2 883 930 
1 3878 
3 2230 2475 2756 
3 1089 1092 1217 
3 1145 3470 4055 
5 318 642 834 3094 3573 
4 131 1405 2288 3478 
1 2461 
3 1695 1860 2991 
2 3063 3318 
2 997 2468 
0 
1 3431 
0 
4 251 959 1190 1501 
4 305 623 1184 2430 
1 1592 
1 914 
1 4062 
3 348 2124 3556 
2 497 2687 
3 2233 2362 3060 
1 3744 
6 1824 1866 1962 2481 3235 3779 
1 929 
5 2078 2294 2497 3237 3835 
4 739 1290 1561 3003 
0 
5 65 536 815 1042 3412 
5 2640 2847 2951 3113 3757 
2 2560 3791 
1 278 
2 824 3939 
1 3759 
4 440 841 971 3919 
3 888 2258 3452 
1 2162 
2 1537 3789 
1 3968 
2 1920 3282 
0 
2 2809 3814 
5 486 1615 1627 3281 3571 
3 1063 3195 3995 
4 647 1605 1922 3478 
5 184 710 1119 1191 2764 
6 1185 1606 2671 3062 3328 3670 
0 
1 3553 
3 2271 2390 2858 
3 259 1403 3046 
1 2698 
2 930 3546 
2 620 4084 
4 1297 2730 3181 3863 
3 1489 1681 3884 
2 3282 4167 
0 
3 1840 1852 3878 
2 3045 3803 
2 49 613 
1 4135 
2 816 2217 
2 575 3163 
1 4160 
1 2835 
6 21 1242 1403 2540 3299 3957 
4 90 664 1878 3148 
3 935 3253 3306 
2 2423 3449 
2 1194 1442 
1 1791 
6 2137 3424 3470 3545 3949 4085 
2 3060 3103 
3 3189 3647 3929 
0 
4 1803 1815 2416 3893 
4 174 2009 2419 3263 
2 955 1752 
0 
3 540 1235 3564 
2 2503 3778 
2 565 2655 
1 3524 
2 645 675 
3 644 2982 3595 
4 406 657 2486 3957 
2 604 4144 
5 1776 1886 2363 2587 2827 
4 491 1228 1296 3853 
2 94 3846 
0 
7 933 1176 1420 1789 2026 2070 3080 
3 2668 2705 3947 
3 2297 2891 3935 
0 
2 2306 3595 
4 646 1578 1788 2374 
4 244 2187 2425 2689 
2 157 3056 
1 2913 
0 
2 1258 2970 
1 1846 
4 393 627 2634 3401 
5 329 943 2017 2348 3362 
3 259 1130 1539 
3 260 1878 2891 
2 1935 2580 
0 
3 1817 3433 3912 
2 2894 3182 
2 950 1951 
2 1216 3637 
3 1050 1735 2186 
1 644 
3 234 2322 3776 
4 192 1461 3219 3362 
3 1327 2096 3084 
2 1511 2815 
4 447 2740 3781 3840 
4 1942 2135 2943 3019 
3 1074 1848 3308 
2 2357 3786 
5 692 1777 1861 1864 3772 
5 981 2070 3637 3986 4178 
2 247 2537 
4 1446 1853 3123 3411 
0 
2 1027 2743 
1 1842 
2 1528 3138 
5 684 1815 1972 2159 2194 
3 1639 2381 3314 
2 275 4099 
0 
5 855 2358 3178 4024 4094 
4 1287 2397 3248 3526 
1 2161 
3 475 2696 3391 
2 3053 3186 
2 1359 1667 
2 1363 1958 
2 2564 3388 
3 2149 3033 3258 
3 432 2754 3156 
3 1587 1727 3754 
1 2725 
2 2500 2887 
3 202 385 3005 
1 605 
1 3840 
4 873 1571 2612 3993 
5 56 1191 1921 3695 4031 
4 1486 1748 3425 3962 
2 2710 4027 
3 2557 3074 3385 
0 
5 395 1145 2068 3311 3928 
2 2996 3508 
4 2 3118 3782 4149 
3 1379 1828 1960 
4 1178 1966 3155 3813 
3 459 1019 4001 
1 2781 
4 65 1076 3962 4032 
1 334 
3 2163 3663 3777 
1 2248 
2 65 2491 
7 447 533 542 1327 2189 3064 3856 
3 1275 1538 3299 
4 1587 1964 2815 2922 
1 2701 
6 252 403 1268 1644 2320 2420 
0 
1 1000 
1 2935 
2 203 1037 
3 200 586 3534 
3 81 1024 1572 
0 
1 2458 
0 
3 949 2701 3404 
5 332 1090 1473 2870 3135 
2 1028 3230 
5 1753 2573 2758 3419 3520 
4 375 829 3476 3493 
2 842 3338 
2 2046 3374 
1 1291 
4 15 385 805 2973 
2 1864 2010 
3 226 2184 3379 
2 1742 3916 
4 800 805 1735 3505 
1 189 
4 2346 2772 3403 4131 
1 485 
2 2285 2481 
0 
3 1424 2176 3038 
4 820 1961 2217 3652 
1 2185 
3 60 235 3769 
5 519 1557 2057 2677 3438 
1 1112 
1 1557 
3 1780 1953 2239 
1 3398 
3 550 1891 3810 
2 3637 4023 
3 292 898 1601 
4 856 2730 3290 4080 
5 183 908 2146 3279 3947 
1 3870 
2 374 3457 
2 438 2528 
3 30 485 2849 
1 1825 
3 1700 2597 2776 
0 
0 
0 
1 2162 
4 981 1422 1587 3013 
0 
1 1310 
2 926 1634 
2 1881 2523 
2 1153 2977 
1 3402 
2 1919 3737 
5 208 889 923 1027 4015 
1 905 
8 451 471 933 1172 1543 3113 3734 4017 
1 2751 
1 3351 
2 1768 3345 
4 756 1469 1604 3995 
0 
1 1592 
1 2299 
1 1340 
4 752 756 1225 3905 
2 1735 1771 
1 2112 
3 3140 3161 3356 
3 333 1559 2724 
3 1143 1395 3375 
2 2359 3008 
1 2728 
2 53 2610 
1 2453 
3 588 3480 3953 
4 622 3053 3256 3334 
4 155 1650 1747 2461 
3 3476 3641 3992 
1 468 
4 194 763 3321 3335 
3 2451 2941 3227 
5 1485 1544 2540 2698 3986 
2 3907 4131 
2 592 2891 
2 2257 2902 
1 278 
3 1753 3674 3790 
1 346 
5 748 2660 3059 3120 3533 
1 1420 
3 281 1630 3930 
3 176 1932 2920 
6 479 1252 1901 2020 2195 3963 
3 565 1411 1794 
1 2509 
2 2874 3450 
1 2322 
0 
0 
0 
2 594 3037 
4 455 749 1769 3026 
0 
3 3442 3550 3747 
2 1538 2213 
3 297 1515 1692 
3 1583 2213 3505 
2 1084 3850 
3 1801 2721 3386 
3 499 3394 3827 
2 436 3811 
1 2022 
1 3114 
2 271 3258 
4 493 696 1313 3806 
4 774 1865 2410 3597 
4 385 2237 2813 3863 
1 2951 
0 
3 213 378 3344 
2 1891 2238 
2 2514 3575 
4 3436 3635 3637 3793 
3 2151 2365 3082 
0 
3 1564 2654 2697 
3 1658 2578 3957 
7 426 958 1527 1665 1767 2181 3534 
3 26 1716 3944 
2 2500 3926 
3 950 1593 4014 
4 527 1662 3788 3867 
3 712 1430 2515 
3 1052 2603 3947 
3 918 1155 3131 
0 
2 48 2840 
0 
2 1157 2186 
2 1459 3560 
1 1769 
3 1871 2371 4182 
5 535 560 3372 3679 4131 
2 418 514 
0 
1 2628 
0 
3 595 970 2327 
2 794 4082 
0 
4 1186 2370 2419 2476 
2 2706 3407 
2 1336 4134 
6 451 1216 2224 2359 2724 4139 
1 352 
0 
2 2097 2572 
4 773 1031 1578 2894 
2 2480 2618 
3 479 1611 2653 
1 2206 
4 979 1002 1543 1742 
0 
3 997 1300 1935 
1 795 
4 499 1211 1402 1766 
2 992 3559 
4 552 775 938 995 
0 
1 1314 
2 103 1180 
1 2835 
0 
2 577 2174 
2 3425 3873 
1 2723 
1 2319 
1 875 
3 3395 3507 4032 
2 219 285 
3 1556 2625 3796 
1 3507 
2 794 4087 
1 3263 
1 2339 
7 130 789 1265 1324 2951 3499 4016 
4 328 1432 2634 3956 
4 1534 1964 3855 3909 
4 175 584 2750 2833 
5 560 612 2101 3383 3768 
2 429 3151 
3 1982 2932 3156 
6 652 796 1361 1546 2256 3452 
3 1388 3691 4198 
2 628 2038 
4 1037 1350 1557 1599 
1 3928 
2 908 4053 
2 1715 3895 
2 1854 2933 
3 1185 2601 3516 
2 2489 2507 
4 489 665 1025 3181 
8 1060 1646 2183 2385 2391 2987 3095 3744 
0 
2 997 2530 
4 1521 3592 3755 4185 
3 1170 2009 2446 
3 168 744 1426 
8 16 672 871 1098 2476 2621 3153 3889 
3 2173 2391 2419 
2 3585 4174 
4 1102 1305 1666 2933 
3 1080 1190 4002 
2 638 3158 
0 
3 365 2611 3658 
2 868 3982 
1 574 
1 3741 
1 1324 
2 1736 3985 
0 
2 1751 3859 
1 3234 
3 3354 4042 4070 
2 1233 3331 
2 1471 1815 
2 1858 2737 
3 57 888 2989 
2 594 3708 
0 
4 1048 2573 2833 3418 
2 2706 3559 
1 2107 
1 3762 
1 1232 
1 1978 
3 902 1597 4092 
1 1924 
4 685 786 2416 3908 
2 25 3260 
1 3567 
3 444 1372 3622 
2 515 3787 
3 2099 2970 3731 
2 484 2933 
1 2423 
1 1450 
2 1332 2188 
3 138 1068 3811 
2 907 3312 
4 1398 1808 2390 3247 
3 215 2633 3956 
3 908 2583 3470 
3 1569 1862 3171 
7 76 570 904 946 1626 1742 2544 
1 1449 
3 2527 3317 4173 
3 36 736 1762 
1 3245 
3 902 2859 3165 
1 3716 
2 3730 4149 
2 403 2567 
2 1960 2871 
5 471 1064 1146 1812 2119 
2 2029 2695 
2 1160 1597 
1 2157 
0 
1 2157 
3 48 2511 2870 
2 1689 3506 
2 1965 4045 
2 522 4076 
0 
1 2604 
6 723 1988 2175 2224 3057 3417 
1 3106 
2 170 3192 
4 334 2151 2866 3430 
1 1904 
4 243 740 1036 1242 
3 943 1348 3154 
5 551 1178 1191 1916 3889 
6 689 794 2543 3312 3945 4094 
5 746 1138 2440 3420 3783 
3 1856 2536 3825 
2 2748 3804 
4 898 2099 2161 2398 
1 2522 
6 518 1311 1784 2439 2877 3235 
0 
1 2418 
3 1024 2149 3384 
4 738 936 2176 2700 
2 2427 3514 
3 2407 2801 2817 
2 1520 2582 
1 3149 
3 182 588 1164 
1 1048 
2 1238 1597 
0 
1 323 
0 
4 973 1043 1116 3390 
3 136 1203 3516 
4 84 674 1586 1918 
2 100 2263 
4 874 3041 3148 3419 
2 82 2630 
8 226 1551 2291 2969 3047 3422 3699 3926 
2 1157 1211 
5 1289 2094 2195 2998 3549 
1 3138 
0 
0 
4 459 944 1700 1979 
4 29 171 1627 4084 
3 542 2075 2542 
6 107 273 472 603 4056 4070 
2 1007 3263 
1 2221 
4 1585 1653 3796 4179 
3 1258 3845 4133 
2 991 2909 
2 363 488 
4 273 399 422 3135 
2 385 3302 
2 3026 3185 
1 2589 
1 682 
3 3019 3590 3603 
2 725 1323 
2 2191 3442 
3 178 1582 2585 
3 1750 2773 3565 
3 954 1231 2475 
3 1601 3424 3584 
1 2211 
3 2865 3313 3755 
8 18 848 1320 2718 3426 3448 3937 4041 
1 240 
4 304 505 3558 3746 
2 3798 3818 
1 3281 
1 563 
3 1 745 3693 
1 1198 
5 563 2865 3346 3377 3552 
1 2718 
3 2524 2987 3428 
2 3335 4134 
2 111 1100 
0 
5 950 1220 2028 2391 2992 
1 447 
5 557 1096 1203 3124 3368 
1 2316 
5 486 953 1156 1620 4010 
2 109 3348 
4 1707 2526 2578 2753 
2 1145 1795 
4 1498 1879 3221 3537 
1 1421 
0 
3 1314 2863 3325 
4 358 1552 3108 3815 
3 1252 2681 3622 
5 301 767 2271 2635 3077 
0 
5 1769 2024 3574 3964 4180 
6 4 1289 1387 2055 2244 3079 
3 1048 1544 1915 
2 2449 3623 
4 1637 1749 2041 2460 
3 605 1807 3684 
1 3110 
0 
1 1604 
0 
1 4113 
1 1814 
3 1695 3422 3646 
3 368 1714 3266 
2 2507 3006 
3 171 537 4120 
1 666 
3 2448 3092 3412 
4 112 3304 3817 3877 
1 1582 
3 1725 2102 3174 
1 4177 
0 
0 
6 42 303 1028 1494 2730 3418 
3 107 2235 2793 
3 1670 1857 2581 
2 2466 3194 
1 2319 
5 810 1664 3330 3930 4139 
2 2570 4115 
6 564 718 1105 2345 3565 3835 
5 31 1007 1738 2854 3962 
2 238 2786 
3 435 1757 2988 
3 1647 2254 3103 
0 
1 4139 
3 2219 2728 3302 
2 501 791 
1 1773 
3 875 3320 3591 
4 257 1102 3008 3535 
6 70 231 879 1055 2069 4063 
4 414 1675 2755 2931 
1 1476 
1 1009 
3 2293 2402 3492 
5 1879 2493 2759 3127 3525 
0 
5 1042 1958 2414 2586 4111 
4 2420 2892 3213 3978 
2 1235 4033 
1 72 
2 1750 1927 
2 1709 2288 
2 404 948 
0 
2 796 3728 
2 275 2790 
1 7 
0 
4 124 652 3564 4138 
0 
3 722 1026 3932 
3 214 2447 2810 
2 911 2007 
4 1546 2026 2553 2977 
2 2496 4084 
4 56 1763 1918 3507 
4 263 575 1375 3067 
2 606 941 
2 891 3829 
4 2261 3189 3422 3513 
2 2588 3843 
2 1768 3737 
5 574 954 3005 3140 3642 
3 605 713 1026 
1 3809 
0 
3 630 2175 2181 
1 2365 
1 2047 
1 1535 
5 344 1091 2744 3605 3622 
2 2054 3511 
4 1408 1941 2579 2916 
3 60 1643 2820 
6 1452 2127 2263 2854 3683 3999 
4 1049 1100 2299 4147 
2 134 1830 
1 3178 
2 2572 2975 
1 2969 
1 2547 
3 512 1330 3999 
2 1320 2743 
2 906 1055 
3 1508 3380 3887 
1 2257 
2 2707 2948 
3 1599 2084 3515 
3 673 894 3637 
3 2 563 2144 
1 2717 
2 2019 3233 
4 1098 1782 2587 3786 
1 2621 
5 497 547 1443 3783 4187 
2 130 1244 
1 3980 
2 805 1766 
1 2674 
2 3823 4116 
4 649 1957 3773 4165 
1 2724 
1 34 
1 1080 
3 426 977 2995 
3 967 2626 3646 
1 1578 
3 368 640 1166 
0 
3 1351 2970 3550 
1 1044 
3 281 2666 3935 
2 537 1861 
3 476 3582 3694 
2 626 1024 
2 1342 2938 
2 285 1223 
4 1528 2618 3457 4014 
2 158 4015 
3 1338 3217 4181 
1 1664 
1 3961 
3 2254 2277 3215 
2 415 2839 
4 833 1111 2943 3835 
1 2090 
4 64 165 1313 3929 
2 1659 2350 
1 4115 
1 1625 
3 366 662 1067 
3 1748 2468 3374 
2 95 1501 
1 3625 
2 1469 2103 
2 2053 2945 
2 1404 2845 
3 113 926 2372 
1 3918 
2 466 1966 
2 734 3773 
2 559 3069 
1 406 
0 
1 3697 
1 3101 
3 2213 3234 3719 
3 731 2904 3737 
1 2578 
3 1627 3338 3866 
2 420 502 
2 429 1286 
0 
4 2123 2347 2777 4071 
0 
0 
5 520 1607 2118 3169 3363 
2 2314 3529 
4 266 271 1279 2004 
4 697 1356 1486 2868 
1 2076 
3 1056 1115 2913 
1 586 
2 751 2550 
1 2566 
0 
3 521 1543 2150 
0 
4 649 2567 4084 4190 
1 614 
3 428 1308 3396 
1 511 
3 274 904 2071 
1 23 
1 462 
2 521 3220 
3 1485 3847 4077 
4 953 1670 1990 2251 
1 2075 
0 
3 525 1298 3078 
2 2835 3915 
4 351 788 3261 3506 
3 1033 1730 2439 
2 2166 3111 
4 45 855 1254 3728 
3 910 1109 1594 
1 2115 
4 138 223 1729 3714 
2 3595 4156 
1 124 
0 
3 334 1084 1210 
3 1450 1730 3029 
5 177 3254 3504 4004 4089 
3 1076 2930 3003 
5 926 961 1440 2601 2643 
2 43 4053 
3 1344 2300 4160 
5 678 730 1953 1956 3293 
2 2106 4034 
3 1355 1438 1482 
3 1209 1903 2064 
1 465 
2 990 4157 
0 
0 
0 
3 408 893 2559 
1 2305 
2 86 1247 
1 16 
1 804 
3 471 1447 2093 
4 1243 2345 2940 3134 
2 499 3167 
1 1326 
1 4118 
3 2609 2933 4091 
1 1540 
4 99 1025 1461 2982 
3 326 1762 3223 
3 936 1411 4195 
1 1237 
1 315 
2 2351 3602 
2 2132 3706 
3 480 520 1329 
3 1287 1357 1936 
2 1356 3676 
1 3943 
3 701 3770 3841 
2 1426 2824 
1 933 
1 2877 
4 702 1717 2325 2448 
0 
1 99 
1 1556 
4 1722 2657 2937 4040 
2 2118 3813 
3 3291 4018 4043 
2 1422 2915 
2 41 2523 
3 984 3463 3692 
0 
2 1720 3031 
4 1184 1899 2663 2685 
2 346 4076 
1 2845 
2 3178 3424 
4 459 721 1687 2572 
3 12 4031 4106 
1 2752 
2 1517 2294 
2 197 2925 
7 346 3330 3390 3910 3955 3975 4025 
4 1438 2478 2918 3803 
3 421 1572 3978 
1 1115 
3 934 2880 3642 
1 1978 
0 
3 45 1684 2884 
0 
1 491 
2 2060 3680 
1 810 
3 243 282 500 
0 
1 993 
2 2964 4007 
2 2070 3927 
2 1550 1817 
3 323 906 2782 
5 610 626 1975 2171 4177 
4 252 1264 2765 3565 
2 566 2652 
1 1703 
3 247 2425 3725 
3 215 1200 3796 
1 3053 
4 215 1584 3231 3444 
3 834 1350 3236 
0 
1 220 
4 160 3667 3805 4057 
3 2473 2592 3343 
2 2013 3673 
2 57 3027 
2 100 2588 
2 3 3997 
7 149 502 652 830 2393 2574 3438 
2 543 1107 
3 786 1370 1979 
4 2422 2638 3257 3880 
3 762 3010 3972 
1 4105 
5 949 1360 1831 2998 3319 
2 2277 3917 
2 387 3835 
0 
1 873 
2 2863 3573 
4 927 1819 2401 3871 
2 123 379 
2 1863 3293 
2 2818 3804 
3 2043 2236 4167 
1 195 
2 1329 1385 
0 
2 264 1324 
4 296 314 3514 3840 
1 630 
3 1222 1618 2811 
6 1490 1972 1993 2819 3444 3906 
3 1498 2581 2651 
3 687 2206 3556 
3 494 1341 1540 
1 2056 
2 998 4045 
4 989 1321 1867 3865 
0 
1 1202 
0 
4 2415 3190 3558 3850 
2 1884 3073 
1 1901 
2 1636 3201 
0 
2 880 2502 
1 2407 
3 510 677 1348 
3 2375 3660 4004 
1 327 
2 2996 3717 
1 484 
4 1594 2086 2759 3979 
1 2491 
3 172 217 2594 
4 800 1262 1677 3377 
3 121 3200 3352 
4 68 968 2514 4015 
2 1888 3586 
2 745 2300 
3 275 2143 2210 
2 3049 3718 
5 54 1159 1907 2009 2368 
1 2599 
2 2882 3665 
0 
2 2612 2704 
4 2265 2295 3137 4031 
3 1329 2126 2390 
3 1917 2626 3049 
7 193 2249 2965 2978 3026 3456 3827 
4 822 1304 2013 2086 
5 714 1287 1995 3012 3576 
4 548 2165 2957 3884 
2 1773 4148 
2 615 1517 
3 1444 1533 4106 
4 203 295 2652 3461 
4 192 2079 3068 3624 
1 2281 
2 66 1138 
0 
2 1725 3392 
4 1724 2114 2771 2978 
4 209 1106 1445 2357 
2 397 3137 
3 2423 2666 3574 
3 574 1260 2410 
1 3180 
0 
1 3276 
4 209 1872 2345 3863 
2 55 1825 
1 4139 
2 1212 3146 
2 3675 3885 
2 1831 2701 
2 679 3461 
1 559 
2 2006 2502 
2 1695 3611 
4 846 1519 2621 4069 
2 241 3010 
4 1382 1489 2358 4115 
2 1753 2372 
5 1515 2105 2668 3170 4077 
1 1040 
1 947 
5 403 2331 3386 3650 3952 
5 308 2165 2674 2920 3325 
0 
6 1551 2789 2936 3255 3263 4032 
3 3799 3830 3955 
3 868 3596 3711 
4 691 1245 3492 4005 
4 2951 3132 3332 4085 
1 518 
3 397 2618 3548 
5 9 322 3174 3356 3935 
6 50 1490 1573 2232 2510 3954 
2 928 2865 
2 1197 3535 
1 1734 
3 51 597 2166 
4 504 731 845 2794 
1 666 
3 1347 1447 2695 
1 2603 
3 2999 3236 4186 
6 133 796 902 1294 3098 3246 
5 492 822 1116 1808 3533 
0 
3 933 1181 4061 
1 2771 
1 522 
4 2241 2520 3615 3648 
2 1401 1792 
6 104 181 1054 1525 1882 3019 
3 1110 1585 1905 
4 1640 2676 3249 3395 
0 
0 
5 921 1366 2174 3416 3923 
3 766 768 936 
0 
1 809 
2 2935 3417 
3 586 3362 4093 
3 1841 2279 3579 
1 2865 
3 866 2203 2547 
2 2119 3060 
2 2304 3866 
2 538 3444 
4 1704 3284 3833 4068 
5 996 1655 2111 2234 2370 
3 486 531 3983 
3 17 538 712 
5 472 740 1386 2536 3145 
3 1533 2192 2296 
1 2361 
3 146 208 1744 
2 7 3622 
0 
3 657 898 1234 
0 
2 2288 3492 
1 3538 
3 1078 1133 2886 
4 847 1768 1853 2906 
2 1410 3981 
3 1066 1552 3424 
2 424 1050 
3 706 732 786 
1 2346 
5 34 51 287 2734 3372 
2 344 1903 
3 361 1592 2610 
3 576 802 1591 
4 35 871 2102 2561 
5 1314 1466 2538 2569 3683 
1 257 
2 2192 2326 
5 979 1009 1044 2195 3548 
2 2052 3087 
3 936 1215 2479 
0 
3 773 1081 3366 
4 2166 2793 3629 3959 
3 139 3722 3776 
4 800 1122 3415 3926 
2 604 3263 
4 421 606 2772 3206 
2 1284 2465 
2 3013 3279 
0 
0 
2 900 1932 
5 46 401 429 2185 2686 
2 419 4199 
3 257 3113 3438 
3 602 1685 2384 
1 1627 
4 513 2195 2737 3873 
3 1443 3927 4048 
1 2358 
1 1102 
3 136 2853 4192 
4 2947 3030 3606 3630 
2 2087 2851 
2 3321 4119 
2 1257 2243 
1 997 
7 602 1061 1277 1616 1788 3684 4134 
1 371 
1 4091 
3 831 2230 3431 
2 2133 3499 
4 2207 3001 3178 3211 
2 2725 3560 
3 442 789 3760 
2 1767 2221 
4 346 1457 3753 3941 
3 1118 3968 4177 
0 
2 693 2150 
2 1553 2935 
0 
2 2335 3145 
2 1201 1739 
3 368 734 3644 
1 4162 
3 944 2423 3541 
3 52 1149 2151 
4 237 1663 3686 3984 
1 3594 
7 817 2741 3214 3420 3519 3992 4040 
1 3395 
1 164 
1 1066 
1 2161 
2 1569 1821 
1 2393 
4 1928 1986 2027 4161 
2 867 2144 
1 1255 
5 244 389 2114 2204 2354 
0 
2 872 4127 
4 1648 2390 3326 3385 
2 1143 1248 
5 868 2331 2729 3252 4187 
2 953 2180 
4 26 701 2196 3721 
5 1953 2581 3036 3065 3177 
3 2074 2668 3060 
4 1140 1305 2118 3243 
2 2375 3774 
1 2962 
2 511 3032 
2 2431 3406 
4 108 399 1158 1929 
3 172 492 2083 
2 1469 2653 
1 3959 
3 1779 2597 3064 
5 418 2834 3197 3359 3902 
3 80 615 2090 
0 
2 112 4169 
2 1391 3504 
1 1615 
1 2658 
3 324 1379 2710 
3 2147 3122 3854 
3 1014 2343 3278 
3 1804 2239 2686 
4 87 2024 2917 3618 
9 846 1768 1781 2082 2227 2272 2498 2715 3191 
0 
2 162 2101 
7 52 568 1126 1514 1854 2391 3051 
2 87 2630 
1 3355 
1 3332 
0 
4 206 781 1060 2513 
2 2896 3034 
0 
3 548 1406 2427 
8 321 1568 1796 2128 2129 2364 2618 3862 
0 
2 2264 2395 
4 1104 2392 3527 3619 
3 2104 3951 4101 
3 1169 1804 2398 
3 2444 3458 3723 
3 2153 2193 2994 
3 3693 3871 3914 
2 518 2321 
2 8 1127 
1 939 
4 869 2647 3403 4155 
1 1363 
3 2229 2716 3820 
1 4083 
2 1374 1784 
1 4181 
4 1367 2777 3016 3739 
1 1824 
6 278 1497 1730 2991 3319 3352 
3 56 1134 1496 
0 
3 43 706 3808 
3 9 3328 3513 
2 478 1316 
6 344 1311 1321 1724 2639 2679 
4 45 263 3273 4173 
2 2344 3194 
1 2602 
3 44 1536 2059 
5 674 756 806 2840 3551 
1 962 
5 2746 3068 3078 3191 4061 
2 1146 1845 
3 1643 2565 3522 
1 2730 
5 326 2037 2633 3061 3344 
6 755 902 997 1960 3852 4115 
2 142 3253 
4 1575 1848 2497 2519 
3 1940 2078 3265 
1 3261 
1 817 
4 714 1259 3251 3482 
1 1118 
5 1079 1168 1771 2769 3542 
2 964 3315 
1 638 
5 747 827 1518 2008 3588 
0 
0 
2 203 2188 
3 1148 3298 3370 
1 2 
1 3033 
2 2078 2353 
0 
3 1000 1349 3547 
3 261 1183 3714 
1 2172 
3 268 3231 3292 
3 906 1225 2860 
2 868 1635 
5 799 1189 1583 1692 2731 
3 842 881 1114 
4 76 3397 3491 3626 
3 806 1750 2918 
2 2537 3631 
2 1154 1488 
3 305 2572 3634 
1 2325 
4 88 648 1841 3257 
2 684 3202 
1 3995 
2 1679 3326 
5 769 1863 1969 2169 3386 
6 1692 2076 2249 2251 2848 3160 
3 242 1220 1905 
1 3632 
3 1033 1720 3902 
2 109 3170 
2 540 3720 
3 2795 3130 3178 
5 198 424 657 1627 3247 
3 652 3384 3431 
2 3184 3743 
3 631 2540 3078 
1 1550 
0 
1 834 
3 1105 3291 3383 
2 1704 1872 
2 169 3933 
3 1930 2504 3012 
2 1929 3891 
1 2906 
4 311 849 3411 3448 
1 417 
2 307 636 
5 1690 1709 2276 3074 3555 
1 2911 
5 471 2225 2425 3532 3982 
2 214 1119 
4 513 993 1544 1902 
0 
2 2 2188 
2 2598 2676 
4 65 1007 2005 2694 
1 2549 
7 411 493 1125 1825 1904 2424 3038 
3 636 692 968 
1 499 
2 670 1401 
1 3288 
3 1432 2074 3238 
2 2361 3811 
2 25 1655 
0 
2 2149 3934 
2 583 1723 
3 780 1506 1814 
1 2217 
1 2432 
3 721 3147 3662 
2 2546 2791 
4 27 1204 3095 3788 
3 1426 1510 3090 
2 2575 3718 
6 62 405 545 2934 3499 4065 
1 3339 
2 2739 3507 
2 84 2338 
4 2114 2607 3535 4079 
0 
2 38 381 
3 9 618 2002 
2 1562 1776 
2 690 3510 
3 2537 3595 4072 
1 104 
3 1738 2133 2179 
4 231 663 2302 2450 
1 3071 
5 682 1744 3115 3127 3188 
2 60 2993 
2 2670 4101 
2 226 251 
3 618 2620 3993 
3 687 1583 2220 
2 940 1695 
3 2306 3200 3556 
3 128 1029 3891 
4 1140 2782 3012 4180 
2 969 3743 
1 3983 
3 568 2301 3607 
3 684 1240 2332 
2 996 2202 
2 1434 1780 
3 453 684 753 
3 856 2240 3302 
2 583 3688 
2 1450 2194 
1 3124 
6 326 346 2303 2868 3113 3893 
0 
2 882 3704 
2 1505 1796 
1 502 
1 4128 
0 
2 419 4145 
5 1996 2145 2492 2871 3147 
5 522 627 667 2169 3108 
3 1106 1162 3970 
2 2278 3784 
4 790 3375 3463 3701 
3 1551 2335 3586 
2 145 2024 
3 1455 3737 4179 
3 2761 3477 3743 
2 648 2195 
1 3128 
2 1472 2811 
1 137 
0 
3 771 861 2880 
1 3836 
3 2115 2466 3283 
4 161 405 3506 3768 
1 2531 
1 2184 
4 184 2493 3350 3691 
2 2337 3756 
2 1375 3522 
1 3125 
4 320 833 1456 3174 
1 1808 
5 351 1330 1590 3113 3301 
4 38 1023 1814 2009 
2 1552 1782 
1 3456 
1 1476 
0 
0 
2 2148 2876 
7 399 2520 3133 3570 3748 3834 3997 
1 2834 
1 3826 
0 
2 1116 2261 
1 1026 
3 1483 1955 3248 
6 158 1050 1183 2011 2634 2645 
4 324 793 3017 3476 
4 20 599 2214 3146 
2 172 713 
3 395 604 2860 
2 219 2725 
3 980 2302 3606 
3 400 2537 3465 
0 
1 1168 
2 1657 3785 
4 1675 1799 1997 2737 
3 1798 2645 4194 
2 3744 4101 
2 832 1611 
6 433 2103 3383 3606 3923 4126 
0 
3 209 668 904 
2 397 1356 
4 25 3047 3332 3603 
2 1977 2806 
2 2027 2889 
2 1745 2706 
2 1200 3659 
3 681 2161 2899 
2 3115 4108 
2 198 2945 
1 4019 
3 2106 3123 3371 
4 2105 3287 3290 4054 
3 223 3508 3774 
0 
0 
2 672 2601 
4 1975 2661 3269 3958 
6 769 1327 1668 2424 2760 3455 
3 2882 2996 3366 
5 68 1917 1997 3431 4021 
2 496 1327 
2 1228 2403 
7 275 422 702 1164 2840 4167 4194 
2 146 2006 
3 721 1006 1742 
2 763 3269 
1 583 
1 326 
3 233 732 928 
4 368 1015 2483 3457 
4 722 1267 2361 4173 
4 145 348 408 2973 
1 517 
4 1780 3474 3667 3878 
2 2690 4107 
0 
4 7 210 692 1444 
1 415 
1 2459 
2 1403 1952 
0 
2 1938 2358 
5 250 978 1389 2595 3083 
4 405 1060 1422 3045 
3 2654 3380 3848 
3 452 2925 3892 
3 932 2641 3856 
4 2862 2954 3072 3463 
0 
2 2110 3102 
2 1657 4038 
3 124 2330 2341 
1 1019 
3 2254 2733 2813 
3 1305 2673 3109 
0 
4 309 360 2366 3835 
6 1444 2049 2160 2529 2585 3051 
0 
4 1486 2034 2270 3940 
2 1877 4039 
3 1929 1955 2937 
1 467 
1 2667 
0 
2 2694 3038 
2 452 1840 
1 4018 
3 1286 2372 3624 
3 1812 3995 4115 
4 74 1513 1959 3824 
4 1180 2037 3062 3600 
4 1753 2675 3267 3498 
4 637 948 1476 1904 
3 753 3087 3219 
3 1918 3068 3924 
1 2366 
5 1416 1485 2219 2261 3891 
3 500 2243 3019 
0 
2 3541 3553 
2 665 2766 
2 2418 4005 
4 1219 2426 2784 3172 
1 833 
1 3204 
2 34 852 
2 2871 3826 
4 446 1114 1691 1883 
2 318 4177 
4 652 1181 3833 3955 
5 1657 1939 2192 3385 3838 
2 1098 3939 
2 1008 3301 
1 3143 
2 3489 3545 
2 388 391 
3 2478 2978 3590 
2 1995 2228 
4 235 2399 2649 3207 
1 4102 
4 1741 2007 2099 3224 
3 935 4164 4199 
1 2162 
1 58 
1 1118 
0 
2 1436 2657 
4 244 3205 3625 3818 
2 2341 3478 
2 750 3168 
3 1196 2058 2948 
1 3943 
3 1993 2944 3686 
2 2096 3335 
3 2283 2284 2883 
4 1598 2163 2896 4053 
3 1263 2137 4192 
3 1199 2091 2890 
4 154 1115 2878 3014 
1 1448 
5 79 152 766 3240 3409 
1 2047 
3 127 1734 3951 
5 1394 2085 2403 2973 4112 
0 
0 
2 552 3109 
2 1330 2616 
2 2185 2751 
2 217 3725 
1 3742 
3 718 2842 3237 
4 358 1157 2407 2936 
6 652 685 1400 2368 3125 3186 
2 1300 3765 
0 
0 
3 1669 1819 2501 
2 1062 1306 
3 1288 1781 3219 
3 2623 2742 3259 
3 585 1745 1760 
2 1492 2601 
0 
0 
3 4 1692 2503 
2 1676 3350 
1 1215 
5 259 2060 2421 3311 3560 
6 178 458 1466 1485 2309 3779 
3 439 1623 3823 
2 2527 3590 
0 
5 274 1253 1681 3568 4014 
1 2054 
1 4099 
3 63 407 1341 
5 362 1056 2372 2457 3173 
2 3608 3854 
5 678 2050 2632 3108 3729 
1 897 
0 
5 986 1031 2037 3057 3065 
0 
2 930 1694 
2 1134 1593 
3 1262 1933 2202 
2 1708 3420 
3 1519 1947 3248 
5 168 238 1328 1946 4079 
1 975 
0 
1 2650 
2 1985 3471 
2 437 1569 
4 57 807 2182 2773 
2 47 476 
3 1497 1660 1837 
4 266 1315 1893 2489 
1 3223 
0 
4 411 1284 1368 1670 
4 1007 1565 3704 3886 
2 2382 2535 
2 2564 2582 
3 472 2654 3445 
2 1281 2942 
6 499 579 2739 3714 3917 4153 
5 225 2976 3068 3786 3974 
2 1482 3199 
1 1202 
3 1704 2666 4163 
3 1704 2888 3947 
3 2402 2884 4023 
1 168 
2 1354 4139 
5 35 1631 1845 2139 3634 
0 
3 27 92 681 
1 527 
3 429 632 2053 
3 208 3342 3599 
2 2133 3232 
1 3625 
0 
2 434 3772 
2 229 1474 
6 6 1217 1658 2633 3364 3863 
1 1877 
2 775 3514 
1 1688 
2 1910 3153 
6 539 704 1036 1823 2951 3498 
2 1294 1639 
6 864 1022 1647 2895 3495 4085 
0 
2 102 1711 
2 2163 3443 
0 
0 
3 1010 1012 2192 
3 2360 3216 3775 
5 408 541 692 3660 3792 
3 1993 3426 4163 
4 698 1031 1654 1942 
3 596 785 2039 
4 727 2052 2154 4057 
2 392 3026 
5 1487 1523 2566 3061 3094 
4 1312 1537 1602 2640 
1 3255 
1 2519 
5 161 286 1780 1878 2568 
2 3221 3491 
1 1403 
2 1764 3324 
1 951 
4 318 914 1556 2431 
3 1019 1194 4195 
2 762 1037 
2 134 496 
3 14 3038 4040 
2 60 1845 
3 257 1666 2820 
5 88 182 868 1194 2787 
2 144 2112 
3 944 2674 3288 
2 754 1896 
3 764 1612 2065 
4 71 674 879 3175 
3 658 2970 3796 
4 990 1756 1810 2227 
3 730 2709 2760 
1 419 
2 1077 2209 
5 1573 1596 2027 2157 4189 
3 1711 3461 3511 
2 692 1867 
5 833 1056 1597 1617 1886 
2 1667 2529 
1 3598 
0 
1 4093 
1 2709 
1 3381 
3 1862 2103 3338 
4 1564 3676 4090 4165 
2 17 1660 
2 3663 4195 
3 901 1446 3982 
3 491 1632 3308 
1 2219 
1 2191 
2 1474 3270 
2 1082 2491 
1 3984 
4 845 847 1274 3852 
3 1920 2345 3628 
2 2474 2945 
0 
4 189 622 763 1826 
1 3049 
4 1152 2013 2208 3941 
3 1853 3421 3844 
2 1065 1635 
1 224 
3 2372 3960 4047 
3 894 1019 2741 
1 1806 
2 2642 3608 
3 1692 2188 2747 
3 83 2034 4133 
3 472 1718 2315 
4 562 1630 2549 3940 
0 
5 11 1533 2356 2940 3776 
2 581 2328 
4 485 1569 2858 3313 
2 7 1139 
3 246 1436 4065 
5 303 368 857 2624 3432 
3 220 861 3185 
3 769 1690 3098 
3 386 1865 4004 
3 1549 3277 3760 
1 2853 
3 1625 2014 3219 
1 1115 
2 2947 4024 
2 3500 3725 
4 3019 3787 3972 4179 
1 728 
4 1484 1781 2382 2801 
2 258 3923 
3 1305 1781 3302 
3 296 335 3607 
1 153 
4 1149 1250 1989 2558 
1 534 
2 933 3516 
7 103 825 1213 2903 3032 3927 4103 
1 595 
2 363 403 
3 156 3676 4004 
4 1187 1915 2013 2728 
2 2371 3569 
5 37 1051 1202 2420 3879 
1 1706 
1 1481 
2 2565 2726 
1 320 
0 
0 
3 1995 2612 3641 
3 609 1112 4121 
1 1692 
1 3053 
0 
1 2638 
2 510 1804 
2 1250 1427 
3 402 1880 2424 
2 1562 3803 
0 
2 1493 2913 
2 33 122 
1 2051 
2 2051 2424 
3 760 2796 4027 
0 
1 3240 
5 566 1169 1580 3281 4143 
1 3049 
1 72 
5 1054 2646 2724 3019 3750 
0 
1 1161 
3 585 1382 4183 
1 1481 
3 300 1573 2850 
4 228 654 3792 4035 
1 477 
4 803 1203 2881 3073 
3 1326 1473 3614 
1 1860 
5 1846 1924 2436 2983 3944 
3 1869 3030 3340 
2 336 1566 
3 78 1337 2715 
2 656 1855 
0 
2 521 4003 
3 155 2086 3288 
3 274 2879 3467 
2 232 4028 
2 2962 3103 
1 3138 
3 1285 2931 4045 
5 182 498 2229 3580 4126 
2 1101 3409 
1 195 
0 
3 917 1142 2417 
2 734 3639 
2 1713 3718 
4 676 837 3289 3610 
3 3492 3700 4127 
2 2604 3105 
3 1363 1775 3478 
4 210 1596 2977 3831 
2 888 2959 
5 2233 2770 3374 3408 3581 
0 
5 361 369 1987 2857 3796 
4 172 1522 1665 2349 
1 1861 
0 
1 3604 
2 1642 1882 
1 3397 
3 21 1898 2983 
3 1836 3103 3563 
2 925 3244 
2 490 2487 
3 1987 2045 3744 
2 2347 2583 
4 1689 3544 3550 3960 
3 518 1732 2820 
4 1145 1342 1505 2214 
3 758 1588 4051 
2 1281 2342 
3 7 665 3576 
2 2331 3196 
3 361 1255 3246 
3 1353 2845 3864 
0 
2 474 1760 
4 1660 2739 3011 3484 
1 3327 
2 463 2232 
2 683 1498 
4 696 1517 1619 1977 
3 811 894 4130 
1 2158 
3 1574 1820 1966 
2 581 2531 
3 30 648 3161 
1 1704 
4 864 1195 2924 3844 
4 1992 2012 2540 3560 
2 2950 3945 
3 1476 2070 2782 
0 
3 38 891 1569 
2 882 2262 
7 1265 1518 2004 2094 2223 2547 2580 
1 2543 
1 657 
3 1462 1671 2451 
3 2457 3676 3898 
2 3272 3280 
2 2685 3817 
2 420 421 
1 2991 
2 693 3353 
3 426 2120 2249 
1 27 
4 54 1615 3639 3784 
3 944 2609 3685 
2 81 3519 
1 2443 
2 3181 3584 
1 553 
4 609 993 1482 1663 
6 944 951 1098 1695 2467 3052 
4 71 109 232 1707 
5 1420 1656 2750 3225 3572 
2 157 306 
1 1706 
2 3391 3824 
2 697 3590 
2 1031 1709 
3 2035 2670 4126 
1 204 
2 1432 4002 
5 279 1161 2130 3054 4187 
2 1957 2060 
0 
1 3693 
1 2926 
5 553 1039 1460 2069 2786 
3 290 2617 2831 
2 261 2876 
2 856 1501 
2 122 457 
0 
1 3771 
2 350 1164 
3 275 1454 3346 
4 636 981 2426 3546 
4 2319 2577 2654 3181 
4 1035 2018 2503 3646 
3 637 891 951 
4 734 1165 2263 3390 
3 107 2085 2897 
1 1423 
4 629 988 1500 1646 
4 1814 1953 2278 2284 
6 658 1407 1806 2434 2550 3332 
4 2019 2416 3018 4124 
3 1038 1703 3483 
2 454 4163 
2 3242 3573 
3 575 2786 2972 
3 1674 2174 4087 
5 1827 2683 2998 3552 3875 
3 3018 3957 4187 
2 2425 3178 
2 199 3266 
2 2302 2681 
2 2950 3732 
2 3639 3714 
3 1033 1311 2720 
2 1028 2851 
0 
1 2893 
4 297 2387 3636 3925 
2 1710 3181 
1 2594 
2 948 3210 
3 390 1179 2576 
5 1131 1363 3050 3136 3156 
3 154 1117 3967 
5 1846 2503 2744 3279 3284 
6 821 2375 3289 3320 3651 4170 
1 3815 
3 814 2588 2597 
0 
0 
1 3324 
3 410 2094 2376 
3 286 742 2670 
2 1974 3104 
1 1118 
3 567 817 2846 
1 4040 
0 
1 3024 
1 1607 
3 373 1141 1893 
3 2391 3251 3629 
5 570 1259 2685 2929 3529 
1 469 
0 
2 3512 3671 
1 488 
3 491 1415 3966 
1 2215 
3 562 1080 3055 
3 368 891 950 
0 
4 1385 2033 3156 3589 
2 1599 4059 
2 899 2607 
2 583 760 
2 2639 3318 
3 83 1965 2662 
0 
1 2788 
2 646 3883 
2 2340 3625 
1 2695 
4 414 942 2115 2731 
1 3773 
4 729 1467 2211 3472 
2 1877 4132 
3 1162 1897 4154 
0 
3 2545 2711 3346 
2 1182 2726 
2 585 1744 
2 1692 3420 
0 
3 708 870 3477 
5 79 2074 2539 3415 3797 
4 196 1459 1513 2960 
5 641 2082 2418 2450 2798 
4 187 1798 3178 3213 
1 3615 
0 
3 942 1128 2911 
2 418 2914 
2 835 3031 
1 1533 
1 1013 
2 2627 3746 
2 1700 3298 
4 862 1471 2911 3795 
5 124 873 2678 3235 3910 
1 6 
0 
2 3265 3938 
4 1744 2168 2603 3954 
8 342 1549 1911 2947 3145 3229 3258 3688 
1 3052 
2 1032 2866 
4 538 790 1371 3151 
1 1094 
2 3389 3877 
4 73 290 343 1104 
2 999 2088 
2 323 778 
3 1993 2196 4110 
3 142 946 4143 
5 551 1895 2362 2687 2877 
2 2552 3903 
1 3641 
1 3482 
2 2120 3423 
4 1029 1572 3224 3341 
5 105 686 1772 1843 1925 
3 1594 2677 2919 
2 2501 3920 
6 545 626 822 1791 2366 3921 
0 
1 1062 
3 1027 2373 3667 
2 997 4024 
2 2495 3604 
1 1829 
5 204 1208 1564 2372 4063 
1 3292 
4 360 1813 2230 3342 
3 1291 2425 2626 
1 2645 
2 528 2532 
2 1181 3074 
0 
2 2609 3254 
0 
2 716 3473 
1 2254 
1 1336 
2 270 590 
2 1593 2901 
1 4053 
1 430 
2 703 2121 
2 1739 2266 
2 1292 2165 
2 1005 1296 
2 2169 3927 
3 1594 2770 3603 
4 284 1144 3099 3966 
2 2645 3191 
4 897 1206 1379 1774 
3 747 973 3652 
3 460 1420 2837 
4 61 1832 3521 3630 
2 348 2447 
4 2417 2881 3146 3227 
3 867 1104 1276 
2 1200 3895 
3 668 2372 3828 
4 1140 1445 1668 2984 
5 189 1040 2121 3498 3993 
4 995 2342 3765 4125 
0 
3 1078 1993 3305 
3 1164 3519 4057 
5 242 648 1220 3291 4175 
3 1188 1418 2453 
2 288 1073 
3 178 243 4038 
1 3052 
2 439 1415 
1 4162 
4 1468 2445 2831 2862 
1 1978 
0 
4 781 1679 2453 4047 
1 1811 
2 1477 3925 
1 3308 
6 231 941 1324 1951 2079 3974 
1 1733 
3 874 1541 2519 
5 1018 2324 2666 3871 4005 
1 4057 
2 3396 3632 
2 1837 2480 
4 2711 3515 3618 4039 
3 1346 2385 2555 
2 813 1591 
3 210 957 2948 
4 712 1480 2270 2702 
5 58 65 291 2804 2952 
3 249 426 2737 
1 3949 
3 92 457 2064 
2 2408 2818 
4 899 1245 1531 1704 
2 61 128 
1 1852 
3 950 1221 1515 
1 3080 
3 2077 2970 2988 
2 166 2237 
3 921 3292 3723 
6 544 1233 1483 2550 3394 3865 
3 480 2512 3808 
2 886 4104 
0 
3 1053 1696 3894 
0 
2 221 2096 
4 994 1741 2144 2909 
4 664 927 1918 2830 
2 144 1112 
1 3294 
2 550 3693 
3 270 1423 2275 
4 1730 2482 2685 2934 
6 21 488 502 589 2166 3162 
2 1982 3516 
2 351 2226 
1 1324 
1 300 
4 1918 1930 2551 2571 
3 162 413 2291 
2 1716 2917 
1 160 
1 2035 
2 2109 3630 
4 96 1445 2968 3126 
3 1405 1491 3762 
2 900 1677 
6 866 1980 2122 2417 2689 3790 
2 642 3301 
0 
3 1367 2043 4144 
1 1686 
0 
3 829 2877 3638 
2 36 1952 
2 2483 3617 
2 1375 3448 
1 168 
1 3592 
7 1239 1500 2128 2604 2926 3022 3224 
4 295 1999 3621 3992 
6 204 350 653 1519 1669 2717 
2 435 4108 
5 1850 2399 2458 3360 3564 
1 606 
5 64 3200 3205 3432 4013 
4 338 369 1990 3372 
4 469 1226 1523 2183 
2 2008 2695 
3 271 1553 1811 
2 766 2538 
2 548 2515 
3 1730 2869 3857 
2 3045 4024 
3 1111 2436 3126 
0 
3 2432 3228 3624 
0 
5 278 1375 2378 2468 2639 
5 315 1612 1690 2842 3337 
3 580 2531 3726 
1 2824 
3 344 658 2654 
3 1970 3534 3863 
0 
0 
0 
5 60 320 1812 2001 3087 
6 41 544 1008 1540 2488 2675 
2 699 3544 
2 866 3377 
2 611 822 
2 3005 3849 
4 1037 2891 3412 4067 
3 733 744 1510 
2 173 2612 
0 
2 1480 2806 
1 653 
3 892 974 1940 
2 1214 3361 
3 3317 3320 3541 
2 2189 2200 
2 715 1687 
3 2 2495 2608 
2 2748 3943 
3 3466 3893 3985 
1 173 
2 1692 2305 
2 1718 3999 
2 1218 2668 
4 1084 1093 3565 4150 
0 
1 2439 
2 849 3231 
2 242 3593 
3 916 3015 3514 
6 809 894 1229 2291 3487 3618 
3 707 1633 1923 
3 2266 2496 3487 
1 3482 
6 477 812 1152 2261 3170 4009 
3 1665 2988 3304 
6 614 774 1138 1740 3498 3768 
4 1768 2489 3519 3828 
5 430 3004 3588 3603 3693 
3 1989 3837 4063 
2 261 1589 
1 3322 
0 
6 969 1617 1929 2614 3857 3935 
1 3538 
3 1835 2124 2354 
1 680 
3 1650 2224 3435 
1 2077 
3 689 1210 3129 
4 1198 2450 3372 3832 
0 
1 1737 
1 2227 
4 463 1030 2712 2776 
2 310 2925 
3 929 2393 2933 
5 797 2065 3313 3319 3987 
2 241 1381 
2 257 1104 
3 213 329 705 
1 1158 
3 232 562 3639 
2 152 550 
1 747 
4 1162 1466 2762 3699 
3 1953 2189 2846 
3 66 401 1885 
1 2759 
0 
1 605 
2 1404 3192 
2 2017 2997 
0 
1 80 
1 1750 
3 102 2328 2569 
3 173 1497 1547 
5 491 540 758 1606 3354 
2 1079 2112 
0 
0 
3 330 781 2748 
4 49 1281 1722 3717 
1 3874 
3 2821 2855 3689 
2 77 217 
1 724 
3 1402 1857 2368 
1 3729 
3 2019 3180 3351 
3 3008 3382 3726 
3 1147 2407 2430 
1 2181 
1 2485 
1 1525 
1 1173 
1 1829 
1 326 
5 275 1139 1602 3141 3554 
2 1538 3062 
2 1787 3698 
1 2285 
1 3892 
5 119 126 2503 3524 4075 
1 167 
1 46 
2 1039 2249 
0 
0 
4 2613 3018 3144 4110 
0 
2 1938 2704 
0 
2 105 244 
2 601 3565 
3 169 187 1179 
3 1443 1888 4095 
0 
2 857 1989 
3 3040 3591 3838 
3 679 732 4199 
0 
3 38 1039 3186 
4 1435 2617 3583 3648 
2 514 1444 
5 246 1201 2180 2344 3464 
3 92 2779 3272 
2 203 4066 
4 3213 3406 3802 4137 
3 1360 2688 3553 
0 
3 2937 3466 3594 
1 648 
0 
1 290 
3 114 2634 3191 
2 2408 2594 
0 
3 929 973 3382 
3 1680 1912 3485 
4 258 625 912 1309 
1 2855 
1 2574 
2 141 2978 
1 1251 
3 877 1735 1958 
3 551 3083 3841 
3 295 2068 2686 
0 
0 
7 279 311 1264 1377 2351 2924 3899 
2 2461 2760 
2 589 3211 
2 1781 3936 
3 779 3001 4026 
1 2296 
4 1623 2440 3308 3879 
1 3701 
4 1621 2242 3449 3770 
2 1146 1202 
4 2779 2836 3397 3490 
2 335 3115 
1 2330 
3 609 2234 3142 
3 2 191 1002 
3 1766 1922 3476 
1 3943 
3 1983 2594 3480 
2 1109 1431 
1 418 
7 420 1083 1092 1534 1563 2870 3978 
3 392 1022 2522 
0 
4 235 1287 1869 2945 
4 335 386 2679 3312 
3 745 1013 2865 
5 438 1006 1877 2023 3525 
0 
1 3015 
2 836 3696 
0 
3 271 1910 2409 
5 55 1033 1362 2531 2660 
2 211 2055 
3 504 2310 3850 
4 1388 1891 3664 3860 
2 2299 2577 
4 1478 1954 3040 3602 
2 503 2051 
5 13 137 1391 2130 3471 
2 3199 3663 
1 1582 
1 708 
3 2129 3127 3152 
3 38 1939 2982 
2 135 2054 
6 654 667 824 2700 3483 3924 
2 179 1165 
2 2442 3955 
6 671 898 3094 3133 3675 4194 
3 2151 3049 3802 
4 1701 2052 3313 4086 
1 2421 
0 
2 1942 3857 
2 3343 4061 
1 2561 
1 825 
3 32 2257 3706 
1 1275 
3 547 2988 3116 
2 1583 1800 
0 
0 
4 100 1068 2633 3546 
1 3204 
4 381 1805 2507 2514 
0 
4 660 1289 2281 3427 
2 2508 3184 
1 1370 
2 1200 3099 
4 1691 2647 2968 4186 
3 1385 1771 3230 
1 2538 
3 832 1523 3823 
2 374 3376 
2 273 732 
3 3086 3172 4122 
5 272 2365 2845 3839 3879 
3 1383 1981 2749 
3 2406 2666 3704 
1 3309 
1 30 
1 2468 
2 1323 3364 
5 378 1158 2314 3325 3706 
2 487 932 
6 940 953 987 1346 2750 3345 
4 460 1833 2639 4104 
6 80 301 737 1560 1640 4046 
4 1525 2069 3110 3267 
3 1367 1997 2826 
2 108 1243 
2 3353 4166 
2 1342 2232 
2 821 3448 
4 399 2123 3053 4046 
4 681 1252 3903 3904 
2 444 2049 
5 428 1263 1944 2215 2868 
0 
4 1622 2245 2520 3632 
4 1214 2047 2611 4120 
2 3417 3912 
3 2367 2437 3745 
6 589 858 926 1529 2149 3722 
1 2613 
1 3605 
3 1983 3079 3844 
2 3479 3486 
1 3686 
3 1487 3906 4172 
0 
1 2327 
3 112 2502 3046 
1 3777 
2 1672 2312 
1 3361 
1 1399 
2 1484 3265 
1 3592 
3 93 3254 4037 
3 2651 2917 2980 
3 1054 1207 3171 
8 245 490 662 986 1237 2187 2623 3538 
0 
2 2430 3028 
4 752 1967 2060 3549 
0 
1 1206 
2 2125 3915 
3 791 1181 2326 
7 1484 1497 2033 2838 3002 3104 3121 
1 3414 
1 2968 
0 
4 529 645 1348 2889 
4 50 2302 2337 4181 
1 2581 
2 3639 4031 
1 3076 
4 89 944 1094 3917 
4 1148 2623 2729 2905 
3 83 487 970 
0 
3 568 1724 2380 
1 1098 
1 1849 
1 1711 
4 324 1232 3475 4100 
3 719 1464 1954 
1 2766 
4 1056 1426 2432 3798 
3 1542 3554 4002 
1 3445 
3 75 1632 2849 
1 2978 
3 248 586 1323 
2 307 2732 
3 709 1190 2699 
3 1128 3695 3718 
2 508 3864 
4 203 811 1156 2785 
0 
4 1424 1516 3483 4011 
2 2354 4170 
4 1486 1798 1857 3250 
3 786 1608 4143 
2 2055 3604 
2 2723 2873 
2 1722 3399 
2 1919 3041 
3 2426 2433 2804 
7 681 1075 1551 2014 2247 2291 3862 
0 
1 537 
1 2666 
1 3879 
2 2464 4136 
2 4030 4039 
5 842 1072 1484 2164 4195 
1 1417 
2 350 2972 
2 1321 3752 
2 1622 2303 
2 1374 2509 
4 1673 2257 3058 3095 
2 704 1759 
2 1701 3597 
0 
5 221 543 1668 3584 4125 
1 841 
4 762 1814 2001 2178 
2 3566 3795 
4 2814 2882 3764 3783 
2 1052 3017 
3 13 3505 4098 
2 265 3464 
1 3338 
4 143 619 1979 2680 
3 610 2960 3567 
2 1054 1937 
1 292 
6 1475 1483 2218 2289 2895 3511 
4 72 2448 3357 3964 
2 1695 1993 
6 10 2391 2521 2591 3328 4056 
6 700 816 1409 2273 2942 3519 
2 13 2402 
1 2475 
4 281 659 3583 3939 
3 1019 2099 3452 
2 120 3032 
1 829 
4 581 633 1565 1669 
6 219 283 515 1741 2165 4120 
6 248 606 2007 2794 3463 3921 
1 569 
2 730 1679 
3 106 1668 2099 
1 4159 
1 1184 
6 217 1492 1737 2011 2125 3535 
1 1269 
2 47 154 
1 1847 
1 1983 
2 1455 2299 
4 716 1804 2553 4104 
0 
3 2986 3336 3529 
1 1112 
3 1308 1737 1791 
3 215 1115 2954 
2 652 2622 
3 36 555 3415 
2 864 3987 
4 553 1978 2841 3347 
3 162 678 3385 
3 161 400 423 
1 2923 
5 114 1598 2010 2694 3230 
1 3509 
1 3203 
2 153 1831 
1 29 
2 47 1131 
3 3336 3607 3741 
3 565 2165 2894 
3 944 1830 3032 
2 367 3521 
1 3190 
2 1543 2239 
3 2570 2916 3642 
1 122 
2 1273 3107 
1 1985 
4 633 1149 2312 2338 
2 2459 2978 
2 2324 3840 
1 1020 
2 3101 3225 
3 1110 1878 2096 
2 1990 2063 
2 1120 2936 
2 1312 3421 
0 
6 589 796 1614 1869 1903 3895 
2 853 4026 
4 1848 1943 2856 3938 
2 2905 4155 
1 3581 
3 110 440 720 
1 436 
1 829 
3 2978 3404 4079 
1 1688 
6 294 687 1946 3308 3806 3902 
2 1100 1868 
5 159 1900 2070 3161 3615 
3 258 2651 2681 
4 1162 1848 2888 3266 
2 1887 4007 
2 2743 3236 
2 1787 4033 
2 129 875 
1 1529 
2 1911 2894 
3 485 539 1342 
4 745 1070 3924 4130 
2 2448 3950 
2 1481 1499 
4 691 1057 2313 3948 
0 
2 808 1190 
2 2793 4190 
2 2858 3351 
1 2030 
3 445 2804 3921 
4 1572 1642 2520 3492 
3 1508 1920 2577 
2 1828 1877 
5 490 627 1052 3602 3945 
2 1041 3264 
0 
3 931 2523 3561 
1 2888 
4 265 950 2148 3998 
2 1025 3978 
2 722 3605 
5 267 705 932 2448 2478 
0 
1 955 
0 
1 1781 
5 15 808 2363 3125 3689 
2 2640 3880 
1 623 
1 525 
1 1002 
0 
2 81 1343 
1 2046 
2 523 1284 
5 0 1519 1785 2728 4050 
3 996 2969 3221 
3 2019 2923 3952 
2 2094 3820 
3 1134 1532 1901 
2 2186 3636 
1 253 
2 107 1668 
7 696 1205 1378 1632 1787 2434 2504 
0 
2 1502 2784 
6 614 943 2388 2417 2444 3396 
2 671 3503 
0 
2 1790 2914 
2 1072 2238 
3 700 2070 2817 
1 323 
3 217 1848 3343 
2 634 1187 
3 393 1454 3097 
4 1692 1737 2571 2830 
3 83 1021 2765 
1 3538 
3 1141 1732 3378 
2 603 3461 
2 2349 3872 
2 1680 4190 
0 
3 2126 2885 3434 
3 1470 1855 2672 
2 1457 3545 
2 206 1777 
2 285 3089 
2 2021 2910 
2 2044 2672 
1 1606 
2 2035 3452 
0 
1 3823 
5 1 2446 3687 3813 4001 
3 1632 2847 3458 
1 3350 
4 159 1165 2504 2823 
4 411 1650 3279 3726 
1 1250 
1 2158 
2 1247 3710 
1 3513 
4 677 2010 2076 2243 
1 1303 
5 1106 2170 3171 3507 3999 
0 
3 268 1349 2116 
4 2037 2536 2666 4016 
2 2393 3107 
1 3340 
2 821 2577 
2 2683 3608 
3 3 158 2520 
3 746 2918 3087 
6 1410 1765 2721 3759 4095 4157 
1 2139 
3 107 301 1219 
3 965 1274 3271 
3 583 1033 2515 
5 1411 1542 3129 3522 3793 
3 444 585 2068 
1 1819 
1 3850 
2 2057 2287 
1 0 
2 2429 3671 
3 1670 3932 4078 
2 35 2339 
2 67 1001 
2 1543 2350 
2 993 1788 
4 697 1917 2105 4120 
1 1553 
1 3012 
3 546 1748 2467 
3 58 471 1665 
4 102 514 628 1743 
4 1322 2555 2967 3741 
3 558 1525 2167 
1 816 
3 1423 1776 3955 
3 704 854 2520 
1 2077 
1 982 
4 180 1310 1746 4170 
1 3466 
5 637 924 1064 1525 1605 
1 3149 
4 1745 2518 2965 3466 
5 457 1127 2435 3127 3726 
4 245 525 2008 2936 
1 25 
2 1952 1961 
1 2210 
1 3234 
4 415 2377 2821 3727 
3 1731 3899 4071 
0 
0 
2 55 1504 
1 2241 
1 1689 
5 775 1608 2450 3214 3636 
2 2377 3575 
3 602 1088 2288 
2 599 616 
1 1893 
3 1568 2450 3500 
1 3379 
1 126 
4 241 375 449 1947 
4 1818 2183 2309 3339 
2 2322 2451 
3 774 1947 3468 
5 53 72 1369 1795 2587 
4 1765 2548 2625 3529 
4 408 1327 1434 3457 
2 2636 3618 
0 
1 4091 
0 
2 1757 2513 
4 268 626 731 4118 
1 3484 
4 1903 2029 2655 4137 
6 1071 1152 1865 2251 3428 4040 
1 421 
2 1132 2729 
1 2585 
3 537 628 4068 
0 
7 58 74 682 2207 2600 2851 3123 
4 2927 3438 3751 4162 
1 4093 
2 718 2085 
4 992 1027 2869 3711 
4 1083 2234 2751 2896 
1 693 
1 1751 
1 531 
5 46 999 2708 3360 3830 
2 569 2482 
4 453 1426 1724 2751 
4 1155 2451 2708 4118 
4 49 476 820 1624 
1 2735 
2 3774 3818 
3 2172 2456 4098 
4 1109 1523 2931 3784 
2 1663 1779 
2 2355 3928 
3 606 1728 3052 
3 190 3426 4042 
2 1143 1384 
2 967 4198 
4 1529 1698 1937 2425 
0 
3 816 3464 3881 
3 820 1095 2050 
2 3076 3093 
1 2686 
5 201 749 1277 2202 3044 
6 229 467 1834 3288 3347 3792 
3 238 2303 3226 
1 2536 
4 332 2138 2549 4139 
3 1415 2900 3188 
4 190 860 1741 3480 
3 799 2933 3971 
4 1092 2415 2495 3681 
2 3083 3339 
1 1103 
1 4048 
3 1897 2083 3212 
3 798 2784 3142 
2 1470 1724 
2 2381 2939 
3 966 2772 3523 
1 1697 
2 808 1532 
1 3050 
3 149 3431 3812 
1 1680 
4 198 2670 3317 3515 
4 56 2707 2963 3414 
3 665 677 1561 
1 1284 
2 2144 2930 
1 361 
2 1601 1954 
0 
2 515 1100 
1 3911 
2 1757 3821 
1 1946 
5 883 1589 2673 2744 4154 
1 3931 
6 463 750 1259 2328 3653 3922 
3 544 810 1881 
1 2921 
4 186 1092 1469 2697 
3 109 3194 3877 
2 754 3285 
2 1212 1980 
3 148 2201 4035 
3 2785 2833 3916 
4 332 930 1795 1933 
5 201 528 1036 1789 3638 
6 546 716 1663 2027 3084 3998 
4 849 1522 1780 4000 
1 3587 
1 703 
1 2525 
4 258 1048 1384 2420 
2 699 2396 
1 1496 
3 178 404 3415 
5 850 2626 3443 3781 4144 
5 919 1553 1651 3652 3730 
3 1298 2606 3181 
4 502 1770 2336 2855 
1 770 
1 3016 
0 
1 664 
2 153 792 
3 9 758 1716 
2 744 3121 
1 373 
3 86 1674 2823 
2 459 892 
1 2328 
4 275 340 2057 2316 
1 104 
3 206 687 1801 
4 546 588 1131 2700 
4 190 340 492 4029 
3 424 2979 3361 
5 1604 2501 3081 3393 4032 
2 1556 4030 
4 1019 1560 2949 3524 
3 342 973 1138 
2 747 1052 
5 197 1028 1650 2104 2498 
2 2220 3111 
4 416 1054 1126 1187 
1 2535 
6 632 1081 1378 1585 3612 3947 
4 714 915 3676 3714 
4 21 1084 2160 3329 
2 2913 4063 
2 1094 3302 
0 
2 43 1022 
6 355 572 1630 1789 1955 3358 
4 2237 2672 3870 4082 
2 670 3967 
1 3199 
1 2741 
2 198 863 
1 541 
6 126 766 1420 1614 3309 3813 
3 164 3750 4051 
0 
1 374 
3 844 1077 3912 
3 2154 3394 3566 
3 1410 1444 1567 
2 2122 3000 
3 509 3631 3702 
0 
4 1084 1801 2663 2941 
2 629 2853 
2 295 836 
0 
6 260 444 595 933 3057 3207 
0 
0 
1 1953 
3 1484 1906 3939 
7 529 777 1245 1965 3293 3535 3876 
2 1710 3211 
2 244 262 
0 
4 1491 1511 2193 3195 
1 3594 
5 151 1372 1881 1983 3062 
3 2820 3043 3334 
1 1925 
7 531 2713 2826 3262 3265 3652 3661 
1 2310 
2 3290 4154 
0 
6 227 513 564 632 995 3599 
3 333 2110 2884 
1 2491 
2 2557 4087 
2 1969 3695 
3 378 2995 3972 
4 748 818 1919 2860 
4 1885 2500 3682 3864 
4 566 604 2045 2325 
1 2955 
5 34 406 815 2862 3344 
0 
5 55 426 1748 2534 2727 
4 202 2427 2891 3010 
2 2354 3300 
1 2834 
1 2955 
3 148 2724 2726 
0 
1 2031 
2 2855 3632 
3 1770 2170 4011 
6 1161 1528 1580 2323 3145 3733 
2 748 3537 
0 
3 182 2151 3567 
0 
0 
4 2008 2149 2582 2730 
3 926 1631 1833 
2 2246 3284 
0 
2 116 3626 
1 3182 
3 127 1322 1684 
5 756 847 3042 3932 4107 
3 1014 1310 1894 
5 919 922 1183 1835 3221 
3 219 719 1948 
3 3088 3543 3996 
3 1842 4131 4136 
5 317 1199 2193 3049 3806 
1 2471 
3 1187 1728 3218 
4 1038 1441 2146 2723 
5 43 268 1215 2608 3360 
4 941 1049 2256 2641 
1 3667 
3 77 166 4093 
5 1650 2386 2586 2731 3053 
1 747 
2 2575 3096 
4 1739 1899 3236 3686 
2 250 3354 
3 643 2798 3417 
2 1162 2871 
4 384 697 4044 4173 
2 34 1707 
1 4089 
4 1285 2468 3076 3292 
0 
0 
1 1806 
2 829 1544 
3 739 868 2690 
7 1156 1535 1837 3068 3457 3616 3959 
1 3544 
2 1106 3493 
4 1581 2738 2970 3193 
0 
0 
4 1646 2016 2708 3880 
2 1750 3830 
2 502 3509 
3 2343 2696 3536 
4 632 2031 3201 3660 
3 612 2416 2909 
4 268 394 1762 4056 
2 1531 1597 
2 1056 2973 
4 844 1237 2343 3672 
1 1735 
2 1092 2432 
4 608 2016 2824 3663 
2 2793 2999 
3 1804 3885 3973 
3 579 1446 1855 
1 235 
3 399 1086 1454 
3 23 907 974 
6 183 880 1633 2085 2366 3883 
1 3151 
0 
1 2338 
3 640 1176 2670 
7 178 1079 1145 1404 2718 2809 3575 
2 3039 3443 
3 983 3046 3495 
1 2090 
1 2262 
1 1911 
2 602 4189 
2 408 2393 
3 565 1431 2429 
3 78 1114 1500 
5 862 3280 3565 3946 4197 
4 1486 2348 3579 4167 
1 4027 
1 512 
2 1562 3576 
1 2315 
2 2328 3117 
1 1241 
4 69 2818 3056 3999 
4 3 1081 2388 3036 
2 952 3924 
2 1472 1882 
2 257 3387 
2 1753 2732 
2 2478 3846 
6 159 1075 2033 2088 2397 3784 
3 1155 2814 4037 
3 947 2665 2966 
2 123 2722 
4 1649 2826 3462 3907 
4 645 656 1317 1843 
1 1527 
3 282 856 3034 
3 175 2197 4163 
3 4 2138 3470 
1 2007 
0 
3 1353 2882 3148 
4 1075 1937 2569 2732 
5 13 70 2334 2545 3014 
5 194 427 1198 2953 3155 
3 1622 1924 1933 
4 43 1860 2252 3093 
3 2095 2226 3228 
1 164 
1 2322 
2 27 1514 
2 341 3424 
0 
1 2300 
6 73 314 1549 2505 3125 4113 
2 429 3535 
2 177 2662 
5 296 1691 2608 2724 3294 
1 1707 
0 
1 2667 
4 984 1111 1198 1576 
3 12 139 1117 
3 1492 2004 2683 
4 1261 2044 2140 2487 
4 300 429 1770 3502 
1 468 
1 2214 
3 464 1602 2467 
4 392 1622 2575 2650 
3 1772 3446 3869 
5 109 1783 2606 2947 3490 
0 
3 1774 2133 3692 
1 863 
3 2443 3175 3279 
5 673 685 772 863 1216 
2 2660 3384 
7 291 2320 2384 2438 2756 2985 3935 
0 
3 818 2270 2533 
6 154 340 477 1190 1388 3099 
1 4141 
1 1644 
0 
4 1126 1233 2418 3723 
2 634 4112 
3 472 1549 2818 
0 
2 1522 3890 
1 2451 
4 763 2573 3395 3466 
1 3374 
0 
0 
0 
1 4101 
1 957 
2 325 1941 
4 164 1462 2159 3545 
3 103 3466 3910 
2 1828 3778 
5 102 727 2205 2885 3553 
1 2880 
3 179 1478 3728 
0 
4 1414 1969 2543 3517 
1 3857 
0 
1 606 
2 2471 3242 
1 3550 
3 147 1416 3798 
1 827 
5 129 487 1509 2894 3893 
5 1357 2203 2260 2376 3425 
1 4151 
0 
1 883 
2 1394 3993 
1 3346 
2 465 3477 
2 1202 1594 
3 1119 1627 3712 
3 407 2385 3814 
4 1648 2049 2956 3522 
1 3210 
2 1866 2520 
4 2779 3161 3898 4131 
1 30 
3 934 1897 3750 
4 176 1372 3634 3773 
5 1090 1712 2405 2637 2732 
1 1241 
4 713 3006 3474 3914 
2 2874 3949 
1 1272 
1 2795 
3 147 1054 2759 
2 2323 3930 
2 1881 2852 
3 159 3446 3855 
3 460 3801 4058 
3 1871 2119 2926 
0 
3 1354 2903 2931 
0 
2 971 4165 
0 
2 3217 4013 
2 1527 3312 
1 3684 
0 
5 1316 1763 2124 2438 3425 
0 
3 1003 3827 4057 
3 172 1464 2777 
5 1475 1832 2321 3006 4079 
1 1274 
2 162 1786 
1 1667 
2 1603 2951 
3 1710 2625 3646 
0 
4 1407 2066 2246 3741 
4 2687 2785 3214 3266 
2 7 3272 
3 1172 1313 3665 
3 2096 2783 4113 
3 1004 3395 3900 
1 986 
1 2437 
1 3492 
2 263 796 
0 
1 496 
5 347 793 1189 1275 1884 
0 
1 1722 
2 116 4062 
4 960 3093 3254 3725 
2 2067 3926 
3 1790 1858 1885 
4 582 944 1931 2341 
1 2950 
3 1086 2512 3910 
1 844 
1 1911 
1 333 
3 2291 3439 3691 
1 3309 
2 295 3029 
1 1636 
2 706 3841 
2 947 1083 
1 1898 
4 26 87 589 4136 
2 3836 4105 
3 412 593 3231 
2 1634 2241 
2 5 3898 
2 976 2652 
0 
3 130 3040 3831 
2 2071 2583 
0 
1 3861 
3 930 1894 2730 
1 765 
2 1359 2853 
1 2413 
2 684 2142 
4 1228 1268 2490 3692 
3 1671 1948 3323 
2 2158 3833 
4 233 676 1603 2232 
3 502 727 2961 
2 641 3662 
2 583 2086 
0 
3 381 680 3394 
1 720 
3 1028 1222 3040 
4 1880 2384 3325 3590 
1 1928 
4 20 683 1220 2125 
2 985 2247 
2 872 1830 
1 597 
2 827 2654 
1 590 
3 2159 2297 3339 
2 863 3236 
1 258 
3 478 2514 3039 
7 0 921 1066 1408 2187 2330 4147 
1 2501 
4 1087 2998 3673 4055 
1 1526 
1 37 
1 3703 
3 2823 2895 4164 
4 486 619 1385 2279 
2 1030 1435 
4 106 410 1414 3897 
3 855 3123 3511 
1 3857 
2 1727 2627 
1 1192 
2 520 771 
4 851 991 1820 4099 
2 524 3358 
4 722 1368 3210 3438 
3 601 3685 3914 
3 1110 2452 4199 
1 305 
2 1132 2378 
3 1087 2044 3323 
0 
2 1718 3173 
2 237 3370 
0 
4 1227 2087 2920 3209 
2 2006 2396 
1 1029 
4 0 37 1913 2023 
3 850 1484 3716 
2 2580 2731 
2 271 1186 
3 1526 3317 3542 
3 2326 3764 4186 
2 2744 4171 
4 122 1568 2026 3775 
1 1911 
5 585 1145 1252 1428 1992 
2 1892 3758 
2 2733 4111 
2 2027 2814 
1 2924 
4 680 711 1441 3105 
3 1359 2841 3754 
0 
1 1188 
3 2220 2365 2954 
2 1067 4111 
3 448 650 3589 
1 1304 
2 1980 4156 
1 2699 
4 848 1454 2879 3239 
0 
3 1742 2213 4024 
1 649 
2 1688 2095 
4 68 528 928 3702 
4 282 730 1982 4120 
6 2679 2737 2899 3668 3807 4194 
2 26 386 
1 964 
1 2880 
2 300 3767 
3 331 1704 3019 
5 614 857 1505 2144 2690 
3 2351 3007 3477 
4 464 1450 2626 4167 
2 1277 1566 
1 872 
1 4139 
1 3631 
3 1 776 3432 
4 1432 1712 2604 4048 
2 32 3196 
2 915 1617 
1 2778 
2 2432 4066 
1 3457 
3 1132 2525 3378 
5 561 618 1969 4058 4146 
8 124 196 344 2263 2851 2924 3023 3911 
3 1423 3162 3541 
3 75 3334 3922 
1 315 
2 2486 3560 
4 197 615 1487 4073 
2 1509 3555 
2 136 2119 
1 1212 
0 
2 950 1026 
4 214 233 440 3650 
4 467 1799 1856 2013 
4 130 464 1981 2797 
5 636 1869 2713 3675 3985 
2 2630 4162 
3 939 2579 3113 
0 
2 3805 4169 
4 2376 3689 3761 4164 
3 305 2845 3273 
1 3730 
2 256 302 
3 1680 1784 3123 
2 2532 2943 
1 2943 
1 805 
3 43 1444 2957 
2 823 3594 
3 90 228 981 
1 928 
4 1384 2515 3661 3746 
3 3369 3879 3917 
3 670 2949 3442 
1 463 
3 1712 3695 3814 
2 1309 2976 
2 755 3382 
5 418 1427 2124 2987 3911 
1 1266 
1 594 
1 2539 
3 2540 3062 3144 
2 3374 3881 
4 492 1556 1933 2250 
4 2011 2891 3135 3585 
2 2443 2599 
4 870 1054 1604 3742 
4 1400 1618 2257 2568 
4 718 937 3327 4055 
2 634 1254 
3 831 1143 3700 
1 3373 
3 1178 3243 3505 
1 1797 
1 1823 
7 464 522 654 1239 1532 2737 3639 
1 2848 
2 437 1084 
3 551 2518 3115 
6 80 592 2028 3056 3456 4189 
3 206 1995 2230 
2 1636 2219 
0 
4 1358 2048 2712 2861 
2 869 2302 
3 1027 2367 3148 
1 3575 
6 653 775 874 2129 3424 4088 
1 3138 
3 632 2615 3696 
1 3136 
2 1708 2059 
2 1522 3172 
1 815 
3 1533 2519 4055 
5 1384 1526 2026 2893 3257 
3 520 927 994 
4 626 646 867 2433 
1 1952 
4 242 1602 1678 3535 
3 128 2223 2343 
1 1249 
3 714 725 1146 
1 833 
2 1114 3050 
0 
3 461 2473 2570 
2 2449 3433 
2 598 1637 
0 
2 320 1879 
1 3345 
3 1424 2247 3475 
1 3555 
2 2125 2601 
1 1384 
0 
1 4182 
5 1165 1386 2865 3154 4171 
2 265 1466 
1 1224 
1 1584 
3 958 1806 2206 
2 1570 1859 
4 20 1648 2212 4121 
4 486 962 2713 3893 
2 685 822 
3 195 2751 3082 
0 
0 
0 
0 
3 818 1650 2667 
4 712 1852 2582 3680 
0 
4 603 800 1778 2005 
1 3509 
2 1419 1911 
2 3153 3385 
5 1202 1209 2716 3221 3583 
1 3386 
2 723 3210 
4 81 954 2401 2999 
1 2308 
4 1322 1462 2240 2260 
3 1528 2018 2604 
0 
2 1399 3128 
0 
1 2728 
1 1102 
2 3010 3491 
0 
4 222 476 2672 3710 
3 871 1245 2090 
3 794 1246 1471 
2 926 3224 
1 796 
2 1369 2003 
1 1945 
0 
1 1955 
0 
2 772 2130 
5 696 2245 2544 2680 3852 
1 1384 
2 2849 3114 
3 715 2285 3577 
2 2311 4174 
1 3413 
2 3025 3416 
4 713 1380 1481 2985 
4 725 919 1525 3415 
2 1166 3130 
2 59 1328 
4 347 377 2297 3381 
0 
2 2967 3591 
3 106 1986 2590 
3 1996 2608 3025 
6 32 1367 1650 2178 2462 3302 
1 1084 
2 966 3329 
1 1369 
1 3526 
3 1015 1449 2314 
2 2935 2942 
2 2223 2597 
5 392 1618 3349 3871 4147 
0 
2 269 3170 
3 399 2346 3439 
0 
4 938 1325 2052 2562 
1 1947 
4 564 3798 3928 3954 
3 1063 3052 3547 
5 1414 2163 2586 2605 3716 
2 3703 3878 
1 2479 
4 11 134 441 538 
4 217 1546 1737 2900 
2 578 3740 
4 1157 2547 2733 3427 
0 
2 1833 2236 
2 2822 3875 
2 2700 4108 
3 555 1568 3306 
3 1515 4076 4175 
2 966 1063 
2 1281 3273 
1 1843 
1 3884 
0 
1 2798 
3 1016 1376 4069 
2 1304 1519 
2 400 3243 
4 1837 2106 3121 3718 
1 774 
0 
3 418 889 3432 
1 1719 
4 613 1061 1182 1296 
3 632 1529 2151 
1 2896 
3 923 2431 3473 
1 3947 
3 343 1322 3528 
2 52 2203 
3 1346 1629 3296 
1 979 
4 1561 2199 3310 3518 
2 696 1027 
3 511 2811 3231 
0 
1 400 
2 3042 3324 
4 26 694 2092 3811 
1 2995 
6 11 1708 1850 1931 3657 4118 
1 2036 
1 2257 
4 383 2628 2934 3074 
2 1425 3758 
2 1380 1490 
2 1970 3505 
3 1943 2669 4067 
0 
2 2529 2804 
4 63 1164 3837 3845 
2 2060 3647 
3 1124 3615 3729 
0 
5 1144 1256 1517 1742 2005 
2 29 1227 
0 
4 1345 3299 3320 4101 
1 1624 
5 1129 2948 3061 3248 3856 
3 301 2271 3984 
1 2923 
0 
1 2426 
2 2583 3036 
3 1933 2315 2399 
3 415 1662 2323 
1 1874 
1 313 
2 2359 3135 
6 17 758 823 883 3510 3689 
2 470 2492 
2 1067 2228 
4 19 893 1095 1627 
1 621 
4 3024 3510 3757 4180 
2 2823 3301 
1 1176 
7 894 1143 1151 1507 2132 3342 3868 
0 
1 3643 
1 14 
3 2288 2530 3013 
3 647 2657 3394 
1 1876 
2 348 3878 
3 1203 3796 4048 
1 1488 
3 371 720 1004 
3 148 202 2718 
1 3677 
0 
1 2124 
4 209 2493 3372 3468 
2 1716 3116 
2 1317 3848 
2 1332 3231 
0 
1 3066 
3 433 624 1326 
1 1657 
4 1645 2593 3309 3894 
5 24 2128 2160 2428 3598 
3 2038 3802 3898 
4 274 1228 2203 3708 
1 2939 
6 392 616 1436 1958 3576 3865 
0 
2 1683 3897 
4 255 2451 3011 3261 
3 495 3832 3978 
1 2957 
4 999 1731 1966 3526 
2 952 4028 
2 2587 4069 
1 444 
4 1135 1403 1637 2025 
2 369 685 
3 1066 1884 2247 
3 1114 1857 4136 
3 1247 1721 2983 
3 40 882 3977 
2 177 2294 
0 
1 947 
3 1542 2917 3831 
4 1222 1665 2402 2433 
0 
3 2192 3571 3939 
3 1296 3141 3197 
1 150 
2 1621 2053 
0 
4 1930 1958 2894 3857 
4 1350 2175 2205 3026 
1 124 
2 391 3575 
2 934 3331 
4 1613 2038 2815 3815 
1 1 2 3 3 1 1 3 2 2 1 3 4 3 2 1 2 3 1 1 2 1 1 1 1 1 1 1 1 1 2 2 2 1 2 3 1 2 3 1 2 2 2 1 1 2 3 2 2 3 1 1 1 2 2 3 3 2 1 1 1 1 1 2 1 4 3 1 1 1 1 1 2 1 1 1 3 2 2 1 3 3 1 4 2 1 2 2 1 1 1 1 1 2 2 1 1 1 1 2 1 1 2 1 3 3 1 1 2 4 2 2 3 1 1 1 1 1 1 1 1 1 3 1 3 1 2 2 3 2 1 1 1 2 2 1 3 2 1 2 1 1 1 1 3 1 3 1 2 3 1 1 1 2 2 2 2 1 1 2 1 1 3 1 3 1 2 1 1 1 1 1 3 3 1 2 3 2 1 1 1 1 2 1 1 1 2 1 1 1 2 1 1 1 1 2 1 2 1 2 1 3 3 3 1 2 1 1 1 4 2 1 1 1 1 3 1 2 1 2 2 2 1 1 2 1 2 1 3 3 1 1 1 1 1 1 1 1 3 2 2 3 3 1 3 1 3 2 2 2 3 2 1 1 1 1 2 2 3 1 1 3 1 1 1 1 3 2 3 1 1 2 1 1 2 2 1 1 2 2 1 1 3 2 1 2 1 1 1 1 1 1 2 1 1 1 2 3 1 1 4 1 2 2 1 1 1 1 1 1 2 1 1 1 2 2 1 1 3 1 2 1 1 3 1 1 2 2 1 2 1 1 2 2 4 2 1 1 1 1 1 2 1 1 5 1 1 2 1 1 3 1 1 1 1 1 1 2 3 1 1 1 1 2 1 1 1 1 2 1 1 3 2 1 2 1 1 1 1 1 1 2 1 1 1 2 4 3 1 1 2 1 2 3 1 1 1 2 1 4 2 3 2 3 2 3 4 2 3 1 1 3 1 2 1 2 1 2 2 2 2 2 1 1 4 1 3 1 1 3 2 1 1 1 2 2 2 2 1 1 1 2 3 1 2 2 1 2 1 1 1 1 1 1 2 2 1 4 1 1 1 2 1 2 2 1 1 1 2 1 1 1 1 1 2 1 2 1 2 2 3 1 1 1 3 2 3 2 3 1 2 3 2 2 1 1 2 1 2 2 1 1 3 1 2 1 1 2 1 1 1 5 2 2 2 2 1 1 1 1 1 1 2 1 1 1 1 2 1 3 1 2 1 2 2 2 1 4 3 2 1 3 2 3 3 1 4 1 2 1 3 1 1 2 1 2 1 1 1 2 2 1 2 3 1 4 3 1 3 2 1 1 1 1 1 2 1 2 1 2 2 2 1 3 2 2 3 1 5 4 1 1 1 1 2 1 2 1 1 2 1 1 2 1 2 2 3 1 2 2 2 2 1 1 2 2 2 1 1 2 2 1 3 3 1 1 3 3 2 1 1 2 4 2 1 1 1 3 2 1 2 1 2 2 2 1 1 1 3 2 1 1 4 3 3 1 1 2 1 2 1 1 1 1 2 1 2 2 2 1 3 1 1 1 3 1 4 2 3 2 4 3 2 3 3 1 1 1 1 1 1 1 4 2 1 1 2 4 1 2 2 1 1 2 3 2 3 1 2 4 1 1 2 2 1 3 2 1 2 2 4 3 3 3 1 5 1 1 2 1 1 3 3 1 2 1 1 1 1 2 1 1 1 1 1 1 3 1 2 2 2 1 4 1 3 2 3 2 3 1 1 1 3 1 1 2 5 1 1 2 2 2 1 1 2 2 1 1 2 3 1 1 1 1 1 2 2 1 1 1 1 1 2 3 3 1 3 2 1 2 2 1 1 1 1 1 2 2 1 1 2 3 1 3 2 2 1 3 2 1 2 2 5 1 2 2 1 3 2 3 1 2 2 1 1 1 1 1 1 1 1 1 1 1 2 2 1 3 1 1 4 1 2 1 1 3 3 3 1 1 2 2 1 1 3 1 2 1 2 2 2 4 3 1 2 2 1 1 1 1 3 1 2 1 1 1 1 1 2 2 1 2 1 2 2 2 1 1 3 1 3 2 2 1 2 2 3 1 3 1 2 2 1 1 1 1 1 1 1 1 1 2 1 1 1 1 2 2 1 1 3 1 2 2 1 3 2 1 1 3 2 2 1 3 1 1 1 1 3 2 3 1 2 4 1 3 1 2 1 2 2 1 1 1 1 1 2 2 1 1 3 1 1 1 1 1 2 2 1 3 1 4 2 1 1 1 2 1 1 1 1 2 2 2 2 2 2 4 2 1 2 1 1 1 1 1 1 2 2 1 2 1 2 1 1 2 1 1 1 2 1 2 3 1 2 2 3 2 2 3 2 2 1 3 1 1 3 3 2 1 1 2 1 1 1 1 1 1 2 2 1 2 3 3 1 3 4 1 1 1 2 2 1 2 1 2 2 1 1 1 2 1 1 1 1 2 1 2 4 1 2 1 2 1 3 1 3 1 2 1 3 1 2 1 2 1 1 1 4 1 3 1 2 1 1 1 3 2 1 3 2 2 2 1 1 2 4 1 2 1 1 1 2 1 1 2 1 4 1 3 1 1 1 1 2 1 1 1 1 2 1 1 1 3 1 3 1 1 3 1 1 1 1 2 1 3 1 2 3 2 2 2 2 1 2 2 2 1 1 1 1 1 1 1 1 1 2 1 2 3 1 4 2 1 3 1 3 1 1 2 4 1 1 1 2 1 1 1 3 2 2 2 2 1 1 2 2 1 1 1 1 1 2 1 2 2 3 1 2 1 3 1 3 2 1 2 1 1 3 1 1 1 1 1 1 1 1 2 2 2 2 3 1 2 1 1 2 3 1 2 1 1 3 1 2 3 1 1 2 1 3 2 2 1 1 3 2 2 1 1 1 1 1 1 3 2 1 2 1 2 1 2 1 1 2 2 1 1 1 1 1 2 2 1 2 1 1 1 4 1 1 2 2 2 2 1 1 1 3 1 3 4 2 1 1 1 2 3 1 1 2 1 1 2 4 2 2 2 1 1 2 2 2 1 1 1 1 1 1 1 2 2 1 3 1 1 2 2 1 1 1 1 1 3 2 2 2 1 1 2 2 1 1 3 1 1 1 2 2 2 1 1 2 1 2 1 2 1 3 2 2 2 1 1 3 3 1 1 4 1 1 3 1 1 3 1 2 1 1 2 2 1 2 1 2 1 1 1 1 1 1 2 1 1 2 1 3 1 3 1 2 1 3 1 1 2 1 2 2 1 2 1 1 2 2 2 1 1 2 1 2 4 2 4 3 2 2 3 1 1 2 1 1 1 4 1 1 1 1 1 1 3 1 1 1 1 1 1 1 1 2 2 1 2 3 3 1 2 1 1 2 2 2 1 3 3 2 3 1 1 2 2 3 2 2 1 2 3 1 1 1 2 2 1 1 3 1 1 1 2 1 1 1 1 1 3 1 3 2 1 2 2 2 3 1 1 3 1 3 4 2 3 3 3 2 2 1 2 1 1 1 2 2 1 3 1 1 1 1 1 2 2 3 2 1 1 3 3 1 2 1 1 3 1 1 2 1 1 2 3 1 1 3 1 1 2 1 1 4 1 1 1 2 2 2 1 2 1 1 3 1 2 3 1 2 1 1 2 1 1 1 2 2 1 1 1 4 1 2 1 1 2 1 1 3 1 1 1 2 2 1 2 2 3 2 3 1 4 1 1 3 1 3 1 2 2 2 1 1 1 1 1 2 1 3 2 2 3 3 1 2 1 1 1 1 1 2 2 2 1 2 1 2 1 2 3 1 2 5 3 2 1 1 2 2 1 1 2 2 1 3 1 1 1 1 2 2 3 1 3 2 1 2 1 2 4 1 2 1 1 3 2 1 3 3 1 2 2 3 2 3 2 1 2 1 1 3 1 3 1 1 2 3 1 1 1 1 2 1 1 2 3 1 1 2 1 2 3 2 2 1 3 1 2 1 2 1 1 3 1 3 2 1 4 1 1 1 1 1 2 2 1 3 2 1 1 1 1 1 2 2 1 1 2 2 2 2 1 1 2 4 4 2 1 2 1 2 3 3 1 2 1 1 1 2 2 1 2 3 1 1 2 1 2 3 2 2 2 1 1 1 2 3 1 1 2 1 2 2 2 1 2 1 2 2 2 1 1 1 2 2 2 2 2 1 1 1 2 1 1 3 1 2 3 1 1 2 2 3 2 1 1 2 3 1 3 1 2 2 1 1 1 1 1 2 4 1 1 1 3 1 1 2 1 1 1 1 3 4 1 2 2 3 2 2 2 1 1 2 1 1 1 2 1 4 1 2 3 2 2 2 3 2 3 4 1 1 2 1 1 2 3 1 1 1 1 1 2 4 2 1 1 3 1 2 3 1 2 3 3 1 1 1 3 1 1 1 3 1 2 1 1 2 2 2 2 1 1 2 1 1 2 3 4 2 3 1 1 3 1 2 2 1 1 2 1 1 2 2 2 1 1 1 1 1 2 1 2 2 1 2 4 1 4 1 2 1 2 1 1 3 1 2 2 1 3 2 1 2 1 1 1 2 2 3 1 2 2 3 2 2 3 2 1 3 1 2 2 1 3 2 2 1 1 3 1 3 1 1 1 2 2 2 3 1 2 1 1 1 2 2 1 1 2 4 2 1 2 1 1 1 1 2 2 1 1 2 3 1 1 1 1 1 2 1 2 1 1 3 1 3 2 1 1 1 2 2 2 1 1 1 1 1 2 1 3 2 2 2 1 3 2 1 1 2 1 4 2 1 3 1 1 3 1 1 2 2 2 1 2 3 1 1 1 1 2 1 1 1 3 2 1 2 1 3 2 1 1 1 2 3 2 1 2 1 2 1 1 2 1 2 1 1 1 3 1 3 2 1 1 3 2 1 1 2 1 1 1 3 2 1 3 1 3 1 2 1 1 1 3 1 2 2 2 2 1 1 1 1 2 3 3 2 3 1 3 2 2 2 2 1 1 2 1 2 3 1 1 1 1 2 2 2 3 1 1 1 1 1 2 1 1 2 1 3 2 1 2 1 2 4 1 1 2 1 1 1 1 3 2 1 1 1 1 1 1 2 4 1 1 1 2 1 2 1 2 3 3 1 5 2 3 1 1 2 1 3 4 2 1 1 3 2 1 1 1 2 1 1 1 2 1 1 1 1 1 2 3 1 2 1 1 2 2 2 3 1 1 2 1 1 2 1 1 3 1 2 2 2 3 3 2 1 1 2 3 2 1 2 3 3 2 1 1 1 1 2 1 1 3 1 3 3 3 1 1 3 3 2 1 3 4 2 1 1 1 1 3 2 2 1 1 2 2 2 2 2 1 2 1 2 2 1 1 1 2 3 2 1 1 1 2 1 1 1 4 1 1 2 1 1 1 1 1 1 2 1 2 1 1 1 1 1 2 3 2 1 2 3 1 3 2 3 1 2 1 2 2 1 1 2 3 1 2 1 1 2 3 3 1 1 1 1 2 1 3 3 2 2 4 3 2 2 3 3 3 2 1 1 2 1 1 3 1 2 1 2 1 2 1 3 1 2 1 2 1 1 1 2 3 1 1 1 1 1 1 2 3 3 3 1 4 1 1 1 2 2 1 2 2 1 1 1 2 1 1 1 1 2 2 2 2 2 2 1 1 2 2 1 3 1 2 1 1 1 2 1 3 1 1 1 3 3 3 2 1 1 2 1 2 1 2 1 1 3 2 2 1 3 2 4 1 2 2 1 1 2 3 1 3 2 3 3 1 2 1 2 2 1 2 4 1 2 3 2 1 1 2 1 2 1 1 2 2 1 3 1 1 1 2 2 2 1 1 3 1 1 2 2 3 2 1 3 3 3 4 2 3 2 1 3 3 2 1 1 3 4 4 2 2 3 1 2 2 2 1 1 2 1 1 1 3 2 1 3 2 1 1 2 1 1 1 1 2 1 1 2 2 2 2 1 2 1 1 1 1 2 2 3 1 2 1 1 1 1 1 1 1 2 1 2 2 2 1 1 2 1 1 2 1 1 3 3 1 1 1 1 1 1 1 1 2 1 2 2 1 4 2 2 1 2 1 2 2 2 1 1 2 1 1 2 1 1 1 1 3 3 1 1 2 2 1 1 1 4 4 3 1 1 2 2 2 2 1 1 1 2 1 1 1 1 1 3 1 1 1 1 1 2 1 2 3 1 2 3 2 3 2 2 1 3 2 1 2 1 1 1 2 1 2 1 3 1 3 2 1 1 2 1 1 2 1 1 3 3 1 3 2 2 3 1 1 1 1 1 3 1 1 1 1 1 2 2 2 1 1 2 1 1 1 1 2 1 1 2 1 2 1 2 2 2 1 1 3 2 2 1 1 4 2 1 2 1 1 1 1 2 1 1 2 2 1 1 2 3 1 1 2 1 1 1 2 2 2 3 1 1 1 1 2 2 1 1 2 2 2 1 1 2 2 2 2 2 1 1 3 2 1 1 1 1 1 2 3 3 2 3 1 3 3 2 1 1 2 1 4 1 1 2 3 2 2 1 2 2 1 3 2 2 1 2 1 3 2 4 1 1 1 1 1 2 1 3 1 2 3 1 1 1 1 1 1 1 3 1 3 3 1 1 2 2 1 1 2 2 2 1 2 2 2 1 3 2 2 2 2 1 1 1 1 3 2 1 3 3 2 3 3 1 3 2 3 2 2 3 3 1 1 3 1 2 3 1 1 2 1 1 4 1 1 2 1 2 1 1 2 1 1 1 2 3 1 2 3 1 1 1 2 1 2 2 1 2 2 1 2 1 3 2 1 1 2 1 1 1 2 3 2 2 1 2 2 2 1 2 1 2 2 2 1 3 2 1 1 3 1 1 3 3 1 1 1 1 1 3 2 2 2 1 2 3 1 1 1 3 1 1 2 2 1 2 1 1 2 2 3 1 2 1 2 1 1 3 4 2 2 3 1 2 1 1 1 1 1 2 2 1 1 1 2 1 1 1 2 1 1 2 1 2 1 2 3 1 3 1 3 1 3 1 2 1 2 3 2 1 3 2 2 2 4 1 2 1 3 2 2 2 1 1 1 2 1 1 1 2 1 1 2 3 1 1 2 2 2 2 1 2 4 2 2 1 1 1 1 3 3 1 3 2 1 2 1 1 1 3 1 2 2 4 1 1 3 2 2 1 1 1 1 1 1 1 2 1 1 2 2 1 1 2 3 3 1 4 3 1 1 2 2 1 1 1 1 2 1 1 2 1 1 1 2 1 4 1 1 2 2 2 1 1 2 1 2 2 1 1 1 1 1 1 1 2 2 2 1 1 2 1 2 1 1 1 4 1 2 3 2 1 1 2 2 1 2 2 2 2 1 1 1 1 1 2 2 1 3 1 2 3 1 1 1 2 2 2 1 2 2 2 3 2 1 1 2 1 2 2 1 3 2 2 1 2 1 1 2 1 1 2 1 1 3 1 1 1 2 3 1 1 2 1 2 3 1 2 1 2 1 1 1 2 1 1 2 2 1 2 1 3 1 3 2 1 1 1 2 1 1 1 2 1 2 2 1 2 1 1 1 3 1 2 3 1 1 2 1 2 3 1 1 1 2 2 1 1 2 1 1 1 1 2 1 1 3 3 2 3 1 2 2 1 1 3 2 3 1 1 2 1 1 1 1 2 2 4 2 3 1 1 3 1 2 1 1 3 1 2 3 3 2 1 2 1 1 1 3 3 3 2 4 1 2 1 1 1 1 3 2 1 2 1 4 1 3 3 3 1 2 1 3 2 2 3 2 2 2 2 3 2 1 1 1 2 2 3 1 1 1 2 1 4 2 1 1 1 1 2 1 2 1 1 2 2 1 3 1 1 1 2 2 1 2 1 3 1 3 3 1 3 1 1 1 3 1 1 3 1 3 1 3 4 2 3 1 1 2 2 1 2 1 1 1 1 3 4 1 1 1 1 1 4 3 1 1 2 1 3 2 2 2 1 2 1 3 2 2 1 4 1 2 1 3 2 1 3 1 1 1 3 1 1 1 1 1 1 1 1 3 2 2 2 1 1 3 2 1 1 1 4 2 1 1 1 2 1 1 2 1 1 2 1 2 2 1 1 1 1 4 2 2 1 1 1 1 2 3 3 3 3 1 1 1 2 1 1 2 2 1 2 1 2 1 1 1 2 2 2 2 2 1 3 1 1 1 1 4 2 2 1 3 3 1 1 2 1 1 1 3 1 3 4 1 1 1 4 3 2 1 1 1 1 3 3 3 2 1 3 2 2 2 3 4 1 3 3 2 1 1 3 3 2 1 1 2 2 1 1 1 1 1 1 2 4 2 2 3 1 3 1 1 1 1 1 2 2 2 1 1 2 1 1 2 2 2 2 1 2 1 2 1 2 3 1 2 1 2 1 3 1 2 1 2 2 1 1 2 2 1 1 1 2 1 1 2 1 1 1 1 2 2 1 1 1 1 2 2 1 2 2 2 2 2 2 1 2 1 2 1 1 1 1 1 3 1 2 1 2 1 2 1 1 1 1 1 3 1 2 2 1 3 2 3 1 2 1 1 3 3 1 1 1 1 1 1 2 2 3 2 2 2 3 1 1 1 1 1 4 1 1 2 1 2 2 2 1 2 1 4 4 1 3 1 1 1 1 1 1 3 1 1 1 2 3 3 2 1 2 3 2 2 2 1 1 3 1 3 1 1 3 1 1 1 1 1 1 1 1 1 1 1 2 1 3 1 1 2 1 2 2 1 3 1 2 1 2 1 2 2 4 3 2 2 1 2 2 1 1 1 3 1 1 1 2 2 1 2 2 2 1 2 3 4 2 3 1 1 1 3 1 1 1 1 2 2 3 4 3 2 1 1 4 4 1 1 1 1 1 2 2 3 2 2 1 2 2 1 4 2 1 1 1 1 1 2 1 1 2 2 3 1 3 3 1 1 1 1 1 1 2 1 2 4 2 1 1 2 3 3 1 1 1 2 2 2 1 1 1 2 3 2 1 1 1 1 2 2 2 1 1 2 2 1 3 2 2 2 1 1 1 2 3 2 2 1 3 2 1 2 2 3 1 1 1 1 1 1 1 3 1 2 1 3 1 1 2 1 2 2 1 1 1 1 1 1 1 3 2 1 1 1 1 1 1 1 1 2 1 1 3 2 1 1 3 1 3 3 2 3 1 2 2 1 3 1 1 1 1 3 1 1 3 1 2 1 1 3 2 2 1 1 1 1 1 4 2 3 1 1 1 1 1 1 1 1 1 2 1 1 3 3 1 3 1 1 1 2 3 1 2 2 2 2 2 3 1 2 1 3 1 1 2 2 1 2 2 1 2 1 1 3 3 1 2 3 2 4 1 2 2 1 3 1 2 2 1 1 1 2 2 1 2 2 2 2 2 2 3 2 2 1 1 4 1 1 1 3 2 2 2 2 2 2 1 2 1 1 2 2 1 1 1 2 3 1 1 2 2 1 1 4 1 2 3 2 1 2 3 2 1 2 2 1 3 1 1 1 1 2 3 2 1 3 2 2 1 1 4 3 1 2 2 2 
