q 700
2 39 608 
3 328 364 429 
2 276 450 
4 104 250 656 672 
0 
2 254 440 
1 102 
0 
0 
0 
1 597 
4 93 198 241 559 
4 291 297 451 699 
1 607 
1 653 
4 16 91 216 580 
4 15 109 220 485 
3 93 260 585 
3 22 396 422 
3 274 486 657 
5 46 195 201 224 353 
2 222 523 
3 18 23 540 
1 22 
0 
4 444 473 508 532 
2 240 304 
5 284 359 478 528 618 
2 278 604 
1 502 
3 55 185 216 
3 161 237 347 
1 623 
1 408 
2 49 234 
1 132 
3 48 202 437 
4 194 293 409 663 
0 
2 0 642 
5 45 401 509 554 685 
3 200 583 662 
0 
2 528 614 
3 234 320 440 
4 40 156 165 227 
4 20 343 346 583 
1 659 
1 36 
3 34 169 522 
1 600 
0 
3 228 281 540 
0 
4 69 149 245 568 
1 30 
4 168 255 378 455 
1 140 
3 334 543 575 
4 136 189 315 620 
0 
2 571 621 
1 100 
2 66 632 
3 116 397 497 
4 69 407 469 506 
2 63 534 
4 256 399 439 606 
2 588 687 
2 54 65 
3 416 492 697 
2 141 409 
1 447 
1 252 
2 475 535 
4 347 362 390 427 
2 334 664 
4 286 361 386 445 
5 85 143 199 213 230 
3 387 414 479 
2 108 408 
4 95 151 335 492 
1 306 
0 
1 225 
2 78 151 
6 115 156 225 382 438 568 
3 367 405 452 
3 272 359 553 
0 
1 630 
2 15 438 
4 174 314 315 585 
7 11 17 241 459 574 681 682 
1 283 
4 81 105 410 670 
4 208 295 498 632 
3 242 387 604 
1 395 
2 622 658 
3 62 487 623 
5 117 308 356 416 607 
2 6 450 
2 629 695 
6 3 108 311 470 511 596 
4 95 147 256 458 
2 626 653 
3 181 329 470 
3 80 104 417 
1 16 
1 304 
3 128 206 499 
3 128 140 342 
1 213 
5 156 233 301 456 685 
2 86 497 
3 64 119 665 
4 101 403 538 631 
2 176 282 
5 116 121 151 635 658 
3 198 276 579 
1 119 
3 290 337 421 
1 138 
0 
2 152 338 
1 426 
1 286 
5 111 112 292 550 589 
1 458 
6 145 179 291 426 505 545 
2 485 618 
6 35 162 291 307 365 550 
1 268 
4 296 309 338 542 
1 525 
2 59 694 
2 378 602 
3 123 601 627 
1 657 
5 57 112 347 386 417 
1 71 
2 199 487 
7 78 150 272 315 356 413 643 
3 264 609 620 
3 130 148 407 
1 342 
4 105 494 520 640 
5 145 414 553 638 669 
4 54 177 241 480 
2 143 169 
5 81 85 119 296 580 
2 125 546 
0 
0 
2 432 571 
5 45 86 114 202 575 
4 164 469 472 572 
2 435 562 
3 480 484 674 
3 248 365 515 
2 31 589 
3 132 318 695 
4 203 434 563 573 
4 157 330 340 419 
4 45 295 510 662 
4 448 528 530 589 
4 217 277 313 399 
4 56 172 621 660 
3 49 150 316 
2 173 563 
1 646 
4 168 567 581 633 
2 170 481 
4 92 204 302 500 
2 383 561 
8 118 192 256 301 361 513 533 538 
3 149 291 454 
0 
3 130 200 587 
1 681 
1 107 
2 555 626 
0 
1 482 
2 30 699 
0 
0 
4 578 630 692 697 
3 59 292 574 
0 
2 239 310 
2 176 531 
1 496 
4 37 432 511 605 
1 20 
2 367 656 
0 
3 11 120 473 
6 78 142 228 385 400 664 
3 41 179 382 
2 20 595 
6 36 156 368 380 388 605 
3 163 480 564 
1 174 
2 324 424 
4 111 207 339 572 
4 206 344 476 595 
1 96 
2 308 397 
0 
3 378 563 681 
2 423 660 
5 78 113 337 569 648 
0 
2 217 644 
3 15 30 516 
3 167 215 238 
0 
2 390 512 
6 16 469 558 584 595 652 
3 594 595 629 
2 21 296 
4 275 328 376 670 
1 20 
4 84 86 265 573 
3 319 662 675 
1 45 
3 52 199 540 
2 257 491 
2 78 665 
2 232 348 
2 231 234 
1 114 
5 34 44 232 241 497 
1 371 
2 292 336 
1 31 
1 217 
6 191 308 339 392 457 688 
1 26 
6 11 93 149 234 367 626 
2 97 513 
0 
0 
2 54 599 
0 
3 371 390 474 
2 160 616 
1 612 
2 3 632 
2 440 608 
2 73 457 
0 
4 5 382 439 575 
4 56 258 291 665 
6 67 105 176 509 519 646 
1 229 
4 255 313 374 548 
0 
2 17 281 
2 266 281 
1 637 
1 507 
1 144 
1 225 
2 261 399 
3 282 491 516 
3 133 389 468 
1 512 
1 460 
2 346 605 
5 88 143 343 452 601 
1 370 
2 19 438 
3 223 285 610 
2 2 120 
2 167 351 
4 28 364 378 692 
1 674 
2 527 689 
3 52 260 261 
4 118 267 407 586 
3 94 563 617 
3 27 339 542 
2 275 568 
3 77 127 500 
3 359 557 660 
0 
1 542 
2 122 658 
5 12 130 132 177 255 
4 128 189 236 595 
1 37 
1 309 
4 96 165 345 388 
6 134 151 222 472 588 662 
2 12 378 
1 408 
0 
1 477 
4 114 176 391 658 
2 174 373 
1 445 
3 26 110 344 
0 
2 82 478 
2 132 340 
4 101 209 239 474 
6 134 294 370 477 528 588 
3 191 572 588 
2 104 325 
1 599 
5 167 258 391 416 512 
1 92 
8 59 92 143 409 416 480 562 568 
3 169 483 655 
2 404 640 
2 162 466 
1 226 
3 44 371 396 
0 
2 426 684 
3 364 409 631 
3 205 384 681 
2 311 486 
0 
1 539 
2 1 223 
1 107 
1 164 
0 
1 457 
1 351 
3 58 76 524 
6 81 384 391 482 494 580 
6 236 457 526 606 630 644 
3 122 213 384 
2 125 134 
6 206 239 284 460 462 517 
4 164 307 569 645 
1 655 
4 112 146 347 414 
2 46 272 
5 207 304 526 553 568 
1 295 
3 46 271 668 
5 31 75 140 342 550 
3 231 519 571 
1 659 
1 474 
4 277 333 492 600 
0 
3 20 495 697 
0 
1 358 
3 101 143 559 
0 
1 355 
5 27 88 287 397 560 
0 
4 77 176 563 630 
2 75 379 
0 
4 1 278 323 651 
3 132 160 532 
0 
5 87 196 241 548 626 
2 202 474 
2 400 426 
3 273 309 672 
4 235 247 320 655 
1 662 
1 302 
3 258 506 534 
0 
1 223 
2 421 617 
6 56 137 211 278 297 483 
1 362 
1 202 
1 493 
3 86 200 254 
2 175 553 
4 324 335 337 658 
3 199 474 694 
4 77 140 457 639 
4 79 97 515 550 
3 202 295 400 
1 268 
3 75 219 247 
3 301 313 335 
2 239 524 
1 623 
1 451 
4 98 398 555 605 
4 18 320 592 667 
3 64 209 359 
2 395 656 
3 67 167 266 
3 199 369 388 
1 40 
2 420 463 
2 117 561 
1 317 
3 87 434 498 
1 618 
4 65 145 282 424 
4 33 80 298 587 
6 37 71 315 323 537 550 
1 95 
2 439 528 
0 
2 143 669 
4 79 148 342 641 
0 
5 70 101 313 315 511 
4 108 140 461 465 
1 673 
4 164 483 521 562 
1 402 
2 122 377 
2 18 533 
2 212 588 
3 205 407 676 
0 
4 126 130 322 369 
2 75 584 
1 461 
2 1 578 
1 544 
0 
3 155 194 689 
0 
2 163 405 
1 158 
1 525 
2 36 513 
4 86 91 274 557 
4 67 254 411 675 
3 5 44 251 
1 534 
2 589 644 
0 
1 25 
3 77 303 452 
0 
2 72 495 
2 166 684 
1 633 
2 2 102 
4 12 394 510 661 
4 87 272 445 469 
0 
2 177 632 
2 56 459 
1 114 
6 239 252 332 336 386 505 
3 105 129 478 
3 93 455 533 
3 270 339 493 
2 417 428 
2 339 586 
2 402 556 
0 
2 417 657 
2 318 692 
0 
1 268 
5 65 157 220 452 485 
3 104 107 546 
1 516 
3 157 296 541 
2 25 198 
5 247 308 350 368 385 
1 74 
2 207 550 
2 300 309 
5 27 306 458 490 530 
3 79 534 637 
6 149 159 203 315 527 533 
1 173 
2 184 335 
4 316 378 419 605 
1 159 
3 16 131 469 
3 19 325 694 
5 100 142 574 592 610 
1 614 
2 523 534 
1 478 
2 229 267 
4 70 81 351 531 
5 381 460 497 542 620 
4 147 335 662 686 
3 353 447 500 
4 193 507 610 652 
5 64 115 234 493 630 
2 96 405 
2 111 688 
4 174 286 495 599 
1 533 
1 29 
3 546 683 689 
1 622 
4 130 457 593 607 
2 65 374 
2 263 496 
1 25 
2 40 256 
2 165 451 
4 104 194 416 635 
4 219 269 313 674 
5 176 242 437 604 649 
0 
3 160 387 696 
3 216 267 471 
2 339 534 
0 
2 256 348 
2 147 566 
4 419 552 605 662 
1 49 
3 21 489 532 
2 334 392 
2 135 436 
3 336 344 621 
2 280 480 
5 27 43 166 309 411 
0 
3 166 478 609 
3 192 492 650 
3 25 365 523 
5 176 422 459 480 501 
6 66 374 441 479 489 517 
1 74 
1 594 
2 409 581 
2 117 176 
2 327 572 
3 22 52 228 
3 472 582 629 
4 134 284 289 493 
1 58 
1 430 
1 130 
3 152 470 503 
1 670 
2 258 367 
1 628 
7 128 132 347 387 409 476 581 
1 594 
1 521 
5 88 148 344 383 646 
1 40 
2 182 395 
2 463 654 
2 287 438 
3 220 594 681 
2 11 356 
1 359 
2 175 403 
4 158 315 419 647 
5 163 170 211 283 361 
2 203 692 
0 
2 520 581 
3 172 568 658 
6 54 86 285 315 344 567 
3 213 340 586 
0 
3 61 155 348 
4 157 206 310 539 
2 163 225 
4 93 189 487 672 
5 58 156 254 599 677 
0 
1 671 
3 188 429 635 
1 120 
4 15 151 335 585 
4 172 537 550 566 
1 541 
2 41 46 
2 220 427 
4 17 92 580 671 
4 282 462 569 593 
2 179 408 
6 68 296 309 310 423 638 
4 128 161 166 442 
0 
3 602 604 677 
2 396 487 
2 505 586 
5 221 536 551 558 639 
5 201 207 220 221 292 
1 104 
1 10 
0 
4 245 312 500 575 
2 50 351 
3 138 272 660 
2 137 591 
0 
4 28 97 513 591 
7 194 202 271 395 483 521 688 
2 67 336 
3 13 101 505 
3 0 251 670 
2 144 530 
3 275 487 496 
0 
1 249 
0 
2 43 488 
0 
1 248 
2 283 377 
3 27 131 406 
0 
3 59 144 493 
3 61 168 526 
2 99 504 
3 32 100 393 
0 
0 
5 106 182 241 367 644 
2 138 693 
1 549 
4 103 221 541 664 
5 90 188 336 361 497 
2 117 323 
5 63 96 250 454 672 
3 172 449 648 
0 
4 119 511 578 657 
0 
2 262 479 
2 148 588 
2 386 594 
2 147 317 
1 414 
1 39 
1 143 
4 215 336 442 626 
2 340 688 
3 171 256 553 
1 562 
2 213 633 
1 513 
1 531 
1 364 
2 220 496 
3 14 106 681 
1 556 
3 316 341 371 
4 3 196 398 657 
5 19 139 465 635 656 
7 99 119 290 301 384 567 671 
2 47 349 
4 168 212 287 601 
1 451 
7 41 165 226 296 372 494 521 
1 37 
3 76 199 629 
3 116 230 255 
0 
1 396 
1 346 
2 148 413 
4 95 223 547 608 
3 577 585 658 
4 3 370 574 632 
1 418 
3 159 279 512 
2 226 439 
1 424 
2 575 591 
0 
0 
0 
6 93 180 211 324 558 653 
1 93 
1 503 
2 322 448 
3 40 114 686 
2 494 685 
1 68 
5 239 499 605 645 699 
3 280 432 503 
0 
1 697 
4 188 278 466 564 
1 627 
3 136 385 486 
2 103 162 
1 515 
4 70 188 353 691 
0 
3 12 185 688 
2 3 1 1 1 2 1 1 1 1 1 2 3 1 1 4 2 1 1 3 2 2 3 1 1 2 2 5 2 2 1 2 2 2 1 1 3 3 1 1 2 2 1 2 1 1 3 1 1 2 1 1 3 1 2 2 2 1 1 2 1 2 1 2 2 2 1 1 2 1 1 1 1 1 2 3 2 2 3 2 2 3 2 1 1 2 1 2 2 1 1 1 2 3 2 2 1 2 1 3 2 2 3 2 2 1 1 2 1 1 2 2 3 1 3 2 1 1 1 2 3 1 3 1 1 2 1 2 1 1 2 2 3 1 3 2 1 2 3 1 4 2 1 2 3 3 1 3 4 3 1 1 1 1 1 2 4 2 1 1 3 1 2 3 1 4 2 3 3 3 1 1 1 2 3 2 4 2 1 3 2 1 3 1 1 2 1 1 1 3 1 1 2 2 2 1 1 1 1 2 1 3 2 1 1 1 4 3 2 1 1 3 2 2 1 2 3 1 1 2 4 3 1 2 1 2 2 2 1 3 1 1 2 1 3 1 3 1 2 4 1 1 1 1 1 1 1 4 1 2 2 2 3 1 1 4 2 1 3 1 2 2 1 1 1 1 1 1 2 1 2 1 1 2 1 1 2 2 3 1 2 1 2 1 2 2 1 2 1 2 2 1 2 1 1 2 2 2 2 1 2 2 1 1 1 1 1 1 3 2 2 1 1 2 1 1 1 1 1 1 4 1 1 1 2 2 1 1 1 1 2 1 1 2 3 4 1 1 1 3 2 1 2 2 2 1 2 1 2 1 1 1 1 1 1 2 1 1 1 4 1 1 2 1 2 2 1 3 1 2 1 3 1 2 4 1 1 1 1 1 1 1 2 1 3 1 3 3 3 1 1 1 2 2 1 2 2 3 1 2 1 1 1 2 2 1 2 1 1 2 1 1 1 1 1 1 3 2 2 3 2 2 2 1 2 1 3 1 1 1 2 1 1 1 2 2 2 1 2 2 3 1 1 1 1 4 1 2 1 1 2 2 3 1 1 3 1 2 3 1 1 3 1 2 1 1 3 1 1 1 1 1 1 3 2 1 1 1 2 1 2 1 2 2 2 3 1 3 2 1 1 2 2 2 1 3 1 1 2 1 2 1 1 2 1 3 1 2 1 1 1 1 3 2 1 1 2 1 1 1 1 1 1 3 1 1 3 1 3 1 1 1 1 3 2 1 1 1 2 2 2 2 1 2 1 1 3 1 1 2 4 1 2 3 1 1 3 1 3 3 1 1 2 2 3 1 2 2 3 1 1 1 1 1 1 2 1 1 2 1 2 3 1 1 2 3 3 2 3 3 1 2 1 1 2 1 1 2 1 3 2 2 1 1 1 3 2 4 1 2 2 1 1 1 1 1 2 2 1 1 1 1 2 1 1 1 2 1 1 4 2 2 3 2 1 3 1 2 1 1 2 2 2 1 3 1 4 1 1 1 2 1 2 2 1 2 3 2 1 2 1 1 3 1 1 2 1 1 1 2 3 2 2 1 2 1 1 1 1 1 1 1 1 1 2 1 2 1 2 3 1 1 2 2 2 1 2 2 1 1 
