p 4400
4 684 1004 3143 3724 
1 2354 
2 2600 3331 
3 354 764 1663 
1 3947 
4 38 1230 1583 3343 
3 326 1567 3579 
0 
2 2354 2981 
1 2198 
5 487 767 1631 2760 3576 
4 3937 4065 4316 4351 
0 
3 4032 4160 4243 
2 409 3468 
0 
5 115 990 1957 2020 2502 
2 1135 2704 
7 986 1088 1376 1680 1681 1711 3472 
0 
2 1554 1916 
3 2076 2506 2715 
2 1419 1705 
2 560 2984 
2 2261 4061 
2 1702 4134 
3 254 1923 3438 
0 
1 1004 
0 
5 746 2004 2449 2701 4103 
2 1544 3169 
4 376 1313 2880 4329 
3 243 442 3815 
3 3196 3767 4060 
5 726 987 1868 3342 3971 
0 
2 561 1374 
5 5 1519 2038 2590 4341 
4 1159 2401 2871 3146 
1 1441 
3 712 1103 1545 
1 631 
4 311 3351 3528 3648 
2 3992 4037 
2 1537 4218 
4 1149 3308 3334 4147 
5 1904 2509 3409 3547 3705 
4 592 746 2387 4337 
2 1763 3314 
4 794 1737 2038 2407 
3 885 2530 2767 
1 3111 
3 452 865 2433 
2 513 3812 
1 2503 
1 4285 
2 559 3479 
0 
1 3181 
0 
2 428 2193 
0 
4 566 830 1962 2959 
2 1832 3675 
5 2616 2775 3204 3242 4030 
3 293 348 2624 
2 1557 3115 
2 2541 3189 
4 723 1562 1757 2116 
3 2482 3288 3933 
1 1067 
6 322 963 1261 2698 3289 4221 
2 446 507 
3 1742 3271 4304 
2 295 2917 
1 4202 
2 1864 2165 
5 364 2270 3173 3430 4051 
0 
1 1528 
2 917 2579 
4 818 1185 1425 2864 
1 4297 
4 472 1915 2845 3201 
4 503 1824 2750 3835 
1 2126 
0 
3 1546 1757 2355 
3 1167 1729 2304 
0 
2 914 1795 
4 169 1336 1862 3886 
3 818 896 1062 
2 363 3851 
1 873 
4 1065 1568 2339 4101 
3 427 2681 3616 
2 214 3821 
0 
5 1788 2104 2305 3818 4355 
1 868 
1 2782 
3 1079 1318 3969 
0 
3 1179 3395 4251 
0 
4 143 1667 1801 2457 
6 1390 1450 1622 2316 3504 3590 
2 376 3657 
2 3352 4266 
3 1399 2773 3612 
1 3445 
1 3848 
1 3396 
4 16 741 2473 2578 
4 3121 3134 3945 4117 
1 1459 
1 3869 
1 1372 
3 1581 2290 3166 
6 1210 1252 2600 3269 3347 4382 
0 
2 1314 1422 
2 212 3231 
3 2526 3315 3705 
0 
3 1676 1998 2774 
4 828 1507 2929 3186 
2 1725 3753 
1 1045 
3 964 2430 2650 
2 1707 4222 
4 1795 2354 3090 3874 
2 3395 3474 
2 3737 3881 
1 2649 
5 1005 2334 2622 3352 3625 
2 3565 3775 
2 2827 3160 
5 1458 2542 3397 3939 4224 
2 165 1233 
1 1524 
2 107 2896 
3 841 2769 2996 
1 2863 
2 1168 3738 
1 3823 
3 471 2531 4012 
1 2470 
2 1014 2586 
3 269 2440 2992 
3 1562 3677 4111 
1 829 
0 
5 1257 2551 3621 3801 3975 
3 279 464 2945 
1 3790 
2 3050 3489 
3 1891 2268 2532 
4 1602 3645 3936 4121 
0 
2 1054 3275 
2 266 2699 
1 2317 
4 141 519 1652 2340 
2 3783 3948 
4 823 1467 1569 2431 
5 1074 1230 1343 3607 3772 
3 92 993 2331 
1 2651 
4 1049 1399 3018 4197 
1 2228 
5 1547 1849 2650 3728 4308 
0 
3 690 1139 3771 
1 1948 
0 
1 1124 
1 251 
1 1388 
3 1110 2696 3260 
2 230 1221 
4 562 1807 1912 4201 
2 2694 3170 
5 1279 2079 2952 3543 4073 
1 858 
3 334 592 4289 
3 1909 4149 4347 
4 411 2469 3217 3963 
0 
4 960 1545 1863 3971 
0 
3 728 1225 1358 
2 2333 2783 
4 2311 3692 3920 4318 
5 1422 1680 3267 3766 4334 
3 2041 3228 3418 
1 3158 
3 1136 2859 4007 
2 2859 4352 
1 3468 
2 2259 2850 
1 3619 
0 
2 281 3972 
0 
1 2703 
3 1377 1620 1903 
1 3228 
1 2691 
2 350 3240 
4 124 1544 2306 3114 
0 
2 98 1611 
2 2092 3075 
1 428 
4 1115 1924 2290 4280 
1 716 
2 1193 2827 
3 2392 2826 3961 
2 1668 1818 
2 2587 3666 
0 
2 3550 4312 
4 2085 2309 2910 4284 
1 2290 
2 1710 3111 
1 3465 
1 564 
2 182 926 
4 1967 2326 2984 3328 
2 289 3923 
2 1959 2845 
4 340 2182 2873 4063 
3 2037 2859 3705 
2 2730 3876 
2 1819 1926 
2 1443 4289 
2 872 2428 
4 492 557 3324 4172 
0 
2 597 4286 
3 33 704 3283 
3 3406 3781 3832 
3 670 2515 2818 
0 
1 3577 
5 677 2693 3204 3723 4184 
4 350 773 2229 4035 
5 1013 1341 1562 2746 3920 
6 179 988 1939 2180 4142 4203 
7 1665 2333 2446 2859 3081 3536 3558 
3 950 1186 2613 
2 26 2069 
1 357 
3 3346 3608 4081 
5 448 1535 1615 2715 2772 
6 1422 1714 1764 1923 2629 3143 
3 1113 3971 4184 
2 1365 1752 
4 1347 1732 2076 3593 
7 376 1963 2592 3814 3967 4020 4027 
2 1127 1718 
3 553 815 1024 
3 686 2088 4222 
4 163 1717 1747 1914 
5 902 1845 2695 4005 4254 
4 940 1533 2887 3748 
5 151 2089 2411 2637 3303 
2 2263 2759 
1 2778 
2 1196 1840 
2 2565 3305 
2 680 2567 
4 675 1005 2237 3026 
1 687 
3 778 976 3040 
3 2182 3174 3748 
4 156 1004 1934 2994 
0 
3 205 1261 3172 
4 559 1530 4003 4345 
3 575 2596 3758 
0 
5 982 1854 1896 2921 4082 
1 2602 
3 875 2398 3506 
0 
4 232 559 1798 3632 
3 1355 2656 2977 
2 1741 2292 
1 971 
2 66 731 
3 575 1140 1748 
6 75 1042 1767 1826 2672 3298 
1 3482 
1 2645 
6 1147 1496 2016 2694 3755 4112 
4 875 1671 3681 3945 
8 399 863 955 1721 2389 2501 2802 2885 
3 1717 2785 3908 
3 1658 2743 3685 
3 821 2564 3539 
2 3229 3695 
1 3719 
5 1046 1563 1579 1767 2360 
0 
3 757 844 3464 
4 602 1909 2641 2684 
2 1990 2424 
4 43 2381 2886 3628 
7 939 1225 1989 2863 2953 4072 4342 
2 2415 3462 
4 1070 1415 2090 3336 
1 2661 
3 706 1683 3160 
1 2492 
1 1875 
0 
2 1732 3645 
3 501 1262 2320 
4 72 942 2275 2614 
5 717 1206 1386 2193 2865 
3 1249 1558 3915 
0 
3 6 1634 2281 
1 1898 
1 2037 
0 
1 3728 
3 1510 4313 4378 
1 1382 
3 2644 2807 4235 
2 187 3982 
2 647 1992 
1 4254 
4 580 885 1109 3455 
3 724 1637 3536 
2 3641 3815 
4 234 1099 3235 3496 
2 4311 4332 
1 3911 
3 1787 2310 2911 
3 1401 1840 3235 
0 
0 
4 612 1252 1984 2628 
1 66 
0 
3 211 249 3404 
5 396 1119 3052 3613 3762 
2 2511 3507 
2 2777 3829 
2 3 4024 
3 2288 3075 3939 
3 1872 3980 4102 
2 255 3192 
2 958 2578 
1 4253 
1 2243 
1 1865 
1 1652 
2 94 632 
1 78 
2 3186 3376 
1 3950 
3 1060 2628 3307 
3 835 1009 2882 
2 2850 3759 
1 1075 
1 1556 
1 3503 
1 1236 
1 920 
0 
3 32 109 262 
1 799 
0 
3 1823 2850 3110 
1 2028 
1 4345 
4 1498 2393 2954 2964 
0 
2 3017 3520 
2 875 3846 
2 2511 4235 
4 865 1638 1924 3107 
1 1347 
5 603 995 1884 3279 3986 
1 2928 
3 2062 2656 3444 
2 2346 2901 
4 585 2362 3368 3550 
3 484 504 2189 
4 903 2863 3130 3153 
6 351 3294 3765 4014 4137 4231 
2 2540 3680 
1 2161 
3 300 621 623 
4 1768 3187 3906 4016 
1 3843 
2 2792 4217 
4 1137 1681 2878 3737 
4 822 1977 2353 3303 
7 453 685 944 2069 2591 2963 3596 
1 881 
3 1751 4265 4266 
2 783 1564 
5 14 1906 3143 3984 4307 
4 653 1501 3168 3521 
3 189 742 2017 
2 3287 3552 
4 1053 1841 2802 3319 
4 1423 1854 1986 3154 
0 
2 588 1220 
0 
2 2149 3706 
1 2318 
0 
2 3621 3817 
3 1946 2127 3334 
2 1280 4021 
2 2771 3647 
1 1124 
1 1729 
3 97 1091 1120 
4 61 216 1382 1889 
1 667 
2 1472 1984 
2 1202 2206 
1 3728 
2 1744 1863 
2 561 3813 
1 4115 
3 1109 1171 3726 
2 730 3428 
2 1785 3304 
0 
2 1318 4078 
0 
6 33 1656 2011 2688 3056 3141 
2 516 3882 
2 1804 3394 
0 
5 73 836 2814 3005 3858 
2 1817 4230 
4 257 2244 4017 4037 
0 
3 841 3669 3936 
3 1351 1711 2968 
5 53 992 1269 1942 2270 
4 405 1869 2295 4243 
2 2044 3617 
10 704 885 1304 1512 2077 2566 2731 2798 3202 4108 
2 930 1103 
2 491 2052 
2 523 3310 
3 2158 3008 4151 
2 880 4287 
4 552 1697 2056 2830 
4 740 2274 3771 3974 
1 2068 
3 156 1167 3071 
1 2609 
0 
8 573 636 668 742 1740 2360 2812 3420 
2 901 3689 
1 3170 
4 832 894 2192 2456 
1 148 
6 84 1959 2988 3055 3189 3452 
0 
3 917 1065 3313 
4 713 1696 1786 1843 
1 2471 
3 1174 2555 3154 
5 846 1809 2002 2065 2624 
1 1338 
1 2350 
1 3807 
0 
4 1262 1907 2290 3161 
2 394 2697 
4 729 2291 3844 4258 
2 1714 3274 
5 10 546 2067 3222 3302 
2 745 2847 
2 2138 3150 
0 
3 457 3685 3723 
4 240 1791 2143 3214 
1 3450 
0 
2 2645 3139 
2 2299 2968 
4 1089 1405 1880 2480 
4 792 1502 1819 4131 
6 1492 2855 3158 3720 4059 4199 
2 2550 3680 
3 321 2104 2634 
1 1763 
5 85 2161 2675 3306 4143 
4 394 2023 2313 2611 
2 513 2581 
2 1339 2504 
4 73 1605 3667 4307 
2 2268 3667 
1 3611 
2 3357 3406 
0 
4 1109 1159 3887 4108 
7 54 505 2301 2346 2377 3743 3805 
0 
1 771 
3 443 4063 4116 
0 
1 3723 
3 165 2314 3389 
2 2345 2407 
2 1683 2880 
2 1885 4383 
4 458 1791 2389 3226 
5 834 1009 1575 2288 3773 
4 771 2298 3053 3088 
1 1267 
2 2076 2211 
1 2759 
3 2246 3874 4022 
4 870 1902 1982 3073 
3 2127 3383 3612 
0 
2 1077 4350 
4 2783 3282 3652 4249 
2 2371 2721 
1 4170 
2 2445 2986 
2 915 937 
3 1425 2617 2735 
2 2180 4327 
3 1313 1830 3921 
3 856 2256 3995 
0 
1 2713 
2 1182 3585 
1 487 
4 1532 1707 1768 2804 
0 
3 1588 1926 4164 
2 769 1919 
5 1161 2092 2412 3022 4148 
1 461 
5 264 1180 3115 3361 4189 
1 2710 
2 2856 3233 
4 844 1058 1871 2722 
3 240 1048 1631 
2 1371 2242 
5 57 282 289 1400 1844 
2 23 1649 
4 37 434 2147 3765 
4 183 1001 2560 3098 
1 2628 
1 229 
1 1641 
4 63 1712 1763 2161 
7 569 902 1522 3637 3697 3978 4024 
5 2040 2745 2863 3559 3860 
2 567 1524 
1 1433 
0 
1 1151 
3 467 946 2096 
1 3568 
3 283 294 1722 
2 1000 2234 
3 1594 2263 3003 
2 2171 3186 
6 846 1169 1582 2385 2678 3752 
3 337 1218 4224 
2 2440 3981 
3 1233 2679 3635 
4 960 1178 1740 4252 
7 833 861 896 1163 1837 2247 3624 
2 393 3665 
0 
2 678 3228 
3 416 1633 3563 
0 
0 
1 1426 
3 48 187 726 
1 1146 
2 3713 3773 
5 1279 1415 1468 2116 2447 
1 1992 
5 242 1170 2823 3988 4347 
1 2338 
0 
2 1787 3550 
1 2598 
4 309 1435 3960 4308 
3 389 692 2038 
2 2085 2205 
0 
3 804 886 4232 
2 658 2012 
3 929 1576 3948 
1 3790 
0 
4 2404 2922 3520 3859 
2 347 3135 
3 904 2168 3282 
2 1478 2892 
1 3051 
2 1471 3017 
4 1296 1359 1604 2731 
3 1819 1909 3558 
3 904 1881 4368 
4 2633 2716 4148 4193 
5 399 801 2382 2728 4174 
1 659 
2 399 4013 
4 1001 2443 3139 4111 
4 2345 3968 4139 4330 
1 1331 
4 1995 2184 2224 4351 
4 1059 1800 2607 3942 
2 985 2917 
4 1785 3491 3611 3686 
4 42 882 2974 3703 
3 363 2718 4371 
2 1107 2179 
4 992 1916 3098 3518 
1 1457 
2 467 3023 
0 
0 
2 2072 4239 
1 2765 
2 939 1135 
1 1555 
3 3006 3245 3678 
4 3441 3509 3707 3740 
2 1587 1660 
0 
3 335 909 4130 
3 758 3958 4209 
5 2126 2613 2883 2961 3585 
3 1511 2993 3271 
1 1814 
2 2648 2734 
4 410 1139 1783 4258 
0 
3 1810 1970 3875 
2 1346 1870 
0 
5 607 889 1542 3253 3387 
3 622 2634 3341 
3 1650 3939 4310 
2 2505 2870 
3 802 1484 4009 
0 
1 2080 
0 
0 
2 429 3871 
3 467 1654 1981 
2 1029 1569 
3 245 2033 2642 
3 1590 2740 2930 
2 2043 2876 
3 969 2300 3275 
1 2072 
4 275 1571 1715 3716 
1 3765 
2 248 1758 
5 587 1220 2635 3694 4021 
3 1202 1768 1890 
3 274 1304 3245 
4 1072 2724 3957 4273 
1 3131 
1 1875 
4 0 1000 2444 3295 
4 405 889 1189 2092 
4 265 1399 1793 2806 
3 276 1629 2806 
1 3049 
1 1919 
2 175 1382 
4 1119 1986 2645 2897 
4 603 2430 3302 4002 
0 
2 1086 2004 
2 1835 3999 
1 957 
0 
3 3112 3215 4115 
2 2459 3404 
3 1568 3251 4179 
3 871 2806 3227 
3 1153 3702 3714 
3 1456 3833 3962 
4 243 455 873 3739 
0 
2 316 3888 
2 1289 1489 
2 2938 3818 
2 1129 3120 
2 916 4156 
2 1050 3442 
4 41 1045 3473 3809 
2 475 3804 
2 2688 3453 
1 885 
2 218 1266 
1 323 
1 1369 
1 3579 
7 721 2143 2158 2561 3172 3564 3609 
2 720 3817 
1 2865 
2 69 1068 
2 338 2633 
2 1770 3382 
4 35 592 789 1806 
2 1935 2184 
3 193 2560 3491 
1 485 
3 437 3497 3531 
1 293 
3 869 1276 2993 
1 3355 
2 1187 1592 
1 1138 
2 996 1478 
0 
4 1445 1952 2767 3355 
3 1164 2300 4127 
3 462 1161 1289 
5 115 2129 2160 2637 3037 
4 411 467 3040 3143 
6 1032 1195 1795 1994 2947 3704 
2 2267 4274 
1 488 
3 30 48 2909 
1 2333 
1 930 
5 2335 2961 3026 3135 3483 
3 1811 2352 3594 
2 794 2779 
1 3013 
3 1364 2903 3372 
2 1472 1934 
3 1124 1649 3797 
2 1536 3499 
5 308 780 951 1149 2420 
4 648 829 2712 4399 
5 762 1399 1523 2175 3088 
1 1396 
4 2162 2237 2782 3995 
2 759 4177 
1 1455 
5 3 2158 3009 3490 3913 
1 4072 
1 1353 
1 10 
1 800 
1 550 
4 1574 1786 3332 4195 
5 515 525 1475 3454 4310 
1 2683 
4 249 877 3380 3465 
5 846 1633 2887 2959 4158 
2 1760 4327 
2 2413 2745 
1 1594 
3 277 1740 3678 
0 
3 757 3966 4091 
1 2803 
2 1809 3434 
3 408 1495 3054 
2 2024 3043 
1 2723 
6 1951 2063 2796 2824 3953 4381 
2 2211 3183 
0 
2 726 4040 
1 4110 
2 928 2680 
4 498 1232 3042 3703 
2 1957 2362 
2 50 751 
3 1259 2344 3183 
1 1069 
1 1666 
2 890 4162 
4 377 2000 2248 3800 
7 768 1322 1743 2515 2585 3596 4369 
4 621 1177 1519 1728 
4 662 3150 3570 4270 
4 915 1856 2500 3281 
3 606 1712 3024 
1 3779 
3 1374 1833 3299 
0 
1 2772 
4 881 1236 2453 3753 
6 1474 1616 2703 2904 3130 3536 
2 1443 4213 
2 3823 4243 
1 2671 
5 2589 3009 3038 3425 3909 
1 264 
2 875 2395 
0 
3 82 93 2319 
3 1391 1825 2558 
2 965 3398 
2 303 3855 
3 404 1375 3573 
3 167 1242 3320 
2 3318 4368 
1 2673 
1 1390 
1 2892 
2 128 3585 
3 153 758 4238 
3 63 1016 3467 
2 2127 3922 
2 470 3922 
2 584 1354 
3 524 2227 4331 
3 368 868 3252 
2 446 871 
0 
0 
1 3668 
1 3119 
5 144 450 1069 1908 3882 
3 2747 3675 3727 
1 3627 
4 308 556 906 2669 
1 3412 
6 478 579 774 1678 1745 3466 
2 2127 3761 
0 
3 2472 4070 4117 
3 1151 1308 3806 
1 2504 
2 1912 2932 
2 2914 2949 
1 1611 
2 1297 1497 
5 542 1595 1671 2215 3304 
2 1992 4335 
4 186 1204 1818 3014 
1 4071 
1 1663 
5 584 1874 2582 3736 3949 
2 926 3303 
4 300 1230 2030 3503 
0 
5 53 387 1561 3091 3570 
1 2758 
2 1665 3277 
4 101 835 1303 3561 
3 732 3128 4211 
3 530 1566 3349 
5 701 836 1237 2462 3590 
5 239 1687 2627 3733 3986 
3 95 704 3358 
1 3268 
10 287 299 385 816 1598 2206 2359 2989 2991 3659 
4 899 1373 2212 4004 
2 773 4057 
1 4363 
1 1085 
3 460 1682 4331 
5 406 809 1060 3704 4384 
2 631 2437 
1 2699 
3 1689 2814 3071 
6 51 337 455 715 2720 3747 
2 606 1082 
3 1184 3177 3455 
3 1335 2165 2268 
5 658 685 1132 2386 3549 
1 798 
1 2633 
0 
1 1629 
4 470 1198 3233 3970 
2 3592 4026 
6 93 584 2199 2641 4259 4386 
3 2728 3344 4315 
4 1440 2045 2926 3410 
2 876 2747 
1 3561 
3 468 2482 3670 
2 267 567 
5 395 1231 3856 3985 4383 
3 613 619 1007 
1 1947 
6 844 998 2293 3210 3355 4293 
5 1154 1700 3196 3220 4202 
1 1016 
1 647 
2 2250 2498 
2 1472 3189 
6 927 1769 2062 2519 3431 3542 
0 
5 91 1029 1834 2433 3422 
2 538 803 
3 710 1278 3127 
6 81 474 1309 1769 2952 3857 
0 
1 1662 
2 374 3146 
0 
3 1900 2010 2667 
0 
0 
0 
4 230 862 2703 3066 
1 912 
1 791 
3 608 1693 2010 
3 456 748 4018 
1 1716 
1 2441 
1 2841 
2 1429 3399 
1 2342 
1 2806 
2 538 3004 
3 2988 3039 3561 
3 312 641 3386 
3 268 3232 3688 
0 
1 322 
1 2842 
2 405 3077 
5 2997 3290 3335 3669 4272 
2 573 2611 
0 
3 1006 1085 3318 
1 2805 
1 253 
1 757 
0 
2 1443 2573 
0 
3 300 3602 3896 
6 1599 2416 2739 2745 3580 3870 
5 696 3289 3835 3905 4069 
4 358 1310 1401 3813 
2 3489 3764 
3 191 583 2464 
6 1596 2159 2742 2813 3099 4097 
2 1931 4106 
1 72 
3 131 3431 4165 
2 820 2567 
1 1157 
2 1778 2254 
1 1911 
2 673 1718 
1 2276 
4 292 1084 1786 2465 
1 3373 
4 1980 2815 3256 3687 
2 1026 2006 
4 2996 3034 3757 3892 
3 277 1401 1497 
2 1032 2705 
1 2722 
3 1301 1312 3160 
2 1204 1496 
1 3803 
4 285 2929 3342 3504 
1 1037 
0 
3 629 1775 2241 
2 18 3316 
3 35 1991 2706 
2 251 3565 
3 1833 2982 3569 
2 16 1950 
2 1674 2286 
4 452 634 1786 3018 
3 169 2061 3232 
3 1186 3103 4391 
3 389 3982 4018 
1 736 
2 3346 3546 
2 906 3701 
1 3300 
4 576 684 1307 3402 
4 562 624 1068 2654 
1 4306 
4 1706 1861 3171 3504 
7 0 28 279 2448 2624 3834 4132 
5 137 275 2213 2620 4067 
3 948 3418 3621 
2 904 4337 
5 1308 1569 1868 2710 4168 
3 368 524 3475 
0 
2 2838 3425 
2 2325 2588 
2 250 3631 
2 150 3405 
2 1564 3531 
2 830 908 
1 2170 
1 4012 
0 
3 1671 3913 4359 
1 3133 
5 2290 2380 2394 2894 3544 
5 1105 1546 2048 2297 3458 
4 264 1374 1507 4085 
4 3007 3685 4059 4189 
1 974 
0 
0 
7 669 914 1239 2463 2510 2640 3011 
2 3219 3809 
2 2209 3147 
5 743 977 1889 4166 4291 
1 3852 
2 3256 3480 
1 1037 
1 3581 
3 983 1035 1073 
2 2189 2602 
2 1521 4019 
1 3689 
2 2131 4318 
1 295 
2 1785 2616 
3 2454 3478 3824 
2 130 712 
4 306 1354 3085 3441 
3 3084 3385 4341 
2 557 3452 
4 171 1535 1562 1793 
4 711 1818 1828 3150 
3 1154 3117 4085 
1 3571 
3 413 1797 3216 
1 162 
3 1697 2385 3903 
0 
2 3658 3792 
2 556 1629 
2 628 1752 
5 367 881 1829 2115 4120 
2 1420 3102 
2 93 2776 
2 2060 2931 
4 1160 1299 2975 3225 
4 96 474 2001 3934 
2 1622 3186 
1 71 
5 723 1001 1074 3651 3671 
5 796 841 3104 3305 4252 
2 314 2904 
0 
4 681 2123 2551 4064 
3 1037 3026 3032 
5 168 1068 1408 2127 2439 
3 370 2358 3553 
1 1441 
3 533 2146 4095 
0 
5 103 1297 1581 1970 2646 
0 
1 3184 
2 886 2702 
3 1471 3297 3776 
3 971 1089 2673 
2 879 948 
2 694 2990 
4 2673 3349 4173 4281 
2 18 2994 
4 497 1084 1446 4340 
1 4362 
5 427 3172 3772 4115 4154 
1 1799 
1 2837 
1 1949 
0 
2 3215 3840 
2 3572 4286 
2 2939 3706 
2 340 1790 
2 1197 1888 
2 2028 2172 
3 1996 2303 2500 
5 41 456 1670 2526 3487 
1 2637 
3 1023 1509 1645 
4 3262 3613 3866 3988 
2 633 2054 
5 1353 2787 2954 2964 3124 
4 337 436 512 4045 
2 181 2202 
2 1195 4371 
1 4033 
2 259 2111 
1 4172 
2 217 3477 
0 
1 1590 
0 
3 351 691 2996 
5 427 1385 1616 2082 2528 
2 1734 3370 
0 
2 1248 1685 
7 178 425 755 1445 1702 2714 3939 
2 2181 2841 
3 1291 1743 4180 
4 263 1146 1967 3153 
3 1320 3664 4361 
2 709 3024 
3 2480 3096 3333 
2 2338 3227 
3 889 2732 4333 
1 1772 
1 2504 
8 17 641 1765 2485 2633 3407 4027 4112 
3 199 1365 2518 
1 403 
2 735 2720 
4 175 653 2069 4293 
2 294 3145 
1 3850 
2 1398 1445 
2 1624 4045 
1 1693 
3 1266 1440 4375 
3 593 1127 4197 
4 298 1615 1854 3882 
1 2758 
5 46 757 2201 3267 3454 
0 
2 572 850 
0 
2 702 3783 
4 907 1051 1226 3627 
3 1192 1752 3191 
3 1830 2605 3669 
2 966 1381 
3 3906 4288 4323 
3 39 512 3590 
1 1064 
4 551 740 2176 4212 
3 1361 1442 2176 
4 584 1708 2145 2865 
2 739 1852 
2 2192 3720 
2 3815 3883 
5 89 464 1718 1943 4098 
4 146 3339 4261 4314 
6 579 1327 2214 2745 3243 3500 
3 597 1217 1446 
3 436 1631 1831 
1 2605 
1 3938 
2 477 4251 
2 1509 4248 
6 1660 2102 2354 2520 3549 4317 
3 801 1738 4241 
4 583 3254 3451 4175 
3 105 2212 2770 
1 553 
1 4227 
3 545 1247 1335 
3 3394 4211 4319 
4 887 3061 3163 3522 
2 82 3478 
5 253 994 2002 3087 4245 
1 734 
1 4164 
2 685 3447 
0 
0 
2 1155 1874 
2 219 3900 
3 2815 3573 4049 
5 743 1111 1488 2629 3018 
4 272 1530 1916 4391 
2 1100 2726 
2 894 3905 
1 4102 
1 4130 
3 1898 2491 2775 
4 431 679 1614 2129 
2 2543 4132 
4 858 980 1268 3760 
1 4173 
1 323 
1 1618 
1 2408 
3 2143 3037 3667 
1 121 
0 
1 2473 
1 2242 
4 1510 2253 2707 2997 
2 2793 4146 
1 3968 
2 1170 2906 
3 580 2166 3986 
2 3144 4134 
5 416 678 1724 2547 3180 
4 182 1571 2983 3664 
3 3268 3497 4040 
4 1253 1337 1440 3477 
1 3435 
7 193 312 2150 2630 4213 4299 4376 
5 1154 1464 2799 3640 4309 
1 2843 
2 1498 3965 
4 2126 2713 3069 4378 
6 5 168 863 1367 2562 3247 
4 903 2388 2500 3555 
5 792 1614 1985 2674 3319 
5 141 582 2874 3624 3727 
2 1837 1896 
0 
5 373 809 2072 2479 3633 
1 871 
3 1929 2393 3621 
2 1029 2400 
3 2213 2689 3101 
1 1598 
2 823 2772 
3 2132 3712 4013 
2 2546 3415 
2 1942 4004 
6 1361 1747 1808 2619 3686 4300 
1 1182 
3 1123 2044 3939 
1 324 
3 1556 2931 3585 
2 3263 3857 
5 121 347 2412 3532 3756 
2 1223 1361 
2 2577 3652 
1 1873 
0 
2 155 1327 
1 4091 
6 795 1260 1386 2481 3575 4083 
3 1259 3506 3809 
3 72 281 2500 
3 321 483 4355 
2 2957 3463 
2 3482 3920 
1 2805 
2 716 1145 
4 526 3523 3637 4362 
1 1204 
2 452 4012 
0 
3 2928 3544 4025 
3 1369 2603 3962 
3 1901 2194 3837 
1 1857 
3 2278 4129 4309 
1 732 
3 1565 2179 2395 
4 916 1651 1662 3180 
6 185 595 2181 2457 2993 3527 
2 423 1703 
2 3345 3374 
1 2003 
3 2952 3139 3284 
1 3412 
0 
0 
2 1506 4122 
2 1567 4064 
5 707 740 1745 2219 2599 
2 1561 2533 
3 1126 3869 4117 
1 3514 
1 4261 
1 2699 
3 2009 2709 4132 
2 617 2911 
5 855 1079 1652 2333 4333 
2 2116 2659 
1 1064 
0 
2 979 1302 
3 1301 2322 3285 
2 868 3426 
7 455 680 1743 3354 3420 3965 4285 
1 1930 
3 2511 3488 4156 
5 1000 1512 3466 3913 4069 
4 850 1008 2067 3016 
3 917 2147 3890 
2 958 1766 
3 1623 2265 3779 
4 979 2697 2794 3015 
2 32 541 
2 123 1595 
3 1654 2307 2948 
3 2303 2549 2637 
6 1670 2186 2587 3822 4043 4174 
8 103 440 2113 2202 2560 2589 3549 4166 
2 2862 3993 
3 1128 2339 3570 
5 1966 2413 2514 2684 2840 
1 800 
0 
1 3683 
0 
0 
3 1169 1257 2889 
1 4012 
2 3452 3994 
1 2925 
1 626 
1 1852 
1 1860 
2 3248 3267 
3 888 1182 4391 
3 92 1621 3457 
4 1223 1393 2487 3335 
5 479 3370 3838 3849 4030 
1 506 
2 1455 3144 
3 250 2899 4221 
2 4067 4175 
4 168 1949 2525 3647 
1 1659 
4 1364 1420 2391 3270 
2 656 4344 
2 261 388 
2 1354 2922 
0 
0 
3 451 2395 3767 
2 1746 2632 
6 766 1108 1443 3344 3620 4231 
5 833 1046 1348 1945 3578 
3 290 3364 4088 
0 
3 1955 2335 3871 
2 193 1481 
4 617 1655 1957 3240 
2 1431 1978 
3 1162 1246 1253 
0 
1 1854 
2 753 1345 
2 260 1136 
1 4176 
2 1230 3351 
2 2601 4180 
2 718 1272 
2 2758 3180 
4 558 1928 3791 3953 
3 119 2453 2705 
1 876 
3 37 806 1024 
4 822 1386 3681 3736 
2 18 2080 
2 208 4257 
0 
3 2009 3833 3840 
2 1518 2950 
4 1157 1534 2097 2196 
5 332 428 690 1861 2513 
2 2256 3360 
1 3225 
4 1120 1939 2098 3772 
4 323 1259 1375 2822 
5 2058 2157 2526 3058 4234 
2 180 1733 
1 2762 
3 108 826 4219 
2 819 3704 
2 3264 3821 
1 1337 
1 3177 
4 2894 3230 3715 4218 
1 760 
2 1725 4090 
4 1142 2430 3564 3645 
5 111 171 686 759 3386 
2 559 2535 
4 344 958 976 3999 
3 2485 2952 3661 
0 
1 3036 
4 497 1449 2620 4231 
3 2795 4129 4279 
1 3268 
1 1074 
1 3435 
2 1876 2846 
1 1612 
3 2721 2723 3336 
1 2325 
1 1793 
2 314 595 
4 2298 2481 2603 3244 
0 
4 2461 2726 3260 3778 
4 22 1857 3068 3082 
3 1061 1345 2841 
0 
4 123 196 258 2623 
2 414 2051 
3 1574 2349 2727 
2 82 539 
3 591 2073 2710 
1 2969 
1 2175 
2 934 2606 
1 3528 
4 1360 1724 1927 3462 
1 4185 
3 570 2967 2990 
2 3590 3832 
3 602 3463 4219 
3 2391 2511 3835 
0 
2 3256 3550 
2 2930 3178 
6 898 1145 1223 2528 2752 3365 
4 40 1076 1851 2240 
3 1162 2895 3443 
5 238 811 953 1353 3788 
1 3866 
4 738 1124 1142 3338 
3 1089 1170 1801 
3 1472 4018 4295 
2 2209 2704 
3 1405 1551 2109 
2 108 2306 
0 
1 1800 
4 2492 3243 3473 4260 
0 
2 763 1340 
1 703 
4 635 1478 2306 3093 
3 140 2495 3896 
2 117 2793 
3 1868 3006 3142 
0 
2 2979 4356 
4 1818 2366 2570 3927 
2 1226 1659 
3 1502 2890 3058 
1 3021 
2 167 1882 
4 595 2834 3427 3451 
4 2450 2815 2821 3984 
1 2122 
4 616 1083 2150 3580 
10 430 754 911 1447 1601 1939 2522 2594 3222 3715 
1 4130 
4 810 3433 3455 4091 
3 771 1980 2067 
0 
5 2414 2608 3174 4026 4238 
6 614 736 1457 1990 3900 4361 
1 3697 
2 3106 3506 
6 1358 1658 2137 2384 3638 4264 
2 3703 4213 
1 3020 
1 662 
5 2578 2804 2983 3406 3652 
0 
6 2355 2741 3186 3217 3805 3954 
3 1195 3389 4260 
4 707 2750 3078 3313 
4 1668 2060 3250 3697 
1 3244 
3 499 2366 2535 
5 2147 2804 3396 3664 3822 
3 2129 2310 3196 
5 783 2072 2295 2375 3580 
2 298 980 
5 855 976 1977 3864 4273 
4 382 1228 3716 4210 
3 1588 4055 4381 
2 1621 3531 
4 410 3054 3287 3573 
4 498 1465 1734 3047 
1 1549 
1 2075 
0 
1 1287 
4 128 1024 2587 4367 
0 
2 1105 1175 
2 331 1214 
2 650 3930 
3 455 1307 3169 
1 3839 
1 3624 
1 2663 
2 3607 4316 
0 
3 1380 2361 3471 
3 38 801 2408 
0 
3 1039 1742 4358 
2 567 4019 
3 759 1935 2369 
2 142 569 
3 2699 3467 3566 
3 3033 3092 3971 
0 
3 80 2077 2851 
1 2842 
3 282 1196 3567 
2 2962 3082 
2 547 4299 
1 268 
1 1381 
2 257 1049 
2 756 2017 
3 45 2241 3437 
2 3543 4077 
2 3208 3478 
1 3520 
1 2581 
4 658 2228 2279 3589 
2 1943 3940 
5 31 212 1813 3138 4201 
6 41 191 2307 2415 2738 4021 
2 88 1023 
2 173 3653 
0 
2 1503 2409 
1 3641 
1 1449 
3 2354 4240 4279 
0 
3 20 3120 3284 
3 642 2223 3716 
5 371 1250 2433 3841 3935 
3 67 2412 3566 
1 324 
1 1622 
2 1580 4055 
4 865 1290 2193 3547 
8 69 152 250 1049 1956 2145 2166 3198 
5 306 1979 2747 2852 3661 
4 408 1015 3234 3997 
3 1277 1962 3535 
3 870 2393 3667 
2 6 1288 
3 96 700 2481 
5 167 669 1008 1657 3569 
2 2012 3971 
5 675 1221 2404 3631 3943 
1 1641 
2 1599 2511 
4 770 1424 2980 3109 
3 524 1798 4162 
3 608 2119 4303 
0 
1 2327 
1 306 
1 1560 
4 120 1079 3314 4231 
3 579 1596 3734 
2 5 2715 
2 1756 4177 
2 1975 2166 
2 2214 4377 
1 645 
3 549 1499 1854 
3 2715 3064 3955 
3 671 1117 3821 
0 
2 734 4123 
2 2499 2936 
2 577 777 
2 856 1314 
6 961 1582 1821 2629 3055 3395 
0 
4 875 1241 3557 4193 
3 956 1573 1636 
2 2332 3058 
4 1472 2417 2709 3584 
6 160 2489 3270 3359 3870 3875 
1 2395 
3 617 2267 2508 
1 507 
1 2814 
2 2551 4336 
1 4069 
3 2721 3394 3776 
1 2786 
3 214 854 2972 
2 1411 2025 
2 1948 2601 
2 1202 1232 
3 257 1147 3056 
2 810 1120 
0 
1 1207 
2 2355 3888 
3 208 1704 4364 
3 1336 1500 3541 
5 108 1066 1559 2646 3781 
1 1311 
2 1143 2018 
2 2115 4076 
1 1770 
1 4355 
2 1939 4102 
4 687 893 1058 3162 
3 1816 3380 4217 
5 10 557 1171 1642 3021 
0 
2 588 774 
1 326 
3 2288 2876 3673 
2 1599 2477 
1 338 
2 387 1817 
3 1856 2445 3093 
0 
4 565 1572 2753 3205 
2 1631 3223 
1 1888 
1 4247 
3 1105 3630 3683 
2 1956 3689 
0 
2 1710 2892 
2 560 755 
3 660 2086 4140 
5 1278 2913 3709 3885 3946 
5 165 362 1297 2891 3951 
1 1950 
4 668 1315 2204 4376 
3 1359 1710 2741 
3 442 1766 3176 
2 1569 3617 
2 302 1481 
2 1344 1464 
2 645 1176 
0 
2 919 1278 
3 3 860 3243 
0 
5 252 867 1781 1787 2931 
3 797 2454 3556 
3 107 2396 4334 
2 221 1490 
1 1860 
7 1103 1317 2625 2845 3339 3574 3985 
4 299 856 1020 1712 
0 
4 2122 2384 2755 4090 
3 991 4376 4386 
3 1848 2922 4357 
3 127 3339 3880 
2 2036 4273 
3 846 3620 4342 
1 2950 
4 18 196 2420 3439 
2 18 403 
3 880 1932 2669 
4 316 521 1906 2485 
1 2571 
4 1123 2228 2350 2539 
4 1774 2083 3219 3974 
3 872 2469 3889 
2 2572 4272 
1 884 
1 3222 
2 1847 2187 
2 2407 3068 
3 929 1144 3101 
2 2024 3492 
3 2259 2651 3659 
1 475 
3 461 1055 1773 
0 
1 4082 
2 907 3411 
2 2016 3750 
3 25 1124 3221 
3 1280 2228 3815 
2 1620 3438 
2 22 2402 
1 1003 
4 132 547 2570 4075 
2 1163 2677 
0 
3 227 1648 1655 
4 18 451 2524 3184 
5 566 804 1671 2263 3170 
1 3161 
2 258 486 
4 675 2597 2730 3337 
2 931 2695 
3 266 301 3918 
6 263 969 1167 2665 2814 4208 
1 1993 
1 3287 
1 300 
2 575 3754 
1 4001 
2 1220 1431 
5 129 1397 2415 2824 3977 
2 3192 3774 
1 4063 
3 801 2136 2954 
4 89 426 3041 4246 
3 3575 3824 4267 
0 
3 261 320 2492 
1 1388 
2 1121 1502 
0 
2 3203 4157 
2 50 4264 
1 1177 
1 2746 
3 467 583 778 
3 291 1848 3575 
3 74 1521 2255 
4 800 1126 1304 4309 
2 433 3782 
4 846 1289 1984 3483 
4 1352 1920 2444 3088 
2 266 1246 
2 294 2202 
0 
2 2029 3160 
3 407 1963 2033 
4 260 1059 1155 3815 
2 3623 4140 
1 3590 
1 2118 
6 1584 2058 2080 2566 3969 4373 
4 69 88 2883 3258 
3 677 3755 4164 
1 2402 
2 775 2577 
0 
2 3285 3467 
3 49 502 566 
1 258 
3 1135 2340 4050 
3 1310 1656 4273 
4 295 306 1779 3539 
4 400 547 679 2826 
5 912 917 3126 3406 4180 
4 725 1626 2154 3398 
0 
2 1133 2320 
4 1697 2742 2967 3505 
4 1686 2701 3408 3442 
3 985 3116 3651 
2 3237 4340 
0 
3 967 3175 3808 
3 1767 2782 4257 
1 4034 
1 1665 
0 
1 653 
2 2088 2256 
3 438 630 1043 
5 475 770 971 992 3394 
4 343 600 1665 3079 
3 100 3338 4275 
2 3530 3875 
1 1099 
4 492 523 2155 3135 
2 2307 2378 
6 686 1049 1414 2130 2190 3933 
2 1955 2373 
4 91 133 743 4356 
1 4056 
3 1053 2441 3437 
3 289 1575 2103 
2 1092 2792 
2 628 1452 
3 107 1446 2268 
1 3123 
1 4370 
2 444 3734 
1 4355 
2 726 4105 
2 183 2326 
3 1246 2041 4385 
2 478 782 
1 655 
2 750 2615 
0 
2 1544 4313 
1 651 
0 
4 1630 2532 2862 3814 
3 447 1638 3514 
9 221 858 1050 1463 2101 2399 2722 2857 3203 
4 237 498 618 2926 
0 
2 1596 3292 
2 1988 4059 
3 379 2780 4151 
2 85 3528 
1 819 
2 295 3887 
4 2640 2942 3602 3766 
2 1050 3155 
1 1060 
5 541 1156 3783 3948 4105 
1 1171 
3 64 2473 3807 
4 806 989 2260 2776 
1 914 
2 695 2103 
2 2767 3990 
3 584 1234 2083 
1 1942 
1 2424 
4 272 344 1854 3255 
2 413 2293 
0 
2 475 2707 
1 559 
4 267 3083 3211 3222 
1 4224 
2 1691 2783 
2 1675 1741 
1 173 
2 2685 3856 
5 1441 1871 2804 3628 4182 
4 1164 1332 3928 4101 
1 4105 
8 285 414 1147 1363 1588 1840 2670 4277 
2 2514 3498 
4 803 1639 3031 3868 
3 1274 1419 4193 
2 2478 2617 
0 
2 1333 1669 
5 1003 1382 1864 4264 4310 
2 92 3746 
3 191 433 3161 
4 77 1861 2715 4079 
4 361 2961 3289 3716 
1 2368 
0 
4 35 1008 1460 3096 
2 453 2542 
1 656 
3 556 1851 3878 
2 356 4238 
3 1255 2709 2998 
3 861 1192 2936 
3 318 683 3757 
2 1410 3200 
3 2388 3214 3948 
1 1901 
3 2360 2473 2879 
1 497 
2 619 2439 
1 1467 
1 2244 
1 389 
5 522 3693 3959 3974 4322 
0 
1 2860 
5 1100 1643 3140 3406 4183 
3 428 1032 2802 
2 679 2998 
2 159 2722 
3 2838 4206 4226 
0 
2 2562 2618 
0 
2 285 1234 
1 2487 
3 327 1201 4073 
0 
2 922 3039 
2 1273 1878 
2 530 3802 
2 208 2839 
2 47 3910 
0 
4 409 1683 2547 3094 
3 483 3679 3960 
3 841 2746 2771 
6 188 309 618 2237 2894 4022 
2 3395 3862 
5 968 3392 3784 4355 4376 
3 183 852 3079 
2 4117 4225 
3 266 3513 4039 
1 84 
4 20 634 1196 2783 
0 
3 2767 3097 3450 
2 550 689 
3 1746 2492 4289 
3 1973 2582 3245 
1 2776 
5 26 258 2892 3483 3505 
2 217 387 
0 
3 237 549 1959 
4 1431 2739 3572 3982 
2 1371 4330 
2 1238 3113 
2 1305 3488 
1 962 
5 1682 2064 2169 2297 4336 
2 2000 2892 
4 279 754 2073 3748 
5 727 1523 2139 4349 4390 
1 3598 
0 
1 2471 
5 251 1385 1472 1628 3885 
2 2393 3920 
1 2214 
3 452 1245 1838 
2 1167 1543 
1 3171 
2 1354 2434 
2 422 3324 
2 905 2308 
5 176 1613 3371 3684 3885 
5 1094 1343 2575 4207 4305 
2 990 1653 
2 786 3298 
2 738 3848 
1 2306 
0 
2 1357 1794 
2 1562 1646 
5 16 793 1359 2159 2851 
2 3634 4045 
4 233 472 1926 2121 
1 2450 
0 
4 63 1565 2154 2756 
4 262 1751 2181 2776 
2 2604 3568 
1 3377 
3 1321 2374 3822 
3 231 1127 2778 
2 3645 4365 
0 
3 655 1079 2685 
1 3834 
1 3936 
2 1921 4007 
1 2889 
2 1585 2478 
4 2665 3362 3365 4001 
2 404 1497 
2 1360 3859 
2 1563 2187 
3 973 1475 4060 
2 668 3805 
7 530 2466 2829 2840 2972 2973 3486 
1 2967 
4 347 430 1745 2417 
2 1232 2938 
2 414 691 
0 
4 1822 2513 3459 3768 
2 312 4338 
2 310 1478 
2 987 3146 
3 335 596 857 
2 1719 3540 
3 743 2960 3380 
2 627 3817 
5 1102 2258 2426 3129 3989 
0 
2 127 3704 
1 3157 
2 799 1933 
2 1065 4283 
3 478 1186 4305 
3 1282 2359 4075 
3 30 694 2154 
2 3180 3927 
1 974 
1 2492 
0 
2 1295 1379 
2 922 929 
2 442 3527 
4 607 1570 4312 4322 
2 2508 3516 
0 
2 2617 3253 
2 298 1701 
2 411 1536 
3 1624 2862 2904 
1 3819 
5 16 3735 4155 4219 4231 
1 3218 
0 
4 504 2294 2883 3778 
6 784 1694 3157 3627 4028 4311 
2 1612 3158 
2 2359 2746 
0 
2 380 1101 
2 1750 3833 
5 863 2344 2354 2421 4394 
0 
2 3057 4386 
3 670 1751 2116 
2 2527 3999 
0 
1 1677 
3 235 328 2194 
4 38 50 603 3893 
1 2527 
3 568 2418 4376 
5 197 1808 2292 2779 4114 
1 2281 
2 672 4025 
3 454 1248 3272 
3 898 3681 4113 
2 3569 3983 
0 
3 1023 2452 3928 
0 
1 4227 
3 1423 2988 4339 
1 457 
2 2909 4259 
2 1107 4069 
1 2229 
3 461 2242 4390 
0 
2 1387 1756 
0 
3 1063 1490 3098 
4 993 2831 3678 4140 
3 391 912 2374 
1 786 
2 1932 4342 
1 478 
1 2805 
5 487 1308 1475 3133 3193 
1 463 
5 254 405 1139 3730 4365 
2 3864 4226 
1 3142 
5 639 674 1236 1495 4042 
3 1426 1934 3366 
0 
1 1504 
4 21 261 527 3811 
2 455 1528 
4 2115 2953 3005 3440 
2 185 3959 
4 664 1376 1756 3018 
2 2427 4047 
3 1120 2090 2713 
3 1686 1837 2633 
2 3677 3691 
5 225 604 2086 3104 3255 
2 1650 2085 
1 2294 
3 265 1784 3770 
4 269 3218 4086 4305 
3 314 2082 3104 
1 3924 
4 215 551 685 2317 
0 
3 2670 3788 3860 
2 2890 4018 
1 573 
2 1381 2199 
2 1385 2822 
1 3406 
0 
2 1818 2938 
1 1176 
3 1798 1835 4222 
4 100 501 2679 3780 
1 2947 
1 2317 
2 3446 4134 
0 
2 1449 2323 
2 2783 3172 
1 1113 
1 4190 
4 1318 2630 3280 3915 
5 2768 3282 3285 3295 4288 
6 1060 1625 2078 3045 3798 3821 
4 69 595 1298 2033 
0 
3 1755 3579 3680 
1 1576 
2 2341 2824 
2 1959 4374 
3 1470 1673 2895 
1 1072 
1 2446 
1 3923 
8 86 649 1229 2558 2645 2757 3077 3081 
5 422 531 831 847 1074 
0 
3 741 1202 1494 
1 1793 
2 1041 4318 
2 1243 3925 
1 2729 
1 3936 
3 2337 2613 3243 
2 1728 2891 
3 1481 2539 2654 
3 489 2357 4281 
2 1935 2502 
1 3818 
2 2749 3627 
0 
3 492 720 1209 
2 2778 3114 
2 1163 1562 
1 1077 
3 561 1309 1493 
2 2305 2357 
3 418 4197 4240 
6 1225 1471 2565 2912 3213 3502 
0 
0 
1 3429 
5 1770 1962 2004 3403 3649 
5 1791 2254 2560 2815 3632 
1 3554 
2 1387 2243 
4 459 720 764 3220 
2 961 1957 
3 741 2536 3872 
4 398 503 566 2729 
2 761 3836 
2 2932 4157 
0 
3 77 888 2685 
3 1218 1562 1585 
2 4269 4394 
2 613 2405 
2 1932 3656 
2 1017 3383 
4 578 2385 2875 4182 
1 1101 
1 3775 
1 2228 
4 759 1428 2594 4183 
3 1161 1162 3479 
2 3091 3696 
2 2611 4220 
2 633 1277 
3 251 540 2993 
5 1125 1279 1963 3179 3441 
2 234 278 
1 3792 
3 627 727 2535 
2 2697 3738 
2 1317 2973 
4 1691 1979 2197 2935 
3 2390 2662 3303 
3 394 1038 3661 
2 1793 2510 
1 2586 
2 470 1165 
7 61 323 1561 3169 3810 3866 3887 
3 1273 2037 2814 
1 2259 
2 1381 3729 
1 2187 
1 9 
2 896 2097 
2 4015 4022 
1 1149 
7 1110 1318 1748 2400 2510 4296 4298 
2 2436 4211 
3 1654 3111 3966 
3 604 3755 3981 
4 431 875 2844 2981 
0 
3 3434 3545 3982 
2 1031 1448 
1 2318 
3 527 787 4357 
5 876 1179 2596 2714 3238 
2 1005 1240 
3 1169 1586 1941 
6 856 2556 3055 3333 3945 4147 
0 
0 
2 3120 3251 
3 1289 2523 3109 
0 
2 2737 2816 
0 
3 1555 2308 2895 
3 627 2311 4203 
1 3943 
1 2540 
2 834 3343 
6 172 1542 1685 1703 2174 2275 
4 249 2055 4021 4325 
2 4120 4242 
2 3133 3581 
1 2716 
2 2376 2895 
5 576 2563 2701 3292 3298 
0 
0 
6 275 761 1909 2806 4232 4320 
1 2317 
2 3315 3477 
2 1441 4128 
3 985 1537 2897 
3 558 1213 2056 
3 360 2157 2244 
6 448 1883 2243 2345 2791 3197 
1 3658 
2 529 2501 
1 584 
4 799 2776 3431 4366 
2 3052 4227 
2 910 2818 
4 2508 3254 3932 4326 
0 
2 1214 3207 
2 967 2155 
3 1742 2807 3834 
4 542 1383 1784 2835 
1 2482 
2 1996 3623 
4 202 1695 2195 3647 
3 1833 3136 3588 
3 24 2345 2489 
1 2434 
3 270 577 1712 
2 2933 3149 
1 1311 
1 3751 
3 744 1604 2794 
4 159 508 888 1801 
1 2408 
5 78 452 2944 3585 4255 
0 
4 3547 3957 4069 4144 
0 
4 462 3192 3240 3946 
4 322 2228 2330 2508 
2 970 4308 
1 3399 
1 1275 
2 1542 3925 
1 2516 
2 326 2042 
1 3177 
0 
3 2494 2889 3022 
2 3401 3511 
2 991 2490 
1 3910 
4 355 524 1635 3792 
0 
5 120 217 226 483 1022 
1 485 
3 291 2041 2329 
6 906 1841 2298 2556 4378 4395 
2 2023 2087 
4 453 1495 2533 2746 
1 2929 
3 1023 1932 2356 
3 525 1416 2293 
1 496 
5 673 739 2610 2790 3951 
4 513 2670 3587 4206 
2 2663 4161 
4 1102 1316 2869 3955 
1 89 
5 100 2148 2731 3919 4318 
4 212 1450 1457 1953 
5 1315 1545 1792 3392 4262 
2 1947 2223 
4 225 2432 2851 3024 
2 343 1494 
4 195 2224 3734 4389 
1 4163 
4 504 2490 3120 3291 
1 519 
2 2753 4221 
3 108 3377 3424 
6 164 2092 2106 2238 4094 4170 
3 419 2210 2628 
2 818 3617 
2 321 1772 
1 2542 
2 1302 3202 
2 2109 2894 
1 2776 
2 1012 1413 
5 231 1807 3000 3022 3515 
2 1578 3315 
0 
4 2292 2736 2842 3477 
2 2275 2957 
3 169 2728 3826 
4 1600 2672 3388 3579 
6 194 252 747 1297 2717 3943 
1 137 
3 749 1357 2954 
1 2725 
2 2135 3606 
4 598 1131 3540 3563 
2 96 1320 
2 165 1765 
3 2120 3114 4313 
2 935 2961 
2 3274 3683 
3 795 2030 3606 
6 520 625 2244 2261 3546 4163 
2 392 513 
1 3340 
0 
2 1424 2389 
4 480 1685 3128 3292 
1 3373 
1 750 
1 404 
6 1 8 133 1176 1552 2030 
4 88 1487 1619 2371 
5 2297 2817 3152 3465 3876 
2 2138 2148 
1 1075 
5 875 2003 2026 3254 3904 
5 306 467 1879 3634 3675 
1 1518 
2 393 793 
2 3772 3783 
4 3071 3087 3199 3347 
2 2381 3101 
3 1463 1492 3282 
0 
3 1866 2500 3343 
3 1523 2553 4063 
3 3651 3829 4119 
3 535 2355 2449 
2 2505 3679 
2 1794 4144 
2 1966 2062 
2 1495 3218 
2 2233 3430 
1 513 
2 1792 4269 
3 3468 3907 4063 
2 1022 2917 
3 311 2365 3451 
2 621 3605 
0 
4 1481 1673 3549 3712 
3 579 1055 2171 
3 889 2740 3178 
2 48 3508 
2 1231 1877 
5 300 523 2349 4214 4246 
3 2188 2957 3702 
2 1345 1436 
3 220 3508 4212 
4 382 1238 1566 1940 
3 1022 3182 4092 
6 816 1277 1351 1603 3403 3793 
3 1667 3522 4161 
1 3201 
1 287 
2 1818 3756 
2 1239 2202 
2 39 3637 
3 1705 1759 2704 
1 3545 
3 611 1571 3285 
2 2168 2908 
1 4112 
4 50 520 1692 3066 
5 1208 1519 2269 2571 3954 
2 1549 4009 
1 2455 
1 269 
3 551 1252 1557 
2 776 1321 
2 1477 2994 
4 313 1545 1725 3486 
1 956 
2 1601 1984 
3 2040 3021 4268 
1 3845 
2 757 1680 
1 2030 
1 4231 
0 
3 310 1839 3098 
0 
1 1996 
1 2081 
1 239 
0 
4 131 692 1398 3257 
1 167 
2 2309 3043 
3 53 914 1556 
3 1945 2262 3312 
0 
2 2203 3626 
1 882 
0 
2 1074 1881 
3 151 581 3929 
4 932 1797 3322 4031 
2 3264 4312 
2 624 4102 
2 684 1746 
4 537 1639 4034 4150 
2 252 2124 
1 595 
5 1004 2976 3091 4175 4277 
3 30 2371 2799 
2 1469 1960 
1 2994 
2 2048 4045 
5 809 1372 2518 4095 4191 
2 1044 1666 
3 2410 3096 3829 
2 470 3512 
2 107 1279 
5 2572 3986 3994 4227 4397 
2 699 3984 
2 2963 4375 
3 1418 2637 3628 
1 871 
2 1029 2484 
3 960 2961 3481 
2 971 2659 
2 1982 3367 
0 
1 4347 
3 189 1687 3212 
3 149 3738 3782 
4 476 1938 4108 4166 
1 849 
5 115 1212 1832 1879 3343 
0 
2 4057 4060 
2 3286 4331 
1 1636 
2 1858 1975 
2 1236 3390 
3 497 1130 2691 
3 1259 1416 1568 
6 70 901 2257 3487 3658 4049 
0 
2 2463 2727 
3 1135 1402 1683 
0 
2 1337 1897 
1 3147 
3 1602 2261 2888 
2 2286 2313 
4 1201 2631 3457 4198 
6 317 1453 1732 1920 2007 3268 
1 3701 
2 2284 3224 
1 1458 
4 3033 3755 4043 4097 
1 3825 
2 910 2731 
2 1593 2779 
5 803 1102 1231 1261 2368 
2 300 2246 
3 16 2139 4062 
1 55 
3 506 851 1134 
2 661 2372 
1 21 
0 
5 1604 2013 2251 2275 3403 
1 47 
3 1029 2190 2202 
6 352 386 1306 1436 1573 3084 
1 3249 
2 1382 1988 
3 1321 1855 4060 
3 245 800 4205 
1 2280 
0 
2 1136 2453 
6 912 3343 3711 4193 4252 4277 
3 1176 2839 3791 
0 
2 1472 3909 
3 2219 3881 4221 
3 1711 3380 3694 
2 1343 3514 
5 125 1103 1387 2782 3197 
3 2034 2039 2916 
2 1120 1440 
0 
2 51 3763 
3 148 3646 3762 
3 159 1816 2884 
3 1290 2295 2640 
1 3844 
4 1400 1492 2184 2842 
1 2160 
0 
1 4156 
2 1685 2137 
4 397 2226 3253 3942 
2 68 3619 
3 140 1869 2321 
1 1203 
2 2577 4247 
2 4207 4380 
2 1244 3462 
5 1220 1906 2700 2838 3983 
0 
4 1316 2890 3006 3486 
2 500 4030 
4 155 1072 1607 3839 
1 2878 
4 2369 2929 3021 3669 
2 2705 3121 
2 477 3924 
3 2215 2293 2924 
1 4306 
2 819 2126 
3 2584 2701 4099 
5 562 728 1318 2155 2675 
3 720 3940 4181 
4 1230 1894 3813 4388 
5 2234 2635 2808 3199 4089 
2 303 2582 
3 273 2150 4352 
5 455 1756 2679 3062 4189 
4 274 965 3684 4265 
1 2889 
1 3280 
4 1463 1707 3389 3746 
4 1684 2408 3022 4397 
2 1688 2458 
6 953 2940 2946 3128 3220 3286 
2 3003 3763 
1 1949 
1 2972 
3 1254 1760 2544 
5 115 358 1485 3951 3956 
1 81 
1 3638 
2 505 1541 
5 861 1921 2564 2817 3133 
1 3454 
3 2559 2769 3744 
3 800 3541 4394 
2 150 2191 
6 222 1317 1507 3274 3707 4164 
2 1012 2972 
3 814 1318 4309 
1 38 
3 405 3405 4184 
5 262 2629 3195 3883 4053 
1 3569 
3 1472 2175 3455 
2 3496 3958 
4 283 2212 3711 3775 
1 1715 
5 601 2601 3168 4261 4362 
4 1289 3379 3393 4005 
2 2 121 
3 1368 1613 2598 
2 286 1038 
3 1272 1416 3287 
2 1964 4122 
5 1156 1172 2728 2931 4085 
2 1429 3445 
2 628 3254 
2 1477 3321 
2 465 3312 
3 2300 3098 4154 
3 504 946 2178 
0 
4 253 649 2135 3800 
1 322 
1 1811 
2 65 1043 
4 539 1858 2015 3074 
2 1894 3423 
4 1246 3115 3972 4265 
5 1005 1405 2772 3319 3804 
1 3444 
2 137 2790 
4 1422 3150 3686 3937 
3 66 478 1004 
1 1670 
1 2740 
2 872 3416 
4 347 367 563 2318 
4 258 1195 1596 2592 
2 1225 2113 
2 2491 2899 
2 1352 3363 
5 620 724 891 1135 2083 
2 501 659 
3 678 2563 4234 
2 4258 4346 
5 269 741 1104 1316 2461 
2 3555 3971 
1 2836 
3 1029 1827 2533 
4 309 896 3017 3395 
2 670 3109 
1 3561 
1 333 
4 297 495 691 2126 
2 1079 1622 
0 
1 652 
2 136 3145 
3 131 173 3427 
2 170 1695 
1 3200 
3 3047 3381 4393 
2 1001 2137 
0 
4 290 391 3346 4092 
4 2776 2959 3258 4031 
2 3330 4051 
2 1298 2465 
0 
1 315 
3 2188 3056 3528 
2 1515 2302 
1 3986 
3 1718 1976 4375 
0 
3 922 2700 3232 
0 
3 844 1682 3248 
3 1854 2094 2301 
1 813 
2 295 2332 
4 825 1084 1087 3131 
2 1232 2783 
3 503 2560 3034 
0 
2 1708 2913 
1 579 
5 582 2104 2566 3038 4227 
2 791 3026 
1 97 
0 
1 772 
2 309 1321 
4 1850 1970 2165 4107 
0 
0 
3 442 714 3682 
2 1240 3429 
1 4030 
2 210 2480 
0 
2 248 3965 
2 184 298 
2 267 1716 
2 181 3050 
4 484 1312 2185 2981 
1 72 
4 163 883 1294 1525 
3 2547 2667 3718 
5 30 1774 2234 2559 4121 
1 1082 
3 207 810 926 
5 17 1448 2402 3264 3382 
3 977 1372 2554 
2 987 2843 
3 1214 1843 3561 
0 
5 1295 1601 1873 2884 3511 
4 554 1008 1426 3424 
1 3430 
2 758 2923 
4 544 1229 2082 3449 
2 1124 2212 
5 21 257 1583 1589 1864 
4 620 2232 2736 3222 
1 2333 
1 632 
1 3527 
2 885 1138 
3 535 1412 1609 
4 556 978 1818 1891 
4 785 1412 3118 3757 
2 681 3271 
2 2336 3440 
3 1197 1418 4346 
2 1424 2484 
5 621 897 2331 2605 3214 
3 2133 2161 2735 
2 236 1715 
4 455 617 2305 2498 
5 1132 3369 3430 4106 4370 
0 
1 652 
2 539 2729 
2 2329 2716 
3 2221 3549 3709 
1 1545 
4 956 1927 3070 4159 
6 671 2386 2626 2787 2955 3365 
2 1487 1655 
3 961 1773 3863 
1 302 
0 
4 568 776 956 1169 
6 250 1739 1908 2026 2295 3691 
6 842 899 1563 2873 3322 3979 
0 
2 2141 2795 
2 85 1489 
1 4288 
4 1440 3989 4204 4308 
4 1641 2315 2945 4192 
0 
2 1673 3496 
2 1962 3375 
2 2126 4251 
3 866 1148 1370 
3 270 528 4153 
1 10 
0 
2 1389 3099 
0 
0 
1 640 
0 
5 51 738 1836 1918 3759 
1 2114 
3 144 2584 3945 
1 1179 
2 424 1908 
4 257 808 1242 2620 
1 111 
1 127 
4 65 1201 3228 3712 
8 1062 1833 1922 1963 2248 2324 2657 2984 
2 353 3927 
4 271 1967 2144 3995 
3 751 2041 2499 
2 1823 3195 
2 2800 3828 
4 102 761 1779 2526 
8 194 534 1847 1916 2110 2674 2893 2912 
0 
2 301 4338 
1 1610 
3 1108 2740 3875 
1 4254 
1 4139 
3 2300 2622 3998 
1 2244 
3 402 1799 4211 
5 1215 1459 2910 4227 4256 
2 1312 2267 
2 1406 2749 
1 786 
2 2878 4288 
3 455 3627 3796 
2 1226 2449 
3 2781 4199 4224 
2 2832 3723 
3 300 413 1889 
5 781 2839 2877 3544 4218 
5 547 1485 1493 1851 3689 
4 949 1265 2066 3769 
6 686 687 701 936 2237 3590 
2 333 2255 
1 2563 
1 4368 
1 3762 
0 
2 467 3980 
4 961 2990 3699 4347 
6 446 884 1606 1718 2194 3050 
5 973 1194 1469 2155 4337 
2 2221 3957 
3 2356 2582 3301 
3 245 2250 3980 
0 
1 3841 
1 1469 
2 1386 2098 
4 597 3056 3097 3644 
4 786 1725 2120 3554 
0 
3 220 1768 3562 
2 139 219 
0 
1 1982 
2 461 4208 
4 2061 3660 3867 4195 
2 2801 4220 
0 
4 1468 3416 3585 3780 
3 2256 3267 3764 
2 2639 3174 
2 1093 3878 
4 1011 1892 2547 2919 
5 1903 2520 2803 3110 3971 
3 1321 1982 3548 
3 933 1125 1420 
5 943 1529 2329 2535 4241 
4 1227 2706 3004 4197 
2 2206 3126 
6 84 233 1670 3569 3634 4279 
1 1410 
1 488 
1 2974 
0 
4 202 369 379 4172 
4 1528 1957 2309 3766 
1 1563 
1 3868 
4 3435 3502 3965 4348 
1 499 
1 555 
2 1818 4167 
1 3958 
5 199 200 235 252 3761 
1 1887 
0 
9 1319 1816 2018 3191 3236 3271 3442 3887 3967 
6 145 312 395 568 3616 4172 
1 82 
3 323 722 1163 
0 
1 4287 
1 4277 
2 2303 4382 
3 661 3044 4011 
3 39 2955 3654 
0 
2 234 2747 
1 1233 
4 2171 3749 4079 4210 
2 672 1635 
2 2803 3846 
4 403 2552 2797 3051 
1 1879 
3 32 521 3770 
0 
2 368 4067 
4 649 1757 2023 3490 
4 2532 2709 3026 4170 
2 300 3740 
1 311 
2 268 774 
3 2489 4250 4300 
6 1327 1974 2284 2568 3459 3944 
5 1465 2095 2549 3744 3845 
3 1652 2136 4101 
6 614 827 1648 1923 1933 3878 
2 2783 2894 
5 1022 1395 1909 2323 2893 
4 1442 2122 2223 2233 
3 143 3102 3329 
3 691 2241 4210 
1 3256 
5 1341 2631 3445 3538 3970 
0 
1 392 
3 2949 3438 3553 
1 753 
4 810 1070 2018 3302 
0 
2 1217 3092 
3 3296 3735 3887 
2 2405 3092 
3 746 2053 2926 
2 225 2793 
2 343 1296 
5 2150 2783 2916 3410 4134 
4 1651 2677 3513 3840 
2 853 3317 
2 3716 3798 
4 2527 2912 3123 4250 
4 75 629 2380 3344 
0 
3 2838 3056 3240 
0 
2 285 3329 
4 611 1348 1675 3308 
3 2712 3264 3971 
2 2556 3406 
2 1330 3681 
3 898 1819 2909 
2 3663 3743 
3 390 1271 3111 
4 128 982 2296 2553 
2 671 1439 
5 1063 1250 1665 2605 4053 
5 852 2163 2987 3069 3285 
1 2264 
1 3923 
1 2187 
2 1593 1874 
1 3190 
4 708 1985 2101 4349 
2 1098 3819 
3 2573 3695 4280 
0 
2 1827 3088 
1 3921 
2 2270 3744 
2 156 2753 
2 2573 3464 
3 743 2105 3319 
1 1315 
3 853 2902 3140 
3 1380 1679 4341 
0 
4 185 917 1283 1402 
3 312 2078 3888 
6 382 1108 1728 2335 2962 3002 
2 2740 2871 
0 
4 1263 2330 2390 3177 
0 
3 63 774 2657 
1 1994 
6 649 749 1865 2342 2464 4048 
3 1531 2954 4107 
3 405 2460 3542 
3 382 1108 3746 
0 
0 
3 1433 1773 1983 
2 451 496 
2 1427 3260 
0 
1 3946 
5 1611 1982 2576 2588 3751 
4 1982 2186 3317 3692 
4 631 2848 3793 4069 
3 1064 4066 4264 
1 2448 
2 290 4323 
0 
3 1462 2988 3971 
3 1574 3972 4313 
5 8 2206 2697 3264 3333 
1 989 
2 1221 1485 
5 23 231 2776 3400 3837 
1 4101 
3 537 3892 4007 
1 2932 
4 472 938 2051 2979 
3 875 2992 3418 
3 1086 1433 2813 
1 875 
3 151 2989 4022 
4 650 732 1279 2180 
5 279 1088 2414 2451 4106 
0 
5 144 975 1119 3140 3622 
2 945 1214 
3 1873 1890 4164 
0 
2 2326 4133 
1 3351 
2 2954 3033 
2 577 2574 
3 937 2843 3695 
2 446 2078 
3 643 1460 2549 
1 1025 
3 459 3197 3246 
3 764 814 3908 
0 
1 1029 
1 3609 
1 752 
2 858 4345 
1 1312 
1 1308 
3 384 616 2641 
6 171 992 1195 2080 3512 3976 
0 
2 1483 3387 
5 1466 1631 2418 2553 4309 
4 551 2284 2326 2571 
4 636 3084 3309 3701 
3 804 1129 2309 
1 3715 
5 275 749 1073 2680 2884 
1 3576 
0 
0 
1 4166 
1 1856 
2 1073 3043 
3 1526 2496 3002 
2 975 2675 
1 3581 
2 1404 3312 
3 741 1209 4191 
2 814 2679 
3 938 1900 3909 
3 277 742 4123 
3 1729 3721 4291 
3 792 3380 3386 
4 784 2432 3032 3486 
1 2870 
1 2115 
0 
2 1502 2653 
3 3130 3372 4296 
4 688 3566 3721 4207 
3 158 2696 2814 
2 615 2878 
3 351 2249 4347 
2 525 3915 
3 783 1501 4240 
3 472 1596 2215 
5 442 1615 2662 2823 2919 
1 2032 
4 1387 1465 1600 4254 
0 
2 3163 3220 
1 1184 
1 2566 
0 
2 1589 3283 
1 3096 
4 926 2407 3150 4308 
1 3849 
2 1419 1692 
3 1229 2932 4015 
1 2739 
3 464 884 2364 
1 3447 
2 530 3656 
2 2617 3561 
4 215 355 4055 4238 
0 
3 944 2126 3761 
2 1489 3306 
2 1787 1912 
2 3464 3811 
3 252 2126 3764 
3 1419 1531 3783 
1 1845 
4 1047 2511 3023 3866 
3 1046 3790 3957 
1 3287 
4 1186 2364 3472 4226 
5 525 759 1746 2942 3458 
0 
1 133 
4 865 2177 2448 3773 
3 1526 2906 2908 
3 1457 1639 3979 
2 1906 4223 
1 4007 
5 1130 1868 2455 3065 3654 
2 1918 2823 
5 562 634 2060 2424 2610 
2 961 2762 
1 4371 
4 1240 1693 2365 3902 
5 1061 2896 3613 3753 4366 
1 994 
3 1069 2085 2090 
1 4055 
2 1480 3339 
2 387 3408 
0 
3 1574 2219 2642 
3 379 2839 3248 
4 52 227 2204 2928 
3 698 4040 4233 
2 1929 3336 
3 212 2144 2341 
4 67 553 2619 3339 
4 1775 4156 4207 4285 
3 1051 3205 4166 
3 2723 3623 3809 
1 840 
5 709 1554 2218 2313 4261 
2 116 2554 
3 3900 4045 4262 
2 1802 2916 
2 1108 3774 
0 
4 1769 2844 3310 3372 
1 916 
4 869 2350 2573 3139 
1 1996 
3 395 810 3048 
2 682 2673 
1 3732 
5 1021 2067 2231 2582 4321 
1 116 
3 612 749 1791 
2 2260 4232 
0 
4 1544 3485 4035 4157 
4 495 624 1283 3128 
3 1888 2949 2996 
2 442 3450 
3 1460 2071 4042 
6 0 258 409 742 3886 4359 
2 1219 1340 
4 1140 2649 3543 3829 
3 39 920 1991 
3 1031 2488 3449 
0 
2 2264 3967 
5 489 802 1050 2623 3066 
3 3255 3481 3527 
1 2356 
4 395 1127 3790 4276 
3 414 477 3886 
1 1828 
0 
3 1999 2024 4341 
4 198 499 2025 3176 
1 3568 
5 139 316 979 1750 4129 
3 483 1713 1863 
2 1629 3246 
3 1184 3060 3418 
0 
0 
1 120 
0 
2 410 2598 
4 31 1512 2193 3560 
3 184 469 1712 
2 1003 1944 
4 281 720 1091 2110 
2 78 3316 
3 278 1477 2836 
1 1778 
3 1656 3158 4233 
6 887 1394 2282 2957 3358 4285 
2 1439 2386 
2 2181 3602 
4 1220 1278 1370 2005 
4 59 3783 4303 4329 
1 2394 
4 787 795 3251 4294 
3 1081 1711 3765 
0 
5 128 365 578 1066 1487 
1 400 
2 3379 4249 
3 68 472 911 
4 2937 3846 3849 4113 
2 1155 2862 
4 357 1726 2274 4393 
1 2067 
0 
2 2592 2780 
3 34 907 1494 
3 2244 2526 3008 
1 1562 
2 2364 2563 
3 1876 2652 4393 
3 84 2397 3970 
3 455 2322 4062 
2 1736 1818 
4 65 248 3563 4096 
2 1641 3117 
1 3955 
2 2253 3891 
2 1539 4305 
1 3677 
1 906 
1 1845 
2 2469 3541 
2 2150 3620 
3 492 1877 2728 
3 698 1096 3762 
2 1053 4350 
2 189 1487 
3 2021 2089 2375 
3 1030 1686 3603 
5 907 2158 2573 3060 4224 
2 1702 3922 
5 487 1472 1690 1845 2716 
1 1642 
3 2494 3740 3983 
5 1064 1384 3672 3887 3996 
1 523 
3 701 1131 3306 
4 197 209 587 2775 
1 304 
1 1395 
2 124 3746 
5 940 993 2667 3674 4088 
3 555 894 3782 
4 1564 3608 3811 4191 
3 340 344 3701 
2 2862 3451 
1 1776 
1 2212 
1 4035 
4 211 1359 2274 2919 
1 3361 
2 65 3599 
4 1169 1453 1663 2135 
2 1416 1491 
4 643 680 1921 4269 
2 3008 3162 
2 1230 4170 
3 1334 2669 3110 
2 2512 4343 
1 1490 
4 700 2218 3183 4045 
1 835 
3 658 2015 2540 
5 1178 2251 2359 2607 3734 
4 1840 2085 3151 4153 
5 973 1034 1438 2898 3529 
1 2430 
2 1757 2657 
0 
3 181 1418 2969 
1 4245 
2 1106 3931 
1 1251 
6 1392 2442 2704 2923 2981 4030 
5 3316 3459 3586 3863 4067 
1 4148 
4 196 1149 1334 2835 
4 874 1222 1407 2492 
2 121 4286 
3 1345 1602 4081 
4 74 650 2724 2862 
1 2044 
1 4185 
3 486 2343 2587 
2 162 673 
0 
1 867 
1 3378 
1 389 
2 2113 2569 
1 803 
4 534 613 2114 2366 
2 243 3064 
2 1283 1554 
5 1302 1762 2114 2404 2932 
2 2476 2573 
5 412 1501 1720 2603 3086 
2 70 4264 
5 72 957 1865 3425 3508 
1 945 
1 2313 
3 1821 2234 2350 
2 3997 4378 
3 396 3526 4023 
2 684 2114 
3 2907 3651 4240 
1 1083 
3 295 1951 2234 
1 806 
1 999 
1 2817 
3 487 692 2904 
4 269 404 862 2188 
2 438 856 
2 273 1069 
3 503 3078 3227 
1 367 
3 46 2922 4379 
2 3023 3545 
2 458 3126 
1 3654 
3 2434 2609 3036 
2 474 1489 
2 49 1581 
4 125 2239 2327 4023 
4 986 3173 3265 3625 
2 2914 2973 
4 824 948 4199 4356 
5 413 1232 2620 2947 3948 
1 823 
2 2608 3918 
3 2441 2747 4055 
2 3709 3931 
3 240 1946 3563 
0 
0 
1 3740 
1 231 
3 2896 2921 3802 
1 2658 
1 2 
2 770 3987 
3 1130 2215 2981 
3 46 422 4361 
3 945 1337 4286 
3 314 1412 3113 
2 1715 3609 
2 1445 1788 
5 1168 1670 1676 3106 3115 
2 2347 3612 
1 659 
3 35 982 4236 
7 5 2227 2368 2473 2519 3411 3860 
3 897 1353 2917 
1 1281 
3 256 997 2656 
2 121 2364 
0 
2 870 1087 
2 3982 4052 
3 43 1367 3001 
2 110 137 
1 3702 
1 1304 
3 733 738 906 
0 
1 510 
2 873 3177 
3 1602 4045 4179 
1 1383 
2 553 3241 
2 1976 3960 
1 2632 
1 1355 
4 1440 1976 2740 3576 
2 2073 4187 
1 2466 
1 393 
3 2732 3457 3589 
4 1121 1338 3748 4127 
1 1948 
6 753 3048 3126 3706 3945 3995 
4 972 2351 3863 4231 
1 1281 
3 2756 3916 4103 
2 365 3800 
2 1965 2316 
1 3278 
2 2599 3188 
6 773 1630 1994 2524 3042 4351 
1 2653 
2 725 2704 
3 531 2170 3636 
1 4269 
1 1047 
3 939 1399 3042 
3 658 3020 4372 
2 2332 3483 
3 519 1488 2570 
2 2479 3408 
0 
2 1911 2307 
1 2599 
5 444 1183 1609 1786 3563 
6 105 134 1596 1910 2641 3696 
3 114 1493 3864 
3 140 3958 4222 
3 820 1770 3644 
4 934 2277 3671 3853 
1 2984 
1 2285 
1 1000 
3 2154 2395 2508 
3 350 699 4118 
2 1014 2591 
8 244 510 1485 1769 1888 2099 2924 4016 
1 1135 
4 1774 3107 3390 4092 
2 47 4226 
5 898 2912 3659 4028 4285 
2 1700 3343 
2 845 1284 
1 3545 
0 
1 1244 
4 2627 2834 3980 4095 
2 3749 3794 
4 197 1006 2989 3163 
0 
3 467 1304 3629 
0 
1 914 
1 2618 
3 2316 2710 3469 
3 814 1011 3289 
2 1303 3461 
3 1468 2650 4117 
1 437 
3 2153 2689 4160 
6 78 2376 2711 2732 3438 4312 
3 912 964 2248 
0 
1 1474 
3 782 2208 4340 
3 1224 1409 2854 
1 4001 
5 1537 1797 3736 3788 4227 
4 26 1704 2902 3430 
1 1680 
2 2078 2725 
3 644 1046 2181 
3 711 1774 2862 
1 1442 
3 391 2621 3930 
4 112 2606 2899 3713 
1 2107 
2 1189 3072 
2 3990 4335 
2 2713 3147 
3 493 1918 3141 
4 1178 1468 2381 3236 
4 472 1048 1329 3714 
2 714 3493 
3 771 1149 2583 
4 337 887 1474 2594 
1 3491 
3 1336 2491 3369 
2 1023 3088 
3 1988 2889 3265 
0 
1 3426 
3 313 1431 2546 
2 1263 1435 
3 308 2946 3080 
3 228 773 2356 
2 846 1307 
4 830 1525 1762 4388 
3 14 201 2379 
1 3424 
1 3900 
1 1518 
2 18 3087 
2 712 1453 
1 134 
1 1009 
1 3896 
5 1115 1223 2239 2329 3986 
3 1044 1185 1539 
3 57 2176 4244 
1 1034 
3 2464 3151 4226 
2 296 1264 
5 749 1745 1923 3388 3745 
0 
1 3138 
4 1982 2415 2549 3043 
3 1103 2482 4204 
2 1306 1930 
3 158 959 3874 
3 764 2883 3982 
4 630 728 3456 4208 
1 1694 
1 3453 
1 3721 
0 
4 340 2595 2755 3831 
3 730 1222 4041 
2 1855 3973 
2 756 3505 
1 1169 
0 
2 2150 2854 
2 372 863 
4 108 982 1003 3874 
3 1773 1923 3499 
3 287 1260 1480 
1 352 
3 2387 2392 3289 
2 644 3569 
1 3869 
2 2285 2709 
2 2456 3018 
2 1914 2913 
3 1292 1817 2525 
1 2326 
2 2013 4133 
1 4278 
2 634 4208 
0 
4 384 611 1540 3580 
1 410 
3 1184 2396 3844 
3 1267 3837 4282 
0 
0 
3 3294 3857 4398 
4 1279 2011 2719 3151 
6 43 1430 1824 2662 3701 4276 
2 3256 4110 
2 1789 3743 
3 730 1015 1500 
3 1252 4174 4332 
1 4000 
0 
2 1565 3701 
4 252 338 810 3892 
0 
1 2899 
2 303 1767 
2 1993 2338 
4 1621 2585 3212 3714 
2 912 2963 
3 185 1538 3145 
3 1022 1271 2803 
5 2208 2403 3309 3413 4107 
2 997 2345 
3 47 1561 2272 
3 2840 3615 3914 
5 889 1176 1318 2384 2737 
4 224 393 600 1438 
0 
1 412 
2 1075 2902 
2 2156 2824 
3 1231 2638 3847 
1 1666 
2 1598 3754 
2 252 618 
1 568 
2 3169 3793 
7 868 900 938 2643 2707 3074 4237 
2 2826 4347 
7 588 2338 3204 3324 3394 3771 4051 
2 720 1398 
3 138 988 3663 
3 1525 1557 3049 
2 1530 3628 
3 574 1964 3159 
6 989 1569 2046 2593 2845 3509 
3 802 865 1320 
1 1052 
2 1097 1927 
3 822 1194 1501 
1 1670 
3 1259 1730 1741 
3 10 3027 3365 
1 247 
1 1354 
5 6 719 2118 2332 3756 
4 956 1471 1495 3520 
3 1036 2231 3035 
1 3649 
1 4027 
2 1601 3751 
7 545 649 828 1250 2270 2834 4328 
1 3265 
2 2301 4391 
3 2260 3949 4113 
3 1542 3369 3951 
6 108 871 1159 1434 1754 2806 
0 
1 895 
3 261 3858 4195 
1 750 
0 
3 405 800 4143 
2 3841 3871 
1 1936 
2 3242 3813 
0 
0 
3 955 1827 3179 
1 3219 
0 
1 2382 
2 2337 2344 
2 168 1516 
3 256 3234 4198 
4 720 3012 3337 4388 
0 
2 509 630 
3 111 531 3340 
3 351 1106 3102 
0 
1 3548 
2 97 2863 
4 454 1657 2319 3880 
0 
3 203 2541 4283 
3 1353 1678 3213 
5 155 421 1006 1238 3813 
1 2996 
3 1753 2258 3118 
3 584 1233 1514 
3 137 3316 4116 
2 2436 4132 
5 843 1154 2024 2141 2798 
6 311 1851 2461 3567 4243 4248 
1 3420 
2 1645 4335 
2 1013 1571 
3 289 2155 3669 
1 1236 
3 1958 2360 2845 
2 582 4053 
1 3383 
3 567 1267 2401 
2 1481 2580 
0 
1 1226 
2 339 1550 
0 
1 4345 
2 2823 3398 
4 160 320 1398 1968 
1 2531 
4 424 1343 2259 3813 
1 43 
2 2154 3582 
0 
4 1068 1775 2370 3296 
3 534 1254 1485 
1 1547 
4 2871 3096 3311 4223 
0 
4 2169 3073 4207 4365 
2 109 4397 
3 1057 2245 2482 
4 875 1695 3410 4242 
1 2831 
3 1402 1563 2189 
1 4196 
3 2927 3565 4290 
3 1128 1221 1493 
1 585 
1 222 
5 507 508 1209 1566 3924 
2 839 3767 
5 450 945 1156 2553 3632 
1 901 
2 1068 3399 
2 3225 4152 
2 1635 4225 
1 3232 
3 64 842 2360 
0 
3 152 2084 3209 
4 643 778 2061 4056 
2 1907 2372 
4 397 500 2118 3699 
5 299 1375 2045 2925 4341 
1 2688 
5 1324 1645 2343 3905 4309 
3 1948 2567 4035 
3 302 491 1025 
3 630 1246 2623 
2 973 4116 
1 940 
4 468 1040 1646 2804 
2 3894 4345 
3 2084 2746 4218 
3 195 2973 4207 
1 1885 
3 678 2524 4030 
4 304 2940 3004 3743 
2 2177 3395 
3 567 1479 1490 
0 
2 2813 3680 
0 
6 998 2493 3023 3235 3528 3535 
3 702 2390 3353 
3 631 792 1482 
4 743 881 1391 1998 
4 47 125 235 4230 
3 418 1098 3372 
2 644 2587 
1 4065 
3 1651 2737 3323 
0 
2 2519 2596 
4 1243 2384 2775 4117 
2 594 3445 
3 702 3452 3541 
3 1395 1472 3025 
6 675 1498 1555 1865 2915 4140 
0 
1 2700 
1 305 
2 499 1165 
3 3041 3049 3494 
0 
4 248 491 518 2801 
1 0 
1 4142 
1 436 
2 842 1233 
3 173 330 432 
1 2196 
1 2069 
0 
1 3132 
1 872 
4 1582 1804 2311 3254 
2 2020 2907 
3 861 1375 3437 
2 135 403 
3 146 2185 2470 
1 704 
4 644 2885 3224 3327 
0 
0 
4 513 2927 3530 3695 
3 2584 2890 2944 
1 3483 
4 1862 2570 2964 3231 
1 885 
5 268 278 1934 3370 3837 
4 2875 3417 3838 4248 
2 1701 4053 
4 2266 2972 3584 4144 
1 579 
3 129 809 3102 
2 1722 3557 
4 298 1758 2205 2496 
3 1252 2399 3579 
3 975 1875 2723 
1 283 
2 369 2767 
1 1204 
3 847 2859 3077 
4 351 2531 2810 3215 
2 2530 2574 
4 959 2835 3081 3857 
4 396 561 676 3184 
3 196 1827 2851 
3 34 1351 3668 
2 1988 4070 
2 2805 4148 
2 2088 2880 
3 175 462 3563 
5 168 1091 1385 2363 4237 
3 524 594 3091 
3 1726 3124 4197 
3 138 2173 2596 
3 1083 1609 3808 
1 4371 
2 1418 2023 
2 805 1311 
3 2104 2834 4246 
2 244 1622 
4 1744 2470 3233 4083 
6 166 1153 1830 2363 3082 3181 
3 1911 3875 4352 
1 3838 
1 3977 
0 
3 1443 2094 3437 
0 
5 157 609 3085 3153 4013 
2 1371 2520 
3 1057 2183 2288 
4 2395 2974 3560 3814 
1 3417 
0 
1 2798 
2 755 4121 
3 2115 2915 3933 
0 
4 799 2613 3376 4394 
1 155 
3 1902 3329 4291 
1 981 
2 713 2620 
3 513 1487 1981 
1 850 
2 481 1832 
2 1778 3776 
4 712 1030 1260 3118 
1 2193 
3 2076 3080 3234 
1 54 
7 434 958 2562 3599 3621 3647 3860 
3 262 1816 3793 
7 33 339 1166 1703 1752 3948 4354 
0 
3 421 721 1995 
3 100 708 2140 
2 2019 2939 
2 4054 4281 
4 98 1392 1590 2115 
3 1317 1493 1966 
2 147 812 
2 1044 1730 
1 2497 
1 2331 
0 
1 2781 
4 353 2370 2455 3145 
0 
1 3496 
2 244 1434 
3 703 1379 2029 
3 1004 1971 2255 
3 85 957 1436 
2 2162 4080 
4 1273 2984 3523 3748 
6 1338 3749 3785 4035 4272 4312 
2 1513 2551 
3 1096 1379 2913 
4 1556 2820 3597 4226 
0 
1 401 
3 485 2534 3522 
3 2419 2890 3930 
4 385 2877 3190 4271 
2 3555 4201 
2 113 1952 
3 1338 3067 3190 
1 1141 
1 94 
1 1033 
1 3399 
0 
1 821 
2 903 1850 
4 917 1251 3526 3764 
2 446 3593 
2 611 1978 
4 568 2094 3343 3813 
0 
2 1910 4143 
3 2742 3265 3373 
3 1497 2070 3396 
0 
4 1106 1444 2193 3084 
1 2831 
2 1856 2853 
3 118 1291 3510 
2 956 1602 
4 667 1357 3597 3992 
1 2160 
1 4385 
4 133 529 3489 3504 
5 655 1602 1789 2787 3784 
3 236 2356 4201 
1 4196 
4 1871 2837 2892 3940 
0 
2 1676 3617 
2 135 2523 
3 443 841 1147 
2 1166 2592 
1 4369 
3 1651 1939 1948 
3 92 3143 3154 
8 512 1826 2193 2862 2907 3225 4122 4268 
3 706 1619 2953 
1 1687 
2 1309 4356 
1 3207 
3 975 2986 3536 
1 2038 
1 3690 
0 
3 955 1458 3476 
0 
1 4231 
0 
4 1193 1478 3122 3470 
0 
1 3101 
1 1055 
1 2359 
4 957 1198 3683 3934 
3 400 1158 3910 
1 2379 
3 301 3009 4206 
3 814 2522 3039 
3 1904 2287 3906 
1 342 
0 
3 764 1020 1307 
2 3548 4207 
5 324 2113 3053 4247 4386 
1 3375 
0 
2 1717 3321 
2 2305 4080 
4 195 250 1264 1940 
2 541 2943 
4 831 832 3221 4274 
3 232 2125 2934 
4 2091 2555 3667 4061 
2 2132 2279 
0 
3 1463 2005 2777 
2 1852 2048 
1 2440 
3 1511 3444 3845 
2 3262 3323 
1 2251 
3 70 1793 3798 
2 1065 3905 
1 1556 
5 160 450 1972 2134 4210 
3 11 2623 4065 
1 1173 
6 140 355 660 1124 1248 4142 
4 1543 2561 3878 4295 
0 
3 628 2540 3948 
3 1571 2225 2333 
1 2889 
5 116 299 2215 2769 3372 
4 1651 2274 2971 4055 
2 4 4171 
7 166 608 1830 1877 3319 3815 3942 
3 861 3588 4300 
1 366 
4 1652 2300 2578 3589 
0 
2 786 1371 
2 1487 2408 
4 1589 2303 3206 4123 
1 2578 
4 681 2272 2816 3085 
4 648 2595 2858 3397 
2 1885 2079 
3 602 1907 3362 
2 220 4229 
2 703 1272 
2 189 4126 
0 
4 1228 1304 2693 2854 
2 780 2204 
3 262 2862 3149 
2 625 1216 
2 103 1756 
3 894 2899 3201 
9 35 191 259 1526 1570 2638 2839 2923 2979 
3 205 2619 2980 
2 3498 4133 
4 462 1686 1885 4281 
1 155 
2 3018 4144 
2 1725 3786 
1 567 
2 2747 3093 
4 356 2812 2818 3416 
2 581 2205 
6 334 995 1927 2208 3350 3490 
4 2046 2547 3224 4120 
3 409 1469 2459 
2 903 1670 
6 389 872 1218 2458 2664 3477 
1 3332 
3 597 1106 4284 
2 1996 2752 
2 1836 3448 
1 4372 
2 44 3871 
2 1319 4177 
2 1329 2458 
4 542 761 2778 3372 
2 3225 4282 
2 1564 3293 
1 2790 
4 695 1401 2034 4017 
1 3533 
3 1723 1976 3436 
1 692 
1 282 
2 876 1245 
2 267 2599 
1 4319 
4 199 1973 2986 3095 
1 4286 
2 662 2409 
0 
1 2870 
4 148 1018 1269 1328 
3 623 1243 3790 
1 396 
2 2200 3069 
3 400 3406 4314 
2 448 3999 
4 930 995 1447 2095 
2 1039 1522 
1 262 
6 423 678 1545 2229 4029 4160 
4 529 1909 2200 2992 
2 3294 3315 
2 354 567 
3 1271 2043 4091 
2 895 1477 
3 262 1135 3583 
2 2024 3410 
1 4021 
6 65 1338 2550 2690 3264 3694 
3 2441 2657 4094 
1 13 
3 1112 4089 4219 
2 1780 2445 
5 249 3138 3239 3684 3838 
1 4181 
4 44 448 4137 4237 
0 
1 1914 
5 789 1222 3112 4071 4391 
1 3497 
2 2072 3142 
2 1317 2496 
0 
7 1109 1143 1958 2452 3122 3251 3359 
0 
1 2081 
2 2961 4310 
3 1194 2482 4245 
1 1765 
4 78 2658 3563 4103 
1 3350 
4 2592 2931 3635 3750 
2 3820 4235 
6 1499 1560 3075 3105 3322 3946 
2 1796 3678 
2 877 2475 
0 
3 499 1025 1822 
5 34 1980 2475 2514 4293 
2 24 3924 
3 2502 3202 4082 
6 234 516 1727 2369 2379 4348 
2 1072 1288 
3 11 3708 3937 
1 2975 
5 1005 1342 2882 3265 4182 
0 
7 957 1307 1608 2054 2272 2974 4207 
2 849 3768 
2 859 4040 
3 312 765 4245 
2 185 1898 
0 
2 1707 2003 
1 1625 
1 1538 
1 440 
2 1864 2875 
2 3836 3919 
2 256 3270 
3 285 1699 4062 
2 1259 3782 
0 
3 1024 1051 2605 
1 2089 
0 
2 1355 3232 
2 2563 4033 
2 1397 1673 
4 780 1258 1474 4025 
3 2394 2656 3408 
0 
2 2317 4031 
3 1077 2453 3416 
1 3204 
3 961 2496 4181 
1 1167 
1 2559 
1 4388 
4 96 1852 2891 2985 
4 356 1199 1628 2443 
3 30 3375 4051 
1 4385 
4 1806 1830 1853 4399 
3 962 2732 2994 
3 2685 2962 3545 
3 455 512 2471 
0 
2 790 3529 
2 152 624 
4 298 1135 2406 4182 
3 2045 3190 3588 
1 2041 
3 435 698 1091 
3 516 3625 3687 
7 116 849 1291 1913 3427 3712 4269 
1 3404 
1 2370 
3 1060 2230 3983 
3 160 2701 3797 
3 1287 2604 3887 
3 1592 3040 3955 
0 
0 
1 3963 
2 739 3370 
1 2240 
4 1275 1406 3160 4233 
3 647 1200 1473 
1 498 
5 1004 1203 1295 3626 4318 
3 3000 3516 3973 
4 25 1219 2107 2912 
0 
0 
2 396 4037 
0 
3 625 2789 4398 
4 1650 1753 2061 3716 
0 
3 251 3725 3939 
3 503 3596 3862 
4 2272 2373 3751 3976 
0 
1 1215 
2 46 2215 
4 551 620 3266 3769 
1 188 
1 2445 
2 459 1823 
1 3672 
2 2759 3255 
2 1091 2610 
1 2020 
4 710 1306 2538 3116 
4 1736 2163 3138 4258 
1 774 
1 2739 
3 13 3429 4021 
2 2302 2396 
2 798 1575 
2 2312 2345 
5 549 1188 1758 2587 2998 
1 964 
5 1032 1318 2471 3030 3117 
1 2857 
1 1008 
0 
4 536 2317 2884 3247 
1 3947 
4 240 1114 2850 2863 
2 1087 1205 
3 621 1317 3532 
3 1178 1342 2448 
1 1366 
3 762 1584 3993 
0 
2 700 3359 
3 1126 1368 1769 
3 2561 4036 4097 
4 1851 2171 4067 4112 
2 1888 2175 
3 248 259 2591 
2 1432 3273 
1 4240 
1 3366 
0 
3 553 1025 2566 
1 2112 
3 2453 3037 3234 
1 2753 
4 620 1598 1857 2519 
1 4345 
3 770 2831 3593 
2 3662 3877 
5 171 1146 2149 2843 3774 
2 2491 3608 
3 499 2800 3318 
0 
4 183 1544 3847 3876 
3 76 907 4292 
2 251 2224 
2 2752 3487 
1 2515 
4 1892 2301 3908 4223 
8 1949 2545 3049 3116 3656 3692 3914 4069 
4 1718 2830 3491 3518 
1 648 
5 1498 2875 2897 3936 4318 
5 869 1183 2203 2792 4322 
2 1161 2392 
3 811 1225 1482 
1 2389 
0 
1 4329 
2 402 1630 
4 45 1395 2803 3691 
4 1390 1435 2020 4033 
2 2178 2832 
4 72 1341 2315 2523 
4 132 265 2103 3397 
3 3094 3654 4206 
5 140 580 1846 2800 3220 
2 1913 3673 
6 1892 2070 3087 3409 3481 3841 
8 1181 2050 2249 2458 2679 2793 3437 4360 
0 
1 3961 
2 447 3705 
8 396 1353 1405 1581 2020 2422 3373 3898 
3 606 2237 3136 
3 3112 3176 4129 
2 1387 2635 
3 333 386 4054 
1 3342 
3 3561 3772 4037 
4 829 1477 1872 3075 
1 639 
5 1552 2149 3054 3296 4186 
2 1177 2842 
2 2230 3659 
4 13 453 812 3628 
1 3479 
4 1186 3261 4049 4072 
3 1729 2389 3780 
3 1644 2544 3915 
3 1175 3628 3749 
2 534 3188 
2 2888 2916 
3 105 1174 2757 
3 583 1069 2519 
1 359 
4 267 336 2788 3058 
1 2270 
1 2793 
3 1377 1779 4399 
4 485 653 2636 4157 
2 896 2053 
2 1453 1488 
4 1168 1293 2598 3120 
2 2307 3122 
0 
5 1481 1737 1861 2975 3288 
3 407 2567 2619 
2 110 407 
1 1730 
2 2418 3887 
5 2167 2378 3245 3384 4117 
1 802 
1 3846 
3 945 1688 3838 
4 681 1497 1677 1766 
2 744 3922 
2 1788 4280 
2 3153 3528 
4 1854 2448 2519 2868 
1 3517 
3 1406 1552 2845 
3 217 2940 4275 
4 1087 2138 3820 3974 
2 3523 3996 
2 2001 3619 
2 225 3988 
5 56 1304 3116 3177 3410 
5 242 1097 3269 3335 4008 
2 460 2867 
4 1158 2114 2751 2797 
3 187 238 1920 
1 3663 
3 1032 3041 3802 
1 4202 
3 906 1139 4060 
1 3183 
2 1447 3940 
2 2202 3048 
1 83 
1 2202 
3 1225 1532 4329 
3 1246 2888 3949 
0 
0 
2 1576 3181 
1 74 
4 1949 2002 2089 3208 
3 1002 2557 4344 
2 409 507 
5 173 602 2276 2752 3066 
6 1226 1275 1743 2589 3021 3683 
4 660 771 1861 4048 
2 341 2024 
5 224 2012 2442 3430 3838 
4 331 1813 2341 2980 
2 1168 4016 
1 897 
2 11 1516 
1 1176 
6 195 1041 2131 2305 4132 4210 
2 1183 4006 
1 2237 
1 3133 
3 1885 2012 4211 
2 1158 2977 
0 
1 2229 
1 2251 
2 540 775 
1 3585 
4 32 3181 4216 4299 
2 625 1928 
3 834 880 2476 
2 341 3532 
2 1132 1297 
2 196 1667 
3 857 3448 3630 
2 1607 1932 
3 48 1007 2815 
2 1989 2785 
1 2051 
3 1089 1776 3434 
5 38 1047 2950 3157 3681 
3 312 1678 2064 
1 3249 
2 1346 4306 
6 282 381 3014 3643 3690 4194 
2 2636 2726 
6 188 597 2468 2813 3052 3562 
2 2854 4063 
2 1935 2938 
2 533 3216 
3 11 627 3380 
3 200 2565 3784 
0 
1 3815 
5 100 1262 1627 1805 1911 
4 1462 1795 3318 3890 
2 1675 2211 
1 1521 
2 1020 3143 
1 4227 
3 1128 1478 3334 
3 1090 1267 2598 
1 878 
1 1620 
3 1968 2069 3656 
2 2248 3102 
1 1507 
3 619 824 2809 
2 800 3884 
2 1803 2732 
4 632 1111 3100 3777 
2 3387 3991 
1 1756 
1 2121 
3 1145 2460 2665 
5 1225 1654 1674 1911 2040 
1 1586 
4 331 1229 2293 3293 
1 3308 
1 2545 
2 786 1499 
2 121 2869 
2 522 903 
1 881 
3 1808 3873 4104 
4 896 1674 2032 3915 
0 
4 2562 3467 3609 4100 
1 2311 
2 1935 2056 
5 994 1196 1335 3587 4040 
0 
3 2653 3192 3200 
4 2030 2167 2585 3800 
1 2293 
0 
3 2458 2571 3657 
2 3526 4139 
3 758 4105 4257 
1 1 2 3 2 1 3 1 1 2 1 1 1 3 1 1 1 1 3 1 2 2 1 1 1 1 2 1 1 1 1 1 2 1 1 2 1 2 2 3 1 1 1 1 1 1 2 1 4 1 2 3 1 2 1 2 1 1 1 2 1 1 1 2 1 1 2 3 1 2 2 1 2 2 1 1 1 2 3 1 1 2 2 1 1 3 1 1 2 1 1 1 3 2 2 2 4 1 1 1 1 1 2 1 1 2 1 3 3 2 2 2 1 1 1 2 4 1 1 1 2 2 1 2 2 1 1 2 4 1 2 1 1 3 2 2 2 2 1 2 2 1 2 1 2 1 1 1 1 2 2 1 3 1 1 2 2 2 1 1 1 1 2 1 1 2 1 1 1 2 2 4 1 1 1 2 1 1 1 1 1 3 1 1 2 3 1 2 2 3 1 3 1 2 2 2 2 3 1 1 1 1 2 1 1 1 1 1 1 1 1 3 3 1 3 2 1 4 1 2 2 1 2 1 1 3 1 1 1 1 2 3 1 1 3 1 3 1 2 2 4 1 1 2 1 2 1 1 3 3 3 3 2 3 1 2 2 3 2 2 1 3 2 1 1 3 3 1 1 2 1 2 2 2 1 2 2 1 2 1 1 2 2 2 1 3 1 2 1 2 2 3 1 1 3 3 1 1 2 3 3 2 2 3 1 2 3 1 3 1 2 3 4 1 1 2 1 1 1 1 1 1 3 1 1 1 2 1 1 1 1 1 1 3 1 3 1 1 2 1 2 2 1 1 3 1 1 3 1 1 2 1 1 1 1 2 1 1 1 1 2 1 1 3 1 1 2 1 1 2 1 1 1 2 1 1 1 1 1 3 2 1 2 1 2 2 1 2 1 2 1 2 1 3 1 1 3 2 1 2 2 1 2 2 2 1 2 2 2 2 2 2 1 2 1 1 1 1 2 1 1 3 4 1 2 1 1 3 2 1 2 1 1 3 1 2 1 2 1 1 2 1 3 1 3 1 3 3 1 1 2 2 3 3 1 1 1 2 2 2 3 3 2 1 3 1 1 3 1 1 3 2 2 1 1 2 1 1 2 2 1 2 1 4 2 2 2 2 2 2 1 3 3 1 1 1 2 2 2 1 2 2 1 1 3 1 1 1 1 2 1 1 1 3 1 1 3 1 1 3 1 1 3 3 3 4 1 2 1 3 1 2 1 2 3 1 1 2 2 2 2 2 2 1 2 1 1 1 1 1 2 2 1 2 1 2 2 2 1 3 2 3 4 1 2 1 1 4 1 2 2 1 1 2 2 1 2 2 1 3 2 1 1 1 1 2 1 1 2 1 1 2 1 1 2 4 2 2 1 1 1 1 2 1 3 1 2 2 1 2 1 1 2 3 1 1 2 1 1 1 3 1 1 1 2 3 2 3 3 1 3 2 1 1 4 1 1 1 1 2 2 1 2 2 2 2 1 2 1 1 2 1 2 3 1 3 3 1 1 2 1 2 1 1 1 1 1 2 1 1 1 1 2 2 1 3 1 1 3 2 2 2 2 1 2 2 1 1 1 2 1 3 2 1 1 2 1 1 2 2 2 1 2 2 3 1 2 3 1 1 1 1 2 1 1 1 2 2 2 1 4 1 1 1 3 3 3 1 1 1 1 2 2 2 2 2 1 1 2 1 1 3 1 1 1 1 2 2 1 3 3 3 1 1 1 3 2 2 2 4 1 2 2 1 2 1 1 2 1 1 1 3 1 2 3 2 1 1 3 1 1 2 2 1 2 1 2 1 1 1 1 2 1 2 1 2 1 1 2 2 3 2 3 2 1 2 2 1 1 3 1 2 1 1 4 2 1 1 3 2 2 1 1 2 2 1 2 1 1 3 3 1 1 2 1 2 1 1 1 1 1 1 1 2 1 1 1 2 1 1 3 1 1 1 1 1 3 2 3 2 1 2 2 1 1 1 2 2 3 1 2 2 4 1 1 4 1 3 1 2 1 1 1 1 2 2 1 1 2 3 1 2 1 1 2 2 3 2 3 3 2 2 2 2 2 1 3 1 1 1 1 1 2 1 2 1 2 3 1 1 2 1 2 1 1 1 1 1 1 2 2 1 1 2 1 1 1 3 2 2 3 1 1 1 3 1 3 1 2 2 1 1 1 2 1 1 4 3 3 1 2 3 2 1 2 1 2 2 1 1 1 2 1 1 2 2 3 1 2 1 3 2 2 2 1 2 1 1 1 2 2 1 1 1 4 3 2 2 1 2 1 1 1 2 4 1 3 1 3 2 1 2 1 1 1 1 2 1 1 1 2 1 4 3 3 3 1 1 1 3 3 3 4 2 1 2 1 1 1 1 1 1 1 1 2 1 2 2 1 2 3 1 2 3 1 2 1 3 1 1 2 3 1 1 3 2 1 2 4 3 2 1 3 2 2 2 1 1 1 2 1 2 2 2 1 1 2 3 1 3 1 2 1 1 1 1 2 3 2 3 3 2 1 3 2 1 3 2 2 3 2 1 2 3 1 1 1 1 1 2 2 1 1 2 2 3 1 3 1 3 3 1 1 2 1 2 3 1 1 1 1 1 3 3 2 3 2 1 2 3 1 2 1 1 2 3 1 1 1 2 1 4 1 3 2 1 1 2 3 2 1 2 1 2 2 1 2 1 2 1 1 1 2 1 3 1 2 1 1 1 1 1 1 1 1 2 1 1 1 1 1 1 3 2 2 1 2 1 1 1 1 1 1 1 1 1 2 2 1 1 4 2 1 3 1 3 1 1 2 4 2 1 3 2 1 1 1 1 2 1 3 1 1 3 2 1 1 1 1 2 1 2 1 1 1 2 1 1 1 3 2 1 3 1 1 2 1 2 1 1 1 1 2 2 2 1 1 1 1 1 2 2 1 1 1 1 1 1 2 2 1 4 2 2 1 3 3 3 1 1 1 2 1 2 3 1 2 3 2 1 1 2 2 1 3 4 2 1 3 3 3 2 1 1 1 1 1 3 1 1 2 1 2 1 2 1 1 2 1 2 1 1 1 2 2 1 2 2 1 1 1 1 1 3 3 3 1 3 1 2 1 2 1 1 2 2 2 1 1 1 2 2 3 2 1 3 1 2 1 2 1 2 3 2 1 1 2 1 2 1 1 1 1 1 1 3 2 3 2 3 2 2 1 1 1 1 3 1 1 1 2 1 1 1 1 2 2 1 1 3 2 1 1 2 2 1 1 1 1 2 1 2 2 1 2 1 3 1 1 2 2 3 2 1 1 1 2 2 2 2 1 1 2 2 1 2 1 3 1 2 3 1 1 4 2 1 1 2 2 3 2 1 3 1 3 1 1 2 2 1 2 2 2 2 2 2 1 2 3 1 1 2 2 1 1 2 1 2 1 1 1 1 3 1 2 1 2 2 1 2 2 1 4 1 1 2 1 1 2 1 1 2 1 1 1 3 2 1 3 1 3 1 2 2 1 1 1 2 1 2 1 1 2 3 2 4 1 2 1 2 1 1 2 1 1 1 2 2 2 1 1 3 1 1 3 2 1 1 3 2 2 1 1 1 3 2 2 1 1 1 2 1 1 2 2 2 2 1 3 2 2 1 1 2 3 1 2 1 3 2 1 4 3 1 2 2 1 3 1 1 2 2 2 1 1 2 3 1 2 1 2 2 2 1 1 2 1 1 1 2 2 3 1 1 1 2 1 1 1 2 1 3 2 1 1 3 1 1 1 1 3 3 4 2 2 3 4 1 1 1 1 1 2 2 1 3 2 2 2 1 4 1 1 2 2 1 3 2 2 1 1 1 2 2 1 1 3 2 3 1 1 2 2 1 1 2 1 1 1 2 2 1 3 1 1 2 1 2 2 1 2 4 2 2 1 1 3 1 3 1 1 1 3 2 1 2 1 2 3 2 3 1 2 1 2 1 2 1 2 1 2 1 3 2 1 3 3 2 2 1 1 3 2 1 2 1 1 1 2 2 1 1 2 2 1 3 2 1 3 1 2 1 1 2 1 1 1 1 3 2 1 1 1 1 2 2 3 2 3 3 1 2 2 3 2 2 1 1 1 2 1 1 2 1 1 1 1 2 2 1 1 2 1 1 2 1 3 2 2 3 1 3 1 2 1 1 1 3 1 1 3 1 2 1 1 1 2 3 1 2 1 1 1 1 1 2 1 3 2 2 3 2 1 1 2 2 1 1 2 1 2 1 1 2 3 2 1 1 1 1 1 3 2 1 3 2 1 3 1 2 1 2 1 1 1 2 1 1 2 3 1 2 1 1 1 1 2 2 2 1 3 3 2 3 3 1 1 2 3 3 2 3 2 1 2 2 3 1 2 1 1 2 1 1 1 1 2 3 1 1 2 1 1 1 2 2 1 1 1 2 1 2 2 1 2 2 2 2 2 3 1 1 1 1 1 1 2 3 1 3 2 1 1 1 2 1 1 2 1 1 1 1 1 1 1 1 3 1 2 2 3 2 2 1 1 1 2 1 2 1 1 2 1 2 2 1 2 1 1 1 3 1 1 2 2 2 1 1 1 1 1 1 1 3 1 2 3 3 2 1 3 1 1 1 3 1 1 1 1 2 2 1 2 2 2 1 1 2 3 1 2 1 2 1 2 1 2 1 2 1 1 3 1 2 1 2 1 1 2 1 2 4 1 1 2 1 2 3 2 3 2 1 3 3 1 1 1 2 2 2 2 1 3 2 1 1 2 1 4 3 4 2 1 1 3 2 1 1 2 1 1 1 1 3 3 1 1 2 1 1 2 1 2 1 2 4 3 1 2 1 1 2 1 1 2 1 3 3 1 2 1 2 1 2 1 3 1 1 1 1 1 2 1 2 2 2 2 2 1 3 4 1 1 1 3 3 1 2 1 1 2 2 1 1 1 1 3 1 2 2 2 2 1 1 1 2 3 1 2 2 1 2 1 1 2 3 2 1 3 3 1 2 2 4 1 2 1 2 1 2 2 1 1 2 1 2 3 1 3 1 1 3 2 2 1 2 1 1 2 1 1 2 1 2 1 1 2 2 3 1 1 1 1 2 4 1 1 1 1 1 1 3 2 1 2 2 2 2 1 1 2 2 1 3 1 2 1 1 1 1 3 2 2 3 1 1 1 3 3 1 2 1 1 1 3 2 2 1 2 1 1 1 1 1 1 2 2 1 1 1 3 1 2 2 2 1 1 2 1 1 3 2 2 3 2 2 2 3 1 1 2 3 2 2 1 1 1 3 3 1 2 1 2 2 1 2 1 2 1 1 1 1 2 1 1 2 1 1 2 1 1 3 2 2 1 4 2 1 1 1 2 1 1 1 4 3 3 2 1 3 1 1 1 1 2 1 3 1 2 2 4 4 2 1 2 1 1 1 1 2 1 2 2 1 1 1 2 1 2 2 2 2 1 3 2 3 3 1 1 1 2 1 1 1 2 1 1 3 2 1 2 1 3 3 1 3 1 2 3 2 3 1 1 1 1 1 1 2 1 1 3 2 2 1 1 1 1 2 1 1 2 2 1 1 1 1 1 1 2 2 1 1 1 2 1 1 1 2 2 3 1 2 1 1 1 1 3 1 2 1 1 2 2 4 1 3 1 2 3 2 1 1 3 1 2 3 1 1 1 1 1 2 3 1 2 2 3 1 2 1 3 1 3 1 2 1 1 1 1 2 2 4 1 1 1 1 2 1 1 1 1 1 1 2 2 3 2 3 1 1 1 2 2 2 2 1 1 1 1 2 1 3 3 1 1 2 1 2 1 3 1 1 2 1 1 2 1 1 1 2 2 3 3 3 1 1 2 2 1 1 1 4 1 1 3 1 2 2 3 1 2 2 3 2 1 2 1 3 2 1 1 2 3 1 1 1 1 2 3 1 1 2 2 1 1 4 1 2 3 2 1 1 1 2 1 1 2 1 2 3 2 2 1 3 1 1 1 1 2 1 2 1 2 1 1 1 2 1 2 1 1 2 3 2 1 2 1 1 1 1 2 1 1 2 2 1 3 2 1 2 1 1 2 1 1 1 1 3 1 3 1 2 1 2 2 3 1 1 1 4 1 2 1 2 3 2 1 1 2 1 1 2 1 2 1 2 1 1 1 2 1 3 1 2 4 2 2 2 1 2 2 1 1 1 1 1 4 2 2 1 3 2 1 2 1 2 2 1 3 1 2 3 3 1 1 3 2 1 1 1 3 1 1 1 1 3 2 2 1 1 2 1 1 2 1 1 2 1 1 2 2 1 2 1 1 1 1 1 1 3 2 1 4 1 1 3 3 2 1 2 1 2 1 1 1 1 1 1 1 1 2 1 1 4 1 2 1 2 2 3 1 2 1 1 3 1 2 1 1 1 1 1 1 2 4 2 1 2 1 1 2 1 1 3 3 1 1 1 1 1 2 3 1 1 1 2 2 2 3 2 1 1 2 3 1 2 1 1 1 1 1 2 2 1 3 2 1 3 1 3 2 1 1 2 1 2 1 1 1 2 3 2 1 1 1 1 1 2 1 1 3 1 3 2 1 2 1 2 3 2 4 3 2 2 1 3 2 1 1 2 1 2 2 2 3 1 3 1 2 1 1 2 2 2 2 1 4 2 1 2 1 1 2 2 2 1 2 1 2 3 3 2 4 2 1 2 1 1 2 1 3 1 1 2 1 1 2 2 1 3 2 1 2 1 1 1 1 3 1 1 1 4 2 2 1 1 1 3 1 2 1 1 1 3 3 1 1 1 1 2 1 2 1 1 2 1 3 1 1 1 3 1 2 3 2 1 3 2 2 1 2 1 2 1 1 1 1 1 1 3 1 1 1 2 1 1 1 1 3 1 1 2 3 3 2 1 4 1 1 1 1 2 3 1 1 1 2 2 1 1 3 1 2 1 1 1 1 1 1 2 2 2 2 1 2 1 1 1 3 1 1 1 1 1 3 1 2 1 1 2 2 1 1 2 2 3 1 2 2 1 3 1 2 1 1 3 1 1 2 1 1 3 1 1 2 1 2 1 3 1 1 2 1 1 2 1 1 1 1 2 4 3 1 2 1 1 2 2 3 2 3 2 1 1 1 1 3 1 3 1 2 1 2 2 1 1 1 1 4 4 1 1 2 3 2 3 1 2 1 2 1 1 1 2 2 2 1 2 2 2 3 1 1 2 1 1 1 1 1 2 3 1 1 1 1 1 1 2 1 1 3 1 1 3 1 1 3 1 1 3 3 2 2 1 1 2 2 3 2 1 2 2 3 1 2 1 2 2 1 1 1 1 2 1 1 1 2 1 2 2 2 1 5 1 3 2 1 2 2 2 1 1 2 1 4 1 2 2 1 1 1 2 2 1 1 1 2 1 1 2 2 1 1 3 1 2 2 1 3 1 4 1 1 1 3 3 2 1 2 1 2 3 1 2 1 1 1 1 2 1 2 1 1 1 2 3 2 2 1 4 2 1 1 2 2 1 2 1 2 1 1 1 1 1 2 1 3 2 1 1 1 1 3 2 2 3 2 1 1 1 1 1 1 1 1 1 1 2 1 3 2 1 2 1 1 3 3 2 2 2 2 1 1 3 1 1 1 1 1 1 3 2 1 2 1 1 1 2 3 1 1 1 2 1 1 1 1 1 1 2 4 1 2 3 1 4 2 2 1 2 1 1 1 1 1 1 1 2 1 2 1 1 1 2 2 1 2 1 1 2 1 1 2 2 1 3 3 1 2 2 1 1 2 1 1 1 4 3 4 1 2 1 1 1 3 1 1 1 1 2 4 3 1 1 1 2 2 4 3 2 1 1 2 1 1 3 1 2 2 3 3 1 4 2 1 2 1 3 1 1 1 2 3 2 1 4 2 1 3 1 1 1 2 1 1 1 1 2 3 2 2 2 2 2 1 1 4 1 1 2 1 2 2 1 1 1 3 2 1 1 1 1 1 2 4 3 1 2 2 1 1 1 2 1 1 2 2 1 2 1 3 1 2 3 1 1 3 2 3 1 1 2 3 1 1 1 3 1 1 2 1 1 1 2 2 2 1 2 2 4 2 1 2 1 2 3 1 1 3 2 1 1 2 3 1 3 1 2 1 3 2 1 1 2 1 2 2 2 1 4 5 2 1 1 1 3 1 1 2 1 1 1 1 1 1 1 4 2 2 1 1 1 2 1 1 1 2 2 3 3 1 1 1 2 1 1 3 2 1 2 4 1 1 2 3 1 2 1 1 1 2 2 1 2 3 2 2 3 1 1 2 2 1 1 2 3 1 3 2 2 1 3 4 1 3 1 1 1 1 3 1 2 2 2 3 1 1 2 3 3 1 1 3 1 1 2 1 2 1 1 3 2 1 4 1 1 2 3 1 2 2 3 1 1 1 2 2 2 1 1 1 2 1 3 2 2 1 1 1 2 1 2 2 1 3 2 4 1 2 1 2 3 1 4 2 1 2 3 2 2 1 1 1 1 2 2 1 1 2 1 1 1 1 4 2 1 2 1 3 2 2 3 1 2 2 1 2 1 1 3 1 1 3 2 3 2 1 2 1 2 1 1 3 1 2 2 3 1 2 1 2 3 2 4 1 1 2 1 2 1 1 3 2 2 1 1 1 1 2 1 1 1 1 1 3 1 1 1 1 1 1 2 2 4 1 3 1 2 2 2 3 3 2 2 1 2 2 1 1 2 1 1 3 1 3 1 3 1 3 2 1 1 1 2 1 1 1 1 2 2 2 1 1 1 1 2 1 1 2 3 2 1 1 2 1 1 2 1 2 2 1 1 1 1 1 2 1 2 1 1 1 1 2 2 2 1 1 3 3 1 2 1 1 1 1 1 2 1 1 1 3 1 1 1 1 2 3 1 1 2 2 2 1 1 1 2 1 1 2 1 4 1 2 2 1 2 1 1 3 1 2 2 1 1 1 1 3 4 1 3 2 1 4 2 1 1 4 1 2 1 1 2 1 1 1 1 1 4 2 1 1 3 1 2 1 1 2 3 1 2 1 1 2 2 1 1 1 1 1 3 2 3 2 1 1 1 3 1 1 3 1 1 2 2 3 3 1 1 1 1 2 1 1 1 2 2 1 2 1 2 1 1 2 2 1 1 4 2 1 2 1 2 1 1 2 2 1 3 2 1 2 1 1 1 2 2 2 2 1 1 2 1 1 2 1 2 1 2 1 2 1 2 1 1 1 2 2 1 1 2 2 2 2 1 1 2 2 2 1 2 2 1 2 1 1 1 1 2 1 2 2 1 1 1 1 2 1 1 1 2 1 4 1 1 2 3 1 2 1 1 1 2 2 3 1 2 1 1 3 1 2 1 3 4 2 1 2 3 2 1 3 2 2 2 1 1 1 2 2 2 3 1 1 1 3 1 1 1 1 2 2 1 2 2 2 1 2 1 1 1 2 1 1 1 3 1 3 3 1 2 1 1 1 1 4 1 5 1 1 1 2 2 3 2 2 3 1 1 1 3 2 1 1 1 1 1 2 2 1 1 1 1 1 2 1 2 1 1 1 2 1 3 2 2 2 2 3 4 1 2 2 3 2 1 1 1 1 1 2 2 3 3 2 1 3 2 3 3 1 1 1 2 3 3 2 2 2 4 1 1 1 3 2 2 1 3 1 3 3 2 1 3 2 2 2 1 1 3 1 1 1 1 2 1 3 1 1 1 1 2 1 2 2 1 3 1 1 3 2 1 2 2 2 3 2 4 2 2 3 3 1 2 1 4 1 1 2 2 2 1 2 1 1 3 2 2 2 3 3 3 2 1 2 2 1 1 2 1 3 2 2 1 4 2 1 2 1 1 1 3 2 2 1 2 1 1 2 3 2 1 2 1 1 1 1 3 1 1 2 1 1 2 2 1 1 2 3 2 1 1 1 3 4 2 1 2 2 1 3 1 2 2 3 2 1 2 1 1 3 2 1 3 1 1 2 3 1 1 2 1 3 3 1 1 3 1 1 3 1 1 
