q 1300
1 872 
5 93 381 634 850 1034 
2 383 776 
3 500 650 1154 
4 181 1108 1162 1217 
6 24 67 130 571 588 1102 
1 67 
3 281 758 1235 
3 701 857 980 
2 810 934 
3 781 810 1192 
3 698 1159 1165 
2 669 956 
1 1069 
2 70 256 
1 59 
4 17 510 671 1016 
4 16 31 34 1139 
1 427 
3 558 804 1274 
3 152 252 393 
1 1001 
2 996 1144 
5 128 307 447 533 909 
4 5 307 624 781 
0 
0 
2 875 924 
6 175 501 601 983 1142 1292 
2 477 635 
1 1245 
4 17 450 692 1044 
5 65 423 650 717 1263 
0 
1 17 
1 645 
3 415 426 1184 
0 
1 791 
2 217 1179 
0 
4 356 793 849 1105 
4 514 684 827 844 
2 343 513 
5 164 190 225 437 1178 
2 295 1060 
3 256 549 1170 
4 89 342 440 864 
1 1271 
2 158 1112 
1 819 
2 310 1061 
3 645 1067 1246 
3 223 574 1116 
3 739 782 856 
1 1258 
1 622 
2 105 169 
3 420 494 826 
2 15 70 
0 
0 
1 494 
1 286 
2 350 865 
3 32 180 1257 
1 1264 
9 5 6 72 97 537 545 696 699 791 
3 278 859 956 
2 793 925 
4 14 59 515 623 
1 635 
7 67 403 539 576 670 768 810 
0 
5 338 387 535 705 779 
1 1231 
3 124 538 574 
1 237 
2 82 483 
3 187 529 802 
2 191 803 
1 922 
4 78 686 818 986 
3 491 705 1175 
2 327 1151 
2 454 816 
2 356 594 
2 660 1167 
4 659 929 1214 1277 
2 47 1274 
1 673 
3 399 602 734 
5 188 361 370 522 1194 
2 1 970 
2 785 933 
0 
4 266 415 724 874 
6 67 253 742 772 893 1288 
0 
5 258 312 564 588 778 
2 314 899 
3 363 410 472 
2 236 450 
2 855 1262 
0 
2 57 395 
1 1111 
2 496 1205 
2 387 1208 
1 388 
1 765 
6 364 678 755 841 1093 1250 
1 1186 
2 383 648 
3 1148 1175 1183 
0 
3 233 298 909 
2 283 303 
2 271 422 
2 745 974 
1 816 
1 773 
2 618 1049 
2 993 1189 
2 76 961 
3 573 644 811 
1 394 
3 352 508 545 
5 23 292 393 1009 1040 
1 1029 
5 5 190 288 585 811 
2 147 985 
0 
2 368 976 
1 294 
3 478 578 1132 
3 159 1144 1253 
2 693 1118 
4 417 491 817 1201 
5 262 306 575 886 900 
3 317 726 969 
3 214 560 826 
1 256 
5 309 658 1128 1172 1214 
1 909 
2 271 865 
2 238 1068 
2 131 572 
2 419 816 
3 334 413 693 
2 709 923 
2 220 1040 
3 20 837 858 
4 443 446 748 824 
2 845 1249 
3 1022 1025 1196 
0 
0 
3 49 534 801 
4 136 760 1037 1242 
5 426 468 565 921 948 
2 163 1271 
4 286 1215 1232 1298 
2 161 624 
2 44 1297 
2 271 1016 
2 617 828 
2 399 813 
3 329 368 501 
6 57 385 485 522 652 1150 
0 
1 1105 
4 690 838 921 1067 
5 237 244 439 1070 1177 
2 306 1138 
4 28 202 525 1299 
2 434 1260 
4 191 300 416 986 
1 885 
2 934 979 
1 65 
2 4 1150 
3 406 1138 1295 
2 842 1003 
0 
1 435 
4 927 1015 1025 1092 
3 79 662 1101 
1 92 
0 
2 44 130 
4 80 177 813 1110 
4 214 415 632 951 
4 260 553 768 805 
5 835 936 946 1036 1112 
7 296 439 927 962 1000 1003 1155 
2 520 632 
3 469 778 1187 
1 1295 
0 
3 374 779 1287 
2 857 1140 
1 175 
3 694 867 918 
3 517 615 1111 
3 340 821 987 
3 233 753 784 
3 629 840 1144 
0 
3 929 941 1097 
1 1187 
2 583 599 
3 624 1119 1254 
1 859 
4 141 192 885 1279 
3 365 1000 1146 
3 820 915 919 
5 39 341 408 460 1034 
2 473 1196 
1 1037 
3 151 502 788 
5 585 622 871 881 1081 
2 890 912 
2 53 1276 
3 275 820 992 
1 44 
0 
1 1120 
2 715 1087 
2 402 615 
2 872 1178 
2 413 800 
6 234 254 702 931 1057 1145 
2 116 206 
3 232 438 826 
0 
3 102 734 806 
3 77 173 502 
3 146 424 623 
4 342 674 784 1211 
2 307 345 
0 
3 389 398 434 
3 846 1005 1127 
2 173 868 
1 430 
0 
0 
5 336 666 951 1038 1100 
2 566 968 
4 736 876 1256 1264 
1 494 
4 20 340 473 802 
3 97 348 1014 
4 232 356 469 1177 
3 257 971 990 
4 14 46 142 909 
2 255 1038 
4 99 713 858 1271 
0 
1 193 
2 929 1243 
5 139 277 447 804 1064 
5 303 483 611 981 1173 
1 798 
2 494 980 
5 96 461 620 699 1014 
4 325 548 939 984 
2 874 1267 
3 353 954 1161 
1 447 
7 118 145 165 610 948 1247 1255 
4 565 952 1106 1224 
1 323 
0 
1 224 
3 818 1264 1292 
4 262 349 545 951 
7 68 300 737 826 1119 1179 1213 
3 510 888 982 
0 
2 7 1269 
0 
4 117 546 781 819 
2 349 651 
3 555 1137 1280 
3 63 162 699 
0 
1 130 
2 419 803 
2 319 1053 
4 364 407 635 812 
1 128 
1 490 
1 134 
3 45 520 601 
3 195 510 520 
2 491 658 
1 116 
2 1088 1112 
4 177 278 1120 1269 
3 390 826 847 
1 882 
4 117 263 713 961 
2 358 1191 
3 654 858 1134 
2 139 174 
4 23 24 240 1176 
6 574 809 1186 1198 1280 1296 
4 143 537 560 1077 
3 51 588 790 
3 970 1228 1235 
2 99 313 
3 312 642 730 
3 100 425 666 
0 
1 764 
4 140 514 549 1193 
0 
1 290 
3 453 795 1095 
1 1194 
2 877 1284 
5 273 500 633 921 1112 
1 619 
3 267 905 1272 
1 721 
1 84 
1 451 
2 168 1158 
3 681 844 1244 
2 412 627 
3 507 975 1094 
2 649 829 
2 149 693 
1 981 
2 248 560 
4 748 836 963 1059 
3 74 342 857 
1 1092 
6 205 252 409 544 585 1080 
3 217 406 782 
6 47 239 338 587 989 1146 
2 43 643 
0 
1 240 
0 
0 
2 253 860 
6 277 284 528 574 876 1011 
4 64 700 1028 1199 
2 785 1196 
3 127 725 1235 
4 269 483 524 977 
2 692 1077 
2 613 1086 
5 41 86 254 459 987 
2 605 1182 
1 304 
3 627 1133 1184 
2 801 1115 
5 92 576 863 1143 1281 
5 435 458 672 687 1037 
2 101 1198 
3 111 291 640 
2 215 965 
0 
0 
6 133 168 886 894 915 1088 
2 546 1148 
4 92 760 863 1204 
1 946 
5 596 757 843 975 1074 
1 802 
2 200 659 
0 
0 
2 1090 1191 
2 989 1192 
0 
4 659 695 1015 1249 
3 1 592 673 
0 
2 2 113 
1 525 
2 169 1171 
2 406 1293 
3 74 108 960 
1 109 
1 242 
5 301 450 456 475 1007 
3 396 464 1058 
1 736 
4 20 128 582 974 
2 126 651 
3 105 853 888 
3 391 1104 1188 
3 510 1059 1064 
2 242 695 
2 91 167 
3 599 641 891 
4 717 742 956 1191 
3 229 762 1281 
3 72 682 856 
3 592 727 728 
1 994 
4 182 341 386 1194 
1 291 
1 217 
1 340 
2 101 904 
4 904 981 1105 1174 
1 331 
4 149 231 569 913 
0 
6 36 96 192 809 1152 1297 
3 177 609 668 
4 138 815 874 1185 
0 
3 148 289 446 
3 58 771 868 
1 782 
2 118 535 
3 32 854 949 
3 238 671 863 
2 314 635 
5 36 160 626 930 1167 
3 18 953 980 
4 894 989 1178 1211 
2 469 621 
5 245 788 961 1020 1078 
2 763 848 
2 1025 1191 
3 572 814 875 
4 176 242 544 689 
2 185 362 
1 560 
5 44 680 978 1181 1288 
1 234 
2 173 195 
3 47 1217 1254 
4 502 616 734 1026 
0 
3 153 772 1250 
1 964 
0 
2 153 419 
5 23 262 270 664 975 
1 1244 
0 
4 31 102 390 1262 
4 328 680 681 737 
0 
2 320 1155 
1 85 
2 1032 1049 
2 390 857 
2 1235 1272 
2 362 881 
1 356 
2 217 885 
6 266 885 999 1121 1131 1228 
3 679 973 1000 
2 534 613 
2 391 523 
2 917 1117 
0 
0 
1 160 
8 197 254 429 526 549 616 620 1241 
2 653 1216 
0 
2 101 1043 
2 218 252 
3 475 512 947 
4 390 474 764 956 
1 1222 
1 29 
2 135 749 
1 564 
0 
2 766 1093 
2 654 1207 
6 78 263 353 594 948 954 
2 1023 1258 
4 169 832 999 1255 
1 1194 
2 952 1101 
4 559 878 953 1023 
1 1024 
2 293 907 
4 83 138 297 1239 
1 702 
0 
7 58 62 251 265 515 606 1042 
2 581 765 
1 107 
3 1034 1130 1246 
1 573 
0 
3 3 323 582 
2 28 168 
4 220 237 441 1188 
2 548 1250 
1 622 
3 856 1247 1298 
1 807 
1 332 
1 127 
1 936 
5 16 279 296 397 1195 
1 1026 
1 474 
3 43 869 1282 
3 42 317 609 
3 70 494 1106 
1 1084 
2 204 919 
3 606 806 992 
1 919 
5 196 295 296 646 1056 
0 
4 92 169 1042 1126 
2 464 1075 
2 353 805 
2 175 384 
1 469 
1 978 
2 349 799 
2 79 578 
2 665 1247 
0 
1 1189 
1 23 
5 158 463 824 935 1196 
2 74 422 
0 
3 67 309 679 
4 76 786 1015 1223 
3 72 788 1277 
0 
2 729 1002 
1 1108 
1 878 
3 340 434 626 
5 67 127 277 556 661 
4 283 369 981 1246 
0 
2 267 503 
4 46 317 469 740 
1 787 
2 664 677 
1 657 
1 193 
0 
3 285 1030 1182 
4 545 622 755 1076 
2 619 987 
3 19 1075 1100 
2 488 748 
5 141 309 336 436 739 
2 704 789 
1 1002 
2 566 1228 
5 99 479 1030 1078 1203 
6 160 272 662 861 1025 1169 
2 249 563 
2 916 1116 
1 673 
3 413 665 957 
0 
2 5 1053 
2 147 433 
4 125 498 953 1245 
5 53 76 308 349 899 
2 139 661 
3 72 361 1030 
1 661 
3 135 529 1114 
3 820 848 1030 
2 915 1064 
1 495 
2 393 500 
1 211 
0 
3 130 221 340 
0 
3 342 592 739 
3 5 99 310 
0 
1 682 
1 1075 
5 381 404 587 695 1185 
2 866 896 
4 86 483 685 877 
2 970 1021 
2 372 1192 
0 
1 1178 
3 211 400 1222 
0 
3 28 295 1076 
3 91 650 668 
0 
2 897 1013 
2 357 972 
5 494 518 665 726 1029 
2 645 994 
3 733 751 1002 
3 416 514 1137 
3 271 775 865 
3 263 694 1173 
2 776 1188 
4 355 463 1104 1293 
3 726 728 1019 
5 204 229 974 1001 1291 
4 441 469 901 1255 
2 166 667 
1 122 
3 324 557 1262 
3 266 469 798 
3 429 719 1179 
5 56 221 504 556 1223 
5 70 238 670 1010 1019 
4 24 163 212 1198 
2 1108 1173 
4 426 544 735 1262 
3 331 359 1014 
2 810 1012 
1 207 
2 991 1136 
1 1092 
4 192 196 650 1150 
3 323 722 1101 
4 1 734 944 1233 
4 29 71 291 425 
3 766 899 1226 
2 994 1122 
1 1062 
1 808 
5 364 648 857 886 1026 
2 400 667 
1 313 
1 343 
2 125 720 
3 35 52 607 
1 520 
2 795 1094 
2 113 640 
2 333 789 
6 3 32 602 632 1020 1053 
5 284 394 919 1092 1100 
1 169 
2 470 1044 
2 305 482 
1 1065 
2 996 1165 
3 552 1039 1278 
5 143 297 825 877 1174 
3 88 374 380 
1 87 
3 545 575 577 
2 187 565 
1 903 
2 447 551 
3 530 569 606 
2 248 314 
4 617 641 843 956 
2 416 602 
2 12 992 
3 72 623 909 
4 16 424 944 1009 
2 362 988 
4 90 381 568 1207 
1 239 
0 
1 1121 
1 551 
1 111 
2 462 537 
2 437 451 
3 330 451 1080 
3 403 590 767 
0 
3 42 700 1027 
3 594 886 1174 
3 82 732 862 
2 362 759 
1 745 
2 434 780 
1 172 
1 849 
3 31 354 849 
4 137 149 334 1251 
3 203 611 958 
6 380 398 592 905 945 1237 
1 67 
0 
2 11 730 
4 67 266 286 1164 
5 350 684 741 826 908 
5 8 814 920 997 1095 
5 232 492 756 780 1006 
1 1046 
2 561 1226 
2 74 83 
1 1278 
0 
0 
2 150 929 
0 
2 779 816 
2 742 1251 
5 258 303 816 901 1237 
1 1078 
1 228 
0 
2 32 401 
1 931 
1 621 
4 644 816 833 1047 
2 326 1122 
1 633 
1 1035 
1 96 
3 352 886 938 
5 140 606 614 769 1264 
2 404 1169 
5 404 614 1045 1199 1217 
4 541 1064 1088 1207 
3 313 698 1188 
0 
1 686 
3 608 780 870 
6 91 236 441 634 1189 1224 
1 626 
4 250 392 857 865 
4 278 451 1005 1086 
1 988 
3 54 560 587 
2 549 1112 
2 700 771 
3 97 401 712 
1 1115 
2 1115 1120 
2 119 688 
3 772 971 1186 
1 790 
6 153 337 559 833 1215 1254 
4 478 761 1034 1097 
3 1115 1180 1245 
1 608 
1 1064 
1 206 
1 899 
4 111 556 836 1259 
4 702 878 914 1119 
2 372 1209 
3 7 1119 1148 
4 687 1045 1093 1247 
3 159 370 780 
1 749 
1 402 
1 431 
3 316 475 1039 
3 110 495 1094 
3 481 636 834 
3 682 1077 1151 
3 72 193 787 
1 726 
2 1207 1208 
2 420 741 
4 97 443 746 1233 
1 121 
2 833 902 
3 610 954 1232 
5 2 612 792 913 1135 
0 
4 99 197 888 958 
3 74 200 711 
5 689 702 733 760 1127 
6 10 24 283 963 1060 1293 
4 54 341 421 984 
1 1176 
3 206 239 1024 
5 94 351 985 1032 1168 
1 538 
2 550 768 
3 220 430 539 
2 561 649 
2 310 747 
2 38 67 
3 776 1166 1244 
3 41 69 1042 
1 1071 
2 320 647 
2 962 1267 
0 
2 264 620 
2 528 842 
1 231 
3 158 360 929 
4 79 252 373 963 
2 80 289 
3 19 262 1203 
2 193 524 
2 236 518 
4 506 1060 1118 1213 
3 639 1168 1277 
2 308 415 
5 9 10 72 628 1270 
3 125 130 901 
4 291 923 997 1026 
3 167 191 1237 
2 433 701 
1 417 
7 85 120 148 711 713 720 1249 
1 138 
4 82 276 1066 1162 
4 50 283 886 1235 
6 216 224 579 859 1007 1184 
1 205 
1 1140 
3 831 1164 1247 
2 153 534 
2 658 1083 
6 58 141 234 278 301 700 
3 42 893 1188 
3 166 922 1227 
1 333 
3 1039 1066 1209 
2 823 1278 
2 485 1118 
5 720 748 774 1017 1109 
2 766 1251 
1 194 
2 337 755 
1 152 
1 172 
3 894 1056 1057 
2 207 1230 
2 111 983 
2 183 799 
3 372 667 947 
4 42 330 904 1145 
3 154 1005 1148 
1 243 
1 301 
2 431 579 
3 41 691 692 
1 1 
0 
1 1181 
2 395 1214 
2 423 1221 
2 103 1056 
3 54 403 505 
6 8 201 338 456 640 736 
4 152 258 305 890 
4 68 213 820 1289 
1 348 
3 565 1017 1049 
4 686 1041 1121 1145 
4 361 370 424 963 
1 47 
5 64 145 610 736 1021 
2 593 1273 
3 203 1064 1258 
3 244 420 1221 
1 513 
1 733 
1 221 
3 0 230 1241 
1 1170 
3 96 268 417 
3 27 433 977 
2 250 349 
4 322 594 658 1086 
3 488 543 756 
0 
2 935 1083 
2 221 458 
2 302 1101 
0 
1 948 
4 178 214 460 461 
7 139 368 640 685 725 819 969 
2 979 1146 
3 279 395 778 
2 1229 1292 
3 222 858 978 
1 400 
0 
2 97 827 
5 368 428 839 1010 1193 
0 
1 593 
1 604 
2 1020 1120 
5 100 574 636 754 1050 
1 139 
3 616 713 811 
1 774 
1 663 
3 410 411 844 
3 325 695 921 
0 
2 490 1110 
1 700 
6 23 116 144 256 670 1194 
1 1070 
0 
1 222 
2 413 776 
1 756 
3 216 368 580 
2 567 1291 
2 465 1178 
3 203 920 1298 
4 216 517 519 651 
3 701 918 1276 
5 160 172 323 905 1252 
2 81 828 
2 150 812 
1 27 
2 69 1050 
1 1275 
3 186 195 1038 
0 
7 88 209 261 709 801 1003 1291 
2 426 1116 
2 232 718 
1 1281 
1 94 
3 9 179 1145 
2 534 880 
2 194 509 
0 
1 725 
3 267 1127 1130 
1 1114 
1 209 
0 
0 
2 634 671 
1 695 
2 194 371 
3 474 843 982 
5 160 271 483 884 1236 
1 423 
2 974 1286 
4 192 248 277 1191 
3 272 487 1096 
4 427 488 573 1081 
3 269 483 775 
0 
7 12 68 401 475 667 1143 1298 
1 569 
2 694 778 
1 1049 
2 387 1212 
4 124 303 430 1299 
2 195 796 
4 337 781 802 863 
3 444 1119 1192 
2 365 1220 
0 
0 
1 249 
3 140 886 1036 
3 93 311 595 
2 255 746 
1 605 
1 462 
5 119 393 615 950 1102 
4 332 372 447 982 
1 133 
3 353 875 1121 
3 437 527 890 
3 179 887 981 
3 8 265 427 
5 263 335 411 546 979 
3 279 947 975 
2 28 841 
3 267 782 1236 
3 131 785 999 
3 82 177 1179 
5 205 356 557 995 1099 
2 672 738 
4 342 378 428 1068 
1 255 
1 630 
4 224 518 669 1296 
1 123 
4 405 607 637 1155 
1 987 
3 22 656 998 
2 701 812 
1 996 
3 461 485 985 
3 195 215 462 
2 21 615 
3 541 562 608 
3 183 195 929 
4 1097 1110 1174 1196 
3 243 737 845 
1 702 
4 390 820 1263 1267 
0 
3 128 671 1161 
2 623 894 
1 349 
1 628 
1 604 
3 253 266 627 
5 186 380 538 1016 1116 
3 16 165 1015 
2 833 861 
0 
3 614 623 1126 
3 430 650 898 
2 595 865 
1 155 
4 484 488 1054 1180 
2 489 784 
4 155 186 432 565 
5 441 511 640 812 1044 
2 684 1288 
2 350 1152 
2 129 606 
5 555 564 576 579 1255 
0 
2 455 785 
0 
5 1 217 497 749 1238 
3 723 1058 1192 
5 194 969 1105 1125 1236 
4 159 219 362 1231 
3 248 257 927 
4 657 764 830 1142 
2 128 151 
3 862 1134 1255 
4 494 522 793 1151 
2 472 1284 
3 31 653 1026 
4 728 759 1140 1299 
1 703 
2 720 1081 
1 1054 
4 122 455 861 959 
3 899 925 1147 
2 1096 1233 
1 1288 
4 290 571 650 1217 
2 1023 1048 
2 1059 1091 
3 520 839 855 
5 232 839 1129 1173 1286 
2 391 1035 
3 337 397 1055 
3 45 781 807 
1 51 
2 638 1075 
0 
7 262 397 580 729 752 867 1101 
3 655 1132 1154 
3 818 830 1189 
2 52 172 
3 146 989 1184 
1 13 
2 173 910 
1 794 
1 1186 
0 
1 372 
6 523 558 591 1062 1185 1196 
2 556 601 
3 309 354 767 
4 430 564 714 1178 
0 
2 340 681 
4 221 953 1047 1172 
2 1083 1126 
3 825 880 1082 
1 516 
0 
3 355 737 877 
3 228 1215 1230 
4 299 368 729 1200 
0 
1 377 
1 1055 
4 186 339 631 651 
3 111 481 759 
3 332 647 765 
3 320 701 1207 
2 952 1051 
4 209 749 1004 1170 
0 
2 987 1297 
3 248 558 651 
5 187 487 633 882 1064 
3 5 974 1211 
1 1245 
3 396 613 1215 
4 41 171 411 1036 
3 272 515 1159 
1 1165 
4 4 542 625 1257 
1 833 
3 191 907 1004 
3 106 204 1178 
6 49 194 299 323 740 1244 
0 
2 578 940 
4 360 743 744 750 
4 53 567 930 1015 
3 465 1177 1178 
3 137 807 832 
7 212 278 756 758 964 1121 1150 
4 227 300 744 898 
5 461 676 862 977 1119 
2 637 721 
0 
0 
1 1036 
3 522 1019 1082 
3 243 780 939 
2 143 1251 
1 1057 
2 497 939 
1 461 
3 135 1065 1223 
1 359 
3 305 1041 1274 
3 776 1184 1282 
1 630 
2 285 609 
3 174 182 1246 
2 17 1202 
4 201 822 1045 1147 
0 
2 28 1039 
2 361 956 
3 22 136 207 
4 232 844 862 934 
3 215 342 887 
2 1050 1140 
4 114 369 758 845 
0 
4 169 181 632 1119 
3 84 767 1042 
2 415 1028 
0 
3 3 1065 1168 
3 195 453 994 
0 
1 1272 
1 329 
2 11 1106 
0 
2 269 1009 
2 4 818 
0 
2 699 823 
3 11 656 1107 
1 792 
2 87 426 
3 785 808 1154 
2 565 727 
3 46 873 1097 
1 385 
3 143 1081 1232 
4 263 611 625 1057 
5 411 658 685 1004 1192 
2 83 114 
3 307 783 1191 
4 173 254 1117 1271 
8 44 230 428 598 917 1078 1111 1117 
4 39 278 621 986 
2 750 1023 
3 437 852 1196 
2 357 555 
2 114 1216 
5 36 359 820 1068 1135 
3 417 592 1075 
6 112 308 746 1072 1200 1268 
3 197 210 1267 
5 396 502 612 730 827 
4 123 532 734 1066 
0 
6 304 377 401 432 951 1176 
6 10 378 596 964 1035 1174 
2 317 894 
5 92 321 406 486 909 
1 510 
7 155 218 351 534 1004 1075 1181 
0 
3 308 363 624 
2 350 728 
2 1088 1186 
2 138 1207 
1 1139 
2 564 804 
1 370 
2 107 1265 
0 
6 482 673 729 770 1095 1201 
2 108 770 
2 757 830 
0 
3 239 428 1102 
1 960 
2 278 807 
3 88 143 853 
4 162 748 1087 1104 
2 470 1183 
4 4 440 728 1053 
0 
0 
1 965 
2 854 868 
2 476 599 
3 538 622 1132 
2 272 734 
0 
2 636 704 
1 828 
3 311 461 563 
1 889 
2 840 1087 
2 75 1037 
3 162 775 1172 
3 634 772 1051 
1 1266 
5 7 311 352 457 819 
3 948 984 1036 
4 695 713 813 1284 
1 1034 
1 491 
0 
2 469 872 
1 159 
1 261 
4 330 448 792 1112 
4 30 573 750 1103 
4 52 497 546 1138 
5 271 505 530 759 823 
0 
3 154 380 816 
3 111 443 503 
4 693 712 834 1128 
1 921 
1 136 
3 212 440 748 
6 271 485 616 1030 1041 1258 
2 250 1263 
3 65 1108 1264 
4 55 484 867 1255 
1 755 
1 176 
0 
4 103 450 619 626 
3 32 1007 1256 
5 66 250 276 726 1257 
1 1205 
1 1234 
4 268 796 1007 1187 
1 1186 
2 281 300 
1 810 
4 48 161 258 1177 
3 325 457 1157 
1 866 
3 19 89 1134 
1 926 
2 223 920 
3 88 539 808 
3 657 706 831 
1 214 
2 285 308 
3 361 402 932 
2 513 1135 
0 
3 322 1043 1237 
0 
2 950 1057 
1 200 
4 97 437 1027 1052 
1 859 
0 
3 615 916 929 
3 28 276 889 
3 386 613 781 
0 
2 182 198 
2 308 992 
3 164 415 1099 
4 162 505 918 956 
3 175 961 1045 
1 1 2 2 3 4 1 3 1 3 1 1 2 1 1 2 3 1 2 2 2 2 2 2 1 1 1 2 3 2 1 2 4 1 2 1 2 1 1 1 1 3 3 3 2 1 1 1 1 1 2 2 1 3 1 2 2 2 1 1 1 1 1 2 1 2 1 2 1 2 2 1 1 1 1 2 3 1 1 2 3 1 2 2 2 1 1 2 2 2 1 3 4 3 2 1 3 3 1 2 3 3 2 2 1 1 1 1 1 1 1 4 1 2 3 1 2 1 2 1 1 1 1 3 2 1 2 2 1 1 2 1 1 2 1 1 3 1 3 3 1 2 1 4 2 1 1 2 1 1 2 2 1 2 1 2 1 1 2 2 2 3 3 1 1 1 2 1 2 4 1 1 3 1 2 1 2 3 1 2 1 1 2 1 1 1 1 1 1 1 1 2 2 2 2 1 1 3 2 1 2 1 2 2 1 2 2 2 1 2 2 3 2 1 1 1 4 3 1 1 1 3 1 2 1 1 1 2 2 2 1 1 3 1 2 1 3 2 2 2 2 1 2 1 2 1 1 1 2 2 1 1 3 1 1 2 2 3 1 1 1 1 4 4 1 1 2 3 1 2 2 4 1 1 1 2 1 2 3 2 1 2 1 3 1 1 1 1 1 2 3 2 2 1 2 3 3 2 1 1 2 1 1 3 2 3 1 3 1 2 3 1 1 3 2 1 1 2 1 1 3 1 1 2 1 2 1 1 2 1 2 2 1 2 2 1 1 1 2 1 1 1 3 2 1 1 1 1 2 3 2 1 1 1 2 2 2 1 1 1 2 2 1 1 3 2 1 1 1 1 2 2 3 2 1 1 1 2 1 1 1 3 1 1 1 2 1 3 2 1 2 3 1 3 1 2 2 1 1 2 3 2 1 2 1 1 3 1 1 2 1 1 1 3 1 1 1 2 1 3 3 1 1 2 1 1 3 1 3 1 3 1 2 2 3 2 1 1 1 2 2 2 1 1 1 1 1 1 1 1 1 1 1 1 2 3 1 3 2 1 1 3 1 2 1 2 1 1 1 2 1 1 2 2 2 1 2 1 2 1 1 3 2 2 3 3 1 1 3 2 3 1 1 1 3 1 2 1 1 1 1 1 3 1 2 2 2 2 1 2 4 1 1 1 1 1 2 2 1 2 2 1 3 3 2 2 1 1 1 1 2 1 1 1 4 2 1 1 1 3 1 2 1 1 2 1 4 1 2 3 2 1 1 1 1 3 3 1 3 1 3 1 2 3 3 3 1 2 1 2 1 1 1 2 2 1 3 1 2 2 1 2 2 1 1 4 1 1 1 1 2 1 2 2 3 3 1 1 1 2 1 1 1 1 2 2 2 1 2 3 1 1 2 1 1 3 3 1 2 2 1 3 1 3 3 1 4 4 1 1 2 1 4 1 2 3 3 2 1 1 1 1 1 1 2 2 1 3 3 1 3 3 1 2 1 1 2 2 1 3 1 2 2 2 2 1 1 2 2 1 2 2 2 2 1 1 2 2 1 2 2 3 1 1 1 1 3 3 1 1 1 1 1 4 3 3 1 1 3 3 3 3 4 2 2 3 1 1 1 1 1 1 2 2 2 1 1 1 2 1 3 2 2 1 1 3 3 2 2 3 2 1 1 4 1 1 2 4 1 2 1 1 1 2 2 2 3 2 3 3 2 1 1 1 2 1 2 2 1 2 1 1 2 2 2 3 2 2 3 1 2 2 2 2 2 2 3 1 1 3 3 2 2 1 3 4 2 1 2 2 1 3 1 1 1 1 1 1 2 2 2 1 1 1 3 1 2 1 2 2 2 3 3 3 1 1 4 1 3 1 3 1 1 2 1 2 4 2 1 1 2 1 1 1 1 1 2 2 1 1 1 2 3 1 1 3 2 2 3 2 2 1 1 1 1 1 3 3 2 2 1 1 2 3 2 3 1 3 1 2 1 1 2 1 4 1 2 2 4 1 2 1 2 1 1 2 2 1 3 3 3 1 1 1 2 1 1 1 2 1 1 1 1 1 2 1 1 2 1 1 1 1 2 1 1 2 1 1 1 1 2 4 2 1 1 1 2 2 1 3 2 1 1 1 1 1 1 1 1 1 1 1 1 1 1 1 1 3 3 1 1 3 3 4 1 1 3 1 2 1 2 1 2 4 3 1 1 1 1 3 2 1 1 2 2 2 1 2 2 3 2 2 1 1 1 2 1 3 3 4 1 1 2 1 3 1 1 1 2 1 2 1 1 2 2 2 1 4 1 3 1 1 2 1 3 3 2 2 1 2 1 1 1 2 1 4 4 2 1 3 1 1 1 1 2 3 1 3 1 1 3 1 2 1 1 1 1 1 2 2 2 1 1 2 1 2 3 2 1 3 3 1 3 1 2 3 1 2 2 2 2 2 1 1 1 2 2 1 1 1 2 2 2 1 1 1 1 1 2 1 1 1 2 1 2 2 2 1 1 1 1 3 3 1 3 2 2 1 2 2 1 2 3 1 3 1 1 1 2 4 1 1 1 1 1 2 1 2 1 1 2 1 2 2 2 1 1 2 1 2 2 1 2 1 1 4 2 1 2 1 2 1 2 1 1 2 1 2 2 3 1 1 1 1 1 3 2 1 3 1 2 1 3 3 3 1 2 3 4 2 1 2 2 1 4 1 2 1 1 2 1 1 2 1 2 1 3 1 2 1 1 2 1 1 1 2 1 1 3 1 1 1 1 2 3 2 2 1 1 1 2 2 1 3 2 1 1 2 2 1 2 1 1 3 2 2 2 1 1 2 1 1 1 2 4 3 2 1 1 2 2 3 1 1 1 2 2 1 1 2 1 1 3 1 2 1 1 2 1 1 1 2 1 2 1 1 1 1 3 2 2 3 2 1 2 1 3 1 4 1 1 2 2 3 1 1 3 2 4 2 
