s 1000
3 98 750 928 
5 124 350 677 913 995 
3 179 517 728 
3 268 463 819 
5 249 318 433 799 951 
4 403 556 645 760 
2 489 862 
2 79 300 
2 219 443 
4 51 343 345 900 
1 512 
5 490 681 722 747 938 
4 314 524 669 811 
4 168 530 689 867 
2 229 453 
1 253 
0 
3 153 190 648 
3 251 632 751 
1 881 
4 115 130 419 967 
6 66 171 233 611 742 749 
1 763 
2 527 659 
1 155 
1 494 
3 123 186 591 
6 72 196 413 692 778 859 
1 787 
5 102 189 720 795 842 
1 450 
3 268 835 907 
3 163 622 999 
3 366 830 959 
2 57 596 
5 278 473 618 635 875 
4 704 802 857 924 
3 708 825 977 
3 585 672 878 
3 148 234 393 
1 864 
2 682 695 
2 514 577 
3 404 436 998 
6 79 185 228 417 599 663 
0 
4 140 326 723 951 
2 258 392 
3 164 315 656 
2 200 966 
1 85 
4 9 409 565 607 
1 73 
2 749 777 
4 72 527 734 953 
3 136 742 985 
2 127 417 
6 34 58 530 540 707 716 
2 57 775 
2 560 741 
2 933 947 
2 116 851 
1 471 
3 362 469 958 
1 268 
3 79 105 809 
3 21 570 680 
3 263 279 865 
3 405 787 914 
5 535 546 685 758 801 
4 473 514 554 594 
1 859 
5 27 54 248 309 336 
7 52 240 390 471 519 717 775 
5 139 348 453 658 913 
5 142 148 256 428 693 
2 261 447 
3 683 840 920 
2 661 982 
4 7 44 65 598 
4 348 549 909 959 
6 381 458 561 575 878 980 
1 515 
1 961 
4 93 258 466 792 
5 50 406 540 721 971 
6 176 213 358 624 861 944 
3 88 592 735 
3 87 389 863 
0 
1 489 
1 388 
5 175 416 683 757 940 
5 84 156 260 583 769 
3 274 323 333 
2 354 930 
2 251 701 
3 197 319 801 
4 0 260 575 641 
3 172 842 939 
3 131 348 620 
1 203 
1 29 
3 362 395 553 
3 110 301 570 
2 65 760 
3 208 225 726 
3 488 526 705 
6 116 198 247 266 471 964 
1 143 
6 104 302 557 643 879 998 
4 310 356 424 700 
6 246 644 687 749 791 853 
1 278 
1 463 
4 20 536 812 924 
5 61 108 868 890 991 
4 496 498 681 993 
3 279 651 830 
3 489 859 871 
1 408 
6 212 477 575 580 617 769 
5 135 199 254 479 687 
4 26 475 523 525 
4 1 162 286 371 
2 659 993 
0 
3 56 152 621 
4 177 426 456 832 
3 244 407 822 
5 20 443 489 646 929 
3 100 196 816 
2 179 952 
2 249 361 
3 140 416 796 
2 122 225 
3 55 294 709 
3 409 600 715 
0 
1 74 
4 46 134 815 997 
2 387 969 
2 75 204 
4 109 525 694 809 
2 386 924 
1 430 
2 578 591 
3 174 338 742 
4 39 75 453 661 
4 728 805 909 933 
3 566 981 984 
3 209 311 773 
5 127 222 297 369 740 
4 17 228 609 655 
1 257 
3 24 175 390 
3 93 341 494 
4 429 510 761 831 
1 932 
5 248 354 527 541 587 
3 207 613 736 
2 469 968 
3 124 274 638 
5 32 579 778 874 900 
3 48 679 928 
1 314 
2 727 944 
2 253 569 
4 13 601 788 880 
6 404 440 528 552 631 791 
2 864 965 
4 21 267 646 776 
4 99 348 628 794 
3 527 658 966 
7 147 181 356 358 640 704 898 
5 92 155 284 395 655 
2 86 688 
3 128 447 907 
1 853 
3 2 132 326 
1 698 
3 174 540 890 
3 315 524 692 
5 301 455 625 771 818 
1 629 
2 44 580 
8 26 399 500 679 701 736 749 854 
5 310 354 447 701 847 
5 206 465 627 780 787 
2 29 438 
3 17 790 803 
3 386 850 863 
1 404 
4 287 485 692 972 
3 353 720 967 
1 892 
4 27 131 498 773 
6 97 200 300 470 636 828 
4 108 207 584 875 
1 122 
7 49 197 441 507 654 700 947 
3 278 494 719 
2 361 965 
2 101 329 
4 142 909 921 959 
2 252 936 
3 188 210 821 
4 160 198 302 474 
4 106 459 624 767 
2 151 220 
2 206 337 
1 794 
4 121 437 608 999 
2 86 237 
1 873 
2 291 738 
3 481 631 699 
5 344 694 848 988 993 
4 285 517 603 904 
4 8 671 780 818 
1 209 
4 428 786 829 868 
3 152 312 975 
2 747 849 
3 490 529 888 
3 106 135 554 
4 363 748 781 897 
2 445 776 
3 44 153 254 
5 14 507 739 854 910 
2 660 967 
3 634 756 944 
2 490 855 
5 21 276 311 613 938 
4 39 365 368 983 
3 252 302 423 
1 291 
2 213 319 
3 502 567 972 
4 274 322 863 904 
6 73 425 496 612 621 990 
1 836 
2 302 806 
3 263 444 473 
4 129 619 966 969 
1 860 
7 112 263 399 471 493 509 680 
2 108 279 
4 72 159 367 528 
4 4 133 499 529 
2 507 561 
3 18 96 648 
3 205 235 404 
3 15 167 534 
5 122 228 276 482 950 
1 604 
4 75 418 889 992 
2 154 975 
3 47 84 690 
1 531 
5 93 98 480 517 652 
3 76 403 791 
2 407 748 
3 67 243 246 
3 407 472 560 
2 470 802 
3 108 579 731 
3 171 418 602 
4 3 31 64 839 
1 270 
4 269 562 859 977 
3 542 686 795 
3 313 425 691 
4 594 724 849 854 
4 94 162 239 298 
4 418 444 455 470 
3 233 254 792 
3 293 579 789 
5 35 113 201 684 774 
3 67 118 247 
2 368 565 
1 970 
2 394 602 
1 959 
2 175 556 
2 218 587 
2 124 407 
3 193 318 343 
1 864 
3 454 624 698 
2 386 773 
4 215 236 570 968 
2 384 663 
5 277 385 575 590 665 
5 136 418 430 436 509 
4 473 510 654 840 
1 337 
2 152 560 
4 274 682 757 917 
0 
5 7 197 362 717 936 
4 104 183 315 860 
6 110 207 235 242 361 842 
4 583 669 887 999 
1 708 
1 316 
0 
2 772 843 
2 411 559 
6 72 528 590 723 868 981 
3 111 187 996 
2 151 233 
3 222 372 816 
5 272 411 531 643 723 
3 12 165 404 
5 48 182 301 530 578 
1 305 
3 423 495 832 
3 4 287 540 
4 97 237 661 992 
2 538 616 
1 456 
2 239 847 
2 94 644 
1 743 
3 654 715 764 
3 46 179 758 
1 430 
1 568 
2 203 701 
0 
4 739 830 856 860 
3 726 767 811 
4 94 360 396 584 
1 846 
4 432 559 584 722 
3 72 764 968 
3 210 296 910 
4 147 607 656 960 
3 585 589 766 
3 432 500 899 
5 156 394 468 548 910 
3 382 383 438 
4 9 287 446 460 
4 217 548 686 953 
2 9 599 
2 605 607 
1 748 
4 74 80 100 172 
2 499 678 
5 1 468 579 778 958 
2 363 836 
0 
3 194 431 916 
5 95 159 187 796 826 
2 643 741 
4 111 174 588 638 
1 821 
2 86 174 
1 544 
2 333 821 
4 133 202 302 836 
3 63 103 300 
3 226 351 919 
2 561 990 
4 234 485 728 911 
1 33 
5 248 525 526 734 939 
3 234 280 730 
2 152 664 
4 407 499 710 924 
1 124 
5 312 436 446 489 919 
3 673 895 938 
0 
5 507 529 584 669 862 
2 578 742 
0 
1 990 
5 656 669 758 937 975 
4 414 566 633 805 
2 81 548 
2 342 727 
1 342 
2 292 426 
3 293 404 871 
6 144 191 290 814 833 870 
2 141 753 
3 91 761 957 
2 88 961 
7 73 155 445 471 628 852 992 
3 394 906 943 
4 47 573 821 916 
4 39 441 577 584 
7 282 341 391 521 648 801 895 
3 103 175 438 
4 333 699 749 782 
1 850 
3 617 638 966 
4 186 246 639 707 
2 483 729 
2 527 864 
1 417 
2 5 261 
7 43 169 192 252 314 385 475 
6 68 416 435 601 774 889 
5 85 605 847 916 956 
5 129 262 264 286 370 
3 120 459 978 
5 51 137 503 787 914 
1 713 
3 308 313 615 
2 701 854 
2 27 708 
4 380 676 842 984 
4 522 625 686 970 
4 92 134 405 488 
4 44 56 402 490 
9 256 267 275 294 480 668 713 898 916 
6 20 484 668 680 750 786 
3 583 591 694 
3 679 794 973 
4 490 501 589 698 
3 235 317 933 
3 111 606 877 
4 240 272 730 772 
3 128 384 662 
3 573 640 759 
4 75 221 450 662 
2 157 911 
4 145 294 327 704 
1 353 
4 335 340 906 938 
2 4 565 
0 
4 405 548 681 684 
4 43 294 372 462 
2 212 981 
5 189 342 395 798 904 
1 518 
3 169 536 661 
2 200 393 
3 529 630 964 
2 8 130 
5 243 275 505 704 879 
3 227 390 697 
4 343 372 509 550 
4 76 177 187 810 
4 509 563 643 649 
3 462 680 989 
4 30 428 553 573 
1 489 
3 544 725 986 
3 14 74 148 
3 289 752 928 
4 183 275 597 912 
4 128 321 716 824 
1 478 
4 81 597 819 909 
2 208 408 
2 343 835 
2 601 864 
5 436 449 473 504 959 
3 3 114 939 
1 848 
3 188 789 802 
1 84 
2 516 906 
2 341 350 
4 63 161 572 693 
6 197 265 275 557 838 947 
6 62 73 108 246 390 584 
3 264 511 883 
5 35 70 243 295 462 
2 207 516 
4 123 404 534 873 
3 477 740 743 
2 121 476 
1 457 
2 122 686 
2 260 418 
2 216 784 
1 254 
1 400 
2 419 966 
2 193 365 
2 679 819 
2 757 935 
3 107 416 506 
7 6 90 119 130 372 451 910 
6 11 224 232 417 422 732 
0 
2 570 650 
2 246 498 
4 25 156 201 756 
3 317 598 606 
5 117 240 596 723 902 
1 884 
6 117 196 493 809 865 996 
3 249 349 370 
4 186 340 647 957 
2 422 587 
1 238 
3 409 667 763 
3 462 584 830 
3 444 532 586 
3 488 716 896 
4 200 229 250 375 
0 
8 246 294 446 448 601 848 917 933 
5 157 295 578 599 736 
3 472 596 951 
1 10 
1 599 
2 42 70 
4 82 549 554 920 
3 467 474 609 
5 2 218 260 585 654 
2 439 559 
2 73 588 
0 
5 394 601 636 776 986 
3 415 585 685 
3 123 798 927 
2 12 182 
4 123 143 367 865 
7 107 367 623 711 904 938 986 
8 23 54 159 173 401 834 870 920 
6 169 248 309 569 721 886 
6 224 249 375 442 768 939 
4 13 57 315 939 
2 259 313 
2 505 682 
0 
2 253 475 
4 69 740 920 947 
4 115 440 742 786 
1 901 
1 320 
2 630 910 
5 57 85 181 318 800 
3 159 744 829 
4 271 556 894 910 
2 704 705 
3 359 452 685 
2 766 778 
3 69 791 976 
0 
6 341 344 381 435 634 693 
3 80 515 616 
3 446 834 862 
2 615 786 
2 169 882 
2 103 450 
4 70 225 515 900 
1 947 
6 5 284 542 558 768 922 
3 110 470 779 
3 556 566 586 
5 308 335 518 618 645 
4 59 264 297 941 
4 81 250 364 769 
2 270 893 
3 448 707 816 
0 
4 51 280 433 809 
4 150 380 558 982 
3 238 619 868 
1 328 
2 167 528 
6 66 104 291 492 758 992 
3 685 687 705 
1 469 
3 392 427 450 
5 742 757 883 892 941 
5 81 98 121 293 594 
4 657 722 738 985 
3 42 393 578 
5 146 315 376 510 577 
7 163 266 277 350 651 773 980 
3 121 185 930 
2 589 604 
2 694 717 
3 93 303 420 
9 198 333 335 375 393 471 504 734 869 
6 38 339 517 522 615 736 
2 505 558 
7 159 285 501 658 708 712 995 
3 356 519 839 
4 339 422 581 779 
4 293 309 753 942 
3 26 146 420 
1 87 
1 770 
4 70 273 575 769 
1 707 
5 34 496 511 697 752 
5 455 458 817 952 979 
3 79 495 760 
4 44 345 510 513 
1 137 
8 168 405 461 509 521 646 678 997 
4 267 282 846 878 
1 218 
3 255 581 826 
3 346 406 616 
2 424 495 
4 51 338 346 894 
2 212 761 
2 153 516 
1 783 
5 21 645 832 873 927 
2 240 803 
3 160 233 983 
1 773 
5 411 551 585 709 932 
5 320 549 605 941 953 
3 121 398 779 
4 35 559 808 833 
3 244 567 639 
2 100 882 
4 127 240 743 868 
1 32 
4 526 740 751 854 
3 86 208 289 
3 183 415 708 
0 
3 188 697 873 
3 172 390 632 
1 184 
3 442 539 655 
2 169 216 
2 18 628 
2 380 789 
2 231 548 
1 35 
3 197 521 951 
0 
3 162 356 398 
3 399 619 972 
5 174 427 942 963 964 
3 98 880 938 
0 
4 110 313 355 448 
2 112 323 
3 5 559 611 
5 130 171 601 709 994 
2 500 927 
4 17 251 394 856 
2 448 858 
1 492 
3 118 579 819 
2 260 909 
0 
4 200 295 325 517 
4 153 175 630 889 
6 48 338 379 683 939 955 
2 576 978 
4 74 173 587 931 
4 23 125 744 833 
1 230 
7 78 148 319 440 837 876 979 
3 426 428 866 
3 44 292 884 
1 369 
1 293 
0 
1 503 
3 418 419 751 
5 12 303 375 379 768 
0 
3 219 759 859 
2 38 684 
3 373 746 923 
2 760 951 
2 743 846 
1 414 
1 1 
2 349 601 
5 164 186 421 486 789 
5 66 246 419 449 795 
3 11 117 435 
3 41 298 532 
4 77 92 656 809 
3 278 435 672 
6 69 522 544 571 800 831 
5 271 344 415 479 729 
8 112 122 571 745 797 807 964 965 
3 176 775 805 
1 13 
1 258 
1 272 
4 27 182 193 821 
5 75 469 548 791 830 
4 143 217 420 582 
1 41 
0 
3 445 596 627 
4 180 289 422 927 
3 216 396 726 
5 111 200 787 954 986 
5 96 186 187 329 412 
0 
1 985 
6 36 174 430 444 543 850 
5 107 543 571 824 995 
0 
5 57 399 563 595 933 
6 37 304 413 587 625 802 
4 136 615 646 840 
2 370 902 
1 526 
2 587 759 
2 410 418 
2 782 806 
3 137 325 830 
3 57 456 506 
3 73 300 582 
3 760 850 881 
2 201 857 
2 29 194 
2 85 528 
5 11 335 576 736 778 
4 46 309 313 496 
1 273 
1 452 
4 106 332 699 857 
4 166 382 911 969 
4 2 149 365 732 
4 400 686 751 821 
4 368 425 761 992 
4 266 828 934 979 
3 490 728 819 
1 778 
4 54 367 584 993 
2 87 788 
5 160 186 510 585 722 
2 771 970 
2 215 576 
3 229 331 760 
4 152 476 535 623 
3 59 355 896 
7 21 55 147 376 536 574 904 
6 324 476 621 675 935 936 
2 541 659 
1 687 
2 673 996 
2 11 223 
4 226 262 347 854 
5 21 53 112 186 396 
2 0 419 
5 18 623 668 729 906 
4 454 596 762 944 
3 387 590 795 
2 841 888 
0 
2 231 494 
5 92 298 487 574 911 
4 69 326 379 570 
3 427 671 712 
7 5 105 598 674 718 739 868 
4 157 388 608 730 
4 752 850 962 975 
2 22 503 
3 325 336 891 
0 
4 339 545 904 909 
6 208 332 790 929 982 987 
3 529 556 669 
6 93 121 561 594 850 855 
2 593 958 
2 183 737 
3 307 425 806 
5 151 196 290 579 614 
2 278 405 
4 58 73 688 828 
5 171 227 521 867 988 
1 53 
7 27 163 350 545 722 733 853 
5 557 589 617 827 881 
2 188 219 
1 226 
4 396 714 821 976 
2 610 989 
2 481 811 
0 
4 221 419 536 551 
7 28 68 188 409 700 893 940 
2 168 735 
5 277 465 633 679 911 
2 190 767 
6 112 169 261 546 693 885 
2 84 276 
1 833 
4 172 211 421 940 
5 29 271 680 753 952 
2 134 354 
1 687 
4 438 523 813 932 
1 4 
4 540 685 921 954 
5 69 97 394 817 938 
4 36 265 465 708 
2 190 612 
2 942 984 
3 149 380 688 
3 242 714 772 
1 687 
2 618 837 
5 65 143 498 565 683 
1 447 
3 12 332 784 
1 115 
2 798 844 
1 386 
1 140 
3 131 312 563 
2 597 801 
2 183 219 
6 3 458 486 651 732 924 
2 849 857 
7 206 357 360 392 692 729 782 
1 129 
1 923 
3 456 705 891 
1 37 
4 354 604 880 976 
1 779 
3 197 731 775 
2 221 541 
6 33 118 331 504 693 715 
2 157 685 
3 128 317 611 
4 386 618 659 793 
2 527 550 
3 31 460 990 
3 241 351 361 
2 661 808 
1 470 
2 268 588 
3 77 295 709 
1 754 
4 29 99 302 414 
2 307 934 
1 813 
0 
4 334 602 675 929 
4 187 322 406 893 
4 217 464 509 998 
3 223 273 820 
6 191 397 704 718 762 769 
1 61 
1 390 
4 112 178 778 984 
7 186 229 273 412 623 748 897 
2 232 769 
4 331 648 888 966 
4 36 719 726 820 
2 649 987 
5 27 71 119 270 671 
4 245 301 331 885 
1 86 
3 6 375 550 
3 88 191 239 
5 40 170 288 401 461 
3 67 498 525 
1 662 
3 13 776 968 
6 116 221 309 567 621 760 
2 584 888 
2 386 527 
2 119 385 
0 
4 214 475 611 627 
1 163 
2 35 198 
1 661 
3 424 901 913 
3 38 81 602 
2 110 444 
3 168 641 826 
5 19 718 779 919 928 
2 552 620 
2 472 574 
3 497 663 932 
2 791 860 
1 528 
1 303 
4 224 754 856 869 
4 256 405 655 910 
2 116 181 
2 764 824 
5 195 574 941 950 971 
3 562 787 847 
2 542 607 
2 373 394 
2 506 741 
3 226 854 965 
2 174 418 
2 340 918 
3 9 163 554 
2 537 877 
3 496 710 931 
0 
6 218 239 438 526 742 766 
0 
4 391 432 467 751 
2 31 177 
0 
6 80 149 204 458 652 766 
7 229 337 341 489 539 542 889 
5 365 429 727 757 789 
1 455 
3 1 74 877 
2 68 409 
1 993 
4 353 392 406 418 
2 298 509 
3 899 973 997 
4 363 372 881 954 
5 77 515 527 535 926 
2 204 800 
1 556 
2 673 823 
6 36 115 144 370 819 930 
1 999 
2 920 968 
4 523 611 647 698 
5 0 164 454 881 961 
3 130 767 846 
4 95 580 924 994 
2 658 902 
5 158 615 798 884 966 
5 60 149 423 509 707 
2 731 843 
2 487 743 
3 205 300 743 
1 379 
7 11 233 373 432 526 641 801 
6 99 367 463 529 530 656 
3 92 787 794 
5 560 574 616 892 973 
5 590 640 804 958 982 
1 391 
4 86 166 231 752 
1 960 
0 
5 60 200 470 535 555 
0 
0 
2 254 892 
5 4 46 511 636 674 
3 132 597 795 
3 54 344 616 
3 700 800 919 
1 656 
2 406 996 
3 388 500 991 
4 63 350 770 942 
5 33 80 204 283 462 
2 338 945 
3 83 389 928 
1 762 
1 640 
4 108 442 640 687 
4 170 202 687 897 
7 49 173 244 398 484 856 932 
3 20 194 230 
5 161 291 336 867 926 
4 141 244 727 985 
3 281 415 737 
2 85 892 
3 193 238 639 
3 421 918 941 
0 
4 222 257 379 762 
3 546 782 826 
2 37 270 
2 408 657 
3 597 661 731 
2 81 579 
3 150 309 437 
4 78 566 767 942 
2 234 613 
4 150 414 804 853 
4 55 576 703 969 
4 452 521 526 700 
2 767 858 
2 217 776 
2 449 783 
4 240 364 378 835 
2 116 957 
5 256 319 390 570 730 
5 117 125 217 734 915 
2 646 930 
3 1 587 705 
4 310 498 746 956 
3 140 601 918 
3 43 110 848 
4 32 212 303 925 
1 1 3 2 4 3 1 1 1 1 2 1 1 2 1 1 1 3 2 1 2 2 1 1 1 1 1 3 2 2 2 1 1 3 1 3 4 3 2 2 1 1 3 1 4 1 1 2 1 2 1 2 1 2 1 2 2 4 2 1 1 2 2 1 1 3 1 2 2 4 3 2 2 4 1 3 1 2 1 2 3 3 1 1 2 2 3 1 2 1 1 1 3 4 2 1 2 1 2 1 1 2 1 1 1 1 2 2 3 1 2 2 2 1 2 1 1 1 3 2 2 2 4 2 3 1 1 1 1 3 1 2 1 1 3 2 1 2 1 2 2 1 1 2 2 2 1 2 1 1 1 2 2 1 1 3 1 4 1 3 2 1 1 2 3 1 3 3 1 2 1 3 3 2 3 1 1 2 1 2 2 1 1 3 2 1 3 1 3 1 4 2 1 2 2 1 1 3 2 1 1 2 1 1 3 2 2 1 1 1 1 2 1 1 1 2 1 2 2 2 2 1 1 1 3 1 4 2 2 3 2 3 1 3 1 3 1 2 2 2 3 2 1 2 2 1 3 1 4 3 1 1 1 2 3 1 1 2 1 1 3 2 3 1 3 2 1 1 3 1 2 2 1 3 3 1 2 1 4 4 2 2 3 2 2 1 2 1 1 3 2 3 2 2 2 3 1 1 1 1 4 2 4 3 1 2 1 2 2 1 4 1 3 2 2 4 1 1 2 4 2 1 1 3 1 1 3 2 1 2 1 4 1 1 2 2 1 2 3 2 3 2 2 2 1 2 2 1 2 2 2 2 1 1 2 1 1 1 1 2 2 2 2 1 1 3 1 1 3 3 2 1 2 1 1 1 2 1 1 3 3 1 3 1 1 3 1 3 2 1 2 2 1 1 1 2 3 1 3 1 1 1 1 1 4 1 1 1 1 3 2 1 2 1 1 2 2 3 3 4 1 3 3 2 1 2 2 3 2 1 1 2 1 2 1 2 3 3 3 1 1 2 3 2 3 1 1 3 1 1 1 1 2 2 4 2 2 1 1 2 1 1 2 1 2 2 1 2 1 2 4 1 2 1 2 3 3 1 2 1 1 2 1 2 2 1 1 3 1 3 2 1 3 1 3 2 2 1 2 1 2 1 1 1 1 1 2 2 1 4 2 1 1 2 1 2 1 1 2 1 1 2 1 3 2 3 3 4 3 2 1 3 2 1 1 3 2 2 1 2 3 1 1 3 1 2 2 1 3 1 2 1 3 2 4 1 4 1 1 1 2 2 1 3 1 1 2 1 2 1 2 3 1 2 3 1 2 2 3 3 3 2 1 2 3 3 2 4 2 1 3 2 2 2 2 1 3 3 1 1 1 3 2 1 4 4 3 1 2 2 2 1 1 1 1 4 3 1 2 3 2 4 2 2 2 1 1 1 4 1 1 3 1 1 1 1 1 1 2 2 1 1 1 3 1 2 4 1 2 2 1 1 1 1 2 2 2 1 3 4 1 2 1 1 1 1 1 2 1 2 1 3 1 3 1 3 2 2 1 2 2 3 3 1 3 2 3 1 2 1 2 2 4 4 3 2 1 2 1 2 3 4 1 2 2 1 1 2 2 2 3 1 1 1 1 3 1 2 1 1 1 1 3 3 1 1 3 1 2 2 1 3 1 2 2 2 1 2 1 1 1 2 1 2 2 2 1 2 2 1 2 4 1 2 2 1 1 2 1 2 2 3 2 2 2 1 1 2 1 1 1 1 1 4 2 1 1 1 1 2 1 1 2 1 1 1 3 1 3 3 1 1 1 1 1 1 1 2 1 1 1 2 1 2 1 4 2 2 3 4 1 2 2 2 2 1 1 1 1 4 1 3 1 1 3 1 3 1 2 2 2 1 2 3 1 2 1 1 1 1 1 1 3 3 1 1 1 2 1 2 3 1 1 3 1 2 3 2 3 1 3 1 3 1 2 1 2 3 3 2 2 1 1 2 1 1 1 2 1 1 2 4 1 1 3 2 1 1 1 3 2 1 2 3 2 2 1 3 1 1 3 1 1 1 4 1 3 3 1 2 4 4 1 3 1 1 2 2 3 3 5 2 1 2 3 1 1 2 2 3 2 2 2 3 1 1 1 1 4 3 2 1 2 1 2 1 1 2 1 1 1 2 2 2 2 1 2 1 3 1 2 3 1 2 2 2 1 1 2 3 1 1 1 2 1 4 1 1 2 1 1 2 3 2 2 1 1 1 3 2 4 2 3 3 1 2 3 1 3 2 
