i 5900
3 1225 2468 4530 
1 4336 
0 
3 846 1508 3398 
2 1059 2492 
5 169 670 736 3321 5373 
2 1309 1765 
0 
1 3227 
2 3422 4320 
1 3599 
3 529 846 5693 
4 192 1185 2744 4815 
2 2682 2934 
3 3233 3258 3543 
2 501 962 
3 2328 2392 2839 
0 
4 248 1699 1977 4413 
6 1109 3386 3846 3987 4009 4637 
2 147 3157 
0 
3 1488 3281 4414 
1 5314 
2 1097 3895 
1 4918 
2 779 1039 
3 1178 4408 4491 
4 831 3730 4807 4973 
2 4237 5107 
5 880 1266 2978 3780 4976 
2 576 4036 
4 951 3120 3228 5358 
2 1133 3905 
2 74 2196 
0 
1 4591 
2 1568 4235 
0 
4 739 3163 3890 5139 
0 
4 1422 2205 4817 5273 
3 1866 2720 2984 
1 2014 
3 2116 2421 3494 
1 4193 
6 47 1377 2299 3205 3939 5049 
3 46 2144 4112 
2 198 2786 
2 296 5544 
1 5597 
1 5803 
2 499 550 
3 3279 4031 5296 
2 2028 4698 
1 1036 
3 930 2442 5412 
2 3365 5550 
3 3122 3971 4138 
1 1091 
2 3750 5494 
4 2879 3242 3714 4464 
2 1029 5879 
2 4598 4883 
0 
2 2824 3496 
3 394 2964 3613 
1 3686 
1 769 
5 927 2126 3222 3228 5733 
4 1861 2453 3175 5390 
0 
2 2003 2895 
2 4123 4972 
7 34 168 174 387 1740 2188 5572 
2 1294 3637 
3 3118 4450 5130 
0 
3 2510 4424 4429 
2 4070 5106 
3 179 3792 3991 
1 2978 
1 4971 
2 2703 2782 
1 5683 
4 1179 1317 2514 2963 
1 4593 
0 
2 2603 5291 
2 591 2015 
1 948 
3 4395 4792 5353 
6 665 3592 4992 5102 5801 5837 
3 2697 3583 4680 
2 127 4659 
2 707 5637 
1 4984 
4 1956 3259 4024 5307 
0 
0 
5 338 3504 4061 4827 5650 
3 3694 4921 5396 
1 4792 
5 1610 2713 5217 5273 5670 
2 2230 3363 
4 1242 4265 4856 5274 
4 1788 3311 4415 4446 
1 4178 
3 3793 3821 5088 
2 394 758 
2 1443 1951 
1 2665 
4 3085 4022 4270 5165 
2 1450 3183 
3 228 1766 3268 
2 475 2510 
2 3567 5855 
4 854 1306 3436 4784 
2 397 1638 
3 2302 5494 5796 
4 780 1179 4148 4232 
0 
2 839 4317 
6 186 795 2335 2547 4619 5654 
4 3120 3562 3701 5572 
1 1628 
2 1307 4899 
4 94 2420 4714 5322 
3 2407 2963 4372 
2 2161 2891 
2 847 3111 
0 
4 1562 1891 4045 5481 
3 344 1183 5756 
2 224 3695 
1 5233 
2 2555 4035 
3 480 1801 4590 
3 430 1840 2978 
2 2023 5175 
2 2427 4014 
0 
3 309 1215 3939 
2 4410 5307 
6 548 898 944 3134 3178 3520 
3 1255 4650 5685 
4 1293 2995 5392 5602 
5 20 561 612 1702 2564 
4 320 1140 2577 5557 
2 3394 5421 
2 2072 2155 
2 2792 3029 
2 1016 3740 
2 1607 4850 
4 2152 3968 4493 4870 
2 788 5514 
3 743 1344 2996 
2 392 4057 
2 4591 5732 
3 3709 4509 5859 
1 1572 
2 2013 3029 
0 
2 3326 5290 
2 1169 4147 
1 793 
1 5837 
2 2484 3035 
2 74 4920 
2 5 3584 
0 
1 5040 
2 376 2756 
2 450 4339 
1 74 
0 
1 1960 
2 3560 5808 
6 1130 3035 3087 3596 3685 4269 
4 80 1396 2574 5142 
2 4669 5846 
3 2502 3997 5508 
4 1950 2482 4201 4409 
1 2054 
0 
0 
6 123 218 1461 1577 2013 5296 
3 2900 4654 5093 
4 1218 1229 2338 3662 
4 325 791 2616 5680 
6 3428 3465 4857 5075 5350 5758 
4 1681 2771 2993 4842 
6 12 455 1874 1982 2281 4452 
2 1388 2521 
2 538 2691 
0 
2 743 5368 
3 521 535 2600 
4 48 1411 2550 3456 
1 3127 
2 1620 4063 
1 5892 
0 
2 2810 3131 
4 359 825 2676 3741 
4 302 384 3124 5636 
3 1173 3481 5012 
1 4499 
4 266 3375 3904 4681 
1 2864 
4 2208 2474 4474 5857 
0 
1 2313 
4 2242 3513 4816 5456 
3 1723 2990 3820 
2 3637 4695 
2 1318 5794 
2 654 818 
3 186 1377 3962 
0 
3 258 5178 5224 
2 2044 2638 
5 223 1965 4073 4618 5230 
1 222 
4 134 3130 3181 5255 
3 3631 4477 5192 
3 2648 5154 5454 
2 2355 5375 
2 114 5277 
3 584 813 3788 
3 1083 3388 5766 
1 1565 
2 762 2504 
4 1238 2504 4869 5166 
2 3399 3566 
1 5148 
7 566 1115 1184 3726 4284 4290 5642 
3 1863 2443 5129 
5 1944 2183 2782 3209 3379 
2 4823 5438 
4 747 1971 2262 5606 
2 2599 3686 
4 769 3455 3988 4662 
0 
2 596 1746 
5 1046 2470 3300 3848 4157 
3 2008 3501 4374 
2 1709 5497 
2 18 2347 
0 
3 3485 3847 5112 
1 5166 
2 736 1297 
3 343 987 2752 
2 510 4174 
3 3796 4530 5143 
4 1045 1563 3205 3218 
1 5078 
2 220 4659 
6 598 1014 2874 3248 3485 5324 
1 1453 
1 3909 
1 658 
3 2274 2527 3018 
2 2650 5569 
3 619 1999 2500 
5 208 706 1527 3916 5388 
3 4048 4640 5290 
2 315 3300 
5 1464 4492 4823 5298 5492 
3 768 5259 5859 
3 1608 4265 5656 
2 499 2968 
2 471 4178 
3 726 846 1551 
0 
4 1013 4345 4414 5096 
2 912 4389 
1 5301 
2 3692 5612 
2 1115 3880 
1 291 
4 2011 3253 3393 4709 
5 1613 2197 2906 5199 5354 
4 2599 3516 4419 5522 
2 4113 5171 
1 591 
3 872 2599 4891 
0 
4 3236 3416 4637 5844 
1 4942 
5 281 2444 3702 5010 5064 
3 4827 5001 5667 
3 569 2127 4611 
2 3463 3676 
2 2863 4519 
4 49 1045 3017 4673 
1 1158 
2 2215 3904 
1 3847 
1 2706 
1 5402 
2 205 3097 
4 2210 3167 3480 5235 
2 2529 4123 
1 5049 
2 2301 3482 
4 364 1605 3526 4315 
0 
2 142 2221 
3 1711 3770 4849 
3 721 1848 2920 
1 3765 
2 1157 4458 
3 3439 3514 4646 
3 268 586 3377 
3 2019 3061 5179 
3 1272 2977 5003 
1 2062 
0 
1 148 
2 656 3286 
5 518 3964 4472 5429 5600 
1 2603 
1 5417 
2 189 750 
2 1282 2284 
0 
1 5684 
1 1871 
2 650 757 
2 3023 4729 
2 4871 5240 
2 2831 5512 
1 5536 
3 1885 4026 5391 
0 
3 3706 4685 4794 
3 100 711 3149 
4 1714 2443 4849 4907 
1 5275 
5 2760 3496 4748 4815 4908 
4 898 1951 3027 5724 
3 253 1460 3282 
5 133 1441 1827 2625 3364 
5 367 416 1636 3319 3456 
3 1423 3179 4354 
2 1158 2931 
2 740 1656 
0 
4 1254 2079 4141 5352 
4 633 3205 4141 5588 
1 2833 
5 929 2363 2437 4327 4470 
3 468 2472 5198 
4 4374 4865 5015 5589 
2 551 1984 
1 3569 
3 3312 4950 5414 
3 204 1514 1528 
1 3287 
6 1562 1969 2411 2824 3104 5732 
2 593 4868 
4 731 2954 3319 4905 
3 307 1098 2352 
6 743 810 2611 2861 4285 5559 
4 532 2674 5278 5826 
3 345 1627 4669 
2 1496 3447 
0 
3 911 1701 2037 
3 792 2432 4615 
1 2376 
0 
3 1301 2247 5027 
3 2988 4888 5725 
2 172 2559 
7 545 827 1184 3408 4011 4898 5678 
1 2909 
5 1378 3549 4969 5046 5122 
0 
3 3495 3992 5113 
0 
1 761 
4 205 4371 4390 5535 
4 1594 2393 3396 3424 
2 2745 4217 
2 74 1942 
3 4016 4545 5781 
4 724 2810 2876 5636 
4 2136 3174 4131 4431 
2 1827 2039 
5 157 1000 3883 5060 5141 
1 5228 
5 66 109 2180 2725 3022 
3 446 3249 4547 
2 729 3852 
3 118 4497 5216 
4 2459 2513 3447 5085 
3 958 1675 2282 
0 
1 5119 
2 978 5456 
1 4051 
3 708 2200 5853 
0 
3 3909 4327 4427 
2 2485 4998 
7 914 1529 1931 3785 4158 4488 5711 
1 5066 
3 852 1464 2686 
2 4721 5082 
1 5117 
3 2424 3545 4294 
2 3297 4580 
2 2056 4863 
3 345 1081 2802 
2 1781 3464 
2 3522 5572 
1 3465 
0 
1 5152 
4 1230 1949 5376 5592 
5 2026 3264 4541 4810 5056 
3 3554 3873 3953 
1 4734 
3 2375 2887 4216 
4 2670 5074 5610 5870 
3 575 2579 3238 
2 3056 4113 
4 138 1165 2478 3666 
2 623 1464 
1 662 
1 5450 
0 
4 1250 2330 4553 5337 
3 488 3126 5795 
3 2873 3362 3797 
2 3133 3978 
4 2599 2723 3280 3442 
3 642 2043 2454 
5 1683 3302 4723 5458 5508 
1 2696 
0 
4 469 4432 4451 5511 
1 5201 
2 395 5472 
0 
1 2115 
2 3589 3887 
1 173 
4 714 1628 2606 3587 
1 3192 
4 2042 4763 4869 5183 
1 5000 
4 192 3430 5002 5607 
3 1169 1630 4867 
1 1458 
0 
3 3483 3568 3646 
4 1331 1359 2967 4272 
3 2087 4171 4920 
3 1223 3233 4804 
2 656 4395 
0 
0 
8 1145 2170 2247 2685 3413 5392 5440 5780 
4 1478 1779 3430 4427 
1 354 
4 444 3571 4657 5256 
2 1406 4828 
3 273 2666 2733 
5 1609 1954 2166 2747 4939 
2 1247 4094 
1 4717 
3 115 2970 4935 
4 964 1180 1311 4540 
2 5165 5391 
2 536 3922 
3 3597 4286 5608 
2 137 4752 
1 2546 
1 4762 
1 4095 
1 1238 
3 606 1281 3303 
2 871 3807 
2 561 4104 
3 436 4380 4923 
1 5577 
2 3216 4652 
3 2041 2536 5632 
2 2407 5590 
1 655 
2 2085 4511 
4 2531 3398 4474 5690 
3 683 1070 4450 
2 1850 4333 
4 639 1652 2328 4825 
5 52 272 2035 2055 3969 
3 3257 3556 4084 
5 15 756 2000 3175 4819 
3 4327 4891 5299 
1 682 
0 
0 
3 2657 3327 5721 
2 1717 3282 
1 2751 
1 5777 
2 254 5826 
4 857 947 3724 5214 
2 1839 4125 
2 3067 4791 
0 
3 2269 2695 4596 
3 1683 2192 5886 
2 1086 3601 
3 322 5880 5888 
2 4813 5650 
1 5671 
3 197 3004 3129 
3 1780 2154 5359 
5 788 985 4159 4673 5403 
6 1537 2242 2759 3137 5004 5374 
1 1966 
1 3302 
6 1007 1176 1970 2265 4359 4402 
4 1158 2306 4670 5414 
2 11 902 
3 4304 5040 5887 
2 934 5896 
2 366 4840 
4 1263 3062 3646 5137 
4 1055 3296 3557 4907 
3 197 1611 2471 
5 478 1867 2378 2610 2758 
0 
3 194 883 3272 
4 2037 3367 3774 3924 
2 579 4208 
1 3987 
2 1505 2887 
2 3636 5122 
4 739 2841 3045 4754 
3 377 1919 2907 
2 728 2945 
5 648 1876 1911 4923 5311 
4 144 2413 3956 5393 
4 1556 2213 5494 5591 
2 52 4596 
4 356 3380 4393 4560 
1 2312 
2 2112 4408 
1 5706 
3 881 1378 5149 
3 2013 3170 5642 
2 4003 4082 
0 
1 3986 
1 2455 
5 147 487 1490 3636 5280 
3 2902 5434 5699 
0 
2 1759 5021 
3 2326 2539 4861 
3 236 708 5234 
0 
0 
1 293 
4 1991 3320 3436 4530 
2 2827 4042 
5 1980 3238 3275 3480 4365 
1 3373 
0 
7 428 1489 2714 2774 3982 4777 5331 
3 31 1170 3949 
1 4002 
3 628 3844 3978 
3 540 1932 2976 
0 
2 3119 5601 
2 3209 3585 
2 3328 5111 
7 229 811 2214 2240 2247 5338 5602 
2 3556 4354 
1 315 
4 1566 3073 3876 4706 
3 2222 2345 2498 
1 2246 
2 4985 5523 
7 89 286 1096 1318 3648 4943 5417 
2 2214 5367 
3 362 4087 5235 
4 1519 3025 3392 3972 
2 618 5306 
2 244 4390 
2 4417 5121 
3 259 1920 2418 
0 
4 1493 2481 3819 5509 
3 2128 2791 3402 
1 4523 
2 932 3820 
1 3008 
4 1504 1572 3245 5226 
4 485 2718 4848 5108 
4 1605 3214 5759 5809 
2 1054 3764 
3 4702 4858 5344 
2 649 3964 
2 4551 5322 
4 147 1085 3718 4408 
4 1834 2751 4158 5341 
1 5788 
0 
0 
6 1180 2370 2418 2928 4005 4599 
5 595 1925 2134 5413 5450 
5 265 1189 1834 2040 2348 
2 1897 2837 
3 1672 2622 3699 
0 
3 431 5600 5716 
0 
2 2193 5150 
1 5648 
0 
4 578 1981 2697 5300 
2 821 5397 
2 5656 5846 
5 1347 3142 4044 5304 5506 
3 1669 2350 4663 
2 351 2555 
2 4467 4664 
3 3411 3713 5006 
4 1238 3769 4041 4336 
3 1552 3638 4097 
2 3027 4325 
4 498 1078 3370 3652 
4 2661 2899 4054 4261 
4 1459 1708 2464 3211 
2 440 2490 
1 3095 
2 1919 4711 
3 1315 3129 5671 
3 1913 3459 4146 
3 908 1322 3250 
1 547 
2 610 1522 
4 330 714 1965 3530 
3 1862 3154 3898 
4 1842 2251 3552 3768 
2 2074 4055 
3 217 3289 5576 
5 493 1362 1398 4334 5863 
3 321 463 2554 
1 5293 
2 262 1444 
2 4531 5758 
2 2499 3364 
1 5082 
2 432 4279 
4 3005 3793 4742 5576 
4 1275 1872 3406 4535 
1 92 
4 1427 1487 2652 4223 
1 1478 
4 961 2531 4537 5385 
6 790 1567 1923 3036 3996 4918 
6 5 1048 1402 2124 2166 5382 
0 
0 
1 2098 
2 1798 4439 
0 
1 2364 
1 2265 
1 2364 
2 862 5448 
3 1544 3140 4366 
1 2425 
2 503 784 
3 496 1249 3568 
1 4770 
1 3121 
1 4967 
0 
1 3233 
2 817 5727 
5 1142 3196 3197 4238 4631 
0 
2 3186 4458 
4 1852 4069 5440 5849 
1 2425 
2 2270 3159 
3 2949 3360 3894 
0 
3 2154 4442 4779 
0 
1 2796 
0 
1 1938 
3 3010 4160 4734 
2 1601 3942 
1 3931 
3 266 3466 5083 
6 95 1217 1836 3097 4133 5765 
3 404 566 2569 
3 2036 2628 4510 
2 2078 3810 
2 338 5447 
1 2207 
4 800 1292 2905 5498 
5 451 650 1877 2511 3269 
3 3719 4266 5447 
2 910 2658 
3 2870 4298 5386 
2 3921 4729 
3 1666 1780 4586 
2 2436 3466 
4 311 3333 3942 4555 
0 
2 2708 4330 
2 389 1630 
2 1734 5070 
4 274 2689 3620 5670 
0 
1 546 
3 396 3435 5796 
0 
3 363 1092 5407 
2 1544 2902 
3 828 1078 5003 
4 2333 2410 4883 5579 
1 4949 
4 5 252 1753 2872 
1 5382 
2 2733 3526 
5 39 544 1602 3040 3359 
3 348 1663 1810 
4 2598 3649 5276 5432 
2 1285 3774 
4 156 196 365 4367 
0 
3 1525 5083 5174 
3 3303 3376 4003 
3 240 1330 5897 
2 1073 4166 
2 1639 5517 
3 325 791 2448 
0 
3 3210 3924 4676 
1 3614 
2 3530 5707 
1 5879 
2 501 3552 
5 330 2930 3458 3518 5213 
4 109 5161 5253 5353 
1 1152 
4 2088 2656 3310 4211 
3 383 2288 5595 
1 232 
4 1061 1476 2370 4454 
3 829 3655 5394 
4 1175 2623 5101 5135 
4 2096 2466 2542 2778 
2 2840 3315 
3 270 4127 5497 
4 68 242 3261 4317 
0 
1 5206 
3 1176 4131 5679 
1 978 
1 2715 
1 1446 
2 1376 2499 
3 1444 4593 5772 
3 1656 2998 4323 
2 26 2604 
3 120 3002 4320 
1 5025 
0 
2 852 2207 
2 682 4664 
3 2516 2984 5818 
2 1733 5875 
3 5005 5658 5671 
5 155 523 1881 2393 4882 
3 1020 1701 3364 
4 669 913 2633 2861 
5 189 750 1217 3533 5785 
2 371 3027 
4 165 1178 2301 3104 
3 2203 5520 5827 
4 123 2062 2725 4876 
2 2630 4694 
1 4310 
2 4381 5543 
1 5214 
2 713 5010 
2 3401 3857 
1 3790 
0 
2 919 1339 
3 5474 5781 5801 
2 1256 4770 
5 844 1430 2708 4221 5105 
1 3958 
1 3520 
3 365 4384 5324 
6 584 1067 3607 3713 3800 5347 
2 1702 4137 
3 229 3222 3436 
0 
2 2782 5616 
2 2842 4065 
4 689 1308 2143 4676 
2 217 1528 
5 1023 2551 3603 3848 4457 
3 1793 2364 2732 
2 629 4249 
2 3687 5524 
2 1654 3274 
5 882 1835 2076 2261 5818 
2 204 4385 
5 4178 4207 4249 5421 5836 
4 377 2943 3170 5686 
3 733 4194 4503 
1 764 
2 1096 2564 
1 28 
2 2757 4483 
3 3723 3737 5867 
2 3669 3929 
2 1803 2170 
0 
2 1404 1565 
1 1321 
3 122 1171 2451 
0 
4 3733 3989 4966 5747 
2 2280 4584 
5 1036 1428 2876 4161 4643 
6 807 2895 3973 4007 4812 5181 
3 1005 1976 3320 
4 3 11 274 1335 
3 130 2144 2312 
0 
0 
1 2128 
2 2927 5281 
5 410 783 906 3274 3891 
3 1759 2577 2993 
3 117 966 5148 
3 1700 2957 3148 
2 1928 2505 
6 511 1348 3885 4005 4029 4293 
1 3736 
3 2663 3868 4120 
3 2835 3123 3516 
1 5319 
4 679 1116 3990 5071 
3 2245 2884 4004 
1 4525 
3 1331 2576 3295 
2 2085 3171 
2 3208 4728 
1 2599 
3 3086 3772 5716 
3 1396 3404 5601 
2 486 5539 
5 287 906 2272 2274 4165 
4 3315 3342 4723 5585 
2 4288 5762 
3 2192 4254 5620 
4 1013 4487 4973 5033 
4 1116 1857 1976 5247 
3 2379 5300 5456 
3 2930 3295 5513 
1 30 
8 555 2100 3244 4100 5060 5480 5804 5883 
4 824 1608 4340 5046 
3 538 1549 2899 
2 1834 3356 
2 1986 5298 
4 1616 3452 3722 5319 
1 1091 
0 
1 1800 
3 2295 3884 5324 
1 5078 
4 1023 1900 2528 4550 
3 2060 2616 3631 
0 
1 2365 
0 
4 937 2170 3556 4399 
3 144 342 1863 
3 1056 2859 3006 
1 5167 
1 4422 
1 529 
1 5613 
1 3551 
2 4526 4676 
3 852 872 4265 
1 991 
4 647 1095 1408 2046 
2 3707 4023 
3 716 4961 5848 
4 370 2581 3284 4622 
1 277 
2 790 5807 
1 408 
1 3596 
1 5262 
3 2472 2532 4670 
1 3723 
3 804 1472 2230 
1 4893 
2 1406 2885 
1 1016 
3 3994 5586 5825 
0 
1 2434 
2 2988 4659 
2 69 2539 
2 2360 3397 
3 353 1506 3077 
1 56 
0 
3 603 2149 4975 
1 4955 
4 531 3812 4827 5107 
3 1338 3058 5366 
0 
3 897 2027 3438 
1 4735 
1 3316 
3 2497 2624 2867 
4 3824 4698 5274 5612 
1 4916 
1 1177 
2 144 1575 
1 3396 
5 1411 1674 3544 4400 5018 
2 511 2541 
3 90 3070 5077 
0 
3 1808 2633 5324 
5 32 4052 4165 5053 5861 
2 1600 5263 
5 1302 3630 3689 4331 4557 
3 1854 5434 5640 
2 1066 2354 
1 4191 
1 4555 
5 399 1337 3050 5089 5540 
1 4077 
1 1725 
6 668 1137 2183 3469 5207 5413 
2 15 4140 
2 2125 2577 
1 476 
4 2130 3063 3479 5851 
5 854 1861 1895 3492 3820 
2 3815 4822 
1 986 
1 4527 
3 2366 3152 5814 
2 1936 4864 
0 
2 4516 4946 
3 2330 2890 4491 
3 2176 2864 3613 
2 2345 2504 
3 1898 3586 5709 
4 402 773 3501 5092 
0 
2 1522 2872 
2 1353 4547 
4 1777 1873 4153 4795 
1 1244 
2 2033 2782 
4 523 1789 1987 3551 
2 968 2560 
5 253 2521 3292 5191 5456 
0 
0 
3 2257 3409 5213 
4 907 1021 2917 3824 
1 5516 
2 2268 2460 
3 1023 2188 5142 
2 1346 2061 
0 
1 3049 
3 1963 2976 3921 
0 
1 392 
1 3776 
3 1065 1426 2420 
4 3802 4342 5048 5680 
5 1294 2482 3239 3367 4107 
4 845 3219 3548 5499 
2 4093 4350 
3 527 3142 3892 
3 1367 3808 5563 
1 1080 
3 2753 4601 4733 
2 1269 2415 
5 2435 2782 3579 4129 4209 
5 276 876 1998 4769 4844 
2 259 1149 
4 1500 2492 2688 4358 
4 152 922 2534 4338 
1 4988 
4 1462 1643 2125 4218 
2 4369 5369 
5 789 3677 3833 4661 5599 
4 991 3810 4824 5008 
3 2116 4377 5654 
6 819 892 994 1507 2221 5734 
4 1461 1533 2150 4203 
1 2882 
0 
2 1072 5761 
0 
3 62 1831 3026 
2 1761 3273 
2 2101 5095 
0 
2 1231 3666 
5 2311 3290 4802 4943 5522 
2 5126 5363 
8 55 843 1732 2909 3005 3741 4502 4734 
4 2682 2763 3082 4028 
1 2077 
2 26 1546 
2 1108 3794 
1 2986 
0 
3 3373 4805 5622 
5 1685 1801 2428 2783 4420 
4 256 296 1382 2251 
1 245 
1 1419 
1 670 
2 4313 5817 
0 
3 1924 4485 4944 
1 1396 
1 4821 
2 608 1517 
1 534 
1 899 
2 2181 2894 
3 1181 5480 5599 
2 4 3908 
3 3979 5226 5573 
4 763 4263 4794 5256 
1 3522 
1 3146 
2 1260 4012 
1 1002 
2 955 3172 
1 811 
2 3955 4482 
1 3854 
6 496 1934 2768 3415 4687 5175 
4 1163 2484 3178 4587 
2 1027 4195 
4 748 1151 3698 4326 
1 3117 
1 2972 
1 1087 
3 2127 2921 4085 
3 639 733 5191 
0 
4 1009 2012 2736 4414 
5 416 1626 4481 4877 5320 
0 
2 230 1706 
1 1702 
3 612 4108 4771 
2 517 1368 
4 1076 2583 2656 3816 
2 2413 3848 
2 1711 4546 
3 2742 3823 4925 
3 59 887 2247 
4 731 1181 2862 5026 
3 2175 2729 3633 
1 3136 
2 908 4639 
4 591 830 4310 4486 
3 24 3189 4663 
2 364 4421 
0 
0 
0 
0 
2 3340 4796 
1 3481 
1 4171 
4 1952 3160 4055 5573 
1 1616 
3 1040 2036 4758 
2 19 2217 
2 1309 4546 
3 1305 4147 5498 
3 2736 3010 5026 
0 
5 1453 1823 1943 3108 4082 
6 236 280 2050 3482 3736 4572 
4 862 877 1367 3064 
3 1633 2588 4650 
1 5225 
1 3103 
2 4071 5522 
2 3515 5280 
4 1151 1546 4201 5680 
1 1802 
0 
1 3401 
0 
4 1498 1687 2441 2680 
4 2424 2710 3593 5439 
1 1560 
2 178 4373 
3 3060 3594 5417 
4 2067 2489 3535 4255 
1 33 
1 4768 
1 2895 
3 1304 4277 5444 
1 961 
1 5846 
2 5053 5643 
1 148 
2 3053 5394 
2 690 4578 
1 3073 
1 3250 
2 466 4401 
0 
1 3788 
1 5489 
3 1014 2887 3481 
1 1678 
3 1073 1122 3787 
1 759 
1 1406 
1 4500 
0 
1 4036 
3 313 2176 3811 
4 297 347 528 3414 
4 2373 2961 5258 5668 
1 4336 
2 1687 4308 
1 3528 
3 1071 4670 5133 
2 2380 3015 
2 430 5333 
3 2371 4480 4508 
2 4967 5573 
2 3109 4907 
4 164 456 3318 4135 
3 576 2669 5182 
4 839 4157 5069 5282 
2 1973 3432 
2 206 1765 
1 1760 
2 765 2899 
5 527 772 1259 2715 4849 
4 943 1255 3073 5880 
4 27 793 1622 2727 
5 85 120 2966 3274 3398 
4 476 617 1428 3346 
4 1058 1092 2493 5339 
1 5052 
3 133 2135 2460 
3 236 377 5894 
3 12 2487 5350 
3 1249 2228 4274 
1 2026 
3 1512 2975 5091 
2 619 2445 
2 2895 2960 
3 4585 4704 5873 
0 
4 1250 2829 3624 4775 
4 1712 3695 4199 5731 
1 2030 
0 
1 4067 
2 1877 2557 
4 1531 1959 2532 3354 
2 2090 3498 
2 2159 3013 
0 
2 1408 3785 
3 4512 4757 5593 
1 5172 
4 1886 2047 2298 5473 
1 5664 
2 3240 3266 
3 3891 5347 5566 
5 1486 2468 2528 3340 4208 
0 
5 2143 3231 3825 4491 5684 
5 1237 1362 3306 4627 5249 
0 
3 142 4928 5058 
5 1716 2396 2571 3064 4634 
5 707 791 1245 1487 5148 
5 188 2110 2378 3165 3427 
2 2598 5174 
1 4887 
2 2673 5177 
1 2320 
4 462 2451 2893 4503 
1 1299 
4 0 2058 4527 5490 
3 1704 2343 5867 
1 3851 
1 5589 
2 188 4027 
3 422 1697 4305 
1 1033 
3 1506 5523 5595 
0 
1 3135 
1 4566 
2 3043 4006 
2 1213 4843 
4 233 484 636 2040 
1 2833 
3 1799 3844 4550 
0 
1 105 
1 1819 
1 983 
2 1217 4826 
3 2358 2441 4912 
5 473 2983 4458 5086 5425 
3 2884 5260 5726 
3 683 1186 4474 
3 435 1193 3801 
3 1659 1989 3956 
3 3646 3671 3788 
2 2763 5423 
3 350 3015 3424 
4 145 1177 3489 3889 
4 806 3730 4528 5347 
2 2611 4789 
0 
4 1176 2390 5514 5526 
3 1064 2638 4572 
1 5029 
3 2179 2441 4871 
3 533 2343 4123 
2 2599 2947 
0 
2 30 5155 
2 2300 2546 
0 
3 1011 2768 5672 
0 
2 3773 5835 
3 317 1631 3776 
1 4517 
2 1588 4933 
2 664 2859 
1 3868 
1 4430 
2 2827 2986 
2 4282 5046 
0 
1 485 
2 326 4256 
1 2422 
1 5874 
1 742 
1 2118 
1 3486 
2 4459 5131 
3 3387 3825 4494 
0 
1 3045 
3 713 4978 5746 
4 146 2584 4960 5687 
3 75 1004 4771 
3 2855 3573 4672 
2 2530 3861 
1 252 
3 3582 4288 5362 
1 1224 
1 3100 
2 374 5472 
1 953 
0 
3 1136 3161 3700 
1 1111 
3 117 1823 2554 
4 126 1459 2057 3446 
1 817 
5 6 1110 3777 4669 4941 
2 2098 2565 
3 476 5158 5262 
1 5214 
4 2520 2681 2867 3985 
3 1977 2968 3936 
3 645 3251 4582 
2 2830 3388 
3 85 2492 3458 
5 216 591 1829 4722 5417 
0 
2 3608 5781 
4 838 3133 3348 3864 
4 647 1663 2154 4022 
2 2281 4846 
1 4069 
2 4092 5247 
4 2198 2428 2617 2881 
5 1388 2273 2422 2499 4851 
4 4011 4845 5639 5889 
1 2967 
5 747 1982 2523 2579 5140 
5 460 865 1834 3235 4863 
1 2371 
2 2392 3986 
3 1888 3100 4224 
1 846 
1 3001 
1 958 
4 935 1829 3171 3206 
2 804 2459 
0 
3 4604 5771 5864 
3 2959 4877 5072 
4 1721 3023 3249 4571 
2 156 4901 
2 2137 3289 
4 995 1740 2694 5419 
3 631 4300 5050 
2 857 4530 
3 2243 2258 3195 
2 1687 1776 
3 2705 4746 4979 
0 
2 981 3477 
2 2254 4070 
3 2215 4358 5272 
2 2012 4387 
3 1881 2751 3244 
3 1929 2454 5199 
1 460 
4 1491 1892 2026 5206 
1 4858 
3 655 1213 5193 
1 4705 
1 5257 
2 4302 5850 
2 4159 4745 
3 1008 1116 2501 
4 1086 3570 5358 5618 
2 1655 4407 
4 1424 1478 3158 4043 
2 3511 4946 
5 2023 2240 3806 4191 4793 
2 5433 5687 
3 4991 5202 5252 
2 4117 5526 
1 776 
6 46 218 1423 2813 5256 5635 
3 379 555 5357 
1 2339 
2 2147 4652 
1 2705 
4 1045 2923 3838 4535 
2 4059 4382 
3 1886 3486 4513 
3 2730 3193 3900 
0 
1 4556 
2 193 1327 
0 
1 5490 
2 3668 3793 
0 
0 
2 2265 3834 
1 2507 
7 179 870 1052 1737 1881 3987 4217 
4 1852 2356 3613 4915 
5 655 3597 3869 3959 5458 
0 
2 1720 3737 
2 4260 5609 
4 670 1461 3017 5756 
3 2620 2712 3526 
3 837 4246 5447 
1 1890 
5 470 921 1153 2026 5766 
3 1978 2023 5364 
3 908 1203 3164 
4 3175 3348 4030 4369 
2 2489 3248 
5 198 946 1972 3649 4027 
1 1507 
1 3161 
2 4985 5371 
3 2554 5223 5704 
0 
0 
2 2360 5524 
4 1047 3502 5391 5528 
3 2279 2693 5614 
2 2819 4230 
1 41 
3 346 1377 3819 
4 1370 1468 4217 5467 
0 
1 1002 
2 666 3443 
3 843 1180 5059 
2 1816 4896 
3 807 1978 2479 
1 3186 
1 1807 
1 2560 
1 1883 
2 2320 3905 
1 2166 
3 1645 1932 2855 
4 3167 4386 5066 5214 
4 1463 1550 2023 2189 
0 
4 344 2900 3467 5382 
4 3131 3371 3744 5515 
4 110 3637 4435 5454 
4 658 777 1765 3923 
1 4153 
4 775 3360 3747 3895 
2 5063 5709 
0 
1 5571 
1 113 
3 3272 4986 5325 
2 5489 5701 
3 260 1114 5849 
0 
2 1943 5276 
3 2153 2920 5899 
4 1742 2219 3595 5524 
5 457 1957 2999 4978 5733 
4 641 1307 3717 3733 
3 343 2845 4474 
4 186 1024 1402 4379 
3 1018 2405 2819 
2 1439 2339 
5 269 410 431 4149 5080 
1 2760 
0 
2 4217 5256 
2 1424 4702 
4 2141 2366 4879 5580 
4 2974 2994 4608 5665 
4 3574 4297 5454 5739 
4 919 2388 3421 4271 
2 2653 4914 
4 2444 2932 3069 4634 
0 
1 763 
1 4148 
3 467 667 1370 
4 1609 2800 3172 3939 
2 2216 4300 
1 5714 
1 4107 
0 
0 
3 1749 2340 4071 
4 1210 1660 1813 2243 
3 666 1217 2905 
4 22 2544 3974 4101 
4 575 3492 4705 5582 
2 561 1646 
2 1360 3116 
1 4582 
7 600 1775 3551 4097 4132 4588 5889 
1 2118 
1 5882 
3 368 2353 2731 
1 1898 
2 1127 3935 
2 2631 3415 
2 1015 5884 
1 2108 
0 
1 5837 
5 605 1622 3846 4157 4734 
3 542 4111 4145 
3 929 1232 5289 
4 1023 1412 2553 2715 
3 3 1810 3485 
1 2934 
2 3190 3846 
1 3184 
5 1188 3685 3765 3881 5293 
0 
1 359 
3 2983 3688 3926 
2 3096 5871 
3 1054 4116 5529 
0 
3 594 5400 5468 
1 2534 
6 1974 2346 3671 5041 5195 5791 
4 649 980 3526 3833 
1 4491 
1 5831 
1 745 
3 2793 4963 5180 
2 266 5667 
3 359 818 3495 
2 408 4617 
0 
2 1199 2570 
0 
3 1024 1800 4590 
3 2143 5092 5610 
0 
1 3254 
3 524 3818 5421 
0 
1 4040 
1 2877 
6 4421 4638 5035 5168 5277 5600 
2 2735 4639 
2 5371 5650 
2 680 732 
2 2262 3540 
3 1039 1122 2118 
1 5886 
0 
2 883 3185 
3 1439 5006 5495 
3 274 4792 4875 
2 637 5509 
2 2404 3702 
1 5689 
1 4912 
3 549 2950 5457 
0 
2 3113 4225 
0 
2 1129 3051 
6 1599 2078 3497 3603 4341 5539 
3 132 361 4663 
2 256 3133 
1 3466 
3 231 837 5299 
3 587 1764 4613 
4 669 2036 3953 4884 
2 37 2585 
3 1775 2830 4807 
5 1613 2640 3440 4687 5416 
1 3393 
3 160 605 1676 
2 1745 3327 
2 1966 4726 
2 944 5880 
1 5128 
3 186 1721 2169 
0 
1 2575 
2 3840 4104 
3 4392 5269 5274 
2 2000 3425 
3 3013 3760 4814 
1 2191 
2 3668 4920 
0 
3 3967 4046 4420 
4 1274 1699 3847 4157 
1 4425 
1 4079 
4 2017 2343 2797 5614 
1 2907 
1 3920 
1 385 
2 1624 2270 
1 3402 
3 4300 4342 5616 
1 5820 
1 1561 
2 952 3237 
1 704 
1 739 
2 3995 5012 
3 2294 3132 3782 
4 307 607 2799 5172 
1 1985 
3 153 1609 1872 
2 271 882 
5 472 1479 1607 2888 3331 
1 103 
1 535 
2 1903 4335 
2 283 1570 
1 3131 
0 
3 886 1107 5136 
1 2140 
5 1935 2462 3273 4426 4461 
3 2965 4327 4779 
2 200 5435 
3 3710 3950 4853 
6 1178 1504 2238 3212 4707 5818 
3 2725 2963 4263 
1 1595 
0 
3 1081 1822 3319 
3 367 1981 3525 
3 125 451 4213 
2 3966 4430 
4 456 724 2041 5111 
3 1272 3943 4105 
2 4378 4789 
3 1117 2776 4158 
3 4512 5152 5448 
0 
2 345 4895 
2 4745 5866 
4 118 1640 4010 4291 
1 749 
1 1638 
0 
1 1720 
1 1018 
1 3438 
4 1437 2334 3616 3939 
3 1490 2890 4955 
3 3252 4474 5597 
2 4873 4935 
2 1656 5545 
1 5460 
2 5221 5254 
2 498 2644 
3 3234 4097 4228 
2 823 2115 
1 1369 
3 348 778 1649 
2 5071 5297 
2 2853 3193 
1 1251 
3 1486 1913 3016 
3 2009 2739 4822 
2 2492 3770 
2 740 1322 
0 
1 2206 
5 719 2723 4215 5374 5837 
2 4342 5757 
3 2644 3819 5710 
1 632 
3 2703 3534 4804 
1 4625 
2 621 2263 
1 4166 
2 946 4712 
3 399 2236 2914 
1 1572 
2 4416 5197 
2 1150 3043 
0 
3 4020 4990 5266 
3 191 2863 3997 
0 
3 441 516 3727 
1 2375 
1 1044 
1 4501 
3 1127 1161 1350 
0 
1 3394 
2 3554 4931 
2 2777 3829 
0 
2 1964 5242 
2 2082 4167 
2 2798 5439 
4 1842 3974 5082 5260 
2 1230 5536 
4 2755 3030 3103 3499 
3 18 1588 3460 
5 855 2737 4111 4531 5332 
2 370 789 
5 147 812 1084 2876 4172 
0 
1 1226 
2 1884 3304 
3 1083 2873 4199 
3 2719 2926 5293 
4 641 2734 3677 5490 
1 247 
3 1875 4880 5541 
2 310 1089 
3 1194 4008 4819 
1 1947 
3 339 3411 4850 
1 4675 
3 1216 1993 3698 
4 507 2442 2741 4879 
2 2820 4825 
1 5536 
4 1400 1642 2323 2922 
3 1343 1577 4357 
1 2699 
3 214 2816 3556 
3 2709 2715 4976 
1 960 
2 4395 5140 
0 
2 5482 5771 
1 2989 
0 
2 4861 4986 
1 1036 
3 786 3592 5892 
1 725 
2 3356 3530 
2 5137 5899 
4 1396 2343 4459 4572 
3 2794 3846 5164 
0 
2 74 1346 
1 4011 
4 1457 3893 4441 4466 
0 
3 3243 3308 3460 
3 1573 1871 1998 
1 244 
5 2230 2864 3368 3397 3658 
2 2719 5015 
4 1485 2277 2485 4880 
0 
0 
2 4166 4616 
2 736 3111 
2 2514 3890 
0 
3 1947 2623 4773 
2 2559 4960 
6 2724 2901 3259 3962 4993 5181 
6 564 853 2067 2321 4419 4532 
3 1174 2638 3455 
3 1030 2939 3397 
1 5368 
1 2524 
3 1566 4227 5413 
6 6 1173 1444 3345 4077 4275 
2 114 2457 
2 5292 5857 
2 3421 3518 
0 
2 2511 3711 
5 2017 3346 3386 3679 4133 
3 3566 5690 5699 
0 
1 2759 
5 1493 1569 1842 4081 4140 
2 1350 2564 
2 982 2279 
2 2468 5534 
4 467 2094 5739 5830 
5 522 719 3897 4194 5412 
2 417 2285 
5 2725 2944 3686 4451 4647 
2 3206 5065 
3 2649 3230 5777 
1 4900 
2 3373 5787 
4 2151 3713 4849 5754 
3 106 5072 5212 
4 985 1951 2099 3627 
2 2798 5731 
2 2688 3670 
1 4533 
1 820 
3 2018 3613 4490 
2 4089 4947 
4 2100 2310 2718 2798 
3 3378 4067 5182 
1 674 
3 1240 2228 3647 
3 889 1533 2887 
3 137 1044 4301 
4 1123 2534 4672 5843 
5 835 2839 3116 4002 5266 
3 2064 2142 5631 
2 2856 4256 
1 1849 
4 1432 3283 3638 3983 
1 950 
0 
5 740 1508 3252 3807 4146 
0 
0 
1 1486 
1 5822 
2 3778 4617 
3 1429 1906 2220 
2 3476 5537 
0 
2 1243 4623 
0 
3 2480 3174 4583 
2 1626 3288 
3 1114 1306 3735 
0 
2 1851 3613 
0 
3 344 391 3483 
2 2360 5458 
3 1318 1338 3917 
0 
6 1029 3038 4096 4526 4545 4927 
2 3090 3360 
1 4090 
6 613 619 884 1331 2194 3856 
4 824 4371 4499 5521 
3 707 2578 4217 
4 1842 2182 3279 4436 
6 2801 2938 4930 4972 5629 5654 
2 512 3938 
2 138 3698 
1 4893 
6 652 1696 1775 1837 4172 4923 
0 
2 4156 4229 
1 3427 
0 
3 2272 2703 3361 
1 311 
3 1806 4965 5253 
1 497 
2 1825 2290 
5 693 1397 3088 3982 4740 
0 
3 954 1972 2686 
4 3283 5307 5498 5586 
2 5032 5304 
3 877 3702 3811 
3 2999 4597 4614 
2 2307 4258 
1 3766 
4 70 966 2178 5821 
2 651 5558 
3 237 898 3926 
1 4768 
0 
3 42 3959 5535 
1 536 
2 2241 5600 
1 5534 
1 4690 
5 329 1745 2996 3214 3294 
2 664 1607 
5 982 2127 2230 4637 5482 
3 192 2082 5898 
3 1710 2116 4987 
3 547 5534 5578 
3 714 1198 1901 
1 3095 
0 
4 2995 3186 5154 5798 
3 788 1357 1396 
3 2002 4542 5096 
1 1434 
2 1705 5665 
4 335 3584 3695 4036 
3 1206 1384 3450 
0 
2 1334 2517 
1 5734 
3 1405 5070 5603 
2 132 5319 
3 1360 2286 3306 
3 4152 4243 4803 
1 4235 
1 966 
1 2741 
5 620 2544 4135 5194 5510 
3 977 1497 3940 
1 5316 
1 892 
4 1877 4000 5005 5146 
1 5368 
1 1612 
2 4550 5194 
2 2306 3238 
3 1816 3645 5455 
1 2668 
0 
1 2071 
1 5137 
3 547 2330 2596 
2 2888 4416 
3 646 1660 5674 
0 
1 3948 
1 4974 
3 2998 5075 5597 
4 2104 2965 3810 5564 
3 545 644 2786 
2 598 2901 
1 2249 
1 5029 
4 669 2432 5632 5887 
4 1051 4557 4608 4917 
1 618 
4 2189 2522 4360 4815 
0 
4 856 2296 3348 3892 
3 1358 2468 3098 
2 2859 5707 
4 408 2955 5753 5808 
3 579 1437 3500 
3 2292 2629 5370 
1 1070 
4 1618 3311 3401 4380 
3 971 2512 5406 
2 3809 4890 
2 702 2754 
3 3552 3613 4228 
0 
2 2902 4817 
4 387 2980 2996 3160 
4 1114 1455 3345 3690 
2 238 3542 
1 2181 
2 4492 4974 
3 1713 1756 2252 
1 2677 
1 422 
4 182 2195 2853 5310 
4 110 342 1789 3357 
1 1106 
2 2008 3805 
4 472 4679 4762 5029 
2 2756 5414 
2 97 2622 
3 1458 4585 5217 
4 2920 4191 4226 5768 
4 1199 2550 3585 5443 
5 176 2127 3311 4478 5755 
1 2786 
1 2704 
2 998 4034 
1 1693 
3 222 650 4915 
5 525 1574 2240 3169 4689 
5 2428 4483 4531 4779 5618 
5 3195 3304 5091 5303 5831 
3 361 3905 5392 
1 527 
1 240 
2 1411 1854 
4 1172 3198 4159 5746 
3 1521 4564 4707 
4 2996 4309 5033 5091 
4 845 877 2796 3699 
4 18 1314 3945 3994 
2 1407 1430 
1 5540 
4 572 3591 4613 5765 
4 628 1627 1989 2194 
4 192 1330 3033 4941 
1 3003 
5 356 2504 3238 5112 5658 
4 1606 3252 4219 4981 
4 885 3709 4294 5687 
1 985 
2 2970 4074 
4 1251 1981 5386 5614 
3 3288 5240 5254 
4 570 4545 4856 4897 
0 
1 1716 
2 4126 5574 
1 2481 
1 5146 
0 
2 1013 1745 
2 265 3618 
3 501 1582 2570 
0 
3 1882 2847 3402 
2 72 2215 
1 4905 
0 
3 2177 2555 3879 
2 2250 4320 
4 246 1953 2296 2650 
3 1661 2904 4145 
1 3287 
3 282 4670 5119 
3 1080 1356 5258 
6 161 186 556 2961 3768 4208 
3 43 2250 4525 
3 89 2348 2947 
1 3320 
5 1591 1771 3802 4718 4944 
2 1794 5206 
3 316 4023 5081 
2 4588 5190 
2 3121 4329 
2 2959 4840 
5 139 1372 1407 1439 4847 
3 3618 3660 4823 
2 5118 5602 
5 423 1187 1360 1406 5400 
3 937 4211 5576 
1 54 
0 
3 1195 3776 4968 
2 3857 3906 
2 5051 5463 
3 984 4699 5340 
0 
1 499 
4 709 1108 1567 3175 
4 370 539 2930 4255 
2 2621 3015 
2 391 4960 
5 619 1238 2148 3541 4213 
3 491 1630 5857 
2 453 3319 
3 440 4484 5504 
1 221 
0 
1 908 
4 1206 3758 4018 5690 
1 3210 
0 
3 1115 2991 5196 
2 5177 5615 
2 4732 5199 
2 3769 5287 
1 183 
3 499 2246 5461 
2 415 2345 
2 1307 4685 
2 1225 4954 
1 3935 
3 893 3498 5270 
2 995 3394 
2 318 795 
2 3722 4513 
3 1804 5426 5493 
2 3321 4106 
3 3324 3550 3647 
2 1132 1759 
2 3784 4366 
0 
1 5132 
2 1909 3865 
2 150 5886 
1 4710 
2 653 4459 
2 2302 4522 
4 824 2275 2781 5775 
4 1038 4513 4917 5260 
4 710 1561 3927 4771 
2 350 4813 
3 4626 4664 5119 
0 
3 1694 1874 4084 
4 4257 4681 4789 5287 
2 2526 4064 
3 494 866 5182 
4 2395 3249 4566 5437 
7 461 2279 3128 4091 5162 5554 5567 
5 760 2291 2379 3376 4159 
1 5289 
3 1200 2742 4387 
4 3055 3169 3406 5099 
3 5027 5126 5564 
0 
5 1779 2471 4228 5214 5455 
1 5512 
3 766 4369 5676 
5 2326 2703 2980 3414 5168 
4 673 1310 3131 5628 
2 1789 4546 
5 881 1796 2590 3642 5770 
3 1031 4495 5043 
0 
1 4710 
3 1918 2179 4782 
1 4207 
3 3338 5038 5734 
0 
2 1501 4612 
3 3843 3884 5637 
6 1218 2625 2651 5479 5680 5826 
4 3217 3633 5884 5888 
3 553 3086 3877 
2 3767 4030 
1 3719 
2 448 1654 
4 44 1022 1875 4641 
2 2632 3794 
4 1286 1494 1546 4375 
1 5746 
0 
0 
1 2869 
1 4323 
2 670 3831 
7 963 1018 4160 4274 4675 5308 5711 
4 69 2982 3886 5834 
5 293 1077 1873 1960 4078 
3 601 850 5434 
1 2287 
4 965 2696 3777 5331 
3 3663 4934 5630 
1 5635 
1 4270 
2 618 2359 
2 1183 5099 
3 390 2703 2863 
2 1345 2484 
0 
1 4039 
2 1617 3831 
3 1469 2339 4769 
4 1804 2342 2586 5005 
4 817 1212 1534 5039 
3 47 847 2778 
3 2499 3977 5295 
2 2290 3047 
2 1380 4891 
2 2040 4455 
2 932 5251 
3 1024 4318 4510 
2 1787 4227 
1 154 
2 1456 4365 
7 522 698 1322 2253 4719 4875 4938 
3 150 3543 3748 
1 5150 
1 5857 
1 3949 
2 1201 5141 
0 
2 129 3518 
1 2311 
2 2456 5457 
1 3659 
4 2850 3814 4261 4599 
5 472 670 1436 2861 4678 
2 3818 3973 
0 
3 1577 3259 3464 
3 466 835 897 
0 
0 
3 2185 2237 3018 
2 2202 4794 
2 1093 4766 
2 975 1157 
2 2006 3882 
1 1861 
2 1262 2104 
2 394 3907 
2 1057 1945 
3 1837 3482 4028 
2 238 961 
1 3688 
5 2173 2258 4564 4718 5082 
1 3650 
1 2766 
2 74 994 
4 1439 1926 3136 4253 
1 3172 
1 1584 
3 516 875 5870 
2 625 4288 
3 1834 1981 2752 
3 1950 3823 4519 
3 34 3420 3970 
3 283 3093 3338 
2 1326 4522 
1 3351 
2 404 2815 
1 2877 
2 2174 2372 
2 794 5014 
3 3203 5607 5667 
2 41 2487 
2 1665 3673 
2 712 783 
5 210 3492 3872 5225 5418 
0 
5 303 2225 2946 4085 5323 
0 
1 3903 
2 549 3449 
4 584 592 3670 5419 
4 298 1355 2003 2678 
2 1480 4159 
2 1109 4894 
0 
1 1457 
2 1816 3919 
5 309 1023 2772 3473 5086 
2 588 3653 
2 4778 5164 
1 5754 
1 2210 
4 2540 4828 5297 5733 
2 4908 5711 
5 1186 1799 2343 3588 5205 
1 5561 
5 104 919 1747 1873 3543 
1 5300 
2 2671 4048 
3 2712 2773 2948 
1 4385 
3 4301 5247 5487 
4 1675 2843 4721 5057 
3 2173 4823 5650 
1 1622 
3 3479 3842 4582 
5 584 1372 1966 2729 3864 
4 1868 3298 3691 4398 
4 213 524 5372 5857 
3 1349 1486 5844 
2 2795 4185 
2 863 2586 
3 589 2055 5372 
6 374 466 584 1091 3077 4434 
3 4369 5568 5849 
4 1921 3535 3645 5564 
2 2007 2014 
4 652 1045 3617 5003 
2 1947 3776 
1 2154 
4 1354 2306 3959 5035 
1 4884 
0 
3 990 3371 3855 
6 1349 2185 4214 4602 4723 4908 
1 5221 
1 3328 
1 824 
2 240 1545 
2 1672 5449 
4 3656 4232 4990 5195 
4 527 677 1394 4040 
2 4202 5784 
2 3557 4881 
1 993 
1 515 
3 695 1595 3401 
1 5140 
3 872 1847 2284 
2 1327 3204 
5 263 872 2971 4497 4653 
4 2076 3387 3977 4814 
3 2875 3816 5029 
2 1749 5135 
2 2885 5418 
3 1420 1777 2087 
3 842 3864 4098 
2 192 1323 
3 399 3893 5298 
0 
5 326 2272 5119 5501 5505 
3 1781 4311 5263 
4 1892 2724 3735 4916 
2 2129 2853 
2 761 2299 
0 
3 1851 2146 4310 
4 2088 3099 5018 5536 
2 1933 4909 
2 2650 3372 
2 1604 4683 
3 890 2595 4118 
3 1928 2008 4870 
1 3429 
2 1206 4710 
3 46 2288 5669 
1 1267 
3 306 793 4385 
5 119 2075 3134 3862 4245 
2 2958 4455 
1 2649 
1 2992 
3 528 1905 2254 
2 1859 2396 
3 2630 2970 4720 
0 
1 1796 
5 1034 2162 4410 4597 4713 
3 552 847 5446 
2 212 3904 
1 3485 
1 4490 
1 4867 
1 2924 
2 3936 4282 
1 4509 
6 1222 1435 2371 3179 3485 4870 
1 1759 
2 4997 5115 
3 1720 2645 5553 
3 2566 4451 5153 
0 
4 565 2097 3721 3967 
1 3930 
5 16 498 3768 4939 5007 
2 2811 5660 
4 435 974 1911 5488 
0 
1 4790 
4 734 3141 4078 5055 
1 1645 
4 123 4242 4251 5687 
3 4260 5054 5069 
0 
2 188 4183 
3 1379 1463 2141 
2 1485 3465 
3 2558 2618 4941 
2 2142 2641 
5 1226 1263 1591 1737 2228 
1 3690 
3 588 976 2056 
3 1521 3086 5888 
5 248 2594 2604 3673 4958 
2 619 2015 
2 3602 5278 
2 632 3217 
1 2888 
3 364 4869 5613 
2 1496 5188 
2 955 3041 
4 227 3587 4344 5369 
1 1397 
0 
2 1246 5652 
2 2134 4430 
6 928 1418 1828 2805 4383 5585 
1 4850 
2 4630 4907 
3 353 3705 4016 
4 676 678 820 3320 
3 895 4885 5010 
4 970 1469 3100 5540 
0 
5 3119 3347 3726 5200 5294 
4 3448 3479 5670 5752 
5 617 763 3185 3188 3297 
3 1166 1332 2320 
3 2202 4273 4844 
2 1159 4336 
2 3843 5577 
3 426 1684 4998 
3 372 3747 5634 
2 3805 5139 
4 536 1218 3335 5684 
4 878 2088 3578 5320 
1 1164 
3 2468 3346 3833 
1 4136 
4 4101 5074 5380 5708 
5 3550 4697 5178 5505 5859 
0 
1 3731 
2 2778 3624 
1 1472 
2 4540 5834 
3 1259 3297 4197 
2 2780 4146 
2 16 1333 
5 385 788 3416 4998 5605 
1 4874 
1 2086 
3 1216 2307 5473 
2 3234 5890 
1 5302 
2 2896 3686 
0 
2 2598 5801 
0 
1 3021 
2 1553 3764 
2 1462 2573 
1 3697 
2 128 492 
1 4516 
5 2761 3443 4285 5186 5463 
1 734 
4 361 3263 4654 4722 
3 5611 5757 5849 
2 548 1088 
1 5055 
3 1011 3801 4918 
1 4062 
0 
4 598 617 3217 5858 
2 2428 3798 
4 127 1002 4033 4760 
2 44 4790 
3 1283 1327 3567 
1 4219 
3 413 1128 5214 
2 681 694 
3 3536 3978 4746 
4 140 3201 4663 5716 
4 1044 1326 1967 2419 
0 
2 3152 3771 
2 2941 5507 
4 371 1923 2565 2830 
0 
4 925 4160 4266 5392 
3 1012 4024 4093 
2 720 4699 
4 353 3212 4160 4672 
1 3018 
2 3030 3735 
0 
4 1127 1246 1262 5160 
4 56 1717 3349 5322 
2 237 339 
4 291 1474 4985 5106 
2 1189 2830 
2 2569 4121 
2 5044 5622 
1 750 
0 
1 4335 
2 839 1223 
1 4154 
2 70 3483 
5 440 1358 2825 2890 5355 
2 560 5384 
2 2163 4658 
3 1766 4321 4416 
1 3613 
3 398 1339 3092 
3 993 1183 4182 
1 2869 
1 1618 
5 2866 4465 5046 5789 5799 
4 641 3762 4596 5298 
0 
1 766 
1 5020 
8 0 1210 1778 1929 2381 4433 4501 4991 
0 
4 245 4521 5293 5658 
6 535 2094 4101 4281 4455 5239 
4 354 917 3111 4329 
3 2940 3799 4051 
1 210 
2 3545 4483 
2 3954 5042 
1 3884 
2 430 2616 
5 1430 3255 3483 4013 4788 
1 1821 
3 600 1995 4737 
3 182 1004 2792 
1 5121 
6 167 1071 2137 3113 3905 5647 
3 407 1749 4305 
2 2655 4395 
4 1185 2205 3340 4737 
3 4293 4657 4688 
3 1132 1410 3921 
4 642 2782 4261 4868 
2 3412 3443 
5 4 1015 1317 1662 3044 
2 1181 4589 
0 
3 2679 4130 4135 
1 4287 
2 940 4675 
1 588 
6 660 776 1327 2145 3567 5857 
2 265 4220 
3 1367 2895 3619 
3 181 3407 3912 
0 
5 232 233 976 1984 4791 
2 856 2696 
3 2904 3497 4903 
2 1395 3362 
2 3571 4758 
1 4352 
2 78 115 
2 714 1770 
1 1936 
2 398 3955 
3 85 1754 3277 
3 3181 3997 4101 
4 785 4446 4603 5365 
1 1888 
2 4462 5632 
1 4144 
2 1313 3352 
6 193 987 3304 3570 3863 4657 
2 1926 5438 
5 1330 2761 3403 4722 5200 
2 1763 5260 
1 4218 
2 2084 4926 
4 263 2568 4516 4772 
2 892 1210 
5 304 2641 3048 3155 5178 
2 1296 5001 
4 495 668 3106 3196 
2 917 1199 
1 5189 
4 1016 1520 1802 4645 
0 
1 491 
2 3408 5456 
2 4257 5200 
4 565 927 3168 5885 
3 2226 3570 5628 
2 947 3797 
2 766 3994 
1 3439 
3 1488 1897 4927 
1 3174 
4 481 1267 2608 4675 
2 123 2776 
3 4012 4388 5328 
2 5083 5468 
3 198 1959 5448 
1 819 
1 5534 
2 1507 4791 
5 656 1306 1415 3082 5141 
3 136 633 2006 
1 3935 
3 1198 2636 3837 
2 2341 3363 
5 376 1757 3260 4540 5623 
3 986 1433 2591 
4 4046 4187 4827 5720 
2 3825 4188 
2 3286 3766 
3 147 830 1776 
3 1310 2432 3231 
1 2324 
2 3321 3720 
3 2527 5106 5529 
2 708 2446 
5 1531 2000 2808 3624 4259 
5 1216 2961 4259 5587 5666 
2 3223 4797 
1 2405 
4 179 4706 5030 5611 
3 1579 2681 3097 
3 865 2961 4373 
3 148 853 963 
1 1836 
7 428 1330 3067 3204 3518 3697 3826 
1 4832 
1 911 
1 5771 
2 1087 2883 
1 1293 
1 1568 
3 2142 2245 2758 
0 
2 1117 5499 
4 2890 3025 5601 5864 
5 2100 3724 3968 4900 5744 
2 2560 4753 
2 5126 5277 
1 3841 
2 2347 3829 
1 2295 
3 1911 3742 3752 
1 5868 
3 741 1219 2401 
8 241 284 287 439 868 1264 4667 4899 
1 197 
1 3944 
1 3603 
4 88 323 5453 5580 
2 779 2347 
2 2928 3963 
4 451 3875 3998 4916 
2 4836 5755 
2 2546 3513 
3 3714 3759 5848 
2 536 5364 
2 365 1257 
2 2651 5546 
0 
1 2674 
2 5768 5799 
4 189 893 2478 3718 
3 1326 3799 3838 
1 2341 
1 3796 
1 1403 
2 2038 5609 
2 621 1956 
5 765 1756 3941 4548 5429 
4 940 3393 5645 5661 
4 344 2110 3982 5200 
1 5648 
3 4701 4841 5697 
3 709 4234 5516 
1 1933 
3 796 2308 4708 
1 1499 
2 2117 2779 
4 790 950 2828 4003 
3 2945 3630 4313 
0 
3 2557 4734 4755 
4 3288 3948 4388 5264 
3 221 1260 1760 
1 5756 
3 1570 3324 3401 
5 2342 2529 2913 4070 5863 
1 5481 
1 5185 
9 1652 1668 3362 3549 3812 4048 4121 5473 5704 
2 2323 5788 
1 3025 
0 
2 226 4408 
3 1784 2304 4920 
5 264 2008 2293 4333 5626 
2 2110 2612 
1 666 
3 1473 5100 5732 
3 2787 5241 5339 
2 2486 4852 
3 760 1087 3056 
2 506 3701 
2 716 5397 
2 3277 4235 
0 
3 640 3193 3420 
1 4255 
1 859 
3 3175 5217 5534 
1 111 
5 471 2688 3725 4981 5892 
0 
1 1907 
3 1170 4061 5259 
5 427 3257 3646 5063 5595 
2 2232 3726 
1 5468 
2 1221 4695 
2 366 2614 
0 
1 204 
2 1948 3535 
2 2215 4490 
1 2495 
3 1127 5337 5759 
4 1313 2575 4637 5419 
2 13 1037 
0 
5 3004 3602 3684 4298 5162 
1 466 
3 410 1854 5347 
0 
3 1015 1791 2666 
3 726 3525 4101 
0 
2 194 4176 
4 4463 5259 5655 5665 
3 1420 3440 5305 
5 1346 5369 5701 5775 5790 
2 515 5252 
6 442 2130 2505 3710 3736 3998 
4 93 628 2984 4723 
1 2910 
2 1722 5481 
0 
1 4413 
2 3022 4225 
5 83 1670 1847 2097 2136 
3 1962 3194 4632 
2 1351 1381 
3 300 4323 5822 
1 3555 
4 723 807 3794 4180 
5 1724 2937 4133 4513 4917 
1 1128 
0 
2 1403 2233 
1 103 
1 575 
5 774 1176 1507 1724 4259 
2 3414 5467 
1 3609 
7 606 1796 3075 3215 3829 4182 5406 
3 1707 1748 2892 
2 42 3817 
1 3789 
0 
4 439 1666 4012 4796 
3 1758 2286 5527 
5 394 795 1623 1782 3638 
0 
3 1178 5173 5603 
3 4367 4715 5374 
5 1093 2240 3386 3971 5418 
4 1385 3652 3906 5187 
3 1496 3215 5054 
6 820 3046 3181 3354 3521 5110 
2 471 738 
2 1708 4113 
2 1542 3601 
3 1080 1112 5139 
1 1700 
1 4268 
1 1661 
0 
5 1717 1896 3544 3675 5084 
3 1090 2090 3119 
2 3987 4775 
3 12 3514 5392 
2 386 3577 
1 4585 
1 472 
1 5632 
2 3125 5653 
1 5398 
4 508 613 1357 5181 
3 253 2194 5502 
5 1010 3536 3710 3902 4871 
2 1938 5408 
1 1698 
6 172 1955 3056 3286 4947 5503 
1 832 
4 536 2586 3162 4473 
4 524 1774 3254 3351 
3 341 1465 3054 
3 2409 2523 3963 
3 2983 4934 5374 
4 1037 1253 3346 5679 
0 
1 4847 
4 2187 3245 3919 5314 
1 5556 
6 1070 1269 3748 3827 4968 5737 
2 3023 3668 
1 3703 
3 191 4503 4694 
1 2221 
3 2233 4014 5892 
3 575 3818 4577 
1 5045 
5 1633 2547 2817 3152 5611 
4 1691 4123 4922 5769 
4 766 2144 2387 5409 
3 2632 4399 5141 
1 2391 
3 2076 3300 4119 
7 83 238 815 984 1012 2490 5492 
1 1044 
0 
0 
3 48 1919 1961 
1 2654 
0 
3 3650 3820 5187 
1 4670 
1 601 
4 151 2482 3475 5620 
4 1526 2841 3817 4411 
1 1738 
2 2244 3604 
4 700 1976 3899 4146 
2 1591 5549 
7 1695 1790 1796 2861 3874 4781 5456 
2 1605 3566 
3 1479 4298 5448 
2 1838 5643 
1 416 
0 
1 5501 
3 2360 4322 5799 
1 5379 
0 
1 2570 
3 3301 4259 5540 
3 203 389 4640 
3 2329 4265 5872 
1 3728 
2 1377 3601 
1 4912 
2 2200 5044 
3 1723 4826 5648 
2 2776 5154 
0 
2 1421 1462 
1 1718 
2 3004 3687 
0 
2 3004 4126 
3 65 361 3570 
3 2454 3827 5208 
1 4460 
4 571 1278 4833 5720 
2 2633 4477 
4 1193 3812 5862 5898 
6 1316 1569 2432 2445 5102 5219 
2 333 4464 
0 
3 352 1239 4886 
1 4765 
2 860 3089 
0 
2 620 3653 
4 3496 4257 4441 5634 
2 16 1803 
1 767 
3 544 2793 4091 
3 816 4657 5732 
1 2236 
2 3045 4329 
2 1460 5289 
1 4859 
4 2002 3435 3889 4802 
1 3439 
1 5896 
2 2165 4690 
1 5820 
1 3508 
4 1658 1950 2287 4354 
0 
7 1295 1437 3594 4008 4498 4927 5018 
1 1805 
1 5168 
1 3449 
5 899 1275 1930 3919 4433 
0 
5 365 790 2166 2798 4447 
2 1092 5096 
6 295 1681 2136 4494 5030 5145 
4 209 975 1747 4879 
2 3047 5438 
2 2463 5882 
3 940 1313 5285 
3 3638 3691 5037 
4 2122 2461 4822 5452 
2 717 5703 
3 3250 3318 5754 
4 736 980 3489 4684 
3 437 1706 4178 
2 259 5154 
1 2276 
5 389 843 1702 5026 5393 
4 1540 2201 3090 5869 
0 
1 61 
2 3570 4008 
3 1326 3590 3682 
1 1025 
2 2583 3762 
3 863 1248 3297 
4 921 2278 3033 4432 
0 
5 426 542 1149 1800 3717 
5 1609 1912 2351 3418 5669 
1 3703 
5 974 1646 2454 2589 4087 
1 129 
2 2719 5250 
2 1223 3959 
2 1057 5734 
5 72 844 1135 1190 2501 
4 2399 3001 3240 5365 
0 
0 
4 640 883 1175 5013 
3 187 1441 3439 
4 1758 1920 3452 5359 
3 562 732 1941 
0 
2 2009 2506 
3 713 1487 4506 
3 283 5822 5877 
3 545 1592 5693 
2 4657 5554 
6 378 1036 3424 3839 4681 4946 
4 2698 3152 4596 5218 
6 3586 3778 4000 4281 5160 5638 
0 
3 2641 3272 3565 
3 1675 3692 4339 
1 5019 
0 
1 991 
1 5207 
0 
6 311 1456 1958 4419 5252 5529 
1 1077 
1 1720 
1 1382 
1 2317 
1 5121 
1 1707 
3 851 3991 4157 
4 617 2605 3526 4273 
0 
3 757 879 2037 
2 347 5374 
3 1474 3012 3345 
0 
4 13 1509 3324 5149 
1 5073 
2 4358 5527 
5 2709 3012 3871 4532 5452 
1 1838 
2 1761 3505 
2 2473 3490 
2 2431 3041 
1 4643 
2 827 3191 
2 1782 4472 
2 546 2634 
3 2210 3803 5519 
3 1264 2015 3638 
4 2233 3797 4801 5022 
2 696 3713 
2 1556 3448 
2 3555 4380 
2 4746 5314 
1 5106 
2 363 5741 
2 1931 4980 
0 
1 855 
1 2303 
5 1342 2022 3181 3482 5496 
2 1190 4337 
6 1159 2013 2571 2576 3747 5389 
1 5858 
3 85 128 1623 
2 66 3057 
4 1619 1918 3259 4894 
2 1179 3980 
2 460 1329 
3 272 1314 4828 
2 3705 5129 
5 475 1988 2308 4692 5580 
2 2274 3641 
2 1075 3986 
0 
2 1470 4695 
2 1188 3347 
2 579 998 
1 317 
4 30 81 138 3570 
0 
2 1942 2097 
1 4064 
1 2126 
5 1247 1515 2762 3598 4557 
4 42 785 2697 3544 
1 3279 
3 1041 1278 4907 
0 
2 375 926 
4 1729 4084 4410 5490 
1 214 
1 2050 
2 2305 5541 
6 191 853 3563 3817 3918 4166 
1 1470 
2 146 1880 
5 156 1871 1942 1975 3994 
1 3538 
3 778 1917 3009 
4 1458 1858 4504 5670 
2 3945 4752 
2 1336 2896 
2 780 5340 
2 1983 5142 
4 521 2684 2821 2823 
5 663 1036 3202 3949 4990 
3 899 3573 5609 
1 5525 
2 604 3709 
3 2998 3112 5274 
3 703 1112 3737 
1 3522 
3 2932 2937 3996 
5 1201 1583 4247 4486 5010 
1 5117 
6 1164 1254 2038 5331 5334 5871 
2 1660 5205 
4 296 1402 3126 4442 
5 263 2173 2438 4159 4289 
2 3422 3453 
0 
2 2403 4014 
2 394 2702 
3 331 1343 2769 
3 3119 4265 4482 
3 594 2589 2646 
5 1029 3229 3455 4624 5799 
5 342 638 792 3744 3765 
1 5066 
3 151 161 3888 
2 1698 2439 
2 3572 5573 
0 
5 1982 2885 3772 3894 4364 
2 3733 5512 
3 167 178 5758 
1 669 
2 4075 4094 
1 1831 
2 3570 5508 
1 739 
3 2354 2941 4703 
1 5494 
3 1236 1678 3416 
2 2492 5240 
6 544 1291 2844 4517 4887 4918 
3 2732 3638 3647 
3 2146 2865 5058 
1 2529 
3 997 4477 5581 
2 958 3074 
5 1560 3363 3494 4058 5230 
1 4748 
2 1141 3146 
2 2760 4865 
6 2091 3659 4133 4673 5080 5148 
4 429 2656 2756 4424 
1 2964 
2 935 4713 
0 
1 1131 
4 316 3241 3835 4687 
1 533 
3 965 3649 5534 
2 1116 1216 
1 4037 
0 
3 513 2579 3230 
1 4141 
2 1474 4709 
2 948 3835 
0 
2 3604 4648 
3 587 1143 1177 
1 3050 
2 2718 3859 
0 
2 929 2247 
1 3296 
1 4553 
0 
1 5295 
2 1037 2554 
0 
4 4026 4252 4954 5155 
1 112 
5 869 2112 2346 5065 5497 
3 178 5582 5836 
2 1852 3471 
1 2835 
4 1832 2877 3846 4278 
0 
3 2459 4063 5438 
3 2197 4998 5520 
1 4117 
2 643 1878 
2 1516 4170 
6 302 707 2575 3520 4256 5826 
2 1929 5288 
4 2291 3714 5245 5277 
3 1300 1334 2366 
1 3641 
0 
2 1119 1698 
4 361 793 3823 4955 
0 
4 2531 3314 5200 5419 
2 4695 4990 
2 1114 5168 
1 1168 
2 5240 5837 
6 130 1753 2472 4097 4712 5040 
3 3009 3781 4858 
6 1558 2484 3216 3344 3730 3839 
0 
0 
2 1491 1803 
1 1074 
2 76 4865 
5 581 2368 2742 3024 5713 
4 32 124 3797 5856 
5 685 2021 3444 4559 5295 
1 58 
3 860 3526 3976 
5 205 3410 3830 3947 5166 
4 2749 5025 5346 5678 
4 436 3017 3413 5737 
1 199 
2 2087 4578 
3 521 645 4179 
4 224 3827 3841 4845 
8 203 1442 1614 2098 3586 4021 4090 4897 
2 1604 5184 
3 438 1321 1563 
4 144 2302 4851 4999 
1 1234 
6 1094 2189 3724 3951 4651 5151 
2 524 3553 
1 3874 
0 
2 680 3514 
2 2333 3391 
2 631 1007 
1 4629 
2 5513 5612 
0 
3 1063 3053 4559 
1 3693 
1 855 
1 338 
2 4425 4572 
0 
5 970 2430 2776 2910 5742 
1 4931 
4 651 3560 4131 4333 
3 2529 4776 4869 
0 
2 20 4329 
2 1370 4523 
5 695 3496 4577 5078 5815 
2 1106 1942 
3 1304 1413 3729 
1 2758 
2 39 3692 
3 1408 3197 4222 
1 1218 
0 
3 303 1438 3218 
2 2539 5345 
4 1966 2091 5483 5740 
2 556 827 
4 866 1338 4552 5006 
5 1066 1479 2190 4501 5389 
0 
4 390 1821 2545 5689 
8 70 501 1409 2036 2664 3655 4749 5448 
0 
1 5490 
2 144 1071 
3 346 2320 4416 
1 5081 
6 224 2515 2732 2959 4035 5459 
3 3914 3944 4494 
1 113 
3 1511 5303 5748 
4 1549 2370 3820 4555 
4 692 1431 1880 4493 
1 4402 
2 2370 3653 
1 1097 
2 1510 4096 
1 2943 
3 452 4821 5528 
3 1385 1658 2661 
4 2704 4318 5482 5750 
4 1349 1968 4201 5574 
2 690 2531 
2 690 3164 
3 1973 4062 5011 
0 
0 
3 2427 4100 4156 
3 3005 4088 5184 
2 2204 4300 
4 2273 2579 3303 4516 
4 46 256 351 3983 
2 1338 1783 
2 3884 5822 
3 867 4790 5046 
3 238 582 3636 
5 752 2048 3887 5113 5636 
1 641 
5 1622 2437 3687 4418 5688 
1 4447 
3 607 1871 3908 
3 2718 2731 5127 
2 490 3113 
3 2111 2350 2418 
2 256 3167 
3 1005 4512 5694 
3 3794 3997 4593 
0 
4 69 813 3894 4694 
3 2572 4092 4676 
2 4464 4483 
0 
1 4225 
1 8 
4 32 69 3315 5049 
1 3026 
2 1784 3067 
3 1212 2565 5007 
2 4778 5282 
8 14 462 688 3427 3936 4629 5406 5883 
2 1653 2397 
2 1331 4878 
2 289 4357 
2 1600 4069 
6 428 572 1905 1984 3309 4764 
4 1004 3889 4069 5205 
3 1208 2896 4425 
3 3061 4249 5636 
3 61 3297 3521 
1 1744 
3 881 1357 5155 
2 605 2766 
1 3642 
1 4921 
5 259 1410 3453 5102 5769 
8 395 1343 2086 4103 4354 4518 4752 5082 
3 647 1144 2871 
3 1315 5425 5489 
5 1647 1810 1985 3679 3843 
4 282 4055 4222 4695 
6 1536 2759 3445 4184 5295 5417 
1 2479 
1 4409 
5 500 2670 3466 5152 5269 
3 14 3575 3612 
7 97 1758 2169 2965 4069 4818 5597 
2 2559 4072 
1 769 
3 3560 3652 3923 
4 2411 3368 3856 4296 
3 423 4650 5788 
1 3341 
1 1208 
1 3962 
1 114 
2 714 4970 
5 3430 3447 3590 3735 5612 
1 5025 
5 538 1451 2913 3734 5241 
2 1030 1618 
4 823 852 1179 5872 
2 572 4576 
0 
4 2514 2659 5564 5670 
1 5784 
4 53 1837 2985 3391 
2 439 5331 
1 22 
5 343 507 3347 4594 5479 
2 1807 1855 
4 911 4947 5691 5899 
0 
3 321 2563 2756 
5 360 2010 4426 5051 5560 
4 1822 1990 2637 5750 
4 654 1345 3496 5294 
1 1034 
1 5578 
1 987 
0 
2 1871 3919 
3 865 879 4323 
2 534 3078 
6 414 2370 2390 2884 3242 5087 
1 2241 
0 
3 245 268 2781 
2 2809 4773 
3 441 526 4268 
4 485 746 3204 4224 
4 1705 1968 2521 5695 
0 
3 1213 1892 3552 
2 4333 5649 
3 1744 5362 5764 
3 3238 5612 5739 
2 760 3688 
3 106 1935 1960 
2 358 4423 
0 
1 3106 
4 767 873 3228 3577 
2 939 4544 
0 
6 1169 2871 3808 4236 5353 5392 
5 345 363 1626 2042 3327 
6 570 845 2016 2364 3464 4571 
5 5 2065 2567 3954 4392 
2 3639 5358 
0 
4 2066 2640 2934 5123 
1 5820 
2 163 5206 
4 506 1573 3319 4768 
5 583 2260 3653 4844 5602 
0 
1 4312 
2 1609 3718 
2 4573 5680 
3 721 5001 5898 
0 
2 2378 4696 
0 
0 
3 2106 2197 5095 
2 4235 4976 
3 1103 1210 2487 
2 3265 5532 
4 873 3835 3977 5635 
1 5874 
1 3113 
3 1765 1943 2932 
7 1180 1771 2381 2763 3475 4820 5249 
4 2368 2975 3282 4164 
3 1321 1409 1928 
4 2442 3629 5540 5764 
0 
2 2199 2759 
1 2520 
0 
3 1199 2732 5301 
0 
3 884 1735 4138 
3 1951 3619 5579 
3 3734 3881 5755 
3 739 4282 5687 
4 696 1446 1832 3637 
1 1847 
5 437 2507 2644 4342 5359 
7 104 2558 3051 3707 4688 5114 5855 
4 344 660 789 5878 
1 57 
1 4444 
2 539 1004 
5 1747 3263 3660 3704 5711 
0 
6 639 3868 4092 4704 4777 5007 
4 1442 2257 5712 5754 
4 2293 3506 3905 5670 
3 573 1043 1786 
0 
4 208 3700 5051 5266 
2 746 2088 
2 315 4655 
2 1797 3718 
4 238 3729 4104 5636 
1 551 
0 
1 5029 
0 
0 
1 5407 
6 19 1771 2729 4751 4876 5685 
2 1289 2275 
3 230 1316 4745 
1 3620 
3 3849 4339 4913 
3 3141 3279 4686 
3 594 3780 4830 
4 282 1571 2624 3688 
3 149 1689 2061 
1 5273 
5 385 945 4068 4227 4346 
3 928 1747 1761 
4 3 495 1179 4661 
3 234 3666 5094 
0 
7 801 1125 1935 2270 2640 5567 5821 
4 601 1596 2002 4184 
2 2523 5243 
1 870 
2 4725 4957 
2 664 2091 
1 2502 
4 377 2537 4627 4848 
3 990 5145 5475 
2 3124 4662 
5 635 1714 3926 3951 5371 
2 2491 5133 
2 466 3126 
4 1158 2097 2716 5032 
3 1070 1499 3692 
4 289 2393 3043 3577 
0 
2 2888 4238 
2 4362 4365 
4 2196 2661 4461 4709 
2 1472 1768 
2 9 3019 
2 3906 4458 
4 385 1254 2909 4391 
4 1582 4950 5170 5864 
1 4679 
3 1218 1845 3233 
2 190 4475 
2 2297 5498 
5 455 467 3270 4501 4645 
1 4436 
3 1172 3848 5766 
1 4000 
1 4856 
3 729 2847 5809 
3 117 570 813 
2 3619 5531 
2 937 1644 
4 314 2543 2848 2900 
3 1570 2693 5608 
2 4247 4752 
1 439 
4 1427 2409 2491 3889 
1 3121 
3 3254 4921 5396 
1 1307 
5 368 398 3270 5838 5840 
3 2369 2950 4893 
2 2213 2858 
2 1886 3726 
1 3850 
2 886 2901 
6 3019 3248 4002 4300 4394 5455 
0 
4 242 1760 3026 4748 
4 198 345 4398 4603 
0 
2 757 1317 
2 646 5607 
3 1699 1744 5781 
1 4995 
1 5887 
1 294 
3 417 2169 3320 
5 190 419 2340 4129 4294 
4 706 720 1564 3257 
3 1441 4694 5076 
5 4024 4212 4615 4684 5829 
1 961 
1 4117 
2 3088 5283 
1 3826 
1 2221 
1 5016 
3 2792 3346 4511 
2 1817 5285 
4 1353 3990 4429 5183 
0 
5 965 2239 2369 4071 4834 
3 303 572 5449 
3 206 1104 1149 
5 306 1115 2182 2959 5540 
6 459 1827 2453 2479 4192 4719 
0 
6 250 259 1508 2314 2320 4814 
4 1287 1384 3541 3987 
0 
2 4190 5098 
3 1255 2872 4794 
2 2940 4816 
2 4780 5169 
3 966 1489 2208 
1 4781 
3 44 3051 4042 
2 381 1528 
5 65 341 2838 3159 3289 
2 1561 2506 
2 1200 2060 
3 1698 4695 4804 
1 1932 
4 246 978 3940 4788 
1 1419 
0 
1 100 
3 2939 3640 3918 
2 3372 4092 
1 5232 
5 2852 3803 4074 4516 5524 
0 
0 
3 1371 4528 5894 
0 
2 213 2608 
3 314 2744 3140 
2 1121 4255 
2 284 860 
1 3832 
6 757 1768 2161 2579 4801 5119 
1 5570 
4 144 809 3097 5475 
2 2732 3242 
6 418 1062 3011 4310 4419 5672 
1 3648 
1 3993 
3 1627 2689 5353 
6 307 738 1403 1522 2928 3123 
1 5264 
2 1162 5868 
2 4190 4757 
4 650 754 1735 3741 
2 4761 5857 
0 
1 791 
1 1670 
4 1132 2249 2677 3961 
4 2426 2753 4742 5309 
2 3699 5516 
3 2997 4624 5670 
1 4445 
3 1545 3707 5434 
2 2040 3486 
1 1944 
4 14 2155 2230 4283 
3 946 2741 2984 
2 413 2475 
2 4014 4584 
1 4073 
4 1005 3813 4348 5312 
4 379 2644 3741 5110 
4 2066 2384 3707 5786 
5 904 985 1493 3802 3993 
5 652 756 1939 3306 3752 
3 3137 3768 5714 
2 424 1690 
4 2707 2951 3664 5324 
4 500 585 897 1723 
3 534 2267 3678 
1 5015 
0 
3 177 3154 3262 
1 3738 
4 124 3820 4175 4767 
1 2993 
0 
1 2913 
4 234 1772 2799 5890 
4 116 2422 2499 5216 
2 459 683 
3 357 3913 4168 
7 1368 2521 2540 2824 2880 2978 3039 
3 469 2508 4674 
2 3031 3599 
3 1295 3006 5627 
3 1471 3849 5476 
1 3258 
2 3778 5330 
5 2745 3315 3416 4871 5672 
2 2379 5439 
1 1012 
2 4321 5518 
2 5200 5437 
3 1298 4247 4833 
2 93 4461 
2 169 1885 
3 582 1959 5514 
4 977 2911 3131 5837 
3 451 2355 5032 
2 2228 5537 
4 449 4345 5085 5718 
3 2881 3270 4161 
4 1980 3806 5113 5516 
4 92 1733 4177 5830 
3 1128 4270 5019 
3 1131 2855 3979 
3 1457 3660 5039 
3 178 915 5248 
2 479 1398 
1 2983 
2 10 3572 
0 
4 517 2735 2813 4010 
4 2349 2684 4337 5668 
4 819 1561 2602 5190 
2 2795 3072 
2 3681 5611 
1 3847 
2 811 3724 
4 1320 3619 3676 5695 
2 2717 3770 
1 5023 
2 4039 5138 
2 3258 5598 
8 66 975 1397 1794 1825 1939 2458 3700 
1 753 
0 
2 1645 4492 
2 2251 5258 
2 1999 2024 
4 2501 3357 3437 3608 
4 726 3389 3948 5215 
2 4265 5237 
1 3764 
0 
3 1193 2387 2570 
1 5309 
1 5159 
1 1789 
1 5473 
1 3349 
3 953 2634 3680 
2 225 893 
1 5344 
3 1093 2111 3834 
1 4513 
1 5187 
5 543 561 3209 3857 3997 
7 75 215 1443 3360 4069 4461 4639 
7 637 1807 2725 2868 2947 3046 4545 
2 3322 3861 
2 3505 4957 
3 2971 3101 5130 
2 2100 3246 
0 
1 5335 
3 1906 2249 4460 
4 459 533 1252 2670 
4 1799 2066 3046 4633 
3 591 3523 4375 
5 741 1411 3063 5094 5255 
5 2186 2789 3887 4262 4496 
1 5745 
3 639 2730 3262 
5 2222 2837 3188 3328 5839 
2 4027 4826 
7 764 3175 3739 3871 3920 4336 4941 
2 2264 4867 
1 4319 
3 1747 5697 5744 
2 2164 3055 
4 2024 3368 3595 4558 
0 
1 188 
3 2131 4343 4576 
1 3555 
2 4605 5083 
3 430 1033 3399 
1 5393 
5 1391 1585 2769 3846 5463 
1 834 
2 1791 2214 
2 1252 1521 
0 
3 2206 2347 5041 
2 4258 5661 
1 2741 
4 294 3608 3913 4403 
2 1020 1708 
2 3557 5308 
3 1771 3252 4890 
4 3630 4569 4711 4945 
2 3605 4931 
1 2881 
0 
2 2684 4950 
2 178 1512 
4 67 241 1782 2399 
6 822 2821 3212 4313 4356 5353 
7 1515 2184 3310 3393 4073 4225 5039 
1 953 
3 1943 2344 5436 
5 2241 2868 4216 4723 5211 
5 279 2914 3163 3415 4833 
2 3147 3943 
2 101 3860 
4 134 1194 1885 5612 
0 
3 2406 2579 4135 
3 1073 1716 1840 
4 621 1976 3537 4088 
4 1304 3375 3613 5423 
2 124 2657 
4 291 1553 1857 4297 
2 2770 2889 
4 3368 4167 4421 5476 
3 2363 2969 5734 
1 337 
6 909 3363 3540 3550 5680 5681 
1 5782 
4 159 1986 3008 5368 
4 1621 2696 2753 4023 
3 1770 4629 5817 
1 4729 
6 635 811 1787 2949 3956 4184 
3 61 2609 3099 
2 4137 5533 
0 
4 1459 2887 5049 5763 
6 612 2616 3331 3378 3738 5083 
3 715 2114 5498 
3 2567 3918 3993 
1 2326 
3 886 2063 3809 
2 833 918 
4 511 2590 3136 3607 
2 2666 4700 
5 236 2368 2671 3450 5010 
1 1683 
2 2812 5281 
4 3161 3379 4344 4564 
4 28 1256 3113 5008 
2 2386 4587 
2 4397 5233 
4 841 1459 3034 5589 
3 3272 3358 5360 
4 1823 2286 2439 3270 
4 858 1115 2696 3894 
5 833 1400 3010 4395 4734 
2 3561 3718 
1 3655 
3 152 3940 5750 
4 204 1036 3530 3549 
2 2596 4483 
1 4401 
3 1442 3027 5003 
1 5255 
1 5835 
3 1446 2376 2961 
4 2155 2768 4744 4788 
1 4051 
2 60 4511 
0 
4 2596 3552 5449 5469 
1 3843 
3 3863 4779 5051 
2 4170 4653 
0 
3 4157 4849 5244 
2 2047 5654 
2 2609 5737 
2 1583 5168 
2 5156 5517 
3 2464 2883 5752 
1 5460 
4 608 2404 3622 4878 
4 312 1512 3027 5002 
2 1860 2563 
1 2113 
4 652 2013 2328 3553 
2 636 2053 
3 310 1662 3609 
1 2430 
3 869 3033 4173 
2 1271 5822 
3 539 742 4609 
1 4801 
4 1001 1272 2030 2252 
3 1309 2130 3916 
3 1815 2911 3576 
2 4626 4811 
2 30 3392 
1 3112 
3 1604 5257 5310 
0 
3 2068 4092 5780 
2 408 1203 
0 
3 1151 4741 4964 
3 229 1147 1252 
1 2721 
3 802 4159 4308 
1 5265 
5 80 4155 4569 5224 5426 
4 108 663 1391 3903 
6 1040 2117 2708 3220 4175 5267 
1 4402 
3 255 2619 4963 
4 437 2541 2948 3120 
1 2419 
2 2473 2617 
1 811 
2 1250 2415 
3 1003 2017 3551 
2 2946 3508 
1 5365 
4 1953 2377 4197 4659 
2 1372 3591 
2 486 1810 
4 1008 3318 4519 4828 
3 1937 3722 4475 
3 710 1021 1918 
2 1157 1857 
4 934 2644 2829 4328 
2 3548 5148 
1 2165 
3 967 5144 5666 
5 1087 2276 4596 5464 5768 
4 2720 2793 2993 4404 
4 1537 2167 2774 4883 
4 600 1423 1668 5380 
7 214 603 966 2789 3185 3562 4500 
2 108 5734 
1 4088 
4 1090 2195 3104 4298 
3 941 991 4516 
4 1212 1289 2562 3920 
4 2579 3472 4564 5680 
3 2768 2825 3130 
4 4123 5433 5580 5664 
4 1691 2594 2718 5495 
1 3124 
3 2124 2140 4940 
2 3517 4759 
3 1020 1522 2381 
4 1394 3633 4690 4798 
4 3061 3070 3342 4529 
2 5087 5892 
2 2557 5058 
3 1382 2617 4332 
3 2909 3113 4147 
2 1580 4112 
2 2593 3130 
2 2239 4900 
5 2109 2374 3252 3753 5538 
5 578 1240 4932 5093 5805 
2 4404 5147 
6 19 1504 1510 1738 3090 3668 
5 250 299 1588 3606 5550 
5 245 819 1088 3432 5558 
2 3390 3574 
3 3451 4972 5697 
2 1227 4997 
1 396 
0 
2 1069 5661 
2 2257 4931 
3 1834 3263 5426 
4 801 2031 3636 4039 
0 
1 3075 
1 3694 
4 1296 3639 4382 5599 
3 2302 4437 5095 
2 2521 3754 
4 1321 2240 2280 4130 
2 2071 4565 
1 5250 
1 4085 
6 859 1276 3370 4452 4558 5295 
1 1398 
1 5133 
2 2937 3655 
1 2208 
1 424 
2 2798 3138 
1 2606 
1 587 
2 2112 4056 
0 
2 2006 4963 
4 280 4398 4926 5210 
3 1512 3358 4771 
3 2177 4868 5371 
2 392 4234 
4 890 2109 2477 3207 
1 857 
1 2126 
4 449 3210 3650 5876 
2 3029 4872 
4 1255 2847 3239 3443 
3 39 1754 4439 
2 852 1209 
4 1007 1928 4324 5702 
5 1742 2282 4226 5494 5791 
5 696 3033 3222 3736 4407 
3 24 1446 4936 
0 
2 1780 5517 
2 651 4489 
2 2796 5300 
1 1385 
1 4189 
2 2753 5825 
3 2212 3793 5769 
4 208 298 2313 4140 
5 33 1435 1969 2484 3372 
4 2031 2730 3423 5807 
2 2180 4330 
3 1059 3214 4055 
2 261 406 
2 4097 5079 
1 4185 
2 2502 4821 
5 3569 3676 3945 4409 5246 
1 3182 
0 
3 266 3777 5395 
2 1829 5466 
5 2993 3505 3720 4022 5897 
4 2220 2766 2859 3294 
6 1593 3655 3825 4008 4510 5855 
4 718 998 2489 4266 
2 478 5857 
3 1444 3262 5770 
2 539 752 
2 4492 4714 
3 1515 1863 3411 
2 2078 5825 
2 5027 5059 
1 834 
2 2327 4214 
1 705 
1 4506 
3 4452 5143 5813 
1 4411 
3 1498 2059 2556 
5 1314 2318 3233 4429 4959 
1 4924 
1 1839 
4 46 142 1479 1645 
4 1898 3501 3740 4358 
1 2623 
4 704 721 3966 5139 
2 1631 3693 
2 2601 3182 
3 1977 3000 3913 
0 
2 3124 4092 
5 1915 2637 3620 4311 5034 
4 576 2158 3005 4935 
1 1621 
3 3136 3411 5699 
1 4686 
5 424 1567 4228 4610 5035 
2 2476 3321 
2 1068 2513 
3 548 1251 3713 
0 
3 808 4839 5083 
4 1398 1866 2254 2893 
0 
1 3535 
4 218 1758 3267 4223 
5 2605 2761 4629 4689 4854 
2 322 610 
1 4887 
3 1629 3942 5445 
2 1587 2326 
2 154 2590 
1 499 
3 2196 5051 5643 
2 58 2729 
2 594 3986 
3 844 2167 4256 
4 1488 1696 4879 5161 
1 4667 
2 3123 5622 
4 2145 2275 3342 4254 
3 438 578 2426 
4 1060 3594 5192 5219 
2 2966 4932 
1 4083 
3 575 1852 2625 
4 1807 3205 4144 5252 
1 4879 
2 1313 5706 
5 559 1333 2972 3972 4135 
5 19 541 1396 2743 3486 
1 242 
1 841 
3 862 3477 5756 
4 80 2927 4432 4741 
2 381 4946 
3 3524 3551 3720 
7 923 1977 2542 2996 4054 5277 5898 
1 1603 
5 669 3012 5263 5335 5703 
6 181 1681 2515 3220 3636 5464 
3 2606 2696 4481 
1 5052 
5 1901 2911 3433 4388 4559 
1 4742 
4 577 1803 3453 4715 
3 557 746 2633 
1 863 
2 617 857 
2 1236 4075 
2 844 5412 
5 1712 2855 2880 3920 4017 
1 19 
3 1638 3601 4459 
3 377 1328 1741 
6 1064 2548 2723 4889 5619 5794 
4 2479 4429 4689 4764 
4 140 2773 3021 3546 
1 5770 
3 388 2363 4889 
2 4008 4515 
1 2047 
0 
3 1680 5390 5682 
2 3131 5648 
3 112 1322 3918 
3 909 2019 3710 
3 97 2435 3468 
0 
2 335 3084 
3 1229 1411 3654 
2 1037 2182 
1 857 
3 1409 2113 4587 
1 53 
2 4449 5202 
2 2420 4065 
2 1963 4648 
2 136 3181 
3 31 1156 1885 
5 3065 4546 4558 4746 5845 
1 5376 
4 2139 3611 3857 5762 
2 1539 2265 
3 636 4611 5688 
3 571 3494 5080 
1 1370 
3 631 4152 5026 
3 132 4988 5755 
2 1587 2561 
0 
4 267 2232 2644 5179 
1 5417 
1 4278 
3 403 2473 3749 
2 951 4140 
1 5139 
2 640 3994 
5 653 1106 3253 3908 5545 
1 3877 
2 157 5591 
2 3051 5305 
1 1383 
1 5320 
3 100 2669 4422 
3 2416 3198 5409 
2 200 3092 
2 2084 2981 
3 816 4033 4221 
1 4659 
2 1197 1797 
1 3396 
6 693 1324 3237 3239 3259 3637 
4 79 1354 2641 4721 
3 1120 1485 3479 
2 3260 5419 
4 222 3547 3688 5566 
2 1988 3508 
3 3037 4006 4844 
1 4976 
3 959 1765 4848 
3 2127 2333 5596 
1 1590 
0 
2 1775 5403 
4 557 1114 4164 5269 
2 3981 4751 
3 500 2082 2989 
3 1077 2210 3867 
0 
3 593 2890 5506 
3 3202 3699 3822 
1 1795 
3 1833 3131 5846 
2 2087 2841 
7 1325 3223 3370 3506 3784 3947 5143 
2 1006 2435 
2 473 3037 
1 483 
4 1831 3190 4233 5069 
7 637 1493 1653 3111 3910 5451 5751 
2 2280 5649 
0 
3 881 3201 5228 
5 1488 2383 2471 2515 2689 
0 
2 3249 4837 
4 487 1580 3379 5297 
2 1631 5686 
2 2065 5462 
3 1004 1482 4458 
1 1085 
1 5709 
0 
4 1505 1700 5046 5796 
2 47 3840 
3 285 429 2734 
1 4680 
1 5393 
3 1517 5450 5476 
5 1375 3094 3470 4271 4832 
1 2295 
1 2781 
1 859 
3 2446 2644 4989 
0 
8 73 304 1263 2777 3828 4271 5057 5571 
0 
2 512 4315 
2 1994 2823 
2 768 5410 
1 5410 
2 1012 3465 
2 2495 3864 
4 390 772 3154 4869 
1 1493 
5 707 1771 2709 3055 5804 
2 4763 5702 
6 1169 1897 2495 3697 3986 4198 
1 2382 
2 812 3715 
4 58 3356 4617 5045 
1 4409 
5 962 1775 3904 4052 5333 
3 350 351 3068 
0 
3 4519 5598 5811 
2 2519 3983 
3 1505 2009 4627 
4 646 1810 2391 2796 
3 164 1111 3839 
3 120 1477 4847 
1 1464 
2 4428 5489 
1 4737 
3 1893 4044 4286 
3 982 1445 4313 
1 2452 
1 3792 
2 1844 3201 
6 245 1171 1504 1588 2927 3757 
3 408 613 1633 
9 523 1366 1973 2088 2216 3018 3790 5653 5782 
5 703 2125 2434 2437 5171 
3 843 3590 4948 
0 
0 
2 3347 4082 
5 872 951 4905 5034 5142 
4 748 1673 1752 2993 
2 1694 3704 
1 3569 
0 
3 3096 3755 5293 
2 461 1105 
2 1702 1842 
2 3772 4750 
1 254 
2 3562 3794 
2 2691 5027 
2 3592 5561 
4 107 273 826 2873 
1 3129 
2 2708 4910 
0 
3 2460 2718 5623 
1 2338 
3 3254 3402 3713 
3 2244 3911 5605 
0 
1 2561 
3 2562 4258 4421 
1 3901 
4 3488 3529 4550 4719 
4 956 1372 1958 4726 
2 3483 4236 
2 45 5138 
2 828 1780 
1 1072 
1 5155 
2 2390 3805 
2 4135 5405 
2 1194 1706 
1 5474 
3 182 1122 3195 
3 2266 4711 5168 
1 1024 
2 5230 5827 
1 5656 
0 
2 826 2105 
4 540 1210 2013 5407 
2 1012 5069 
1 5681 
3 760 2027 5041 
2 3468 5277 
2 1628 2040 
2 2258 3930 
1 1666 
3 426 3691 5187 
5 386 1396 1424 1467 1836 
4 1018 2525 4245 4466 
4 1985 2423 4539 5385 
1 2500 
2 807 4065 
2 3164 3253 
4 666 3962 5759 5839 
2 1334 3303 
4 1558 2702 3226 3688 
2 1958 3893 
3 1764 2151 3396 
5 1653 1939 2094 3953 4742 
1 1844 
2 1421 5108 
0 
2 120 2264 
2 4096 5458 
2 2628 3883 
5 37 1894 2659 3339 4708 
4 3318 4192 5642 5655 
2 29 5377 
4 690 3418 4814 5354 
0 
0 
2 4633 5309 
1 2335 
1 1893 
1 5327 
2 2302 4218 
2 1404 5304 
3 3013 3441 3582 
1 4651 
3 821 826 3241 
0 
1 2335 
1 3084 
1 2189 
3 875 3977 5567 
6 1132 2037 2662 3515 5761 5838 
4 1282 1805 3097 3973 
3 2083 2538 2838 
4 1859 3674 4188 5783 
5 2570 2571 2715 2809 4582 
2 1401 2336 
6 640 2165 2490 4667 5317 5370 
1 3650 
2 1061 1623 
1 4499 
6 105 271 906 2811 3024 3621 
4 715 2434 3921 4510 
1 5547 
2 2738 3302 
1 178 
3 112 2133 3593 
3 1472 4117 4123 
1 460 
3 2372 2928 4730 
3 1186 2125 5689 
3 1765 4329 4331 
0 
2 1136 5445 
2 3090 4050 
2 662 5838 
0 
3 2471 2911 4812 
4 1279 2318 3359 5302 
2 3543 5807 
3 236 4292 5869 
3 365 2409 4368 
3 479 4152 5193 
2 2496 4759 
5 874 1298 2193 5346 5810 
1 3018 
1 236 
3 1638 4416 5601 
2 4284 5033 
2 857 2488 
3 413 1986 3465 
2 4469 5067 
1 3263 
3 1471 3702 5760 
4 717 2684 2800 3823 
0 
5 1347 1480 1597 3203 3453 
2 1801 2235 
3 1365 4395 5545 
1 4840 
4 530 4528 5004 5843 
2 1230 2485 
1 4484 
1 4534 
2 1161 3790 
2 1975 4532 
5 797 1096 2290 3522 4652 
3 2285 3948 5353 
2 3330 5004 
4 1049 2634 3687 4153 
0 
3 307 4125 5301 
0 
2 122 769 
3 2150 3194 4407 
1 3657 
3 9 780 2007 
2 2457 3580 
2 2805 5086 
5 778 2123 2706 3295 5722 
1 3892 
1 638 
4 1073 5007 5188 5510 
4 353 406 502 1619 
2 3812 4681 
6 2021 2472 2844 3157 4275 5554 
3 723 3907 4884 
3 953 4275 5278 
1 3838 
4 497 2650 3154 3307 
2 655 4894 
2 1612 2450 
6 1 636 1160 2373 3655 5330 
2 2960 3602 
1 1016 
4 173 2914 3390 5316 
1 882 
1 1561 
5 1003 1597 1667 3362 5720 
1 3663 
3 2355 3729 5793 
3 276 3589 4419 
2 3396 5231 
1 4659 
2 3548 5015 
1 5342 
5 1006 4467 4480 4500 5228 
1 4562 
1 2509 
1 4526 
5 346 585 2853 3249 5015 
0 
1 3687 
2 1721 3236 
5 1015 1355 2936 3940 5843 
2 527 4479 
2 1926 5810 
0 
1 3419 
0 
1 3033 
3 572 2153 3419 
2 680 2068 
2 743 2728 
2 4285 4502 
5 1019 1409 2096 2248 4601 
1 5087 
2 384 1835 
2 128 5116 
2 1130 2576 
2 246 355 
2 2118 3648 
1 5057 
2 1022 4870 
2 1632 5844 
3 1461 4569 5243 
5 488 1935 2951 4881 4935 
2 798 5530 
2 1383 3861 
1 2360 
3 810 4775 5823 
3 825 2234 2301 
1 1438 
2 1356 2090 
4 2548 2637 4000 4885 
1 277 
2 384 596 
1 3424 
2 1581 3321 
2 551 4871 
2 3453 4776 
6 91 463 1726 2486 3737 4302 
1 4904 
2 3732 5032 
4 2241 3456 3880 4411 
3 897 2779 5018 
2 946 5264 
3 1145 3743 5226 
4 527 3187 3795 4615 
1 3676 
2 3817 3845 
0 
0 
4 1369 3894 4318 4947 
4 27 553 612 2648 
5 182 3256 3913 4139 4477 
3 143 2311 2989 
5 2793 3934 4398 5455 5625 
1 4795 
3 18 2701 4965 
4 22 276 1080 5077 
3 106 4934 4988 
5 1677 1912 2457 3179 4291 
3 597 4430 5321 
1 3212 
6 284 1759 2920 3522 4345 5462 
2 1044 1587 
4 1098 1541 3704 4188 
2 901 4061 
1 3312 
2 78 3056 
5 1589 3150 3240 4830 5102 
2 1618 3287 
2 406 467 
1 4150 
5 78 3477 3936 4013 4858 
5 1277 1629 2359 4417 5225 
2 390 5346 
4 444 2885 3991 4531 
2 2468 2859 
1 2247 
1 1443 
3 1837 3431 5118 
1 3862 
0 
3 674 3890 4529 
2 4762 5748 
3 1742 2838 5042 
2 698 3017 
0 
2 3366 4554 
1 3539 
2 106 2516 
2 2861 3213 
2 4734 5109 
1 4032 
5 76 496 4911 5270 5844 
5 444 1782 2324 4848 5844 
4 192 3868 3933 4597 
1 4864 
2 763 4593 
3 2148 2303 2471 
1 4788 
3 819 4464 5714 
5 313 692 1247 3423 4107 
5 1288 1737 2074 4010 4767 
2 2826 3645 
5 1618 3420 3583 3637 5522 
1 2518 
1 2692 
4 61 2831 3224 4457 
3 2463 5024 5596 
2 1742 4218 
2 634 4350 
1 5192 
2 4295 4832 
2 353 4769 
2 5036 5756 
3 322 2944 5018 
2 2758 5142 
5 210 495 1249 1460 1647 
3 3428 3809 4605 
0 
5 225 2828 3049 4409 5431 
2 1960 5336 
2 4359 4745 
3 1166 4350 5481 
2 1081 3998 
2 1068 3024 
6 832 1967 2475 3224 3742 4600 
2 2043 4306 
1 1051 
2 1096 3013 
2 876 5546 
1 408 
1 3898 
4 1794 2315 2678 5882 
5 27 974 1212 1523 4714 
4 269 1946 3616 3925 
2 154 3186 
4 1289 2863 3182 4688 
3 2101 4967 5255 
2 3650 4725 
2 397 2274 
1 2855 
4 207 1835 4264 5046 
3 1154 3820 4350 
7 1686 2468 3172 3430 4836 5361 5790 
3 1036 4368 5169 
3 828 1223 2771 
2 2999 5551 
0 
4 2905 3932 4537 5827 
1 4563 
2 1166 4731 
2 159 2319 
4 709 2150 3920 4266 
3 494 3475 3750 
4 1204 1634 3219 4820 
5 1384 2063 2077 2709 3634 
3 5453 5485 5519 
1 4017 
6 973 2408 2527 3204 3508 3824 
2 1273 3045 
2 3249 4566 
4 295 2195 3808 4143 
1 5272 
2 2470 5415 
2 2075 2198 
3 602 3158 4828 
0 
2 864 2014 
4 905 1831 4353 5194 
2 969 1225 
3 1256 3511 4304 
4 3835 4439 4640 5191 
4 0 255 570 1348 
4 659 1700 1967 4432 
3 1759 2937 4309 
1 1792 
1 4307 
2 664 1382 
0 
2 668 4506 
1 4673 
1 4219 
4 476 2389 2559 5136 
2 423 5746 
3 1882 4782 5666 
0 
1 3316 
4 388 1831 1991 3638 
4 1089 1110 2099 4037 
3 395 981 5217 
3 2623 5302 5632 
0 
5 892 1240 1904 4190 4935 
2 611 5046 
1 3171 
3 435 3079 5584 
2 4444 5673 
3 721 957 3185 
1 1387 
3 953 1924 2983 
3 3660 3868 4037 
3 3121 3146 4000 
1 551 
0 
1 4351 
1 4507 
5 1974 2185 3729 3826 5654 
1 3865 
3 1235 2086 4518 
0 
1 5842 
3 3680 3792 4379 
0 
2 1343 3320 
5 1115 1260 1737 3150 4632 
1 3332 
2 5386 5750 
2 5378 5529 
3 3275 3663 5251 
3 2774 3159 5195 
2 1142 3128 
0 
1 414 
0 
5 1315 1492 2239 4259 5555 
2 1821 4960 
3 842 3546 5291 
3 1191 1957 2746 
2 719 5504 
3 1071 3731 4030 
2 1493 2020 
2 2493 5711 
2 137 1533 
2 36 158 
1 5740 
4 86 777 3220 4454 
2 3282 5871 
0 
5 515 550 2464 2910 3816 
4 1858 2311 4452 5073 
1 63 
3 617 2165 5574 
3 4483 5049 5444 
3 1010 4369 5690 
1 2258 
3 2516 3456 4995 
1 1341 
2 3665 4475 
1 5396 
0 
2 1470 1924 
1 3774 
1 3953 
3 293 4041 4840 
1 2108 
2 1566 1980 
2 1858 4686 
3 371 3468 4402 
1 1752 
3 1529 1815 4138 
1 222 
2 123 5139 
0 
1 5154 
2 911 5526 
3 1819 4680 4771 
2 3026 3538 
1 1671 
2 2080 3779 
3 1213 3408 4145 
0 
4 3143 3233 3711 3963 
4 2362 5041 5139 5250 
2 690 5543 
2 2704 4572 
3 3647 4241 5501 
3 1216 1474 5862 
1 4854 
0 
4 19 289 1873 2681 
2 1541 4755 
3 1095 1542 3637 
3 267 2810 4529 
1 2116 
2 5031 5891 
3 843 2942 5796 
0 
2 2534 3430 
3 314 5117 5803 
2 1782 4843 
2 3072 4034 
1 5458 
3 145 1117 3264 
2 3136 4248 
4 490 1380 4310 4777 
2 2274 3755 
2 187 2411 
2 3377 5305 
1 5700 
5 469 2488 2521 2842 2908 
2 2456 5703 
6 94 258 926 3805 4066 4347 
0 
2 1020 3398 
3 242 3410 4758 
6 632 1097 1562 2427 4862 5580 
3 634 784 2080 
0 
0 
3 2599 3975 4261 
0 
5 180 367 1309 5207 5337 
5 528 917 1163 2011 2790 
0 
4 1295 1802 2437 5229 
4 296 523 3055 4538 
2 3571 5614 
4 1715 2125 2497 2546 
4 752 817 905 3223 
1 4690 
3 2166 5020 5317 
2 1954 3426 
3 93 4114 4623 
4 208 2083 2909 4328 
2 5040 5206 
1 2294 
4 2872 3468 5134 5515 
3 337 2057 5551 
5 3391 3952 4614 4824 5810 
3 1070 1570 3061 
4 2488 3363 4494 5812 
3 1966 3963 4013 
5 1870 2850 3834 4677 5453 
1 4965 
2 2970 5508 
0 
7 796 2771 3222 3467 5208 5703 5809 
8 215 2673 2974 3107 3253 3499 4938 5735 
2 3335 5899 
1 2384 
2 54 941 
2 2033 2436 
2 3725 5635 
2 2627 5681 
2 609 1468 
2 3041 5548 
3 1191 3370 5101 
2 1363 1489 
2 587 2574 
3 1622 1974 5302 
2 2630 4235 
3 282 3069 3420 
3 2073 2103 2298 
3 644 3680 4202 
2 1674 3111 
2 2311 3058 
3 127 3925 4491 
2 2728 4002 
0 
1 474 
3 2017 2185 4994 
3 2154 3483 4190 
1 2308 
4 411 2236 4070 5741 
4 1318 2411 2523 5187 
5 441 873 2258 2697 3691 
0 
2 3405 4496 
2 1574 4191 
0 
1 867 
3 331 718 3712 
1 4273 
2 4508 4791 
1 2052 
1 1010 
7 425 703 1036 1504 2636 3737 4448 
1 938 
1 4845 
4 2481 2487 4151 5292 
1 4853 
1 5446 
1 1852 
3 3787 3991 5013 
6 663 3536 4001 4228 5554 5696 
0 
1 3748 
4 1366 1637 3388 4479 
4 1351 2426 2952 4037 
4 4848 4975 5038 5526 
3 341 3052 3455 
1 3175 
1 4173 
2 3386 4083 
5 480 3000 3249 3441 5026 
2 2591 5768 
1 544 
4 2636 4638 4791 5545 
0 
2 1204 3529 
3 1108 2508 4662 
4 3832 4287 5567 5871 
1 2420 
1 3531 
3 482 1954 4440 
3 453 4134 5737 
2 3238 4013 
1 2834 
1 2175 
3 3562 4459 4847 
3 1134 1864 3327 
5 1013 2141 4470 5316 5553 
2 684 806 
5 1085 1294 2078 3881 4623 
2 2527 5209 
3 1756 3301 4949 
0 
3 1193 2743 4384 
3 3155 4394 5878 
4 575 3370 4652 5705 
2 2223 3232 
5 698 1619 1967 3754 5787 
1 3491 
2 2798 3493 
3 2104 4542 5693 
0 
1 117 
0 
2 5154 5407 
0 
7 2479 3501 3748 4456 4839 5004 5479 
3 1257 1632 2083 
3 2332 2421 3208 
5 513 2504 2553 4731 4755 
3 91 102 1551 
2 1372 4976 
5 337 1061 2174 3489 5336 
2 982 4412 
2 1103 2723 
2 2572 5720 
3 3834 5187 5794 
1 5062 
2 4824 5174 
3 2948 3518 3775 
2 1034 2847 
1 1893 
4 462 1670 3499 5447 
2 1043 5342 
0 
2 28 1569 
1 5640 
0 
1 423 
1 3779 
2 844 4281 
2 519 2079 
5 1583 2275 3485 4238 5829 
4 12 341 1926 5802 
2 213 3490 
2 41 1941 
1 3259 
4 501 1712 4926 5302 
2 3346 4512 
3 1053 3192 3912 
3 967 1661 2869 
4 239 269 2024 2237 
4 1021 4686 4800 4997 
3 498 1718 5872 
3 1245 2816 3654 
4 100 292 934 2561 
5 470 2226 2968 3808 4523 
0 
3 3392 4425 4912 
0 
3 2580 4117 4469 
3 2827 3582 3692 
1 3479 
0 
2 2607 4501 
2 4103 5793 
0 
2 3958 4788 
4 532 2022 4303 4611 
1 2627 
1 191 
2 1237 4647 
4 1013 2372 3328 4075 
3 1328 3130 4736 
4 1323 5307 5660 5849 
5 2023 2765 4148 4767 4946 
5 606 3408 4077 4451 4747 
5 310 339 1176 1787 3757 
5 153 1714 2361 5048 5101 
3 1327 3134 5069 
1 2655 
2 1621 4738 
3 3963 4635 5742 
0 
4 105 1991 3434 5646 
1 190 
4 609 1361 3112 4429 
3 2846 5652 5893 
1 5198 
3 565 1731 4938 
1 4663 
3 415 1331 5849 
2 971 4453 
4 355 3054 3118 5606 
0 
3 456 2316 3656 
4 362 2490 3882 5898 
5 233 453 2352 3155 4131 
4 154 2296 2320 4377 
5 332 1262 2753 3577 4393 
1 3888 
2 1648 5109 
2 2394 5132 
2 1551 2154 
4 795 3386 5083 5699 
3 1081 1342 5286 
2 3235 3764 
5 1469 1717 2864 3974 3984 
2 1710 1749 
4 2267 4380 5070 5785 
1 788 
3 63 734 3818 
3 1567 2255 4330 
2 2365 4388 
1 2833 
3 1220 3045 3965 
1 375 
3 4012 4016 5830 
2 1937 3679 
3 287 502 2147 
0 
4 920 1841 3448 5760 
3 2217 2965 4334 
2 1636 5140 
1 1429 
2 1991 3131 
1 377 
2 126 2599 
5 1785 2590 3842 5289 5695 
1 1344 
0 
1 2506 
2 4396 5733 
3 363 2004 4165 
0 
5 339 534 1168 2362 2986 
3 341 2227 2258 
1 2292 
3 4180 5414 5632 
1 4450 
4 1246 1555 2814 4830 
2 3390 5182 
1 1473 
3 1397 1965 5766 
4 942 2286 2606 5692 
3 1924 2077 2709 
4 25 669 2415 3045 
0 
5 168 461 1585 2649 4940 
3 101 3247 3445 
1 2777 
3 488 547 1842 
2 3937 5262 
3 1090 5555 5859 
4 2526 3880 4819 5814 
3 1831 2544 2855 
1 1215 
0 
1 1838 
6 1690 3153 3681 3855 5513 5704 
2 3844 3980 
3 1274 5139 5864 
3 2131 2762 4415 
5 475 1648 3949 4380 4550 
1 3895 
1 5008 
4 2154 4695 4861 4952 
3 472 2328 5210 
2 3831 4920 
5 1309 1982 2341 3655 5388 
1 290 
3 591 1034 5860 
2 1051 2017 
2 3680 5482 
6 973 1371 2909 3992 4847 5221 
4 1795 2756 3284 4407 
1 4161 
2 735 4773 
3 358 3425 3684 
0 
1 4938 
0 
2 2058 3084 
3 933 1646 3104 
1 5801 
2 3405 3640 
3 2347 5243 5746 
1 3936 
4 1293 1757 2039 4583 
1 910 
0 
3 1526 3796 3879 
1 3787 
4 1849 4413 4691 5117 
1 841 
4 686 1167 4495 5662 
3 2030 2768 5624 
1 379 
1 3269 
1 82 
3 73 1838 3850 
2 28 876 
3 1916 1946 4979 
3 932 4747 5138 
5 30 1724 3339 4076 4793 
0 
3 1292 1458 5804 
2 1351 4974 
2 2955 5666 
3 1985 2666 5561 
0 
2 5338 5468 
2 96 5860 
4 590 1414 2444 5005 
2 1451 1731 
1 1875 
3 1017 4045 4415 
1 4121 
4 1680 2264 3005 3107 
2 1374 2468 
1 92 
1 1758 
2 4718 5214 
2 3461 4603 
1 5628 
3 2322 3851 4824 
4 407 2375 2393 3093 
1 3134 
2 454 5377 
3 292 2530 3333 
3 455 3765 5376 
4 317 733 2251 3744 
4 524 4304 4312 4788 
4 787 1901 2142 4985 
3 635 1550 3171 
5 2328 3231 3370 4326 5066 
3 1021 3730 4937 
1 5743 
5 291 800 2365 3013 3726 
1 3198 
2 206 1603 
2 2899 4741 
2 2203 5204 
6 355 1748 3558 4348 4354 5441 
2 3474 5199 
2 5634 5718 
5 946 2291 2855 4399 4472 
2 2915 3593 
2 2467 4678 
1 564 
1 2948 
1 3610 
1 4465 
3 781 3125 3271 
7 1092 1112 2876 4044 4752 5834 5864 
4 374 2092 3928 4176 
1 5227 
5 1261 1922 1954 2276 3382 
3 2574 2863 5484 
1 4642 
4 1856 3414 3587 4397 
3 876 1975 4292 
2 3948 4165 
4 1541 2254 3953 5790 
1 4471 
1 2868 
3 2106 4747 5176 
3 2143 3595 3688 
4 171 530 3111 4682 
4 1521 3673 4211 4630 
2 2476 4441 
1 2101 
3 2447 2815 5740 
2 2775 4138 
8 379 882 1279 2463 3208 4111 4499 4551 
0 
2 1003 4850 
5 46 305 3228 3717 4600 
4 1347 5232 5265 5266 
5 2032 3287 3375 3754 3970 
2 1182 3999 
3 951 1139 5246 
2 2336 2731 
2 2333 2414 
1 423 
3 2236 4123 4376 
3 1215 3047 3837 
2 1428 3928 
2 392 881 
0 
1 4799 
2 1447 2670 
1 291 
3 1783 3086 5750 
4 409 1438 3028 5007 
1 4295 
0 
5 1171 2336 4096 4209 4851 
3 725 1890 4881 
2 862 1657 
3 1342 1788 5163 
3 2935 4597 5195 
2 427 2383 
2 190 1917 
2 3467 5730 
3 948 4414 5361 
4 257 891 3159 5841 
1 3910 
4 1464 3055 4042 5110 
2 2019 3180 
5 411 661 1696 2185 3249 
7 706 745 2549 3665 3718 3958 4876 
1 2741 
2 398 3589 
3 1247 2221 4322 
4 3297 3836 4370 5271 
1 108 
1 958 
0 
3 1188 1968 1975 
3 978 1534 5791 
3 187 3844 5829 
2 3399 3649 
3 1031 3338 3862 
3 276 1882 2862 
1 5626 
2 3488 5210 
2 2091 2135 
1 2653 
4 765 4704 4850 5532 
4 92 2830 3248 4425 
0 
0 
1 807 
4 79 2444 2568 2953 
3 29 934 5249 
2 606 4230 
4 4448 4873 5196 5470 
3 2732 3549 5080 
2 583 1630 
2 250 1984 
3 381 3210 3591 
1 3363 
1 2322 
1 4372 
4 412 3014 4646 4965 
2 2025 4436 
5 401 2011 2080 2284 3518 
0 
4 597 2483 2925 5860 
3 379 543 5296 
1 3324 
0 
0 
3 1035 2092 2592 
1 3215 
1 1576 
2 237 2969 
3 76 3641 5601 
1 1288 
2 2070 4874 
3 1163 3412 3870 
2 4684 5236 
2 765 2277 
2 1616 4540 
4 533 1736 1910 5300 
3 3611 4193 4975 
8 39 2377 2736 3942 4053 4619 4630 4933 
4 1330 1726 2271 4895 
4 392 2159 2554 2779 
6 179 994 3003 4165 4473 5207 
3 255 3933 4092 
2 3815 5899 
2 2863 3409 
2 1901 1996 
1 3845 
6 235 854 1217 3055 3813 5428 
2 555 2934 
2 625 2156 
1 3136 
3 421 1634 3257 
1 2324 
6 226 1880 2817 2874 4621 4786 
4 1266 3084 3244 4196 
1 3761 
0 
1 1311 
1 3626 
2 2441 2911 
2 758 3974 
3 2087 2684 5302 
1 5072 
2 1738 2223 
2 112 477 
3 233 251 3124 
1 900 
6 1541 2097 2857 3108 3760 4202 
2 3491 4502 
1 3425 
2 285 4160 
2 1205 1605 
1 2727 
4 745 1219 4800 5407 
2 139 1070 
1 5038 
3 1221 2051 5787 
3 220 2384 2529 
2 316 4048 
2 1526 5680 
3 844 1758 2751 
5 1170 1797 2085 4913 5356 
2 453 3477 
3 3132 3202 5301 
1 2643 
1 2409 
6 2730 2789 3635 4216 4722 4798 
2 2353 4326 
2 2533 5375 
2 2020 3603 
3 987 1078 4529 
3 225 3979 4468 
3 1362 4286 5585 
3 1897 1904 4526 
4 1521 2264 4577 5073 
2 2050 5109 
1 1677 
2 354 4860 
4 283 1358 2052 5016 
7 2368 2523 2538 2625 3106 3581 5850 
1 445 
2 1374 4032 
0 
1 5014 
3 2228 3016 3239 
5 771 1360 2018 3326 4682 
5 961 2918 4669 5142 5489 
2 2825 4694 
2 4772 5506 
3 3880 4939 5098 
2 3691 5427 
1 1788 
2 757 990 
7 511 799 1312 1438 2094 2424 4994 
1 3620 
2 397 3567 
4 103 1957 2664 4547 
1 2910 
2 2830 3979 
0 
3 1651 2259 4946 
0 
1 1415 
2 220 3792 
3 1118 2208 4430 
3 605 1060 4401 
1 5028 
4 393 4100 4350 5426 
1 4672 
3 222 3051 4204 
2 4346 5871 
2 3507 5050 
2 135 3732 
1 566 
3 303 593 5243 
1 5134 
2 3621 5838 
0 
2 2471 5278 
4 332 1990 3044 3110 
2 2654 3272 
1 1693 
4 3403 4379 4958 5235 
1 3757 
1 3099 
3 3913 5053 5680 
3 877 1325 2235 
2 3596 5768 
3 1213 3346 5107 
3 2892 3866 4630 
3 2149 4576 5481 
4 1374 2695 2920 3983 
2 758 1849 
2 1651 1990 
4 224 3649 3745 4495 
4 469 1061 1377 1467 
3 1364 3782 5768 
3 1159 2012 3617 
3 270 2669 2692 
4 1248 1696 2077 2524 
0 
5 916 1311 4924 5271 5482 
3 952 2285 3996 
3 2637 3527 4400 
3 3791 5050 5472 
5 1680 1803 3375 5050 5699 
1 3794 
0 
3 1581 3257 4082 
2 2060 4450 
2 5087 5262 
3 1355 4520 5850 
3 41 103 3395 
6 105 941 1581 3009 5302 5620 
1 340 
2 741 1455 
6 228 1541 2592 3099 3994 4212 
4 366 2349 4331 5239 
0 
2 561 1121 
3 851 3728 5533 
2 1171 3232 
2 3471 5854 
0 
2 2867 3476 
1 4877 
2 2053 2083 
1 3098 
4 1506 2089 2845 4900 
2 163 267 
3 88 4584 5591 
2 1767 4737 
5 657 1512 1707 2470 4170 
2 2368 3289 
6 2145 3081 3121 3254 3868 5855 
3 53 186 5122 
3 1657 2226 4104 
5 269 885 2282 2464 5346 
2 502 1565 
5 628 878 2231 3899 5137 
4 278 3354 4315 5184 
7 2398 4282 4548 4707 4819 5162 5274 
2 1968 3184 
4 631 1856 4246 5338 
3 2693 4058 4655 
1 595 
4 97 143 1855 4846 
2 2125 3678 
3 3536 3625 4241 
2 1950 3782 
1 547 
2 3548 5755 
1 5317 
3 23 2766 2952 
0 
3 1899 4339 4769 
3 4261 4678 5313 
0 
3 861 886 1891 
3 1081 2379 4060 
1 4417 
4 127 611 2442 5871 
1 2210 
5 259 810 890 950 3555 
1 1451 
0 
1 4244 
1 2548 
1 5691 
2 3576 4336 
4 575 2130 3015 3280 
1 1700 
2 1165 4140 
2 3015 5728 
2 3644 3996 
2 4478 4794 
3 435 2680 4669 
3 584 4983 5304 
2 1181 2654 
2 2033 3002 
1 613 
2 4349 4805 
1 5777 
2 609 3632 
1 3168 
4 3125 4288 4431 5298 
4 811 1209 1256 2686 
0 
1 5371 
3 190 1185 5892 
0 
1 350 
6 91 758 3318 3525 3687 4311 
2 283 4238 
2 2454 5688 
1 5182 
2 1378 5542 
3 32 1368 3322 
3 522 2901 3362 
1 3734 
2 4501 5077 
3 1298 3308 5846 
1 1035 
2 1407 2610 
4 2516 2896 3804 5886 
2 935 5788 
1 592 
5 196 1762 1902 3709 5703 
3 1019 2355 2694 
2 1933 4261 
5 1414 1543 3411 3882 5349 
2 2242 2246 
1 5 
5 524 1666 2728 2762 2931 
3 227 5189 5508 
3 422 4038 5002 
2 4237 5000 
1 4575 
1 2806 
2 2383 3819 
0 
3 670 737 1441 
0 
1 2455 
3 668 4219 5879 
3 717 1989 4574 
0 
2 266 4941 
2 2961 3172 
2 70 4020 
3 335 477 1419 
6 146 466 1969 2434 2744 3318 
5 548 2876 3667 4115 5869 
2 764 1141 
2 3916 5585 
4 101 3445 4606 5604 
2 629 2658 
3 2750 5425 5777 
0 
2 1519 2026 
0 
1 301 
2 523 4081 
1 5711 
1 4198 
3 1936 2718 3233 
5 731 3385 4208 4786 5174 
1 2754 
2 2778 4062 
3 4127 4128 5833 
1 5818 
5 56 1780 4007 5736 5862 
3 618 961 1764 
4 358 528 1955 4910 
1 4521 
2 1570 5520 
6 324 591 1131 1318 3254 4049 
3 2208 2278 2729 
5 1346 2214 2681 3106 4072 
0 
4 149 826 1537 5559 
0 
2 1253 3700 
1 5734 
3 1247 3251 5398 
4 2064 3792 3856 5228 
1 5211 
2 5148 5852 
2 322 2623 
0 
1 4477 
1 741 
2 1373 3828 
4 562 954 2128 3540 
1 1620 
1 3690 
2 2086 3581 
4 239 2522 2865 3092 
3 1128 1695 3578 
2 466 693 
1 5015 
0 
1 1959 
2 1136 4600 
2 3966 4277 
2 2312 4739 
4 711 715 1404 4804 
5 679 1634 2550 2800 3175 
4 2263 3480 3752 5762 
3 433 618 4116 
1 4097 
2 2869 2937 
3 2603 4514 4690 
4 226 1443 1471 5894 
4 1906 2094 3453 4411 
6 213 402 878 987 2537 2798 
2 1556 2163 
5 441 1398 1828 4233 4649 
1 3181 
2 1650 3763 
1 2055 
3 4106 4419 5475 
3 2032 2409 3668 
2 3816 3997 
0 
1 3917 
2 1424 2716 
4 1519 2549 2672 4983 
1 3752 
1 5109 
0 
3 446 1301 5265 
4 1206 2396 2644 3628 
2 805 4200 
3 3409 3520 5462 
3 3574 3704 4116 
0 
0 
3 2110 3282 4788 
2 881 1058 
5 132 2642 2699 4480 5251 
5 1728 1873 3194 4945 5262 
1 3169 
1 5030 
2 4514 5576 
0 
1 2235 
1 2330 
5 1148 1452 3251 4150 5207 
5 1225 1390 1708 2989 3177 
0 
2 269 2782 
1 2064 
6 60 119 549 3042 3893 5899 
2 1550 3829 
2 2959 5888 
3 247 768 3086 
5 713 1111 1855 3429 3719 
2 1005 2588 
1 5541 
3 2284 2804 4633 
1 2752 
1 2756 
2 2043 4586 
2 2284 2384 
3 631 4087 5209 
1 2431 
5 181 441 3039 4692 5375 
2 600 1552 
2 1897 4326 
1 444 
3 333 2095 3034 
3 879 3144 4931 
3 155 1259 3585 
2 1442 4684 
4 992 2628 3537 3591 
3 749 3761 3897 
1 3580 
2 2946 4514 
4 794 3093 5416 5880 
2 1835 5841 
4 284 1034 1120 4461 
2 590 1232 
4 822 1418 1457 3508 
2 3007 5759 
4 1259 1375 4622 4747 
2 2724 2936 
2 1419 3192 
4 1517 2568 2920 4575 
1 4381 
1 3437 
2 3341 5101 
3 3715 5281 5848 
6 1778 1869 1876 2552 2664 3063 
2 384 1866 
4 334 1697 1719 2291 
2 1817 3588 
1 3843 
3 871 1561 5548 
6 958 1979 2366 2809 3349 3482 
3 1710 2992 5500 
1 5357 
2 798 4631 
2 49 5841 
4 1649 4055 4302 4755 
2 2612 4487 
1 4267 
2 4703 5539 
1 2797 
2 57 3847 
3 4504 4685 5780 
0 
2 2323 4769 
4 2087 2908 4329 4742 
2 4582 4925 
1 2767 
1 148 
2 1862 3848 
2 365 5421 
1 3287 
3 2229 4177 4981 
0 
1 1008 
4 1918 2092 2249 3277 
0 
2 1209 4073 
4 2087 3401 4254 4759 
1 2248 
1 264 
1 3519 
2 1449 4123 
3 74 124 418 
4 1060 1106 1167 3031 
3 1994 3195 4599 
0 
4 654 663 2027 5485 
3 489 2374 5618 
3 1876 3291 5816 
2 734 3357 
5 1469 2603 2970 3828 4663 
1 3049 
2 1489 3087 
0 
1 4553 
4 873 2360 5193 5395 
3 923 1855 5807 
1 2571 
1 351 
3 355 1228 3733 
1 492 
4 549 4057 5291 5748 
1 422 
1 1204 
0 
3 761 1232 2670 
2 4078 4465 
4 50 1647 1917 3259 
2 3612 4143 
3 1020 1058 3861 
4 322 623 1541 1868 
5 581 870 2589 4291 5130 
4 146 584 2025 3328 
2 1890 2727 
1 5396 
2 2393 4185 
2 240 4865 
3 455 2204 3459 
3 479 3440 5712 
3 1401 2621 3006 
2 427 1534 
4 2412 2574 2776 3605 
6 279 941 3144 3270 3309 3695 
2 903 2352 
4 1420 1591 1989 4674 
1 2051 
2 815 1597 
0 
3 1368 1967 5577 
1 4012 
3 875 2792 5274 
0 
3 1043 2447 3976 
2 2559 4182 
1 4968 
1 4411 
2 2650 5097 
1 3573 
3 2098 2540 4996 
1 1838 
2 2131 5662 
1 1804 
6 491 1923 2518 2748 4548 4910 
0 
3 2376 2838 5017 
4 1377 2132 3342 4700 
5 205 389 3210 3241 3379 
2 95 2109 
1 2911 
1 1328 
2 954 4808 
0 
3 236 556 4236 
3 1139 2801 3970 
1 5716 
1 2624 
1 4856 
1 2484 
4 626 2626 2816 4021 
2 3307 4098 
5 100 519 1543 2237 5768 
0 
2 2358 4859 
2 2749 4159 
5 123 1022 1838 3758 4564 
2 2692 4236 
3 271 630 4205 
0 
3 787 1984 2470 
0 
2 2329 4846 
3 2624 3674 3854 
2 4967 5630 
0 
2 1207 3828 
4 1470 1884 2692 5795 
4 2571 3815 4542 4980 
4 292 1527 2204 5781 
2 1159 3602 
2 2299 2888 
7 103 726 2369 2999 3277 3372 3538 
3 520 645 787 
3 1269 3522 3577 
1 4554 
1 1913 
0 
1 2096 
0 
2 377 3125 
2 772 2763 
9 189 1003 1122 2110 3332 3707 3826 5180 5246 
3 3707 4210 4701 
1 4020 
1 84 
3 328 1212 2378 
2 145 3386 
2 827 4105 
5 1293 1373 1986 2335 3359 
3 3212 4041 5355 
3 1554 3174 4274 
4 495 1772 2047 4601 
2 3284 5329 
1 4916 
3 11 2907 4782 
1 3219 
3 3304 3608 4900 
1 4742 
3 2627 3658 3850 
0 
5 562 1772 3951 4876 5266 
2 4656 5851 
2 1452 2694 
2 3892 4134 
5 2870 3996 4658 4694 5368 
3 1415 2644 4931 
1 4777 
2 554 3985 
2 754 1930 
1 2383 
3 977 1447 4109 
1 1668 
6 408 2125 2227 3368 4589 5404 
2 3371 5608 
1 3119 
3 1481 3553 4457 
0 
4 623 869 2427 5644 
0 
3 3589 5017 5897 
0 
4 2561 2827 4342 4797 
1 506 
1 4323 
0 
1 342 
1 375 
1 1248 
1 689 
1 5334 
0 
1 5076 
2 1194 1790 
4 158 361 2653 2842 
4 69 1458 2226 4904 
7 1023 1889 2106 2894 3705 3821 5424 
1 4695 
1 5412 
4 2768 3126 3759 4763 
0 
3 1471 1779 3309 
3 3169 4592 5044 
2 2954 4721 
2 3152 4854 
1 5009 
2 2590 3658 
1 3651 
5 1292 1973 2119 4541 4958 
1 841 
3 3184 4440 5591 
0 
5 3194 3288 3740 4574 5065 
1 4097 
2 2369 3762 
1 1931 
4 1787 2224 2871 3371 
5 1960 2607 3358 4045 5312 
5 133 1402 2639 3990 4471 
2 1667 2412 
3 190 659 3035 
4 607 2680 4223 5525 
2 4297 4893 
2 1027 4255 
3 874 4039 5449 
2 3717 5794 
2 3308 3349 
2 707 1980 
4 230 1406 3432 4915 
0 
7 1958 2615 3816 4753 5248 5257 5650 
3 2777 3248 3903 
3 2100 3923 4015 
3 1341 1728 2582 
1 777 
0 
0 
2 2076 2694 
0 
4 509 1784 5343 5398 
0 
0 
3 466 3784 5551 
5 388 805 1320 3460 5667 
2 3708 4159 
1 4258 
2 2266 3278 
2 791 4881 
1 3550 
3 1786 4779 5177 
4 614 2645 3264 5366 
1 2463 
3 2694 4501 5035 
3 1521 3893 5092 
0 
2 4344 4837 
4 216 4012 4798 5763 
2 436 5665 
4 119 729 4111 4643 
0 
1 1880 
4 2463 2615 2805 3026 
0 
5 92 805 2401 4956 5835 
1 4815 
2 51 4646 
3 881 4133 4978 
1 3844 
0 
4 913 3906 4283 5586 
2 177 1931 
3 607 3435 4694 
3 4288 4360 4686 
1 4143 
1 4688 
2 3933 5823 
2 970 4926 
1 3159 
1 5578 
2 1049 3711 
4 785 824 1622 5411 
0 
3 1598 2851 3325 
2 1861 3401 
5 1814 2706 2906 3207 3773 
2 4384 5813 
0 
3 923 3902 3927 
4 366 510 2110 3097 
3 794 4204 4506 
0 
3 3468 4814 5093 
3 1779 3592 4889 
2 1524 1968 
0 
1 5410 
3 2126 2389 5026 
3 1271 3746 5801 
2 826 3087 
6 92 166 1503 1666 3110 3586 
4 3447 4255 4279 5237 
2 3653 4223 
1 3447 
3 5078 5521 5544 
1 4568 
3 1802 4304 4358 
5 289 2243 4378 4450 4451 
1 4037 
5 180 630 1138 4090 5362 
0 
3 910 2609 5533 
6 693 1453 2248 2412 4846 4863 
3 1365 5200 5272 
2 965 5700 
1 5428 
1 404 
1 5283 
5 116 3363 3920 5295 5873 
1 3120 
8 210 1767 2041 2157 2242 2499 3531 3922 
2 2418 2962 
4 159 270 2384 4925 
3 4943 4984 5121 
1 951 
3 2829 4634 5412 
2 655 2641 
5 1341 2589 3425 4933 5026 
0 
1 1637 
2 833 1226 
3 2597 3528 5888 
3 2877 4284 5393 
2 427 2192 
6 1516 3015 4594 4759 5231 5322 
3 2811 3274 4825 
2 1191 5855 
2 1284 3343 
1 786 
1 3887 
2 2906 5885 
2 3364 4776 
3 62 755 5385 
4 518 1177 1575 5520 
0 
3 1495 2866 4490 
2 881 3233 
2 1500 2111 
2 2539 5877 
4 516 1547 2072 5365 
3 530 1923 3462 
5 518 2111 2346 5496 5868 
2 1328 1493 
2 2397 3566 
1 4642 
6 201 1733 2666 2773 3836 5350 
1 4859 
3 1184 3511 5454 
0 
2 531 2849 
3 747 3918 5718 
5 1874 2829 3333 3994 4868 
6 1456 1736 3284 4696 5144 5494 
3 1 1 2 1 1 2 1 2 1 1 1 2 1 2 1 2 1 3 2 3 1 2 2 1 1 1 1 2 2 2 2 1 2 1 1 1 2 1 2 1 3 4 1 3 2 2 3 2 1 1 1 1 3 2 1 2 1 2 2 2 3 1 1 1 3 1 1 1 1 2 1 1 1 2 1 2 1 2 2 1 1 1 1 1 2 1 1 2 2 2 3 3 2 2 1 1 3 1 1 4 3 1 1 2 3 2 1 2 1 3 1 2 2 1 1 3 2 2 3 4 1 2 1 2 2 3 1 3 1 2 1 3 1 2 2 1 3 2 2 2 1 2 3 2 3 1 2 1 1 2 3 1 1 1 2 2 2 1 2 1 2 1 1 2 1 1 1 1 2 1 1 1 2 1 1 1 1 3 2 1 3 3 1 1 1 2 2 3 1 1 2 1 2 3 1 3 2 1 2 2 1 1 1 3 1 3 1 2 1 1 1 2 2 2 1 2 1 1 1 2 1 4 1 1 4 1 1 3 2 1 1 1 3 2 1 4 2 2 1 1 1 1 1 1 4 2 2 2 1 1 2 3 3 2 3 1 1 1 3 1 1 2 1 2 2 3 2 3 1 1 3 1 1 2 1 2 2 1 1 1 1 2 1 1 2 1 1 1 2 1 2 1 2 1 1 3 1 1 1 2 1 2 3 1 2 1 1 1 1 2 1 1 3 2 1 1 2 2 1 2 3 2 2 1 2 2 1 2 2 2 1 2 1 1 1 1 1 1 1 2 2 2 2 4 1 1 3 2 1 1 4 2 3 3 3 2 1 3 1 1 1 1 2 2 3 2 3 1 1 2 2 1 1 2 1 2 3 1 3 1 2 1 1 2 2 2 1 3 3 2 1 1 1 2 1 2 1 3 2 1 1 2 1 1 1 2 1 3 1 1 2 1 1 2 1 2 1 2 1 1 2 1 3 3 1 2 3 1 2 1 1 2 2 1 4 2 1 2 1 1 1 1 1 1 2 2 1 1 1 1 3 2 3 1 2 1 1 1 4 2 1 2 2 1 1 2 1 1 3 2 3 3 2 2 2 1 2 2 1 1 1 1 1 1 1 1 1 1 1 3 2 1 2 2 2 2 1 4 2 1 2 3 1 1 1 1 1 1 1 1 1 2 1 1 3 1 2 3 2 1 1 2 2 1 1 1 3 1 2 1 1 1 2 3 3 1 1 1 2 1 1 1 1 2 2 2 1 1 3 2 3 2 1 1 1 3 2 1 1 1 3 3 1 1 3 3 1 1 1 1 1 2 1 1 3 1 2 1 2 1 1 1 1 1 1 2 3 2 1 3 3 2 3 3 1 2 1 1 1 3 3 1 2 1 1 2 1 1 1 1 2 1 1 1 1 1 1 2 4 1 2 1 2 1 2 1 1 3 2 3 2 2 1 1 1 2 1 1 1 3 3 2 2 2 1 3 3 2 2 1 2 1 1 3 1 1 2 1 2 2 2 1 2 1 1 2 1 1 1 2 1 1 1 2 1 1 1 1 1 2 1 2 1 2 1 1 1 1 1 2 1 3 1 1 1 3 1 2 1 2 1 2 1 3 2 2 3 2 1 2 2 1 3 2 1 1 3 3 2 2 3 1 2 1 2 1 1 1 1 1 1 2 4 3 2 2 2 3 3 4 1 2 1 1 2 2 2 1 2 1 1 2 2 1 1 1 3 2 1 2 2 2 3 3 3 3 1 2 2 1 1 2 2 2 1 1 1 2 3 1 2 1 1 1 1 2 1 1 2 3 3 1 3 2 2 1 1 2 1 1 2 1 1 2 2 2 3 1 1 2 2 1 1 1 2 1 3 3 2 3 1 2 1 2 2 3 1 1 1 2 1 2 1 2 2 1 1 1 1 1 3 1 4 2 1 3 3 1 1 2 3 3 1 1 3 2 2 2 2 1 1 3 3 2 2 2 1 1 2 3 2 3 3 2 2 4 1 3 3 1 3 1 2 1 1 1 2 1 1 2 1 2 1 1 1 1 2 3 3 2 1 1 1 2 2 1 2 2 1 2 3 1 1 1 1 1 1 1 3 1 2 1 2 1 2 1 2 2 2 1 1 1 2 3 1 1 1 2 2 3 2 1 1 1 2 1 2 1 1 2 3 3 2 1 2 2 2 3 1 1 2 3 1 2 2 2 2 1 1 2 1 1 1 1 1 3 2 1 1 2 2 1 1 1 3 2 2 1 1 1 1 2 1 1 1 1 1 3 1 2 1 1 2 2 2 3 1 1 1 1 1 2 3 2 2 2 2 3 2 1 2 1 3 2 2 1 1 1 3 2 2 1 1 1 1 5 3 1 2 1 1 1 1 1 4 1 2 1 2 1 3 2 1 2 1 1 2 1 2 1 2 1 1 2 2 3 1 1 1 3 3 2 2 2 2 1 2 2 1 3 3 1 2 1 3 3 4 2 2 2 1 3 1 1 1 1 2 1 1 1 1 1 2 1 1 3 1 3 3 2 2 1 1 2 2 2 3 2 2 3 1 2 1 1 1 1 4 3 2 1 2 1 1 1 1 2 1 1 1 2 2 1 1 2 1 1 2 1 1 1 1 2 2 2 1 2 1 2 1 1 1 2 1 1 2 1 1 3 3 2 3 1 1 2 2 4 3 4 3 2 2 1 2 1 1 2 1 2 1 2 3 1 2 3 2 1 2 1 2 1 2 1 1 1 1 3 1 3 2 3 1 3 2 1 1 2 2 4 1 1 3 2 1 2 1 3 1 1 1 2 2 2 1 2 2 3 3 4 2 1 1 1 2 2 3 2 1 1 4 3 1 2 1 2 1 4 3 1 3 1 1 2 1 1 1 1 1 1 3 1 3 1 1 2 3 1 1 1 1 1 2 1 1 1 1 1 2 1 2 1 2 2 2 3 2 2 1 2 1 1 1 1 1 3 1 1 2 1 1 1 3 1 2 1 2 1 1 1 1 2 3 2 1 1 1 2 1 3 2 4 1 1 1 2 1 1 1 2 1 1 2 1 3 3 3 2 4 1 1 1 2 1 1 3 1 2 3 3 1 1 1 3 1 1 3 2 3 1 2 3 1 2 2 2 1 2 3 2 1 2 2 1 1 3 1 1 2 3 1 1 2 1 1 1 1 1 3 3 1 1 3 4 1 2 1 1 2 3 3 1 2 1 2 1 3 1 1 2 1 2 1 1 4 2 1 2 1 3 2 2 2 1 1 2 2 1 1 1 3 1 5 3 2 2 1 3 1 1 2 1 3 1 3 1 3 1 3 2 1 1 1 1 1 2 1 1 2 1 2 2 1 2 2 2 1 1 1 2 2 2 1 2 1 1 2 2 1 1 4 1 2 2 2 1 1 3 1 1 2 1 1 1 1 4 2 1 2 1 1 2 2 3 1 2 1 1 1 1 1 2 2 1 1 1 1 1 1 2 1 1 1 1 1 3 1 1 2 1 2 1 4 1 1 1 1 1 1 1 1 4 1 2 1 1 1 1 1 2 1 1 2 2 2 1 2 4 3 1 2 1 2 2 1 1 2 1 1 1 1 1 2 2 2 2 1 1 3 3 1 1 2 2 2 1 1 1 2 1 1 1 1 1 1 3 3 1 2 2 1 2 1 2 2 1 1 2 2 3 2 3 2 1 2 2 1 1 1 1 3 3 2 1 1 3 1 2 2 1 1 2 1 1 1 1 2 2 2 2 2 1 2 1 2 2 1 1 1 2 2 1 2 1 1 1 2 3 2 1 1 3 2 3 1 2 1 1 1 3 1 3 1 1 2 2 2 1 2 1 1 2 1 1 1 3 2 2 1 2 1 2 1 3 1 1 1 1 2 1 1 2 1 1 2 2 2 1 2 1 1 2 2 2 1 4 2 3 1 1 1 1 1 1 4 1 1 1 2 2 1 1 1 2 1 3 2 2 4 1 1 1 1 3 3 2 1 3 2 1 3 1 3 1 1 2 3 2 1 2 1 3 3 2 1 1 1 2 2 1 3 1 2 3 2 3 1 1 1 3 4 2 2 2 1 1 3 2 2 1 3 2 2 2 3 3 1 2 3 1 1 3 1 1 1 1 3 1 2 1 1 1 1 2 3 1 1 1 2 3 3 1 2 1 1 2 1 2 1 1 1 1 1 3 1 2 1 1 3 2 1 2 2 2 1 3 1 1 3 2 1 1 1 1 1 1 1 2 2 3 1 1 1 3 2 2 3 2 3 2 1 3 2 2 1 2 2 2 1 1 1 2 1 2 2 1 1 1 2 3 1 1 2 1 1 2 1 2 1 1 2 1 3 1 2 1 1 1 1 2 1 2 1 1 2 2 1 3 1 1 1 1 2 3 1 1 2 2 2 1 3 1 2 2 1 1 2 1 1 1 2 2 1 1 2 2 1 2 1 2 1 2 1 1 2 2 2 2 2 1 2 1 2 1 2 4 4 2 2 1 2 3 4 2 1 1 2 2 1 2 2 2 2 1 2 2 1 2 1 1 3 1 1 3 2 1 1 2 1 1 4 1 1 1 1 2 1 1 4 2 2 2 1 1 1 3 2 2 2 1 1 1 2 3 2 1 1 2 1 1 2 3 1 1 2 2 1 1 1 1 1 1 1 3 2 2 1 2 1 2 1 2 3 1 1 2 1 3 2 3 1 2 1 1 1 2 3 3 2 1 2 1 1 1 4 1 1 3 2 3 1 2 2 1 1 2 1 2 4 3 2 1 3 1 1 3 2 1 1 2 1 2 1 2 3 1 3 2 2 2 1 1 1 1 1 1 4 2 1 1 1 4 1 1 2 1 1 1 1 1 1 1 1 2 2 2 2 2 1 1 2 1 2 2 2 4 1 2 1 1 1 1 2 1 1 1 2 4 2 1 3 1 1 1 1 1 2 2 1 2 1 1 1 2 1 1 2 1 1 3 2 2 1 3 1 3 1 2 3 3 1 2 1 2 1 1 1 1 2 2 1 2 1 1 2 3 3 1 1 1 1 2 2 3 2 1 1 2 3 1 2 1 1 2 1 2 2 2 4 2 2 3 2 3 3 1 1 2 3 2 2 3 2 3 1 2 1 1 2 3 2 1 1 2 1 2 2 1 2 2 1 2 1 1 2 4 1 1 2 2 1 3 2 1 1 3 1 1 2 1 1 1 1 2 1 2 3 3 1 1 3 2 2 2 1 2 1 3 2 3 1 1 2 1 1 1 1 1 2 1 2 1 1 1 3 2 1 2 2 3 2 2 1 1 1 1 2 3 1 2 2 1 3 1 4 1 1 1 1 2 1 1 1 1 2 1 2 1 1 3 3 1 1 1 1 2 2 4 1 1 2 4 2 3 2 1 1 2 2 3 1 2 1 2 3 2 1 1 2 1 1 4 1 3 3 1 1 1 1 1 3 1 3 1 1 3 2 1 2 1 2 1 3 3 3 1 2 2 1 3 1 2 1 2 2 2 2 2 1 3 1 2 2 1 1 1 3 1 4 1 3 1 1 1 3 1 2 2 3 2 1 1 2 1 1 4 2 2 1 1 2 3 1 1 1 2 1 1 2 4 1 3 1 2 3 2 3 1 1 2 1 2 2 1 1 2 2 2 2 1 2 1 1 3 1 1 2 1 2 1 3 1 1 1 1 2 1 2 3 1 2 3 1 1 1 1 1 2 2 2 2 3 1 1 1 2 1 2 3 1 4 1 4 3 2 1 1 1 1 1 1 1 1 2 2 3 1 2 2 1 3 3 1 1 1 2 3 1 2 2 1 3 1 2 1 1 2 1 2 1 1 3 3 3 1 3 2 1 2 1 3 1 1 1 1 1 2 3 1 2 1 3 2 1 1 3 1 1 1 2 2 1 1 1 1 2 1 1 1 3 2 2 1 2 1 1 1 3 3 1 2 2 3 1 2 2 3 1 2 2 2 2 1 1 4 2 1 1 1 2 1 3 2 1 2 3 1 1 1 2 1 3 1 1 1 2 1 3 2 2 1 1 1 1 1 1 2 2 1 2 3 2 1 1 1 3 1 1 2 1 1 3 3 2 1 3 1 2 1 1 3 1 2 1 3 3 2 3 1 1 1 1 2 2 2 2 1 1 1 1 2 1 1 2 2 1 1 2 2 3 3 1 1 1 2 2 1 1 2 1 2 2 2 2 1 2 2 2 1 1 1 1 3 1 2 1 1 1 1 1 3 2 2 1 3 2 1 3 1 2 3 3 3 1 2 1 1 3 1 2 1 2 1 1 2 4 1 3 2 1 2 2 1 3 2 1 1 3 1 1 1 1 1 2 2 1 3 1 1 1 2 1 3 1 1 2 2 2 1 1 3 2 1 2 2 1 3 2 1 1 2 2 1 1 3 2 2 1 2 2 1 3 2 1 1 1 2 1 2 2 1 2 1 3 1 2 3 1 1 2 1 1 1 1 1 1 3 2 1 2 2 1 2 2 2 2 1 2 1 2 2 1 2 1 3 1 2 1 3 1 1 1 1 1 2 2 1 1 3 2 2 3 2 1 2 1 3 1 1 1 1 3 3 1 1 1 2 3 1 1 4 2 3 1 1 3 2 1 2 1 1 3 1 1 2 1 1 1 1 3 1 2 1 1 1 3 1 2 1 2 2 2 1 1 2 2 1 1 2 3 1 2 1 2 1 3 3 1 1 2 2 1 4 2 1 2 1 1 1 2 1 1 1 1 1 1 1 1 1 3 1 1 1 1 2 3 1 3 1 2 2 1 2 2 3 1 2 3 1 3 1 1 2 2 2 2 3 1 2 2 2 3 1 2 1 1 3 2 2 2 1 1 2 1 2 1 2 2 3 1 1 1 1 1 3 1 2 2 3 1 1 1 2 2 2 2 1 1 3 1 2 1 2 1 1 2 3 1 1 2 1 1 3 1 1 1 1 1 2 1 1 2 1 1 2 2 2 1 1 2 1 1 2 1 1 3 1 3 2 1 1 2 1 3 1 1 1 2 1 2 3 3 1 1 1 2 1 3 3 1 1 3 1 1 1 1 1 1 1 3 2 3 2 1 3 2 2 3 1 1 2 3 2 2 1 1 1 3 2 1 1 1 2 3 1 2 1 2 1 1 2 1 1 1 1 1 3 1 1 1 3 1 1 1 1 2 1 1 2 2 1 2 1 1 1 3 4 1 1 1 2 1 3 3 1 1 2 1 1 2 1 1 1 1 3 1 2 1 1 3 1 1 2 2 2 1 3 1 1 2 3 3 1 2 2 2 1 2 2 3 3 1 1 3 2 2 1 2 1 2 1 1 1 2 4 3 2 1 2 3 1 2 1 2 1 1 2 1 1 2 2 1 1 1 3 2 2 1 3 1 2 3 1 3 2 1 1 1 1 2 1 1 2 2 1 2 3 1 2 1 2 2 1 3 2 1 1 2 3 3 2 2 1 1 1 2 1 1 1 1 1 2 1 3 3 2 1 1 1 1 1 1 1 1 1 1 4 1 1 4 3 3 3 3 1 2 1 2 4 2 1 1 2 1 1 1 2 1 1 2 1 1 2 1 1 2 2 4 2 2 3 1 2 1 1 1 1 2 3 2 2 2 1 2 1 1 2 2 1 3 1 5 4 2 2 1 1 1 2 1 1 1 1 1 1 1 1 4 3 2 1 2 1 2 1 2 1 1 1 1 3 1 4 2 2 1 2 3 2 2 2 1 3 2 1 1 1 1 1 1 2 3 1 2 1 3 1 2 2 2 2 3 1 2 2 2 2 3 3 2 1 2 1 2 3 1 1 1 2 1 1 1 1 2 3 1 3 2 1 2 1 2 1 1 2 2 2 4 2 3 1 1 2 1 1 2 3 1 2 1 3 1 2 3 3 1 2 1 1 1 2 1 2 1 1 1 1 1 1 3 3 1 3 2 1 1 1 1 2 3 1 1 2 1 1 3 3 2 1 1 1 3 1 3 2 1 2 2 1 1 1 3 1 1 1 1 3 1 2 2 2 3 2 2 3 2 2 3 1 3 1 1 1 2 1 1 2 3 1 1 1 2 1 4 1 1 2 1 1 2 2 4 2 2 3 2 2 2 2 2 1 2 1 1 3 1 2 1 1 2 2 3 2 1 2 1 2 2 2 1 3 1 1 2 3 2 1 1 1 1 1 1 1 3 2 1 1 1 1 1 2 2 1 1 1 1 1 2 1 1 1 1 2 1 2 1 1 2 3 4 1 2 2 2 1 2 1 1 2 1 3 3 1 4 1 2 2 1 2 2 2 4 1 1 2 1 2 2 1 3 1 1 1 1 2 2 1 2 2 2 2 2 2 2 1 1 1 2 3 2 1 2 3 2 2 1 1 1 2 3 3 4 1 4 1 1 2 2 2 2 1 1 2 1 3 1 1 1 2 4 2 1 1 2 2 2 1 2 1 1 2 3 2 2 2 1 2 1 2 2 1 3 2 2 1 1 1 1 1 3 1 3 1 3 1 3 1 1 4 3 1 1 1 3 1 2 2 2 1 2 1 3 1 1 1 1 1 2 3 1 3 1 2 1 1 2 2 1 2 1 2 3 2 2 1 3 1 1 2 2 1 1 1 3 2 1 1 1 2 2 1 1 2 2 1 1 3 2 4 1 2 3 1 2 3 3 4 2 1 4 2 1 2 2 2 3 4 1 1 2 2 2 2 1 2 2 2 1 2 1 1 3 3 1 1 2 1 3 1 1 1 2 3 3 2 2 2 1 1 3 1 1 3 1 1 2 2 1 3 1 1 3 1 3 2 3 1 1 2 2 2 1 1 2 3 2 2 1 2 1 3 2 1 2 2 3 1 3 2 1 3 1 1 2 1 1 1 2 1 2 1 1 1 1 1 1 1 2 2 2 1 1 1 2 3 1 2 2 2 2 1 1 1 2 1 2 3 1 1 3 2 1 1 1 2 2 2 2 1 2 1 1 1 2 2 3 1 1 1 2 1 1 1 1 1 3 2 1 3 3 2 2 1 1 2 1 1 2 3 2 1 1 2 1 2 1 2 4 4 2 1 1 1 1 1 1 3 1 1 2 1 2 2 3 2 1 1 2 1 2 1 1 1 1 3 1 1 2 3 1 1 2 1 2 1 1 2 1 2 1 2 1 3 2 1 3 2 2 1 1 1 1 2 1 1 2 2 1 1 3 2 1 1 1 1 2 2 1 1 2 4 1 1 2 3 1 2 1 2 2 2 1 2 3 2 3 3 1 2 1 1 3 3 3 1 1 2 3 3 1 1 1 2 1 1 2 1 2 1 1 1 1 1 1 1 2 1 2 3 1 2 1 1 1 3 1 1 1 3 2 1 1 3 1 1 2 1 1 2 1 1 2 2 1 1 1 3 2 1 2 1 3 2 1 2 2 1 1 2 2 4 2 2 1 1 1 2 2 2 1 1 3 2 1 2 1 1 1 2 2 1 2 1 1 1 1 2 1 2 1 2 2 1 1 1 2 1 1 2 2 2 2 1 2 1 2 2 1 1 4 1 1 3 1 2 2 1 1 3 2 1 2 1 1 1 1 1 1 3 1 1 2 1 1 1 1 3 3 3 3 1 1 1 1 1 2 1 1 2 1 2 1 1 1 1 1 2 2 3 3 2 1 4 1 1 1 2 2 1 2 1 1 1 1 2 1 2 1 1 3 2 1 2 3 1 2 1 2 2 4 1 1 3 1 3 3 1 1 2 2 1 1 1 2 1 2 1 2 2 2 1 2 2 2 1 1 2 1 1 2 1 2 3 1 3 1 2 3 1 1 3 1 1 1 2 3 3 3 3 1 1 2 1 1 1 3 1 2 1 1 2 2 2 1 1 3 1 1 3 3 1 2 1 1 1 1 1 1 2 3 1 1 3 1 2 1 3 1 3 2 2 4 3 2 2 3 1 2 1 2 1 1 1 1 2 2 1 1 1 1 1 2 2 2 1 1 1 1 1 3 2 1 3 1 1 1 3 4 3 1 2 2 2 2 2 3 3 1 3 1 1 2 1 3 1 1 1 2 1 1 3 1 1 1 1 1 1 1 1 1 1 3 4 2 1 1 2 1 1 2 3 2 1 1 2 4 2 1 3 1 3 1 2 1 1 3 3 1 1 1 2 3 1 2 1 1 1 2 2 1 2 2 2 2 2 1 1 2 2 1 2 1 2 2 2 2 1 1 2 2 1 3 1 2 4 1 2 2 2 3 3 1 2 1 2 1 1 3 2 1 2 2 1 2 1 1 2 1 2 2 2 2 1 1 1 2 1 1 3 1 1 3 1 2 2 2 1 1 1 1 3 1 1 1 1 1 1 1 1 1 1 1 1 3 2 1 2 1 2 2 1 1 1 1 2 2 2 1 1 1 3 2 2 1 2 1 1 1 1 2 3 2 2 1 1 1 1 1 1 1 2 1 1 1 1 1 1 1 2 1 2 1 1 1 3 1 1 2 1 1 3 2 3 1 3 1 2 1 1 1 2 1 1 2 2 1 2 1 2 2 1 2 2 1 2 1 3 2 2 1 3 1 2 3 3 2 1 1 1 1 2 2 1 1 1 1 1 1 1 3 1 1 3 1 1 2 2 2 2 2 1 2 1 3 1 4 2 1 1 1 3 2 1 2 1 1 2 1 3 1 4 2 1 3 1 3 2 1 1 1 1 1 3 2 2 1 1 2 1 2 2 1 1 1 2 3 1 1 1 2 1 1 1 3 1 1 1 1 1 4 1 1 1 3 1 1 2 1 2 2 1 1 2 3 1 1 2 1 1 2 2 1 2 1 2 1 1 1 2 1 1 1 2 2 1 1 1 1 1 2 2 3 3 2 1 3 2 1 1 1 1 2 2 2 1 1 2 1 1 1 1 1 1 1 1 4 1 3 1 1 3 1 3 1 2 1 2 1 2 1 1 1 1 2 3 1 1 3 2 1 1 2 1 1 1 1 2 3 3 3 3 3 3 2 1 1 1 1 2 2 2 2 2 1 2 2 1 1 2 2 2 2 1 1 1 2 2 3 2 1 4 3 3 2 2 2 1 2 2 2 1 1 2 1 2 2 1 1 1 1 1 4 1 1 1 2 3 1 2 1 1 1 1 3 1 1 1 2 1 3 1 2 2 1 2 1 1 4 1 2 1 2 3 1 1 2 1 1 2 3 1 1 4 2 2 1 1 2 2 1 1 2 1 1 1 1 1 2 1 2 1 1 1 1 2 1 3 1 2 3 1 2 2 2 1 2 3 3 1 1 1 1 3 1 1 2 2 2 1 1 2 1 1 1 2 2 2 1 2 2 2 2 2 1 3 3 3 2 4 1 2 3 1 2 2 2 2 1 2 2 1 1 2 1 2 1 1 2 3 1 3 1 1 2 2 1 3 1 1 2 1 2 1 2 1 1 2 4 1 1 1 3 2 2 2 1 2 1 4 2 1 2 1 2 3 1 1 2 2 1 2 1 2 2 2 1 2 1 2 2 2 1 3 1 1 1 1 3 2 1 1 1 3 2 1 1 1 1 1 3 3 2 2 1 1 1 1 3 1 1 3 3 2 2 1 2 2 2 2 1 2 1 2 2 1 1 1 2 2 2 3 1 2 1 3 3 1 1 3 2 3 2 3 3 1 1 1 1 1 4 2 1 1 1 1 2 2 2 1 1 1 2 1 1 1 1 1 1 1 3 1 2 1 2 1 3 1 1 2 1 2 2 3 3 1 1 1 1 3 1 1 1 1 3 1 1 1 2 2 1 2 2 1 1 1 1 3 3 4 1 2 2 1 1 2 3 1 2 2 1 1 1 1 1 1 1 1 3 2 3 2 1 1 1 1 1 2 1 2 1 2 1 1 2 1 1 1 4 3 1 3 3 3 1 3 1 2 1 2 2 2 3 1 2 2 3 1 2 1 1 1 1 1 2 2 1 1 2 2 3 1 2 2 1 1 1 2 1 1 1 2 3 1 2 1 3 1 1 3 4 1 2 3 2 2 3 1 2 2 1 2 3 2 1 1 1 1 3 2 1 2 2 1 3 1 1 1 1 1 2 1 1 1 1 1 1 1 2 1 2 1 1 2 1 1 2 1 3 1 1 1 2 1 2 1 2 2 1 1 2 1 2 1 3 2 1 3 3 1 2 1 2 2 1 2 2 3 2 1 1 1 1 1 1 1 1 3 4 1 1 2 3 3 3 2 1 1 2 1 1 1 3 1 2 1 1 1 1 2 1 2 1 1 3 1 2 1 2 4 1 1 1 4 1 2 1 2 1 2 2 1 1 2 2 1 2 1 1 2 2 1 3 1 1 2 1 2 2 3 2 2 1 1 3 3 3 1 4 2 2 1 2 2 3 1 1 1 2 1 2 1 1 1 3 2 1 1 3 1 1 1 2 2 3 2 2 2 1 1 1 2 3 1 2 1 1 1 1 1 4 1 2 1 2 1 3 1 1 1 2 1 1 2 2 1 1 1 1 3 1 2 3 2 2 1 1 1 2 1 2 4 1 1 1 3 3 1 2 1 1 1 1 1 2 1 2 1 1 2 2 2 3 3 1 1 4 2 2 2 2 1 1 1 1 2 3 1 1 3 1 1 2 1 1 2 1 1 1 2 3 1 5 1 1 1 1 2 3 1 1 4 2 4 2 2 1 1 1 3 2 2 1 2 3 1 1 1 2 3 3 2 1 2 3 2 3 2 1 1 3 1 3 1 2 2 1 1 2 1 2 2 2 1 3 1 1 4 2 2 1 1 2 1 1 2 1 1 2 1 3 2 3 1 1 1 2 2 1 1 2 1 1 1 1 1 2 3 2 2 3 1 3 2 1 1 1 1 1 1 1 1 3 3 2 2 1 1 2 1 1 2 3 2 1 3 1 3 1 1 1 4 1 2 1 3 1 1 2 2 1 3 2 2 1 1 2 1 3 1 3 1 3 2 1 1 1 2 2 2 2 1 2 1 2 3 4 1 1 4 1 2 2 1 2 1 1 2 3 1 2 1 2 1 1 1 3 3 3 1 3 2 1 3 1 1 2 1 3 1 4 1 2 3 2 1 1 1 1 2 1 1 1 1 1 1 2 1 2 3 2 2 1 1 1 1 4 1 4 1 1 3 1 1 2 2 2 1 1 2 3 3 1 2 1 1 1 1 1 1 3 1 2 2 2 2 1 1 3 3 1 2 2 2 1 2 3 2 1 2 1 2 1 1 2 1 1 1 2 1 1 4 1 3 1 2 2 2 1 2 1 3 1 1 2 3 3 1 1 2 3 1 1 2 3 1 2 1 1 1 2 2 1 1 3 1 2 2 2 3 2 1 2 1 3 1 4 1 2 1 3 2 
