s 3200
4 992 1168 1606 3156 
3 1162 2475 2545 
2 147 1188 
1 1176 
1 1788 
2 1995 3132 
0 
2 508 831 
3 611 2460 3012 
4 770 888 1389 1757 
2 1602 2756 
1 949 
0 
1 1749 
1 2722 
1 2649 
2 155 2618 
1 2876 
1 2142 
4 589 1532 2428 2689 
3 93 1138 2381 
3 639 1520 2177 
5 435 1002 1025 1280 1578 
1 3019 
5 619 760 1688 2577 2710 
3 861 1941 3163 
5 517 554 871 1827 1868 
2 2571 3167 
2 610 1937 
4 123 2313 2332 2418 
4 1267 1292 1480 3102 
3 332 527 880 
2 949 2564 
1 1933 
1 2684 
0 
1 282 
1 1712 
1 633 
1 367 
0 
1 1141 
4 160 328 2282 2350 
3 86 2198 2728 
4 1322 2227 2695 2981 
1 1717 
3 370 1401 2133 
4 359 1782 2098 2123 
3 716 2581 2675 
0 
0 
3 517 935 1422 
2 355 3199 
6 304 409 1406 1826 1936 2268 
4 241 1552 1814 2629 
3 67 964 2623 
1 2594 
3 1477 2646 2667 
1 206 
0 
3 234 1163 2128 
6 148 284 291 1345 2088 2497 
3 573 1259 2179 
3 421 2147 2906 
1 532 
5 229 1257 1498 2014 2772 
2 199 2700 
6 55 1571 2031 2114 3002 3108 
4 984 1633 2446 3130 
2 1143 2641 
2 1669 1902 
2 2143 2400 
2 172 375 
2 172 2770 
5 1275 1970 2171 2197 2696 
3 1251 2906 3070 
2 120 2469 
3 1205 1515 2273 
3 427 532 1581 
4 162 2163 2288 2385 
3 877 1160 2577 
2 1239 2359 
1 317 
0 
3 168 2162 2265 
2 318 1218 
2 43 2812 
3 2034 2064 2346 
5 538 738 1824 2240 2829 
3 456 548 2046 
2 570 735 
2 955 2010 
2 405 2517 
2 20 359 
5 962 1544 1658 1744 2102 
4 1110 1194 1275 3114 
3 473 2115 2236 
2 1044 1155 
4 252 625 903 2705 
1 3081 
2 1576 2028 
3 1557 2419 2867 
0 
1 1017 
2 261 517 
1 201 
0 
2 985 2713 
3 455 1610 2451 
5 738 757 1340 2580 3059 
1 1451 
2 731 2685 
1 2240 
2 432 615 
3 2400 2561 2936 
2 240 2410 
1 761 
1 1728 
1 558 
1 2133 
3 76 1862 2405 
1 1589 
3 1330 2500 2719 
2 29 1186 
2 1966 2033 
1 1107 
1 1623 
3 278 283 1069 
1 2531 
1 992 
2 1871 2401 
2 965 2444 
6 180 204 1107 1618 1835 2520 
2 448 2471 
1 1544 
2 1384 2241 
1 1171 
4 542 953 1054 1127 
2 2115 3097 
0 
3 389 786 1471 
5 185 1132 1250 1423 1450 
2 1954 2533 
1 2005 
1 2077 
2 150 2369 
2 1450 2016 
2 2 265 
2 61 1784 
3 154 426 1092 
5 145 868 1447 2601 3083 
1 2385 
1 1300 
2 1976 2377 
1 149 
3 16 416 1850 
3 462 510 2005 
5 512 1111 1671 2036 2614 
3 875 2034 3102 
3 2242 2731 2812 
3 42 2962 3173 
1 2479 
2 79 302 
2 687 1317 
2 643 1101 
2 1183 2585 
1 2647 
5 1244 1302 1772 2663 3181 
5 84 675 953 1840 3017 
4 293 878 1821 2843 
3 619 1403 2805 
1 2218 
4 72 73 230 792 
1 1396 
2 891 3026 
4 831 967 1187 1950 
1 378 
3 1244 1844 3036 
6 566 843 1021 2392 2675 3104 
3 559 578 2694 
2 132 1269 
1 2467 
3 1219 2590 2939 
3 647 1082 1377 
2 283 616 
5 141 308 1911 2028 2227 
1 2849 
0 
4 563 724 1159 1773 
2 1071 2751 
1 2348 
2 1614 1653 
1 825 
3 765 2729 2945 
1 1096 
3 722 1848 3100 
0 
3 220 1115 2359 
2 906 1258 
3 66 728 2877 
0 
2 105 214 
3 1551 2114 3148 
4 472 1759 2121 2670 
9 132 379 415 823 991 1832 1909 2940 3125 
4 758 1422 2030 2423 
5 58 1289 1702 2361 2605 
4 471 569 674 1472 
0 
1 509 
1 1304 
3 1489 2541 2548 
2 1692 2037 
0 
5 201 286 813 2729 2873 
4 428 2360 2374 2844 
3 1120 1132 1501 
2 1048 3163 
1 988 
3 949 1644 2383 
3 197 435 1890 
1 2708 
3 930 2243 2359 
2 409 2497 
2 309 2108 
2 1326 2044 
4 1045 1883 1966 3055 
2 1207 1610 
3 606 2403 2790 
2 65 2960 
3 172 688 2864 
5 1005 1130 1374 2077 2916 
2 1783 2230 
4 561 911 2233 3100 
1 60 
3 682 1085 2371 
3 723 1570 2154 
3 317 1010 1712 
2 1930 2466 
1 1374 
3 115 320 2940 
3 54 636 736 
3 880 2759 2937 
3 808 1450 1956 
2 451 1567 
5 704 1694 2232 2297 2982 
1 320 
4 1281 1294 2473 3143 
2 1243 1620 
2 1757 2553 
5 650 1156 1750 1820 2229 
3 409 898 2599 
3 98 2111 2217 
3 1151 1338 2145 
3 290 491 2590 
2 2833 3068 
3 592 1621 2531 
4 1368 2073 2127 3034 
3 603 1172 1699 
5 647 918 1401 1688 2976 
1 2530 
2 104 3174 
1 2564 
2 324 1006 
2 562 1332 
2 147 2165 
2 761 993 
1 3123 
1 303 
4 1562 1802 2453 2893 
1 2319 
1 434 
4 815 896 1835 2465 
1 1493 
2 2428 3029 
1 2784 
3 948 1068 1744 
3 2160 2347 2484 
7 127 1080 1356 1648 2124 2573 3073 
1 1355 
2 432 1649 
2 447 599 
3 36 2718 2887 
3 127 184 3012 
1 61 
1 2510 
1 214 
2 842 1411 
3 802 1233 1727 
3 809 1093 2607 
4 254 1466 2499 2673 
5 61 1563 1945 1977 2788 
4 1010 1720 2334 3109 
3 169 1265 3080 
1 559 
1 1024 
1 1436 
4 318 482 1602 2564 
7 860 1149 1224 1561 1634 2308 3181 
5 411 1241 1705 2402 2468 
0 
1 894 
2 162 1054 
3 268 1666 2063 
2 53 2637 
1 961 
3 532 2879 2899 
0 
2 185 2640 
7 224 754 1537 1663 1945 2477 2593 
3 1192 2471 2906 
4 2244 2516 2842 3031 
3 1734 1757 1776 
2 869 2593 
1 2241 
0 
1 3112 
5 82 237 426 447 2239 
5 85 297 2120 2619 3176 
2 468 2498 
5 240 246 1700 2100 3157 
0 
1 2619 
4 383 2400 2554 2801 
5 263 424 946 2635 2796 
1 2659 
2 1741 2654 
4 523 997 2325 3045 
3 42 2567 2685 
2 1981 2627 
1 1998 
3 1159 2895 3137 
5 31 512 833 1407 2300 
4 601 1447 1461 1590 
0 
2 1457 1490 
3 1883 1902 2174 
1 837 
4 967 1797 1838 2061 
2 2252 3003 
4 436 536 1241 1663 
5 392 1499 2691 2775 2835 
0 
0 
4 1452 2327 2418 2424 
1 1789 
3 458 1413 1806 
2 2690 2733 
0 
2 733 1773 
2 860 2566 
1 1445 
3 477 1542 3181 
2 816 2916 
4 1437 1440 2026 2593 
1 52 
0 
3 720 838 1781 
0 
6 47 93 464 1139 1849 3034 
4 972 2129 2172 2524 
2 833 1493 
2 2201 2878 
6 1325 2096 2206 2584 2727 2746 
1 2648 
1 1093 
4 427 1621 2463 2523 
3 39 834 903 
2 538 2612 
3 567 2361 3177 
4 46 2032 2268 2984 
2 581 1067 
1 1258 
3 567 1768 2460 
1 2866 
3 72 1995 2106 
1 2280 
1 2666 
4 176 921 1144 2275 
5 204 879 1088 1429 2951 
1 2823 
4 2055 2495 2645 2830 
2 1176 3021 
1 323 
1 2232 
4 465 1132 1839 3183 
2 1180 1908 
3 623 1541 2430 
7 691 878 1964 2350 2376 2954 3091 
5 140 1202 2608 2830 2847 
2 1402 2190 
3 939 1949 3056 
3 341 671 729 
3 1202 2171 2409 
1 724 
2 1597 1940 
0 
3 2030 2436 2632 
0 
2 2588 2904 
1 1852 
1 1523 
2 1102 1250 
5 1432 1537 1592 2447 2570 
2 2003 2999 
4 92 1315 1387 2221 
1 475 
2 2182 2824 
1 2486 
6 53 223 251 1550 1707 3019 
0 
5 299 1865 2257 2513 2873 
0 
4 2069 2433 2629 2975 
2 3039 3058 
1 204 
3 155 428 2972 
0 
3 837 1923 2418 
5 1022 1118 1246 2013 2535 
1 769 
2 63 1377 
2 484 2443 
5 531 955 1381 2747 2939 
4 324 1110 1833 2980 
3 435 1470 2159 
6 149 317 695 1056 1952 2187 
8 78 366 750 1289 1624 2965 2994 3051 
3 215 416 2211 
6 1414 1702 1798 1830 2266 2855 
1 1340 
2 1218 1713 
6 113 280 866 2058 2090 2907 
3 2095 2613 3004 
4 271 802 2838 2966 
4 22 220 425 2358 
3 340 458 1255 
3 657 1041 3194 
4 1698 2133 2509 2810 
0 
5 1053 1620 1681 2984 3052 
2 1382 2784 
5 933 1630 1771 1825 2645 
3 633 736 2162 
1 2813 
0 
5 772 1552 1803 2415 2923 
3 281 317 1058 
3 133 1564 2025 
3 1209 2643 3101 
5 653 1438 2092 2674 3041 
3 244 2029 2731 
0 
1 2101 
3 928 989 1640 
5 108 919 1850 2453 2932 
6 89 848 1080 1500 2030 2442 
5 1453 1646 1757 1786 3102 
5 346 436 960 1315 1370 
1 910 
1 1468 
1 1548 
1 156 
1 1154 
3 359 689 1787 
1 385 
3 1060 1342 2226 
3 1318 1547 2072 
1 319 
4 1880 1992 2591 2729 
0 
2 207 2665 
3 203 502 3059 
2 96 1978 
3 957 1582 2902 
2 406 631 
3 890 897 2521 
2 352 1380 
4 662 1446 1589 3083 
0 
1 2731 
2 1170 1402 
3 297 764 940 
0 
1 422 
1 608 
1 1713 
1 658 
2 1876 1993 
1 2249 
2 1605 2179 
6 254 731 1075 1462 3012 3100 
3 1122 1292 1890 
3 498 1883 2678 
3 666 705 2482 
5 766 993 1069 2001 2522 
4 745 1638 1922 2748 
2 2087 2402 
3 493 840 1548 
1 2218 
2 1097 1695 
0 
3 472 1141 1444 
2 2216 2223 
1 3095 
2 788 2079 
3 515 1018 1197 
0 
4 7 829 1374 1515 
6 209 1062 1211 1279 1691 1855 
4 156 573 1123 2154 
0 
3 157 332 618 
0 
4 1055 1240 1311 2281 
2 506 3009 
2 1548 2548 
5 26 51 104 797 1748 
3 2038 2955 2971 
3 1380 1545 1619 
3 620 747 2648 
3 1046 1829 1951 
3 711 852 2808 
1 327 
1 2094 
0 
1 1577 
7 31 557 1762 1871 2253 2670 3069 
0 
2 981 2199 
2 2017 3039 
1 423 
3 64 78 306 
3 1634 1758 1823 
2 2234 2746 
2 1701 2824 
2 340 3137 
2 1133 1229 
6 88 368 1516 1535 1867 2044 
2 2674 2811 
2 1115 2610 
3 2422 2723 3008 
3 137 1280 3020 
3 1127 1761 2391 
1 3089 
2 1806 2848 
2 1885 2102 
1 1788 
2 89 2307 
2 1319 2046 
0 
2 813 2980 
3 800 1042 2803 
4 982 2533 2597 2828 
4 26 634 2730 2980 
0 
0 
7 527 597 623 1635 1942 2968 3084 
2 118 2346 
5 179 294 974 1018 2554 
5 1848 1952 2717 2769 2818 
1 233 
3 264 2698 3011 
2 188 783 
2 706 2910 
3 1680 1687 2649 
3 178 1000 2966 
4 369 373 947 2140 
2 1258 3042 
2 207 899 
4 90 1937 2021 2090 
0 
2 1781 2708 
5 62 510 785 913 1412 
1 1988 
1 1399 
2 1442 1883 
1 2511 
3 179 1704 2684 
3 717 1065 1562 
3 593 2480 2989 
3 371 1814 2889 
3 1907 2156 2798 
1 2306 
2 656 2894 
2 782 1880 
1 1368 
2 749 1194 
2 1688 2962 
3 19 721 1961 
3 2140 2994 3035 
2 1394 2429 
2 256 2622 
4 580 2160 2337 2997 
1 1410 
3 979 1650 2606 
2 1697 2878 
4 557 962 2405 2880 
2 2014 2912 
4 281 1172 1497 3112 
4 1655 2597 2857 2970 
4 333 1232 1703 2254 
2 1163 1837 
5 258 919 2385 3131 3154 
1 2963 
1 2066 
4 228 984 2801 2993 
3 1223 1867 3018 
2 485 1488 
5 1284 1542 1670 1808 3169 
2 28 1553 
3 8 1192 3067 
1 1103 
1 1063 
3 850 2943 2965 
7 113 807 1147 1804 1933 2014 2820 
2 184 2884 
2 1043 2432 
5 512 637 943 2959 2990 
2 24 170 
1 520 
3 901 2533 2765 
1 2748 
3 387 557 1810 
4 1174 1582 2689 2862 
3 98 1094 2153 
2 1235 1620 
1 947 
0 
2 817 1520 
2 2205 2725 
2 475 2977 
2 753 809 
4 38 443 785 1527 
1 554 
3 891 1317 2174 
1 241 
1 618 
2 799 1824 
4 21 1219 1975 2470 
1 1251 
3 1005 1998 2425 
1 2797 
1 164 
3 1649 2301 3199 
3 1268 1563 2138 
2 1343 2130 
3 183 259 1862 
1 2556 
4 775 2960 3121 3166 
1 250 
1 997 
1 1761 
4 450 883 2821 2827 
4 1966 2106 2653 2858 
4 666 1705 2766 3084 
2 584 1148 
3 437 760 2420 
3 487 1731 2399 
1 2338 
0 
0 
2 478 1282 
1 1376 
2 863 1333 
0 
5 494 655 856 1346 2492 
1 2544 
3 2535 2722 3190 
1 2176 
1 2731 
2 392 792 
3 749 1772 2239 
2 1256 1598 
2 207 2773 
2 168 1267 
2 1361 2020 
3 1071 1766 1875 
2 861 3047 
0 
4 978 1499 2495 2612 
0 
1 235 
0 
2 2295 2664 
2 2493 2519 
3 742 898 3088 
4 163 2243 2542 2640 
6 230 931 1178 2219 2670 3091 
2 464 1851 
1 1374 
5 388 1373 1787 2080 2912 
3 1166 2934 3164 
4 748 1173 2591 2651 
1 2305 
5 426 782 802 1548 2371 
1 2072 
0 
1 1578 
0 
1 1073 
1 2462 
0 
1 2578 
3 245 2349 2489 
6 494 895 1115 1535 1812 2938 
3 564 1893 2854 
2 2712 2998 
3 1583 2601 2791 
3 994 1601 2989 
1 1892 
3 522 768 2780 
4 1452 1858 2195 2891 
1 752 
1 2447 
2 2389 2602 
1 48 
3 579 1242 2117 
2 2359 2880 
3 1553 2372 2616 
5 357 761 2145 2440 3079 
4 589 1607 1949 2695 
5 195 1066 1110 2085 3013 
4 236 1410 2189 3173 
4 188 394 1835 2376 
1 1011 
2 1664 2765 
0 
4 199 1346 1874 2193 
3 392 1627 2535 
3 980 2187 2530 
4 111 491 1847 3123 
3 1475 2366 3062 
3 349 2163 2648 
0 
3 90 883 2766 
3 241 443 1842 
1 1892 
3 88 109 1854 
4 1210 1504 1954 2413 
0 
3 893 1624 2701 
2 686 1440 
3 1392 1692 2262 
2 3081 3138 
1 496 
1 1557 
2 520 1271 
3 693 1956 3099 
3 587 672 2337 
4 427 1481 1841 2772 
1 2984 
3 713 792 1420 
2 632 1995 
3 309 1430 1685 
2 1316 1620 
2 2150 3196 
3 109 1777 1844 
3 205 1660 2627 
0 
3 24 657 2615 
3 116 266 720 
0 
1 2397 
7 482 1304 1732 1786 1979 2070 2852 
3 193 2360 3196 
1 495 
1 837 
4 711 949 2653 2795 
6 420 1100 1230 2020 2216 2866 
3 9 2770 3111 
2 3089 3197 
4 446 1028 1242 2904 
3 1187 1191 2890 
1 2105 
4 649 1234 2101 3133 
1 1968 
3 911 2220 2902 
2 910 1384 
2 2055 2473 
2 1575 3090 
0 
6 585 695 937 1866 2764 2952 
3 563 1432 1569 
0 
2 573 633 
3 140 1297 2453 
2 831 1296 
3 505 1422 2472 
1 2278 
1 973 
0 
9 172 671 752 1516 1549 1730 2558 2669 2780 
1 1798 
1 943 
0 
0 
2 517 1583 
2 1102 2614 
1 638 
1 552 
1 1680 
7 288 434 695 1631 2528 2753 3064 
2 1621 3017 
2 904 950 
2 2221 2587 
1 2100 
1 615 
4 243 1100 2387 2429 
5 289 632 1921 2422 2776 
4 1622 1735 1749 3037 
3 2471 2866 2943 
1 1382 
2 214 551 
2 1455 1964 
4 272 973 978 2120 
7 353 1263 1600 1944 2084 2381 2751 
6 629 1676 1756 2589 2750 2905 
4 1268 1995 2565 3080 
3 1578 2851 3025 
1 1661 
2 2445 2624 
2 2569 3136 
1 204 
2 1607 2681 
3 192 1007 2880 
5 967 1704 2364 2443 3008 
2 1317 1783 
2 2134 3009 
2 508 1556 
1 842 
5 7 175 787 1032 1320 
2 890 2888 
3 332 361 2378 
1 367 
3 1099 1870 2142 
0 
6 337 418 767 1268 1425 1682 
2 357 2377 
0 
3 498 1339 1621 
3 1169 1813 1896 
5 287 830 1118 1194 1345 
5 178 1857 1976 2577 3045 
2 2569 2897 
0 
1 1007 
2 1870 2677 
2 456 2343 
5 1794 1831 1866 2754 3107 
3 614 1112 1966 
1 2641 
1 522 
1 1092 
2 1419 3046 
3 2311 2550 3132 
2 666 2699 
0 
0 
1 1417 
3 298 350 2835 
4 25 678 1038 3085 
2 1959 2918 
4 664 1689 1955 2567 
3 1391 2927 3198 
1 1915 
1 432 
0 
3 150 1099 2228 
2 313 2216 
2 1985 2776 
1 26 
2 1847 1870 
2 1012 2954 
1 1385 
2 158 2213 
2 909 2553 
3 80 1587 2701 
3 169 388 1846 
3 379 2420 2887 
4 31 242 1057 1262 
2 1597 2251 
0 
4 653 735 1372 2980 
1 2492 
0 
1 1562 
1 2836 
1 9 
1 1855 
7 476 832 1826 1910 2340 2421 3069 
5 174 635 1041 1706 2621 
4 1019 2369 2543 2990 
3 741 1432 2763 
3 301 1099 1205 
5 705 1392 2056 2754 2951 
1 272 
3 476 1557 1939 
2 251 686 
2 569 1022 
3 1397 2351 2439 
3 621 1353 2247 
1 1501 
4 98 367 1185 1607 
3 804 1084 1549 
2 976 2202 
4 198 923 1557 2936 
5 1182 1798 2207 2265 2755 
4 981 1357 2315 2345 
3 876 1455 2847 
5 459 778 1992 2227 2745 
4 233 777 1724 2204 
1 1631 
2 573 1499 
4 1024 1908 1965 2494 
1 2153 
2 2372 2407 
1 3189 
1 259 
2 455 603 
2 2210 3111 
2 378 1531 
0 
1 906 
2 1740 2249 
3 2446 2708 2801 
3 1352 1875 2458 
2 960 1393 
6 454 1114 1308 1562 2955 3081 
1 1886 
4 222 1020 1775 3185 
2 688 1703 
0 
6 442 1356 1770 1839 3077 3103 
3 993 1616 2278 
2 51 2379 
0 
1 782 
2 1434 1937 
2 391 2568 
1 482 
0 
2 1817 2583 
6 618 794 1286 1722 2164 2457 
2 1901 2268 
3 1215 1453 3067 
4 324 1747 2028 3146 
2 567 627 
3 276 1279 1930 
4 11 32 219 768 
2 804 2646 
4 988 2011 2326 2919 
0 
3 137 168 2156 
2 1481 2649 
2 91 423 
2 1270 1634 
1 474 
1 2286 
2 3091 3098 
2 458 927 
4 305 1323 2837 2960 
2 94 597 
1 2477 
2 55 2415 
4 131 1365 1476 2006 
0 
3 175 338 826 
2 1197 2708 
0 
0 
2 1044 2606 
3 360 1736 2547 
4 790 815 2432 2758 
3 559 1465 2798 
1 2669 
3 905 1630 1756 
1 1750 
3 680 815 2674 
1 595 
3 730 1289 3169 
2 529 908 
2 553 1911 
3 2295 2685 3018 
2 68 606 
3 107 1953 2120 
0 
4 1682 1983 2943 3010 
2 218 951 
3 454 1500 2726 
0 
3 204 1156 1879 
5 0 129 1546 2666 2783 
6 266 495 934 1434 2240 2722 
4 709 1488 1715 2869 
1 2960 
2 1085 2619 
4 327 651 1436 1960 
1 1729 
1 1221 
3 566 1483 2166 
0 
2 22 1259 
1 1574 
1 1844 
5 231 641 1200 2868 2958 
3 263 2546 3096 
6 825 846 1439 2355 2555 2586 
3 1594 2084 3089 
2 1755 2035 
3 237 292 2609 
2 725 2105 
3 873 1211 3018 
4 1213 1396 2290 2867 
1 2162 
4 1249 1868 2672 3018 
4 2070 2238 2402 3089 
1 103 
5 506 559 1802 2819 2905 
2 892 2817 
3 930 1170 3126 
2 178 2489 
5 419 899 1885 2010 2565 
2 1305 2738 
4 295 914 1803 3158 
2 22 1294 
4 2326 2526 2845 3124 
3 1711 1947 3083 
5 772 1077 1879 2013 2434 
2 1389 2670 
6 1048 2271 2710 2750 2977 3168 
2 2006 2102 
4 831 1867 2434 3086 
3 1987 2816 2893 
1 2206 
2 1637 2126 
2 1366 1753 
1 2364 
2 861 1470 
5 1896 2157 2542 2753 2879 
3 1279 2574 2839 
3 437 891 1646 
1 552 
2 617 1056 
4 97 971 2189 2987 
5 226 1231 1253 1836 2445 
3 521 1192 2460 
1 3114 
4 217 1030 1454 3030 
3 1412 2376 2618 
2 2359 3178 
1 1088 
1 1948 
3 440 2295 3160 
5 137 302 1268 1755 2995 
1 514 
3 426 1043 1083 
3 880 1164 1302 
4 447 1110 2210 2521 
2 1081 2764 
4 466 2138 2558 2860 
2 1955 2971 
3 509 2568 2986 
5 613 1206 1797 1918 3192 
3 1432 2282 3134 
2 579 1872 
3 722 1428 1923 
3 371 1685 2173 
4 276 1631 2246 3152 
2 127 495 
1 3087 
3 189 677 3053 
2 1853 2160 
1 700 
1 1500 
3 491 1488 2302 
3 1122 1568 2969 
3 1028 1362 1887 
0 
2 1966 2842 
5 278 456 2073 2400 2599 
1 1059 
7 183 2257 2353 2821 2942 3062 3161 
3 1056 2444 2510 
3 904 1964 2186 
6 235 996 1176 1687 2906 3056 
1 2747 
3 1133 1196 2859 
4 379 1051 2308 3014 
2 1556 2260 
1 1105 
2 1488 2308 
4 149 853 2055 2852 
2 289 365 
2 625 1917 
1 1386 
3 194 1264 2998 
1 500 
1 3040 
6 835 868 894 1280 2155 2717 
5 769 808 1451 1847 2149 
2 164 1710 
4 402 798 2145 2276 
2 612 2464 
0 
3 1090 1479 2594 
0 
2 125 132 
3 2539 2650 3015 
2 1178 2978 
6 95 424 722 1058 1919 2758 
1 157 
2 850 2281 
4 1434 1899 2505 2938 
2 928 3095 
6 197 540 705 2280 2702 2954 
1 1213 
1 2309 
2 419 842 
2 1857 2448 
2 216 3127 
1 1839 
3 492 1076 2876 
4 510 1212 1349 2247 
2 1719 2694 
5 1231 1360 1609 2520 2849 
1 2114 
3 137 543 2883 
0 
1 2560 
2 231 3044 
0 
3 141 216 385 
3 537 1087 1380 
4 1323 1327 1650 2653 
0 
0 
0 
1 20 
4 359 1240 1820 1926 
2 1931 2781 
3 41 502 2204 
1 1217 
2 69 1732 
2 378 2097 
0 
1 2524 
1 615 
6 656 1428 1674 1978 2140 3054 
4 298 1337 1547 2678 
0 
3 253 1741 3033 
1 2912 
2 1637 1993 
2 463 2788 
2 97 2934 
3 250 991 2818 
0 
2 2143 2713 
3 188 331 2483 
2 80 1387 
3 1565 2204 2580 
1 1 
3 60 602 2116 
3 1057 1524 2959 
1 2844 
1 692 
1 1382 
3 0 2930 3014 
4 841 2242 2379 2620 
3 481 1020 1199 
3 136 2348 3129 
5 258 599 1502 2077 2469 
2 693 1307 
4 624 1199 2058 3144 
1 1359 
5 3 382 1085 1936 3060 
2 1445 2758 
3 688 1109 2630 
0 
3 386 1459 2474 
2 2047 2938 
3 907 1366 1886 
3 165 1281 1652 
1 1258 
3 903 2262 3090 
1 123 
5 175 773 1955 2480 2870 
2 2 1648 
3 1366 2629 2673 
0 
1 773 
4 310 611 1046 2752 
2 1540 2590 
6 95 587 842 1609 1665 3156 
2 2578 2635 
2 1087 2542 
6 506 968 2341 2344 2470 3041 
3 1358 2683 2830 
3 1170 1174 2118 
2 1005 1965 
1 2897 
5 389 393 1221 1374 2932 
3 1224 1367 2580 
1 3108 
2 77 894 
3 1063 2808 3020 
3 227 2055 2970 
0 
3 449 1249 1309 
2 739 2230 
3 509 1012 1410 
2 1123 2695 
5 1013 1116 1751 2056 2491 
2 1580 2552 
2 945 3131 
3 1617 1733 1918 
4 1142 1902 2007 3171 
2 85 431 
2 182 639 
0 
4 999 1202 1358 2269 
1 2352 
1 607 
5 298 1203 2255 2893 3095 
5 1573 1640 1781 1823 2214 
3 1809 2652 2868 
2 1629 2661 
2 2040 3170 
1 537 
4 769 1389 2345 2404 
2 1045 1125 
3 601 1544 1681 
2 288 2376 
3 775 1967 2000 
2 626 1638 
0 
2 2449 2672 
1 2617 
2 81 1316 
2 514 1139 
4 299 340 1309 2182 
3 717 772 2831 
1 248 
3 167 177 2054 
1 3129 
2 419 1567 
1 2884 
1 2885 
4 1015 1209 1476 2404 
3 141 402 1401 
3 75 640 2672 
1 1753 
4 1045 1502 2129 2262 
2 2099 2813 
3 436 1567 2664 
1 673 
3 65 1463 2523 
4 198 372 568 1184 
4 62 1002 1711 2167 
1 2108 
2 1457 2067 
2 880 2827 
3 816 1932 2169 
1 1096 
2 293 3059 
1 2446 
3 30 675 1383 
4 645 818 837 1054 
3 180 2891 2946 
3 956 1337 2911 
3 747 3066 3113 
1 1500 
2 1509 2689 
3 1581 1759 1841 
2 74 95 
1 2489 
0 
5 1590 1874 2343 2489 2619 
3 509 948 1040 
3 22 542 1099 
4 247 1183 1724 2041 
3 662 2124 2868 
0 
1 609 
0 
2 943 1835 
3 1491 2036 2294 
3 1474 2581 3053 
5 206 427 980 2537 2742 
2 1686 3066 
0 
4 30 492 1480 3085 
0 
4 247 1025 1926 2644 
1 1479 
2 787 1831 
3 786 1765 3174 
2 1300 2583 
0 
4 152 1298 1730 2319 
2 2133 2658 
3 167 1057 1525 
1 2264 
5 210 764 1448 1801 3081 
2 1023 1871 
2 1795 3025 
1 1173 
1 928 
3 1209 1241 2974 
3 1352 1537 3010 
3 514 2602 2706 
1 3070 
4 1543 1779 2155 2875 
1 1752 
5 405 458 1356 1625 2276 
3 755 1239 2188 
3 163 635 827 
2 467 2836 
1 549 
1 831 
0 
2 44 2769 
2 961 1134 
0 
3 363 1364 3072 
3 225 1352 1635 
2 1134 1595 
3 1831 2688 3023 
1 2455 
3 122 2020 3006 
1 2025 
5 264 2185 2243 2686 2792 
1 664 
0 
3 1796 2740 2921 
4 1668 2204 2317 2724 
2 1149 1270 
1 253 
5 840 1442 1494 2618 2726 
3 109 430 2534 
0 
3 466 2322 2487 
1 646 
2 1759 2822 
3 61 842 1456 
2 666 728 
0 
0 
2 1123 1363 
1 2775 
2 1689 2153 
3 926 1310 1326 
4 901 2362 2484 2802 
1 2037 
3 279 1793 2834 
5 278 933 1315 1729 2838 
3 908 1572 2761 
4 1198 1221 1708 2199 
2 1175 2166 
3 1125 1915 2522 
2 676 2803 
2 1077 1948 
4 1349 2286 2612 2915 
2 1325 3142 
1 965 
3 1036 1182 1189 
2 1203 1556 
3 257 586 1720 
1 1783 
2 458 2835 
3 1719 2295 2468 
2 883 3034 
4 691 1593 1724 2540 
6 231 239 508 690 1202 2659 
2 1408 2955 
2 663 3087 
4 183 421 2408 3067 
3 1735 2956 3157 
2 1890 2346 
4 477 519 1133 2460 
1 423 
3 441 812 1167 
3 1267 2756 2997 
3 135 778 2525 
2 874 2119 
1 1095 
2 405 1160 
0 
7 9 1029 1230 1449 1996 2179 2787 
1 2504 
3 864 1749 1948 
3 743 895 2926 
3 927 2259 3116 
3 591 1955 2351 
1 2001 
3 173 1013 2250 
1 900 
3 1429 2717 3169 
3 575 1636 2132 
0 
4 46 259 1250 1649 
3 390 481 1633 
2 170 2098 
0 
3 1594 2239 2240 
5 53 1662 2332 2702 3192 
2 332 2754 
1 1375 
1 2524 
5 594 723 1211 1561 1741 
2 287 3019 
2 573 1049 
2 346 2421 
1 429 
0 
0 
3 859 1661 2360 
0 
4 854 1497 2189 2380 
2 752 1836 
0 
4 51 205 788 1706 
1 141 
2 2627 3148 
3 837 2306 2721 
5 1528 1719 1723 2616 2903 
2 2032 2074 
6 1066 1148 1508 2288 2359 3052 
4 379 1398 2628 2824 
2 754 2434 
1 2843 
9 403 783 893 1064 1591 1596 1757 2256 2742 
0 
3 938 993 1113 
0 
2 296 997 
1 354 
3 450 2504 2747 
3 1007 1750 1946 
4 354 742 1661 3070 
1 2343 
6 576 1339 1444 1765 2166 2770 
2 2053 3097 
4 502 1442 1518 2729 
2 351 1177 
5 478 1749 2168 2424 2460 
2 150 333 
4 1304 1663 1681 2297 
2 1389 3011 
5 141 146 243 2615 2911 
3 110 1100 1478 
2 344 712 
3 457 945 2358 
1 1048 
3 814 909 1962 
1 1345 
5 335 1261 2199 2380 2481 
0 
2 1180 2170 
2 1970 2259 
1 333 
5 491 1659 2602 2692 3016 
2 1257 2517 
3 1677 2759 3169 
3 974 1610 3000 
2 290 2947 
2 1514 1527 
1 460 
1 1578 
3 425 1038 2474 
4 140 1750 1917 3178 
3 207 2431 3075 
2 1537 2178 
3 1288 2127 2373 
2 732 1954 
3 965 1249 1661 
1 57 
2 1451 2977 
8 1105 1295 1683 1696 1803 2191 3112 3134 
3 30 1292 3064 
3 750 954 2327 
2 2180 2774 
2 1000 1837 
5 1857 1925 2388 2794 2908 
1 2142 
1 1529 
0 
7 608 994 1075 1091 1619 2242 2685 
1 211 
2 335 2748 
3 1287 1587 2118 
1 2697 
4 273 361 2269 3105 
1 1339 
1 2591 
3 1698 2140 3080 
4 599 1419 1716 3186 
2 65 1813 
4 341 680 913 3173 
8 456 989 1074 1272 2260 2756 2764 3123 
5 216 902 1817 1920 2075 
2 1172 1253 
1 2100 
3 739 1896 1947 
1 2805 
0 
0 
2 1428 2719 
2 1273 1766 
4 1573 2004 2087 2755 
5 1713 2027 2071 2326 2811 
1 2045 
1 2946 
1 1467 
3 77 508 2964 
3 538 792 2229 
1 2637 
3 1444 1956 3042 
2 2144 3183 
2 21 629 
0 
1 1573 
3 401 1565 1595 
1 1164 
2 1302 1880 
1 2491 
3 633 1467 2575 
3 1426 1824 2988 
2 1486 3191 
1 1604 
3 921 2933 3100 
4 19 2041 2481 2683 
0 
2 2021 2770 
3 538 705 2896 
0 
7 309 403 1310 1473 1621 2645 2956 
0 
2 2806 2966 
3 1193 1670 2201 
1 387 
3 352 609 2656 
3 1313 2204 2905 
3 94 134 1232 
1 519 
2 992 1776 
4 467 1149 1945 3164 
5 461 498 516 695 1902 
3 792 904 2154 
1 409 
3 202 1845 2087 
4 54 446 2461 2762 
2 610 719 
3 1651 2069 2792 
1 1953 
4 829 1089 1367 1610 
6 101 746 897 906 1679 2722 
1 2417 
2 1952 1973 
0 
5 298 1410 1762 2522 2710 
4 269 579 886 928 
2 291 645 
2 448 2868 
3 1161 1523 1647 
1 2371 
3 244 1246 1255 
1 1076 
2 783 2185 
1 236 
2 67 2843 
2 1357 2448 
5 1225 1510 1522 1714 1744 
4 1003 1970 2357 2634 
1 780 
1 100 
1 526 
4 22 698 819 1469 
3 1893 2889 3155 
3 1214 1811 2705 
5 78 1274 1760 1891 2210 
3 474 624 2871 
2 708 797 
0 
2 2856 3053 
0 
3 877 1491 2844 
0 
2 121 478 
3 333 1278 1901 
2 1432 2198 
3 403 2184 3144 
2 1373 2771 
2 1008 1405 
3 1327 1523 2827 
1 1432 
2 395 881 
2 673 2548 
0 
3 816 1786 2576 
3 709 1915 2885 
4 10 297 2528 3036 
0 
1 1530 
3 490 1635 1760 
4 0 1854 1858 1947 
6 721 824 903 2465 2862 3075 
0 
3 1125 1194 3008 
4 108 227 1465 1556 
1 2866 
0 
1 1735 
4 191 1878 2044 2800 
1 3100 
2 934 1712 
1 1216 
4 132 2407 2423 2699 
3 519 1488 2648 
5 248 440 626 755 2221 
5 256 366 803 840 1537 
1 810 
2 126 2421 
4 427 741 1711 2333 
2 1315 3128 
3 2062 2093 2716 
3 729 1831 1879 
0 
1 1227 
6 442 976 1669 1770 1914 2365 
5 802 912 1068 2487 2573 
3 2263 2884 2960 
2 68 1402 
5 298 533 956 2877 2967 
3 557 1326 1605 
2 1399 2080 
2 1035 1153 
3 496 1235 1797 
3 2092 2300 2690 
3 454 1225 2164 
3 1762 1963 2414 
1 2477 
2 2421 3112 
3 219 1828 2266 
1 2469 
2 457 1041 
2 1565 2703 
2 278 1188 
3 280 644 1401 
4 595 1134 1892 2672 
1 1554 
2 1183 1654 
1 191 
3 1652 1799 2989 
2 600 2169 
0 
1 2648 
3 94 1875 2926 
1 1462 
2 758 2293 
6 820 1417 1440 1476 2784 3010 
3 1406 1856 3078 
5 309 340 1448 1837 2780 
2 726 3047 
1 1194 
3 303 2414 2547 
1 2981 
1 1336 
3 70 1630 1678 
3 609 1540 2733 
1 157 
1 2008 
3 1926 2714 3101 
1 1148 
0 
1 817 
2 1464 2340 
1 1669 
1 1557 
2 565 801 
6 440 1232 1448 1786 1809 2016 
3 837 987 2901 
1 1479 
1 2307 
4 754 1067 2209 2883 
1 1290 
3 565 1085 2529 
3 24 259 588 
3 863 1351 2170 
1 1694 
2 509 2112 
3 212 743 3050 
0 
3 245 1690 2103 
2 500 2244 
3 1479 1706 3158 
3 596 2005 3064 
3 438 1496 1752 
2 258 3160 
3 320 2421 2538 
3 535 2638 2770 
2 206 429 
3 601 931 2300 
3 578 826 2789 
3 299 655 1832 
3 891 1422 1696 
2 409 2093 
1 1358 
1 2385 
1 1101 
5 1027 1259 1624 2077 3065 
3 37 237 1616 
4 431 486 1511 2940 
1 1573 
2 994 2936 
5 1497 2232 2392 2569 3107 
1 45 
3 1766 1841 2015 
5 1124 1371 1426 1904 2932 
5 292 1368 2248 2440 2842 
3 2179 3075 3144 
2 943 1967 
2 1426 2674 
3 911 1281 1373 
1 2529 
1 2798 
2 288 1783 
4 117 2403 2964 3060 
3 998 1356 1814 
4 792 1300 2478 2843 
2 658 1804 
3 764 1143 2283 
3 1216 1968 1990 
1 312 
3 810 1378 1613 
1 972 
3 2103 2304 2603 
1 2616 
0 
3 924 2039 2727 
5 326 1151 1410 2537 2739 
2 1814 2050 
3 1777 1857 2550 
3 94 276 1573 
0 
1 2972 
1 946 
1 517 
4 13 810 1391 1446 
6 250 977 1439 1471 2595 2698 
1 1213 
2 1314 1698 
2 1036 1252 
3 2454 2635 2839 
2 1009 1054 
2 817 976 
5 9 249 312 457 1432 
1 533 
4 203 1274 1344 2047 
2 1581 1605 
4 543 652 2068 2610 
3 527 1561 1641 
2 1820 2485 
3 1771 1777 1899 
3 1297 1442 2290 
5 677 1509 1718 2846 3138 
0 
1 373 
0 
2 933 1630 
4 442 1764 2510 2943 
4 167 672 1916 2750 
3 188 349 3170 
1 1962 
4 930 1818 2078 2446 
2 312 1546 
4 757 1743 1764 1975 
0 
1 1313 
1 2034 
5 357 572 1225 2623 3010 
4 47 2037 2233 2326 
5 232 827 1369 1727 1864 
3 148 1925 2929 
1 2837 
4 457 764 1600 1681 
6 464 691 1915 2906 3093 3118 
3 4 547 2389 
2 345 1933 
0 
1 3160 
0 
3 1355 1822 1843 
2 849 3000 
1 1306 
4 1335 2519 2684 2833 
3 338 1063 1638 
4 429 793 907 1989 
1 1654 
1 2797 
1 1304 
3 269 1018 2506 
3 446 1024 1479 
2 615 1731 
1 1956 
2 346 545 
0 
1 609 
3 1226 1681 2629 
3 623 1971 2303 
2 1580 2350 
3 705 2273 2912 
2 841 1498 
6 54 581 1729 1742 1883 2642 
0 
1 2766 
3 942 1501 2378 
1 1775 
0 
6 250 1139 1763 2398 2631 3045 
2 169 3151 
1 1793 
5 533 1225 1879 3019 3155 
6 88 638 1528 1906 2762 2833 
2 442 2460 
2 53 890 
2 26 2239 
4 1644 2182 2246 3168 
4 521 1898 2164 2329 
1 429 
5 849 1296 1328 1627 3153 
2 204 1705 
2 424 2302 
0 
6 132 272 724 1286 2062 2804 
2 1045 1420 
3 602 1483 1663 
1 338 
4 385 933 1121 2446 
3 168 2572 3009 
5 750 1274 1718 2360 2888 
1 736 
1 1793 
5 177 757 1004 2744 3136 
2 1551 2386 
1 878 
3 731 872 1100 
3 195 560 2031 
2 359 2416 
2 155 455 
1 689 
1 400 
1 1072 
4 738 1606 2838 2906 
2 509 889 
3 1662 2390 2602 
5 843 1119 1484 1743 2406 
5 712 1606 2556 2739 2760 
0 
1 2224 
0 
2 120 647 
0 
1 1783 
2 411 2438 
3 782 849 2754 
3 538 607 1032 
2 26 1015 
1 2846 
3 835 847 872 
4 130 527 1305 2140 
1 1065 
4 1986 1993 2417 3199 
3 728 1278 2574 
3 677 926 1658 
1 488 
0 
2 1614 2176 
6 991 1028 1627 1823 2596 2824 
6 469 585 1525 2606 2620 2736 
0 
1 1933 
5 226 336 493 576 1814 
0 
3 546 1022 2821 
2 929 1182 
2 1077 2908 
0 
1 2235 
6 220 492 1379 2124 2289 2321 
4 1581 2664 2853 2941 
5 710 737 1650 2995 3190 
4 706 1579 2486 2753 
3 2229 2478 3035 
1 2198 
3 841 1039 1504 
2 1988 2679 
2 1829 2400 
4 1113 1764 2295 2314 
2 1955 2301 
4 944 1590 2309 2791 
4 70 336 1217 1548 
3 2086 2463 2932 
2 1719 2662 
1 2355 
3 1824 2453 2862 
1 582 
3 386 914 3083 
3 204 2088 2200 
4 890 1996 2411 2861 
2 185 982 
1 2395 
1 2854 
5 1630 2389 2435 2770 2936 
4 865 1360 1601 1787 
2 1772 2183 
6 1094 1471 2073 2356 2497 2750 
4 1063 1216 2620 2670 
1 1110 
1 1501 
1 809 
1 496 
3 418 1066 2645 
2 2413 2754 
3 1484 1784 2073 
5 1139 1294 1673 2172 2273 
0 
1 2563 
0 
3 238 948 2578 
6 1140 2099 2305 2981 3184 3186 
2 1263 2673 
6 33 615 1789 1882 2468 3099 
1 2227 
0 
4 53 1176 2273 2378 
3 28 570 938 
0 
5 897 2099 2360 2508 2695 
3 395 2553 2583 
1 25 
2 557 2246 
1 2019 
1 816 
3 291 309 1547 
2 1439 3162 
4 1027 1504 1606 2464 
4 1052 1362 1391 2765 
2 391 721 
2 175 3159 
4 521 2350 2723 3071 
3 426 560 1559 
5 985 1555 2177 2357 2720 
3 142 739 1475 
7 863 1061 1187 1394 1900 2523 2821 
5 243 748 1518 1805 3157 
1 2123 
2 2306 3064 
3 862 2162 2822 
2 997 2588 
2 589 2722 
2 1455 1774 
4 1641 1997 2356 2942 
5 388 814 1084 2242 2686 
3 914 1200 2815 
5 124 226 654 850 1079 
4 1234 1722 2651 3122 
2 776 1733 
1 2238 
3 74 1460 1574 
2 1810 2643 
1 2469 
2 1559 2341 
1 2900 
3 639 1777 2883 
3 153 843 2169 
2 291 2186 
3 473 1148 2902 
3 764 2724 2879 
0 
3 329 2248 2891 
2 2819 2994 
2 987 3124 
2 2564 3078 
1 870 
4 1873 2067 2278 2845 
3 1033 2251 3086 
5 574 1897 2244 2593 2783 
1 1798 
2 1733 2751 
0 
4 469 910 1995 3137 
3 488 1153 1873 
0 
5 5 375 753 818 1992 
3 1389 1910 2760 
3 1963 2078 2083 
3 330 641 3186 
1 2873 
2 1234 2869 
3 495 1395 2789 
2 3044 3172 
1 404 
1 1510 
5 143 156 1697 2315 3124 
2 965 1031 
2 1217 2467 
1 1672 
1 2393 
2 91 1022 
2 951 2160 
1 2074 
4 419 1028 2936 3102 
5 65 598 615 2979 3015 
3 1718 2497 2614 
2 146 1681 
2 530 2119 
2 2296 2861 
2 1943 2585 
3 676 769 1330 
2 570 1534 
0 
1 2430 
0 
4 448 1331 2374 2754 
4 354 2027 2322 2452 
2 1511 2026 
3 100 185 946 
2 451 2680 
4 205 397 456 2938 
2 67 1848 
3 370 1427 2878 
2 124 2245 
8 87 158 1780 2655 2810 2893 3022 3046 
3 1009 2749 2837 
2 157 1287 
6 212 1354 1782 2429 2842 3041 
2 518 2663 
3 1740 2140 2145 
5 1228 2372 2732 2934 3160 
3 1281 1532 2756 
0 
0 
3 225 538 1614 
1 1512 
2 89 549 
2 1181 1759 
0 
3 2082 2662 2876 
4 1742 2267 2370 2730 
1 2429 
1 2632 
2 1443 2759 
3 1244 2771 2876 
5 381 779 1092 1207 3061 
2 895 1213 
1 2598 
2 432 1174 
3 2426 2496 2812 
2 2205 2417 
2 338 2379 
3 1626 1835 2900 
2 303 2892 
1 87 
0 
1 605 
2 1261 1986 
1 1761 
3 413 1554 2171 
2 764 1016 
2 1511 2848 
2 467 696 
4 257 1080 1917 1925 
2 1427 2012 
1 1501 
1 2149 
4 144 231 1172 1711 
3 1775 1997 2379 
2 505 2197 
2 691 1636 
0 
1 2049 
3 1997 2339 3070 
3 816 1008 2401 
1 722 
2 1903 3107 
3 497 1510 1551 
4 61 1909 2117 2809 
0 
3 432 570 2841 
1 2259 
2 450 1639 
4 1626 1707 2461 2895 
2 524 2215 
2 433 2339 
2 363 3160 
1 1144 
3 47 1403 2886 
3 1254 1931 1939 
5 320 806 1503 2950 2986 
3 453 775 2806 
3 94 546 1031 
3 1694 1737 2220 
0 
2 774 1011 
3 375 654 2229 
1 3144 
2 224 1260 
0 
1 3181 
2 252 2939 
1 1691 
0 
4 67 202 1126 2999 
5 96 138 2453 2745 2861 
3 1163 2380 3084 
3 717 2088 2448 
2 1199 1491 
2 1385 2017 
3 318 815 985 
1 203 
0 
3 47 1957 2473 
3 278 1282 1890 
3 2235 2360 3175 
3 1035 2733 2999 
3 257 1474 2215 
1 60 
2 360 1253 
1 646 
0 
3 1399 2546 2565 
7 46 119 438 1301 2248 2458 3188 
3 828 2792 2868 
0 
2 2759 3037 
0 
2 645 1060 
1 2560 
6 567 590 1148 1496 1871 2039 
0 
4 18 835 1485 2201 
2 71 1158 
3 1519 2729 2802 
5 253 720 1102 2039 2983 
0 
3 63 2674 2954 
0 
2 1100 2076 
2 756 2871 
0 
1 3196 
3 625 915 1351 
3 236 510 1549 
2 1099 1313 
3 582 953 2782 
3 1039 3005 3115 
0 
3 425 2658 3066 
6 277 593 1072 2011 2213 3094 
0 
7 84 443 1014 1959 2254 2468 2589 
2 79 733 
3 943 1640 1829 
1 265 
4 1000 1359 1442 2566 
1 1259 
2 1446 2842 
4 1263 1655 1976 2616 
3 1459 1689 2783 
4 74 393 2069 2363 
2 360 1926 
2 1067 2211 
2 336 635 
0 
2 669 1878 
4 21 1953 2869 3194 
1 1473 
4 62 490 1389 1721 
3 1482 2384 3183 
0 
4 407 1241 1828 2629 
2 1916 2981 
2 1592 2718 
3 1332 1569 2436 
2 1084 1977 
2 426 730 
1 1316 
3 723 1044 1419 
1 390 
3 1479 2813 3164 
1 2373 
1 728 
0 
1 712 
2 2349 2858 
3 74 2079 2415 
6 43 1591 1895 2492 3020 3111 
3 529 1358 1457 
1 1909 
5 362 1540 2142 2589 2800 
2 905 2397 
0 
6 911 1141 1161 1336 1543 2632 
2 630 2060 
2 363 1034 
1 907 
0 
1 1685 
3 920 1058 1581 
3 428 2173 2650 
1 2556 
2 875 2160 
1 1225 
2 2094 2127 
4 503 769 869 2672 
2 252 2689 
3 171 499 2952 
1 688 
2 777 2103 
4 405 805 1620 2604 
1 2480 
2 503 2983 
2 1860 2736 
0 
1 466 
5 44 185 910 1934 2943 
2 868 3121 
5 250 1516 1894 2106 2471 
2 232 1210 
2 2345 3011 
5 245 384 1716 2720 2775 
3 233 1782 2270 
3 534 3140 3148 
2 1889 2125 
1 96 
0 
3 1016 1969 2588 
4 317 672 1405 1827 
4 88 112 993 1405 
2 135 314 
4 159 1169 1488 1964 
4 222 687 1332 2817 
4 311 1695 1988 2502 
1 2033 
3 1068 1828 1942 
3 901 1123 2960 
3 1720 1981 2133 
2 489 924 
1 1396 
3 881 1987 2256 
1 339 
2 527 2914 
3 601 2162 3197 
1 1224 
2 1432 2251 
2 411 1082 
0 
5 1393 1460 2091 2830 3085 
2 1089 1500 
0 
3 743 1185 1253 
1 1632 
2 1303 2662 
2 84 907 
2 429 1644 
4 2050 2622 2707 2900 
3 53 370 944 
3 1221 1493 2301 
1 2233 
1 1030 
0 
4 77 1812 1926 1936 
0 
1 378 
4 1102 1315 3030 3067 
0 
3 789 934 1986 
0 
2 376 1115 
3 514 1112 3153 
3 42 1064 2537 
2 1732 2819 
1 2873 
2 2628 2665 
2 958 1363 
0 
2 79 1428 
2 1890 2972 
3 1013 1765 2374 
0 
2 2447 2801 
1 1660 
2 1287 2602 
6 684 983 1053 1371 1899 2488 
3 2018 2461 2555 
2 245 1448 
0 
3 2447 2984 3093 
4 332 1639 1703 2933 
3 644 1900 2269 
2 1075 1833 
3 1810 2606 3155 
2 1737 3129 
3 694 1931 3159 
3 583 1425 1958 
2 548 1684 
5 298 1088 1091 2542 2673 
2 1117 1901 
1 2332 
1 855 
1 2794 
4 29 2369 2433 3146 
1 1899 
2 908 2005 
1 2611 
1 1336 
1 2667 
2 270 1300 
1 2735 
3 1890 2690 2923 
3 1342 2026 3147 
0 
0 
1 327 
4 951 1026 1511 1782 
2 344 1481 
1 2936 
2 1829 2521 
2 2488 2515 
0 
4 29 1406 2310 2452 
1 1624 
1 292 
0 
0 
4 593 749 2581 2918 
2 659 2437 
2 2083 2095 
3 890 1677 2723 
2 1197 1973 
1 2388 
3 848 1278 1441 
2 1197 2613 
3 908 1230 2231 
5 87 558 1379 2834 3126 
2 277 2713 
2 190 1171 
3 704 2196 3062 
6 42 388 1811 1951 2444 3173 
2 900 1394 
2 1222 3093 
3 1082 2490 2794 
1 2923 
3 1007 1905 3044 
2 1917 1963 
2 1574 1953 
2 435 1453 
6 81 197 222 718 1050 1428 
7 215 765 1417 1841 1939 2125 2437 
3 206 369 2635 
2 1353 2691 
1 2171 
3 826 1037 2483 
2 1630 2842 
2 732 2368 
1 2822 
3 2366 2824 3069 
3 145 892 2313 
2 2050 2501 
3 235 695 1566 
3 719 916 2040 
3 1474 2192 2862 
3 215 2025 2290 
3 2447 3034 3043 
5 388 724 1049 1233 2655 
4 153 838 2400 2726 
3 833 1817 1936 
4 935 1169 2061 2078 
3 1419 1457 2116 
4 20 816 3028 3038 
0 
2 219 2971 
2 2180 2387 
4 79 151 603 1709 
1 1845 
3 808 2384 2475 
2 1484 2342 
4 715 1788 1914 3029 
1 1856 
1 543 
2 178 1716 
2 2009 2874 
0 
2 1912 2483 
1 2861 
2 763 2202 
2 1820 2638 
1 658 
6 71 114 323 1080 1898 2377 
4 130 2084 2713 2738 
3 299 497 1016 
2 228 1728 
2 1230 1249 
4 120 597 2542 2733 
1 1857 
2 916 1618 
1 1377 
1 393 
2 115 2931 
1 1910 
1 2480 
3 739 1924 2794 
2 1641 1666 
5 446 964 2197 2846 3037 
1 1849 
4 1558 1873 2060 2818 
3 29 344 418 
1 101 
2 657 879 
5 890 1413 1623 1643 1700 
2 541 809 
2 205 1618 
3 344 1446 2793 
4 641 2718 3132 3151 
2 2059 2788 
3 2578 2770 2879 
2 19 274 
5 591 808 2037 2051 2973 
4 387 2023 2635 2906 
1 1472 
2 617 973 
3 413 2313 3060 
4 1028 1032 1430 2682 
1 1914 
3 397 2185 3027 
2 2338 2360 
2 1865 3148 
1 900 
2 720 1720 
0 
1 456 
3 422 826 3087 
5 131 1083 2350 2610 2989 
3 821 1045 2480 
5 68 925 1266 1775 1839 
5 403 714 2292 2299 2375 
3 1119 1572 2117 
1 1237 
0 
1 108 
2 2026 2332 
6 269 455 786 1906 2115 2618 
1 1754 
2 1329 3045 
0 
1 943 
3 926 2133 3177 
1 2539 
6 8 373 1046 1380 1446 1825 
3 1552 2093 2296 
1 701 
3 366 1903 2580 
5 1103 1947 2757 2791 2825 
3 272 1607 2878 
3 238 2859 2907 
2 181 2007 
6 299 1371 1933 2162 2855 3153 
5 76 1172 1645 1972 2922 
2 639 1197 
7 133 310 811 2229 2601 2648 2972 
1 788 
3 247 779 2123 
4 1180 1470 3003 3170 
2 1 2387 
0 
3 309 963 1642 
2 1730 1894 
1 161 
8 580 1187 2222 2412 2445 2791 3055 3138 
3 1457 1532 2866 
1 494 
4 1159 2364 2395 2832 
2 277 1353 
1 1763 
2 408 1893 
2 1342 1631 
2 2295 2330 
4 704 1021 1276 1278 
1 2353 
2 1213 1526 
4 666 884 2198 2560 
1 685 
2 914 2676 
2 381 680 
2 2059 2938 
4 61 223 1917 2015 
1 319 
2 290 2998 
1 122 
1 2370 
2 2244 2519 
1 2518 
4 1390 1438 2655 2749 
1 1113 
1 1802 
0 
1 1939 
2 438 3177 
3 285 1083 1771 
1 577 
1 2955 
1 411 
1 2630 
1 2330 
1 311 
2 92 1463 
3 2503 2615 3144 
3 685 1796 2502 
2 132 1125 
4 476 1058 2329 2802 
3 495 1360 1561 
4 366 1257 1955 2877 
4 360 1146 1409 2528 
2 1384 2989 
2 1026 2749 
0 
3 802 1602 2524 
2 1687 1725 
3 260 730 2938 
2 128 256 
0 
3 142 553 621 
4 1340 2848 2966 2982 
4 419 668 729 2731 
0 
3 1289 1741 2282 
1 1700 
2 1108 2459 
2 1373 2761 
2 211 2669 
5 687 1039 1196 2308 2405 
1 892 
1 667 
1 1 
2 1006 2132 
3 972 1666 2734 
3 211 516 1598 
0 
2 855 1743 
2 2695 3090 
2 1214 2912 
3 249 876 1940 
2 323 559 
2 1007 2296 
3 648 1858 2212 
1 2925 
4 792 1060 2895 2996 
0 
5 1129 2139 2492 2759 3015 
1 114 
0 
1 1928 
5 32 262 297 1984 3045 
4 818 1022 2132 2645 
2 350 2166 
2 328 863 
2 939 1062 
3 822 844 1716 
1 403 
1 27 
1 1840 
2 278 1631 
2 1040 1874 
4 1527 2764 3051 3134 
1 1600 
4 24 80 843 2732 
4 703 1195 1930 2427 
0 
4 109 1161 1203 2463 
3 48 1288 2337 
0 
3 942 1298 1940 
1 363 
4 165 2019 3105 3191 
1 1007 
2 805 3015 
4 399 1960 2238 2595 
3 817 2162 2201 
3 182 254 1193 
3 469 693 1495 
0 
4 309 313 354 1988 
2 56 1105 
2 1750 2588 
2 1879 2741 
2 553 600 
1 2057 
2 251 1080 
0 
3 150 708 2471 
5 715 1311 1462 1856 2294 
1 1737 
1 2221 
1 206 
6 595 971 1880 2303 2972 3102 
1 289 
3 389 3102 3196 
1 1010 
5 540 1761 2444 2683 2822 
1 2316 
4 368 680 1363 2809 
3 433 2344 2896 
3 157 798 2015 
5 760 1450 2518 3028 3121 
4 719 1426 1738 2169 
2 1238 3110 
4 16 1049 1339 2453 
6 318 322 996 1278 2882 3161 
3 1169 1880 1918 
1 891 
2 592 2267 
2 55 1781 
2 821 2725 
0 
0 
4 329 758 1424 2705 
4 1429 2285 2657 3109 
5 54 413 1189 1809 2182 
3 1178 2514 2686 
1 1820 
3 397 2052 2204 
1 2713 
2 1574 2668 
5 324 1195 1754 2361 2430 
0 
2 304 1517 
2 1701 2398 
1 3050 
2 308 687 
2 69 851 
1 1814 
2 449 1971 
1 1294 
5 381 442 1537 1923 2565 
2 57 950 
1 166 
7 364 520 733 1619 1657 2471 2748 
3 15 565 954 
2 1108 2211 
3 693 1967 2663 
2 1226 3066 
5 654 768 1134 2697 2872 
1 326 
3 2034 2376 2504 
1 1542 
1 2628 
3 1301 2159 2912 
3 325 1374 3035 
0 
1 1227 
3 1904 2049 2264 
3 167 2038 2651 
3 684 1255 1891 
2 471 2285 
2 377 992 
3 57 2318 2831 
1 2634 
3 792 975 2541 
5 203 527 688 1029 1918 
1 3066 
5 1015 1237 1251 1650 2216 
4 290 1189 1932 2308 
5 450 539 978 1723 2147 
2 48 178 
1 2494 
1 847 
2 493 1149 
1 1897 
1 2029 
2 824 3117 
1 2434 
3 1198 1532 2610 
3 34 578 1796 
5 111 328 983 1488 2893 
3 1332 1964 2630 
0 
1 1328 
4 19 624 1273 2217 
3 347 1639 2321 
3 341 2362 2959 
1 1462 
0 
2 179 1124 
6 44 721 1212 1939 2551 3189 
2 74 2851 
2 1492 2653 
3 562 1750 3018 
2 856 1618 
1 66 
2 741 877 
2 1115 1406 
1 1647 
4 2887 2940 3075 3105 
4 98 1580 2627 3194 
2 1311 3016 
1 2267 
5 221 572 925 968 2959 
0 
3 24 1030 1561 
0 
1 707 
6 107 1158 2347 2401 2633 2989 
1 1673 
0 
2 1626 2825 
3 560 1099 1398 
3 282 2184 2425 
2 122 1508 
3 1953 2232 3137 
1 1425 
5 14 668 993 1557 1961 
3 541 1951 2340 
2 1336 1979 
3 630 2624 3147 
3 989 1339 2377 
2 363 1740 
1 43 
5 193 214 469 1444 2144 
4 554 2050 3048 3176 
5 159 451 480 670 2535 
2 2040 2577 
4 347 1670 2126 2405 
1 2547 
1 2320 
3 1880 2224 3124 
0 
2 1023 2401 
2 1741 1858 
1 1335 
1 2596 
2 1289 1432 
0 
2 1844 2877 
2 910 2115 
2 363 534 
3 423 1086 1438 
4 496 622 1490 2648 
3 2035 2504 2526 
5 817 1030 1772 1917 3127 
3 189 816 1990 
1 1192 
3 802 1039 1893 
7 849 895 1407 1866 1924 2025 3121 
2 907 1510 
5 10 1383 1500 2041 3024 
1 2464 
4 973 1110 1177 2764 
5 242 1464 2053 2136 2560 
2 1858 1996 
2 1357 2540 
2 1552 1824 
2 893 2863 
5 782 1059 1500 2575 2758 
3 621 726 1948 
4 655 735 1816 3011 
1 3076 
1 2845 
3 560 1322 3120 
7 73 770 1442 1534 1701 1914 2427 
2 1593 2054 
2 65 750 
1 674 
2 1482 2818 
3 341 1350 2232 
2 809 870 
1 3199 
0 
0 
3 711 792 1663 
1 1140 
1 2156 
4 992 1988 2170 3001 
3 275 441 1661 
0 
0 
1 1389 
3 291 1154 2426 
2 1704 2001 
2 228 3009 
4 708 1901 2464 2480 
4 1332 1554 2134 3175 
1 2424 
6 1484 2312 2353 2413 3152 3159 
2 768 2815 
1 324 
2 642 1800 
3 582 974 1726 
0 
2 1614 2201 
6 323 606 925 2292 2921 3019 
4 1353 2144 2521 2916 
2 552 1361 
1 1835 
2 170 1505 
2 1539 2101 
0 
2 522 1206 
2 2088 2612 
2 438 2034 
2 539 1511 
3 86 159 2059 
3 444 1254 2191 
0 
2 1965 2795 
1 1033 
2 1019 2243 
5 560 1156 2417 2774 2840 
3 1018 1982 2283 
1 615 
4 653 1082 1885 1955 
5 1344 1959 2367 2610 2895 
1 380 
6 407 535 1429 1879 2368 3037 
2 2464 2716 
0 
3 653 1262 1595 
1 553 
1 88 
4 381 389 1198 2259 
2 1242 2667 
1 2483 
4 255 1796 1824 2992 
2 1355 2346 
4 341 860 1370 3167 
3 887 1318 2870 
3 961 1785 2035 
4 434 1356 1854 3140 
2 1040 1754 
1 2818 
1 2090 
6 311 1079 1720 2037 2168 2365 
4 169 1431 1571 1730 
3 215 1165 1587 
3 1026 1986 2768 
3 1766 1869 2415 
2 389 909 
3 545 2071 2534 
2 186 1125 
0 
2 819 2696 
2 764 1092 
1 1891 
2 706 1913 
2 429 2468 
3 1585 3116 3179 
1 600 
2 654 2196 
2 1087 2466 
2 1060 3196 
4 1910 2018 2115 2396 
5 624 1607 1906 2373 2869 
1 2763 
1 230 
0 
6 374 769 811 1611 2481 3055 
2 101 1013 
5 1005 1226 1282 1564 2134 
4 994 2000 2177 2862 
2 1187 2836 
2 1582 2150 
1 2653 
5 214 411 1999 2284 3121 
1 2393 
1 1313 
4 17 1122 2049 2054 
5 199 1634 2523 2744 3026 
5 362 596 2032 2465 2979 
4 306 1039 1979 2427 
3 597 718 825 
1 3038 
1 2619 
3 1127 1685 1975 
3 616 1247 1632 
2 1248 1601 
1 2098 
3 282 879 2704 
4 832 1841 2901 2959 
2 581 1579 
1 773 
3 712 1269 1981 
1 2063 
6 269 1033 1224 2034 2685 3171 
1 584 
4 331 2093 2558 2822 
2 1535 2613 
2 844 1201 
0 
2 306 2990 
3 1974 2062 2267 
2 1682 2888 
3 474 777 1978 
1 1426 
2 399 772 
3 817 1018 1543 
7 63 75 310 1085 1787 1854 2430 
2 432 2466 
2 1484 1887 
0 
1 564 
2 1270 1450 
6 598 691 1152 1812 2552 2658 
1 3009 
1 2253 
2 1363 3137 
3 231 353 2802 
0 
2 862 2337 
1 951 
0 
2 1335 2801 
2 2469 3073 
3 446 2321 2354 
0 
1 2557 
2 1392 1658 
1 864 
0 
1 1784 
1 1168 
3 2410 2990 3037 
4 455 1202 1719 1903 
2 1531 2300 
4 692 1155 2040 2980 
0 
6 114 906 1715 1914 2013 2328 
1 242 
6 705 1113 1181 2030 2496 2530 
4 182 423 2111 3135 
5 204 240 1713 2704 3011 
1 1891 
3 1082 1963 3148 
5 614 811 987 1771 2227 
1 2976 
1 193 
2 1269 1513 
1 1466 
1 3142 
0 
1 2100 
2 379 895 
2 782 2218 
0 
4 388 873 1115 2147 
5 518 928 1375 2512 3037 
2 1378 1537 
0 
2 1005 3063 
5 618 1164 2691 2708 2888 
7 229 649 961 995 1632 2247 2994 
0 
2 160 588 
1 604 
2 1515 1728 
2 427 614 
4 434 566 1539 2534 
1 1634 
2 557 2985 
1 1076 
2 600 1207 
3 518 1061 2383 
5 416 1746 2289 2471 2606 
1 2429 
1 1309 
2 413 3073 
2 259 2944 
3 631 1030 1478 
1 1109 
2 2014 2878 
5 424 551 554 883 2934 
4 44 1667 1931 2183 
2 245 2534 
3 2145 2223 3196 
4 370 440 751 2299 
1 2968 
2 1062 2100 
1 1044 
1 1528 
6 580 709 1654 2444 2525 2713 
4 618 892 2899 2931 
0 
1 2833 
1 606 
4 427 590 1982 2960 
2 1054 1892 
1 2558 
2 593 1383 
4 707 1096 2499 3192 
3 404 2114 2126 
2 1465 1794 
1 2783 
1 67 
2 339 2474 
1 433 
1 2157 
1 1330 
0 
3 541 826 1609 
5 515 828 1840 2790 2913 
5 987 1310 1661 1781 3129 
5 562 1449 2231 2766 2940 
3 8 283 491 
1 722 
2 1088 1168 
4 1108 2014 2560 2587 
2 1462 2706 
2 168 803 
5 607 983 1012 1015 2698 
5 23 409 1411 1823 2801 
3 542 1206 2198 
1 382 
2 2034 3133 
1 1328 
1 2756 
2 819 1306 
2 174 2877 
1 2436 
2 2381 2615 
2 274 2389 
2 1048 2276 
1 311 
0 
1 1151 
4 257 359 1372 2375 
3 590 1894 2659 
2 177 1602 
6 810 2136 2415 2824 2931 2955 
2 2381 2881 
2 414 530 
1 1098 
3 450 1197 2037 
3 568 1518 3180 
1 2375 
3 1130 2002 2355 
5 327 843 1820 2455 2564 
2 854 2034 
2 678 1664 
1 2730 
0 
2 1692 2639 
2 427 2575 
2 440 1428 
4 1071 1288 1585 3131 
2 1148 3109 
3 226 2480 2866 
2 391 1085 
2 3088 3128 
1 414 
3 109 472 1265 
3 1176 1728 2433 
2 2055 3185 
3 732 1082 2349 
1 2958 
4 802 1480 1697 1958 
1 1711 
5 1271 1290 2159 2652 2671 
4 611 945 1377 2276 
1 255 
3 527 890 2368 
4 75 1312 1440 2083 
1 1951 
1 1325 
3 278 2922 2975 
0 
4 1472 1607 1721 2704 
1 2767 
1 933 
2 1662 1984 
2 720 3095 
3 293 818 1496 
4 99 744 928 1304 
0 
4 150 478 1027 1908 
3 557 655 2116 
3 861 1292 2259 
2 1032 1987 
3 1070 1376 2443 
2 686 3057 
4 544 771 1008 1016 
3 780 1185 2551 
3 388 688 959 
0 
3 1787 2299 2352 
1 2160 
4 504 1114 1224 3079 
2 1006 3151 
2 138 1443 
1 959 
2 748 1933 
5 195 233 491 1531 1615 
2 449 1673 
6 30 158 457 2013 2606 2608 
1 933 
1 178 
3 1493 2585 2704 
0 
3 849 1716 2086 
2 67 1204 
3 292 2628 3054 
1 2617 
3 770 920 2198 
4 316 599 1479 1643 
1 1271 
2 95 1047 
1 2157 
2 1393 2856 
1 2681 
1 1787 
1 3199 
1 2769 
5 649 2228 2615 2754 2873 
1 1967 
4 267 731 1500 3147 
4 1026 1983 2005 2736 
1 204 
2 1020 2346 
2 1120 2750 
2 1625 3057 
4 1171 1245 2304 3010 
1 68 
3 603 1215 3053 
3 5 855 2425 
2 775 3022 
3 1064 1479 2575 
1 2939 
2 822 1844 
5 331 536 1992 2720 2915 
4 744 1766 2480 3139 
1 3138 
2 2234 2838 
0 
2 1364 2948 
1 247 
5 1174 1592 1721 2107 2518 
0 
3 946 2313 3155 
3 2322 2725 3123 
5 202 1424 2234 2438 2942 
0 
0 
3 1821 2425 3096 
2 1068 2794 
3 1831 2281 2468 
1 603 
4 1579 1823 2303 3146 
2 0 1194 
3 320 1378 1956 
2 1024 1696 
3 1950 2305 2794 
5 1053 1699 1791 2040 2096 
2 1082 2619 
2 1946 3198 
3 25 217 3166 
3 692 1547 2191 
0 
2 649 3163 
2 27 2835 
2 1030 1828 
4 609 980 1398 1464 
3 1228 1773 2474 
2 1217 2893 
1 2002 
4 160 723 1499 2350 
2 261 1297 
2 2125 2792 
2 318 2730 
3 369 2458 2509 
2 1050 1471 
1 2856 
1 3042 
4 167 298 352 2110 
0 
3 385 1519 2180 
1 1931 
2 930 3061 
3 1497 1931 1998 
0 
1 2133 
2 917 2695 
2 668 1892 
2 1529 2585 
3 1063 1406 2998 
0 
3 437 2177 2705 
0 
6 756 765 2152 2608 2860 2983 
2 771 2254 
2 864 3162 
5 52 644 1873 2777 3119 
2 1 1 1 1 3 1 1 3 1 1 1 1 1 1 1 1 1 1 3 1 2 3 2 2 1 3 1 1 3 2 3 1 1 2 1 1 1 1 1 1 1 3 2 3 1 3 1 2 1 1 1 3 3 1 3 1 2 1 1 2 3 1 2 1 2 1 2 1 1 2 2 1 1 3 2 2 1 2 1 3 1 1 1 3 2 1 2 2 4 2 2 2 3 3 1 2 1 3 2 2 2 1 1 1 2 1 2 2 2 2 2 2 1 2 2 2 1 2 1 3 2 3 1 1 2 2 3 1 1 1 2 3 2 1 3 2 1 2 1 1 3 1 2 1 3 1 2 1 2 2 1 1 2 1 3 3 2 2 1 1 1 2 1 2 3 1 3 2 2 2 1 2 1 1 1 1 3 3 2 1 1 2 3 3 1 1 1 1 1 1 1 1 2 1 1 1 3 1 2 1 1 2 3 1 2 2 1 1 1 1 2 2 1 3 1 2 1 1 1 1 1 3 3 1 2 1 2 2 1 3 1 1 3 1 3 2 1 2 1 1 3 3 1 1 1 1 2 1 1 3 1 1 2 4 2 1 3 1 3 2 2 1 2 1 1 3 1 1 2 1 1 2 1 2 1 1 3 4 2 1 2 2 2 1 1 1 2 2 1 2 1 1 3 1 2 2 1 4 1 1 2 1 3 2 1 1 1 2 3 2 2 1 1 1 1 2 4 3 2 2 1 2 3 3 1 2 2 2 1 2 2 2 3 1 1 3 1 1 2 1 2 1 1 3 1 1 1 1 1 2 2 3 2 1 1 1 1 1 2 3 2 1 2 1 1 1 2 1 3 1 2 1 3 1 2 1 2 2 3 2 2 2 1 1 2 2 2 3 3 2 1 1 3 1 1 1 2 1 3 1 1 3 3 2 1 1 1 1 2 1 3 1 1 2 2 1 1 1 1 1 1 2 2 1 1 3 3 2 1 1 2 3 1 2 2 2 1 3 1 1 1 2 3 1 1 3 1 3 1 3 3 1 2 1 1 3 2 3 1 2 1 1 1 3 1 1 1 1 2 1 2 2 3 3 2 1 1 2 1 1 2 2 1 1 2 1 1 1 1 1 3 1 3 2 3 2 1 1 1 1 1 1 1 1 1 1 1 3 2 2 1 3 1 3 2 1 2 3 1 2 1 1 1 1 1 2 2 1 2 2 1 3 2 2 3 2 1 3 1 3 1 2 3 2 1 1 1 2 2 1 1 2 1 1 1 1 3 1 3 2 1 2 2 2 1 2 2 2 2 3 1 1 3 1 1 1 2 3 3 1 1 2 2 2 1 2 1 3 2 2 3 2 3 1 2 1 2 2 3 3 2 2 3 2 2 1 2 1 3 2 2 1 1 2 2 1 2 1 1 1 2 2 1 3 2 1 2 1 3 2 1 1 2 2 1 1 2 2 1 2 2 2 1 1 2 2 1 2 1 1 1 1 1 4 3 1 2 2 1 1 1 3 2 1 1 1 1 1 2 1 2 1 2 2 1 2 1 1 1 2 1 1 1 1 2 1 2 2 1 1 2 2 1 1 1 1 1 1 1 1 1 1 1 2 1 1 2 1 3 1 2 2 1 1 2 1 2 1 2 2 4 3 1 2 1 2 1 3 3 2 1 1 2 1 1 2 1 1 1 1 3 3 2 2 1 2 1 3 2 1 1 2 2 1 2 2 3 1 1 1 1 1 2 1 1 1 1 3 2 2 2 2 1 2 2 2 3 2 1 2 1 2 3 1 1 4 1 2 1 1 1 1 1 1 1 1 1 2 1 1 1 3 2 1 1 2 1 4 2 2 2 1 2 3 3 1 2 2 1 2 3 2 2 1 2 3 1 2 2 2 3 1 1 1 1 1 4 2 1 2 3 1 2 2 1 1 1 1 2 1 1 2 1 1 1 2 1 1 1 1 2 1 2 2 1 1 1 1 2 2 1 1 1 1 3 1 2 1 2 1 1 1 3 1 1 2 1 2 2 2 3 3 2 1 2 1 2 2 1 1 4 1 1 4 1 2 4 3 2 3 1 1 1 2 1 2 1 1 2 1 1 1 1 1 1 1 1 2 2 1 1 1 3 1 2 1 1 3 3 1 1 2 3 3 2 2 1 2 2 2 1 1 3 1 1 2 1 1 2 2 3 1 1 1 1 1 2 1 1 1 1 1 2 2 1 2 1 1 1 3 1 3 3 2 1 1 2 2 3 1 2 3 2 1 1 2 3 2 1 1 1 1 1 1 3 1 4 3 1 2 2 2 3 2 2 2 2 2 1 2 2 3 2 1 1 1 2 3 2 2 1 2 1 2 3 1 2 1 4 2 2 1 1 2 2 2 1 3 2 1 2 1 3 3 1 2 3 3 2 3 2 1 3 2 1 1 1 3 1 1 2 1 2 1 1 3 2 1 2 1 1 1 1 3 1 1 1 1 2 1 1 3 2 1 2 2 2 1 4 3 3 1 3 1 3 1 1 3 2 2 1 2 3 1 2 2 1 2 1 1 2 2 3 3 2 2 2 1 2 2 1 1 2 3 1 1 1 2 1 1 2 1 3 3 1 1 1 2 3 1 3 1 1 3 2 1 1 2 3 1 2 2 1 2 1 1 1 3 2 1 1 2 2 1 1 3 2 1 1 1 1 3 2 1 2 2 2 2 3 1 2 1 2 2 1 2 2 1 2 1 2 1 2 2 2 1 1 1 2 2 1 2 1 2 1 1 2 1 3 1 2 2 1 1 3 2 2 3 2 3 1 1 3 1 2 1 2 1 2 2 2 1 2 2 1 3 1 1 1 2 1 1 1 1 1 1 1 3 2 1 1 2 3 1 1 1 3 1 2 3 2 1 2 3 2 2 1 3 1 1 1 1 1 1 1 2 1 2 1 2 1 4 1 3 1 2 2 2 1 3 1 2 1 2 1 1 1 1 1 1 2 2 1 1 2 1 2 2 1 1 1 2 1 1 3 1 1 2 1 2 2 3 2 1 3 2 1 1 1 3 1 2 1 3 2 2 1 1 2 2 1 2 3 1 1 5 1 3 2 3 3 1 1 2 2 2 3 1 1 1 1 2 1 4 1 1 2 2 1 3 1 2 2 1 3 1 2 1 4 1 1 1 2 1 1 2 2 1 3 1 1 1 1 1 3 4 1 2 1 3 3 1 2 2 1 1 2 1 2 1 1 3 1 1 2 1 3 3 4 2 2 1 1 1 1 1 2 1 3 2 1 2 2 3 1 3 1 1 2 2 1 1 3 1 1 1 2 1 2 2 1 2 2 1 1 1 2 1 1 2 3 2 1 1 2 2 1 2 4 3 2 2 2 2 1 1 1 4 1 2 2 1 3 2 1 2 1 3 3 2 3 3 2 2 1 1 1 1 1 3 3 2 2 1 2 4 2 4 1 1 1 1 2 1 1 1 1 2 2 2 3 2 1 1 2 1 2 1 1 1 1 2 2 2 2 1 2 2 2 1 1 2 1 1 1 1 1 1 2 1 2 1 3 1 1 1 2 1 1 1 3 2 4 2 1 1 1 2 1 1 1 1 2 1 2 1 1 1 1 2 2 1 2 1 4 2 2 1 1 2 1 2 1 1 3 1 3 1 1 3 1 1 2 2 1 3 2 2 2 3 3 1 1 1 1 1 2 1 1 3 2 1 2 1 2 2 2 1 2 2 2 1 2 3 2 1 2 1 2 1 2 3 2 1 1 1 1 1 1 2 1 1 2 1 1 4 2 1 1 2 1 1 1 1 1 1 2 2 2 2 2 3 1 2 2 1 2 1 3 1 1 1 1 2 2 1 2 1 2 1 1 3 4 1 2 2 1 1 1 1 3 2 4 1 2 2 2 1 2 2 3 1 3 2 1 1 1 2 1 2 1 2 2 2 1 2 2 1 1 2 1 1 2 2 1 1 1 1 4 2 2 2 2 1 2 1 3 1 1 2 2 1 2 2 1 2 1 1 1 1 3 2 2 1 3 2 1 1 2 2 2 4 2 2 1 3 1 2 2 1 1 1 2 1 2 2 2 2 2 2 1 3 2 3 1 2 1 1 1 2 2 2 1 3 1 1 1 1 1 4 1 1 4 3 1 1 1 2 2 2 1 3 3 1 1 3 1 2 1 1 2 1 1 2 2 2 2 3 1 2 2 2 2 2 1 2 3 3 1 1 1 2 1 1 1 1 1 1 2 2 4 2 1 1 2 2 1 3 1 3 1 1 2 1 2 1 3 1 2 3 2 2 3 3 2 1 1 1 1 1 1 1 1 1 1 1 1 3 3 1 2 2 1 2 2 1 4 2 1 1 1 1 2 1 1 2 1 1 1 1 3 2 3 1 1 1 2 1 3 2 2 2 1 2 4 1 3 2 2 2 3 1 3 3 3 2 1 2 3 1 1 2 3 2 3 3 3 1 2 1 1 2 3 2 2 1 2 1 3 1 2 1 1 1 1 2 2 3 1 1 1 4 2 1 1 2 1 1 1 2 2 1 1 1 1 2 1 2 1 1 3 2 2 1 2 3 1 1 2 1 2 1 1 1 1 2 1 3 2 1 1 2 2 1 3 3 3 2 1 2 3 1 1 1 1 1 2 1 1 3 1 2 1 1 4 3 1 2 3 3 2 2 2 1 1 1 3 1 3 3 1 2 2 1 1 2 4 2 2 1 1 2 2 2 1 2 2 2 1 1 1 1 2 2 2 1 1 2 2 1 1 2 1 1 1 1 1 2 1 1 2 2 1 1 1 2 1 1 2 2 1 1 2 2 2 1 2 1 2 1 1 1 2 1 1 3 1 1 2 3 1 2 1 2 3 1 1 1 1 1 1 1 3 1 2 4 2 1 2 2 1 1 3 1 2 3 1 2 2 1 2 1 2 2 1 1 1 2 2 1 1 3 2 2 2 1 1 2 3 1 3 1 1 1 1 1 1 1 1 1 4 2 1 3 1 1 1 1 1 2 3 2 1 1 1 3 2 2 1 2 2 1 2 2 1 2 2 3 2 3 2 3 1 1 1 1 1 1 2 1 2 3 1 1 1 1 1 1 2 1 3 1 1 3 2 2 2 1 3 1 1 3 2 3 1 2 2 2 1 2 1 1 3 1 1 3 1 3 1 3 1 1 1 1 2 2 1 2 1 2 1 1 1 2 2 2 2 1 1 3 2 2 1 1 2 1 1 2 2 1 2 1 4 2 2 2 1 2 2 2 2 1 1 1 1 2 1 2 1 1 1 2 2 2 1 1 1 2 1 1 1 2 2 1 1 3 2 2 3 1 2 1 2 2 2 1 1 1 2 4 1 2 1 1 2 2 1 1 1 2 2 1 3 3 3 1 1 2 1 1 2 1 2 2 2 1 1 1 1 1 1 1 2 1 1 1 1 1 1 4 3 3 1 2 1 1 1 1 1 1 2 1 2 1 2 2 2 2 1 1 3 3 1 1 3 1 1 1 2 4 1 1 2 1 1 3 1 2 2 1 1 1 1 3 1 2 2 3 1 1 1 1 3 2 2 1 1 3 2 4 1 2 2 2 1 1 2 4 1 3 1 1 3 3 2 1 2 1 2 3 1 1 2 1 1 2 1 3 1 1 2 2 1 1 1 1 1 1 1 1 1 2 2 3 1 1 1 1 2 2 1 1 1 1 2 1 1 1 1 1 2 1 2 2 3 2 1 1 3 1 2 1 3 1 4 1 2 2 1 3 1 3 1 2 2 2 2 3 1 3 2 1 3 1 1 1 1 2 1 1 1 1 2 2 4 1 1 2 1 1 2 2 1 3 2 1 1 2 1 1 3 1 1 1 1 1 3 2 3 1 3 1 2 2 1 2 2 2 2 1 3 1 1 1 1 4 2 2 1 1 1 3 2 1 3 3 2 4 1 1 1 1 1 2 1 1 2 1 2 2 1 1 2 3 2 1 1 2 1 1 2 1 2 1 1 1 2 3 2 1 2 1 2 1 2 1 2 4 2 1 1 2 1 3 1 1 1 1 2 1 1 4 1 2 1 2 2 1 2 1 2 2 3 1 1 1 1 1 1 3 1 1 1 1 1 1 3 1 1 2 1 1 1 3 4 1 1 2 1 1 1 1 1 2 1 2 3 1 2 2 1 3 2 1 1 2 1 1 1 2 2 3 3 1 1 1 1 1 2 1 1 2 1 1 2 1 3 1 1 1 2 2 1 3 1 4 1 1 2 1 2 1 1 3 1 2 1 1 1 3 3 3 1 1 1 1 1 1 1 3 2 1 2 2 1 1 1 2 3 1 4 2 2 3 1 1 1 3 1 1 2 1 1 2 3 2 1 2 1 2 2 2 2 1 2 2 2 3 3 1 4 2 1 2 1 1 3 2 1 4 2 1 1 2 3 3 2 1 3 1 2 1 1 2 3 1 1 2 3 1 2 2 1 2 2 3 1 2 2 1 2 2 2 1 1 3 1 4 3 1 2 1 4 1 2 3 3 3 2 3 2 2 1 2 2 1 1 4 2 2 1 1 3 1 1 1 1 1 3 1 1 2 2 1 1 3 2 1 1 1 1 3 1 2 2 3 1 2 2 1 1 2 1 1 2 2 1 1 1 1 3 3 1 1 1 1 1 2 1 2 1 2 1 1 1 1 2 2 1 2 1 1 1 4 4 1 1 2 3 2 1 2 1 1 1 3 2 2 1 2 1 2 1 2 2 2 3 1 2 2 1 2 1 2 1 2 1 1 2 2 1 2 2 4 1 1 1 3 3 2 1 1 1 2 1 1 1 2 3 3 1 1 1 2 2 3 1 4 1 3 1 2 1 1 2 2 1 1 3 1 1 1 1 1 1 1 1 1 1 2 1 1 1 3 1 2 2 1 1 2 1 2 1 1 2 2 1 1 3 1 1 2 1 1 1 3 1 1 3 1 1 1 1 1 1 2 1 2 1 1 1 1 1 1 1 1 2 2 1 1 1 1 2 1 2 2 1 1 1 2 2 1 1 1 2 1 1 1 2 1 3 1 1 2 1 1 1 2 1 2 2 1 3 2 2 1 2 2 2 2 2 2 1 1 2 1 1 1 2 2 1 1 1 2 1 1 2 3 1 1 4 1 2 1 2 1 1 2 1 4 2 2 3 1 1 2 2 1 2 1 1 2 2 1 1 1 1 2 1 2 2 1 3 1 2 2 1 1 2 3 3 1 1 2 1 3 1 1 2 
