m 2100
3 86 154 1701 
3 856 1029 1855 
5 448 1223 1488 1546 1920 
1 1256 
0 
4 312 365 534 1587 
5 574 601 877 1784 1801 
0 
1 1145 
2 1246 1478 
1 643 
1 1986 
3 25 765 1076 
4 334 365 1484 1941 
1 165 
2 376 1586 
2 727 803 
2 898 2011 
3 611 1506 1814 
3 558 670 1077 
2 924 1939 
4 1377 1465 1510 1941 
7 76 616 685 814 1235 1314 1915 
2 1311 1735 
0 
4 12 494 692 2007 
3 290 935 960 
4 515 575 1173 1850 
0 
5 61 157 597 766 807 
2 848 1664 
7 225 232 1377 1561 1714 1749 2029 
2 274 1850 
4 120 433 490 1060 
4 52 1413 1516 2086 
1 762 
5 242 545 1123 1257 2051 
2 541 1055 
5 718 934 1057 1108 1508 
0 
2 621 1462 
1 1995 
3 418 1630 1742 
3 138 466 946 
0 
3 74 1172 1667 
1 1687 
4 439 770 949 1377 
1 382 
2 634 1381 
3 890 913 1071 
3 376 738 1127 
5 34 494 1021 1125 1550 
4 742 830 992 1068 
2 977 1936 
0 
2 941 1302 
2 1645 1758 
0 
2 527 627 
3 716 903 1581 
2 29 878 
2 1248 1731 
1 758 
0 
2 200 440 
1 333 
5 744 1163 1404 1610 1726 
1 119 
0 
1 1430 
0 
4 348 380 1126 1534 
0 
3 45 1491 2077 
1 750 
6 22 537 1561 1643 1952 2070 
4 376 1170 1266 1526 
4 612 992 1295 1396 
1 1737 
2 1208 1544 
1 1043 
4 103 808 1434 1692 
2 1493 1944 
3 391 1434 1442 
1 294 
5 0 452 1040 1564 1617 
3 849 1136 1253 
6 130 390 838 1517 1721 1940 
3 672 1087 1183 
2 625 1174 
0 
2 1794 1835 
3 191 430 1937 
1 1624 
3 1155 1404 1874 
3 883 1135 1734 
2 347 983 
2 833 1594 
1 743 
1 334 
3 369 1014 1092 
2 1107 1647 
3 82 109 414 
4 1046 1174 1632 1761 
2 1592 1913 
1 1931 
0 
2 831 1536 
2 103 1664 
1 822 
3 998 1275 1563 
3 617 1973 2017 
0 
5 1373 1504 1512 1765 1912 
4 443 664 1152 1388 
3 565 866 941 
2 195 505 
2 296 1426 
1 68 
2 33 1339 
2 1397 1710 
3 286 1184 2090 
2 175 1236 
2 602 834 
2 1170 1395 
3 264 524 635 
2 594 1311 
3 539 1015 1124 
3 720 1292 1988 
2 88 315 
2 1062 1375 
7 192 319 345 393 579 664 1667 
3 1521 1618 1639 
2 1198 2000 
5 872 1247 1392 1460 1830 
1 453 
4 255 347 696 1321 
4 43 956 1707 1861 
2 1046 1096 
1 977 
2 1047 1534 
2 1898 1906 
4 1351 1782 1968 2051 
3 535 1419 1971 
2 227 576 
5 506 552 671 777 788 
4 483 720 1612 2083 
4 366 508 760 1471 
2 597 1100 
0 
4 248 869 1830 2010 
3 200 854 1139 
2 521 753 
4 0 766 1216 1939 
4 186 239 1462 1893 
1 844 
2 29 1596 
3 207 873 1270 
3 362 1347 1619 
2 1439 1706 
1 241 
2 534 969 
3 330 700 1014 
1 1676 
2 14 963 
0 
1 1626 
6 308 582 781 1087 1630 1833 
3 444 1413 1677 
1 445 
2 587 1871 
2 1736 1976 
1 210 
3 184 317 2057 
3 123 281 987 
3 1553 1580 1792 
1 214 
4 615 818 1279 1540 
2 1108 1816 
1 1068 
1 587 
1 638 
1 2059 
2 174 1730 
1 1756 
5 155 1371 1422 1497 1685 
2 868 1007 
3 255 471 882 
3 312 699 1034 
4 276 311 498 1512 
3 93 1045 1473 
3 132 233 1088 
1 436 
4 276 784 1316 1403 
1 117 
3 1297 1821 1845 
1 1410 
0 
3 230 524 615 
3 65 152 2002 
6 324 632 669 784 1703 2088 
2 1309 1711 
6 1042 1322 1324 1329 1714 1989 
0 
1 1417 
1 1044 
4 158 929 1611 2029 
1 1208 
1 1749 
4 173 343 861 2007 
3 1287 1553 1983 
2 1749 2085 
0 
3 177 1284 1454 
2 1642 2073 
1 1659 
2 1555 1710 
3 294 1624 1682 
1 1663 
6 757 864 926 1075 1825 1889 
2 508 1070 
1 800 
2 499 916 
3 428 613 1876 
3 31 872 1743 
1 1150 
2 145 2031 
2 1209 1490 
1 1091 
4 199 853 907 1272 
2 1098 1862 
3 31 590 1862 
2 192 759 
3 1611 1624 2019 
3 1450 1776 1890 
5 304 900 1051 1476 1933 
3 621 1079 1465 
1 401 
2 155 1846 
3 1390 1500 1619 
1 161 
2 36 1292 
3 1657 1695 1881 
2 680 970 
4 523 732 1027 1154 
3 640 1523 2043 
4 393 698 783 1466 
3 151 1067 1847 
4 458 473 1542 1990 
0 
2 1522 2007 
3 572 2045 2087 
1 1267 
1 1848 
4 137 188 382 2055 
4 259 376 936 2068 
3 931 1770 1965 
2 1227 1240 
4 256 999 1450 1765 
3 352 802 1509 
3 1075 1945 2054 
2 1055 1896 
1 293 
2 126 1895 
3 694 1319 1938 
2 294 999 
2 375 530 
3 356 761 1546 
2 321 1900 
3 966 1117 1691 
0 
1 2080 
1 311 
1 32 
1 503 
3 190 194 976 
2 935 1961 
0 
1 1641 
1 2097 
4 175 995 1525 1617 
0 
0 
4 587 1295 1535 1708 
2 542 1142 
1 122 
3 810 1529 1585 
0 
3 480 1417 2019 
4 26 602 1652 1719 
2 994 1548 
3 619 646 1590 
2 263 1259 
4 85 218 266 778 
1 853 
5 118 1080 1284 1670 1818 
4 725 1194 1240 1646 
2 636 1041 
2 888 943 
2 792 1907 
4 787 1118 1325 2083 
0 
2 546 1522 
2 236 1970 
4 336 674 999 1116 
4 405 482 867 1277 
2 857 1240 
1 168 
3 757 1538 1599 
0 
6 190 273 314 632 1906 1999 
5 5 189 344 1693 1869 
0 
1 311 
3 130 338 1966 
4 363 374 1290 1930 
4 174 480 1875 1953 
4 788 1035 1782 1996 
2 132 717 
2 1967 2000 
3 269 915 1811 
5 776 852 1044 1194 1324 
4 412 647 869 2023 
2 201 540 
2 722 1017 
2 409 1484 
3 1165 1210 1947 
4 585 1097 1588 2035 
3 409 430 1687 
3 163 1900 1951 
6 823 870 1302 1617 1679 1960 
4 484 1215 1380 1870 
5 66 853 870 1587 1599 
5 13 100 941 1400 1972 
3 953 1177 1809 
1 305 
2 1232 1918 
1 315 
5 963 1194 1444 1876 1924 
1 1066 
1 1294 
3 375 818 1719 
3 210 584 1171 
3 312 1847 2034 
5 132 872 917 1477 1774 
1 978 
3 97 137 1176 
3 72 1092 1940 
0 
3 542 740 995 
2 1413 1656 
3 260 751 1588 
3 679 1516 1805 
3 850 1010 1791 
2 1386 1668 
3 268 1779 1827 
1 1894 
0 
0 
0 
2 545 1506 
2 159 1897 
4 316 645 1282 1864 
0 
6 5 13 381 646 1435 1973 
5 148 924 1118 1158 1203 
0 
0 
3 101 1086 1546 
0 
1 1854 
3 649 1112 1940 
0 
2 316 1452 
2 267 342 
7 15 51 77 256 1078 1114 1253 
3 550 1009 1556 
2 546 1572 
2 616 951 
2 72 1708 
3 365 673 1105 
4 48 255 1291 1529 
1 1673 
2 514 957 
2 776 1398 
0 
2 1309 2094 
3 672 795 1541 
0 
5 88 1390 1606 1641 2072 
1 84 
3 1355 1868 1985 
5 132 247 946 1260 2081 
1 580 
3 1300 1623 1809 
3 1020 1043 1285 
0 
2 944 1263 
2 1734 1811 
3 439 578 1523 
2 238 870 
2 611 1008 
1 1362 
4 486 833 1851 2084 
3 306 619 754 
0 
0 
1 1281 
4 326 329 983 1079 
0 
4 559 1678 1785 2067 
3 323 860 919 
0 
1 103 
3 874 1461 1985 
3 649 1070 1519 
1 1687 
5 42 844 1047 1295 1495 
2 979 1891 
4 816 974 1761 1805 
2 588 1328 
0 
1 1161 
0 
2 1918 1921 
5 747 778 985 1587 2008 
2 486 1603 
2 224 1860 
4 1146 1652 1882 1953 
4 93 329 500 1342 
3 629 1467 1474 
4 910 1131 1788 1913 
5 33 671 1579 1875 2068 
2 753 1726 
0 
4 193 776 1701 1757 
5 660 861 1256 1566 1587 
1 476 
4 47 400 1093 1314 
6 65 664 1151 1285 1392 1894 
0 
1 947 
4 115 739 921 1312 
2 169 790 
2 170 619 
2 501 1136 
1 1653 
5 2 818 1119 1500 1918 
2 822 1812 
3 816 1121 1144 
2 828 1629 
2 86 1069 
4 136 462 1416 1613 
3 843 1447 1584 
2 796 1968 
1 726 
2 1073 1540 
5 249 699 836 1803 2050 
6 550 786 1039 1362 1596 1909 
1 1926 
5 619 808 846 1443 1604 
1 453 
3 1215 1368 1649 
2 652 1382 
0 
3 43 531 1943 
2 1686 1704 
0 
2 695 1428 
1 896 
2 188 1904 
2 1354 1602 
2 249 1263 
2 523 963 
0 
3 438 1151 2044 
1 1008 
2 542 1134 
4 837 940 1408 1438 
4 289 317 1688 1821 
4 1227 1538 1619 1724 
4 306 1049 1456 1723 
7 147 738 870 1488 1490 2018 2087 
2 332 1872 
2 872 928 
2 404 427 
1 1427 
1 846 
0 
1 33 
3 593 605 1054 
1 1312 
3 581 659 1554 
9 25 52 706 1086 1256 1269 1866 1880 1892 
0 
0 
3 669 743 1326 
5 190 697 782 1991 2048 
2 223 1398 
2 430 1795 
2 446 1499 
2 1099 1826 
4 275 647 652 1973 
1 1340 
2 117 1207 
3 146 1032 1104 
2 1123 1165 
3 148 221 1059 
1 1088 
2 733 920 
1 1080 
3 562 919 1855 
2 694 1094 
4 384 1451 1544 1700 
3 27 1240 2093 
2 1437 1516 
0 
3 1315 1735 1890 
1 1718 
1 630 
1 153 
3 562 1431 1672 
4 245 474 810 1389 
5 126 199 588 1086 1537 
2 1482 1492 
0 
5 59 678 1285 1712 2020 
1 1083 
1 2030 
3 267 712 1945 
3 466 652 2059 
3 921 1429 2031 
1 1197 
2 5 162 
2 144 602 
1 1925 
2 76 2025 
2 573 1543 
4 128 627 695 1486 
3 324 578 1674 
2 37 2012 
5 285 350 478 595 1964 
1 1948 
1 648 
2 36 361 
4 303 378 776 1749 
1 1356 
3 605 769 1167 
3 1132 1284 1784 
3 377 459 1283 
2 1443 1675 
2 146 946 
2 907 1756 
1 701 
2 1457 1482 
0 
0 
4 19 1742 1851 1975 
1 411 
3 854 1974 1980 
4 729 1554 1954 2074 
3 512 522 1628 
0 
0 
3 116 1025 1576 
1 1627 
6 1313 1403 1404 1549 1758 1963 
1 973 
2 1215 1912 
0 
6 668 1082 1173 1188 1577 1940 
3 252 1218 1494 
3 538 617 1416 
2 6 693 
2 27 2082 
4 145 1173 1560 1893 
4 810 1054 1342 1454 
5 400 540 791 1956 2014 
2 132 1948 
3 394 1098 1899 
4 493 727 1029 1969 
3 168 598 1509 
1 587 
8 343 631 727 1256 1407 1489 1584 1874 
2 328 1538 
0 
6 171 181 284 583 1100 1666 
2 421 524 
0 
2 232 1840 
1 799 
1 1430 
2 491 954 
3 127 1552 1594 
2 542 1317 
3 655 867 1207 
4 29 149 1922 2096 
3 582 1265 1390 
1 751 
0 
3 6 919 1619 
5 124 290 535 696 1673 
0 
3 1116 1201 1546 
7 491 548 780 961 1242 1745 1974 
1 904 
3 1283 1531 1955 
3 1080 1961 1990 
1 1891 
1 1073 
3 18 402 2034 
5 78 847 995 1025 2021 
4 224 788 1596 1860 
0 
3 178 199 1022 
3 22 379 989 
7 112 573 723 1302 1401 1559 1961 
0 
5 292 405 445 461 1967 
3 753 1605 2067 
3 40 237 1249 
4 1167 1334 1389 1507 
1 1188 
2 1494 1618 
5 90 684 1020 1308 1960 
0 
4 59 539 812 1089 
2 1478 2074 
2 431 1325 
6 520 856 1208 1529 1713 2086 
2 584 871 
3 201 311 1865 
2 1427 1456 
2 49 2095 
1 126 
1 298 
3 659 805 1988 
1 182 
0 
4 246 1239 1780 2042 
2 1011 1439 
1 1937 
4 10 712 1677 1841 
0 
5 363 895 925 957 1000 
4 292 365 871 2009 
4 323 503 1312 1514 
5 544 966 1051 1422 1456 
2 372 416 
5 964 1181 1490 1624 1805 
3 764 1545 1620 
4 464 503 531 1080 
3 1037 1459 1592 
4 783 808 1804 1833 
1 596 
0 
1 2082 
1 2061 
3 493 637 1462 
2 437 1259 
1 2027 
3 1069 1762 1969 
4 1012 1672 1731 1773 
4 115 132 440 1852 
0 
0 
2 1739 2002 
2 571 1691 
3 201 497 1241 
3 19 696 1629 
4 146 433 1007 1792 
4 89 388 1241 2071 
4 381 1320 1394 1417 
1 305 
2 1014 1665 
0 
4 800 1319 1338 1494 
1 527 
2 353 890 
3 244 1162 1522 
1 1900 
2 1421 2066 
2 1253 1753 
3 625 1338 1866 
3 22 1445 2099 
2 865 1276 
2 831 887 
2 719 1717 
1 1593 
0 
2 886 1116 
3 25 1311 1663 
2 574 1836 
3 265 513 1318 
4 469 539 1918 1984 
4 137 602 670 1106 
2 498 1817 
3 247 1254 1559 
3 189 458 1658 
3 163 1529 1634 
3 554 849 1096 
1 2048 
2 947 1282 
2 1211 2005 
2 802 1294 
1 494 
1 1397 
3 1614 1766 1845 
2 1594 1903 
3 977 1534 1643 
2 1345 1662 
3 530 643 1831 
0 
0 
1 1566 
5 60 1033 1139 1635 1704 
2 319 1349 
1 38 
5 688 992 1282 1306 1503 
6 129 147 781 1049 1177 1465 
1 1089 
4 325 749 1570 2086 
4 617 1011 2052 2093 
0 
3 297 1392 1978 
2 456 1054 
5 16 581 584 989 1210 
3 930 952 1038 
2 561 1985 
2 1793 1960 
0 
3 245 983 1921 
5 510 1093 1216 1632 1808 
0 
1 1697 
1 1577 
1 1558 
3 51 483 1256 
3 443 1250 1876 
1 350 
1 1358 
2 53 1694 
4 99 497 1394 1778 
2 67 1580 
1 1289 
2 1173 1429 
2 426 1372 
1 824 
2 722 1790 
2 75 833 
3 352 599 1608 
2 1229 2008 
3 153 434 620 
3 405 984 1692 
2 905 1243 
2 972 1610 
4 220 309 869 1851 
1 63 
2 233 1464 
3 148 1135 1481 
5 268 887 1020 1343 1599 
2 35 799 
3 933 2006 2090 
1 651 
2 12 1575 
4 29 154 1020 1788 
3 1150 1312 1460 
1 1637 
2 548 1269 
4 47 1012 1293 1744 
0 
1 975 
2 1948 1958 
2 876 1374 
3 1551 1870 1980 
6 322 385 436 546 987 1364 
2 146 1534 
3 294 426 2077 
4 954 1254 1342 1912 
5 605 818 1415 1458 2048 
2 168 720 
2 498 849 
3 247 654 1420 
2 194 201 
3 1139 1199 1727 
4 459 953 1815 1857 
2 301 1112 
3 146 318 613 
2 970 1969 
2 444 1015 
2 578 2025 
1 300 
3 1353 1665 2059 
2 1715 1988 
2 388 1429 
1 455 
4 1673 1920 2022 2056 
0 
4 591 762 1219 1258 
2 222 677 
1 880 
5 260 705 1125 1245 1587 
1 16 
1 1758 
1 637 
1 1849 
4 29 858 1992 2038 
4 82 461 654 1996 
3 1478 1674 1752 
4 287 523 577 1921 
3 1022 1206 2069 
2 627 813 
1 812 
6 22 944 985 1582 1803 2026 
1 1789 
5 420 450 1444 1638 1941 
3 912 1105 1167 
8 178 342 448 780 855 867 968 1415 
1 1346 
1 1718 
1 1803 
4 110 449 884 2048 
2 331 1186 
1 748 
0 
1 1734 
2 1481 1929 
2 451 1552 
1 2012 
1 53 
3 108 687 1794 
2 1606 1695 
4 98 404 750 1460 
1 124 
3 910 1607 1647 
1 458 
3 479 1078 1791 
7 88 962 1031 1303 1461 1725 1919 
1 959 
2 1131 1286 
1 1473 
1 1505 
2 454 981 
3 156 418 1366 
1 1375 
3 461 488 1520 
2 612 899 
2 30 1965 
5 87 701 782 999 1505 
1 354 
1 1332 
2 322 1482 
5 230 295 333 1016 1698 
3 152 560 2028 
1 818 
4 1 630 1574 1597 
3 307 1797 1995 
2 807 1620 
2 993 1390 
4 412 1179 1295 1785 
4 210 437 1172 1205 
3 871 1311 1597 
1 1981 
4 220 1240 1562 1592 
1 686 
3 116 1449 1467 
8 306 596 818 988 1520 1557 1696 2012 
1 187 
4 151 323 757 1734 
4 331 333 401 483 
3 631 646 862 
6 135 225 345 485 943 1186 
2 158 1332 
2 415 1895 
0 
2 774 1295 
1 6 
1 61 
1 1320 
3 801 1032 2076 
1 2098 
3 188 898 1728 
1 96 
2 822 2008 
2 1456 1808 
1 691 
3 687 761 955 
6 299 927 1268 1393 1587 1850 
2 1508 1695 
3 50 679 1976 
0 
0 
2 1333 1841 
3 1148 1266 1960 
2 645 1919 
4 470 1036 1479 1978 
1 1761 
3 17 882 1504 
3 847 1377 1914 
5 236 1196 1548 1626 2096 
3 930 1748 1771 
1 1887 
2 60 1891 
4 606 1290 1811 1942 
1 755 
4 1091 1380 1646 1968 
5 230 553 1267 1679 1710 
0 
1 1429 
3 432 835 1167 
1 936 
3 817 1089 1303 
2 50 1421 
1 1310 
3 321 1236 1898 
1 223 
1 345 
1 1490 
4 412 512 601 1278 
3 510 990 1452 
3 443 532 1067 
3 934 1322 1644 
3 1115 1271 1352 
3 20 366 1046 
5 645 973 1466 1472 1886 
5 220 1085 1703 1849 1973 
3 888 1406 1614 
1 485 
1 207 
4 728 901 1173 1277 
1 257 
0 
3 763 1158 1264 
4 38 922 1208 2026 
2 26 277 
3 256 911 1935 
3 1055 1137 1330 
0 
5 1047 1406 1460 1503 1507 
5 479 1088 1332 1698 1950 
5 56 116 334 985 1906 
2 1397 1833 
5 299 872 966 1152 1696 
4 398 814 1747 1811 
1 1208 
6 43 393 552 1513 1668 2084 
2 442 703 
2 1621 1919 
1 47 
1 1900 
6 379 963 1076 1661 1805 2033 
1 728 
3 335 786 1507 
2 593 779 
1 887 
1 138 
2 384 645 
2 1760 1776 
2 839 1467 
1 26 
6 605 1398 1535 1756 1941 1955 
2 838 1617 
5 165 339 474 951 974 
3 650 1428 1795 
3 1457 1600 1980 
4 270 648 943 1614 
2 1908 1972 
2 818 1418 
3 162 1471 1859 
2 244 789 
0 
2 756 2010 
4 568 925 1231 1387 
2 420 963 
2 772 2067 
3 276 1231 1904 
4 54 140 710 1843 
1 346 
2 419 1327 
0 
2 843 1838 
0 
5 97 409 732 1401 1654 
3 754 1653 1810 
4 426 814 941 1143 
0 
3 175 776 1579 
4 867 1471 1506 1635 
2 616 727 
2 920 1435 
3 1572 1643 2079 
3 53 78 719 
1 859 
4 291 1076 1224 1411 
6 281 350 612 1242 1437 1666 
1 1597 
0 
2 111 1963 
5 259 266 305 849 1603 
4 645 1053 1123 1748 
2 1423 1660 
3 1008 1760 2055 
1 1901 
2 1472 1606 
3 1146 1353 1995 
0 
3 187 671 1467 
3 402 477 1002 
2 377 1365 
2 354 1452 
2 641 723 
2 663 770 
4 1283 1693 1832 2076 
5 101 163 675 1280 1413 
4 128 790 1610 1948 
5 853 1087 1427 1523 1824 
2 325 1916 
4 1529 1756 1845 2001 
2 1158 1649 
6 396 625 761 766 1310 1810 
2 52 1356 
5 615 811 1411 1535 1701 
1 1631 
1 1692 
3 565 612 1722 
1 1046 
5 245 1254 1258 1597 1787 
2 1465 2049 
4 1 581 1755 1894 
1 1286 
3 838 1608 2001 
2 506 880 
1 716 
2 189 1758 
1 318 
2 896 1288 
1 653 
3 728 1096 1539 
1 459 
1 86 
3 298 1302 1736 
3 203 1582 1779 
5 81 396 1111 1156 1414 
2 206 322 
2 191 2068 
6 104 139 924 1026 1633 2078 
5 141 418 939 1231 1282 
1 1333 
4 482 720 1374 1445 
0 
2 236 648 
1 1573 
4 1000 1494 1610 2080 
3 491 577 726 
6 37 262 937 1233 1563 1649 
1 2014 
2 38 1780 
4 1125 1170 1265 1403 
1 508 
3 33 1279 1313 
2 1537 1983 
2 131 2009 
3 1444 1593 1780 
0 
1 2014 
1 340 
2 248 921 
3 53 180 1722 
4 452 662 1632 2025 
4 221 416 1179 1591 
1 50 
3 1467 1751 1899 
3 457 610 1746 
1 1489 
3 220 261 2090 
3 12 951 994 
2 19 1632 
3 376 837 1713 
2 237 409 
5 296 511 608 652 1291 
0 
2 571 1678 
1 528 
1 1627 
2 926 1638 
4 369 494 524 1951 
4 89 168 1016 1531 
3 192 509 940 
4 627 721 912 1673 
1 1377 
4 229 906 1168 1335 
2 101 348 
2 439 733 
2 513 1812 
1 1332 
4 139 701 1038 1288 
7 328 1219 1314 1347 1664 1795 1909 
2 231 580 
2 502 1183 
3 149 587 1741 
0 
1 1331 
2 1884 1921 
2 506 1442 
3 381 817 1168 
2 696 1462 
2 102 1469 
2 38 179 
1 1282 
1 1720 
2 1043 1942 
3 372 787 2040 
1 1191 
2 376 1210 
1 923 
4 305 604 691 1622 
1 270 
3 301 366 1193 
1 448 
1 1277 
4 450 1487 1573 1673 
0 
5 36 507 1000 1563 1987 
2 128 2022 
3 52 802 1058 
3 72 1423 1708 
2 51 1967 
0 
0 
0 
3 432 840 1928 
2 549 1459 
0 
1 478 
5 96 760 1152 1792 1888 
4 87 446 1216 1724 
2 937 1684 
0 
3 152 716 785 
1 1410 
1 2075 
1 285 
3 985 1520 1734 
1 450 
1 8 
4 429 1005 1271 1941 
0 
2 894 1270 
2 1425 1783 
4 226 767 1804 1893 
4 440 476 1492 1846 
6 115 943 1135 1245 1550 1770 
1 1764 
2 245 1424 
1 95 
2 1043 1944 
1 1791 
4 366 933 1019 1709 
4 1529 1549 1642 2046 
0 
2 423 2072 
5 680 1449 1617 1647 1992 
3 67 1601 1697 
1 1900 
2 327 507 
1 1566 
6 548 622 817 910 1353 1928 
2 1091 1105 
2 1685 1995 
7 77 125 1058 1627 1873 2013 2075 
4 343 1465 1678 2097 
3 45 861 1923 
6 27 571 576 746 930 1397 
2 90 104 
1 1845 
2 347 1486 
4 335 720 1529 1863 
0 
2 860 1070 
0 
3 650 1696 1787 
3 1813 1850 1949 
4 89 1099 1310 1782 
2 122 1764 
1 2076 
3 823 872 2065 
1 1913 
3 571 623 1221 
1 1769 
0 
2 1113 1794 
1 1513 
3 1118 1773 1867 
3 297 322 339 
2 1425 2079 
2 900 1214 
2 533 1509 
1 134 
2 785 1831 
1 1282 
2 604 2038 
1 1811 
2 366 1874 
2 1521 1866 
1 861 
3 811 1433 1601 
4 505 596 1479 1725 
6 80 208 630 934 945 1532 
3 228 1623 2004 
6 327 727 1114 1249 1274 1301 
1 704 
0 
2 1301 1620 
2 1196 1818 
5 332 463 569 1280 1529 
3 154 733 1136 
1 1510 
1 572 
2 799 1097 
0 
2 1188 1301 
0 
1 2 
1 994 
0 
4 1417 1553 1933 2028 
4 258 481 1270 2072 
1 1934 
1 752 
0 
4 973 976 1047 1359 
1 337 
3 1055 1376 1415 
1 1621 
1 22 
4 123 915 1451 1970 
0 
0 
1 640 
5 258 297 307 515 864 
3 669 672 1415 
2 605 995 
3 755 1251 1598 
0 
3 802 1152 2033 
1 9 
2 135 1896 
2 62 1499 
2 621 1210 
1 739 
1 1243 
0 
6 87 376 683 1508 1936 1982 
4 698 779 1027 1346 
1 1445 
6 3 437 494 584 738 1428 
2 36 1325 
2 799 1027 
3 293 660 1739 
3 393 1383 1909 
0 
0 
5 398 473 1414 1504 1911 
1 933 
3 598 1058 1269 
2 77 894 
3 253 907 1597 
3 888 1353 1725 
5 494 769 1265 1474 2077 
5 158 1148 1227 1375 2079 
4 923 1146 1497 1595 
2 230 1780 
1 1420 
2 1210 2068 
5 111 1487 1724 1770 1913 
2 686 2023 
3 306 930 1120 
4 919 1321 1334 2042 
3 178 1060 1460 
2 1014 1215 
2 408 2074 
8 363 703 719 1047 1109 1200 1621 1653 
4 550 607 1013 2002 
4 214 296 549 1923 
4 396 440 527 1479 
2 840 1030 
2 211 2060 
4 1036 1096 1390 2078 
2 745 1357 
4 316 904 1923 2095 
2 382 1080 
3 129 242 1783 
1 770 
3 341 705 1928 
5 78 284 418 860 876 
0 
2 196 1543 
0 
1 1393 
1 395 
3 1210 1213 1221 
5 56 331 617 1041 1876 
2 838 912 
1 1945 
0 
2 719 1923 
1 1779 
1 625 
2 202 387 
3 914 1020 1183 
5 23 127 692 862 1598 
6 443 492 647 767 1698 2074 
3 567 1060 1687 
3 22 439 1097 
2 518 1764 
2 194 1696 
3 595 1703 1804 
1 694 
3 265 677 1762 
2 673 879 
2 137 1278 
2 203 922 
0 
4 203 322 1839 2030 
3 301 629 1257 
1 497 
1 979 
1 421 
1 203 
3 937 1461 1923 
2 1102 2029 
4 851 873 940 1095 
2 893 1048 
3 622 1278 2041 
1 1091 
0 
1 1364 
4 677 684 1899 2000 
2 120 1524 
2 504 1503 
0 
3 430 577 779 
5 761 1421 1862 2004 2045 
1 1477 
1 711 
3 819 1254 2050 
3 159 1097 1569 
2 1564 1812 
4 717 1657 1755 2018 
0 
1 143 
3 923 1695 2050 
5 793 1005 1167 1268 1511 
2 472 1997 
1 392 
2 547 1021 
3 1289 1703 1997 
2 741 1455 
2 1231 1611 
0 
1 1503 
2 403 459 
1 2085 
6 776 1337 1518 1611 1842 1942 
1 1009 
1 844 
0 
1 463 
1 2009 
1 1949 
1 186 
1 747 
2 114 1531 
3 774 1049 1835 
5 131 845 1270 1661 1956 
1 1233 
5 21 31 47 899 1090 
2 1412 2063 
0 
2 332 906 
1 49 
1 464 
2 1260 1662 
0 
1 2090 
2 355 1484 
1 973 
2 115 1958 
2 523 622 
6 240 390 598 859 1288 1628 
0 
4 135 440 725 1853 
2 888 1299 
3 673 743 1452 
2 125 1931 
2 78 1697 
4 121 707 942 1173 
4 385 499 961 1423 
0 
1 334 
2 617 983 
2 1898 1966 
3 194 567 1058 
3 67 95 567 
0 
4 927 939 1412 1567 
2 584 1869 
2 479 1553 
1 1494 
2 197 1140 
2 994 1022 
3 1378 1406 1423 
4 34 169 351 1014 
2 1043 1263 
5 780 818 1233 1241 2046 
3 453 573 1723 
4 205 289 673 1226 
2 968 1933 
1 144 
3 783 1273 1837 
3 682 913 1343 
4 186 648 1522 1870 
4 1001 1126 1398 1412 
2 1154 1887 
2 1149 1195 
2 118 1615 
3 487 633 1016 
4 469 964 1256 1738 
4 532 746 795 909 
4 70 592 1918 1979 
2 522 1696 
2 1607 1624 
2 1206 1939 
2 82 84 
2 365 990 
1 1603 
2 516 995 
3 479 1494 1814 
3 160 641 1989 
1 1722 
0 
4 84 1104 1509 1976 
2 461 551 
3 339 816 1063 
3 685 1049 1255 
0 
4 454 1469 1820 2017 
0 
2 866 1162 
2 235 259 
2 514 1236 
4 374 920 1010 1394 
2 1597 1935 
3 214 577 1804 
2 1358 1553 
4 482 633 648 885 
3 555 965 1825 
3 780 1641 2003 
2 653 1132 
6 135 767 833 939 1279 2000 
3 415 838 1330 
6 40 155 659 1106 1846 2078 
1 2017 
4 759 1697 1712 1914 
6 21 237 720 1028 1171 1467 
4 247 925 1528 1685 
6 431 866 959 1007 1072 1465 
0 
4 1107 1447 1548 1564 
0 
3 148 969 988 
5 925 1004 1695 1731 2052 
2 191 841 
3 431 1269 2011 
2 1788 2034 
1 236 
2 345 1344 
3 9 628 809 
3 896 1207 1285 
0 
3 760 827 1513 
4 525 555 852 1670 
0 
3 13 326 1386 
1 1927 
2 539 1176 
2 1121 1275 
2 2 483 
4 584 1074 1529 1574 
5 228 483 650 918 1570 
1 74 
2 525 1151 
2 83 1946 
7 572 624 677 1053 1409 1438 1964 
1 418 
0 
3 186 1271 1691 
0 
2 501 1248 
2 240 448 
0 
0 
4 719 939 1340 1361 
4 114 898 1263 1560 
3 842 849 2090 
3 18 361 988 
3 622 939 953 
3 38 889 1253 
7 260 582 1197 1442 1572 1928 1998 
3 21 1217 1928 
2 1353 2041 
2 114 190 
3 946 1192 1481 
1 647 
2 1669 1910 
5 34 353 516 1768 1816 
2 88 1565 
1 1364 
1 416 
3 846 867 1143 
2 133 1204 
5 251 303 680 1422 1574 
3 246 400 1016 
1 1339 
2 281 1983 
1 77 
0 
2 1466 1601 
10 287 382 630 700 1018 1159 1177 1215 1489 1751 
0 
4 607 1087 1373 1987 
3 1208 1699 1975 
1 1697 
6 72 141 710 777 1544 2091 
3 284 961 1022 
2 108 1982 
2 524 1061 
4 309 481 585 1987 
5 1038 1644 1660 1964 2045 
4 178 457 1754 2070 
4 388 1806 1915 1977 
1 249 
4 538 1297 1883 2091 
3 80 514 1534 
2 651 2050 
4 2 268 369 604 
1 1904 
3 291 900 1469 
4 567 1159 1816 2015 
2 52 1152 
3 775 1828 2026 
3 594 828 2049 
6 176 211 1226 1408 1455 1646 
3 493 561 2054 
1 217 
1 377 
1 867 
1 737 
3 617 698 1572 
2 576 1504 
3 31 76 2008 
1 864 
3 111 1055 1123 
5 86 1348 1469 2018 2027 
1 1517 
3 437 715 1166 
1 1406 
0 
1 1347 
3 722 1490 1973 
1 1605 
5 378 991 1509 1559 1903 
2 1052 1121 
4 856 1489 1522 1688 
2 765 1770 
2 565 1993 
4 571 736 1710 1719 
1 1620 
3 433 987 1891 
2 176 744 
2 60 1796 
2 814 1042 
1 1835 
2 454 584 
1 287 
1 15 
6 5 333 426 437 802 888 
2 328 352 
0 
2 292 1637 
1 1070 
3 105 653 864 
2 689 1063 
3 98 594 709 
1 1271 
4 157 459 613 1985 
6 856 862 996 1027 1267 1453 
2 1243 1311 
3 309 333 761 
3 965 1636 1979 
3 1163 1206 1528 
2 472 1884 
3 427 999 1436 
1 461 
2 620 1571 
4 390 832 1004 1634 
4 835 1432 1959 2024 
3 751 1031 1968 
0 
5 67 756 1015 1053 1805 
4 207 234 1359 1364 
1 147 
3 453 1709 1939 
3 708 927 966 
1 1426 
1 1828 
5 86 281 331 962 1162 
2 133 624 
4 159 240 481 601 
4 651 858 1213 1578 
4 948 1234 1282 1829 
1 1116 
3 395 1209 1682 
7 94 218 234 650 1432 1743 1800 
0 
3 167 900 1746 
3 566 1084 1170 
3 562 1390 1844 
3 451 670 1792 
3 42 168 1974 
2 1023 1690 
4 104 733 1069 1077 
1 1046 
3 700 1606 1874 
2 716 988 
1 1600 
2 768 1590 
2 816 1085 
1 133 
0 
5 279 390 1458 1736 1964 
2 215 1159 
3 76 710 991 
2 922 1539 
1 57 
3 297 906 1553 
5 102 835 1162 1740 2065 
0 
4 463 1019 1055 1742 
0 
0 
3 290 429 1932 
5 447 984 1282 1744 2067 
1 983 
0 
1 351 
2 243 1349 
2 699 1961 
1 216 
3 1001 1539 2076 
3 951 1375 2027 
2 711 1383 
5 219 692 1728 1836 1937 
3 30 109 1097 
2 675 793 
2 587 995 
2 45 132 
3 355 946 2092 
1 1515 
3 296 1482 1830 
0 
2 522 663 
7 383 602 797 1089 1121 1783 2029 
2 540 809 
2 551 1718 
2 164 1872 
2 169 643 
4 411 1082 1171 2054 
2 331 907 
0 
0 
3 218 1623 1979 
0 
1 1137 
3 186 1169 1466 
2 467 2099 
7 46 329 417 1313 1731 2012 2089 
2 480 1574 
0 
1 1631 
4 270 668 1497 1881 
4 82 754 1024 2037 
2 312 1013 
2 742 1951 
5 243 832 889 1352 1472 
5 867 943 1181 1316 1431 
5 735 1163 1396 1464 1533 
3 853 940 1312 
2 1532 1736 
1 514 
3 0 436 1022 
0 
6 201 926 1317 1357 1726 1853 
2 467 716 
0 
1 160 
1 138 
3 284 380 1126 
2 1158 1613 
4 121 217 907 1577 
2 202 1954 
2 527 1464 
2 630 1078 
2 31 203 
1 794 
0 
1 688 
3 519 820 1675 
3 290 342 1577 
1 1110 
2 88 1793 
3 1025 1068 1440 
2 482 1416 
3 481 1136 1275 
4 838 1207 1268 1901 
3 67 434 1703 
1 785 
3 882 1663 1824 
0 
1 184 
5 62 663 1472 1687 2003 
0 
1 1961 
7 96 399 826 869 1143 1967 2069 
2 23 518 
5 172 1041 1641 1699 2090 
1 79 
1 1428 
2 667 1259 
1 1647 
1 1100 
3 42 558 1649 
3 225 1624 2005 
3 770 1653 1843 
1 605 
3 1073 1626 1878 
1 944 
2 901 1000 
4 31 209 212 546 
1 1793 
3 1072 1529 1754 
1 809 
1 683 
2 1540 1751 
3 1029 1349 1936 
5 185 553 961 1018 1849 
1 436 
4 57 567 804 1034 
0 
2 958 1002 
3 104 420 897 
4 662 1319 1771 1930 
0 
4 1153 1184 1315 2069 
2 114 259 
1 708 
0 
2 1516 2065 
3 1189 1955 2017 
4 257 1152 1275 1575 
2 901 1762 
0 
3 663 1193 2088 
1 345 
1 2033 
2 235 958 
0 
3 743 1875 1936 
4 356 1042 1307 1926 
5 640 1057 1063 1272 2083 
0 
4 143 318 1183 1981 
3 1149 1292 1673 
2 6 549 
2 411 860 
0 
2 1027 1181 
3 432 766 1475 
2 815 2049 
1 749 
3 354 837 1157 
4 176 671 1135 1629 
3 730 1721 1750 
4 92 831 1191 1837 
3 500 964 1097 
2 1581 1799 
2 857 2083 
1 1820 
1 1796 
1 1624 
2 6 2029 
0 
3 458 814 821 
4 654 1150 1317 1454 
6 353 420 650 951 1610 1958 
1 1541 
0 
3 733 885 1821 
2 335 395 
2 984 1020 
5 321 399 904 944 1202 
4 449 1094 1348 1819 
1 1182 
2 18 1438 
1 786 
3 179 1516 1549 
1 697 
2 296 1214 
2 1812 1828 
2 1447 1798 
3 196 480 1808 
0 
1 1843 
4 1016 1728 2044 2076 
2 220 1457 
1 502 
1 356 
3 1551 1616 1819 
1 1621 
3 135 151 1670 
3 712 1199 1879 
1 1013 
3 168 654 942 
2 1882 1968 
3 92 1374 1583 
2 693 1663 
2 1420 1794 
1 981 
1 1324 
1 590 
2 643 893 
3 1364 1956 2022 
3 977 1744 1823 
1 1628 
4 196 708 1018 1175 
3 239 1151 1462 
2 248 344 
3 254 1896 1998 
3 806 926 1756 
5 27 32 888 1182 1996 
5 404 558 757 1907 1991 
1 664 
2 1392 1703 
1 371 
2 1 512 
0 
1 786 
0 
3 969 1868 2068 
2 428 613 
1 138 
4 231 232 1343 1920 
1 1177 
1 363 
1 632 
3 494 684 1204 
1 1193 
3 392 1859 1996 
2 312 1407 
3 332 775 1422 
1 171 
2 484 1676 
1 1170 
4 95 584 1203 1634 
3 317 433 1778 
4 224 339 739 1302 
0 
1 1746 
1 1831 
1 494 
2 243 1691 
2 429 1834 
1 1543 
4 1103 1602 2027 2039 
0 
3 925 1973 2083 
2 902 1424 
1 1135 
1 220 
2 235 518 
4 419 609 903 1579 
2 494 1917 
3 155 576 1150 
4 357 440 1029 2055 
2 264 874 
3 262 1247 1848 
2 362 2034 
3 142 915 1402 
3 580 1072 1338 
5 269 330 681 950 1164 
3 1003 1725 1930 
0 
2 709 1572 
3 471 976 1547 
1 1986 
3 142 311 941 
2 300 1851 
1 967 
3 459 1097 1260 
1 1515 
1 1263 
3 114 569 779 
4 105 432 1187 1275 
3 899 1464 2012 
2 22 1541 
1 1017 
1 1892 
5 337 425 448 695 1430 
3 838 895 948 
3 2 797 1862 
5 425 732 810 1103 2047 
1 597 
7 1172 1284 1290 1306 1330 2008 2064 
2 339 1983 
1 536 
2 460 1779 
2 1485 1942 
5 1131 1167 1294 1509 1510 
1 827 
3 316 1762 1901 
2 106 1395 
1 1652 
3 236 1226 1418 
1 1228 
2 936 1453 
4 54 1253 1755 1778 
3 93 642 1663 
1 265 
4 20 154 1433 1613 
4 88 348 372 571 
5 13 21 816 961 1146 
4 904 1111 1364 1927 
3 466 1989 2030 
2 83 1156 
3 261 530 1304 
1 1493 
1 327 
4 543 579 773 1015 
2 1182 1370 
1 940 
3 330 1086 1694 
2 76 1989 
3 317 429 2029 
3 561 1711 2063 
3 607 961 1769 
3 578 1375 1842 
0 
3 773 1388 1805 
1 1607 
4 331 625 730 894 
5 277 608 617 1658 1733 
1 2005 
2 567 998 
4 542 1494 1539 1641 
2 257 848 
2 315 1402 
4 320 619 1127 1734 
5 143 455 906 1608 1834 
3 581 662 789 
2 304 1236 
1 144 
2 334 967 
6 112 365 503 926 1570 1886 
3 560 605 1630 
2 558 1532 
3 172 890 1442 
1 1541 
2 725 896 
3 1430 1600 1682 
3 560 775 965 
2 863 1782 
2 1253 1536 
5 211 1061 1525 1924 2096 
1 695 
4 392 415 729 1596 
2 11 1905 
3 1123 1531 1538 
3 129 637 794 
4 203 1439 1943 1952 
2 249 608 
2 498 1851 
2 807 1162 
1 1576 
0 
4 41 857 1005 1169 
4 318 808 1850 1868 
3 1354 1357 2058 
2 1509 1848 
1 311 
4 134 320 1338 1460 
2 1018 1031 
3 200 667 1283 
3 1458 1731 2071 
2 1209 1343 
3 704 1743 1962 
1 763 
3 25 210 251 
5 426 752 884 1561 1923 
3 646 1062 1369 
2 151 972 
2 17 1474 
5 541 829 867 1687 1914 
1 1170 
3 578 1056 1065 
1 1549 
0 
4 112 1447 1463 1769 
4 483 1349 1564 2048 
2 234 289 
1 527 
1 612 
3 797 1124 1842 
2 323 1276 
1 1607 
3 537 791 1069 
3 814 934 1551 
4 661 1564 1661 1884 
2 854 1226 
6 31 207 1331 1673 1801 1953 
3 529 1324 1943 
2 227 532 
0 
3 951 1245 1775 
4 344 611 1475 1897 
2 328 2050 
0 
1 1692 
3 807 1201 2057 
1 1884 
1 1112 
2 1334 1511 
2 640 1278 
1 246 
2 476 1824 
3 252 1343 1539 
2 1159 1415 
1 1921 
5 498 702 780 822 2018 
3 1028 1552 1789 
5 458 1346 1352 1545 2035 
2 36 143 
2 723 1472 
0 
3 261 1554 1678 
3 255 1002 1894 
1 797 
2 174 2038 
1 1997 
3 183 531 793 
1 1287 
1 658 
0 
2 1378 1954 
1 1923 
3 1186 1647 1768 
1 682 
4 411 620 975 1653 
5 256 433 1045 1274 1859 
3 811 1734 1764 
2 76 1540 
2 672 2003 
3 390 1161 1227 
1 215 
5 561 628 1281 1312 2083 
2 1141 1170 
5 880 1013 1185 1660 1824 
3 74 778 1269 
3 1046 1288 1462 
3 991 1195 1270 
2 272 1053 
1 393 
2 575 657 
6 147 301 1780 1797 1886 2074 
2 404 946 
2 212 1363 
3 34 630 722 
2 252 483 
2 201 1773 
1 1687 
6 122 763 1075 1385 1505 1736 
2 1534 1543 
1 1668 
2 515 723 
1 387 
2 634 1290 
3 597 900 1983 
2 280 1171 
1 881 
2 685 1686 
1 2 3 1 1 4 1 1 2 1 1 1 1 2 1 1 1 1 3 3 2 4 3 1 1 2 2 3 1 2 2 2 1 3 3 1 3 1 4 1 1 2 1 1 1 2 1 2 2 3 2 2 2 2 3 1 3 1 1 2 2 1 2 1 1 3 2 3 2 1 1 1 3 1 4 1 1 2 2 2 3 1 3 2 2 1 2 1 4 1 2 1 1 3 1 3 1 1 2 1 2 2 1 2 2 1 1 1 3 3 1 3 3 1 3 2 3 1 2 1 2 2 1 2 2 2 2 1 1 3 1 2 2 2 2 3 1 1 2 2 1 1 2 2 2 1 2 3 1 2 1 1 3 1 2 2 1 3 2 1 1 1 1 1 2 2 1 2 3 3 1 1 2 1 2 1 1 1 2 3 1 1 1 1 3 1 3 3 3 2 3 1 1 1 1 2 1 1 1 2 1 2 1 2 1 1 1 3 1 1 3 1 1 1 2 1 2 2 1 2 1 2 1 2 1 1 1 2 3 1 1 1 1 2 1 3 1 1 2 1 1 2 1 1 1 1 1 3 2 3 1 2 1 2 1 2 1 3 3 2 1 1 1 1 1 3 2 2 1 2 3 1 1 1 2 1 2 2 1 1 1 2 1 1 3 3 2 1 1 1 3 1 2 2 3 1 1 3 1 1 1 1 1 2 2 3 2 2 1 1 1 2 1 1 1 2 1 1 2 1 1 1 3 2 1 1 2 2 1 3 2 2 3 1 1 3 1 2 1 2 1 1 2 2 2 3 1 2 1 1 3 1 3 2 2 1 2 1 1 1 1 1 2 3 1 3 2 1 1 1 1 1 4 1 2 1 3 4 2 1 2 1 1 1 1 1 1 1 1 1 1 1 1 1 1 2 1 1 1 1 2 1 2 1 2 3 1 1 1 1 1 3 1 1 1 3 2 1 3 1 2 3 1 2 1 2 2 2 2 3 2 2 4 4 3 1 3 1 1 3 2 1 2 1 1 2 1 1 2 1 2 1 1 2 3 2 2 1 2 2 1 2 1 3 2 1 4 2 1 3 1 1 2 1 3 1 2 2 1 3 2 1 3 4 1 1 1 1 2 1 1 2 1 2 3 1 1 1 2 1 1 2 2 2 2 2 1 2 3 1 1 1 2 1 2 2 2 1 1 1 1 2 2 2 1 2 1 1 1 1 1 2 2 2 2 3 2 2 2 2 2 2 2 1 1 2 1 1 2 2 3 1 1 1 1 1 1 1 1 1 1 2 1 1 1 2 2 2 1 3 1 3 3 1 2 2 2 2 1 1 3 3 1 1 1 3 1 2 2 1 2 1 1 1 2 1 2 1 2 1 1 4 1 1 3 1 1 2 2 1 1 1 3 2 1 3 2 2 1 1 1 2 2 1 3 4 1 3 3 1 3 3 1 1 2 1 2 2 2 1 2 3 1 2 1 2 1 1 3 1 2 3 1 2 3 1 1 2 2 1 2 1 3 2 3 1 1 3 1 3 1 1 2 3 1 1 1 1 2 1 2 1 1 1 3 1 1 1 2 2 1 3 4 1 2 1 2 1 1 1 2 3 2 2 2 1 1 1 1 1 1 2 3 1 1 1 3 2 1 1 4 2 3 3 1 2 1 2 2 1 1 1 2 3 1 1 1 2 1 2 1 2 1 4 1 1 2 1 1 2 2 2 1 2 4 2 1 2 2 1 2 4 3 3 1 2 1 1 1 1 3 1 2 1 3 3 2 1 1 2 2 1 1 1 3 2 3 2 1 2 2 2 2 1 2 2 1 1 1 2 2 1 4 2 1 1 2 1 1 1 3 2 2 1 2 1 3 1 1 1 1 2 2 1 2 1 1 2 2 2 1 2 1 1 1 2 1 2 3 1 2 1 2 1 2 1 1 1 1 2 1 2 1 2 2 2 1 3 3 2 3 2 1 1 2 2 1 4 1 4 3 2 4 3 1 1 2 2 2 2 3 1 1 2 1 1 1 2 4 1 3 1 1 1 2 1 2 2 3 2 2 1 1 1 4 1 4 2 1 1 1 1 2 1 2 2 1 1 2 3 2 3 2 1 1 1 2 1 2 1 3 1 1 2 3 1 2 2 1 1 4 2 1 2 3 1 3 1 1 1 1 2 1 1 3 1 1 3 1 2 1 3 1 1 1 1 1 3 2 2 3 1 3 2 3 1 1 2 2 2 1 2 1 3 2 1 1 3 1 1 3 1 3 1 3 1 1 1 2 1 1 1 2 1 1 2 1 2 1 2 3 1 1 3 3 3 1 2 3 2 2 1 1 1 2 1 1 4 1 1 2 2 2 1 1 1 1 1 3 1 1 2 1 2 2 2 3 2 1 5 1 2 1 3 3 3 1 2 2 1 1 1 1 2 1 1 2 1 3 2 1 1 2 2 1 3 4 2 1 2 3 1 1 2 2 3 2 2 2 1 1 2 3 1 3 2 1 3 2 1 1 1 1 2 2 2 1 2 1 1 2 1 3 2 1 2 2 1 3 1 2 1 1 4 2 1 2 1 1 1 1 3 1 1 2 3 2 1 1 1 1 1 1 4 1 1 4 1 3 1 2 3 1 1 2 1 3 2 1 1 1 1 1 1 1 1 1 3 1 2 3 1 1 1 1 1 1 2 1 2 1 1 1 2 3 1 2 1 4 1 1 1 1 1 1 1 1 1 1 1 1 1 1 1 2 1 3 1 2 2 3 1 1 3 2 2 1 1 1 1 1 2 1 1 1 1 3 2 2 2 1 3 1 1 1 1 3 1 1 1 1 1 2 1 1 2 2 1 3 1 1 2 1 2 3 1 4 1 1 3 3 1 1 3 1 1 1 1 1 2 1 2 2 1 1 1 2 1 1 3 1 2 4 1 3 4 1 2 2 2 2 2 2 1 2 1 1 2 1 1 1 1 1 1 1 1 2 1 1 2 1 3 2 3 1 3 2 2 1 2 1 2 1 1 1 2 2 1 1 1 3 2 1 2 3 1 1 2 2 1 1 1 1 3 1 1 2 2 3 1 1 1 2 4 1 2 2 1 1 1 1 1 3 1 1 1 1 1 1 1 1 1 2 1 1 3 2 3 2 1 1 1 1 2 1 1 2 1 1 1 3 1 1 2 2 1 1 3 2 1 2 1 2 3 1 1 2 2 1 1 2 2 1 2 1 3 3 2 1 1 2 2 2 3 1 2 3 2 2 3 2 1 2 1 1 1 1 3 4 2 1 1 1 3 1 2 1 2 1 2 1 1 1 3 3 3 2 2 1 3 2 1 3 2 4 2 2 3 1 4 1 3 2 2 1 1 2 2 2 3 1 1 4 1 1 1 3 2 1 2 1 1 1 1 2 1 1 1 1 1 3 1 1 2 2 1 2 3 3 2 2 1 1 2 2 1 1 1 2 1 2 1 1 3 2 1 1 1 1 4 1 3 1 1 4 2 1 2 2 4 3 2 1 1 1 2 2 1 3 3 3 4 1 2 1 1 1 1 1 3 1 4 1 1 1 2 2 1 1 1 2 1 4 2 3 1 1 2 1 1 2 1 3 1 2 2 2 3 2 1 1 2 3 1 3 1 1 2 2 2 2 2 3 3 1 2 2 1 1 1 2 2 1 1 2 1 1 3 1 2 2 2 1 1 3 1 1 1 2 2 4 2 1 1 1 2 1 2 1 1 1 2 2 2 1 2 1 3 1 1 1 1 2 3 1 1 2 2 2 1 3 1 1 1 1 2 3 1 2 2 3 1 1 2 3 2 1 1 2 1 1 1 2 1 2 1 1 2 1 1 1 2 1 2 2 3 3 2 1 2 1 2 1 3 1 1 2 1 1 2 1 2 2 2 1 1 1 1 3 1 1 1 2 1 3 4 1 1 2 1 1 1 1 2 3 2 1 1 1 1 1 2 2 2 2 2 3 1 2 3 1 1 2 2 2 2 2 1 3 1 3 1 1 1 2 1 2 1 2 2 2 2 1 3 1 2 2 1 3 3 1 1 1 3 3 1 1 2 2 2 1 1 4 2 3 2 2 1 2 1 1 2 1 1 1 1 1 1 2 1 1 2 2 2 1 1 2 2 3 1 1 3 1 2 3 3 1 1 2 1 2 2 1 2 2 2 2 1 1 2 1 3 3 1 1 2 2 1 3 1 2 3 1 2 2 1 1 1 1 1 1 1 4 1 1 2 1 2 2 3 1 2 2 1 2 2 3 1 1 1 1 3 1 2 1 1 3 2 1 2 2 2 2 1 3 2 2 1 1 1 3 2 1 2 2 1 1 2 1 1 2 1 1 2 3 1 1 1 3 2 2 1 2 4 1 1 2 2 1 1 3 2 1 2 1 1 1 2 1 3 2 1 3 3 1 2 2 1 2 2 1 1 2 2 3 1 2 1 2 2 3 1 2 1 1 2 1 2 3 1 1 1 2 1 2 2 4 1 1 1 2 2 3 2 2 2 2 1 1 1 1 1 2 2 1 1 3 2 1 1 3 1 2 2 1 1 1 1 3 2 2 2 1 1 2 1 1 1 2 2 2 1 4 1 2 1 1 2 1 1 2 1 1 1 3 2 1 2 2 2 1 2 3 2 1 2 2 2 1 3 1 1 1 1 3 1 2 1 1 3 1 1 1 1 1 1 2 2 3 1 2 1 3 2 1 2 2 3 1 2 2 2 1 2 1 2 1 2 1 1 2 2 1 1 2 1 3 2 2 2 
