p 4100
2 660 1168 
1 4052 
5 1893 2479 2899 3617 3627 
2 1901 2789 
5 26 1306 1378 1552 2585 
2 410 1193 
2 271 1631 
2 759 2735 
2 1458 2028 
0 
0 
1 1814 
1 2223 
4 700 2045 2340 3063 
3 1693 1804 3911 
2 1005 3232 
1 429 
1 1441 
2 2071 2640 
5 668 983 1307 1793 3454 
1 1329 
3 447 815 3778 
1 2137 
4 1850 2579 3638 4025 
2 3412 4053 
1 977 
7 4 119 438 442 729 1617 2842 
5 402 1543 2185 2311 2747 
2 818 1027 
0 
2 550 2753 
2 1119 3180 
4 909 1322 1730 2144 
4 260 723 1726 3862 
3 865 1081 1298 
4 1439 2720 3392 3659 
1 3250 
4 544 1736 2329 2532 
0 
3 284 1256 3481 
3 64 3226 3245 
1 2893 
3 219 566 2159 
2 2873 2944 
0 
1 2192 
2 661 3062 
3 2979 3140 3913 
3 470 2163 3662 
3 94 2153 4032 
2 1618 2514 
3 353 979 3774 
1 3807 
2 1591 2625 
2 113 122 
2 1406 1781 
1 2095 
1 3595 
1 3031 
4 1701 2036 3229 3885 
3 349 2981 3273 
2 178 3400 
1 1442 
5 261 305 917 1660 3727 
2 40 1151 
3 748 1168 3231 
3 2373 2957 3158 
4 725 1592 2405 2845 
2 3711 3799 
6 1262 1599 1814 2874 2969 3168 
4 457 1450 2125 3527 
1 302 
2 132 2937 
3 270 1429 2979 
1 1101 
2 3565 4063 
3 547 2510 3722 
0 
1 1011 
1 3014 
1 228 
2 239 2052 
4 1498 1726 1974 2081 
2 1224 1494 
0 
4 313 1209 3879 4028 
0 
2 95 1820 
3 2130 2788 3054 
2 3678 4058 
4 163 1172 2342 3319 
3 1103 1659 1956 
2 979 1976 
2 827 1420 
3 49 715 2498 
2 87 244 
2 482 2630 
2 1370 2391 
2 245 3770 
1 3877 
0 
2 1956 2381 
5 1833 2408 2471 2826 3753 
1 1106 
4 1636 2843 2893 3278 
1 3252 
1 1679 
3 2363 3169 3332 
2 207 975 
4 353 576 1696 2592 
6 904 1346 2101 3404 3608 3676 
3 696 3153 3399 
0 
4 54 1086 2789 3091 
1 1473 
3 1042 1265 1984 
0 
3 846 1749 2160 
0 
2 26 368 
2 2394 3848 
3 1392 1971 4037 
6 54 903 1677 1976 2460 3547 
1 4001 
5 888 3261 3280 3317 3881 
2 665 1948 
5 321 1499 1814 2896 3051 
6 168 861 2506 3728 4077 4090 
3 683 1934 2304 
1 212 
2 1279 3830 
4 901 1508 2364 3721 
4 72 354 2027 2652 
3 366 890 3937 
4 265 2739 2869 3074 
4 1325 1799 2309 3737 
2 194 2350 
2 3140 3698 
1 2445 
2 715 3210 
1 2320 
1 2226 
0 
1 2689 
2 349 2760 
1 3238 
4 303 361 800 1691 
4 937 1487 2444 3074 
2 2778 3586 
3 314 1175 4016 
1 2944 
1 351 
3 1635 3665 3719 
0 
3 2023 2705 2863 
1 2120 
3 294 1025 3606 
4 1355 1533 1705 2607 
0 
5 1602 2879 3827 3851 4012 
5 166 1866 2224 3692 3703 
2 828 3200 
3 1663 2025 2239 
2 90 3633 
2 1843 4060 
3 266 1345 3513 
4 160 1604 1635 2426 
3 2844 3612 4096 
1 127 
1 830 
2 721 3361 
2 1323 1693 
3 527 1962 3796 
3 572 1465 2766 
2 321 928 
2 2393 3097 
3 2123 2129 3233 
0 
6 61 291 362 2178 3495 3550 
5 292 499 710 750 2408 
4 941 1488 2164 2907 
2 1994 2762 
3 718 2426 3978 
2 2281 2730 
3 1955 3926 4015 
5 1575 1693 2314 3463 3752 
2 430 1850 
3 433 1065 2875 
5 322 418 709 789 2047 
2 1842 3850 
2 2248 2493 
1 2424 
1 3025 
3 2034 3064 3355 
4 136 324 405 2860 
3 854 1531 3926 
1 2450 
2 371 1097 
2 528 553 
1 4058 
0 
3 355 484 2133 
3 1053 2180 3611 
1 1710 
4 947 1071 1787 1976 
1 2315 
5 875 1140 1932 3306 3486 
4 108 237 333 723 
3 495 3090 3567 
1 2058 
2 813 1402 
2 464 2410 
1 129 
2 906 956 
3 746 4011 4074 
1 3319 
2 431 3285 
1 831 
2 1188 3999 
2 42 1888 
2 1082 3579 
2 2113 2449 
3 574 2504 2723 
3 1787 2563 3277 
3 414 1965 2681 
4 1443 2932 3165 3457 
6 1494 1840 1916 2087 2665 3022 
3 263 417 3834 
2 80 3977 
4 864 3478 3772 3821 
2 2204 3594 
3 2473 3249 3492 
1 2987 
2 1222 1844 
5 1164 1647 2502 3144 3858 
2 2670 2980 
4 619 2316 2400 3436 
5 207 1157 2168 3093 3135 
3 813 1802 3094 
2 81 966 
0 
2 1925 3418 
1 2555 
4 536 2281 2688 3374 
5 95 315 2024 2160 3989 
4 98 751 3433 3815 
1 1813 
3 1005 1380 1793 
5 1546 2563 3511 3676 3746 
4 420 493 1189 3498 
1 3899 
0 
3 388 3129 3902 
2 1420 1976 
3 980 3050 3235 
2 1054 2828 
1 1221 
1 2199 
2 586 3652 
2 934 2190 
3 33 1706 2981 
3 63 585 2293 
3 580 1207 1483 
3 227 646 1048 
1 2418 
2 134 1504 
5 165 1888 2253 3661 3818 
2 1778 3501 
2 2023 2071 
4 891 1918 3081 3874 
4 73 1269 2904 3617 
3 6 1110 2028 
2 430 3640 
3 3212 3589 4002 
2 936 3903 
1 3362 
2 2057 3607 
3 553 2004 2532 
0 
1 2724 
3 1248 2080 3668 
1 335 
2 2249 3171 
1 2807 
4 39 2229 2761 2884 
2 2911 2935 
1 3709 
3 684 1331 3944 
2 511 1069 
1 2026 
1 947 
3 178 729 3695 
2 179 2327 
3 412 3439 3634 
7 156 643 1841 2367 2394 2740 3014 
1 314 
0 
1 692 
2 1187 3520 
3 764 1709 2905 
2 3645 3870 
1 1741 
5 71 481 559 1401 1755 
2 146 1465 
0 
4 63 947 1832 3928 
2 1000 3270 
1 2193 
3 1603 1836 2165 
2 2328 2605 
3 1743 2861 3788 
2 3521 3897 
1 2677 
2 85 3404 
5 149 295 1195 2408 3424 
4 244 2505 3246 3910 
1 2699 
4 2981 3324 3764 3768 
2 2494 2784 
1 972 
1 1261 
3 126 174 2707 
2 188 2744 
1 3272 
5 194 1296 1513 1592 2618 
6 982 1155 2139 2609 3523 3533 
1 577 
2 1068 3130 
4 512 2328 4013 4054 
3 2931 2955 4067 
3 2845 3294 3387 
2 730 1257 
4 929 1071 2445 2895 
3 207 639 1709 
0 
5 281 797 1439 2735 3007 
1 2680 
4 1825 2374 2468 3284 
2 3714 3836 
1 469 
0 
1 4060 
2 377 2743 
1 3096 
1 2244 
3 1119 1433 1519 
6 433 1257 2509 2831 3020 3750 
1 2354 
3 1788 2709 2956 
4 60 144 2436 3939 
4 2302 2491 3770 3868 
4 151 385 2323 2809 
3 743 2613 3428 
2 51 109 
3 132 3325 4099 
2 201 838 
1 501 
2 812 3406 
3 1252 1312 1649 
1 980 
4 367 1812 2733 3953 
4 146 1214 1891 2349 
3 178 584 2575 
2 1157 2331 
1 754 
2 2767 3884 
2 133 1261 
2 360 1208 
4 119 445 1355 3729 
1 2454 
1 2738 
3 197 2052 2095 
7 884 1121 1163 1197 2231 2251 2442 
2 1753 3330 
0 
2 486 3383 
2 683 934 
4 342 657 1184 1769 
5 595 1286 1574 2769 2997 
6 792 1929 3215 3230 3257 3911 
0 
2 2284 3853 
3 1957 2499 3306 
3 732 2856 4057 
3 778 2536 2951 
4 351 1434 2070 2157 
0 
0 
2 252 1627 
2 1013 1683 
2 3188 3338 
4 1330 1698 2367 3595 
3 1015 1268 3747 
1 854 
2 873 1906 
6 775 951 1831 1851 3019 3506 
1 1587 
2 1599 3266 
1 2261 
3 1206 1336 2226 
0 
4 911 2044 3712 3910 
6 27 1040 1943 2373 2727 3565 
0 
3 1835 1922 3607 
6 194 710 1655 1672 3091 3163 
2 1382 1683 
1 2725 
0 
6 1340 1754 2297 2415 3262 4068 
1 5 
2 3232 3895 
4 293 535 2605 3503 
0 
3 224 886 2953 
1 581 
3 682 792 2064 
2 227 2083 
2 188 1145 
0 
4 249 2929 3013 3388 
0 
2 2023 4045 
0 
2 1212 2480 
0 
5 470 2078 3037 3804 4098 
4 1366 1848 2885 3753 
1 1263 
4 16 2315 3651 3690 
4 186 272 2133 3404 
1 216 
5 2311 2356 3424 3596 3711 
2 187 346 
2 2663 3822 
2 1847 2128 
5 463 1498 1941 2251 3774 
3 1886 2732 2753 
4 26 662 1031 3347 
2 1543 1989 
2 2151 3454 
2 3159 3398 
1 26 
1 633 
3 1135 1641 2559 
3 368 582 1779 
1 2330 
2 21 1292 
0 
4 571 2548 2620 3460 
4 720 1664 2939 2983 
4 989 1089 2019 2197 
9 1315 1557 1663 2211 2813 2847 3657 3934 4070 
1 2789 
2 1290 2515 
1 2154 
3 687 2698 3335 
5 70 536 2656 3644 3830 
1 3975 
4 1227 2092 3423 3502 
0 
0 
0 
3 436 503 765 
2 211 947 
1 3682 
1 2530 
2 2521 2645 
3 1654 1727 3746 
1 339 
3 48 426 486 
3 2025 2314 3337 
2 1721 2686 
5 1016 1828 2168 2915 3963 
0 
2 1104 1484 
0 
3 2391 2492 3738 
0 
1 3387 
0 
3 302 1433 2615 
2 96 3485 
0 
5 201 548 588 873 1227 
2 523 3671 
3 375 470 1987 
0 
2 712 3066 
0 
2 1733 3178 
2 850 2470 
3 702 3177 3876 
6 249 1049 1361 1961 3638 4057 
0 
2 208 2482 
4 1586 1951 2126 2562 
1 3789 
1 808 
6 179 868 1365 1767 2603 3642 
0 
2 356 3335 
5 1516 1702 1759 2125 2323 
3 463 1150 2140 
4 562 1585 2434 2549 
5 919 1408 1716 1848 2833 
2 2555 3537 
0 
2 1044 2893 
2 1065 3663 
2 2479 2915 
3 288 1279 3318 
3 328 1734 3184 
1 1354 
5 1323 1437 1789 3325 3843 
1 1199 
3 1524 3006 3256 
1 2018 
1 2318 
3 651 1303 1784 
0 
1 1021 
4 1643 2478 2886 3651 
2 485 4080 
2 1945 3826 
1 2206 
4 1858 1891 3251 4095 
3 172 2012 3078 
4 198 681 1370 4049 
3 1124 3171 3213 
3 795 1959 3623 
1 3345 
1 4091 
1 1429 
1 2704 
1 412 
5 243 457 1115 1829 2802 
3 795 1368 1750 
4 1089 2341 2719 3514 
5 1122 1686 1851 2466 3938 
1 1283 
2 959 1324 
5 1118 1443 1898 2140 3834 
3 2465 2995 3087 
3 37 1797 3106 
1 795 
1 1151 
1 76 
1 484 
2 1420 1542 
6 30 776 1794 1853 2471 3337 
1 3337 
1 833 
3 198 277 3308 
2 1426 3905 
3 950 2470 3197 
1 3047 
4 1069 2966 3170 3919 
3 2820 2964 3335 
1 302 
2 652 3007 
2 1350 2991 
4 504 652 2330 3971 
5 961 1892 1934 2131 2783 
2 1032 1505 
1 802 
3 42 2222 3518 
1 2335 
5 2565 2829 3704 3960 4039 
2 2443 3944 
1 991 
4 449 748 2377 3303 
2 173 1004 
2 1315 2018 
1 222 
2 2762 2830 
2 109 3262 
3 326 1727 2380 
1 1865 
1 3776 
2 262 2868 
4 415 1008 2913 3936 
2 445 2015 
5 1154 1595 2029 2242 3888 
5 362 2251 2687 3630 3734 
3 261 2209 3740 
3 258 590 3231 
2 2939 3191 
2 484 2432 
3 731 3170 3646 
1 586 
3 817 3034 4013 
3 1132 2930 4099 
1 2441 
3 933 966 2992 
3 378 1805 1940 
0 
1 2770 
3 875 2173 3832 
2 1326 2734 
2 1149 3552 
4 661 916 1931 3503 
2 2829 3887 
1 864 
3 1244 1358 1900 
1 3047 
1 1918 
0 
4 819 1385 2172 2475 
2 2104 3338 
5 1384 1844 2624 3458 4046 
3 1610 2199 3798 
0 
3 1703 1745 2595 
2 1840 2179 
1 1026 
2 2941 3026 
4 2319 3513 3563 3688 
2 1627 3784 
2 236 1520 
3 655 1078 1782 
3 2164 2571 2713 
0 
4 733 946 2818 3716 
0 
1 3166 
6 743 1713 2765 2773 2860 3246 
0 
2 965 1230 
2 846 2890 
2 1195 3512 
3 972 1651 2018 
5 2582 2955 3742 3839 4032 
4 443 1041 1131 1352 
1 2389 
1 3895 
0 
1 3606 
2 1506 4060 
2 333 1290 
1 2828 
1 3437 
2 2122 2726 
4 294 1672 3289 3307 
6 2215 2946 2960 3094 3690 3744 
1 3549 
3 263 981 2575 
1 1004 
0 
4 3754 3941 3951 4098 
2 936 4040 
3 519 2683 3464 
2 560 562 
1 3862 
1 2599 
1 620 
3 752 1595 3763 
4 377 3211 3265 3532 
4 1102 2626 2772 2946 
5 2148 2525 2770 3113 3274 
4 0 954 1435 2734 
4 46 601 1665 3265 
1 438 
2 2914 3448 
0 
2 125 1162 
4 770 3106 3531 3653 
2 868 2969 
3 19 2070 3668 
0 
3 904 1419 3995 
3 1642 2776 3212 
4 767 891 1850 2177 
4 1552 1988 2048 3151 
2 1459 3004 
1 3025 
0 
2 1838 3461 
0 
1 3589 
2 1712 3722 
3 528 1890 1914 
2 416 2329 
4 128 376 1941 2983 
2 287 1902 
2 2693 2706 
3 2083 2812 3085 
5 456 781 1694 3110 4045 
0 
2 1487 3228 
2 1832 2896 
4 754 1784 2167 2638 
5 297 991 3450 3467 3972 
2 1883 3323 
2 1965 2116 
2 1252 4005 
2 111 930 
1 1172 
1 1231 
1 3916 
4 13 1084 2708 2817 
0 
3 492 1154 2454 
3 1616 2061 3407 
2 1232 2521 
2 3553 3937 
2 728 3511 
1 1752 
3 711 1415 2951 
2 188 1404 
5 179 405 1417 2815 3174 
3 708 2501 2524 
2 488 985 
3 1957 3084 3472 
9 930 1191 1310 1389 1771 2178 2530 3753 3905 
4 94 139 1771 2643 
2 1653 2234 
2 2068 3680 
5 182 837 1780 2082 2365 
2 1565 3496 
2 450 4035 
6 170 2279 2794 3386 3625 3770 
0 
5 33 207 1174 3287 3802 
5 1804 2322 2579 3336 3639 
5 67 2214 2661 2777 3496 
3 2554 3052 3366 
2 1377 1488 
3 706 2283 2662 
7 26 291 2392 2397 2554 3133 4057 
2 331 3421 
4 589 1314 3572 3778 
2 383 3073 
3 623 2092 3519 
3 895 1696 1927 
0 
1 3448 
3 1276 1941 2125 
1 2903 
0 
1 2864 
1 3541 
1 2786 
8 352 626 881 930 1415 1466 3202 3729 
4 1775 1920 2872 3544 
0 
3 214 3331 3862 
1 1620 
5 65 571 917 2886 3346 
2 2830 3211 
4 179 1348 1372 3022 
6 245 1475 3448 3715 3811 3939 
2 656 1272 
4 1040 2142 2315 3702 
7 364 691 1929 2270 2522 3613 3873 
5 2076 2426 3175 3668 3816 
1 2865 
2 1456 3148 
3 1278 1446 2860 
2 7 2210 
2 1941 3429 
2 1731 3619 
4 878 1714 2479 3980 
2 1102 2537 
4 299 2530 3526 3972 
1 463 
1 2502 
3 672 1258 2366 
3 2076 2517 3331 
0 
3 666 840 2700 
1 2009 
1 3522 
1 2315 
4 1515 1756 2306 3050 
5 395 1148 1561 3166 3369 
3 550 1911 3509 
2 2282 3550 
1 384 
0 
2 1193 1457 
4 687 1980 2400 3871 
2 1920 2717 
1 2572 
0 
0 
0 
3 1682 2523 2849 
1 3765 
2 188 2292 
5 1243 1426 1586 4005 4043 
3 1024 2480 3737 
3 379 416 3698 
0 
4 1257 1561 2143 3883 
5 530 537 545 2803 3749 
3 804 3052 3108 
4 335 2126 2166 3282 
3 867 3868 3985 
2 2337 3624 
3 146 1014 2696 
1 1274 
5 565 1034 1586 1612 3020 
2 1132 3006 
6 796 1264 1465 2064 2832 2844 
2 2594 3099 
1 2123 
0 
4 498 1196 1682 2508 
4 831 1503 2475 3463 
1 2558 
1 1322 
2 357 2008 
5 210 238 1261 1896 3160 
2 1638 1927 
3 21 1723 2679 
1 1546 
5 591 1018 3089 3323 3355 
3 28 1235 2769 
2 608 1175 
4 2118 2367 3033 3211 
1 1220 
1 2204 
0 
2 2726 3518 
1 1806 
3 2944 3133 3267 
6 93 874 1008 2145 3923 3982 
4 161 3350 3572 3778 
4 926 2175 3396 4065 
4 169 1434 2903 3360 
3 217 809 3251 
1 2222 
2 552 1187 
1 1365 
1 3468 
2 1244 1965 
3 718 2150 2947 
1 355 
1 2435 
2 770 2290 
1 903 
0 
1 3000 
1 4058 
1 1848 
6 117 629 1981 2078 3361 3875 
1 1530 
3 1214 1367 2172 
2 1115 1912 
2 491 1739 
4 2622 3398 3600 3841 
2 1685 3991 
3 1543 1600 1850 
5 195 393 1989 3079 3258 
1 1628 
2 1103 2149 
4 1327 1461 2738 3727 
1 1669 
2 1306 2931 
3 1183 3204 3248 
3 127 1556 1792 
4 1100 2285 2572 3894 
2 2602 3593 
3 229 603 3679 
3 34 3254 3960 
1 1915 
4 798 2649 2678 3037 
2 499 667 
1 2668 
2 1251 3020 
4 1273 1391 2247 2413 
1 3188 
2 394 484 
4 827 1528 2106 2260 
10 206 598 1052 1295 1799 2119 2531 3146 3603 3787 
2 1115 3276 
2 1381 2992 
1 762 
3 1666 2197 2496 
1 2163 
2 743 3838 
2 1556 3642 
3 1591 1826 2153 
3 372 1803 3185 
0 
6 414 1920 2482 2658 3136 3440 
2 2887 3646 
5 124 1156 1839 2827 2927 
4 1809 3043 3331 3831 
4 133 2331 3044 3988 
5 269 672 940 2537 2672 
1 2791 
1 1825 
2 1962 2871 
5 734 1486 1591 1606 2750 
2 3478 4071 
2 2634 4001 
3 2226 3006 3222 
1 2121 
2 1715 3839 
2 131 2705 
2 2617 2670 
3 122 841 3934 
3 110 670 2415 
1 1075 
4 213 1362 2620 3672 
0 
0 
3 32 991 2161 
1 1872 
2 401 1517 
5 1200 1787 2160 2301 3669 
2 2618 3523 
3 2860 3713 3864 
1 2593 
3 601 2881 3838 
3 63 748 3566 
2 2104 2340 
5 505 1976 2023 2604 4007 
1 2229 
1 2560 
1 1066 
2 2816 3370 
2 2606 3552 
1 2583 
5 829 1414 1486 2721 4099 
3 1483 2007 2572 
3 174 1347 3945 
2 332 2747 
5 696 714 743 3148 3264 
4 1413 1768 2046 2122 
0 
3 594 2177 3965 
4 259 376 2774 3460 
3 1021 1104 3018 
6 274 650 1657 1993 2125 3946 
3 147 3205 3628 
4 1923 2344 2718 3170 
2 1516 3492 
2 891 2516 
2 180 2482 
2 1420 3707 
1 3908 
3 3234 3348 3545 
4 1051 1318 1901 3390 
3 623 2608 2704 
6 204 290 305 464 1349 2183 
1 2614 
1 2504 
1 555 
6 395 1199 1267 3251 3347 3881 
0 
2 3100 3987 
3 660 1558 2817 
1 3893 
3 213 1016 3862 
0 
1 3694 
2 541 1080 
2 1346 2126 
5 563 1615 2248 2834 3167 
3 3693 3747 3924 
3 1359 1528 3011 
2 2172 3386 
1 628 
8 239 594 1492 1577 1724 1757 2525 2613 
2 3576 4081 
2 1406 4050 
2 2123 2526 
1 1006 
1 3245 
4 319 631 1344 4093 
1 1969 
0 
3 108 1084 2198 
0 
3 25 1555 2632 
0 
6 51 92 1279 2101 2845 3521 
2 254 359 
4 646 1451 2026 3001 
1 325 
1 19 
4 1171 1378 1513 2527 
2 712 3000 
2 3069 3878 
4 2098 2722 3148 4018 
2 1132 3757 
3 451 1425 1525 
0 
4 570 692 909 1173 
3 1859 2096 3096 
1 2141 
1 3823 
0 
1 3652 
3 2384 2669 3690 
0 
3 1035 2745 4065 
2 306 3541 
0 
3 1464 2151 4046 
0 
6 572 647 1055 1929 2466 4008 
7 15 247 1116 1772 2145 2288 2956 
2 970 2964 
1 3239 
5 581 827 1278 2078 2569 
3 1588 2675 2830 
1 1331 
3 78 1737 2391 
0 
2 389 2057 
6 800 2387 2500 3228 3357 3620 
4 392 1032 1515 2299 
3 473 956 2248 
1 3895 
1 817 
1 2276 
2 2990 3101 
2 521 935 
2 1089 2930 
1 3037 
1 791 
3 156 1815 2007 
2 615 2430 
4 28 1108 1407 1762 
3 2602 2621 3272 
3 1288 3032 3542 
0 
3 438 2010 3929 
3 564 1015 2826 
1 3260 
5 802 2760 3589 3733 3892 
2 999 1756 
0 
2 3097 3914 
1 2371 
4 1456 1995 2107 3238 
2 402 753 
1 633 
1 115 
0 
2 508 1517 
4 1963 2242 2878 3691 
2 1923 3997 
1 1286 
1 263 
1 493 
1 2712 
3 945 3226 3661 
2 875 2842 
3 202 2104 2647 
1 255 
3 1004 1057 2606 
1 3902 
3 1055 1116 3558 
0 
2 1334 2607 
0 
1 3184 
3 2421 2758 3196 
0 
1 2076 
3 187 509 1413 
3 922 3153 3640 
1 2683 
4 327 1335 1871 3282 
2 288 557 
0 
4 204 332 2775 3854 
1 3763 
2 1415 2245 
2 2057 3819 
1 905 
1 1588 
2 1686 1927 
4 620 1382 2791 3485 
0 
4 959 1094 1160 2397 
3 34 2636 3465 
2 220 3660 
2 2872 4060 
3 700 975 3779 
1 1588 
3 113 2928 3957 
1 3430 
4 1515 2947 3327 3581 
4 451 538 1022 3851 
2 1435 2368 
1 3471 
5 1273 1573 1712 3721 3921 
2 2556 2851 
2 1080 2326 
0 
1 2736 
2 197 2633 
2 1197 3755 
2 3016 3370 
2 862 1969 
2 74 3274 
6 658 763 2152 2158 2542 3652 
3 91 856 3230 
6 475 935 2022 2400 2513 2799 
2 1905 3558 
4 103 1906 2043 2721 
0 
5 1027 1325 2113 3074 3293 
1 3000 
2 271 2842 
2 2598 2612 
0 
0 
0 
5 536 849 876 1543 2827 
3 1005 1057 3541 
3 2573 3647 3863 
6 542 1658 1745 2192 2396 3610 
4 31 345 1991 3823 
3 1552 1562 3728 
2 372 2343 
1 539 
3 2186 3387 3439 
4 529 1963 2815 3695 
1 3087 
0 
0 
2 2119 3587 
0 
1 3218 
4 633 1187 1667 2045 
6 592 803 988 2678 3158 3283 
6 2599 2644 2750 2789 3163 3635 
2 1725 2013 
3 444 3841 3935 
2 2942 3761 
1 2881 
1 2248 
3 1385 1420 1791 
3 206 1504 3090 
4 1377 1395 1647 2176 
1 2034 
1 3341 
2 1889 3664 
1 418 
4 1623 1897 3450 4006 
1 3639 
2 775 2618 
5 600 1591 1626 2823 3777 
1 503 
2 64 546 
2 2653 2722 
1 3024 
4 583 702 1489 3966 
1 325 
4 888 1520 2482 3410 
6 237 363 2345 2425 3328 3398 
1 1322 
0 
3 1080 2901 3870 
0 
1 665 
3 372 1526 4098 
4 234 2507 3265 3639 
2 1523 2807 
2 3001 3812 
2 2054 3345 
4 0 65 1719 3727 
4 1180 2363 2650 3111 
5 1362 1500 2364 2976 3237 
1 984 
4 90 697 2424 3365 
2 991 3747 
2 723 2353 
5 149 819 2980 3580 3708 
3 2857 3398 3676 
2 1258 3503 
4 2402 2466 3096 3474 
5 1186 1986 2155 2672 3715 
2 1169 2460 
3 1242 2201 3349 
2 2690 2692 
3 860 2350 2449 
2 377 2133 
4 1778 1896 2603 3721 
4 1179 1303 1666 1805 
4 298 833 1131 3557 
2 218 1295 
2 249 3087 
1 3441 
3 714 3687 3850 
1 1815 
2 5 780 
2 2675 3194 
6 314 630 1311 2781 2983 3714 
2 808 2277 
3 372 1098 4090 
2 2431 2673 
4 515 951 2396 2873 
4 912 1527 2024 2470 
4 1673 1714 2537 4034 
2 1381 2006 
1 1476 
1 3479 
2 2784 3978 
4 399 1557 1874 2092 
3 262 3476 3814 
2 367 2601 
4 85 1457 1798 3035 
4 1402 2304 2636 2988 
0 
2 424 2886 
1 1295 
4 361 848 2345 2751 
4 1246 1673 2798 3485 
1 1710 
2 1504 1986 
0 
1 3653 
3 821 2902 3858 
4 256 1425 2937 3341 
1 233 
1 1392 
8 83 1760 1894 2506 2585 2592 3485 3823 
6 2046 2530 3125 3581 3700 3861 
4 2242 2304 2550 3469 
4 459 484 2913 3303 
2 1908 2434 
0 
2 628 1723 
2 698 3790 
5 704 2122 2656 3370 3375 
0 
1 3230 
2 818 1740 
2 2276 2327 
2 2837 4057 
3 1506 2075 2638 
3 1611 2492 2594 
1 3986 
3 1349 3284 3294 
2 1181 3399 
2 790 2838 
5 604 836 2383 3323 3985 
0 
1 1215 
1 2245 
2 280 3911 
0 
3 1994 3298 3817 
2 870 3786 
4 358 695 3244 3422 
2 2668 3763 
2 3739 3741 
0 
3 39 2360 3601 
6 331 346 794 1535 2531 2559 
4 767 1177 2340 2467 
2 2656 3594 
3 1339 1638 2362 
5 320 366 813 2689 4015 
2 69 2140 
1 428 
4 804 1570 2766 3224 
2 115 1692 
2 2705 3885 
4 951 2276 2650 3142 
4 392 1659 1744 1927 
3 270 3174 3178 
2 2783 3647 
1 1504 
5 752 1847 2726 3000 3723 
3 871 1092 2971 
3 801 1931 3186 
0 
2 737 2225 
5 1817 2474 3014 3217 3481 
5 758 1008 2437 2924 2965 
4 130 511 979 3002 
2 1654 2831 
3 1481 2848 3948 
0 
3 540 2918 3392 
2 3020 3949 
2 3686 3977 
5 378 1047 1542 2058 3282 
0 
2 1029 3834 
1 3250 
3 454 639 2509 
1 3086 
2 447 3792 
0 
1 3762 
5 875 1188 1213 2040 2952 
3 324 1424 2885 
1 1442 
1 34 
1 2526 
0 
1 2170 
0 
4 519 1186 1809 2988 
2 1378 1474 
2 1761 3479 
2 4 859 
3 19 1839 3274 
1 2017 
1 3900 
3 714 1716 2522 
3 1195 3780 3820 
4 358 3046 3407 3570 
0 
2 731 3464 
2 452 573 
1 2773 
3 2372 2447 2468 
3 945 1675 3525 
2 2774 3417 
1 3102 
2 1751 2450 
4 32 811 1158 3535 
5 171 514 1451 2502 3135 
4 541 1835 2142 3421 
5 135 1108 1731 1832 2936 
4 599 1534 2482 3784 
3 857 2494 3048 
2 1933 3207 
3 20 2013 2091 
2 391 1839 
3 287 1010 2099 
1 2061 
2 1964 3790 
2 1059 2639 
3 1068 1882 2648 
2 399 3358 
1 2700 
2 1344 2704 
2 1260 3393 
1 409 
2 3244 3571 
1 3304 
2 2224 3414 
5 972 1338 2396 2785 4032 
1 165 
5 110 960 2400 3550 3976 
2 928 3181 
4 750 3484 3702 3931 
5 947 1241 2735 3001 3026 
1 561 
2 2096 3910 
4 633 1669 2057 3715 
0 
3 513 1642 2733 
2 157 368 
0 
0 
2 604 1455 
2 963 2809 
1 2218 
2 493 2895 
2 906 1170 
1 1461 
1 1553 
3 499 834 2468 
2 427 2067 
4 848 1537 1608 2191 
4 537 2390 2718 2970 
0 
3 97 528 3786 
2 3634 3876 
1 750 
1 2538 
2 2230 2359 
0 
1 3360 
3 727 1141 3845 
5 4 984 1304 2612 3265 
4 1645 1975 2321 3959 
1 247 
4 877 1202 1953 2593 
5 406 1078 2048 2833 3702 
1 3755 
3 610 2900 4090 
4 608 1139 2107 3285 
3 1772 2812 3769 
0 
1 2523 
1 714 
0 
3 871 1638 2754 
3 121 1223 2765 
1 2902 
1 2311 
2 1141 2733 
0 
1 2748 
2 2032 3344 
2 2285 3886 
1 2241 
3 302 1560 2750 
6 210 1210 1899 2109 3383 3896 
3 1762 2418 2875 
1 709 
1 2503 
2 55 968 
1 1027 
1 505 
0 
0 
4 1913 2445 3305 3406 
2 2041 3107 
5 931 1065 3515 3949 4019 
5 926 2145 2441 2445 3806 
3 708 743 1073 
0 
2 710 4039 
0 
2 670 1547 
6 93 253 549 942 1139 2998 
1 3367 
3 1895 2566 3678 
2 2675 2904 
2 1296 2505 
7 989 1221 1723 1778 2580 2768 3799 
2 554 790 
2 2821 3605 
0 
3 73 533 3010 
3 1489 2544 2842 
3 1773 2474 2891 
0 
2 345 481 
3 385 830 3478 
4 660 1090 3322 3983 
1 2869 
2 514 2993 
1 2620 
4 35 335 2053 2650 
2 1924 3208 
5 17 2262 2336 2685 2952 
3 62 1297 1623 
5 225 542 1598 3646 3950 
2 3316 3831 
0 
2 758 3610 
4 2040 2875 2907 4063 
3 1592 2023 2290 
4 2403 2536 2901 3344 
1 70 
4 981 1323 2319 2982 
2 1961 2010 
3 1560 1610 3349 
2 1547 2296 
3 1358 2011 3131 
2 757 1039 
5 780 1209 3126 3386 3979 
3 8 1690 3914 
2 674 3911 
1 3423 
2 857 1363 
0 
1 3435 
2 1002 2538 
5 173 303 804 2394 3483 
2 743 3226 
0 
3 3369 3942 3984 
1 3084 
4 1628 1810 1941 2205 
0 
0 
3 114 1649 3820 
2 1304 3553 
2 751 2893 
2 1203 3848 
0 
1 1657 
3 2085 2269 3765 
0 
3 1281 2321 3256 
2 1739 2671 
2 262 927 
1 475 
1 3932 
3 895 926 3122 
2 147 689 
4 180 727 2081 3472 
5 1154 1430 1778 3657 4078 
1 3123 
0 
2 966 2850 
0 
4 83 226 1528 4001 
0 
2 3647 3829 
1 3080 
5 82 436 3003 3378 3908 
2 126 2091 
2 1170 1904 
0 
1 3083 
1 809 
5 265 1140 1217 1271 2705 
3 564 1856 3990 
5 638 1238 2346 3023 3710 
1 3819 
3 131 2038 2595 
1 3243 
0 
2 2481 3761 
0 
4 324 984 2143 3916 
2 3180 4050 
6 774 1015 1088 1584 1846 2550 
3 502 939 3137 
7 911 1044 1715 2022 2661 3338 3386 
1 1593 
4 345 1798 2452 3486 
4 619 1156 1585 2030 
1 2507 
1 3530 
4 1165 2359 3687 3700 
2 516 3172 
3 989 1663 2974 
1 1163 
2 1200 3256 
3 874 963 1494 
1 2013 
4 847 1942 2031 2922 
2 195 2273 
2 3156 3371 
4 157 1746 1910 3553 
1 1326 
1 1257 
0 
3 1367 1585 2332 
1 2627 
0 
3 2830 3304 3432 
3 1596 1974 3140 
3 549 1286 1888 
4 27 439 853 1115 
2 2295 2863 
0 
3 248 816 2851 
2 1419 1454 
0 
1 2815 
1 3923 
0 
4 4 673 1120 3889 
2 1364 2107 
1 3490 
2 977 2521 
2 861 882 
2 452 1206 
3 954 2131 2716 
1 2266 
4 1401 1453 2585 3381 
3 775 794 1969 
2 1120 2993 
1 3048 
0 
2 719 1883 
1 2761 
2 1661 2695 
1 2304 
0 
2 1264 2011 
2 2329 2412 
1 3024 
2 1092 1726 
2 378 3959 
2 185 3072 
0 
2 966 1968 
1 2805 
0 
2 2384 4055 
0 
2 1648 3034 
0 
3 1515 3396 3836 
4 504 1520 1537 2559 
5 496 790 802 2679 4024 
3 396 2311 3341 
3 1009 1076 1085 
0 
2 3713 3970 
5 53 883 895 1149 2252 
5 67 324 1448 2546 3328 
3 1518 1790 2511 
3 2532 2762 3872 
4 583 656 2217 3405 
3 1541 1749 2472 
1 3800 
5 1443 2139 3130 4052 4057 
4 69 397 2007 2691 
1 853 
1 3394 
2 159 2486 
4 308 1769 2060 2382 
1 166 
1 3506 
2 895 3828 
2 2621 3625 
3 1367 1620 1923 
2 2685 3055 
7 611 1453 1691 1926 2244 2469 3487 
2 1239 4060 
4 802 2611 3357 3632 
4 2196 3551 3755 4020 
0 
3 961 2215 2227 
2 703 3647 
1 26 
5 50 1730 1978 2108 2604 
3 2461 3114 3714 
2 747 1608 
2 2320 4075 
4 2089 2885 3396 4087 
3 1146 1442 3530 
3 2719 2987 3719 
1 2363 
2 1149 2906 
3 388 618 3878 
5 855 1470 2913 3156 3539 
1 2142 
2 2311 3456 
2 6 1981 
1 2774 
6 1973 2867 3777 3979 4001 4049 
0 
4 152 166 1977 2152 
2 104 2443 
0 
4 814 1260 1391 2286 
2 1885 3065 
2 2461 3190 
3 444 3278 3514 
3 671 1354 2445 
2 522 1699 
2 2265 3804 
2 1379 1820 
1 3642 
3 234 1141 2548 
3 1582 2201 2576 
2 358 1473 
0 
3 631 2694 4008 
0 
4 716 2268 3142 3205 
3 468 1280 4084 
2 405 3031 
2 1932 2908 
5 936 1478 1950 3079 3476 
3 1118 1744 3369 
2 91 1268 
3 63 3283 3977 
2 1567 3271 
1 2217 
3 162 452 1525 
1 450 
2 661 3218 
5 879 1186 1670 2456 2700 
2 1131 2739 
2 2715 2781 
3 858 1352 4037 
4 1666 2179 2476 3186 
1 1810 
3 405 643 3568 
2 1201 1215 
1 3961 
2 1318 2430 
3 2304 2497 2616 
7 122 1834 2045 2842 2846 3048 3819 
6 1904 1995 2017 2956 3193 3360 
2 106 2418 
0 
0 
3 787 808 2732 
5 389 406 2124 2468 3812 
0 
6 852 2126 2318 2805 2910 4009 
7 539 1077 1825 2100 2620 3387 3546 
2 2247 3110 
0 
3 2782 3063 3327 
3 1458 2753 4030 
7 146 1610 2128 2298 2751 3624 3693 
1 1265 
5 14 171 185 2044 3207 
4 687 1756 2147 4007 
0 
4 109 734 2450 4006 
1 1881 
3 391 1796 3360 
1 1643 
2 2406 2637 
2 59 4009 
2 502 3953 
5 613 2248 2337 3433 3808 
4 1833 2398 2526 3829 
1 157 
4 260 2022 2525 3671 
1 2084 
2 3590 3641 
3 299 333 3355 
4 203 1216 2223 3536 
1 1833 
2 680 1092 
3 626 2302 2658 
3 762 1201 2962 
2 900 1517 
3 505 1310 1857 
0 
0 
2 1168 3032 
0 
2 472 2565 
0 
3 815 1230 1425 
4 966 1897 1943 3087 
2 1134 3205 
5 33 82 1573 2597 3768 
6 468 577 1730 3156 3209 3939 
2 2364 2506 
1 2434 
5 32 1618 1727 2443 3800 
2 761 1325 
2 2572 3132 
4 490 1840 2041 2596 
2 512 3289 
0 
6 37 2355 2484 2829 3424 3621 
4 1011 2275 2368 3166 
1 2549 
2 850 1482 
2 1235 3281 
1 301 
1 2705 
3 310 2054 2119 
4 1268 1658 2398 3982 
4 613 1118 2345 2580 
4 1533 2818 3324 3471 
0 
2 3556 3943 
4 117 1596 1918 2042 
2 537 3867 
3 1321 2104 2365 
5 707 2018 2024 2238 3774 
4 373 2449 2555 2621 
3 409 2541 3246 
2 302 2526 
6 774 1035 1694 2683 2908 3096 
2 966 2803 
3 1967 2386 2750 
1 502 
4 1224 2907 3689 4079 
4 1305 2466 3469 3937 
2 1027 1403 
3 2827 3469 3537 
2 2752 3801 
0 
0 
2 499 3357 
2 931 2535 
3 377 1603 3142 
3 1799 3388 3413 
4 714 715 2712 2769 
2 1005 1386 
2 1431 3692 
0 
4 744 2532 3290 3644 
0 
3 2331 2697 3451 
6 267 1185 1425 1489 2954 2978 
2 445 3054 
4 718 1920 2039 2868 
1 55 
3 620 2982 3693 
1 3351 
4 519 691 2218 3725 
1 3660 
4 2004 3104 3276 3815 
4 204 223 912 3326 
3 348 3240 3376 
1 514 
1 1593 
1 1139 
1 861 
3 19 247 1884 
2 550 3530 
2 3742 4052 
2 1698 3500 
2 544 2819 
4 1209 1519 2322 3393 
3 135 875 1770 
2 3455 3616 
0 
1 238 
3 884 2887 3219 
3 14 724 3927 
3 595 1186 3719 
1 825 
1 3664 
0 
3 889 1303 3754 
3 1470 1671 2761 
0 
2 360 3127 
3 246 2992 3047 
5 11 69 126 2325 3342 
6 1025 1192 2372 2389 2810 3325 
1 3950 
2 1277 2687 
3 1893 2865 3983 
1 3976 
4 87 1645 2286 3574 
1 2506 
4 2070 2716 3703 4016 
1 3327 
1 3640 
3 337 893 1686 
4 883 2970 3178 3318 
3 1853 1999 2859 
2 473 3152 
3 536 2161 2301 
1 3526 
3 395 2975 3010 
3 305 690 1325 
3 102 1704 1711 
2 1677 2318 
5 404 1324 1857 2327 2583 
4 308 1924 1992 3448 
2 2324 4097 
3 677 2566 3708 
4 888 1307 1330 3844 
3 226 614 1733 
2 294 3271 
5 189 1899 2382 2840 4065 
2 164 1901 
2 233 610 
3 2451 2965 3315 
2 1515 2723 
4 435 1272 2285 2408 
3 427 505 845 
1 2562 
4 23 186 672 853 
4 395 539 2895 2963 
0 
4 550 1827 3383 3863 
3 2799 2876 3484 
0 
3 1505 2815 3798 
3 1716 1835 2150 
1 526 
2 992 1883 
1 3246 
0 
1 4076 
2 2984 3174 
1 3345 
2 578 2166 
4 160 2559 3841 3854 
3 2157 2945 3000 
2 1964 2018 
0 
1 3707 
2 1068 3871 
1 910 
0 
1 1206 
1 2358 
2 2160 2391 
1 3972 
1 3260 
0 
0 
3 1697 2819 3847 
4 1335 2204 2364 3740 
5 693 1565 1859 2877 3004 
2 1793 1965 
4 1639 1978 2729 3362 
1 437 
1 2294 
3 219 266 1542 
2 1144 1940 
3 681 2360 3863 
4 361 526 3546 3854 
3 563 2498 2984 
2 2 1818 
2 1224 3989 
5 1422 2234 2500 3808 3954 
5 813 1185 3000 3321 3791 
5 1146 1724 2014 2235 2350 
1 542 
3 1402 1842 3147 
3 604 2479 3913 
6 3 945 1843 3361 3710 3932 
2 684 2336 
1 2543 
3 1500 1678 2430 
2 1105 2832 
5 394 1106 2387 2868 3501 
1 3292 
2 1228 2121 
0 
1 1533 
2 776 3836 
3 849 1946 2582 
2 1411 3291 
1 681 
2 866 2169 
3 226 3382 3641 
3 2081 2660 3819 
3 269 606 1749 
1 2191 
5 744 782 886 1780 4084 
0 
1 404 
3 938 1046 1608 
4 1440 1836 2437 2496 
2 241 2549 
3 1610 2689 2766 
6 734 814 1077 1268 3077 3664 
4 2411 3408 3423 3564 
5 379 754 1004 2739 3125 
0 
2 601 1274 
3 206 1656 2864 
4 1328 3273 4001 4011 
3 128 563 3776 
1 2816 
1 3556 
1 3907 
3 2577 2606 3151 
2 3701 4020 
8 595 1889 2282 2421 2558 3602 3725 3821 
5 436 683 737 760 1470 
2 1530 4039 
3 402 1724 3411 
3 2002 2020 3735 
2 524 2028 
2 1912 3859 
1 2824 
3 125 2587 4088 
2 2618 3996 
1 1657 
2 496 3335 
1 3928 
6 1381 2116 2338 2376 3002 3074 
0 
1 184 
3 91 101 2855 
5 382 713 2223 3294 3843 
0 
1 530 
0 
3 493 1452 2391 
4 172 894 2066 3640 
3 1045 1124 3861 
3 1333 1868 3735 
6 224 694 836 1884 3495 4075 
1 2717 
3 1758 3714 4099 
2 1577 4029 
5 973 1100 1561 2897 2959 
0 
3 121 3074 4045 
0 
1 1633 
4 82 1541 2310 3595 
2 1379 3306 
5 92 122 204 253 919 
1 1635 
5 1618 1885 3094 3280 4083 
3 2322 2862 3626 
3 781 3087 3525 
4 846 1631 2694 3986 
2 2329 2644 
2 2725 2913 
3 115 3389 3810 
1 2563 
3 1179 1217 2555 
3 486 2130 3558 
2 673 3698 
3 439 854 4068 
1 2850 
4 1119 2924 3329 3451 
2 1836 3346 
3 936 3242 3766 
5 181 1250 2308 2662 3562 
3 1039 1678 3188 
1 4074 
0 
0 
3 1827 2373 2459 
0 
0 
3 1944 2983 3540 
1 4095 
2 277 1786 
1 2182 
1 1202 
3 927 1025 1599 
2 812 2044 
3 771 2728 3233 
2 1031 1452 
3 1455 1570 3573 
2 527 3812 
4 1134 1329 1529 3719 
5 1897 2093 2204 2385 3214 
2 582 3399 
2 2403 2541 
5 1308 1678 2857 3230 4001 
8 517 573 631 1752 1868 2591 2832 3733 
3 451 3119 3208 
8 1944 2432 2462 2861 3147 3434 3494 3723 
0 
4 1104 1517 1706 3483 
6 154 268 422 919 1448 2508 
4 244 1200 1752 3591 
2 162 471 
3 289 981 2144 
2 132 3043 
3 8 271 1945 
3 583 2949 3086 
4 1520 2501 3631 4038 
2 1530 3699 
1 1398 
3 2071 2879 3246 
2 193 1142 
1 2681 
2 59 2188 
1 3477 
3 1508 2661 3270 
1 1780 
3 1295 1447 3235 
2 1412 1733 
3 1749 3244 4061 
3 1106 2067 3264 
5 401 1693 2008 2498 2897 
3 13 1131 1677 
3 931 1225 3650 
4 188 2471 2794 3179 
2 673 1382 
1 2364 
3 2479 3194 3465 
4 3139 3187 3701 3837 
2 81 371 
3 1439 2157 2519 
3 1167 1743 3222 
1 3947 
1 3763 
8 276 1013 1074 1352 2501 2576 3463 3700 
5 209 1286 2354 2955 4042 
1 4062 
1 1603 
2 703 1332 
3 2325 2919 3475 
1 3327 
4 416 804 2477 3345 
1 3987 
3 1962 3012 3528 
3 1366 2043 3446 
2 717 3151 
0 
4 385 668 1822 3869 
3 18 268 2033 
2 3667 3972 
1 3531 
1 4014 
2 1238 3833 
5 755 768 1064 2469 3121 
1 2159 
4 426 846 1008 2734 
3 2163 2562 2624 
1 280 
6 82 1488 1917 2931 3426 3676 
2 718 2648 
2 417 686 
3 1707 2218 3396 
1 1479 
2 2456 3746 
2 226 3840 
1 2848 
1 1622 
2 2291 2470 
4 1329 1499 3129 4097 
4 459 733 1206 2766 
3 2014 3290 3537 
3 2209 3731 4038 
4 56 371 2145 3098 
5 992 1351 3194 3891 4039 
1 3422 
2 987 3809 
3 1331 2594 3483 
1 1686 
2 110 979 
0 
4 2164 2985 3382 3848 
5 609 918 1053 1751 3113 
0 
3 874 2256 2671 
4 1039 1385 1553 3272 
1 1618 
2 1402 2864 
2 2120 2519 
2 2700 3699 
1 3942 
4 221 1108 2960 3638 
0 
2 2278 3414 
2 694 1953 
3 2961 3096 3311 
1 820 
4 875 1128 1743 2477 
2 155 2110 
5 899 1908 2297 3103 3332 
5 642 931 1232 2608 3684 
4 176 806 969 3447 
2 1683 2778 
4 70 502 737 936 
6 496 797 960 1685 2399 3714 
0 
3 435 1691 3260 
6 176 2148 2323 2775 3058 3737 
6 88 1987 2143 2468 2535 2943 
3 563 1558 3969 
2 2409 2843 
3 201 430 1184 
0 
1 3993 
0 
2 22 2584 
1 3263 
2 325 1598 
4 503 542 1262 2880 
1 993 
3 753 1324 1629 
5 794 1513 2130 2870 3885 
3 32 2026 2544 
4 827 1005 1414 2095 
3 2557 2906 3184 
1 1694 
3 659 2129 2320 
2 856 2748 
4 837 1857 2944 3111 
2 440 1002 
2 1102 1635 
4 49 883 2924 3101 
1 455 
1 1179 
0 
8 385 1867 2053 2165 2668 3003 3489 3928 
2 1102 2595 
5 42 2077 2466 2608 3604 
5 117 244 912 1876 2401 
3 909 1829 2611 
0 
3 48 880 2079 
6 180 621 2103 2740 2765 3898 
3 308 2157 2712 
4 797 1865 3086 4096 
4 691 2838 3173 3922 
4 237 473 2291 2725 
1 1915 
3 1301 2995 3352 
0 
6 608 848 964 2706 2880 3296 
2 598 3115 
1 3490 
2 829 4081 
2 1141 2621 
4 672 933 2969 3817 
4 178 714 2933 4085 
4 614 1670 2450 3721 
2 202 3677 
1 3122 
2 2005 2653 
2 947 3432 
2 2419 3750 
2 27 3055 
2 1123 2649 
1 3057 
1 2036 
1 3743 
2 259 2681 
2 1367 1919 
5 45 1118 2448 2772 3415 
3 307 2836 3767 
2 2941 3468 
1 2232 
1 1613 
6 451 879 2247 2431 2855 3255 
2 975 3789 
5 257 611 2211 3357 3538 
1 3677 
4 1181 1648 2445 3421 
1 3562 
1 2922 
5 230 822 1882 2014 3645 
1 1470 
1 525 
1 2508 
0 
4 585 2094 2390 3412 
2 759 2548 
2 452 2199 
1 3684 
3 3304 3676 3770 
2 725 2353 
6 644 1615 2316 2689 3638 3668 
2 2222 3843 
2 1595 1662 
5 1360 1784 2084 3001 3613 
0 
1 3149 
0 
3 566 832 2216 
4 12 1710 1957 3456 
4 160 1343 2901 2980 
1 1276 
3 141 399 898 
3 1615 3116 3766 
0 
2 284 920 
3 1374 3102 4043 
2 372 3899 
4 2195 2890 3517 3706 
2 3194 3735 
3 716 1895 3064 
4 1897 3628 3966 4039 
1 2997 
1 2784 
3 1752 2729 2847 
4 162 2301 2392 2656 
3 2832 3509 3557 
1 1400 
6 583 1045 1226 3313 3530 4051 
4 2339 2558 2897 4058 
4 344 1610 2319 3580 
3 1073 1247 2578 
1 2635 
5 871 1687 2197 3204 3442 
5 190 961 1016 1138 1703 
1 282 
1 3369 
3 372 436 584 
1 1591 
1 266 
2 2297 3944 
2 2391 2959 
1 2106 
0 
0 
0 
1 874 
3 398 3415 4080 
1 1441 
1 2357 
1 3359 
2 1644 3974 
2 1559 3354 
0 
2 1653 3081 
5 1479 2880 3103 3346 3355 
3 754 2418 3884 
0 
1 2584 
3 1531 2700 3255 
3 2416 2437 2534 
1 1737 
5 1019 1236 1267 2338 2886 
2 1196 2842 
4 2115 2775 3038 3738 
1 721 
2 2952 3534 
2 183 243 
5 777 1940 2333 3115 3955 
1 728 
3 381 2330 2381 
4 862 1399 1847 3152 
3 1638 1820 3219 
2 2332 3773 
1 1005 
2 2837 3831 
4 840 1448 3314 3803 
2 2090 2168 
1 789 
3 261 2736 3648 
2 1887 2615 
2 1544 2739 
1 1454 
3 409 2121 2254 
1 1691 
4 1015 2618 2870 3575 
0 
4 912 1829 2239 3374 
4 350 1713 2482 3906 
1 2402 
6 128 1210 1226 1568 1676 2584 
0 
1 774 
2 2828 3725 
3 1994 3200 3471 
1 135 
3 1974 2675 3257 
8 27 432 1394 1587 1630 2827 2907 3818 
0 
1 2774 
2 185 471 
5 205 429 753 773 3552 
5 236 2215 2526 3329 3918 
1 2865 
3 518 1685 1834 
3 617 1451 2244 
5 140 1621 2148 3084 3663 
4 1379 1481 3250 3896 
3 724 1798 1979 
4 351 502 2129 3434 
1 1837 
2 1814 2062 
1 1094 
5 292 1236 1835 3680 3816 
3 309 328 3855 
4 37 682 1571 1982 
5 446 562 2284 2498 2863 
6 363 890 1777 2628 3386 3462 
4 1537 2287 3101 3976 
1 2282 
1 2689 
1 567 
3 1441 1902 3036 
3 799 1703 3009 
4 1953 2276 2818 3208 
2 2243 2403 
7 13 918 1258 2572 2881 3722 3987 
1 538 
1 90 
2 1121 2925 
1 938 
6 1157 1214 1745 2805 3181 3343 
1 1506 
0 
0 
1 361 
5 136 1183 1897 2971 3209 
1 3503 
1 3741 
3 1174 2214 3853 
3 347 2058 3106 
2 1736 2742 
2 432 3446 
2 2263 3370 
2 1875 2717 
4 1374 1523 2625 2976 
3 1256 1890 3445 
1 3693 
1 1260 
4 107 1169 1625 2914 
7 131 1170 1728 1882 2049 3184 3725 
4 718 1751 2828 2829 
1 767 
3 294 391 820 
4 1090 1737 3047 3791 
0 
0 
1 1038 
2 1317 1815 
3 66 402 1999 
1 337 
3 3299 3436 3573 
1 1953 
3 571 2691 4096 
0 
1 3900 
1 577 
3 101 2284 4092 
2 1603 1842 
1 1244 
4 997 1580 2855 3214 
2 2014 3270 
1 1758 
3 1014 1906 3989 
0 
3 634 1815 3237 
4 1368 2209 2401 3452 
6 97 477 1011 1876 1961 2255 
2 729 2239 
2 175 3611 
5 120 294 1465 2958 3471 
0 
3 1118 1199 1344 
2 729 1080 
2 1704 1744 
2 2126 3113 
5 236 781 1104 1346 3823 
4 2160 2390 3015 3473 
2 1178 2303 
6 1449 2016 2339 2937 3419 3518 
0 
1 67 
2 1700 3894 
0 
5 102 179 314 1847 2829 
1 2132 
1 211 
4 1928 3214 3332 3708 
2 1571 3580 
3 871 2848 3365 
1 3860 
3 409 904 2975 
2 2274 3314 
0 
6 264 1403 1679 2270 3477 4020 
2 2184 3444 
0 
3 1062 1940 3384 
1 3411 
0 
3 191 1172 2514 
1 1157 
5 166 182 755 2723 3603 
1 3190 
3 2498 3104 3974 
0 
4 1026 1675 1904 2846 
3 1198 2197 2523 
4 588 2020 2833 4025 
1 3339 
5 504 1228 1729 2668 3142 
1 839 
1 349 
3 1278 1924 2274 
2 2742 4028 
1 2534 
0 
3 593 1414 3703 
1 372 
4 569 1636 1730 2812 
1 147 
6 138 332 1411 1414 1642 2201 
1 3407 
3 1317 2658 3983 
3 2192 2903 3708 
3 221 1183 1753 
6 196 1321 1696 2179 2627 4084 
1 1845 
5 1519 2921 2993 3574 3810 
0 
2 369 702 
1 2790 
2 1666 2086 
0 
2 3311 3375 
2 1999 4060 
4 122 1180 2702 3569 
2 1619 1640 
2 2020 3031 
0 
1 3430 
2 543 3083 
7 539 1004 1178 1761 2159 3165 3266 
2 1258 3196 
6 337 1317 1365 1683 2130 3035 
4 1610 2076 3707 3953 
7 491 555 1200 2090 2844 3433 3732 
3 102 550 2047 
5 1596 2572 2976 3257 3991 
3 231 3447 3990 
3 1277 1431 3580 
3 608 809 4081 
2 1670 2876 
3 2064 2119 4007 
2 522 2802 
5 2 510 762 1900 2050 
2 424 791 
4 1511 3099 3480 4085 
6 495 886 941 1156 1326 2302 
0 
1 1736 
1 3564 
1 1602 
0 
0 
0 
0 
3 350 3144 3550 
4 477 1239 3607 3972 
2 190 4097 
3 318 1327 4068 
4 2851 3305 3453 3911 
2 879 1924 
3 1676 2956 3495 
5 94 1892 2044 2330 2428 
2 382 2803 
2 1014 1895 
3 711 2030 2057 
4 234 766 1323 3754 
3 1405 3257 4033 
2 222 949 
2 315 1424 
5 127 1224 1728 1821 2733 
4 1164 1521 2561 2875 
5 808 2023 2207 3713 3919 
4 346 1290 2516 2928 
2 76 2783 
2 1593 3303 
1 3431 
1 1104 
4 50 2424 2825 3312 
1 454 
3 940 2509 2657 
3 768 3755 3795 
1 3417 
2 2053 2110 
0 
3 467 704 1555 
3 754 1310 2839 
4 787 1388 2431 3592 
3 711 3898 4087 
3 659 966 1706 
6 969 1299 1704 1755 2316 3844 
1 984 
2 2583 3248 
1 3899 
5 466 714 764 1225 3300 
3 875 1257 3926 
4 37 277 1594 1775 
1 3533 
3 2274 2439 3511 
3 1768 2130 3409 
2 384 1449 
4 763 891 1201 3663 
2 1373 1464 
0 
0 
3 1754 2016 3318 
1 1102 
4 1903 2796 3378 4025 
5 1430 2144 2792 3290 3825 
2 2556 3667 
2 1592 3820 
0 
3 449 1647 2210 
5 504 1738 1925 2668 3226 
2 1226 1515 
0 
0 
3 2990 3113 3692 
2 726 729 
5 242 506 1753 1986 2979 
4 1093 2545 2648 3500 
1 2146 
5 810 1940 2243 2842 3968 
5 444 1257 1585 1866 2712 
2 921 3915 
2 2507 2710 
6 496 1849 2079 2861 2945 3927 
4 223 248 1985 3681 
1 3992 
2 568 1721 
3 1422 1838 4022 
0 
0 
2 1008 3983 
1 2660 
1 621 
7 783 862 927 1732 2340 2472 3950 
2 1117 3173 
0 
4 362 646 2918 3544 
2 1648 2057 
2 1938 3581 
4 2245 3100 3387 3478 
2 23 724 
2 1425 1745 
0 
3 632 1912 3522 
4 925 1835 2528 3337 
4 2137 2272 2304 3691 
4 4 1224 1560 3734 
0 
3 1948 3008 3261 
0 
1 3587 
0 
1 2018 
4 109 1224 2865 4002 
2 915 1381 
3 805 1239 2099 
5 613 1508 2158 3402 3846 
2 1733 3571 
1 1726 
1 1111 
2 654 1133 
0 
2 1208 3979 
4 863 1028 2978 3715 
2 499 1185 
2 919 1618 
3 309 412 3056 
3 924 1055 1938 
2 157 1059 
3 946 2122 2159 
1 325 
1 2713 
3 1612 2161 3991 
2 1111 1378 
3 352 966 2722 
2 948 4084 
4 481 2294 2685 3748 
1 1676 
2 902 3156 
5 324 913 1148 1949 2299 
0 
5 449 906 1438 1686 3897 
5 1028 1607 1753 2176 3036 
1 851 
3 2688 3094 3472 
2 610 2079 
2 53 2359 
3 658 3300 4019 
2 1538 2450 
3 2331 3133 3846 
0 
2 96 2992 
0 
1 977 
1 1097 
5 897 3020 3401 3919 3925 
2 2246 3806 
6 1081 1210 2793 2972 3153 3246 
1 1700 
3 691 1238 3301 
2 1334 3334 
2 18 2657 
1 3176 
0 
2 715 3765 
5 1133 1982 2647 3544 3584 
1 467 
0 
2 1053 2644 
3 1335 2082 2556 
3 867 2186 3279 
4 1169 1267 1439 3612 
0 
2 132 3720 
2 1152 2182 
0 
0 
5 457 1232 1259 2239 4015 
2 2516 2640 
3 886 1713 2447 
1 3333 
2 1917 2570 
4 725 1517 2038 3854 
3 728 1994 3460 
1 434 
0 
2 226 3771 
0 
3 2816 3033 3240 
6 869 1253 2157 2434 2549 3985 
3 997 2793 3616 
4 235 902 2932 3458 
2 1482 2106 
2 891 1179 
1 1198 
0 
4 1009 1194 1423 2310 
1 2868 
1 312 
3 867 1132 3433 
2 815 1586 
1 336 
4 224 2035 2190 3696 
1 3094 
5 651 1067 1756 3274 3833 
0 
4 1441 1609 2615 3731 
2 472 4001 
3 584 1817 3497 
3 243 2623 2780 
6 143 1261 1926 2215 2334 3082 
2 1182 3806 
3 1599 2377 3391 
4 1182 2771 3181 3968 
1 685 
4 1651 1981 2919 3275 
1 1567 
1 800 
1 1777 
2 456 3377 
2 316 3273 
6 770 1337 1666 2111 2273 3218 
0 
2 2460 3462 
0 
4 534 946 1338 3024 
5 154 901 1266 1504 1742 
3 685 2172 4040 
2 321 3801 
1 700 
1 348 
1 2561 
0 
5 1050 1771 2165 2559 3994 
3 621 2610 2785 
2 2979 3608 
1 1668 
2 1558 1822 
4 782 1966 2358 3719 
3 938 1368 3708 
3 538 1624 3038 
2 35 3510 
4 926 1106 2935 3603 
4 987 1152 2613 3936 
3 222 1846 2426 
1 279 
6 407 1983 2168 2805 3039 3543 
3 642 824 1272 
1 402 
1 2009 
2 1885 2238 
1 183 
0 
2 437 1682 
4 360 1354 1395 2506 
3 599 660 2078 
4 7 335 1349 3932 
3 1096 2293 2900 
1 3686 
3 370 857 3585 
5 134 1667 1929 2295 3208 
5 294 2164 2882 2938 3278 
3 2745 3287 3460 
2 2355 2438 
2 342 2948 
4 322 3297 3376 3979 
2 999 2741 
3 2912 3432 3638 
4 27 929 3388 3989 
4 1397 2149 2841 3222 
1 3803 
5 895 1133 1401 1758 3201 
2 1214 1691 
3 1764 3148 3991 
4 30 437 1690 2991 
2 1391 2790 
2 3273 3514 
2 2816 3689 
0 
1 1062 
1 4041 
5 144 1034 2879 3409 3559 
4 284 1566 1810 3908 
3 181 575 1594 
0 
0 
3 626 1392 2164 
6 173 1264 1926 2092 3340 3677 
1 365 
2 1425 4057 
5 378 818 1771 3078 3769 
4 597 659 3099 3991 
1 2692 
2 658 2192 
2 626 1316 
4 934 1319 1632 2313 
3 1071 2129 2278 
1 671 
1 725 
2 148 2124 
0 
2 2688 3406 
3 1195 1668 2993 
1 1689 
4 563 1270 2510 3062 
6 318 1205 2237 2956 3081 3524 
2 1344 2713 
1 742 
0 
2 88 3853 
4 3 113 453 1133 
3 2455 2754 3674 
3 892 1078 3307 
4 2544 3380 3509 3897 
3 2636 2669 2915 
2 721 2047 
1 2887 
1 2543 
1 4079 
2 1215 3524 
2 1104 1854 
2 3622 4008 
1 3711 
3 536 2478 3246 
5 795 1757 2499 3690 4029 
1 2834 
4 1578 1685 2345 2725 
1 2811 
2 283 1165 
2 3175 3526 
2 351 1359 
2 1815 3101 
1 2806 
3 686 1386 2443 
1 452 
1 4090 
4 710 1124 1549 1856 
4 923 1935 2667 2756 
3 700 954 3347 
3 623 1746 2338 
3 1797 1881 2924 
3 558 2956 3820 
2 1427 2944 
1 3216 
2 1149 3216 
2 1947 3283 
2 2514 3084 
2 102 1032 
5 888 1115 1763 2311 4032 
5 255 640 2307 2365 3746 
5 568 602 1736 2365 2408 
4 575 749 1009 1540 
5 346 1280 3065 3248 4066 
5 804 1905 2018 2240 3384 
3 505 1382 2432 
3 961 2804 3322 
1 2845 
2 2193 2967 
4 1237 2289 3421 4026 
5 1243 2167 2920 2935 3742 
1 2522 
1 1842 
1 2748 
8 26 1052 1110 1430 1677 2277 2558 3650 
2 104 2132 
3 167 804 2470 
6 67 330 979 2835 3170 4032 
2 1677 2430 
2 452 2238 
4 1281 2088 2413 3164 
1 787 
2 1492 1990 
3 1093 1546 2495 
0 
1 3408 
0 
4 1956 2197 2384 3122 
1 383 
3 1176 2017 3601 
1 3155 
2 1827 3462 
5 194 626 758 914 3304 
4 310 2020 2562 3843 
2 1979 2904 
6 154 1544 2330 3252 3520 3602 
3 740 1932 2109 
7 756 1818 2317 2592 3031 3268 3692 
0 
1 1633 
4 580 1780 1906 2676 
3 134 1436 3835 
4 2143 2299 3945 4015 
1 894 
2 744 1083 
4 43 1199 3290 4022 
3 69 3618 3735 
4 187 1403 1447 2507 
3 1854 2476 3713 
2 1883 3647 
1 1045 
3 159 2033 2760 
3 2140 2172 2269 
5 916 1137 2340 2952 4088 
2 2740 3321 
0 
1 284 
5 427 1296 1622 3502 3561 
4 522 748 1212 2276 
5 887 1803 2795 3785 3942 
0 
0 
3 629 2232 3734 
1 1431 
1 3257 
4 41 104 508 1475 
1 2934 
3 332 1361 1851 
2 126 690 
3 1969 2044 2243 
1 3098 
2 2 3680 
2 1384 2736 
3 1160 1449 2224 
2 1220 1393 
3 738 830 2448 
4 270 1423 2862 3315 
1 299 
3 1626 2146 3579 
5 180 1447 1760 2311 3835 
2 1656 1756 
1 3924 
1 1685 
2 285 3554 
2 2746 3473 
5 581 1227 1628 1983 3010 
3 663 2363 3757 
3 473 510 2793 
1 3555 
0 
4 1283 2575 2950 3544 
2 2062 2694 
1 2838 
1 2452 
5 1530 2203 3186 3277 4047 
0 
5 1278 1991 2153 2819 3856 
2 2343 3158 
1 3800 
2 888 3883 
2 1086 2509 
1 420 
2 592 1022 
4 329 859 2081 4074 
2 225 2670 
2 2178 2967 
2 2894 4027 
4 285 2721 2838 3565 
2 1325 3543 
6 72 1221 2403 3119 3817 3848 
2 2740 3199 
2 450 587 
0 
2 616 2194 
1 1136 
3 2130 3188 3424 
5 43 150 826 2150 2821 
4 1867 2562 3550 4035 
2 644 658 
4 837 1088 3212 3758 
1 2743 
1 2029 
2 2918 3535 
2 384 708 
6 1295 1441 2280 2881 3263 3632 
1 414 
1 1778 
3 329 632 2058 
6 348 1005 1678 2497 2784 2820 
1 66 
1 2394 
2 1969 2255 
3 644 2113 3194 
1 2117 
1 1714 
1 1851 
4 558 1006 3651 3920 
3 1278 1845 3140 
1 557 
3 2836 2933 3817 
0 
5 69 667 2177 3688 3965 
3 1368 1826 3722 
3 1273 2350 3738 
2 2636 3988 
0 
1 1525 
2 1831 2415 
4 1170 2359 2472 3518 
0 
3 1778 2602 2985 
4 47 73 2555 2714 
3 235 1175 2224 
4 60 260 317 3311 
3 1451 1782 3058 
4 450 683 1195 2002 
4 1863 1892 3263 3538 
2 2103 2978 
1 3719 
2 232 1624 
4 1210 1303 3953 4043 
2 3560 3939 
2 1020 2553 
2 561 2753 
6 594 877 1813 2630 3852 3932 
4 1437 1562 2452 2781 
2 3338 4057 
2 543 2170 
0 
5 378 2236 3048 3290 3805 
1 1420 
1 3020 
6 843 985 1109 1272 1867 1896 
5 981 1166 1349 2218 3849 
4 1279 1953 3077 3101 
3 1498 2157 3559 
3 674 1883 3518 
2 3453 3604 
3 516 803 898 
2 335 560 
1 2587 
1 2337 
5 1429 1831 2913 3343 3593 
1 963 
3 2066 3457 4093 
2 420 3987 
4 79 294 1277 3297 
1 2401 
1 1099 
1 3068 
1 935 
1 395 
7 346 802 870 1284 2634 2999 3503 
0 
2 226 750 
2 1506 3709 
4 1153 1572 2704 3794 
2 192 675 
4 616 1349 3092 3374 
0 
0 
1 3265 
0 
4 58 1655 2462 2865 
2 1029 1719 
2 820 2667 
4 591 1582 3036 3533 
2 1209 2468 
3 2336 2621 3034 
3 426 867 1023 
2 2278 2719 
1 2725 
1 3411 
0 
0 
2 889 2027 
1 890 
1 3272 
1 1312 
5 556 605 1813 2368 3132 
5 1327 1563 1677 2997 3987 
0 
3 254 774 3654 
2 126 3526 
2 726 796 
0 
3 88 1779 3572 
3 1609 2185 3616 
2 2605 3135 
1 2187 
4 2129 2982 3119 3951 
0 
2 3485 3842 
1 3933 
3 46 2783 4083 
2 13 1689 
2 193 2234 
2 1639 2831 
1 488 
2 3110 3736 
1 3017 
2 986 3796 
1 3265 
0 
1 1575 
1 732 
6 134 147 1108 1953 1971 3256 
0 
1 3425 
2 1927 3002 
2 527 2769 
4 854 1657 3203 3966 
3 1497 3107 3391 
3 269 2268 2784 
1 2689 
2 1502 2465 
4 713 1469 2320 2825 
1 686 
4 1291 2029 2166 3138 
5 543 1125 1189 1724 1980 
0 
1 817 
3 208 1140 3574 
3 113 405 3300 
3 3026 3307 3527 
1 237 
5 238 644 1978 2623 2682 
0 
7 343 992 1178 1756 2117 3427 3849 
2 175 1037 
2 2095 2898 
5 805 2481 2770 3417 4016 
3 953 2578 3795 
6 1020 2153 2332 2810 3002 3996 
3 1320 2230 3380 
2 2121 2269 
2 1786 2428 
0 
3 544 666 2354 
3 1412 3080 3648 
1 796 
0 
3 687 1687 3067 
2 1169 2150 
1 3771 
4 659 2104 2399 2553 
2 1619 3838 
5 2173 2282 3651 3789 3792 
1 2227 
0 
3 3605 3644 4095 
3 2019 2937 3058 
1 3584 
2 2076 3255 
3 1486 2181 2855 
3 1490 3301 4081 
3 3345 3739 3868 
2 1225 1929 
4 1457 3300 3854 3863 
1 1812 
0 
3 252 2091 4037 
3 327 1598 3461 
2 1455 3483 
3 1732 3047 3239 
4 729 826 2628 3368 
0 
3 237 1323 3056 
1 886 
1 1516 
1 3086 
3 2051 3178 3879 
4 47 137 1541 2965 
0 
4 1267 1653 1769 2434 
0 
3 234 2491 3805 
1 3283 
1 875 
3 1899 2020 3619 
5 757 930 987 2752 3747 
2 2220 3310 
1 3448 
3 673 1938 2068 
2 1828 2285 
4 111 1066 2636 3647 
1 3555 
1 2858 
5 1532 1628 1727 2617 3433 
0 
3 66 1132 2925 
1 441 
2 813 3865 
0 
0 
5 405 1133 3564 3930 3951 
1 2848 
3 225 2466 3892 
3 625 775 1737 
1 961 
1 69 
2 107 3511 
5 557 589 938 2845 4021 
2 282 529 
2 1524 3985 
2 2167 2573 
3 710 1269 1863 
3 755 2808 3187 
2 2641 3448 
1 492 
4 490 1269 1826 3139 
2 2047 3948 
3 31 1514 3904 
3 1347 2345 2692 
0 
1 3203 
5 512 1061 2146 2364 4082 
1 884 
4 1274 1670 2922 3700 
3 2051 3175 3770 
5 390 872 1995 2943 4029 
0 
3 1640 2427 3284 
1 587 
0 
1 1678 
6 1194 2050 2096 2233 2960 3966 
2 3310 3952 
3 1062 2467 3758 
3 555 3404 3997 
0 
1 2938 
2 161 2308 
1 2750 
1 743 
5 3079 3183 3632 3700 4032 
3 860 2247 3221 
3 937 1653 1725 
0 
2 1328 1693 
4 1440 2019 2338 2739 
2 1727 2350 
2 139 3220 
3 657 749 820 
4 273 671 2947 3362 
1 529 
3 2014 2384 2411 
1 379 
2 2822 2823 
1 1277 
4 1130 1665 2700 3820 
2 1803 2286 
1 3210 
1 3204 
4 898 2054 2748 3293 
0 
1 1264 
0 
5 40 1051 1466 2549 3684 
0 
4 689 1014 3653 3987 
1 59 
4 379 1103 1234 2017 
3 65 586 3698 
2 15 411 
2 176 2009 
1 944 
2 254 2040 
0 
3 1170 2389 3672 
2 145 1039 
3 1007 3132 3366 
2 1788 2667 
0 
1 1993 
1 1509 
3 1252 1341 2042 
2 40 971 
7 315 626 1754 1860 2033 2636 2802 
1 3372 
3 860 2528 2831 
1 231 
5 36 1289 2321 3533 3941 
4 526 831 951 3542 
2 105 2863 
0 
2 865 3649 
3 2197 2273 3121 
4 516 1481 1527 3074 
5 379 2310 2472 2503 2892 
2 854 3731 
1 3862 
3 1033 1878 2128 
2 124 2587 
2 409 576 
3 2138 2952 2984 
3 930 2043 3555 
6 657 661 1164 1378 3029 3070 
2 397 2466 
2 826 4056 
3 2865 3715 3987 
0 
3 306 2038 2385 
2 1661 1841 
4 323 1028 2107 3045 
4 60 1933 2699 2755 
6 659 1101 1307 2683 3575 3948 
2 2694 3501 
3 876 1786 3632 
2 223 2922 
4 104 1641 2740 3424 
1 2649 
3 124 1978 3840 
1 1740 
3 797 1068 1286 
6 1132 1660 2824 3145 3486 3569 
5 337 1241 3190 3697 3948 
3 216 1385 3338 
0 
2 723 2741 
0 
2 643 1734 
5 1775 2093 2544 2873 2997 
1 1913 
2 1907 3966 
3 1108 3222 3499 
3 330 1241 1957 
0 
1 2172 
2 2744 3014 
2 1250 3413 
2 2375 3542 
4 2530 2626 3091 3126 
2 2638 3123 
0 
4 571 1227 2511 4057 
4 1342 1540 2213 2860 
3 1411 2495 3552 
4 206 382 1975 3580 
4 643 2791 3092 4080 
1 553 
0 
2 3149 3195 
4 2117 2458 2981 3545 
1 2514 
1 2242 
3 2290 2416 3609 
2 1845 2904 
1 1444 
2 124 3708 
5 511 1826 2541 3333 3572 
3 90 215 3966 
0 
3 1896 2882 3770 
3 1435 2834 3407 
3 693 817 1244 
2 317 1746 
3 354 514 1815 
1 1787 
5 1088 1689 1823 2063 3638 
2 1157 1592 
2 1991 2316 
2 373 3976 
4 746 768 889 3826 
3 107 2121 2411 
2 2659 3318 
3 2639 3411 3555 
4 456 501 558 1951 
1 724 
4 471 550 551 2583 
5 390 609 1517 2994 3285 
2 2433 3520 
2 2766 3640 
3 1143 1221 1587 
1 1814 
3 2345 3010 3729 
3 1398 1449 3845 
5 531 1167 1864 2064 3124 
3 748 1992 2269 
3 438 951 2817 
1 944 
3 1181 1453 3986 
2 828 3525 
1 1783 
3 2170 3666 3933 
0 
2 2266 3390 
4 193 817 1709 2269 
0 
4 1014 1612 1767 2199 
1 1336 
1 2264 
4 830 1376 1678 1698 
3 170 846 1901 
3 275 1885 3212 
0 
0 
2 1172 2413 
2 726 3239 
2 1421 3391 
1 3133 
4 775 1468 1658 2250 
4 923 1099 1232 2357 
1 1532 
1 3247 
1 3657 
3 243 2301 3026 
2 1232 2458 
3 1788 2744 3878 
1 2698 
4 1498 2543 3438 3709 
1 4065 
2 2792 3102 
1 1560 
2 1916 2103 
3 375 1402 1853 
2 2421 2832 
0 
5 721 964 1457 1517 2331 
5 330 479 1123 1686 2578 
4 420 1770 2747 3624 
3 1984 3413 3772 
2 945 3354 
3 2691 3080 3367 
2 35 1283 
3 1339 1798 3429 
1 1601 
1 4075 
4 829 1584 1622 2084 
1 3536 
4 441 851 1157 1176 
5 111 1242 2015 3701 4022 
2 61 3674 
1 2634 
1 2595 
2 3736 3747 
4 110 313 430 3197 
1 1595 
3 357 1411 2780 
5 703 1312 2446 3322 3471 
3 1928 2853 3515 
2 2535 2760 
1 1156 
4 1943 2422 3040 3334 
2 24 2209 
4 1770 3298 3389 3968 
2 1343 2115 
4 2192 2261 3655 3680 
1 3929 
4 1319 2518 3099 3871 
1 241 
1 2403 
1 3423 
4 730 1324 2201 2837 
3 1252 2097 3513 
5 459 1460 1928 3420 3449 
5 314 432 1736 2943 3278 
1 3076 
1 2081 
2 3096 4016 
1 352 
3 760 3393 4056 
4 1087 2464 3768 4016 
2 2512 3670 
4 1540 2183 2746 3672 
5 245 1703 2470 2678 3156 
2 2020 2323 
2 1463 3742 
2 236 2375 
2 641 3932 
1 3378 
2 293 1123 
3 886 4005 4077 
1 1190 
1 2247 
0 
1 2419 
1 2360 
2 2067 2356 
2 2123 2473 
8 663 736 751 1836 3150 3176 3953 4092 
1 3423 
3 692 1146 3595 
2 1777 1991 
2 2390 3776 
2 2495 3005 
2 19 440 
1 1800 
2 1630 2223 
3 225 3012 3536 
2 610 2670 
0 
4 449 934 2662 2741 
2 677 3130 
3 2331 2702 2859 
3 185 809 2057 
2 651 1314 
2 1081 2050 
0 
1 692 
2 835 2194 
3 1226 1761 1763 
0 
6 1091 1746 2308 2394 3407 4086 
3 713 1488 2623 
3 2401 2912 3496 
2 1178 3623 
2 2062 3755 
2 1207 1657 
4 2037 2418 3978 4062 
4 229 896 1434 2578 
2 1204 1305 
1 2481 
3 39 1277 4076 
2 3489 3877 
5 1465 2022 2099 3131 4066 
2 1348 1854 
6 482 1078 1215 1224 3060 3534 
6 206 1519 3283 3571 4022 4080 
1 1610 
0 
2 2157 3482 
3 1554 2174 3773 
0 
3 231 939 4009 
0 
1 2020 
3 178 1965 2497 
3 719 725 3473 
1 2687 
2 249 3805 
1 3293 
3 1796 2556 4096 
3 267 1906 3275 
2 459 2885 
6 412 601 1177 2351 3020 3738 
0 
0 
2 395 1605 
2 3600 3919 
0 
4 776 2240 2792 4069 
1 2720 
5 248 706 2534 3169 3737 
2 630 3870 
3 165 617 3422 
3 538 1641 2755 
2 1413 3408 
0 
1 2232 
5 566 824 2403 2976 3004 
1 733 
3 298 2863 3339 
2 311 979 
2 772 2582 
3 325 913 3871 
2 2784 2798 
3 1318 1980 3350 
4 764 1830 2808 3051 
4 70 3092 3694 4017 
1 2066 
0 
4 1522 1623 1794 2242 
2 666 2073 
1 657 
4 325 2533 3034 3250 
3 2280 3485 3980 
4 1322 2950 3540 3912 
3 1710 3397 3457 
3 506 1763 2093 
4 2199 2984 3903 3914 
1 1628 
2 2002 3535 
5 741 1000 1116 3782 3961 
3 1029 3251 3299 
3 2725 2936 3967 
5 744 2575 2644 2918 3681 
2 944 3311 
2 1686 1891 
1 122 
0 
1 645 
6 178 777 1346 2491 2945 3871 
1 1613 
4 600 924 2315 3305 
3 705 1474 1533 
2 2911 4084 
5 2916 3154 3264 3334 4067 
2 1748 1936 
3 1187 2240 3832 
3 1057 1105 1987 
2 2760 3003 
1 2989 
1 2885 
3 1994 2202 3836 
3 617 3783 3905 
3 1928 2485 3163 
4 75 402 2935 3620 
1 917 
1 208 
2 1672 3934 
3 2460 3283 3862 
2 1312 3853 
4 1341 2596 3486 3678 
4 731 828 3054 3318 
2 2011 2375 
3 1820 2452 3090 
2 2299 3274 
2 967 3825 
0 
0 
2 220 2906 
7 1175 2244 2412 2474 3306 3815 3857 
3 1088 1225 2577 
0 
1 3679 
2 2644 3120 
4 2738 3629 4037 4094 
3 148 3781 4003 
2 1128 2589 
0 
3 273 679 1034 
1 1708 
1 2024 
1 2523 
3 863 3010 4054 
2 230 1259 
5 57 391 1974 3450 3986 
2 432 3747 
1 3992 
0 
0 
2 851 3507 
2 1256 2857 
3 1940 2863 3759 
4 875 2426 2721 3976 
2 2159 3005 
2 1427 3118 
2 156 637 
4 276 404 2492 4014 
3 110 2714 3652 
1 3314 
2 1118 1446 
2 202 2393 
2 167 2650 
2 754 2218 
0 
1 3787 
3 1800 2669 3055 
2 2 270 
2 2874 4021 
2 761 3147 
2 1014 3565 
1 1736 
1 2800 
2 530 3474 
3 799 1691 3388 
2 721 1607 
1 1979 
1 2 
2 937 2235 
2 3585 3775 
2 584 3740 
1 2030 
4 1612 2952 3203 3276 
3 163 4026 4045 
2 293 1371 
1 1133 
1 3879 
0 
6 23 493 2113 2215 2746 3327 
3 724 1147 1164 
6 272 1066 1824 1962 3340 4045 
2 1708 1916 
4 499 882 1646 3830 
1 3960 
4 457 1775 3118 3798 
3 300 2204 3899 
4 589 887 1443 3809 
6 1117 1270 1496 1616 2877 3153 
2 2293 3107 
1 3254 
4 2046 2842 3848 4029 
4 429 522 2964 3115 
5 258 996 1102 3608 4095 
3 666 1219 3228 
1 3050 
1 3415 
0 
5 452 1489 3373 3711 3726 
1 3903 
1 35 
2 1082 1785 
2 266 1051 
1 48 
4 509 2320 2537 3924 
3 1144 1807 1927 
2 152 4079 
2 3352 4092 
3 2072 2545 3796 
4 280 668 755 2215 
1 912 
1 3431 
3 485 1706 3906 
3 906 3237 3432 
0 
2 2790 3400 
1 3794 
6 110 248 1176 2081 2213 3848 
3 2180 2200 2766 
3 89 1422 3571 
2 864 3583 
4 717 2327 2899 3415 
2 2563 3544 
1 465 
0 
3 2122 2212 3226 
0 
2 1285 2737 
2 1191 1523 
2 617 2969 
2 1760 2756 
4 429 644 997 2803 
2 1045 2584 
4 160 1773 2553 2865 
4 962 1691 1782 2361 
3 958 3527 4045 
2 291 1124 
1 2681 
2 3284 3902 
4 137 792 1988 3231 
2 2031 2111 
5 1225 1523 2057 3186 3203 
4 1939 2051 3399 3938 
4 753 1348 1382 3877 
3 160 1822 2441 
1 568 
1 3909 
2 2232 4044 
3 942 1870 2469 
6 1175 1838 2411 2448 2718 3317 
3 286 3023 3378 
2 1506 1901 
5 68 432 2801 3657 3991 
1 401 
4 914 1590 2508 2876 
5 338 1195 1619 1967 2126 
5 751 1179 1352 2602 3268 
1 623 
0 
0 
7 152 1624 1805 2013 2717 2986 3750 
1 2652 
4 131 1092 1185 2179 
4 76 680 2340 2970 
2 1272 2020 
1 4076 
4 1784 1940 2307 2364 
1 3657 
3 63 857 1168 
2 127 1120 
3 368 743 3343 
0 
3 2094 2685 3258 
1 2470 
3 1034 2018 3911 
3 584 2585 2890 
4 1944 1964 2233 2874 
2 3067 3403 
4 135 791 2129 3511 
4 477 2278 2971 3503 
2 1254 3124 
3 585 1882 3630 
2 1254 2352 
4 632 1795 2838 3435 
1 2189 
1 644 
0 
4 248 468 2086 2828 
6 392 962 1173 3148 3403 3596 
1 2615 
1 795 
3 346 2184 3719 
0 
1 185 
3 102 427 714 
3 649 1809 2502 
5 1098 1383 1613 2517 3475 
0 
2 988 2914 
2 2947 3196 
1 3602 
0 
2 1136 1511 
1 1294 
4 656 1072 1253 2056 
2 317 3796 
3 788 1479 2643 
2 1993 2227 
1 2193 
4 317 1726 3430 3855 
2 1386 2769 
6 98 350 721 2213 3187 3321 
2 2665 3112 
2 229 3389 
2 2287 3490 
3 51 436 1752 
1 3629 
3 579 1934 3452 
2 1149 1633 
3 21 731 828 
1 1084 
1 1311 
1 3586 
1 3541 
1 3563 
2 618 1326 
1 2887 
2 1251 1370 
3 875 3615 4057 
1 310 
3 497 2198 3115 
2 1231 1333 
2 1896 2368 
2 1292 3115 
0 
2 3024 3675 
2 2517 3100 
5 172 3069 3667 3764 3855 
0 
3 611 1856 3644 
2 68 1425 
3 1597 1730 2926 
2 1764 2707 
1 723 
2 2290 2749 
3 426 1644 4021 
3 2997 3144 3498 
4 1414 2635 2690 3865 
1 52 
2 1703 1895 
2 2098 3646 
2 1984 2452 
2 751 4082 
3 1166 1683 2012 
0 
2 1207 4024 
3 245 1786 3580 
2 755 2327 
4 1250 2177 2937 2967 
2 266 2311 
4 1074 1507 1677 1917 
7 1311 1473 2546 2820 3218 3865 4051 
2 229 1940 
2 434 3866 
4 994 1119 1224 2400 
1 3830 
2 2544 3576 
3 524 3331 3860 
1 159 
2 1606 3884 
2 1496 1704 
5 130 457 3642 3824 3964 
3 889 1444 2289 
2 598 3557 
2 2075 2683 
3 227 542 1288 
2 2869 2907 
4 338 1584 1911 3562 
1 2051 
3 881 916 3114 
2 632 900 
2 2087 3280 
3 851 1135 1866 
1 3060 
4 514 1957 2216 2861 
2 1839 2526 
3 1377 3344 3918 
3 2595 2628 4012 
1 1881 
6 120 1476 2103 2937 3650 3676 
2 3001 3096 
2 189 1191 
2 159 1089 
1 2992 
4 381 2353 2788 3570 
6 1071 1866 1891 2661 3126 3872 
3 2328 3768 3796 
1 2924 
1 3580 
2 234 1220 
1 1946 
2 2414 3826 
3 1225 1963 3986 
6 33 653 746 956 3259 3569 
4 1117 1853 1890 3126 
1 914 
3 3160 3806 3820 
1 3822 
1 1750 
3 350 798 3124 
1 2070 
3 300 1160 3512 
6 781 1871 3417 3523 3550 4000 
3 1594 3854 4074 
1 754 
1 269 
1 846 
2 492 1371 
3 99 3482 3702 
3 986 1627 3376 
3 85 3139 3636 
0 
2 124 951 
0 
2 794 2927 
3 365 2270 3828 
4 59 1266 2143 4086 
1 1399 
1 602 
1 583 
1 1552 
0 
1 2096 
2 1034 3165 
1 955 
2 862 2406 
3 411 635 1017 
2 1402 2321 
3 311 2620 2792 
2 2164 2524 
5 250 2231 2529 3645 4047 
2 1309 2379 
0 
3 252 1056 3697 
3 274 3538 3658 
1 3180 
3 554 714 3563 
2 2302 3671 
1 1937 
3 943 1498 2761 
1 3705 
3 315 401 1351 
6 14 379 1248 1459 2495 3733 
1 3535 
2 47 1900 
3 1037 1458 3538 
1 2560 
2 699 1513 
1 4049 
3 2316 3845 3953 
4 557 2508 2634 3507 
1 2964 
1 1092 
1 2167 
2 827 1550 
4 962 2909 3663 4002 
1 2634 
3 184 195 2531 
2 1804 2562 
3 305 1952 2157 
2 1031 3416 
1 3163 
1 1348 
5 1485 1901 2735 2992 3437 
2 3061 3352 
3 452 903 3568 
1 1135 
2 581 2722 
4 133 705 1761 3979 
2 539 3701 
4 349 751 1727 2989 
0 
2 649 3250 
3 1468 2112 2887 
1 1748 
3 287 569 2254 
2 928 2870 
1 936 
1 2055 
5 1281 3179 3274 3284 4099 
3 1284 1413 3999 
3 1443 1816 2572 
3 649 3058 3163 
1 3195 
6 360 1702 2469 2988 3448 3918 
1 1895 
1 2282 
0 
1 1086 
0 
2 1379 1574 
3 568 865 3643 
2 1674 3541 
0 
1 473 
1 3830 
3 933 2969 4085 
6 1154 2235 3079 3194 3292 3319 
1 3543 
3 2558 2692 3413 
1 2131 
1 1590 
2 562 4082 
5 692 764 1877 2072 2492 
0 
2 2265 2428 
1 458 
5 1346 1819 2332 3330 3603 
3 228 1285 1660 
3 182 1205 3477 
5 1457 1633 2601 2744 3937 
2 762 3534 
1 3983 
2 827 1744 
5 1435 1818 2447 2569 3981 
1 1468 
4 798 1244 2668 3172 
5 1240 1981 3349 3595 3861 
7 953 2065 2340 3013 3048 3228 3268 
2 890 2972 
4 244 1894 2387 2747 
2 1505 2473 
6 852 2472 2611 2752 2770 3711 
2 2564 3597 
1 2135 
1 2712 
1 670 
2 1949 3101 
2 1046 3197 
0 
2 218 3949 
1 3871 
7 123 897 1494 1633 1933 2017 2686 
3 273 2592 3924 
1 3586 
0 
3 695 790 3440 
2 1146 1696 
3 919 1694 2477 
3 1004 1651 2800 
3 1685 1701 3492 
0 
2 214 1933 
2 159 3846 
2 328 591 
2 2074 3607 
4 184 1261 2656 2870 
5 149 1822 3099 3427 3430 
1 3527 
1 987 
2 1413 2626 
3 1613 1939 2418 
3 3170 3618 3804 
4 2566 2873 3399 3486 
0 
2 1586 3814 
3 23 2432 2543 
2 2837 3633 
1 2934 
2 85 2438 
4 1968 2803 3188 3650 
1 1690 
0 
6 49 632 1344 2827 2845 3203 
1 2503 
1 1201 
2 720 2945 
1 4068 
4 121 1669 3129 3585 
2 2030 2094 
5 568 1417 1942 2096 2235 
2 650 2706 
1 2759 
1 2058 
3 790 2230 2988 
1 3706 
6 422 687 1971 3633 3640 3694 
2 610 1002 
2 2922 3899 
0 
3 528 1633 3917 
2 968 1514 
2 2242 3820 
3 1 1598 1795 
1 24 
2 328 3593 
1 1580 
2 3267 3429 
9 383 493 729 1237 1598 2768 2994 3303 3787 
4 89 199 844 2243 
0 
6 164 341 638 1083 1611 2459 
1 2042 
2 2059 3477 
2 75 1447 
0 
4 829 999 1842 3379 
2 2831 3483 
2 329 3555 
4 409 1989 2494 4036 
1 3509 
1 452 
1 896 
0 
0 
4 214 1996 2931 3872 
3 1621 1965 3395 
4 1862 3481 3724 4092 
2 127 3440 
1 1489 
3 1760 2797 3665 
4 523 2261 3307 3486 
4 967 2175 2475 3123 
3 3184 3811 3971 
2 1978 3062 
5 1654 1920 2450 2614 3554 
3 2178 2481 3965 
2 3471 3885 
2 1622 2524 
2 1948 2881 
0 
4 127 1197 1384 2814 
1 532 
4 2381 3448 3666 4076 
2 972 3012 
1 3585 
4 526 2003 3118 3652 
4 167 2166 2377 3500 
3 1837 2091 2493 
3 426 649 1163 
5 354 592 926 1967 3948 
2 1 3 1 4 2 1 1 2 1 1 2 1 1 3 1 1 1 1 1 1 2 2 1 2 1 2 3 1 1 1 3 2 3 1 2 1 3 1 1 1 1 1 1 1 1 2 3 2 3 2 1 2 2 2 1 2 1 1 2 1 1 1 3 3 2 1 3 2 3 1 2 1 3 1 3 2 1 1 1 2 1 1 2 1 3 1 1 1 2 2 2 1 1 4 2 1 2 2 1 1 2 2 2 3 1 2 1 2 3 2 2 1 1 1 2 1 1 1 1 1 1 4 1 3 1 3 1 4 2 1 2 3 1 2 3 1 3 1 1 1 2 1 1 1 2 1 2 2 1 1 1 2 1 2 1 3 2 1 2 1 2 1 1 2 1 2 2 2 1 2 1 2 1 3 1 2 1 2 2 2 3 1 2 3 2 1 2 3 1 1 1 1 3 2 3 1 1 1 2 1 2 3 2 1 1 4 3 2 1 1 2 1 1 3 2 2 2 2 2 2 2 2 1 1 1 3 1 1 3 1 2 1 2 3 1 3 1 2 2 1 2 1 2 1 1 1 2 4 4 1 1 2 1 3 3 2 1 2 1 1 2 1 2 1 1 2 1 1 2 2 2 1 1 1 1 3 1 1 2 2 2 1 1 2 2 1 2 1 2 1 1 1 1 1 1 1 1 1 1 1 1 1 2 1 4 3 1 2 3 2 2 1 1 4 3 1 1 1 1 2 2 2 2 1 3 1 1 2 2 1 2 1 1 1 1 2 1 1 1 1 1 2 1 1 3 2 1 2 2 1 3 2 2 2 1 1 1 2 1 2 2 3 1 1 2 2 1 3 1 1 3 2 1 1 1 3 1 2 4 1 1 2 3 2 2 1 1 1 1 1 3 4 1 2 1 2 1 1 2 1 3 1 1 2 1 2 1 1 3 1 1 3 1 2 2 1 2 2 1 2 1 1 1 2 1 4 3 1 4 2 1 3 1 1 2 1 1 3 2 3 3 1 1 1 1 1 1 1 1 2 1 3 1 2 1 2 2 2 2 1 1 1 2 1 1 2 1 3 2 1 1 2 2 1 2 1 3 1 1 1 2 2 1 3 2 2 1 1 1 3 1 3 3 1 1 1 2 1 3 1 2 1 4 1 1 1 1 1 2 2 2 1 2 1 2 2 1 1 2 1 2 1 1 1 2 4 1 2 1 2 1 1 2 1 1 3 1 1 2 1 1 1 3 2 1 1 1 1 1 4 1 1 2 2 1 1 1 2 2 3 1 2 1 2 1 2 2 1 3 1 4 2 2 1 1 1 3 1 1 3 1 2 1 1 1 1 2 2 1 2 3 3 1 1 4 1 1 1 1 1 4 1 1 1 1 2 1 2 3 3 3 1 2 1 1 3 2 2 1 4 2 1 2 1 2 3 1 2 1 2 1 3 2 1 1 1 1 1 2 1 1 2 3 4 2 1 1 1 3 1 1 1 2 1 1 1 3 1 1 3 1 1 3 1 2 3 2 2 1 2 3 2 1 1 1 1 2 1 1 1 1 2 1 1 3 1 1 1 2 1 1 3 2 1 1 1 2 1 1 2 1 1 2 3 1 2 1 3 1 3 2 2 2 2 2 2 2 2 1 1 3 1 2 1 1 1 1 1 3 3 2 1 3 1 1 1 1 2 1 2 1 1 1 1 1 2 2 1 1 1 3 2 1 2 2 1 1 3 2 1 1 1 1 3 1 1 3 2 1 1 1 1 1 2 3 1 2 1 1 2 2 1 1 1 1 1 1 1 1 3 3 2 1 2 3 1 2 3 2 2 1 3 1 2 1 2 1 3 2 1 2 2 3 1 3 1 2 2 1 1 1 1 1 2 1 1 3 3 2 2 1 1 2 1 2 1 1 2 1 3 1 1 1 2 1 2 1 2 1 2 3 1 2 4 1 2 3 1 2 1 2 3 2 4 3 1 2 1 1 1 2 1 1 1 3 3 1 2 1 1 2 3 4 1 1 4 1 2 3 2 1 2 1 2 5 1 1 2 1 1 1 1 2 1 1 2 1 1 3 2 2 2 1 3 2 3 2 2 2 2 2 1 1 1 1 3 3 1 2 4 1 1 2 2 2 2 1 1 2 2 1 1 1 2 3 1 2 2 1 2 2 1 1 1 2 2 1 1 3 2 2 1 1 3 1 4 1 1 2 1 1 3 1 1 1 1 2 1 4 2 3 1 2 4 1 3 2 1 2 1 2 1 1 1 1 1 1 1 1 1 1 2 1 4 3 2 1 2 1 2 3 1 3 3 3 1 1 1 2 2 1 1 1 1 2 3 3 2 1 1 4 1 1 4 2 1 1 1 2 2 1 1 1 2 2 2 1 1 1 1 1 1 2 1 3 2 1 1 1 1 1 2 1 2 1 3 1 2 2 1 2 1 1 1 2 1 2 2 1 2 2 1 1 3 1 2 1 3 2 1 1 2 2 1 1 1 2 1 1 1 2 2 1 3 1 1 1 2 1 1 2 1 1 1 2 4 2 3 1 3 1 1 1 3 1 1 1 3 1 1 1 2 3 2 2 1 1 1 2 3 1 1 1 1 1 2 1 1 2 1 2 2 1 3 1 1 3 2 1 3 1 1 1 1 1 3 1 1 3 1 1 1 1 1 3 1 3 3 2 2 3 3 3 2 3 4 3 1 1 2 1 1 1 1 1 2 3 1 1 1 3 1 1 1 1 1 3 2 2 1 1 1 1 3 3 2 3 1 1 2 1 1 1 3 2 3 1 2 1 1 2 1 1 1 1 3 1 1 1 1 1 1 2 2 1 1 1 3 1 2 2 3 1 3 1 2 1 1 1 1 1 1 2 3 1 1 3 1 1 1 1 3 1 3 1 2 3 4 3 2 1 1 2 1 3 4 1 2 1 1 2 2 1 2 2 2 1 2 1 1 2 1 1 2 1 1 2 2 1 1 2 3 1 1 1 1 2 1 2 2 1 1 3 3 1 3 1 3 2 1 1 1 2 2 1 1 1 1 2 1 1 1 1 2 2 1 2 3 3 2 2 1 1 1 1 1 1 2 2 1 1 3 2 1 2 1 3 3 1 3 1 2 1 1 1 1 2 3 2 1 2 1 1 4 1 2 1 1 1 1 1 2 2 1 2 1 1 1 2 1 2 4 2 2 2 2 1 2 1 1 1 1 2 1 2 1 1 1 1 3 2 2 1 3 3 1 1 1 1 3 2 1 1 1 4 2 3 1 3 1 3 2 2 1 1 2 2 1 3 2 2 3 2 3 1 3 1 1 2 2 1 1 2 1 3 2 1 1 2 1 1 1 2 1 1 3 1 2 2 1 2 2 2 1 2 2 1 3 1 1 1 1 1 1 1 2 2 2 1 2 1 1 1 2 3 2 1 3 1 1 3 1 2 1 4 3 1 2 2 3 1 1 3 1 3 2 2 2 1 2 2 2 3 1 2 1 1 2 1 3 1 2 1 2 1 2 2 1 2 2 1 2 2 2 1 1 2 3 1 1 1 1 1 1 2 1 1 1 1 1 2 1 1 1 1 1 1 1 1 1 1 3 1 1 2 2 1 2 1 1 3 2 1 3 2 2 2 3 2 1 2 3 1 1 1 1 2 2 1 1 2 1 1 1 3 1 1 4 1 1 2 2 1 1 1 1 3 3 1 3 2 1 2 1 3 1 1 2 2 1 3 2 2 2 1 1 2 1 1 1 3 1 3 1 2 1 1 1 3 1 2 1 2 1 2 3 2 1 3 1 1 2 1 2 3 3 3 2 1 1 1 4 4 1 2 1 3 1 1 3 3 2 4 2 1 2 1 1 1 2 1 2 4 2 1 2 1 1 2 1 2 3 1 2 2 2 1 1 2 1 1 1 2 1 1 2 2 1 1 3 2 3 1 2 1 1 2 1 1 2 2 1 1 2 4 4 1 2 3 2 2 2 2 1 2 1 1 1 2 4 3 1 1 1 1 1 1 2 2 1 1 1 1 1 2 1 1 2 3 1 2 3 2 4 1 2 3 1 2 2 1 1 3 1 1 2 1 1 2 2 1 1 2 2 1 2 1 1 2 2 1 1 3 1 3 2 1 1 1 2 1 1 1 1 2 1 1 1 2 1 2 2 1 1 4 1 2 1 3 2 2 2 1 1 2 2 1 2 1 3 3 1 2 2 1 2 1 1 2 1 1 1 1 1 2 2 1 1 1 1 1 1 1 2 1 2 2 1 1 1 2 2 1 1 1 2 1 1 2 2 1 3 2 1 3 2 4 2 3 2 2 2 1 1 2 3 1 1 1 1 3 2 2 2 2 1 3 1 2 3 1 1 3 3 1 3 3 2 3 1 1 2 2 3 1 2 1 1 1 3 2 1 2 1 2 1 1 3 1 2 2 2 1 1 1 1 1 1 1 1 2 1 1 3 2 1 3 2 2 1 2 1 1 2 1 3 1 3 3 1 1 2 1 1 1 1 1 2 1 1 2 2 3 1 1 1 1 1 3 1 1 2 1 3 1 2 1 1 2 1 2 2 4 3 1 1 1 3 3 2 1 4 3 3 2 1 2 1 2 1 1 2 3 2 1 1 2 1 2 1 2 2 2 2 2 3 2 2 1 2 1 2 2 2 2 1 2 3 1 2 3 3 1 3 1 2 3 1 1 3 2 2 2 1 2 1 1 1 1 1 2 1 3 2 1 2 2 1 1 1 3 4 2 4 1 4 2 3 3 2 1 1 1 1 1 2 3 1 2 2 1 1 1 1 1 2 3 2 2 3 3 3 1 2 3 3 1 1 1 2 2 1 1 1 1 1 1 1 1 3 2 2 1 3 2 3 1 2 1 2 1 1 2 2 1 1 3 3 3 4 1 1 3 3 1 3 2 3 1 1 1 1 3 2 1 2 3 1 2 1 2 2 3 2 1 2 1 2 1 3 1 2 2 2 1 2 2 2 2 1 2 1 2 4 2 1 2 1 3 1 1 2 1 3 1 1 3 3 1 1 1 3 2 2 1 1 2 1 1 2 1 3 1 1 1 1 1 1 2 2 2 4 2 3 2 1 1 3 2 1 3 1 1 2 2 1 1 1 1 2 2 1 2 2 1 3 1 2 3 3 1 1 1 3 1 1 1 2 1 2 1 1 2 2 4 3 1 1 1 2 2 2 3 2 3 1 1 1 2 1 3 3 2 2 1 1 1 2 1 1 2 1 1 3 2 2 1 3 1 3 1 2 2 1 2 2 2 1 1 3 3 2 2 1 1 1 1 3 1 4 2 1 2 2 2 1 1 1 1 2 1 2 2 2 3 1 1 3 2 1 1 2 2 3 1 1 2 3 1 1 2 1 2 2 2 2 2 1 1 1 3 3 1 2 1 2 1 1 4 2 1 1 2 2 1 4 1 1 1 4 3 1 2 1 1 1 1 3 2 1 1 1 1 1 2 2 1 4 3 1 4 1 1 2 1 3 1 2 1 2 3 1 2 3 2 1 1 1 1 1 3 1 2 1 3 2 1 3 1 3 1 1 1 2 1 1 1 2 1 1 2 1 1 1 1 1 2 3 2 2 1 1 3 1 1 2 4 2 4 1 1 2 1 2 1 1 1 1 1 1 2 2 2 3 3 2 2 1 1 1 3 2 1 3 1 2 2 1 3 1 2 2 1 1 1 1 1 2 1 1 2 3 2 1 3 3 1 1 1 1 2 4 2 2 3 1 2 2 1 1 2 1 2 2 2 1 1 3 2 1 1 1 1 2 3 1 1 4 3 1 3 3 2 1 2 3 1 1 1 2 1 2 1 1 2 3 2 1 2 1 1 1 2 3 2 1 2 1 2 1 1 1 1 2 1 3 1 1 2 1 1 3 1 1 2 2 3 2 1 1 2 1 1 1 1 1 2 3 1 3 1 1 2 2 1 2 1 1 1 3 1 1 1 3 3 4 1 2 1 2 2 1 1 1 2 1 3 2 1 2 1 2 1 1 1 3 3 2 2 1 2 2 2 1 1 1 1 4 2 3 1 3 2 1 2 1 2 1 1 1 2 2 2 1 2 1 2 1 2 1 1 2 1 2 2 1 2 1 2 2 1 2 1 2 3 2 1 1 1 1 1 2 3 2 2 2 2 2 2 1 2 3 1 1 2 1 2 1 2 1 1 2 3 2 2 2 2 2 1 2 1 2 1 1 2 3 1 2 1 4 1 2 2 2 1 1 1 1 2 3 4 2 1 1 1 2 1 1 3 2 1 3 2 3 3 1 2 1 1 2 3 2 2 2 1 2 1 2 2 3 1 4 3 1 1 1 1 2 1 2 2 1 2 1 3 2 2 1 1 2 1 3 1 1 1 2 3 1 3 3 2 1 1 2 2 3 3 2 2 2 3 4 2 3 1 1 2 1 1 1 1 5 2 1 2 1 2 2 2 2 1 1 2 1 3 1 2 1 2 1 1 1 1 1 2 1 1 2 1 3 1 2 2 4 1 1 2 1 1 2 2 3 1 1 4 2 3 1 1 2 1 1 2 2 2 2 1 1 1 1 1 1 1 3 2 2 1 2 1 1 1 2 2 1 1 1 1 1 1 2 2 1 1 1 1 2 1 1 1 2 1 2 3 1 3 2 3 1 1 1 1 2 1 3 2 2 2 2 1 2 1 1 1 1 1 1 2 1 1 2 1 1 1 1 1 2 2 1 4 2 3 1 1 1 1 3 1 1 1 4 2 1 3 2 2 1 2 2 2 3 3 2 2 1 2 1 3 1 1 4 2 2 1 2 2 3 2 1 2 3 2 1 1 4 1 2 1 1 2 4 1 2 1 3 2 2 1 1 1 1 3 3 2 2 1 3 3 1 1 1 1 1 1 1 2 1 2 2 1 1 1 2 1 2 2 1 2 2 1 1 2 3 2 2 1 2 3 2 2 1 1 2 2 3 1 1 1 2 3 1 1 1 2 1 2 1 2 1 1 1 2 1 2 1 1 2 2 2 3 2 1 1 1 1 1 1 2 2 1 2 1 1 2 2 2 1 1 1 1 1 2 1 3 1 1 2 2 1 1 2 3 1 2 1 2 1 1 2 3 2 1 1 1 1 1 1 1 3 2 1 2 2 1 1 2 1 1 3 1 1 1 1 2 1 2 1 1 1 2 3 2 2 3 2 3 1 1 2 1 2 1 1 1 4 2 2 2 2 1 2 1 1 1 3 2 3 2 1 2 1 1 2 2 2 2 1 1 2 1 2 2 4 2 4 1 2 1 3 1 1 1 1 1 1 1 3 1 1 1 2 3 2 1 1 2 1 2 1 2 2 1 1 2 4 2 2 1 2 1 2 3 2 1 1 3 1 2 2 2 2 1 2 3 1 2 2 2 1 1 2 1 1 3 3 1 1 2 1 2 2 1 1 3 3 3 1 3 1 1 1 1 3 3 2 1 2 2 1 1 3 1 1 3 2 2 3 2 1 1 1 1 2 1 1 1 2 1 3 1 1 1 2 1 2 4 1 2 1 1 2 1 2 1 4 1 2 3 2 1 1 2 2 1 2 2 4 1 1 1 1 1 3 1 2 1 1 4 2 1 3 1 2 1 1 2 3 1 1 2 2 1 2 1 1 3 2 2 3 1 2 2 2 3 1 1 2 2 3 2 1 2 1 3 1 2 3 1 2 3 2 1 2 3 3 1 3 1 1 1 2 3 1 3 2 1 1 1 1 1 2 1 1 1 2 2 1 1 1 2 3 1 1 3 1 1 1 2 1 2 1 1 2 1 1 2 2 2 2 2 1 3 1 1 2 1 1 3 1 1 3 1 1 1 2 1 1 1 1 2 1 3 1 1 2 1 2 1 2 2 2 2 2 2 1 4 1 2 1 1 1 1 1 1 1 1 2 1 1 1 3 2 1 2 1 1 2 1 1 3 2 1 1 3 2 3 1 1 1 1 2 1 2 2 1 2 2 2 1 1 2 1 1 1 1 3 2 3 1 1 1 2 2 1 3 3 2 1 1 1 4 2 3 2 3 2 1 1 2 2 1 1 3 3 3 2 1 1 3 2 1 2 1 1 3 1 2 1 1 1 2 1 1 1 2 1 1 1 1 2 2 1 1 1 2 4 1 1 1 1 2 1 2 1 1 2 2 1 1 2 1 1 1 1 1 2 1 1 1 2 1 2 1 1 1 1 1 1 2 2 2 2 3 2 2 1 1 1 4 2 2 2 2 1 3 3 3 3 1 2 4 3 3 2 2 2 1 2 1 1 2 3 1 1 2 1 2 3 3 1 2 1 3 1 1 2 3 3 1 2 3 1 2 1 1 1 1 2 1 2 3 1 3 2 4 2 1 2 1 2 1 2 2 2 2 2 1 3 4 2 1 1 1 2 2 4 1 1 1 3 1 1 3 1 1 2 1 2 2 2 1 1 1 2 3 2 1 2 1 2 3 1 2 2 1 1 1 2 2 1 1 1 1 1 1 2 1 2 1 1 1 2 1 2 2 3 1 1 4 1 4 2 1 2 3 1 2 1 1 1 1 2 1 1 1 1 1 1 1 1 1 1 1 1 1 3 1 1 1 1 1 2 1 3 1 2 2 1 1 1 2 1 1 1 2 3 1 1 1 2 4 1 2 2 1 1 2 1 2 1 3 2 2 1 3 2 2 2 1 2 1 1 2 2 1 1 2 1 2 1 2 1 1 3 3 2 2 1 1 2 3 3 1 1 1 3 1 1 2 1 2 3 1 1 1 1 2 3 1 2 1 1 1 3 1 3 1 2 2 1 1 1 1 1 2 2 2 1 2 2 2 1 1 2 1 1 2 2 3 1 1 1 1 1 2 2 3 1 3 2 2 1 1 1 3 1 1 1 1 2 1 1 1 1 1 1 2 2 1 1 1 1 2 1 1 2 1 1 2 3 1 1 1 1 1 2 1 1 1 3 2 1 1 1 1 1 2 2 1 1 2 1 1 1 3 1 3 2 2 3 2 1 1 2 2 1 2 3 3 2 1 3 2 2 1 1 2 1 1 1 1 3 2 2 1 2 1 1 1 3 1 1 1 1 2 2 2 1 1 1 2 2 4 1 1 3 1 2 2 1 1 1 1 2 1 3 1 2 2 2 3 1 1 1 2 3 1 3 1 3 2 1 2 1 3 2 1 2 1 1 3 1 2 1 1 3 1 1 2 1 1 2 1 1 2 1 3 2 2 2 3 2 2 1 2 2 1 3 1 1 2 2 1 2 2 2 1 1 2 1 
