s 5400
2 1026 3818 
2 3943 5121 
4 1140 1589 4347 4531 
3 995 2454 4012 
1 4681 
2 353 3872 
3 1661 1729 5154 
4 3082 4254 4338 5220 
0 
2 4391 5265 
3 570 2965 3290 
0 
3 397 846 3740 
0 
5 350 1402 2557 3999 4824 
5 913 1838 4077 4619 5115 
5 31 1143 1721 1986 4161 
3 1423 1523 2264 
4 671 1745 2556 4410 
1 1156 
3 642 2760 4312 
7 899 1086 1874 2575 2580 2594 4727 
2 293 3639 
0 
3 1326 2708 3624 
1 2761 
3 3949 4378 4821 
4 506 1136 2557 5178 
1 57 
2 4051 4475 
3 1427 2075 2706 
1 16 
1 5233 
1 1819 
0 
2 750 4334 
2 2617 5385 
1 3646 
0 
2 952 4043 
3 1827 3410 3768 
1 1429 
2 3661 4480 
0 
3 2154 3693 3866 
3 432 1408 2091 
3 193 623 4843 
2 1137 2020 
1 801 
1 2106 
2 1832 1913 
4 180 1023 3805 3877 
3 1438 2056 5181 
1 4913 
3 1118 2386 4456 
1 4428 
4 1461 1851 2440 3123 
6 28 181 372 533 1533 4681 
2 219 3721 
2 2249 2419 
2 3523 4116 
5 2392 2763 3446 4557 4562 
4 2317 3114 4302 4746 
4 92 876 2343 4763 
2 1253 5128 
0 
1 2575 
2 239 5172 
1 1413 
3 827 873 4382 
1 4665 
8 228 948 1526 2184 2882 2971 4452 4492 
1 4219 
1 4105 
1 432 
5 1252 2338 3435 3924 4238 
2 1710 3169 
3 3012 3313 4435 
1 4051 
0 
5 337 1132 1393 1464 2980 
3 2550 2684 5115 
4 1562 1863 3576 4898 
2 2055 4727 
2 2135 4138 
5 554 683 2129 3150 3251 
2 481 1695 
1 3138 
2 1040 2118 
1 4259 
1 5268 
1 4253 
4 63 236 1044 2627 
1 1059 
2 334 2612 
0 
4 1863 3166 4660 5155 
2 3292 4504 
1 524 
1 4530 
1 5346 
2 137 1411 
6 1631 2516 3170 3375 4799 5145 
2 828 3139 
5 769 792 3204 3888 3973 
0 
3 524 2192 3375 
1 383 
2 824 2454 
1 1439 
4 3841 4731 4892 4992 
0 
1 1507 
5 1048 1077 2669 2755 4295 
2 1083 5014 
4 661 1921 3745 4582 
2 1409 1808 
4 350 2464 2517 3070 
3 858 1214 3986 
1 3584 
1 2595 
4 2783 3505 4352 5214 
2 2557 4332 
1 2188 
3 3160 4107 4508 
2 2270 4643 
1 1807 
2 241 4687 
4 4758 5135 5294 5329 
5 1833 2044 2420 3097 3719 
2 5051 5332 
1 306 
4 3410 3438 3492 4550 
2 1417 2303 
3 663 952 5215 
0 
4 1277 3041 5014 5160 
5 101 169 648 776 3845 
3 634 1655 2059 
2 1361 4089 
2 600 2521 
3 1473 3578 4757 
4 576 2562 3657 4716 
4 587 983 1842 3801 
0 
1 2315 
2 2113 4872 
3 2239 2811 4590 
0 
4 360 2955 4040 5332 
3 2786 3724 4818 
1 2940 
2 1862 4832 
3 3215 4606 5018 
3 435 2981 4527 
2 839 2958 
1 4205 
3 2174 4505 5184 
4 317 479 839 2279 
0 
1 3943 
2 4237 5184 
2 2793 5349 
3 480 2466 3898 
2 5243 5382 
1 432 
1 4421 
5 1733 1809 3391 4601 4681 
3 960 1884 2289 
1 137 
3 2234 3244 3851 
4 737 2173 3362 5294 
2 765 1040 
2 2313 4783 
2 2019 5276 
3 1034 2192 2351 
1 2935 
2 1197 3772 
4 319 1677 3771 3830 
4 467 1549 3729 4739 
2 51 210 
4 57 654 1240 4220 
2 1995 4461 
2 2497 4721 
2 499 2891 
6 629 3167 3270 3704 4617 4740 
4 1815 2709 2964 3199 
3 3202 4416 4819 
3 706 2340 3102 
1 2523 
1 1302 
1 2231 
1 4734 
1 46 
5 1048 1276 2874 2903 3884 
3 1938 2346 5065 
2 1711 5201 
4 254 1815 2460 2480 
2 1229 3051 
2 2889 3273 
2 829 1302 
5 1585 2217 2626 5168 5232 
1 3785 
2 2497 3663 
2 2303 4299 
5 334 533 2272 3023 3028 
4 2408 3348 4462 4540 
0 
3 3558 3711 4824 
3 1798 3458 4640 
5 180 399 2249 2393 4919 
4 2018 3127 4318 4838 
2 2570 4425 
5 1285 2007 4038 4308 5179 
3 1554 3637 5100 
5 500 1768 2324 4163 5273 
2 1813 4601 
2 2894 4758 
2 2194 4522 
3 58 1571 2866 
0 
1 688 
1 4962 
1 2058 
1 1206 
3 2662 2757 3700 
1 2882 
2 857 4438 
2 71 3168 
3 1189 1251 5050 
2 1101 1149 
3 832 3210 4350 
3 352 2021 5060 
3 319 2960 4650 
1 3054 
1 4214 
2 92 3131 
6 731 807 1305 3495 3529 4902 
3 869 3175 3405 
2 67 5296 
1 942 
4 127 1034 1393 4597 
2 2855 3551 
2 2270 2517 
1 647 
2 588 4880 
2 3806 4179 
3 605 2918 5139 
2 2287 4347 
3 2069 4731 4737 
3 2722 2777 4449 
5 959 1072 1368 2320 2745 
2 1577 2768 
5 324 775 1119 1206 3928 
4 197 1067 3273 3430 
5 1214 1745 2533 3753 4274 
2 4131 5364 
1 3788 
4 2955 3267 4283 4736 
4 2772 5014 5059 5216 
2 316 1962 
2 2122 2693 
3 1491 4345 4497 
2 3071 3949 
0 
5 1137 1206 2561 3382 5084 
2 1622 2040 
1 3605 
0 
2 1626 4135 
4 1238 2554 2827 4611 
3 333 4609 4837 
2 539 2433 
2 605 2968 
2 2075 3816 
1 2853 
2 1408 3026 
0 
1 5117 
3 873 4609 5155 
4 3683 4267 4751 4996 
3 453 1100 3184 
1 1735 
1 1292 
3 3179 3501 4946 
1 3567 
2 1552 3785 
2 4759 5036 
0 
5 976 1605 3831 4237 5248 
1 5126 
1 2866 
5 1263 2657 2946 4090 5183 
6 22 2243 2711 3185 4949 5196 
1 2725 
1 4042 
3 1515 2325 3772 
2 2529 3950 
4 342 779 3613 5153 
1 2753 
6 384 733 2280 2523 3405 3584 
1 3273 
3 3796 4561 5217 
2 2016 5165 
2 2342 3629 
1 1748 
3 131 1505 2911 
5 1558 2689 3341 4953 4969 
2 2178 2392 
2 741 3418 
1 543 
4 2495 4042 4770 4977 
2 3697 4711 
3 946 2120 3391 
1 1196 
1 1385 
2 260 4946 
5 158 2117 2226 2319 2917 
2 620 3742 
4 178 233 967 1461 
0 
3 923 1230 1913 
7 782 2522 2688 2731 3109 3293 4010 
1 4393 
7 253 391 488 1314 1434 3324 3629 
1 2055 
2 1155 3621 
6 1041 1056 1844 2952 4322 4652 
0 
3 1530 3409 4952 
4 1324 1340 1694 3160 
0 
1 3381 
4 271 1631 3189 5148 
6 94 205 1812 2871 3423 4734 
3 1403 4615 5294 
1 2775 
2 80 362 
4 858 1472 1910 3526 
3 812 2236 2367 
2 804 5372 
1 2468 
1 298 
3 1078 2096 3144 
3 2906 3668 4926 
3 1520 1831 2302 
4 411 923 953 2042 
2 588 3645 
0 
2 4102 4663 
3 14 117 5355 
5 501 1509 4703 5212 5369 
2 232 4739 
2 5 5100 
1 1408 
1 763 
4 392 1681 2911 3485 
2 1364 3753 
3 2111 2122 4186 
1 3745 
4 149 1622 1790 4199 
1 3817 
3 337 549 892 
2 1054 4858 
3 1738 3030 5340 
2 1792 3939 
1 3804 
1 821 
4 1947 2969 4211 4815 
4 537 2147 3213 3717 
2 1877 3583 
1 2058 
4 57 747 1925 3309 
1 766 
1 2480 
0 
3 3571 4096 5153 
4 592 1503 1796 2911 
2 2538 4582 
3 672 4817 5007 
3 1253 1345 2416 
0 
3 3673 3875 4031 
3 107 3113 3500 
2 300 5026 
0 
0 
4 4334 4610 5039 5247 
1 3395 
2 3224 4957 
0 
6 324 2310 3207 3315 3903 5386 
3 356 599 2544 
1 1799 
2 1071 4943 
3 1942 3947 4856 
2 3832 4743 
1 12 
5 2391 3092 4162 5271 5289 
5 210 495 1269 2562 3607 
3 1107 2384 2565 
1 2556 
5 2147 2276 2599 2809 3601 
0 
2 1360 1621 
2 3419 3568 
1 1286 
3 770 1711 4369 
4 887 3243 3728 4748 
5 1036 1591 1592 3857 4311 
1 5181 
2 346 5269 
1 2683 
4 433 665 2830 4284 
4 1198 3257 3623 4655 
2 4740 4903 
3 2652 4352 4768 
2 2231 4943 
2 440 1018 
3 1006 1914 3556 
2 1897 3425 
3 1915 3080 3578 
5 1011 1034 3014 4037 4452 
3 1007 1730 5075 
6 466 754 994 3092 3721 4214 
4 810 2363 2391 3856 
1 2252 
2 3446 3957 
3 1283 2241 4710 
2 2575 4683 
3 3930 4348 4425 
2 797 1047 
6 45 74 165 3166 3942 5193 
3 413 2794 3108 
5 886 958 1408 3081 3352 
2 154 4359 
1 1191 
3 572 763 4526 
3 898 2489 3630 
2 1430 3306 
5 418 1749 3143 3781 4547 
1 2680 
2 1991 2505 
3 613 3494 4880 
4 1920 2413 3955 5078 
3 1031 1497 3266 
1 1847 
3 1178 4129 4173 
1 3606 
1 1170 
0 
2 4580 4595 
1 5277 
2 281 1413 
5 1096 1101 3215 4144 4867 
2 2124 2938 
3 1396 2029 4158 
2 1051 2404 
3 1424 3768 3908 
2 835 3737 
2 1464 1547 
0 
4 842 1430 2702 5031 
1 1743 
0 
3 1437 3405 4427 
4 424 1588 2189 3161 
1 179 
0 
4 3077 3448 3798 4187 
4 882 978 2738 4566 
1 3756 
4 1181 1936 4758 5093 
1 1627 
7 910 1478 1712 2616 2901 3484 3691 
4 662 1890 2612 3638 
3 1322 2764 4999 
4 839 1891 2833 4543 
5 1695 2993 3199 4070 4509 
4 158 1147 2822 4957 
1 163 
4 86 1194 1749 5305 
3 1677 3172 5154 
0 
2 1776 1964 
7 605 968 3281 3512 4416 4456 4752 
1 2646 
2 5014 5329 
2 324 2057 
4 972 2536 2603 4163 
2 2372 3370 
3 1032 2010 3625 
1 4170 
1 3125 
2 1213 4455 
2 399 686 
3 969 1889 3832 
1 1155 
1 1472 
3 184 2808 5252 
3 215 3124 5254 
2 351 5307 
3 877 2541 5059 
4 2761 4242 4549 4589 
2 2770 4282 
4 2009 2175 3310 4801 
2 27 2805 
2 858 1326 
4 660 1271 4912 5133 
5 903 1802 4713 5051 5064 
4 742 1586 2949 5070 
2 2299 4140 
1 2762 
0 
1 3492 
2 1146 2641 
6 892 3038 3563 4500 5074 5135 
3 687 1716 2678 
2 608 1032 
1 3111 
1 623 
1 1890 
2 2515 3022 
4 1537 2241 2322 2990 
5 98 106 2356 3548 4200 
1 5186 
1 3916 
0 
1 4155 
4 880 1043 2363 4712 
1 1834 
2 688 1525 
2 1646 3270 
5 57 205 1329 1349 2168 
3 1796 3906 4610 
3 1259 1953 4027 
5 1344 1798 2964 3084 3851 
2 369 799 
4 2659 3086 3844 5215 
1 272 
2 639 3344 
3 2486 3449 5281 
3 726 1080 3753 
3 310 1941 4374 
2 602 1430 
0 
1 840 
1 2557 
3 2722 5316 5350 
4 362 592 5014 5043 
1 3420 
2 2209 2785 
2 4501 4724 
2 935 1982 
4 85 1038 2931 4080 
2 4132 4839 
1 2763 
2 3672 4940 
1 3653 
3 901 963 1240 
1 1874 
4 830 2352 2383 3844 
1 2812 
0 
5 864 3544 4506 4935 5288 
3 2175 2617 4210 
0 
2 1739 2004 
0 
2 3599 4364 
5 10 1978 2052 3504 5223 
4 874 2752 3023 3322 
3 437 2482 2947 
4 679 1337 1408 3022 
0 
1 2576 
1 142 
1 1778 
3 1059 2303 2562 
1 1369 
2 3557 4173 
4 1085 3537 3879 4489 
0 
6 1148 1304 1316 1804 2875 3298 
3 1630 2577 3799 
3 1817 3672 4741 
2 1278 2359 
4 143 3056 3318 5023 
3 245 347 1315 
0 
4 1644 3279 4177 4914 
1 1206 
2 377 549 
3 1434 1970 4801 
1 1858 
2 1274 4754 
1 2022 
1 4773 
2 2646 3417 
4 392 831 956 2857 
5 140 2913 3179 4107 5369 
4 772 1085 4194 4294 
3 544 3604 4500 
2 2522 3465 
1 2394 
4 247 273 485 1945 
3 1670 1961 3726 
0 
2 518 1041 
3 1151 1257 4970 
4 1359 1617 2744 3652 
2 1169 3472 
2 3836 4622 
1 443 
1 2700 
0 
0 
1 4149 
1 4552 
3 4042 4965 5000 
2 318 2148 
2 3778 4709 
2 1777 3407 
6 46 520 1013 2890 4479 5181 
0 
3 965 1322 2200 
3 702 1621 4709 
2 1951 2945 
4 900 4358 4961 5212 
1 185 
4 1002 1140 1282 3944 
3 1751 3407 3740 
0 
1 2371 
2 138 2343 
2 3391 4875 
1 1885 
2 1084 5194 
1 1625 
3 540 1990 3658 
3 3577 5009 5375 
0 
6 20 3033 3046 3986 4052 4230 
2 716 1518 
0 
1 2839 
0 
3 244 4521 4623 
3 137 2120 3477 
0 
4 2647 4566 4573 5080 
4 1043 2902 3586 4837 
2 2591 4174 
2 2487 2573 
3 181 1609 2177 
3 2727 3432 4219 
0 
2 1027 2868 
2 1112 1732 
3 1372 3569 5251 
4 508 1405 4719 4784 
2 115 5344 
4 475 1211 2279 3665 
5 134 853 1122 3784 4411 
2 3014 3383 
3 413 3701 4247 
0 
2 3485 4800 
2 4000 4226 
2 3222 4534 
1 3039 
2 18 1910 
1 379 
1 2138 
2 882 4489 
1 738 
1 3419 
2 1483 5395 
1 5398 
3 573 758 4386 
3 1468 1897 2199 
2 1060 3123 
2 1228 4456 
3 85 1550 4284 
0 
2 3112 4618 
5 495 879 1216 3247 5250 
2 517 4387 
5 221 531 2166 2765 3737 
1 1753 
8 2038 2383 3595 3849 3951 4025 4035 4246 
1 1147 
2 1649 2699 
1 4433 
3 1490 2415 4670 
2 3088 4759 
2 3996 4906 
1 1975 
3 755 809 3792 
7 2635 3297 3497 3534 3791 5126 5255 
1 2160 
4 1197 1443 1450 1772 
2 626 4812 
2 2425 3846 
3 2995 4837 5377 
0 
3 188 3354 4080 
3 1872 2435 3024 
3 2593 4205 4525 
0 
1 1799 
0 
2 4696 5030 
2 2328 4431 
2 3444 4445 
1 4049 
5 643 2126 2812 3207 4990 
2 3022 3219 
5 1340 1460 3587 4962 5349 
3 2532 3009 4590 
1 3307 
2 892 3266 
3 3791 4991 5029 
1 3186 
2 3894 4325 
3 921 2225 2365 
2 542 5377 
2 3848 4689 
5 1633 1695 3267 3970 4427 
1 1074 
2 2104 4111 
4 237 888 3866 4492 
1 825 
3 300 3228 3236 
3 844 3976 4857 
2 4168 4413 
4 1214 2149 2661 2923 
4 171 1312 2292 4910 
3 675 1739 3020 
0 
6 824 828 3897 4199 4435 5399 
1 309 
5 510 2404 2791 4216 4325 
3 1953 2585 2821 
1 1759 
4 1906 3027 4221 4969 
2 3554 4816 
4 372 801 1029 1308 
0 
2 784 4411 
3 35 1585 2924 
3 1241 2415 4059 
2 4902 5364 
2 989 1106 
5 424 1879 2628 3488 3764 
2 698 5180 
2 1825 2187 
1 1504 
4 679 818 1879 5125 
2 2857 3746 
2 2814 3548 
2 885 1748 
1 1391 
7 355 437 2047 2660 3179 5157 5285 
1 5148 
2 172 991 
4 373 1183 1215 1963 
1 3765 
2 2001 4170 
3 104 1514 2880 
1 407 
2 4586 5092 
2 601 2291 
3 1486 3818 4108 
1 3022 
4 253 813 2976 3521 
5 137 1702 2408 2742 5223 
1 1233 
2 3266 3708 
1 298 
2 1752 2370 
1 3459 
2 322 3164 
4 921 2635 4580 5011 
4 749 2152 3660 4614 
2 1815 4784 
1 818 
1 3546 
0 
1 3246 
1 2312 
3 1421 3165 3624 
2 104 3871 
0 
1 978 
0 
0 
4 431 1169 3172 4237 
4 1489 2176 2344 5361 
2 537 2147 
5 1216 1552 2621 2788 4792 
4 48 747 1431 5045 
1 867 
2 1019 1558 
3 340 5110 5220 
2 1323 2450 
0 
4 237 1640 2246 4019 
1 5015 
3 698 1190 3024 
2 425 2617 
4 1057 2163 4413 5206 
4 339 1051 1285 2823 
3 775 1036 1235 
1 1193 
2 3828 4542 
0 
1 4518 
3 758 786 2900 
3 2585 4529 4970 
2 2532 5262 
3 367 4366 5301 
3 1124 3039 4409 
3 3809 3955 4458 
4 108 740 3333 3354 
3 732 2084 3840 
1 1036 
3 69 1289 1694 
4 103 740 1121 4885 
1 200 
5 561 2439 4366 5232 5334 
2 599 4949 
2 231 5032 
3 1632 4063 4597 
4 843 1840 2934 4486 
4 459 3137 4173 5094 
3 1031 1094 3306 
3 1902 3851 5353 
0 
5 155 158 477 3380 5395 
7 546 1639 3175 3829 4615 4952 5114 
3 1803 2521 3026 
4 462 2700 3273 3311 
1 834 
2 734 4064 
1 1770 
4 12 2332 3393 4309 
2 1457 3329 
1 2511 
0 
1 5367 
0 
3 1151 1502 1637 
3 663 2790 3808 
2 1107 5114 
3 2551 3634 4832 
2 1165 2660 
3 227 1151 4916 
3 118 338 507 
4 4206 4471 4880 5184 
2 3449 4920 
2 5040 5261 
1 1889 
0 
8 564 1271 3416 3944 4273 4422 5127 5198 
0 
2 2403 2656 
2 802 2401 
2 2441 5264 
2 238 4178 
0 
2 1537 4668 
2 1941 4334 
3 69 279 4112 
3 571 2499 5105 
2 2923 4573 
3 63 3927 4239 
2 502 4082 
5 1628 2119 2444 4434 5042 
2 686 5348 
1 529 
2 2361 3146 
3 470 674 3860 
1 5079 
0 
3 761 1340 5152 
3 434 1125 3851 
3 408 1736 1880 
2 731 5140 
0 
1 2078 
3 1375 3345 5374 
4 362 516 721 2988 
1 4025 
2 3194 3397 
1 4651 
4 3458 3730 4433 4781 
0 
4 438 1041 2036 2851 
2 21 1003 
4 628 2492 2943 5048 
3 559 1058 3427 
2 2458 3474 
1 509 
0 
2 4312 4816 
2 1200 2728 
2 2355 4220 
4 1230 2067 4475 5013 
3 1362 1803 4206 
2 474 5045 
0 
1 2541 
4 15 1152 1794 3704 
1 4777 
0 
1 1585 
3 1226 4504 5344 
2 2679 3765 
4 1641 2151 4270 5332 
5 1098 1234 2033 3470 3872 
8 725 783 931 1267 4203 4949 5213 5308 
2 1198 4149 
5 321 346 2508 2874 4615 
3 1805 2893 5033 
3 2105 3835 3940 
2 1928 3226 
4 2021 3066 4229 4829 
2 2760 5126 
3 1714 4071 5317 
2 2492 4593 
1 921 
0 
2 1428 2774 
2 3964 4524 
2 553 4287 
1 4812 
1 2362 
3 1088 2359 2430 
2 2652 2906 
2 2383 4804 
4 1230 2138 2363 2947 
3 240 1422 1611 
5 1959 2861 2868 3371 3891 
1 2481 
2 1197 4432 
1 313 
1 1539 
3 71 3039 3176 
2 1062 2806 
2 3401 5389 
5 1206 1286 1458 4620 4786 
3 39 134 2623 
4 346 1366 2870 3616 
1 3707 
7 1503 1970 2551 2601 3833 4275 4426 
2 599 3879 
2 4938 5193 
3 434 1620 3739 
3 251 1371 1571 
2 168 1786 
3 1573 4012 4513 
1 4521 
3 559 1754 4238 
0 
2 625 4263 
4 1930 2012 4906 4939 
3 319 3465 3724 
1 485 
3 496 2255 5168 
1 2744 
3 1138 1316 4908 
4 489 2590 4719 4811 
0 
3 1945 2274 2334 
0 
5 289 2020 4461 4862 5323 
3 3852 4337 5249 
5 470 794 2817 4539 5142 
2 2531 4265 
3 2045 2824 4534 
0 
2 1419 3267 
3 143 1566 4587 
2 1454 2148 
5 2762 2932 2987 3816 4375 
6 1953 1954 2550 3266 3361 4327 
3 1782 2364 3554 
3 1826 3074 3236 
3 753 4017 4112 
1 4647 
2 765 5081 
0 
2 1278 1913 
3 424 2354 4431 
3 3 1193 5091 
1 1430 
2 3371 4417 
2 3572 3796 
1 2725 
2 1702 4388 
2 1542 2845 
4 630 3311 4329 4660 
2 899 4936 
3 1039 2162 3528 
3 3316 3697 4561 
5 419 1170 1365 2177 3316 
1 423 
0 
3 2952 4564 5054 
4 1311 3255 4844 5090 
2 422 4594 
2 1430 2799 
2 623 4988 
4 2984 3156 3616 5342 
3 3388 3608 5292 
2 1502 3896 
1 4427 
4 418 3403 3953 4447 
4 803 2477 4751 4848 
2 3116 4185 
4 2041 3730 4108 4511 
2 1525 5142 
2 51 4966 
1 2078 
0 
3 0 4396 5271 
3 657 3650 3761 
2 1854 4310 
2 747 4181 
2 1386 3427 
4 445 836 2189 4054 
2 491 518 
3 1846 2197 3908 
7 175 241 422 2014 2438 2745 4624 
2 1309 1431 
5 409 813 826 2441 4265 
1 3226 
2 554 5090 
2 1004 4207 
4 88 172 3042 4090 
3 327 608 898 
0 
4 529 651 2466 2686 
3 92 2731 5062 
1 2197 
2 1777 4267 
2 431 2767 
2 113 194 
3 1333 2676 4216 
2 2638 4743 
3 457 812 2670 
3 2370 2385 4998 
2 4429 5039 
2 363 1146 
3 2052 3806 5009 
4 327 1815 2183 5345 
3 811 1523 3370 
1 901 
4 93 578 3036 4418 
3 681 1793 5383 
3 1866 2808 3683 
2 949 3631 
2 3193 4417 
1 5155 
3 1904 2382 3818 
1 4228 
3 254 1680 3369 
1 3549 
0 
0 
1 394 
3 251 1265 4685 
2 1879 2205 
3 729 1541 4252 
1 1796 
0 
3 113 2535 5295 
3 343 4491 4820 
3 2154 3721 4382 
5 542 1389 2013 4540 5139 
1 1238 
0 
2 114 1719 
4 637 2043 4536 4923 
4 581 601 4407 4563 
2 21 3179 
2 3836 4312 
2 938 1464 
3 1526 2143 2989 
1 3819 
2 1284 4187 
5 1487 2599 2751 3782 4136 
2 4664 4765 
1 836 
3 1416 3657 3949 
2 454 4898 
4 1987 3556 3671 3806 
2 920 4977 
4 3954 4202 4209 4778 
2 281 2784 
3 230 454 4788 
3 2416 2454 3216 
4 1259 1410 3844 5229 
1 5238 
1 4987 
4 753 3337 4762 5325 
3 400 854 4557 
2 1166 4954 
1 2768 
2 2864 3122 
1 3235 
1 658 
1 2850 
1 3558 
1 2282 
4 1587 2544 3899 4145 
2 2417 3880 
2 54 4870 
4 253 1156 1534 5076 
3 1940 1962 5128 
7 828 4293 4432 4439 4586 4944 4960 
2 663 5103 
2 1456 4746 
3 822 1697 3043 
3 886 4492 5167 
2 1884 5119 
0 
5 1620 3252 4176 4742 4860 
2 3531 4524 
2 1527 1823 
3 2487 2882 4882 
1 80 
3 1225 3148 4244 
2 3678 4424 
0 
4 27 2741 3528 4588 
3 47 265 3445 
3 971 1793 4801 
1 3402 
4 2 630 1246 2502 
4 1648 3194 4212 4448 
0 
3 16 4021 4787 
2 3330 3434 
1 3665 
3 515 1054 2753 
3 479 691 1319 
2 583 4770 
2 230 1231 
0 
5 609 852 857 2420 4409 
2 913 3834 
2 2833 3371 
0 
4 326 497 4705 4876 
2 19 1119 
1 4377 
0 
2 2035 3588 
3 2413 3991 5043 
3 3265 4328 5102 
1 1838 
4 1598 3137 3623 5266 
0 
3 856 2755 4246 
4 1108 2575 5122 5128 
1 1676 
2 1244 4279 
3 611 797 3882 
4 449 1006 1214 4886 
1 2525 
3 1375 1952 3876 
1 2283 
3 1407 3146 5181 
3 1653 1839 4929 
4 3493 3500 3978 4450 
4 1745 2196 4400 4747 
2 447 5211 
2 2206 2880 
2 3006 3740 
1 472 
0 
1 766 
1 2369 
3 1486 3436 3996 
4 2263 2478 3517 4055 
0 
0 
1 229 
1 809 
4 436 2804 4121 5312 
1 2110 
4 814 995 4202 5265 
4 481 2659 3798 4909 
2 4351 5052 
6 314 1690 1831 2370 3108 4567 
6 177 701 945 3407 4013 4276 
5 414 922 1843 1982 2127 
0 
2 906 2228 
4 1877 2387 4125 4567 
1 1328 
3 1646 2531 4165 
4 1300 1533 3671 4368 
0 
5 224 253 265 591 951 
1 2421 
2 1429 4562 
8 1783 2070 4064 4572 4595 4789 5215 5281 
1 1619 
4 662 1625 1796 4624 
1 3721 
3 494 1774 3358 
6 118 255 736 1170 2352 2667 
5 766 2432 3159 4050 4374 
4 686 800 1342 3495 
3 2599 3482 5164 
2 3414 4467 
2 2804 3373 
1 4226 
2 3878 4961 
3 1526 3123 4797 
5 1733 1821 2011 2788 3032 
1 5261 
3 1133 3379 4979 
2 917 3402 
1 4034 
6 682 1701 1983 2692 3036 4898 
1 198 
7 321 908 941 4282 4449 5146 5202 
6 1149 1911 2963 4154 5063 5159 
0 
4 777 2531 4324 5026 
3 920 1672 2807 
4 813 1271 1437 5000 
1 3434 
3 1619 2912 3311 
4 270 1081 1778 4020 
1 5005 
9 181 559 1330 1699 3370 3889 4542 5124 5250 
3 751 5245 5317 
2 1891 2881 
2 1730 1945 
3 1168 1635 3081 
1 3237 
2 1140 2766 
4 1857 3246 3781 4663 
0 
1 1257 
1 2030 
2 229 3523 
3 75 1605 5211 
5 64 380 1478 2100 3022 
1 3544 
1 5147 
0 
3 609 1249 3285 
1 2050 
5 535 1103 1549 3042 4492 
1 1518 
0 
3 2697 3103 4238 
2 292 4538 
3 2912 4170 4638 
3 1072 2964 3144 
3 4309 4478 4607 
1 921 
2 1729 2194 
5 399 2278 3055 3189 4829 
1 4495 
7 508 864 1235 1955 2233 2788 2963 
3 2308 2697 4575 
0 
2 595 4682 
3 2491 3262 3317 
3 194 1849 3995 
4 136 1929 4036 5280 
5 586 993 1750 3992 4568 
4 2575 2650 3578 4777 
4 3860 4216 4496 4902 
2 4207 4539 
2 630 2273 
4 428 2184 4351 4829 
2 1091 4083 
6 213 812 2370 3836 4789 5079 
4 406 951 1743 2772 
1 1333 
1 2932 
4 827 3954 4427 5190 
1 1677 
0 
2 283 3809 
3 3206 3215 4445 
1 1854 
6 2210 2286 3256 3423 3970 5264 
3 1695 4678 4898 
1 5289 
2 2936 5086 
1 3783 
3 1204 1590 4814 
2 4636 5193 
3 190 200 3052 
1 3295 
2 583 1997 
1 237 
0 
3 1506 2089 5357 
1 747 
3 1035 2108 5240 
4 1547 2459 2790 2875 
3 1010 1327 2144 
3 737 2959 5322 
2 2380 4377 
4 324 1595 2621 4336 
2 588 4059 
3 583 971 3981 
1 4314 
2 2593 3893 
2 1147 3644 
1 3470 
1 4688 
6 476 625 3416 3680 4580 5016 
2 805 1920 
1 330 
1 4205 
6 24 507 2277 2495 3055 4626 
2 1311 3748 
3 1202 1687 3643 
2 533 4141 
2 1240 4578 
2 3811 4923 
3 2279 2683 5263 
2 1049 1287 
1 2897 
3 1505 1659 3647 
1 2428 
2 573 1573 
1 5055 
1 1937 
6 330 718 885 1776 3299 5109 
3 3361 4055 4107 
2 1216 4000 
2 2703 5151 
2 536 3581 
4 380 3038 3238 3250 
1 5200 
4 1411 2434 4084 4535 
1 2745 
1 533 
1 3182 
0 
3 1709 2695 4520 
1 2169 
2 2084 2997 
1 3319 
1 4012 
4 2545 2625 3852 3897 
1 3607 
3 610 4277 5242 
2 404 5116 
3 139 1582 3933 
1 909 
0 
1 357 
4 1006 1402 1532 5285 
3 953 1858 2355 
2 1864 3603 
3 251 1661 2972 
2 579 2181 
2 3611 3713 
5 959 2251 2534 4383 5321 
3 659 3792 5319 
4 1514 1812 3167 3438 
1 3614 
4 891 1172 4197 4449 
1 4270 
2 2208 2982 
2 2712 3524 
2 3622 3925 
3 2331 3900 4295 
0 
7 1736 1830 1894 3835 4458 4982 5063 
1 3360 
1 3020 
3 315 2579 5344 
5 1030 1811 2009 3825 4087 
2 3718 4504 
3 3471 3587 4338 
3 1080 2962 3538 
1 4337 
5 762 1572 3557 3920 4662 
4 3844 3927 4204 5232 
3 80 241 2956 
2 1802 3935 
3 2308 2705 4973 
5 456 2673 4695 4708 4876 
0 
0 
3 1838 3441 3490 
5 2723 3882 4104 4405 5006 
2 4142 4786 
3 14 1365 4412 
3 335 3642 3795 
1 2965 
1 660 
1 3654 
3 1174 2533 4714 
9 45 276 354 434 573 1975 2109 3497 5006 
1 116 
1 1103 
5 101 1347 2008 2406 3572 
1 4589 
4 68 453 4065 5113 
2 2807 3354 
2 1947 4390 
4 1095 2454 2691 4933 
1 133 
1 2623 
4 982 1816 2672 3613 
4 1829 3352 3903 4527 
3 791 1737 4332 
1 942 
4 17 2212 2915 4895 
4 458 3631 3708 4697 
0 
0 
2 30 2864 
4 933 2199 3373 3416 
2 41 1208 
6 439 462 544 996 1012 2639 
2 801 1035 
2 2547 3288 
1 1700 
6 324 593 3173 3274 4720 5269 
3 4095 4742 5013 
2 1521 3246 
5 465 1235 4056 4419 4975 
1 52 
1 109 
2 3350 4418 
3 1573 3093 3210 
2 3346 3961 
1 701 
1 4589 
1 3364 
1 4624 
1 2717 
5 1881 2093 2308 4279 5240 
1 3930 
2 701 3502 
2 2585 3643 
2 2513 2618 
0 
2 984 3097 
4 3404 4098 4113 5020 
4 1123 2329 4976 5018 
3 847 3767 4387 
2 951 2083 
3 1715 3117 5152 
3 718 2256 4533 
3 56 319 3800 
0 
1 2034 
5 80 460 1088 2264 3836 
0 
3 2647 2997 3341 
3 1553 2814 4453 
3 680 1986 4543 
2 2983 4966 
1 2030 
2 1642 4020 
4 338 498 1747 3454 
3 141 3898 4358 
1 4865 
3 3222 4013 5096 
2 1632 3058 
0 
3 474 1253 1608 
2 2875 4468 
3 4209 4773 5312 
3 1964 3936 4526 
1 4033 
2 677 4261 
1 3075 
4 2086 3313 3327 3601 
3 773 1185 4000 
2 1092 1822 
1 4123 
1 798 
4 694 1828 3401 4446 
3 262 3547 5087 
3 2431 2799 3839 
1 4665 
5 2114 2268 2915 3388 4664 
2 3273 4524 
2 4054 4923 
1 445 
5 1516 2176 2925 3848 5309 
0 
2 2864 4911 
3 2145 3398 3837 
3 852 1016 3212 
4 377 955 4392 4991 
6 757 2863 3142 3758 3882 5243 
4 306 1335 2441 3325 
3 1307 2310 3099 
2 112 4012 
1 2097 
3 351 2563 5289 
1 4273 
0 
2 1551 5337 
2 4561 5348 
2 769 1373 
3 296 2787 4704 
2 1498 2533 
2 2994 3121 
4 643 1260 1586 4479 
1 2735 
2 345 4339 
2 1436 4206 
1 3936 
5 17 1057 4239 4381 5301 
3 1965 2762 5170 
6 531 1022 2029 4190 4959 5243 
5 71 1089 1222 3231 3765 
1 1130 
2 1715 3197 
2 2042 4733 
2 329 3747 
4 1679 2440 3853 5029 
1 1365 
2 57 1204 
2 1119 2750 
2 3271 4123 
1 3951 
4 523 871 2123 5090 
2 3495 4680 
2 947 2546 
1 4452 
3 1074 3137 3966 
3 1001 3440 3462 
3 2249 4828 5240 
4 1817 3857 4316 4680 
3 3189 3450 3704 
0 
3 460 1310 5129 
2 3570 4068 
4 179 1259 3184 5008 
2 683 1646 
1 1512 
4 286 800 3097 4017 
2 1467 4527 
1 214 
2 3838 5207 
3 3987 4177 4977 
1 5359 
3 307 803 1825 
4 2115 3934 4536 5152 
2 2579 3842 
1 3303 
3 82 2985 4721 
2 3070 3849 
1 2302 
2 4003 5169 
3 983 1749 5125 
3 1650 3834 4259 
3 2583 3119 4232 
2 1789 3375 
0 
4 219 959 1594 5239 
5 1391 1582 3321 4525 4606 
4 961 1337 1441 3350 
3 2553 2657 4258 
0 
2 2078 3526 
3 252 1744 1977 
1 4089 
1 2768 
3 2271 3121 4175 
4 1687 4040 4061 5084 
3 1361 1572 2585 
1 2623 
2 2159 2208 
5 201 750 916 4236 4823 
3 510 1518 4057 
4 1116 2911 3627 5078 
5 466 1746 2476 3215 5184 
2 2 3921 
2 1300 5205 
2 409 2441 
4 409 4327 4752 5026 
3 3137 3645 3802 
2 1571 3288 
2 1314 1772 
0 
1 2880 
3 1163 2052 3098 
3 2875 3981 4533 
1 3572 
3 1922 3219 4405 
2 2194 2242 
4 1904 3289 4596 5253 
2 2044 3798 
6 289 1252 1798 2152 3778 4374 
2 2610 4182 
1 1989 
3 1478 2769 4569 
2 654 2281 
0 
4 942 1711 2411 5184 
2 3426 4570 
1 4821 
0 
2 2769 5190 
1 3277 
3 610 2207 3590 
1 3387 
3 1210 1237 4607 
4 958 1128 2167 2256 
3 404 626 3726 
4 266 360 4295 4551 
1 3607 
1 2759 
2 638 1211 
2 269 4558 
1 473 
2 878 3622 
4 4398 4441 4527 4603 
3 584 1777 4918 
4 102 333 3945 5172 
3 833 1476 2899 
2 728 2261 
4 1852 2076 2804 4875 
2 1244 3802 
2 3143 4897 
1 852 
0 
2 840 2144 
2 807 4669 
2 919 4874 
4 1471 5024 5103 5344 
1 2752 
2 590 3419 
1 3790 
6 532 1203 1550 2431 3623 3776 
2 2764 4725 
3 1141 2346 3419 
3 692 2485 5252 
2 1567 3970 
0 
0 
3 1175 3122 3168 
2 3739 3758 
5 138 1904 5013 5188 5217 
2 2769 2788 
1 2923 
0 
3 1335 2632 3970 
1 3159 
5 6 1368 1842 1953 5021 
2 2701 3233 
0 
2 2789 3413 
0 
2 2366 2390 
1 4235 
0 
2 2667 4693 
1 606 
0 
2 1234 1929 
2 2387 4586 
2 3557 3562 
2 2040 2718 
4 1167 2691 3186 4234 
4 178 482 1290 5259 
1 4135 
2 1531 3332 
3 1067 2806 5367 
3 356 2866 5060 
1 3454 
3 2667 3400 4993 
1 3256 
5 1773 3317 3374 3636 4417 
1 3956 
2 1328 1581 
1 4862 
3 2392 2528 3238 
1 1196 
3 3449 4014 4250 
1 4862 
3 2760 3216 4321 
4 330 827 4461 4788 
6 86 478 728 1296 3320 4741 
1 2752 
2 1124 1856 
1 4960 
2 1240 3007 
4 1433 2228 2540 5249 
2 1228 2401 
4 776 1000 2765 4465 
3 2088 3047 4949 
0 
0 
0 
4 2487 2909 4066 4236 
3 1977 1980 3986 
3 1352 3998 4517 
1 76 
6 196 407 1611 2127 2383 5044 
2 474 1839 
0 
3 929 4525 4760 
3 1459 1528 4612 
2 517 4385 
0 
0 
3 1083 4128 4536 
0 
6 16 2428 2617 3322 5254 5305 
3 3704 3739 4739 
0 
3 1906 3043 4811 
2 1884 3710 
3 2829 3777 4053 
1 3496 
1 4534 
3 6 1268 2576 
7 423 1243 2797 2842 2881 3296 4881 
1 5247 
1 658 
3 167 1223 3496 
1 5195 
3 282 2315 2969 
4 887 1382 1809 2442 
2 1421 2744 
1 364 
4 567 738 3787 4428 
2 2716 3570 
3 3303 4321 4655 
3 3838 4029 4100 
2 463 1286 
5 1577 2339 2898 3344 5104 
4 18 255 1177 2805 
2 1588 3606 
1 1472 
3 305 761 2197 
4 440 481 1566 3650 
2 1278 2253 
3 631 2730 5078 
4 780 2740 3675 4346 
2 689 2193 
2 963 2074 
0 
3 2398 4090 5062 
1 4118 
3 1804 3625 5223 
4 744 3060 3758 3883 
2 4083 4869 
0 
1 3233 
1 4525 
3 2018 3458 5116 
3 2528 2973 4629 
2 2999 3277 
2 3920 5350 
1 215 
3 2059 3460 4132 
3 845 3152 4134 
2 2228 3035 
4 701 1595 3541 5098 
1 1685 
3 1213 2944 5166 
0 
4 484 1340 1984 4133 
7 622 1046 1630 2086 4019 4541 4807 
2 577 1238 
4 1946 4795 4942 5341 
2 2494 5046 
2 3076 5301 
3 987 1998 4712 
3 1209 3482 5170 
1 4401 
0 
2 960 1960 
1 2468 
3 4644 4796 5076 
3 1569 3437 5350 
5 360 2616 3618 4286 4445 
0 
2 365 3396 
2 1060 1138 
1 913 
3 2686 3092 3457 
5 377 534 1075 1211 3975 
0 
5 209 536 1605 3710 4608 
2 393 710 
3 3441 3904 4134 
1 3118 
4 509 1394 2034 3267 
3 841 909 4866 
2 583 1758 
4 924 3152 4032 5343 
2 2550 3291 
2 126 4604 
2 116 4910 
5 167 1736 3983 4411 5335 
1 3740 
2 1386 2822 
2 334 1373 
3 216 2423 3594 
1 3566 
6 186 197 785 1056 4175 4432 
3 1419 4161 4997 
3 585 1544 5301 
3 4101 4612 4756 
2 33 4151 
3 3343 3741 5141 
4 1223 2566 4095 4276 
2 1487 4534 
2 1130 3651 
4 1902 2614 4224 5318 
3 756 1558 4738 
1 988 
5 40 2131 3216 4756 5004 
1 1490 
6 1420 2321 2421 3248 3979 5208 
2 1382 3223 
6 345 1196 1901 3083 3184 3980 
1 50 
1 129 
3 530 2852 3108 
3 2748 3351 4842 
2 2218 2817 
2 2062 4061 
4 15 1162 1399 3234 
3 1175 1712 5308 
2 834 4668 
2 3003 4552 
4 143 1661 3075 5068 
5 1198 2091 2532 3209 3489 
1 327 
2 4490 4503 
4 1033 2784 3532 3905 
3 446 3844 3913 
0 
1 1276 
1 3856 
3 56 2601 3214 
6 1634 2216 2958 2977 3875 4603 
1 4492 
3 1028 1294 2327 
4 2757 4215 4426 4430 
1 1697 
3 1247 2196 2749 
2 594 1366 
5 2145 2395 3188 3815 5290 
3 4548 4779 5122 
4 2016 4549 5260 5347 
3 152 2274 4086 
6 82 96 3354 3445 4866 5064 
1 1367 
4 2432 2467 4686 5397 
2 1061 2163 
2 2746 4930 
0 
2 2784 3645 
6 2508 2906 2999 3489 4811 5067 
3 2597 4958 5186 
3 707 2301 3537 
0 
4 21 560 2657 5026 
2 3227 4244 
1 4601 
3 370 1201 5361 
2 2763 3639 
4 754 758 1073 2254 
2 887 3297 
2 1448 4523 
0 
1 2718 
5 168 1126 1725 4194 4615 
2 636 3434 
1 2317 
1 4337 
1 4826 
3 496 862 4708 
2 475 521 
3 477 1242 5154 
1 4181 
2 2648 3335 
2 1382 3476 
1 3308 
3 3208 3987 4983 
5 420 680 2002 2033 3872 
0 
3 2315 3881 4405 
4 2073 3674 4382 4565 
5 1831 2312 2461 3584 4662 
6 837 1824 2594 2793 3625 3851 
0 
3 1065 1603 1655 
1 4576 
5 745 1724 2859 4538 5043 
1 4612 
2 2310 5227 
0 
3 338 671 3137 
2 1231 3515 
2 2652 3348 
5 50 321 993 1941 2002 
4 419 4004 4152 4327 
3 421 2395 4716 
1 4355 
3 2063 2633 5050 
1 4192 
1 4694 
4 444 1323 4354 5094 
3 115 3191 4404 
2 1601 2771 
1 4519 
2 3681 3737 
2 372 4395 
2 2924 4254 
2 1981 3919 
1 926 
3 1277 1672 4251 
4 966 2143 3552 4462 
1 5365 
6 2515 2824 3254 3880 4445 4947 
0 
1 4975 
0 
3 472 2151 2210 
2 1339 4426 
4 195 2896 3170 3815 
2 3202 5091 
3 1120 4465 4728 
4 543 872 1913 2651 
1 395 
1 5388 
4 3372 4005 4087 4755 
4 605 974 1243 2550 
3 1779 2191 3828 
3 368 1415 4972 
2 2075 4768 
1 3262 
3 2900 3438 5320 
1 627 
1 1172 
7 535 743 986 1661 2112 3230 5311 
3 986 2469 4840 
3 1271 2633 3131 
1 2060 
2 2193 4167 
4 2250 2758 3761 4300 
2 943 5176 
2 1786 4361 
3 606 4491 4970 
2 260 1120 
3 766 2452 4404 
4 484 1481 3193 5251 
5 1524 2597 2630 3583 4837 
1 5180 
1 4976 
4 2400 3226 3916 4407 
2 2837 4661 
4 593 955 2566 2945 
1 2843 
1 2208 
2 4438 4687 
2 3605 4724 
2 697 1408 
2 2190 4418 
4 1577 1708 4176 4906 
2 570 2644 
1 4672 
1 1708 
3 1927 3747 4589 
4 553 1198 5336 5380 
1 1228 
6 1776 2434 2701 3417 3509 4745 
4 2570 3659 4391 4860 
3 16 1468 3122 
2 1097 3052 
1 4794 
2 1607 2560 
4 639 3602 5073 5217 
1 442 
1 2157 
1 2439 
1 4393 
4 182 3199 3690 5278 
0 
2 1304 5385 
1 1782 
3 2182 2290 2737 
1 4051 
2 768 3066 
5 1897 1913 2219 3639 4990 
0 
3 567 2617 4083 
0 
2 2403 4174 
2 213 3304 
1 1411 
3 505 1386 4550 
3 491 2802 3197 
2 1223 2013 
1 966 
5 1080 2011 2724 4144 4772 
3 1034 2260 2667 
2 4364 4472 
6 303 1861 2378 2943 5379 5389 
3 3566 4356 4742 
5 211 1764 2247 2626 4958 
2 174 2878 
4 47 976 3332 5116 
3 232 927 2933 
5 596 2045 2657 4218 4317 
1 5240 
1 2213 
4 3086 3683 4226 5276 
0 
0 
3 3238 3757 4242 
2 456 1525 
2 1250 1470 
1 4591 
0 
4 920 1897 2943 4016 
3 1463 1802 3740 
3 1159 2467 3697 
3 898 4489 4641 
4 4249 4597 5064 5282 
5 690 2175 3935 4460 5209 
0 
3 266 1675 4292 
2 1021 5028 
3 346 1529 3198 
3 1084 2364 3999 
3 129 1604 2457 
4 980 2022 3090 3891 
1 3361 
2 763 4034 
1 3343 
1 3571 
1 1258 
1 3646 
4 570 1055 1598 4019 
1 4100 
1 4731 
3 83 325 3393 
3 52 2992 4505 
2 488 2191 
4 223 371 3153 3494 
3 138 1769 3476 
3 1956 4296 4321 
1 2184 
1 1837 
4 1917 2274 2435 2613 
0 
2 2711 3619 
3 2714 3770 4393 
2 908 2765 
3 2655 3922 5370 
1 249 
1 1209 
1 2869 
2 3985 4984 
2 1900 3156 
2 1754 3697 
4 30 274 1948 2257 
3 1634 2729 2997 
2 2929 4439 
6 890 1024 1576 3450 4213 5018 
0 
3 2827 2951 3598 
1 3562 
0 
4 1458 2255 3261 4556 
4 825 1354 2323 4811 
2 3209 3361 
3 1485 1777 5078 
3 2978 3363 3492 
3 1703 3195 3579 
4 1307 2448 3173 3469 
3 3552 3933 4666 
3 45 1843 3656 
0 
5 1448 2274 2938 4350 5055 
0 
0 
5 343 2734 2747 3133 3562 
4 1508 3355 4431 4602 
4 2181 2343 4997 5241 
2 4134 5377 
4 1253 2869 3364 5187 
1 3271 
2 2193 5324 
1 4233 
2 730 4884 
4 925 2537 3667 4721 
2 49 4164 
3 3733 4228 5160 
5 1309 3596 3941 4642 5247 
3 1408 3852 4317 
2 1192 2293 
4 358 2629 2762 2824 
3 1953 2528 4755 
3 146 3255 4633 
2 1494 4687 
4 1559 2466 2516 4989 
2 3655 3710 
1 317 
3 88 4234 5184 
4 878 2927 4007 4818 
2 313 648 
1 5308 
5 261 358 2936 4958 5037 
4 1537 3920 4980 5047 
4 455 3898 4230 4897 
2 2910 3796 
1 716 
4 1198 1711 2548 5319 
0 
4 85 2215 2930 4122 
1 3356 
1 1827 
3 2639 2778 5257 
1 2158 
1 3413 
2 84 3476 
2 2258 4693 
2 3716 4540 
2 673 941 
1 5191 
5 2448 3045 3518 3832 4569 
1 4836 
0 
5 1089 1930 3061 3921 4023 
4 1311 1639 2275 4361 
3 1501 1859 4356 
4 3750 3799 4082 4639 
4 369 402 799 4069 
6 620 984 3202 3430 3711 4504 
3 736 2402 3600 
2 2788 4991 
3 919 1936 4958 
3 784 1605 3833 
3 3785 4095 5142 
2 44 1079 
1 2700 
0 
3 1992 3207 4811 
1 2133 
4 1584 2247 4841 4960 
3 700 3600 5082 
3 2444 2615 4374 
2 1004 4616 
3 811 1866 4453 
1 3486 
0 
3 688 3085 4600 
3 1620 4698 5139 
1 533 
1 1353 
0 
1 2929 
3 2194 3730 5064 
4 171 3020 5139 5336 
2 157 3993 
8 505 565 2038 2710 2907 3690 3746 4098 
4 798 1498 2443 5070 
3 654 1006 4924 
1 308 
1 5262 
3 3296 3906 4211 
2 1369 2098 
3 1999 3046 5323 
3 1056 3760 4047 
3 71 1283 2061 
1 4243 
0 
3 756 2454 2676 
3 123 2649 4651 
4 466 1031 2360 2740 
1 1976 
4 1946 2057 3343 3685 
5 106 175 2714 3820 4344 
4 1753 1957 2102 2804 
7 218 1268 1602 2172 2423 4080 4763 
2 2585 3486 
7 1177 1857 2268 2865 3098 4264 4538 
3 1033 1045 1748 
0 
2 680 1428 
2 625 3670 
2 2540 2633 
2 2373 2629 
0 
1 4208 
5 1073 4064 4424 4639 5169 
1 1179 
3 1617 5042 5291 
3 1377 1584 1972 
1 551 
3 1295 1936 4396 
2 4457 5105 
2 1423 3981 
4 2024 2991 2994 3234 
2 2642 5320 
3 2129 2564 2774 
1 1852 
1 201 
2 1836 4779 
2 2002 4717 
0 
1 3991 
2 3703 3996 
4 3243 3658 4132 5183 
1 4783 
5 725 2238 2744 4765 5313 
3 317 3483 3684 
0 
6 1200 1700 1771 3382 4288 5069 
0 
3 3037 4475 5035 
4 191 417 2884 3435 
1 2829 
1 1271 
2 170 4405 
0 
3 339 4075 4933 
1 3532 
3 2225 3224 4959 
3 147 2760 5153 
0 
4 428 523 2957 4721 
4 1602 2247 3326 3668 
2 293 5096 
0 
4 3332 3611 4651 4863 
1 807 
4 2018 2159 2242 5081 
1 2422 
6 59 210 1543 2492 3651 4934 
3 1958 3509 3751 
6 1371 2577 2622 3493 4235 4556 
2 426 4399 
2 1750 3050 
3 1879 2925 3405 
3 969 2083 4686 
3 1460 1620 3955 
3 2075 4922 5084 
3 2136 2393 4570 
4 2810 4076 4506 4853 
2 2014 2910 
4 1633 2791 4372 4923 
0 
3 1186 2522 3568 
4 17 1464 3034 3328 
1 3189 
1 2424 
0 
2 1494 2196 
4 2357 2594 2684 5248 
4 125 243 4337 5383 
3 1580 2577 4241 
2 205 4765 
1 1282 
5 974 1862 2063 2093 2444 
1 2144 
3 402 2933 3287 
3 1326 4419 4966 
2 1269 3898 
3 158 662 1332 
2 300 4848 
1 1609 
2 1115 3936 
5 1173 2631 2658 2801 4730 
2 2458 4143 
1 2358 
2 1295 2564 
2 248 2574 
2 2541 3034 
3 168 2357 4636 
3 1999 4891 5045 
1 772 
1 737 
1 2110 
1 3642 
2 3724 3989 
3 2311 4268 4270 
0 
1 2380 
3 511 2639 4384 
2 4083 4109 
1 1872 
4 345 1564 2593 3553 
3 133 204 578 
0 
2 4266 4687 
1 4640 
3 2746 3770 4914 
4 1272 1395 1448 3627 
1 5235 
7 391 1506 1908 3054 4169 5113 5152 
2 2296 5399 
2 790 1901 
2 173 2375 
1 3091 
3 145 1735 1899 
0 
2 62 1886 
0 
5 317 2744 2991 3331 3839 
3 251 3016 4229 
2 1829 3832 
1 523 
3 2084 2643 3342 
2 215 3227 
1 296 
2 2447 3254 
1 1854 
3 713 3524 4251 
5 1456 3111 3200 3447 3866 
1 3557 
4 1380 2747 3191 4909 
2 846 4954 
1 3380 
3 974 2897 5330 
0 
1 4766 
0 
2 75 3486 
1 1744 
2 188 5333 
2 3242 5259 
1 304 
3 63 634 2098 
3 798 4213 4548 
2 4556 4719 
4 195 1648 3516 4588 
2 3313 4366 
2 2609 3420 
3 2973 3160 4162 
2 4929 5060 
3 175 2651 2680 
6 561 1214 2414 3110 4347 4889 
0 
3 994 2390 2808 
2 907 1366 
2 524 5291 
2 2269 2289 
2 2285 3700 
3 586 938 3945 
5 2189 2776 3324 4849 5051 
3 881 2931 4184 
2 937 3212 
5 425 529 941 2464 3166 
4 987 2043 3717 3772 
2 725 3117 
1 1666 
3 339 2868 3034 
1 3794 
4 1184 3061 4022 4733 
4 780 1052 1196 1285 
2 633 4324 
4 490 3770 3853 4863 
2 2202 2740 
1 5010 
4 2313 4337 5247 5393 
1 4753 
1 3852 
2 2016 3787 
2 2880 3358 
2 1313 2298 
3 2688 2928 4329 
2 1065 2924 
5 561 690 940 1711 2496 
3 400 3218 4095 
5 1052 2502 2643 2666 2865 
1 54 
2 1201 1673 
1 2584 
2 3466 4772 
3 1666 2354 2552 
3 398 425 3728 
4 61 308 1689 2639 
2 210 2258 
2 604 3019 
3 1859 1915 4850 
2 2697 4489 
1 4083 
3 1756 4528 4675 
2 3419 4982 
3 1968 2952 4507 
2 867 1701 
2 2149 5084 
4 866 2006 3092 3301 
5 457 742 2867 3845 4912 
0 
3 1411 2709 3285 
1 3668 
4 206 776 3969 4964 
3 4379 4525 4862 
2 2749 3710 
3 1611 3908 4174 
1 3093 
2 444 1160 
1 2352 
2 694 751 
2 380 1102 
1 1117 
0 
5 59 2866 3228 3653 4676 
4 129 1151 3495 4406 
2 1207 1829 
4 2248 3657 4243 4744 
3 1813 2194 3424 
3 2266 3973 5333 
1 703 
0 
1 2752 
3 1336 1721 3562 
0 
2 938 5085 
4 1492 1646 3190 3689 
4 1215 1865 3604 4183 
3 272 4202 4890 
4 1347 1984 2866 3664 
3 707 2063 3865 
0 
1 4201 
2 1034 2722 
5 830 1993 3534 3979 4009 
2 56 1531 
4 868 1036 1505 1591 
2 1736 3798 
2 2176 3265 
7 878 2161 2274 3140 3333 4195 5296 
1 4621 
1 4692 
1 2326 
5 2089 2140 2768 2791 4441 
1 4491 
2 805 4178 
1 4783 
1 1963 
2 5029 5244 
6 3 108 1102 1416 2187 5083 
2 3024 3858 
1 4988 
2 2044 2881 
2 902 2284 
2 1310 3858 
2 197 4735 
1 1901 
1 3269 
0 
3 117 2363 4620 
0 
6 163 1043 2115 3425 5167 5395 
3 1865 2035 4065 
4 341 1787 2664 2835 
4 1954 3775 4029 4810 
1 5016 
0 
0 
2 2683 4555 
1 5384 
0 
1 1588 
1 1019 
1 1186 
1 2940 
2 197 374 
4 944 2848 3086 3808 
3 572 3840 4778 
1 3261 
3 2949 3660 4837 
2 1649 2643 
2 541 5201 
5 653 1131 1707 3929 5362 
2 2677 4518 
1 438 
1 3349 
2 1275 5012 
4 900 930 2249 3662 
1 5287 
2 1780 3355 
3 311 1326 3994 
4 2383 3021 4022 4115 
4 183 203 2899 4368 
1 3078 
1 874 
0 
1 4511 
2 1140 2385 
2 3962 4073 
1 3235 
4 442 2551 3175 5132 
1 3121 
3 2645 2758 3622 
5 923 1870 3825 4379 5381 
1 3377 
1 2700 
2 848 4359 
1 3568 
2 1452 5165 
0 
4 522 1932 3652 3847 
3 102 2115 3239 
3 117 243 3568 
1 3944 
0 
0 
3 140 841 2688 
3 322 603 2263 
4 189 300 2759 3207 
2 2736 2841 
2 1171 2816 
0 
1 5265 
7 1689 1765 2112 3290 3954 4726 4941 
3 297 4759 5071 
0 
4 979 1203 1233 4336 
4 719 820 1843 4041 
3 255 1407 1516 
2 1371 4303 
1 1077 
3 489 3711 5382 
3 2105 3209 4896 
3 378 3042 5102 
2 4675 5092 
3 1700 2201 2650 
4 502 912 2288 4577 
1 5029 
2 3130 4218 
4 392 1116 2717 4874 
2 1357 2628 
1 1539 
2 1432 3810 
1 2127 
0 
4 81 986 1806 1945 
7 855 955 2505 3400 3676 3796 4424 
1 2390 
2 1574 5220 
4 270 3149 4069 4812 
3 3107 3660 4830 
3 18 401 2882 
8 14 27 122 547 2817 3544 3761 4717 
0 
1 4282 
2 1989 5066 
1 265 
4 142 399 578 4554 
2 1509 4276 
3 2215 2286 4777 
2 400 3499 
3 1821 1970 4302 
4 3673 4099 4515 5290 
1 3594 
1 4387 
6 212 1985 3555 3936 4889 5189 
2 3025 3604 
1 5335 
3 653 4771 5123 
1 2287 
6 21 66 429 1166 1279 3359 
5 575 1729 3101 4009 5347 
5 584 2251 2271 3131 3647 
0 
2 1385 1560 
1 21 
2 4134 4919 
0 
6 1568 2878 2992 3263 4134 4522 
5 2388 2684 2910 3287 3760 
7 743 819 1451 1582 2195 4311 4675 
2 3548 4446 
1 3409 
3 3040 4904 5292 
1 3019 
1 972 
3 652 3083 4387 
1 3810 
3 708 1318 2302 
5 21 1902 2269 2649 2691 
2 120 3527 
3 3264 3497 4491 
4 1871 1965 3482 3856 
2 2985 5349 
4 402 1092 1217 3257 
2 3511 4035 
2 955 1851 
2 2702 3722 
2 489 3891 
1 2966 
0 
3 2667 3451 4498 
1 3646 
2 4884 5012 
1 2348 
2 1606 3503 
0 
3 94 475 4544 
3 2063 4771 5018 
4 1824 3179 3296 3402 
1 2161 
3 474 1790 4536 
6 36 565 810 1721 2004 4245 
2 1452 2788 
2 4623 4832 
0 
3 800 1314 3874 
3 2251 3060 4296 
4 952 1418 1583 4457 
1 3469 
2 1357 4218 
5 201 2018 2650 3981 4525 
3 92 3147 4039 
2 754 2545 
5 2111 2202 3092 3438 4975 
1 1965 
4 2283 3957 4252 5117 
3 1659 3883 4873 
3 1917 1955 2201 
0 
3 699 783 4642 
0 
0 
1 1050 
5 1430 2132 2299 2392 5055 
0 
2 515 3001 
2 2214 2679 
4 2323 2385 2485 3290 
1 1978 
1 2507 
5 486 598 2977 4390 4894 
6 650 1466 3038 3205 3787 4277 
2 1893 4993 
2 2188 2594 
3 1279 2540 2626 
3 1941 2351 3452 
5 416 939 1912 2779 4318 
0 
1 5040 
2 2068 3700 
1 866 
4 292 1574 1874 2022 
2 2283 4220 
2 538 1194 
2 763 856 
3 736 4287 4672 
1 225 
1 2727 
2 2468 2726 
0 
1 2385 
7 1214 1669 1683 2014 2606 3547 4563 
1 4203 
1 113 
1 1051 
3 3169 4437 5281 
2 1419 4553 
3 1396 3042 5230 
1 3044 
0 
2 1049 2187 
2 2488 4470 
3 517 2820 2923 
4 918 2642 4125 4579 
2 441 2351 
0 
2 4365 5068 
3 412 1332 2473 
5 81 2269 2584 2739 3435 
0 
3 1043 1795 5269 
2 3009 5322 
4 322 2381 2521 4444 
1 307 
1 4206 
5 1416 1676 2594 4661 4767 
2 1228 4291 
2 261 3407 
3 3025 4172 5057 
1 1352 
1 2966 
4 1262 1272 2396 4666 
3 3379 4301 4839 
1 692 
5 614 842 2155 2510 4320 
2 1662 1984 
2 462 2602 
2 1343 4953 
3 2906 5308 5388 
2 1395 4453 
2 30 4609 
3 3319 3452 4509 
1 24 
2 186 2406 
3 2175 4047 4953 
6 293 2065 3013 3916 3968 4955 
1 1378 
5 3199 3402 4069 4394 5025 
2 2066 2192 
0 
2 1740 4313 
2 1447 2544 
4 1675 1883 2899 5314 
1 4156 
3 2729 3430 4117 
2 3580 4860 
3 250 548 2438 
2 1400 4817 
1 2013 
5 294 999 2748 2799 4202 
3 2664 4467 4818 
5 655 2663 3009 3756 4250 
1 906 
3 2076 2720 4772 
2 1751 3408 
3 322 1044 5179 
0 
2 3184 3943 
2 2096 4180 
2 1519 4634 
1 2524 
1 1999 
1 470 
2 2684 4979 
3 1752 2189 2373 
3 1136 4007 4551 
2 776 2773 
0 
9 610 970 1737 2225 2319 3300 4100 4355 5217 
4 251 1034 1348 3408 
3 1867 2307 4811 
3 2096 2331 3467 
2 1835 2725 
3 1857 2410 4426 
2 1534 3203 
2 1092 3588 
5 571 1643 1696 2427 4276 
2 299 1146 
0 
2 113 1165 
1 3981 
2 225 1855 
4 1958 2507 4517 5009 
2 1624 2523 
5 20 928 1693 2239 2911 
4 25 503 3565 4074 
6 512 985 1524 2111 3278 4727 
6 61 556 1878 3569 3808 4227 
5 476 1647 4517 4827 4962 
3 688 1702 2067 
1 1246 
2 1047 3751 
5 252 1109 1579 2448 3068 
5 1608 1615 1656 2842 5234 
1 504 
3 1922 5005 5116 
5 259 1286 3383 3905 5042 
1 2742 
3 933 2215 3100 
1 336 
3 2360 3193 5200 
4 250 4376 4807 4909 
2 2132 4201 
3 2652 3960 4053 
0 
0 
0 
3 121 2984 3119 
5 1100 1846 1869 4513 5392 
2 551 4065 
2 150 3981 
2 1515 3390 
6 800 1223 1271 1656 2150 2618 
2 1664 4341 
4 853 1310 4501 5004 
5 742 2261 2448 3778 4540 
0 
3 162 1902 4252 
4 433 3589 3971 4273 
0 
1 4091 
2 1730 5298 
1 3196 
3 1012 1492 2725 
2 3042 4528 
2 2283 5352 
1 2010 
1 4315 
4 1191 1219 1634 2193 
2 506 1745 
3 949 1680 5281 
4 1234 1414 5109 5231 
7 499 1061 2354 4303 4701 5059 5349 
2 402 5250 
2 2259 4141 
3 147 3817 3945 
4 562 716 3828 3945 
2 3222 5323 
3 760 1467 5236 
0 
3 2525 4856 5239 
3 978 1836 2557 
1 3511 
0 
2 2678 3927 
3 743 4411 5187 
2 479 1811 
4 812 3963 4028 5362 
6 980 1932 2111 4071 4500 4712 
1 4872 
1 4826 
4 270 2080 2915 4536 
0 
3 1726 2232 3466 
2 413 3412 
2 3385 3502 
0 
2 477 1153 
1 3724 
1 2468 
1 3162 
5 1969 3349 4505 4860 5264 
0 
2 645 3314 
2 4136 4434 
2 2524 4520 
2 1730 2769 
2 1971 4301 
2 2955 4714 
3 1001 3236 3355 
2 4514 4619 
2 4376 4525 
1 2481 
2 3533 3854 
5 1113 3415 4900 5132 5395 
3 898 4236 4496 
1 1834 
3 275 2875 3627 
0 
1 242 
1 4960 
3 599 759 3724 
2 3118 4452 
1 1906 
3 4793 4951 5399 
1 943 
1 5058 
4 1504 4312 4492 4903 
5 1110 1427 1500 4205 4374 
3 2196 2385 4073 
7 219 291 1681 2419 2434 3367 3837 
1 2404 
3 657 943 2367 
5 2071 2100 3919 4075 4520 
2 953 3651 
2 334 4619 
1 3196 
0 
5 194 923 3295 3622 3706 
7 583 1310 1479 1599 2853 3502 4983 
1 4521 
2 3042 3923 
3 2019 2583 4944 
2 3166 4752 
4 769 1179 1597 2379 
5 1242 1730 2457 3595 4636 
6 71 226 1131 2556 3567 3841 
1 3917 
1 2231 
2 3606 4941 
1 5133 
1 3765 
1 5091 
4 199 2925 5003 5357 
2 623 4033 
1 184 
1 4421 
2 924 3897 
3 217 4969 5370 
1 4902 
2 1938 4041 
4 1334 2334 3752 4674 
1 1744 
3 1632 2497 2718 
2 818 1950 
3 474 3509 4284 
2 651 3744 
3 194 3425 3883 
3 3173 3426 5107 
2 4112 4665 
5 344 939 1870 2704 2942 
6 2175 3323 3530 4493 4518 5336 
0 
3 1707 3451 5008 
9 2125 2260 2584 3575 4266 4615 4875 5153 5190 
7 306 356 377 1587 2760 3857 3858 
3 1237 1264 3127 
2 600 4498 
3 3322 3570 4550 
5 1423 1494 2827 4141 5397 
0 
2 317 4272 
6 247 3524 3699 3837 4585 5062 
3 3723 4490 4854 
3 4428 4817 5265 
1 4938 
0 
4 736 875 1657 2678 
4 750 1926 2382 4926 
4 1498 2254 2889 4394 
1 3548 
2 2119 4810 
3 2381 3359 5018 
5 2077 2171 3061 3148 3780 
3 2129 5261 5358 
3 554 2361 5340 
5 985 1288 4761 4803 5390 
3 2021 2276 3830 
3 834 3253 3690 
2 176 5009 
2 1298 2122 
0 
2 455 2093 
0 
3 151 2479 4587 
2 3084 4957 
2 2906 4116 
3 900 2016 2033 
1 1774 
2 627 1970 
4 292 3176 4251 5239 
2 572 941 
0 
3 510 2484 3739 
1 4327 
2 2080 4690 
5 327 1009 2400 3554 4521 
1 3513 
0 
3 149 258 2844 
2 1393 3713 
1 2241 
5 155 1852 3324 3724 4983 
1 1312 
3 233 3597 4803 
1 3890 
3 1389 4803 4907 
2 1231 1271 
4 186 536 1265 5250 
4 10 1404 4286 4394 
5 2604 2696 4209 4684 4777 
2 3547 5051 
2 273 4352 
2 368 1735 
1 4836 
1 71 
3 1368 3365 3768 
2 1765 2349 
0 
1 4272 
3 775 4277 4348 
2 1852 2646 
3 2087 4260 4311 
0 
1 80 
2 154 3161 
2 1377 3896 
1 1469 
2 1014 2783 
3 1562 2598 3683 
1 3555 
3 985 3999 4572 
2 892 4970 
2 1089 3724 
3 523 3285 4348 
3 2213 2319 3434 
3 2056 2583 3076 
1 478 
3 1517 2213 3252 
1 704 
4 3098 3828 4363 5224 
4 1354 1466 2076 3756 
2 3479 4395 
2 1766 1870 
1 4058 
1 2641 
0 
1 1841 
0 
0 
2 1180 5316 
3 1699 3333 4814 
0 
3 719 2687 2727 
1 4944 
0 
1 77 
2 2711 4949 
4 422 664 4437 4983 
1 4071 
2 2320 4407 
2 3973 4449 
1 4014 
4 2394 2589 3653 3668 
5 738 1384 2173 4338 4855 
2 2496 3714 
5 522 573 717 774 1253 
3 205 571 3866 
4 707 809 2455 4087 
3 2571 2694 3500 
4 276 841 3982 4651 
3 745 3484 5182 
4 205 3900 3935 5212 
1 3519 
1 364 
2 3599 5082 
2 1223 4277 
1 642 
6 2264 2288 2367 4268 4404 5125 
2 1771 4472 
2 1059 1228 
1 2230 
3 516 1345 2647 
7 670 822 948 3081 3908 3940 4196 
4 2588 3084 4356 4874 
1 136 
7 1040 1259 2538 2673 2800 2877 3678 
2 1124 1724 
3 2674 3379 5166 
1 2140 
3 642 2182 4335 
2 1703 3552 
0 
1 4828 
1 2253 
4 198 3557 4418 4678 
4 1302 1987 4766 5283 
0 
3 234 2310 3714 
2 1269 1326 
1 587 
2 4026 4737 
1 1476 
0 
3 1759 2622 4219 
3 2143 2369 2929 
1 3671 
3 3324 4642 5164 
0 
0 
2 927 2001 
3 3706 4129 5115 
1 2768 
0 
2 117 1563 
1 263 
0 
1 5332 
1 988 
2 1484 1842 
4 1781 2992 4249 4934 
2 469 5310 
1 2498 
0 
1 421 
7 434 1244 3039 3144 4022 4430 4494 
1 7 
2 1831 2591 
3 536 2941 3040 
1 2166 
3 538 2025 2481 
1 5006 
2 695 3763 
0 
1 2045 
1 2314 
5 398 424 1795 2403 2629 
4 1441 2412 3769 5098 
2 3341 5296 
2 4360 5065 
2 3856 5328 
4 129 1454 1552 3145 
4 1598 2196 2996 4975 
2 1506 3626 
3 2774 3274 5398 
1 2576 
2 188 3858 
1 1262 
2 3890 5348 
1 4760 
3 3332 5172 5265 
2 2555 3962 
3 433 1196 1834 
2 322 4020 
2 2352 5193 
3 519 2329 3712 
1 685 
2 383 3240 
2 62 3330 
4 3199 3838 3882 4354 
1 1020 
3 1459 2365 4956 
2 1801 2858 
4 1568 2783 4053 4262 
3 3349 3500 4696 
3 1517 1580 2506 
4 1110 1653 1986 4656 
4 56 681 1222 5168 
1 500 
1 493 
1 3428 
4 211 2912 3493 5397 
1 5251 
2 3438 5206 
1 2543 
4 236 1955 2577 4304 
0 
1 2096 
3 4664 4949 5288 
2 3548 5231 
0 
7 835 1163 1541 1593 1910 3399 3904 
1 87 
4 103 3762 3795 4835 
1 2444 
0 
1 1504 
2 440 1636 
3 343 1265 3081 
1 3097 
5 881 1174 3622 4139 4150 
1 2627 
2 1133 2929 
1 2554 
3 85 3550 3565 
1 3642 
2 1770 1805 
2 2058 3492 
1 4841 
0 
2 1014 2073 
2 4199 4652 
0 
3 1215 1660 3968 
4 124 330 2349 3522 
3 466 2981 4387 
2 2836 3565 
1 3309 
4 782 3213 4139 4379 
1 791 
6 96 432 2363 2879 3479 3688 
4 185 1373 3552 4312 
3 228 1653 3198 
2 76 2671 
2 102 1938 
1 4981 
5 482 797 3386 4171 5046 
6 1434 2089 2904 3992 4917 5089 
1 5060 
3 238 840 2505 
3 948 2946 3720 
0 
1 4133 
5 284 600 763 1086 2614 
2 3490 3882 
0 
2 1350 4653 
0 
5 281 1549 1831 2733 4991 
3 293 4262 5130 
4 723 1676 4573 4901 
1 4404 
3 1859 3362 3498 
4 333 1269 1545 2265 
5 2431 3655 3954 4147 4954 
4 1921 2331 4059 5270 
0 
6 1063 1964 2776 3441 3504 3880 
2 894 1141 
2 2088 5390 
3 2798 2872 4692 
3 1528 2010 3938 
2 2042 3168 
5 186 478 1995 2713 3115 
1 2329 
1 3935 
4 187 1939 2148 3249 
2 2750 5104 
3 104 3377 4903 
4 2647 3494 4612 5110 
3 1293 4991 5309 
4 391 716 2157 2523 
4 1896 3278 4411 4506 
3 1843 2085 2537 
3 231 1441 4301 
2 4898 5224 
3 1502 2362 3310 
2 369 3164 
4 1851 3813 3908 5165 
5 153 454 1293 1588 4980 
7 1102 1693 1827 3989 4170 5022 5200 
0 
1 2384 
3 717 1601 3281 
1 3483 
5 3340 3423 4333 4534 4900 
4 669 1475 2813 3522 
4 1830 3275 3447 3786 
2 389 2238 
2 4017 4327 
3 926 1037 1968 
3 1875 2324 3996 
3 733 2419 3553 
1 4968 
2 1953 5263 
1 1526 
1 3343 
3 1662 1762 3982 
2 1838 2213 
3 1111 2504 3921 
3 733 988 2845 
1 1245 
4 1345 1689 2028 5015 
4 2516 3507 4025 5167 
2 3113 4071 
1 4113 
1 2341 
2 408 2223 
1 170 
1 4683 
3 789 1247 1436 
2 686 5042 
2 1829 3695 
1 3202 
2 1345 4485 
2 85 3302 
2 1128 2994 
3 2934 4014 5182 
4 1932 2326 4258 5302 
3 1010 2113 4451 
2 1295 1684 
2 414 2599 
0 
1 4236 
4 3609 3946 4164 4491 
4 2083 2483 3797 4797 
2 1275 1949 
1 2583 
2 2596 3492 
3 1161 2443 3503 
4 445 721 778 986 
6 258 728 982 1802 3908 4571 
1 3514 
1 2462 
2 185 532 
3 1535 2101 4030 
0 
5 199 254 301 842 1495 
3 1434 3100 5141 
3 3223 5126 5303 
1 5063 
2 1616 1766 
2 2762 3208 
2 590 5245 
1 3820 
4 485 3219 3871 4938 
1 5072 
1 4124 
1 5097 
3 1257 2406 2990 
4 3581 4935 5224 5298 
2 2276 2584 
4 1432 1594 4057 4262 
1 1603 
3 10 2528 2643 
1 1806 
1 97 
2 322 4260 
2 4662 4990 
6 1303 2874 3304 4125 4770 4875 
5 1730 2180 2614 4296 4469 
2 699 1880 
2 583 4150 
1 1340 
1 2744 
3 2403 3709 5049 
3 3251 4072 4656 
2 1561 1741 
5 2007 3295 4501 4656 4732 
0 
2 439 836 
1 720 
3 1895 3421 3725 
3 372 3163 4256 
4 505 3212 5075 5286 
3 842 1002 1237 
3 3468 4225 5397 
5 77 1485 2347 4888 5219 
3 2839 3637 3817 
1 391 
2 1005 1006 
2 1275 1685 
3 587 3645 4066 
3 1355 2707 4856 
1 1695 
1 1572 
6 571 1721 2914 4081 4213 4785 
3 2907 3734 4727 
5 324 2360 2958 3063 5034 
1 1505 
1 2242 
2 1485 3921 
1 2264 
6 847 3515 3690 3747 5036 5276 
4 1144 3114 3395 4669 
2 2319 5084 
4 1679 2020 2245 3106 
3 824 2444 3007 
1 3486 
1 1893 
0 
2 1106 3603 
1 4396 
0 
1 3221 
4 307 1466 3094 4718 
1 2323 
4 1820 2048 2191 3232 
2 540 1744 
1 891 
1 1442 
0 
4 206 1912 4083 4412 
6 2490 2837 3120 3476 4787 4921 
2 1440 1573 
2 1835 3936 
2 434 1420 
1 4910 
7 706 824 1414 1863 4125 4502 4599 
4 2097 2494 2845 3856 
1 2130 
0 
2 1213 2379 
3 2575 2928 4766 
2 1383 5293 
5 986 1341 2046 2085 4650 
3 171 3188 4842 
3 2087 4337 5021 
3 1445 2100 3962 
2 2972 3686 
1 4150 
3 2866 4322 4976 
2 3595 4880 
3 1067 3528 5393 
5 490 1057 1240 3808 5154 
4 943 997 1153 3644 
2 1944 5269 
2 1219 1428 
3 1685 4072 4664 
5 102 106 1569 4116 4357 
0 
3 2509 3204 4134 
2 4643 5279 
3 1225 2698 3044 
2 839 2333 
1 332 
3 265 2228 4292 
3 664 2772 4061 
2 4842 5371 
2 2831 3983 
3 3172 3685 4795 
1 1618 
2 1015 1494 
0 
2 2787 5344 
3 167 313 635 
0 
2 846 2055 
2 3634 4758 
2 388 3330 
3 1792 3593 4903 
1 894 
2 1501 5218 
2 3137 4297 
2 1683 2551 
3 950 1490 5347 
4 1139 1226 2614 2713 
1 1018 
3 1455 4563 5125 
5 238 300 465 2254 4195 
0 
7 622 631 1197 2693 4679 4886 5116 
2 2730 2745 
2 329 2587 
2 40 132 
0 
4 2830 3728 4337 4445 
3 1664 2134 4204 
2 1218 4255 
1 2850 
3 864 1322 1428 
3 598 1984 4340 
2 309 3965 
5 405 676 1644 1648 2399 
3 550 2348 4586 
1 3308 
2 3886 4601 
3 334 1295 3221 
4 2423 4242 4531 5023 
3 420 2466 2903 
3 1612 2904 3768 
4 901 1030 4317 4731 
1 3126 
1 4981 
3 254 2148 2720 
0 
1 655 
1 3505 
5 1144 1236 1885 2991 4335 
3 75 2231 2684 
3 1185 4399 5129 
1 1789 
7 132 1373 1950 2629 3129 4507 4593 
0 
3 1542 4944 5059 
3 1399 1800 3193 
1 3695 
0 
2 714 3918 
2 1137 1863 
3 61 427 3468 
2 2329 3223 
2 469 4931 
3 541 860 1691 
2 1545 2078 
4 2606 2909 3565 4449 
4 2651 2707 4341 5195 
1 3962 
4 1472 1682 4285 4510 
1 4447 
1 4025 
3 1795 4741 4989 
5 209 896 1764 3874 4910 
3 781 4520 5034 
1 1769 
1 4413 
2 1542 5084 
0 
0 
2 603 967 
3 2389 2829 3625 
1 2747 
6 3312 3446 3678 4123 4667 5057 
2 2089 2624 
2 920 1320 
3 1388 3694 4792 
2 611 4679 
2 4051 5122 
2 902 4614 
1 4107 
6 1894 2059 2135 3349 3572 4481 
1 648 
2 3727 5061 
2 2998 3166 
0 
1 4980 
3 1217 1783 2597 
4 2226 3220 3612 3819 
2 474 3027 
4 356 667 4637 5025 
5 2164 2195 2338 3334 3557 
3 3541 4366 5328 
4 754 4153 4227 5389 
3 1843 1870 4167 
3 1399 3180 4791 
2 3877 5332 
7 132 514 2087 3153 3264 3828 4272 
3 1176 2251 3127 
3 443 2058 3205 
5 237 1216 1538 2420 4657 
2 1727 1733 
6 699 1408 2596 3751 3816 4582 
4 3188 3617 4812 5307 
1 2565 
4 383 1176 3025 3120 
2 284 4592 
3 1450 2831 2875 
3 2610 3265 4502 
2 570 3193 
3 121 3433 4506 
0 
3 3239 4576 4643 
0 
3 1984 2250 2901 
1 4643 
3 2600 2818 3732 
3 485 4092 4302 
1 2953 
1 3268 
2 1911 3329 
2 2346 4162 
2 1186 5118 
1 2140 
1 3029 
1 4198 
2 775 5176 
3 3160 3222 3889 
2 60 1251 
3 1378 2328 2918 
2 4093 4419 
3 338 1576 5185 
2 2595 4070 
5 1004 1136 3369 3991 4338 
2 237 5101 
2 2907 4111 
1 1129 
2 1846 2237 
1 2849 
3 699 2439 4276 
0 
1 3888 
2 581 1872 
2 1389 4557 
0 
2 4576 5176 
2 1772 3487 
1 4161 
1 4308 
4 564 1254 2557 5131 
1 3600 
1 787 
5 1491 2667 2967 4757 5109 
5 524 760 2586 2926 3135 
3 1068 3610 5120 
2 3150 5067 
3 242 4317 4799 
6 1930 2090 3047 3167 4742 5262 
4 2302 3228 4983 5316 
3 746 987 2952 
4 2570 2986 3745 5327 
2 419 1097 
11 580 1391 1674 2330 3051 3486 4275 4493 4613 4693 5318 
2 208 1114 
1 4780 
1 4192 
0 
4 1674 2081 2096 2428 
1 516 
0 
4 2761 3150 3162 3451 
2 1814 2017 
2 285 2882 
6 405 2263 2512 2517 4403 4999 
3 659 2763 3638 
3 1548 1740 2914 
5 376 2049 4025 4363 5078 
5 998 1411 1600 3476 4421 
0 
4 4205 4400 4443 5066 
2 2910 4626 
2 82 5078 
1 640 
5 141 421 1279 3733 4787 
2 2088 5029 
3 2721 4906 5167 
4 1344 3286 3900 4289 
1 4971 
3 370 1965 4120 
4 119 300 1901 4315 
0 
1 651 
2 718 1388 
3 1159 2751 5019 
1 2794 
2 1617 4174 
1 5124 
0 
3 3396 4167 4466 
2 1813 2568 
4 690 2881 3368 3964 
2 2108 5246 
2 2960 4522 
5 2080 4780 5105 5294 5377 
2 569 3031 
4 2149 2160 3545 4334 
4 402 1485 3988 4767 
4 1990 4003 4467 4873 
2 1367 3337 
3 602 2432 2571 
3 267 1974 4743 
4 448 1746 2885 4484 
4 399 1358 1623 3823 
1 1015 
1 3260 
1 3549 
2 1370 2245 
1 3483 
4 298 1419 4027 4500 
2 1374 5060 
1 4049 
2 953 1014 
2 3498 3718 
2 1790 3888 
2 2065 3672 
1 3657 
2 326 3680 
5 1379 1628 2507 2874 3146 
3 414 1163 1646 
2 24 791 
4 491 1758 1902 3466 
3 3099 4663 5085 
3 1587 2308 2853 
0 
3 304 324 4764 
2 438 5047 
2 1062 1424 
1 3902 
0 
3 855 3394 4975 
1 4990 
1 1685 
2 214 3314 
2 475 3569 
3 22 1878 2002 
0 
0 
5 1403 2294 3151 4107 4114 
3 1328 1451 4111 
3 1319 3371 4804 
4 347 1593 1869 3318 
5 37 2051 2607 3709 3871 
2 1335 2577 
3 4447 4850 4871 
0 
2 1027 1749 
3 1823 2249 2870 
2 610 2515 
5 558 2419 3019 4052 4191 
2 1406 5025 
2 2116 3190 
1 2091 
5 142 1095 2422 3620 3681 
2 639 2223 
1 1985 
3 784 2484 2555 
1 42 
4 2492 4259 4572 4756 
1 203 
2 2434 4130 
2 662 1145 
0 
1 2105 
6 344 2242 2407 3019 4417 4734 
0 
3 2200 4722 5391 
3 1097 1204 3062 
5 557 585 3619 3938 5178 
3 382 2567 4022 
1 1900 
1 1752 
2 2551 3727 
2 4245 4345 
4 1134 3042 3468 5253 
3 4471 4749 5071 
3 1322 3621 5245 
2 1924 3657 
1 4129 
4 280 1061 2025 2985 
2 2226 4265 
3 2191 3386 5248 
1 3365 
0 
1 3166 
4 2431 4286 4381 4717 
4 1995 2175 2934 3329 
2 474 4306 
0 
2 44 4057 
1 3471 
2 3248 3442 
1 4691 
5 312 1005 2035 2074 4003 
0 
3 2918 3747 3848 
4 225 2358 2655 4701 
2 665 4035 
1 4062 
2 2222 3747 
6 185 913 1545 1722 3922 5388 
1 5079 
2 2874 3067 
1 954 
2 778 1424 
3 3301 3646 5104 
4 1725 1798 2116 2410 
4 208 2148 2536 5238 
2 3111 4494 
2 1370 2956 
2 3021 3054 
1 4999 
1 2137 
3 369 2364 4734 
2 1387 3617 
3 129 4156 4730 
1 3176 
6 58 424 1079 1212 3740 4393 
1 2602 
3 2919 4666 5241 
9 150 967 2295 2834 2857 2958 2989 4386 5031 
1 3308 
2 606 1621 
2 3478 3676 
4 408 2391 3412 3875 
4 179 4154 4666 5169 
4 896 1021 2172 4579 
2 4649 4778 
1 3511 
3 2107 3578 5267 
1 3323 
1 3877 
0 
3 459 688 1924 
3 4469 4888 5248 
6 958 1654 1722 2949 3800 4138 
7 12 631 1180 1810 2034 3721 4733 
1 1820 
4 318 3942 3967 4223 
0 
1 2902 
3 115 359 3555 
3 759 2175 4686 
7 1530 1981 3329 3699 3703 4131 5165 
1 1327 
0 
1 2146 
3 2250 2767 3497 
2 2897 5164 
3 255 357 542 
0 
0 
3 471 2727 2997 
3 2028 4699 4849 
3 1504 1654 1759 
0 
3 2183 2584 3982 
3 1027 1958 2557 
1 3139 
2 3088 4734 
1 754 
4 767 918 1526 2887 
0 
2 1457 5129 
5 40 458 2972 3426 4401 
2 3093 5356 
5 2066 2307 2372 4705 5300 
2 178 4178 
3 177 296 2364 
0 
0 
3 2469 3792 4156 
2 1646 5147 
1 1726 
3 621 1605 2791 
0 
1 2929 
4 440 1247 3894 4794 
4 1092 4021 4838 5125 
3 1299 3905 4513 
1 663 
4 202 286 2153 4938 
1 3223 
3 1739 2378 2647 
1 257 
1 5025 
2 1645 4791 
2 699 722 
4 698 1372 3775 3847 
0 
1 2368 
5 1403 3139 4082 4581 5233 
5 302 998 2125 2551 4164 
3 3261 3968 4630 
4 469 1194 1604 2442 
2 584 2146 
2 1461 3739 
1 143 
2 1593 1635 
2 3908 4769 
1 366 
2 51 4868 
3 246 1055 1097 
0 
4 853 2481 2763 3370 
2 823 1292 
3 2547 2592 4416 
2 1331 3900 
0 
1 3214 
1 3994 
6 1859 1938 4393 4711 4738 4869 
6 274 985 3497 4773 4947 5338 
3 361 2811 3314 
3 0 773 1065 
2 1090 3483 
3 2192 3280 4550 
0 
1 4030 
2 3607 4060 
0 
3 1386 2508 4493 
3 4297 4658 5342 
0 
5 815 1946 2812 2996 3492 
1 840 
3 178 2933 4533 
2 289 4902 
7 396 496 2140 2321 4127 4503 5330 
4 955 2152 3850 4487 
2 1152 1567 
2 925 1382 
4 612 1087 1285 1464 
3 1501 2866 2918 
4 1555 1742 3115 4774 
2 1492 2319 
2 825 2482 
3 110 2882 4085 
2 1560 4492 
1 4763 
5 538 561 1103 1392 1847 
3 137 2404 3857 
1 703 
2 2515 3792 
6 727 1498 3699 4655 4671 4809 
4 690 1563 4678 5183 
1 3833 
5 170 536 837 886 1902 
6 977 1357 2109 2377 4785 5000 
2 1531 2372 
1 2849 
0 
5 425 1850 2597 3096 3355 
5 409 1544 2911 3845 3917 
7 2455 2459 2911 3102 4250 4637 5235 
1 5083 
5 882 1280 4338 4694 5392 
1 5011 
1 5240 
0 
1 4497 
1 2435 
4 44 731 2329 3023 
1 3947 
1 4051 
1 5019 
2 4205 5133 
3 792 3281 3646 
3 5 920 1897 
3 4385 5187 5241 
3 2621 3458 5268 
4 382 1852 3728 5383 
1 1172 
3 51 3491 3735 
2 1221 4383 
2 581 956 
3 1117 1932 3193 
1 1899 
5 1169 1400 1504 3115 3180 
3 1759 2632 2903 
2 194 5254 
1 4875 
1 3422 
0 
3 104 3536 3618 
3 1240 3522 3985 
4 2961 3104 4359 4404 
4 943 2045 2603 5096 
0 
2 1318 4756 
3 724 3781 3989 
1 4951 
3 1016 2982 4981 
5 740 1357 2893 4224 4292 
4 163 1473 2124 2278 
2 1116 4723 
4 1380 3028 3581 3811 
1 5396 
2 3632 4879 
2 391 1420 
4 1800 3137 3926 4910 
3 1846 2772 3783 
2 534 2180 
0 
7 458 1033 2411 3039 3214 3267 3803 
1 4427 
0 
2 4219 4582 
0 
1 1847 
2 4216 4521 
0 
3 526 1968 2711 
3 2883 3857 4295 
2 3444 4508 
2 1927 2869 
3 1391 1767 2123 
4 1589 2143 3235 3327 
3 2068 3704 4051 
1 2877 
2 75 4592 
1 1379 
3 3904 3984 5370 
4 876 1392 2820 5368 
1 253 
2 2487 4070 
3 430 1449 4955 
1 3932 
1 3931 
2 1361 2090 
2 1559 4250 
4 1394 2038 3028 3201 
5 1481 1522 2282 2570 3351 
0 
2 3197 3672 
1 365 
2 925 3039 
1 2108 
4 432 3742 4428 4498 
5 1 160 2733 3979 4565 
3 630 864 2518 
4 1631 2359 2811 2812 
3 3260 4312 4430 
2 395 3867 
0 
5 26 263 1095 4125 5138 
1 297 
2 690 1536 
0 
1 1018 
4 1099 1289 2528 3190 
3 444 823 2256 
1 1686 
2 427 2631 
1 5213 
0 
1 2779 
1 1442 
4 2503 3107 3364 3453 
1 2823 
2 934 3595 
3 3418 4416 4713 
3 1541 5236 5368 
2 3742 4749 
3 2711 3159 3797 
2 2408 5091 
5 728 1295 1650 1659 5061 
1 2794 
1 5017 
3 104 2424 3017 
0 
2 1796 4098 
1 734 
1 3979 
1 1176 
5 1829 2439 3943 3977 4188 
1 1831 
6 1316 1599 2212 2626 2756 2786 
4 3026 3233 3760 4065 
2 1809 3385 
1 3926 
3 2072 3889 4315 
3 118 642 1708 
3 1556 1896 5288 
1 3601 
4 2295 3216 3894 4919 
0 
4 1160 2221 3528 5275 
3 1278 3173 4321 
2 2174 4822 
3 2495 3814 5373 
1 1276 
5 696 1185 2222 3227 5366 
2 4582 4835 
1 1709 
3 14 2043 2987 
3 668 1342 1486 
3 4561 4628 4865 
2 4208 4355 
4 1565 3602 3697 5399 
3 1914 4710 5093 
1 1944 
1 5197 
4 2119 2741 4067 5187 
0 
2 2439 2576 
1 322 
0 
4 3 961 1356 1507 
2 1197 1475 
3 1691 3018 3253 
0 
2 2033 4510 
3 989 1552 3225 
0 
3 807 1777 2052 
3 1238 1471 3109 
5 1143 3782 4259 5061 5072 
4 2369 2496 3081 3673 
2 2143 4563 
0 
5 690 893 3239 3456 3571 
2 3057 4118 
3 535 3613 4788 
1 2823 
5 1742 2469 4611 5088 5365 
2 3271 3822 
2 382 5157 
3 1805 4779 5273 
2 1482 2890 
3 1227 2047 5234 
5 690 2600 3701 4368 4794 
3 1277 5196 5281 
1 422 
2 213 4710 
1 2627 
2 149 1581 
3 2532 2896 5172 
4 295 311 619 4231 
2 39 4704 
2 4529 5291 
2 4542 4711 
0 
3 2183 2710 4343 
0 
2 715 3615 
2 1215 5074 
6 29 78 2000 3473 3868 3922 
2 642 3653 
5 1726 2779 3119 4767 5199 
2 1031 1496 
2 1186 1341 
1 1437 
3 1586 3288 3693 
2 3000 4202 
4 751 1315 3191 5051 
1 3823 
3 1581 1837 3383 
2 3702 5341 
1 833 
4 844 1209 2205 4379 
5 1413 2467 2785 3982 4421 
3 1707 3318 4083 
1 4007 
4 1548 4625 4658 5042 
3 2147 2554 2713 
3 478 3527 3929 
5 929 2824 3015 3240 4337 
2 3302 3374 
2 2503 2865 
1 2761 
2 2236 2869 
1 2259 
1 15 
3 4206 4760 4803 
0 
3 554 706 2194 
1 3322 
3 877 2146 3795 
8 1284 1760 2004 2300 2397 3348 4066 5262 
1 1347 
1 3841 
2 1862 4598 
4 1386 1944 3024 5097 
2 4419 5209 
4 139 1578 4950 5066 
5 292 1040 1756 4219 5082 
1 2796 
2 3512 4105 
2 3525 4283 
0 
5 1435 1821 2153 2384 5382 
1 376 
1 4723 
3 1455 2175 3975 
1 2567 
4 1742 2053 2744 4696 
2 1818 5238 
1 349 
0 
2 1400 5108 
3 73 4092 4769 
0 
5 124 600 1341 3475 3642 
4 773 1021 4196 4958 
1 2300 
1 4714 
3 730 3530 3643 
5 873 989 2905 4903 5086 
2 1455 3241 
2 3642 4781 
1 2496 
5 60 2942 3375 4424 5137 
2 2720 5360 
4 1757 4026 4635 5038 
2 4529 4934 
3 3583 4585 5026 
1 1191 
3 2129 5018 5101 
4 1488 1535 3468 5280 
3 3283 4247 5068 
5 1201 2679 3295 3354 3949 
1 4452 
2 3832 4277 
1 1719 
3 447 3067 3682 
1 3664 
3 256 3747 4805 
3 555 1769 2223 
3 1776 3178 4647 
6 1770 1800 2099 2581 2583 3377 
3 269 1678 4651 
3 1092 2840 4188 
0 
3 84 3739 4306 
2 3146 3164 
2 511 4389 
4 1329 2810 2915 5301 
1 1401 
1 2284 
3 454 2013 5082 
2 1116 4983 
0 
2 3190 5203 
0 
3 617 922 4551 
4 3146 3298 3366 4971 
1 1819 
1 1914 
2 3488 4241 
2 1231 3729 
1 528 
3 2719 3719 3775 
0 
1 456 
0 
0 
4 16 1816 3542 5269 
4 398 2349 3516 4364 
3 215 489 5192 
3 2106 3260 3796 
2 1203 5378 
0 
4 1957 3489 3593 5209 
1 735 
1 2310 
6 492 768 1264 3216 4366 5154 
3 3172 4340 4744 
1 2694 
3 447 580 835 
4 652 2006 2411 3590 
4 1580 1815 4780 5043 
2 1128 1977 
3 590 1556 4937 
4 869 2450 3771 4795 
1 246 
1 2734 
2 1029 1892 
1 1606 
3 2432 4530 4611 
1 2361 
1 1020 
1 358 
3 469 1091 5113 
3 3979 4136 5076 
0 
1 1525 
1 3653 
3 1918 3560 4851 
0 
2 601 1884 
2 2444 3405 
2 3039 4108 
3 1375 4227 4658 
1 3520 
4 360 740 3157 5092 
1 524 
2 2437 2778 
6 1099 1193 2433 2725 4058 5198 
3 921 2668 4881 
3 1392 3413 5303 
6 156 708 1325 2864 3574 3870 
5 859 909 1521 2690 4078 
2 1039 1281 
2 2204 4002 
3 1099 1480 2966 
2 565 4285 
5 368 2180 4571 4745 4957 
3 1141 4705 5369 
3 2078 2344 3322 
4 235 424 4402 5030 
2 1855 4534 
5 742 1049 1280 3914 4760 
0 
3 2022 2543 2625 
5 72 655 3060 3911 4090 
3 181 907 2658 
2 745 4270 
1 4224 
2 3742 5175 
3 1824 3897 4222 
2 3312 4702 
3 668 1220 2025 
4 2763 3488 4197 4737 
2 1066 2107 
2 927 2320 
2 642 2124 
3 4042 4369 4548 
1 1568 
2 2103 5357 
2 1676 2118 
2 1667 2251 
7 1585 1707 2851 3259 4475 4922 5165 
4 161 289 797 4668 
4 75 963 1262 4677 
2 876 1523 
0 
2 2271 4153 
3 503 2028 3424 
3 2185 2422 5322 
3 1133 1875 5168 
3 2617 3677 5156 
2 690 1165 
2 665 4124 
1 4353 
2 2037 3076 
4 1691 2727 3858 3934 
3 1929 2328 2946 
3 1074 2631 2793 
1 91 
2 7 1926 
2 3414 5142 
1 3309 
1 4582 
2 1574 3254 
4 89 1567 3662 4021 
2 2978 3293 
1 1483 
3 3119 3185 3288 
1 965 
1 2196 
4 979 1036 3684 4958 
3 2305 2910 5231 
4 280 1046 4454 5323 
2 2296 3034 
1 4541 
4 919 1376 2296 4221 
0 
4 2917 2975 3492 4489 
4 864 1510 2794 5288 
2 255 4766 
3 955 3557 4441 
5 1197 1821 2563 2752 3534 
5 1359 2647 2976 3032 4127 
1 4651 
2 1168 1448 
1 5074 
1 4517 
3 504 1230 2559 
2 258 4093 
4 413 683 2901 5051 
2 3454 4210 
4 1790 2965 3689 4585 
2 935 2661 
1 2228 
1 3581 
0 
2 2692 4350 
4 2040 3382 3897 5298 
1 1121 
1 601 
4 113 1380 1622 3917 
3 2060 2622 3296 
2 3399 3826 
0 
3 204 4903 4907 
3 1958 4421 5075 
4 2698 2843 3210 4343 
3 62 2566 3512 
3 2534 2808 4541 
1 3131 
1 4340 
3 3691 4138 4527 
0 
3 213 3543 4885 
2 846 1266 
1 1028 
3 409 2585 2978 
6 20 905 1087 2863 3167 3946 
1 2716 
1 1317 
3 2803 3584 3985 
1 1544 
4 2022 2109 3427 3551 
2 211 2652 
0 
3 2700 4662 4941 
5 1693 1741 2060 3992 5050 
2 327 3367 
0 
2 1233 2371 
2 724 742 
0 
5 986 1592 1914 2950 3225 
1 1161 
3 1002 2381 5315 
1 5158 
0 
2 122 1421 
1 3221 
5 35 387 872 3600 4481 
2 3046 3434 
2 1314 2531 
8 977 1390 1887 2270 2375 3363 3412 4071 
5 7 1388 3020 3528 3860 
1 1520 
4 3417 4171 4305 4828 
3 2789 3452 4827 
0 
2 4047 4301 
1 2192 
2 262 3677 
1 1752 
3 2 248 2352 
3 430 2976 2990 
0 
3 231 2093 4291 
3 1195 1283 5339 
3 121 416 2968 
2 4248 5344 
2 1920 3115 
3 1916 2744 4002 
3 2017 2145 3040 
1 3375 
3 628 1473 4906 
3 435 2511 3890 
3 3095 5018 5099 
2 1960 2144 
0 
3 2996 3571 4829 
4 569 2015 4162 5351 
2 2682 4616 
5 821 830 2347 3487 4170 
0 
3 1204 2497 4035 
2 407 4231 
3 4523 4632 4721 
0 
1 2261 
1 4939 
5 543 1215 1605 2161 2864 
2 985 4756 
2 2777 2847 
3 1157 1313 4645 
1 26 
4 2409 2508 3164 4064 
0 
2 1523 3689 
3 69 1079 1900 
2 1371 3878 
1 2299 
3 1716 3873 4643 
3 679 3724 4877 
5 687 1457 2569 2591 3161 
3 1000 4579 5011 
1 4140 
2 1415 2646 
3 9 1985 4420 
1 1503 
5 323 1994 2066 3721 3815 
3 2713 2925 2965 
2 1925 2998 
3 1026 2210 3338 
0 
1 1629 
2 2252 3436 
2 1177 3574 
2 1784 3768 
1 4214 
1 3568 
5 1921 1963 3034 3187 3890 
4 1400 1601 1899 2234 
2 2420 5074 
3 1085 1968 3016 
0 
2 822 1151 
1 18 
5 663 749 1809 2821 3208 
2 1402 3348 
3 735 811 3461 
2 5272 5377 
0 
4 187 485 3810 3965 
4 997 1063 1685 3668 
5 1059 1440 1976 3051 5023 
4 1437 2277 3525 4088 
2 4391 5241 
5 166 2892 3572 4065 4300 
1 864 
1 4443 
5 1134 2205 2551 4116 4469 
2 212 430 
5 955 1855 1937 2749 4993 
6 465 728 1017 1289 3909 5050 
5 55 1739 2920 3942 4900 
1 1053 
3 1855 3081 3946 
4 713 994 2097 4647 
3 945 1121 1815 
2 693 896 
2 878 2840 
2 77 740 
0 
2 2671 3014 
2 227 1973 
3 1121 2077 4678 
0 
4 1629 2448 4275 4763 
1 5017 
3 3574 4423 4859 
2 2688 4883 
5 714 1293 1790 1932 3412 
3 1490 2586 5274 
3 1018 3455 3648 
2 1141 5298 
6 250 1230 1375 3017 3451 4475 
2 1176 5084 
1 3255 
6 71 422 1540 2858 4126 5156 
5 1467 2163 2705 5339 5365 
1 4267 
2 494 4864 
3 54 485 682 
2 2211 2623 
2 823 1382 
0 
1 2038 
3 182 976 1694 
2 206 1930 
0 
1 4524 
2 1702 1940 
1 3593 
4 1218 2726 3602 4492 
1 1479 
4 3296 3738 4424 4594 
4 2677 4695 4770 5250 
3 859 3679 4988 
2 2015 3035 
0 
1 4709 
5 29 908 2230 4236 4449 
0 
3 4848 5154 5335 
1 1266 
2 623 1518 
1 42 
3 3476 4334 4651 
0 
0 
1 3606 
3 3250 4830 4929 
1 834 
1 3833 
2 4571 5173 
5 581 674 2036 2396 4272 
2 1845 2919 
7 1078 1961 2449 2596 3260 4700 5288 
8 71 731 1125 1259 1853 2863 3842 4467 
3 2907 3557 3825 
3 3081 3712 4863 
1 1270 
2 1280 2851 
2 262 3864 
3 2606 2913 3942 
0 
5 516 602 2824 3613 5201 
3 552 2790 3304 
2 3354 3503 
2 1845 3832 
4 97 917 1387 2148 
4 157 2056 2837 5193 
5 564 2259 3208 3505 5242 
2 2400 3438 
2 124 3918 
4 478 2707 4547 5206 
2 3454 4016 
2 1021 2501 
1 4821 
3 961 2784 3783 
2 2846 4724 
1 2567 
1 5040 
4 1709 2758 2764 4281 
3 817 2488 2907 
1 1923 
4 1352 2841 2869 3459 
6 647 962 2876 2952 3914 5018 
5 218 2583 3597 4600 4951 
2 1881 4370 
5 934 1129 1495 4464 5334 
7 708 1572 1714 1763 2409 2626 2847 
2 437 1481 
5 154 1420 1553 1629 4306 
2 2398 2800 
3 819 4044 4119 
3 99 4183 5240 
2 2 3424 
1 4546 
3 1460 1599 3830 
6 669 980 1728 1822 3221 4215 
3 1347 4602 5237 
6 1084 1559 1719 2616 2827 4555 
1 5269 
3 1263 1906 2196 
2 978 1281 
4 206 1080 2137 2791 
3 1777 4269 4303 
3 815 1240 4045 
2 477 1468 
2 2612 5251 
0 
2 4532 5382 
2 440 4509 
4 1860 2344 4231 5311 
3 503 1861 4763 
4 132 2009 2914 3820 
3 1622 2741 4149 
2 618 1841 
1 2672 
1 2562 
2 2473 4536 
3 2083 2251 2345 
3 61 1107 3538 
1 1626 
0 
0 
4 302 1005 1513 4001 
2 61 1208 
4 1085 2667 3404 4023 
1 1009 
2 1900 3943 
2 470 650 
2 1196 1201 
1 1278 
2 1608 2140 
3 1612 2258 4779 
4 3267 4211 4488 5119 
4 1209 2987 3662 5021 
4 650 875 3186 5026 
0 
2 1272 5229 
3 1905 3507 3540 
1 2541 
2 1330 5147 
3 2679 3730 4388 
3 451 783 1322 
1 3795 
7 115 378 3497 3911 3997 4257 4659 
0 
0 
4 2918 4120 4286 5023 
4 771 1121 1673 3420 
2 983 2940 
2 1136 2346 
4 503 1412 1444 1981 
2 147 719 
1 2031 
4 3501 3924 4981 5189 
3 930 3438 4620 
2 1011 4469 
2 451 1209 
1 1603 
8 241 833 2037 4621 4881 5056 5179 5197 
1 4086 
1 3354 
2 2166 4522 
4 167 216 1876 3422 
2 2097 4535 
2 1629 1852 
2 1807 4839 
0 
2 153 1572 
3 1266 1619 5246 
1 1798 
4 271 279 2706 4936 
2 387 534 
3 270 4029 4183 
4 1715 1818 1907 3205 
1 3557 
4 784 3474 4808 4994 
5 335 840 923 1884 2910 
2 2162 4365 
1 185 
1 685 
3 15 2846 2871 
4 951 2464 4593 5390 
2 2445 4597 
1 612 
2 647 2619 
5 1034 1211 1446 4880 4984 
1 4068 
3 1326 3575 5231 
1 4794 
1 4001 
1 1765 
1 3797 
0 
1 4370 
1 2113 
1 2735 
1 4118 
4 1301 2289 2881 4873 
2 3485 3858 
1 1264 
3 2146 2205 4762 
3 209 2306 4927 
4 2036 5053 5163 5374 
4 2108 2635 3063 4838 
6 125 3378 3507 3510 4385 4823 
1 1788 
1 4377 
0 
3 990 4133 4431 
1 5233 
1 3731 
3 233 3361 5392 
8 895 2188 2245 3026 4135 4278 4481 4771 
2 327 3157 
1 3182 
0 
3 414 1741 3848 
4 3122 3302 3304 4848 
2 3495 4735 
3 3826 4068 4197 
1 4582 
2 96 1002 
2 1969 2691 
5 1391 1901 3294 4320 5002 
3 349 1247 3626 
5 1093 1494 3134 3374 4739 
3 70 1493 2905 
4 2090 2697 3723 3729 
1 3468 
3 871 1840 4237 
3 1640 3330 4967 
1 694 
1 3848 
2 1979 2661 
0 
2 2897 5120 
3 2398 2539 2585 
1 2419 
1 4238 
4 1296 3051 3849 4439 
2 3407 3472 
3 1538 1544 4837 
3 4 57 167 
1 1274 
2 429 3245 
2 2966 4796 
3 1072 4837 4924 
3 1865 2255 3746 
5 127 1973 2114 2305 5078 
1 1321 
1 727 
1 2951 
1 3696 
3 2446 3196 5125 
3 1669 2136 3557 
2 1919 3860 
4 1396 4470 5053 5113 
3 712 3120 4100 
1 1424 
1 2167 
1 3757 
1 4491 
3 2808 3700 5184 
2 4225 5183 
1 351 
2 1515 4043 
3 1155 3770 4212 
0 
0 
2 1396 1889 
3 621 626 4474 
3 428 4004 4038 
3 312 3815 4045 
3 529 1782 2824 
2 509 3965 
3 1407 2844 4110 
1 5099 
2 142 1915 
3 2219 2557 3689 
1 3341 
3 660 972 2345 
1 1434 
6 183 1562 2105 2241 4370 5173 
1 3670 
4 3899 4097 5234 5318 
3 552 1974 4514 
1 1647 
2 2528 4895 
4 21 83 2762 3323 
1 1940 
0 
2 2283 3719 
4 110 249 2054 3427 
1 3304 
4 1529 2369 3740 5058 
5 192 334 3668 3717 3763 
2 2460 4657 
1 258 
4 249 3057 4227 5048 
2 1825 3815 
5 179 352 1722 4664 5393 
3 185 415 4918 
3 585 1695 3457 
4 1128 1435 2017 3552 
3 396 1050 3605 
2 2422 4171 
2 1984 4211 
2 62 1123 
2 1177 5035 
1 408 
2 3679 3967 
0 
2 280 1019 
3 485 1592 2879 
2 2376 5351 
1 595 
2 1944 2112 
5 1818 1827 3662 3893 4375 
2 141 3547 
5 128 217 472 3394 5094 
4 287 695 2529 5315 
4 1714 3105 4078 4216 
1 2932 
2 1106 4639 
5 63 2194 3843 4441 4549 
1 3629 
4 1093 2225 2272 4846 
4 2336 3052 3359 4274 
3 2691 3601 4053 
2 416 1948 
3 3803 4105 5104 
4 311 1148 3295 4470 
3 2573 2613 4651 
5 2013 2389 2729 4853 5265 
4 597 1480 3816 5169 
1 3838 
1 5185 
0 
4 914 1279 2564 2966 
3 1099 2482 3731 
4 1860 2218 4032 4570 
4 3559 3598 4175 4953 
3 896 4114 5002 
0 
3 173 2224 2451 
2 660 785 
2 3322 3852 
2 951 1401 
3 1143 3349 3578 
3 1101 1694 4027 
2 1209 1285 
0 
2 3490 3790 
4 800 3471 5022 5145 
1 2860 
4 1988 3781 4035 4627 
3 1779 3386 4178 
3 1788 4684 5097 
2 1222 3261 
0 
2 102 3551 
1 667 
3 505 593 1138 
0 
4 2932 2960 2962 4078 
2 940 3644 
1 4131 
0 
2 1777 2777 
2 4614 5152 
1 3848 
3 2469 2927 4974 
6 972 1724 1870 2084 2157 2746 
4 702 936 2554 3498 
0 
2 1300 3007 
1 368 
2 746 905 
3 379 2723 2920 
3 150 2119 2726 
2 187 4907 
1 1078 
4 26 1613 4512 5135 
1 3993 
2 1585 4643 
2 14 208 
0 
3 1888 2826 4853 
2 2764 4341 
3 1543 3049 4340 
4 927 1269 1283 4363 
2 2555 4485 
0 
4 152 855 2619 5287 
0 
1 4870 
3 3139 3997 4959 
2 2141 2970 
8 271 651 704 1965 2484 4680 4685 5325 
3 211 3782 4642 
3 555 2698 4604 
1 1954 
2 2159 3154 
3 1835 3362 3384 
1 46 
1 1010 
0 
1 4765 
0 
4 1019 2280 4477 4656 
2 2360 3757 
3 2395 3648 4899 
1 4192 
1 5226 
3 2259 4772 4826 
1 2919 
1 3020 
3 395 2816 3319 
1 734 
1 363 
1 4443 
4 1128 1985 2721 2837 
0 
4 976 1688 1692 2409 
3 2245 2372 4494 
1 4455 
2 1474 4001 
2 1803 1863 
2 454 5175 
2 3805 4944 
2 1760 3815 
2 1118 4834 
1 3648 
2 146 2825 
3 2632 3602 4636 
3 1641 2544 3040 
5 635 1634 2910 3295 3885 
2 1155 1396 
1 4386 
0 
1 3902 
5 245 443 859 3368 4624 
5 1730 4203 4597 5044 5387 
1 1131 
1 4444 
2 2104 2608 
2 828 4308 
2 1170 3407 
0 
2 3313 3738 
2 2352 2570 
2 2433 5273 
1 2290 
1 110 
1 5390 
1 2646 
2 1423 4726 
2 2537 5226 
2 1636 2124 
5 82 1096 1228 1296 3211 
1 4850 
3 2850 3221 4428 
2 3186 5020 
5 237 752 1280 2895 3831 
6 415 2863 3204 3396 4112 4299 
1 2588 
0 
5 696 966 1977 3580 4358 
3 2962 4299 4819 
1 971 
3 1194 2331 2777 
5 737 1808 3353 3458 3904 
2 1500 4920 
2 508 2404 
3 53 5274 5308 
3 590 2307 4960 
1 5178 
1 857 
1 3173 
2 1630 4740 
3 210 2581 3989 
2 860 4911 
1 3349 
3 2257 4236 5181 
4 1084 1331 1496 2261 
2 2177 4685 
0 
2 344 2924 
1 4640 
1 5236 
4 1175 2350 4485 5071 
1 1867 
1 3448 
0 
2 1416 2236 
3 2249 3076 4119 
2 564 3286 
3 1003 4609 5045 
1 4177 
5 957 2921 3281 3785 5331 
2 966 4373 
1 557 
4 2528 2885 4320 5335 
1 1779 
2 394 417 
6 1121 2878 3010 3440 4868 5034 
0 
2 284 316 
3 1932 3816 4967 
0 
6 293 831 921 1703 3013 3134 
1 4089 
3 2860 3895 4522 
2 329 840 
4 307 2703 2710 4780 
3 1108 2332 3190 
3 2711 3930 5102 
1 3117 
4 389 479 2941 4211 
6 1871 2018 2122 2151 4108 4265 
3 1525 2238 4835 
5 1121 1698 2159 2856 4914 
2 628 1221 
3 222 718 2764 
0 
1 2408 
1 619 
3 1023 1469 2277 
3 4669 4947 4995 
1 3229 
3 307 745 2894 
4 609 819 1961 2988 
2 3582 4150 
2 1947 5155 
1 1395 
1 4810 
6 1437 1934 2629 3098 3634 5164 
3 1456 1967 3367 
3 311 1098 1556 
0 
3 1225 2739 5119 
3 2123 3215 3481 
4 3171 3429 3896 4592 
2 1382 2399 
6 1896 2875 2958 3014 3553 4145 
2 2072 4624 
1 5026 
0 
1 1105 
3 1013 2456 4471 
2 2115 3457 
4 716 2002 3294 3635 
5 722 1503 2150 3184 3206 
1 110 
3 1683 2648 4426 
1 4614 
1 4967 
1 280 
3 1816 2098 5069 
1 1052 
3 476 3568 3715 
4 619 1235 3852 5313 
1 5113 
2 4662 4781 
1 2889 
2 1827 2790 
2 1239 2771 
3 1400 1408 3087 
1 379 
2 1549 2909 
4 640 1055 2758 2935 
2 2374 5111 
5 783 3861 4388 5071 5073 
2 2491 2608 
3 908 1435 1655 
5 114 136 259 487 549 
2 808 3238 
2 1322 2470 
2 3972 4442 
8 153 1456 2078 2613 2928 4122 4360 4521 
2 3588 3869 
2 1455 4901 
3 1661 3363 4572 
2 3216 4792 
5 587 3424 4418 4585 5046 
1 1642 
4 2713 3485 3654 3789 
7 384 1233 1592 1874 4120 4573 4985 
1 5357 
1 2041 
5 722 1531 2453 2542 3579 
2 712 4214 
2 462 3724 
1 832 
2 924 5050 
3 3324 3459 4944 
2 2230 4747 
2 287 3329 
2 2122 5265 
1 4118 
2 387 1053 
4 861 2654 4516 5188 
0 
5 878 2207 2772 3247 4068 
4 549 1160 1906 4175 
3 1711 4881 5387 
4 801 910 2290 4936 
3 1780 3172 5023 
2 2123 3630 
2 900 4737 
1 3301 
5 229 1917 4321 4427 5033 
6 130 509 2360 2967 4059 4284 
1 1195 
2 4641 4695 
1 1009 
4 1338 2093 2639 5108 
1 4597 
2 2694 3468 
2 2862 4733 
5 259 502 2808 3440 5252 
5 232 1681 2350 3174 3614 
3 3478 3970 4021 
3 1044 1756 2918 
3 1231 1382 3276 
4 509 1863 2037 2172 
2 195 3095 
3 2560 3574 4089 
2 1870 3550 
3 1842 2682 4124 
3 2228 4997 5168 
2 510 2176 
4 2529 3679 4929 5011 
2 3282 4021 
2 1990 5011 
4 516 4050 4280 4406 
3 423 3310 4300 
3 1119 1788 4188 
0 
7 444 1587 1751 2086 3571 3576 4687 
3 883 1285 3705 
1 650 
2 991 2247 
4 2160 3031 4090 4144 
2 2454 3859 
7 265 1581 2257 2402 3331 3462 4450 
3 2430 3626 5384 
2 1298 4112 
1 1491 
1 4029 
1 3173 
3 1010 1038 1537 
4 995 1939 2888 3969 
3 771 2539 4199 
2 472 4004 
3 835 1920 4758 
0 
3 1475 2243 3891 
3 3284 4087 4796 
2 1772 3093 
2 4360 4715 
2 214 353 
3 3529 4122 5243 
4 1161 2538 4955 5233 
2 1122 1642 
4 1744 3203 3709 4769 
3 874 2211 3598 
1 5360 
2 2904 5151 
2 4104 5055 
3 1340 2807 3547 
3 804 3205 5336 
1 5010 
0 
5 1413 2310 4187 4695 5001 
2 840 854 
3 15 81 3067 
5 1360 1764 2020 2771 3407 
2 278 2631 
1 3517 
3 1126 4571 4979 
2 3549 4674 
1 1 
3 1166 1860 3473 
1 2573 
2 1240 3591 
6 758 1566 3034 3404 3782 4692 
4 290 699 928 3275 
1 864 
3 64 1120 1166 
4 1547 3436 3767 5248 
1 3185 
1 3544 
3 2505 2850 5343 
4 508 2886 3870 5334 
0 
3 128 516 4821 
0 
1 4116 
1 3949 
5 247 1080 2167 2173 5279 
1 888 
2 1820 3274 
4 978 1022 2153 4255 
0 
0 
2 102 4792 
2 1230 5280 
3 1255 3776 4578 
2 333 764 
1 5259 
0 
2 1343 5107 
5 885 1459 1559 2310 4808 
4 298 376 2239 2910 
6 6 482 1891 3370 4170 4477 
4 96 279 1064 4972 
2 4245 4452 
2 763 4031 
1 4330 
1 1231 
3 136 2107 5285 
0 
0 
1 4641 
4 1217 3063 3752 4975 
5 303 2513 3214 3747 4236 
2 1774 3044 
4 1125 2466 3239 3580 
5 201 969 3123 4244 5069 
4 1565 2205 3729 4773 
2 1524 1783 
0 
5 67 1631 3106 4041 5332 
2 4488 4721 
0 
2 4223 4867 
3 1959 3521 3540 
0 
3 27 3672 4915 
3 213 2731 4597 
2 755 1966 
5 52 410 623 1174 4922 
2 3027 3253 
4 292 2223 3849 4702 
7 157 161 859 1588 1611 2118 4701 
2 3526 4775 
2 525 1871 
5 2100 2821 3873 4007 5234 
2 1655 5040 
3 2570 4592 5280 
3 1289 1615 2910 
1 2139 
1 4163 
5 432 957 1301 3110 4505 
2 637 5203 
2 1734 3452 
2 293 4036 
2 4006 4597 
2 864 4202 
1 4053 
4 1346 2776 3216 5296 
3 196 2486 4500 
1 1230 
3 4147 5194 5269 
0 
1 1590 
3 811 3129 4509 
1 1555 
2 1829 5242 
3 2038 4088 4167 
0 
2 1178 1252 
3 351 628 3028 
2 921 3958 
1 121 
3 134 538 1209 
1 259 
4 302 1655 1990 2744 
1 3398 
1 3313 
3 7 804 2553 
0 
0 
3 570 776 1758 
3 2996 3211 3286 
0 
2 4852 4896 
1 1908 
0 
2 1103 4575 
1 2673 
4 2807 3135 4266 4626 
3 201 830 1392 
4 32 3795 4648 5102 
4 2769 4034 4723 5187 
2 2309 3858 
3 2814 3966 4928 
1 4535 
3 1104 3711 4101 
3 1571 2816 2946 
6 1309 1448 1543 2023 3862 4530 
4 2098 3723 3873 4420 
3 1359 4506 5208 
4 164 1504 1525 5101 
1 2453 
3 1241 3279 3680 
2 3596 4607 
4 387 1731 2108 2375 
5 289 2269 3685 3738 5129 
2 977 1700 
5 686 1240 2809 2964 4470 
4 659 1964 3128 4544 
3 499 1649 5059 
2 1603 3678 
3 500 1721 3884 
1 699 
0 
1 2132 
0 
4 1677 2341 5149 5308 
2 1861 5382 
4 861 1224 2930 5398 
4 820 2179 3552 4083 
2 1332 3230 
3 868 1295 2837 
7 9 1193 2527 2920 3106 4772 5037 
1 1163 
1 3733 
2 90 3874 
7 411 1434 2686 3372 4161 4537 5203 
1 3191 
2 398 1026 
1 4414 
4 215 4032 4890 5360 
2 4446 4913 
1 3991 
3 174 2025 3329 
1 452 
1 1995 
2 3378 5139 
4 1277 4123 5146 5189 
5 541 1209 2671 2806 4036 
1 2037 
1 3052 
0 
3 763 1365 5160 
1 3310 
3 2493 4832 5377 
5 564 3134 3987 4273 4491 
3 398 1297 1509 
2 1859 2567 
3 2207 2356 4044 
2 1015 2588 
2 3360 5387 
4 128 171 335 3598 
1 1077 
4 239 2444 3094 5200 
0 
4 2797 3286 4292 4448 
0 
1 3770 
5 821 1523 1781 1817 4141 
1 3254 
2 3275 4204 
0 
2 481 1721 
0 
2 501 3498 
6 921 1839 2121 2704 4913 5259 
2 1498 3206 
1 3077 
2 1953 4548 
2 1191 1480 
2 2225 5000 
1 2718 
2 4329 4759 
3 548 3006 3553 
2 929 1241 
4 1824 3557 4723 5343 
2 1372 2127 
2 1950 2214 
1 1371 
3 1312 2687 4243 
4 976 2182 2813 4267 
1 2102 
2 1106 4837 
0 
1 3555 
2 3096 3487 
2 128 487 
2 2334 3832 
1 4938 
6 130 149 919 3073 3491 5172 
2 2340 2424 
3 830 4524 5133 
4 1809 2572 4477 4941 
4 1982 2173 2907 5110 
1 1512 
1 3816 
2 4351 4453 
2 364 2931 
2 1779 4062 
2 1014 3826 
3 1805 5132 5318 
6 661 917 1385 1642 3390 4353 
1 1056 
1 100 
3 1861 2576 3401 
3 879 1513 3104 
4 162 718 2598 2808 
3 548 1767 1789 
2 4364 4753 
1 2801 
1 837 
0 
1 350 
1 3769 
4 1307 2889 4233 5027 
1 2930 
1 1557 
3 4117 5106 5273 
2 798 1877 
2 2487 2823 
0 
2 256 752 
3 1931 4029 4453 
1 3996 
2 850 1680 
2 3927 3966 
3 351 600 4212 
3 2068 2894 3926 
1 3384 
1 340 
1 3994 
2 891 4641 
1 640 
0 
6 704 726 2099 3598 4414 5287 
1 4165 
1 2016 
1 1982 
1 2508 
5 164 2536 4095 4546 5260 
3 1060 2270 3875 
2 2474 5085 
2 36 1997 
1 391 
3 4881 5044 5293 
3 1943 2704 3704 
3 950 2016 3488 
4 2932 3195 4620 4893 
1 3670 
3 2784 3860 4650 
3 2375 3369 4739 
0 
4 677 839 2466 2850 
1 3901 
4 1865 2915 3127 3312 
3 678 3100 5261 
4 740 2311 2860 4003 
1 3 2 3 1 1 1 3 1 1 3 1 2 1 1 1 2 1 2 2 2 4 1 1 3 1 3 4 1 2 3 1 1 2 1 1 1 1 1 3 2 2 2 1 2 1 2 2 1 2 1 2 2 1 1 1 3 2 1 1 3 3 4 1 2 1 1 1 1 2 1 1 1 2 1 3 1 2 1 1 3 1 2 1 2 3 1 2 1 1 2 1 3 1 3 1 1 2 1 1 2 1 2 1 3 1 1 1 2 2 2 1 2 1 1 1 1 1 1 2 2 2 1 1 2 2 1 1 3 1 2 1 3 1 2 1 1 2 3 1 1 2 1 3 1 1 1 1 1 2 1 1 1 1 3 3 1 2 1 1 1 1 3 1 1 1 1 2 3 1 2 2 1 3 2 3 1 1 2 3 1 1 1 2 2 2 3 1 3 2 2 1 1 1 3 2 1 3 1 3 2 2 1 2 1 4 3 1 1 2 2 3 2 4 2 1 2 1 1 2 1 1 2 1 1 2 1 1 2 3 1 2 1 2 1 1 2 3 2 2 1 3 1 2 2 1 1 2 1 1 1 3 1 4 2 2 3 1 2 1 1 2 3 1 1 2 1 2 1 2 1 1 2 1 1 1 1 1 2 3 4 2 1 2 3 1 1 2 1 1 1 2 2 2 2 1 1 1 3 2 2 2 2 1 1 2 2 2 2 2 1 3 1 2 1 2 2 2 1 3 1 3 4 1 1 1 2 2 1 3 3 1 1 2 1 2 2 2 3 3 2 1 1 3 2 1 3 1 1 1 2 3 3 2 1 1 1 2 2 1 1 2 1 1 2 2 1 2 2 3 2 1 4 1 2 1 3 2 1 2 2 1 3 2 3 1 1 3 1 1 1 3 4 1 2 2 1 1 1 1 1 2 2 1 2 1 1 1 2 3 1 1 1 3 1 2 2 3 1 2 2 2 1 3 1 1 1 3 2 1 2 2 3 1 1 2 2 2 1 3 3 1 3 1 3 1 1 2 1 2 1 2 1 1 3 2 2 2 1 1 1 1 3 1 1 2 3 1 1 2 2 1 1 1 3 3 1 3 2 2 2 2 1 1 2 2 1 1 2 3 1 1 1 1 1 2 2 1 1 1 2 2 1 1 3 1 2 1 1 3 2 1 2 1 1 1 1 1 1 2 1 1 1 2 2 1 1 1 2 2 1 1 2 3 2 1 3 2 3 1 1 1 2 2 3 1 1 1 1 3 1 2 2 2 2 2 2 1 1 1 1 3 1 1 3 1 1 2 1 1 1 1 1 3 1 1 2 1 1 1 2 2 1 2 2 1 2 1 2 1 2 1 1 3 2 1 1 1 1 3 3 2 1 1 1 3 2 1 2 3 3 3 2 2 1 1 1 1 1 1 2 3 1 3 1 1 2 1 3 1 2 2 1 2 1 2 2 2 1 2 1 1 3 1 1 2 1 1 1 1 1 2 2 2 2 1 1 1 2 1 3 3 1 3 2 2 1 2 2 2 1 1 1 2 2 1 1 2 1 1 1 2 1 1 1 2 1 2 3 1 3 2 1 1 2 2 2 2 2 2 2 1 1 1 3 1 1 1 3 1 1 1 1 2 3 2 3 1 3 2 1 1 4 2 2 2 1 2 2 2 3 2 2 3 1 1 2 1 2 1 3 1 3 1 1 3 2 3 1 2 2 3 2 1 2 1 1 2 3 2 2 2 1 3 1 2 4 2 1 1 2 1 1 1 1 2 1 1 1 1 2 1 1 2 1 1 1 2 1 1 1 1 1 1 1 1 1 4 3 1 1 2 1 2 1 2 1 2 1 1 3 1 2 3 2 2 1 2 2 1 1 1 2 1 4 1 1 1 2 1 1 1 1 3 2 2 2 2 1 2 2 1 2 1 2 1 3 3 1 1 2 1 3 1 1 2 3 2 2 1 1 1 2 1 2 1 2 3 1 1 1 1 1 1 2 1 2 2 3 2 1 1 1 1 1 1 2 3 1 1 1 2 2 1 2 1 3 1 2 1 2 2 1 1 1 2 2 1 2 1 1 1 1 2 1 1 2 1 2 2 3 1 1 2 3 3 1 2 1 4 2 2 1 3 2 1 1 1 2 2 2 2 3 3 1 1 1 1 2 3 2 1 1 2 1 2 2 1 2 2 1 1 1 2 1 2 3 1 1 4 1 2 4 1 1 1 2 1 3 1 4 1 2 1 2 4 4 1 2 2 1 1 1 2 2 2 1 2 1 2 2 1 3 2 2 2 4 1 1 2 2 2 1 1 1 2 3 1 3 1 2 1 1 1 1 1 3 3 3 2 1 3 2 3 2 1 4 1 3 1 2 1 1 1 2 1 1 1 2 2 1 1 2 2 2 1 3 2 1 3 1 1 2 2 1 2 2 1 1 1 1 1 1 2 1 1 1 2 2 2 4 1 1 2 1 1 1 2 1 2 2 2 3 1 1 1 1 2 2 4 1 2 2 1 2 1 2 2 3 1 1 1 1 1 1 1 1 1 2 2 2 1 1 2 1 1 1 1 3 2 2 3 1 3 1 1 1 1 1 1 3 2 1 3 2 1 3 1 3 2 1 1 3 1 1 3 1 1 1 3 2 3 1 1 1 2 2 1 2 1 1 1 2 1 1 2 2 2 1 1 2 2 1 1 1 3 1 1 1 1 2 1 2 1 3 1 2 2 3 1 1 2 1 1 2 1 3 2 2 2 2 2 1 2 3 2 2 1 2 1 2 2 2 3 1 2 2 1 2 2 1 3 1 3 1 1 1 2 2 1 2 1 2 3 3 1 1 1 1 1 1 1 1 1 1 1 1 2 1 2 1 1 2 3 2 2 1 2 1 2 2 3 2 1 2 2 2 3 1 4 3 1 1 1 1 3 4 1 2 2 1 1 1 3 1 3 2 1 2 2 1 1 1 1 3 1 1 1 1 2 3 1 2 1 2 1 1 1 2 3 1 2 2 1 1 1 4 2 2 1 3 2 1 3 1 3 1 1 1 1 2 3 3 3 1 1 2 2 1 1 2 1 3 2 3 1 1 1 1 2 1 3 2 1 1 3 3 2 1 3 1 1 2 1 2 1 1 1 2 1 1 1 3 1 2 1 2 1 2 1 1 4 4 2 1 2 3 1 1 2 4 3 2 1 1 1 1 2 2 2 2 4 1 2 1 1 3 2 1 1 4 2 1 3 2 1 1 1 1 1 2 3 2 1 2 1 1 3 1 1 1 3 2 2 1 2 1 1 3 2 2 1 2 1 1 3 1 1 2 3 1 2 1 1 4 1 3 2 2 3 1 1 2 1 1 2 2 1 2 2 1 2 1 1 2 2 2 1 1 1 1 2 1 1 1 2 2 2 2 1 3 1 2 1 1 1 2 1 1 1 1 1 1 2 2 2 3 1 2 1 2 3 1 3 3 3 3 1 2 2 2 2 1 1 1 1 2 3 2 2 1 2 2 2 1 1 1 2 1 4 2 2 2 3 1 1 3 1 1 3 1 2 1 1 1 1 2 3 1 1 1 1 1 2 2 1 2 2 1 1 2 2 2 1 1 1 1 2 2 1 2 1 2 1 2 1 1 1 2 3 1 1 1 2 2 3 2 1 1 1 1 2 2 2 1 2 1 2 1 1 1 3 3 1 1 3 1 2 1 2 1 1 1 1 1 1 1 1 1 1 1 1 3 1 1 1 3 1 4 2 2 1 1 3 1 2 1 1 1 2 1 3 2 1 3 1 3 1 1 1 1 1 2 2 1 1 3 3 2 1 2 2 2 1 2 2 1 1 1 2 1 1 1 2 2 3 1 2 1 1 3 1 3 1 1 1 1 3 4 1 2 3 2 1 1 1 3 1 1 3 1 3 1 1 1 1 3 1 1 3 1 1 1 1 2 2 1 1 1 1 1 3 1 2 1 3 1 1 1 1 2 3 1 2 1 1 2 1 3 3 1 1 1 1 3 1 2 3 2 2 2 1 2 1 1 1 3 3 3 1 1 1 2 3 1 1 2 1 1 3 3 1 1 2 1 1 3 1 1 2 2 2 2 2 1 2 2 2 2 3 2 3 2 3 1 2 3 3 1 1 3 1 2 1 1 2 1 1 2 3 1 3 2 2 2 1 1 2 3 1 1 2 2 4 1 2 1 3 1 1 1 1 2 1 2 2 1 2 1 3 3 1 2 3 1 2 2 3 1 1 2 1 2 1 2 2 2 1 3 1 2 2 1 1 2 1 1 1 1 1 2 1 2 2 1 1 1 3 1 3 2 4 3 1 1 1 2 1 2 1 2 2 3 4 3 1 2 1 1 2 2 3 2 2 1 1 2 1 2 1 2 2 1 1 1 1 2 2 3 1 1 3 1 2 3 2 2 3 1 1 3 2 1 2 3 2 1 1 2 2 1 1 3 3 1 2 1 1 1 1 1 2 1 1 2 1 1 3 2 1 1 2 1 1 4 2 1 1 1 3 3 1 2 1 1 2 1 1 1 3 1 2 1 1 1 1 2 1 1 3 2 1 1 3 3 2 2 1 2 3 1 3 2 2 2 2 1 1 1 1 2 1 1 2 3 1 1 3 1 1 2 2 1 2 3 1 1 1 1 1 2 1 3 1 1 2 3 3 2 1 2 1 1 2 1 2 1 1 1 2 1 1 2 1 2 2 2 1 3 1 1 1 1 4 2 3 4 1 2 2 2 2 1 4 1 1 1 2 1 1 2 1 1 2 2 2 1 2 3 1 1 3 1 2 2 1 3 1 2 1 3 1 4 2 1 1 1 2 1 2 1 2 2 2 2 1 1 1 1 1 2 1 1 1 3 2 2 4 1 3 1 1 2 1 1 1 1 1 1 3 1 3 1 4 1 1 2 2 1 1 1 1 3 3 1 4 4 1 1 1 3 2 2 1 2 2 1 2 3 1 2 1 2 3 2 1 3 2 1 2 2 1 2 1 2 3 2 1 2 1 4 1 1 1 1 3 1 1 2 2 1 2 3 2 1 1 3 1 2 1 2 2 1 1 1 1 2 1 2 2 1 3 2 1 1 3 1 1 1 3 1 2 2 1 2 1 2 4 2 1 1 2 1 2 2 1 1 1 2 3 1 1 1 2 3 1 1 3 1 2 1 2 2 2 1 2 2 2 1 1 2 2 2 2 1 1 4 1 1 2 1 1 2 2 1 2 1 1 1 1 1 2 2 1 1 4 1 2 1 3 2 1 1 1 2 2 2 1 1 2 1 3 2 2 3 1 1 1 1 2 2 3 2 2 4 1 1 2 2 1 1 1 2 1 1 2 1 2 1 1 3 2 2 3 3 3 1 1 2 2 1 1 2 1 2 3 1 1 1 2 2 3 1 1 3 1 2 1 2 3 2 2 1 1 2 2 1 1 3 2 2 2 1 1 4 1 2 1 2 1 1 1 1 1 1 1 1 2 1 2 2 1 2 1 3 2 1 1 4 1 1 2 1 4 3 3 1 1 1 2 1 2 2 1 2 2 1 1 3 1 1 1 1 2 1 2 1 1 2 2 1 1 1 1 2 1 2 3 2 2 2 1 1 2 2 1 1 2 2 1 1 3 2 1 1 1 2 1 2 2 2 1 1 2 2 2 2 1 2 1 1 1 2 2 1 2 1 2 3 1 1 2 1 1 1 2 3 3 2 1 1 3 3 1 2 2 1 1 3 2 1 2 3 1 2 1 1 3 2 1 2 2 1 2 2 2 1 1 1 1 3 1 1 1 2 3 1 3 1 1 2 1 2 2 1 2 2 1 2 1 1 1 1 4 1 3 2 3 1 2 1 2 1 3 1 3 1 2 2 2 1 1 1 1 1 1 2 3 1 4 1 3 2 1 1 1 1 1 3 1 3 1 2 1 4 1 1 2 1 1 1 3 3 3 2 2 1 2 1 1 1 3 3 3 1 1 1 1 2 3 1 2 2 2 1 1 2 2 1 2 3 2 1 1 1 2 1 1 1 1 1 1 1 1 1 1 2 2 1 2 2 1 2 1 1 1 1 1 4 1 2 1 2 3 2 1 2 2 2 1 1 2 1 1 3 1 1 3 3 2 3 1 1 2 2 1 1 1 1 1 2 3 1 2 3 1 2 3 3 1 2 1 2 2 1 1 2 3 1 1 1 1 1 3 2 2 1 1 1 3 2 2 2 1 4 4 2 2 2 3 2 1 2 1 1 3 1 1 1 2 4 3 1 1 2 2 2 2 2 3 1 1 3 1 2 1 2 2 1 2 1 1 1 1 2 1 3 3 2 2 4 1 1 1 2 1 1 2 2 2 2 1 1 1 2 1 1 2 3 1 2 2 2 2 1 1 1 2 1 1 2 2 1 3 2 1 1 3 1 2 1 1 1 2 1 1 2 2 1 1 3 1 2 1 2 2 1 3 1 2 4 1 1 2 1 2 1 1 2 1 2 1 1 2 2 2 1 1 2 3 1 3 2 1 1 1 1 1 1 3 3 3 2 2 1 1 1 2 1 2 1 1 1 1 2 1 2 2 2 2 1 1 3 2 3 1 1 3 1 1 2 3 1 1 1 2 1 1 3 2 2 1 1 3 3 1 1 2 2 2 1 1 1 2 3 3 1 1 1 1 2 1 2 1 2 2 1 3 1 4 2 2 1 1 1 1 1 1 1 1 1 1 2 1 1 2 3 1 2 1 1 2 3 2 1 1 1 1 2 1 1 2 2 1 2 2 1 2 1 1 1 2 1 1 2 1 2 1 2 1 1 1 1 1 1 1 1 2 1 1 1 1 1 1 3 1 1 1 1 1 1 1 2 2 3 2 3 2 1 2 1 1 1 1 3 2 1 1 3 3 1 2 3 2 3 1 1 2 1 1 2 4 3 1 2 1 2 2 1 1 1 3 1 1 1 1 1 3 1 1 2 2 1 2 1 1 2 3 1 1 1 2 1 2 2 1 1 1 1 1 2 2 2 2 2 2 3 3 1 1 1 1 2 1 1 1 1 1 3 1 1 1 1 3 2 3 1 1 1 2 2 3 2 1 1 2 1 2 1 1 1 1 1 2 2 1 1 3 1 3 1 1 2 2 1 1 2 1 1 1 1 1 1 1 1 1 2 2 1 3 4 1 1 2 3 2 2 3 1 2 1 1 3 4 1 1 3 1 2 2 1 1 1 1 1 1 1 1 1 3 3 1 1 3 1 1 1 1 2 1 1 1 2 1 1 1 1 2 3 1 1 2 1 1 2 4 4 1 1 2 1 1 1 3 3 2 2 3 1 2 1 1 1 3 2 3 1 2 3 1 1 2 1 1 1 1 2 2 1 1 3 1 1 2 3 1 1 2 1 1 1 3 3 1 1 2 2 1 2 2 1 2 1 1 3 2 1 3 2 1 1 1 1 1 1 3 2 2 1 1 1 1 1 2 1 4 2 1 3 1 1 2 2 1 2 1 1 2 2 1 3 1 2 1 2 1 1 1 2 2 1 2 2 1 2 2 1 1 1 2 1 1 2 1 1 1 1 1 2 1 2 1 2 2 2 1 1 1 2 1 3 2 2 1 5 1 2 1 1 1 2 2 3 2 1 2 2 3 1 2 3 4 1 2 1 3 1 2 1 1 1 2 1 1 2 2 1 2 3 1 1 1 1 1 1 2 2 1 2 2 2 4 3 1 2 1 1 3 2 1 1 1 3 1 3 1 3 2 1 3 4 1 2 2 2 1 1 4 2 1 3 1 2 1 3 1 2 1 2 1 1 1 1 1 1 2 2 1 1 2 2 3 3 1 1 1 1 3 1 3 1 1 1 1 1 2 1 1 1 1 2 1 2 2 3 2 2 2 2 1 1 2 2 2 1 3 2 2 3 1 3 2 2 1 3 1 2 1 2 1 1 2 3 1 2 3 1 2 1 2 1 2 1 2 1 1 2 2 1 1 2 3 2 2 4 2 1 2 3 2 2 1 2 1 1 1 1 1 2 1 2 1 1 1 2 1 1 3 3 2 2 2 1 3 3 2 1 3 2 1 1 1 2 2 1 2 2 3 4 2 2 2 3 1 2 3 3 2 1 1 2 3 1 1 1 1 1 1 2 1 1 2 1 3 1 2 2 3 4 2 4 3 2 3 2 1 2 2 1 2 1 2 1 2 1 2 3 1 1 1 1 1 3 2 2 2 3 3 1 2 2 1 1 1 3 1 1 1 1 2 1 1 2 3 2 3 2 1 3 1 2 2 1 3 2 1 1 3 1 1 2 1 3 1 1 2 1 1 4 1 1 3 2 2 1 2 2 2 2 2 3 2 2 3 1 3 1 1 1 3 1 1 1 1 2 2 1 4 1 2 3 1 1 2 3 1 2 2 3 1 2 2 2 2 3 1 2 1 2 2 1 3 1 1 2 1 1 1 4 1 4 2 1 3 2 2 1 2 1 3 1 1 2 1 1 3 1 1 1 1 1 3 1 1 1 1 2 2 2 1 2 1 1 2 1 1 1 2 4 1 3 1 2 1 1 1 1 1 2 1 1 2 2 1 1 2 1 3 2 1 2 1 3 1 1 2 3 2 1 1 1 1 2 1 2 3 3 1 2 2 2 1 1 1 2 1 3 1 3 1 3 1 2 1 1 1 2 1 1 1 1 2 3 3 1 1 1 2 2 2 3 1 2 1 2 1 2 1 3 2 1 1 2 1 1 1 2 2 1 1 2 1 2 1 2 1 1 2 1 2 1 3 2 1 2 1 1 1 1 1 2 1 2 1 1 1 1 1 2 1 3 2 1 1 1 1 1 2 2 3 2 2 2 1 1 2 1 1 4 1 1 1 1 1 3 1 2 1 2 2 1 2 2 2 2 2 2 1 1 2 1 2 1 1 1 2 3 1 3 1 1 1 1 2 1 3 2 1 1 2 2 1 1 1 1 4 2 1 1 1 1 1 3 1 1 2 1 1 1 1 1 1 1 2 1 1 2 1 1 4 1 2 1 1 1 3 2 2 1 2 1 1 2 2 1 1 1 1 2 3 1 2 2 3 4 1 2 4 1 1 1 1 2 1 3 1 1 1 1 1 3 1 1 2 1 4 1 3 1 3 1 2 3 2 2 2 2 2 2 1 1 1 2 2 1 3 1 3 1 1 1 3 1 4 1 2 1 2 2 2 2 3 3 1 1 4 1 1 2 1 1 3 3 1 1 1 2 2 1 1 3 1 1 3 1 2 3 1 2 2 1 2 2 1 1 2 1 1 2 2 2 2 2 1 1 1 1 1 2 2 2 1 3 1 1 1 1 1 2 1 3 2 3 2 2 3 1 1 1 1 2 2 1 1 4 1 2 1 1 1 2 3 1 2 1 3 1 1 1 2 1 2 1 1 2 1 3 1 1 1 1 4 4 2 2 2 1 2 2 2 3 1 1 1 3 3 1 1 3 2 1 1 1 3 1 1 1 1 1 1 1 1 2 1 1 3 1 3 1 4 1 2 3 2 2 4 2 2 1 2 2 1 1 1 3 1 1 1 1 2 2 1 1 1 3 1 1 2 1 1 2 1 2 1 1 3 2 2 1 1 1 2 3 1 1 1 1 1 1 1 2 2 2 2 1 1 2 1 1 2 1 2 3 1 1 2 1 2 1 1 3 1 3 3 1 1 3 3 1 1 1 1 2 3 2 3 1 2 1 1 1 2 3 2 1 2 1 1 1 2 1 2 3 1 2 1 2 1 2 2 1 1 1 1 2 2 2 3 2 1 1 1 1 1 2 1 1 1 1 1 1 1 3 2 2 2 1 4 4 1 3 1 1 1 1 1 2 3 3 1 1 2 1 3 1 1 3 1 2 1 1 2 1 1 3 1 4 1 3 2 2 1 1 1 1 1 1 2 1 2 1 1 1 2 1 2 3 3 1 1 3 3 2 2 3 3 1 1 1 1 1 2 1 1 2 2 1 2 1 3 1 1 1 2 3 1 3 1 2 1 1 2 1 2 2 1 1 3 3 1 1 1 3 2 1 1 1 2 2 2 1 4 1 1 1 2 2 2 3 2 1 2 3 3 1 2 3 2 2 1 2 3 1 1 2 2 1 1 1 3 3 3 1 1 2 1 1 1 2 1 1 1 1 1 1 2 1 1 2 4 1 3 3 2 3 1 2 1 2 1 3 1 2 1 3 1 2 1 1 3 2 2 2 3 2 2 1 3 1 1 2 2 2 1 1 2 1 1 1 2 2 1 1 2 3 1 2 1 1 2 2 2 1 1 1 1 2 1 2 2 2 1 3 1 1 1 3 1 2 1 1 1 1 3 1 1 3 1 2 3 3 3 1 2 1 1 3 1 1 2 1 1 2 1 1 2 3 3 2 3 3 2 1 1 1 1 1 2 1 1 1 1 3 1 3 1 2 2 2 2 1 2 2 1 2 1 2 1 1 2 3 1 1 2 3 1 1 1 1 2 1 1 1 1 1 1 2 2 1 1 3 2 2 3 2 1 1 2 1 1 1 2 1 2 1 2 1 2 1 1 2 3 2 2 3 2 4 2 3 2 1 1 2 1 1 2 1 2 1 1 3 3 1 2 1 3 3 3 1 1 1 2 2 2 1 2 3 1 1 1 1 1 2 1 1 2 1 1 2 1 1 2 1 1 1 1 2 1 2 2 1 4 2 2 1 2 1 2 2 1 1 3 1 3 3 3 1 3 3 2 1 2 2 2 3 2 1 1 1 3 1 2 1 2 2 2 2 1 2 1 2 2 3 3 1 2 2 1 3 2 1 3 2 2 1 1 1 2 1 1 2 2 1 2 2 1 2 2 1 1 1 1 2 1 3 2 3 1 1 1 1 2 1 3 1 1 1 1 1 1 1 3 3 1 3 1 1 1 3 2 1 1 1 2 2 1 2 3 4 3 1 1 3 1 1 2 2 4 1 1 1 2 4 1 1 1 1 1 2 1 1 1 1 3 1 2 3 2 2 2 4 1 3 1 1 3 1 1 1 2 3 1 2 1 3 3 1 1 1 1 2 3 1 2 1 1 2 1 2 3 1 1 1 1 1 2 1 2 3 2 2 2 4 4 1 1 1 1 1 1 3 1 2 2 3 2 1 1 2 1 2 2 1 3 2 1 1 1 1 3 1 2 1 1 4 1 1 2 3 2 2 4 2 1 2 1 1 2 1 3 1 3 1 1 1 2 2 3 3 1 2 1 1 1 1 2 2 3 1 1 2 2 1 1 2 2 2 1 1 1 1 2 1 2 1 2 1 2 2 2 2 2 1 2 1 1 1 2 1 2 3 1 1 1 2 2 3 1 2 2 1 3 2 3 2 2 1 2 4 1 1 4 1 3 1 4 1 1 1 3 2 1 2 1 1 3 1 1 1 1 2 1 4 1 1 3 2 1 1 1 2 4 2 1 1 2 1 2 2 2 3 3 1 2 1 1 1 1 1 1 1 1 2 1 2 2 3 1 1 2 2 2 2 2 3 2 1 1 1 1 1 3 2 2 1 1 3 2 1 2 1 1 1 2 3 3 1 2 3 1 3 2 1 3 3 2 2 1 1 2 3 1 1 1 1 1 3 1 1 1 2 1 3 3 1 2 1 2 1 1 2 1 2 1 1 1 2 2 3 1 1 1 2 1 2 2 2 1 2 1 3 1 1 1 3 3 2 3 3 4 1 1 2 1 1 2 1 1 1 3 2 4 1 1 3 2 2 3 1 2 1 2 1 2 1 1 1 1 1 1 1 4 2 2 1 1 2 2 2 3 1 2 2 2 1 1 2 1 1 2 2 1 1 2 1 1 2 1 1 2 2 3 3 3 1 2 2 2 1 2 1 2 1 2 1 2 1 2 2 2 4 2 3 1 4 1 1 1 1 2 2 3 2 2 4 3 2 1 1 3 2 2 1 4 1 2 1 2 1 2 1 3 1 1 1 1 1 1 1 2 2 2 1 1 1 1 3 1 1 1 1 2 1 1 1 1 1 1 3 3 1 1 2 2 1 2 2 2 4 1 2 2 3 1 2 1 1 1 1 2 1 1 1 1 2 2 2 2 1 1 3 2 3 1 2 1 1 3 3 2 2 1 2 1 1 1 2 3 2 2 2 2 2 1 1 1 2 1 2 2 3 1 1 2 1 2 1 2 1 1 2 1 3 2 1 2 1 2 1 1 2 2 3 1 1 1 1 1 2 1 
