m 2200
4 1030 1169 1265 1701 
2 1475 2014 
2 583 747 
3 260 1522 1926 
2 740 1272 
3 461 486 846 
2 1867 2104 
2 540 651 
0 
2 1597 1902 
2 507 1420 
3 287 314 742 
3 223 890 944 
1 1082 
0 
2 1774 1832 
1 435 
5 531 662 761 1104 1492 
5 266 340 396 1001 1390 
7 759 990 1040 1403 1958 2001 2006 
8 410 427 826 924 1018 1364 1479 2049 
1 1612 
2 316 1952 
2 1091 1807 
2 722 1783 
1 1052 
1 2102 
2 1047 1351 
2 156 2001 
4 907 1321 1618 2066 
4 612 835 1579 1657 
3 879 1102 2129 
3 619 1979 2177 
2 1732 1763 
2 1208 1462 
1 426 
5 115 224 457 753 857 
0 
2 485 643 
2 1141 1828 
0 
0 
2 1758 1850 
2 261 2154 
1 2119 
1 1875 
4 423 620 703 876 
1 54 
1 2199 
1 970 
4 554 904 1540 1781 
0 
1 1917 
3 1095 1535 2068 
3 47 1916 2128 
1 1833 
4 559 1001 1185 2144 
1 1245 
1 1409 
5 232 369 732 1450 1711 
5 913 1093 1625 1779 1980 
2 1358 1843 
2 1220 1883 
5 100 1012 1111 1406 2154 
1 1851 
1 1369 
1 366 
6 1060 1075 1196 1572 1675 1748 
0 
2 1369 1697 
3 304 701 1979 
1 768 
3 475 1690 1845 
2 657 1217 
2 330 363 
0 
3 1772 2074 2112 
2 154 1236 
1 1894 
1 2090 
6 306 663 1097 1575 1705 1883 
1 2073 
2 500 1971 
2 770 1274 
3 1566 2087 2138 
0 
6 317 1073 1215 1525 1594 1665 
2 631 1146 
2 640 2128 
2 127 1283 
2 398 1408 
3 905 1479 2073 
6 571 785 1201 1282 1568 1942 
2 1236 1691 
2 738 1005 
3 769 1305 1379 
4 435 1650 2062 2134 
6 394 756 1010 1367 1619 1940 
2 263 282 
3 958 1030 1734 
3 63 181 248 
3 1313 1632 2121 
1 1120 
1 2158 
5 206 761 1005 1054 1390 
4 542 571 1119 2013 
2 1346 1532 
2 359 1151 
3 1014 1961 2051 
1 1472 
3 277 1349 2032 
3 687 1299 1385 
2 155 364 
0 
8 403 612 810 866 1000 1178 1400 1922 
3 36 1369 2046 
1 1105 
1 288 
1 1390 
2 812 1116 
3 439 710 2196 
3 377 513 1437 
0 
5 398 736 1616 2011 2144 
3 939 1601 1928 
4 343 829 1808 2095 
2 197 2077 
4 89 503 1461 1466 
0 
3 787 1482 2092 
2 1748 1962 
5 972 1559 1576 1975 2022 
5 165 184 729 904 2075 
4 668 1815 2033 2139 
2 1167 1969 
1 1962 
0 
2 1424 2005 
2 603 2082 
3 347 603 893 
1 790 
3 315 611 1377 
2 549 1979 
4 196 1334 2041 2181 
1 1569 
6 232 508 963 1643 2123 2136 
3 273 426 1150 
1 1726 
1 2012 
2 200 346 
0 
1 976 
2 894 1676 
0 
2 77 1127 
1 112 
4 28 568 768 1318 
2 603 1395 
3 355 970 2141 
2 717 739 
2 1909 2174 
4 933 1341 1776 1787 
2 746 1728 
2 1628 2181 
3 892 1240 2163 
1 132 
5 187 370 794 1043 1894 
1 1406 
1 618 
2 1152 2109 
1 475 
0 
3 1695 1780 2052 
0 
2 1161 1422 
3 933 1770 1782 
4 1460 1523 1738 2014 
5 386 506 766 1019 1143 
0 
4 1040 1070 1551 1587 
3 776 1044 2089 
3 100 1129 1843 
2 403 1150 
0 
4 132 913 1437 1530 
0 
2 934 1640 
3 166 1283 1502 
3 602 1078 1158 
0 
3 306 1132 1876 
2 1099 1706 
0 
2 413 1221 
1 2015 
2 1864 1981 
5 143 616 680 878 2181 
2 126 291 
2 799 2090 
1 1643 
2 149 934 
1 2136 
2 1111 1467 
1 684 
1 1186 
2 454 1717 
1 104 
2 325 2053 
3 445 779 1584 
3 429 735 1303 
2 933 1005 
2 1818 2106 
1 1594 
0 
3 344 610 2112 
3 580 757 1721 
2 468 666 
0 
2 715 826 
2 1218 1581 
1 1847 
2 289 1432 
1 1494 
5 12 530 974 1316 1475 
3 36 434 2028 
2 522 718 
2 317 1967 
4 1167 1711 1765 2070 
3 1985 2124 2174 
3 1077 1287 1525 
0 
2 668 1763 
2 59 145 
1 499 
1 1800 
3 390 1692 2165 
3 296 341 1788 
1 861 
2 485 1128 
3 1467 1655 2116 
5 312 332 471 757 1680 
3 794 1349 1864 
1 904 
2 912 1397 
0 
1 1261 
4 324 871 1429 1941 
6 931 972 1441 1596 1683 1983 
1 100 
3 519 663 781 
3 595 727 1499 
3 1748 2052 2138 
3 489 1374 1528 
5 383 646 1295 1480 1530 
1 924 
2 1096 1562 
1 1933 
2 482 2070 
2 533 537 
3 660 731 1027 
1 3 
4 43 458 528 575 
2 1511 2071 
3 98 577 716 
4 309 1111 1115 1430 
1 968 
2 18 560 
2 379 1911 
0 
1 334 
2 440 1034 
0 
1 1894 
6 146 416 561 688 1314 1797 
1 563 
1 2042 
3 402 453 594 
2 110 1650 
2 1577 1991 
2 482 1600 
1 608 
2 769 1038 
5 98 323 388 563 1909 
1 635 
4 553 784 949 1608 
1 2196 
0 
1 11 
3 117 730 1740 
1 221 
2 1249 1726 
3 197 934 1186 
2 1353 1925 
3 388 1259 1573 
5 424 725 1069 1176 2124 
3 460 934 1918 
2 236 970 
4 653 1247 1798 1857 
4 404 748 1711 1880 
1 2072 
1 552 
4 884 1481 1969 2003 
2 956 1424 
1 2045 
4 70 376 516 863 
1 1662 
5 80 190 888 1427 1632 
3 705 1411 1479 
3 690 1082 1566 
3 264 1346 2062 
2 954 1143 
1 1922 
2 240 1574 
2 794 1683 
4 11 343 703 1004 
2 141 748 
2 22 2194 
3 86 226 1387 
1 1406 
0 
2 997 1125 
1 1748 
4 435 462 610 1070 
5 282 1163 1882 2009 2010 
3 246 1722 2094 
3 207 358 1472 
3 460 1085 2151 
2 1616 2084 
1 1059 
2 701 1215 
3 74 829 1100 
4 461 1699 1732 1898 
6 240 595 631 852 1824 2150 
3 693 792 1051 
3 269 1082 1244 
1 1777 
2 1051 1435 
2 1188 1860 
3 465 1718 2116 
3 979 1094 1513 
3 18 1131 1522 
3 236 1688 1869 
2 564 2118 
2 125 314 
2 214 511 
3 952 1377 1661 
1 149 
4 139 535 1149 1776 
2 1501 1702 
2 559 772 
1 1813 
2 714 1730 
2 1172 1328 
4 753 962 1229 2135 
4 454 761 1511 2136 
4 158 1049 1586 2086 
2 394 1785 
1 967 
3 325 1727 2051 
6 107 511 709 1272 1933 2190 
0 
3 572 1108 1672 
2 1031 2055 
2 74 601 
4 112 1118 1533 1618 
2 413 2119 
1 66 
3 1022 1722 1921 
1 1287 
4 59 786 2013 2028 
2 166 1622 
1 444 
0 
7 558 629 922 1017 1558 1868 2070 
1 1890 
2 981 2061 
1 304 
5 121 930 1176 1799 1908 
2 1609 1640 
2 267 1833 
1 391 
1 508 
1 855 
2 253 1847 
0 
1 1069 
1 177 
0 
5 282 293 423 635 1961 
2 445 1929 
4 235 902 1388 1550 
1 380 
1 2151 
1 1674 
3 97 356 1429 
2 743 2012 
1 18 
3 1064 1428 1773 
3 90 123 642 
2 411 1496 
2 664 1865 
3 806 1155 1848 
3 276 911 1848 
3 114 182 1842 
2 298 1346 
2 1220 1651 
0 
2 939 969 
1 1268 
3 1126 1526 1660 
4 20 427 1467 1543 
3 399 1016 2117 
2 873 2162 
3 193 365 2134 
0 
1 641 
3 273 1591 2144 
4 912 1275 1325 1410 
5 496 589 1049 1093 1348 
3 628 1178 1788 
1 1610 
0 
5 1534 1648 1749 1922 2100 
3 46 388 1289 
3 294 903 1244 
2 995 1868 
8 35 146 624 903 1015 1046 1708 1834 
7 20 410 656 1161 1463 1984 1987 
1 1782 
2 209 861 
1 924 
1 1823 
0 
1 1627 
3 224 516 1426 
4 16 96 322 1092 
2 1353 1711 
3 1078 1194 2090 
2 1156 1756 
2 120 844 
2 270 2139 
3 1193 1612 2116 
3 576 1677 1740 
2 1915 1983 
2 371 1676 
3 208 389 1432 
2 1002 2040 
4 1353 1665 1718 1782 
2 1070 1072 
2 582 1309 
1 1116 
2 1775 1994 
1 1243 
5 276 1268 1342 1676 1887 
7 205 354 884 1066 1445 1691 2178 
0 
3 644 1347 1782 
3 36 538 1691 
4 261 463 1097 1103 
1 1096 
3 295 326 1354 
2 5 331 
1 322 
1 458 
2 1695 1837 
6 338 658 1175 1217 1537 2173 
2 694 1885 
1 1412 
1 216 
0 
3 1412 1689 1696 
3 240 487 1697 
2 1802 1876 
1 1915 
2 510 2081 
4 72 170 987 1256 
0 
2 846 1819 
0 
1 2060 
2 1457 1918 
2 520 993 
4 257 279 866 1918 
1 1473 
2 1723 1735 
5 38 238 860 876 1122 
3 5 823 1172 
4 471 587 1589 1713 
2 571 1550 
1 252 
3 522 1895 2049 
1 1894 
0 
4 530 665 1050 1891 
1 2157 
4 1308 1384 1919 2132 
4 418 584 2013 2045 
4 562 642 1471 1862 
0 
3 233 1458 1593 
4 82 623 878 1095 
1 1988 
1 1611 
4 127 740 1613 1871 
1 595 
2 561 1845 
2 177 933 
4 10 1500 1757 2167 
5 145 381 1223 1396 2059 
1 1399 
1 474 
3 344 359 1622 
2 831 2049 
5 121 612 1075 1546 2051 
3 1039 1231 2082 
1 1410 
4 304 434 827 920 
2 1795 1847 
2 694 1545 
3 249 601 1745 
5 481 1037 1573 1583 1990 
2 534 2082 
2 225 490 
2 1916 1926 
3 539 643 713 
1 1620 
1 1824 
3 958 989 1785 
1 261 
2 782 820 
5 223 493 845 1043 2160 
4 17 1167 1390 1760 
0 
2 258 2139 
3 521 924 1100 
1 347 
0 
4 258 618 1755 2025 
4 457 988 1408 1679 
3 524 584 2024 
2 7 1378 
0 
3 105 804 1642 
5 656 1471 1755 2098 2199 
3 912 1622 2167 
3 560 949 1291 
2 884 2190 
0 
2 851 1243 
7 142 605 1284 1326 1515 1632 2016 
2 793 2035 
3 791 1229 1376 
2 300 1086 
1 284 
2 50 984 
3 761 1418 1902 
0 
1 586 
1 373 
4 56 349 962 1364 
4 266 545 881 1035 
2 273 505 
5 497 859 864 1206 1359 
3 274 282 2037 
2 342 1514 
1 1081 
2 933 1931 
3 907 1150 1853 
2 156 1687 
1 715 
2 821 1045 
4 92 105 488 1365 
3 361 1102 2045 
2 1330 1687 
0 
1 261 
3 442 1415 1543 
2 263 1400 
2 1662 1836 
2 907 1648 
5 215 862 1494 1601 2144 
1 1313 
3 449 591 1981 
3 2 949 1213 
5 496 539 1202 1286 1789 
1 1479 
4 557 1122 1776 1951 
2 487 1536 
3 1775 1995 2146 
1 418 
0 
3 582 1042 1319 
2 624 1135 
3 676 1246 1955 
4 276 792 1180 1642 
4 250 332 504 1009 
2 1983 2097 
0 
2 761 1354 
1 1785 
3 1226 2040 2136 
5 363 519 818 1506 2010 
2 188 1505 
5 138 139 157 875 1794 
2 609 874 
2 549 1868 
0 
3 753 1097 1684 
3 280 1153 1867 
4 604 694 1578 1994 
6 214 322 835 1140 1453 2034 
4 141 1343 1990 2121 
8 30 114 513 760 923 1178 1465 2179 
1 1697 
1 1975 
4 790 1410 1498 1538 
1 196 
2 1449 1570 
4 168 537 1024 1595 
4 32 867 1334 2012 
4 46 1230 1874 2067 
3 688 956 1069 
1 2114 
3 500 1361 1952 
4 426 592 1548 1786 
4 649 657 1831 2111 
1 834 
2 1097 1431 
5 419 830 1485 1890 2109 
3 373 1512 1557 
3 813 1501 2142 
4 87 332 670 2129 
3 770 988 1880 
1 1926 
3 853 1282 1541 
3 283 388 2197 
5 725 876 933 1505 1990 
3 937 1159 1547 
3 934 1387 1701 
2 920 959 
1 88 
2 415 985 
5 398 497 709 1582 1643 
3 38 524 1789 
3 456 1535 1706 
3 655 976 1732 
4 253 1013 1101 2178 
0 
2 1080 1344 
6 625 822 1266 1870 2120 2199 
2 845 1259 
2 7 2169 
3 1154 1228 1650 
2 297 911 
3 1277 1483 2171 
2 645 2117 
3 427 543 2178 
2 73 625 
1 465 
2 847 2068 
3 259 1201 2145 
0 
2 17 1749 
2 80 249 
3 400 953 1742 
4 493 848 1040 1814 
3 216 799 1124 
0 
2 133 231 
6 774 1289 1332 1512 1964 2192 
5 631 1273 1447 1730 1933 
2 946 1648 
2 1925 2135 
1 2010 
0 
1 1050 
3 593 1133 1773 
2 1110 1334 
1 2113 
1 1291 
3 196 708 2132 
1 1915 
2 938 1153 
0 
1 203 
1 1626 
3 1476 1671 2083 
4 111 1355 2024 2185 
4 273 621 1121 1668 
2 812 816 
4 308 1052 1130 1335 
0 
6 719 1025 1294 1688 1827 1946 
3 333 1570 1776 
3 466 518 609 
1 1069 
3 1281 1300 2045 
0 
2 1817 1865 
2 1889 1988 
3 1948 2050 2186 
3 70 329 1749 
2 2135 2196 
4 46 314 773 1917 
1 1867 
1 307 
5 841 974 1568 1908 2046 
3 1002 1532 2096 
2 680 1833 
2 359 642 
2 120 1261 
4 962 1186 1275 2063 
0 
2 524 1191 
1 351 
3 218 569 1566 
4 263 1003 1290 2116 
4 159 905 1381 1412 
2 225 1015 
1 692 
3 873 1252 1743 
3 750 1143 1343 
4 24 1842 2084 2086 
0 
1 1576 
3 294 636 1683 
0 
4 250 787 2085 2094 
1 1883 
1 132 
1 288 
5 259 852 974 1007 2103 
2 59 1001 
1 2051 
0 
1 209 
4 123 1416 1482 2058 
1 1355 
3 94 1339 1419 
3 159 785 1900 
3 4 503 1792 
2 1834 2016 
5 11 1195 1344 1384 2085 
4 395 785 1451 1496 
2 990 1147 
2 1727 1885 
4 162 1209 1465 1752 
1 2 
3 298 315 1756 
1 1642 
1 721 
1 1930 
3 1029 1908 2039 
4 36 353 607 1733 
0 
2 788 1757 
2 97 2114 
2 215 240 
1 1475 
1 19 
3 612 1058 2104 
7 17 104 354 555 598 920 1441 
1 1503 
1 2144 
0 
0 
1 177 
2 793 1003 
4 71 156 822 961 
2 95 281 
3 83 632 882 
3 988 1046 1572 
3 349 985 1143 
2 703 2194 
2 669 1477 
1 2018 
3 180 1556 2160 
1 1126 
1 1975 
1 208 
1 972 
1 249 
4 529 1125 2078 2109 
1 873 
2 284 1322 
5 92 739 743 1212 2186 
3 369 827 1059 
4 129 727 1281 1316 
2 755 1374 
0 
2 140 615 
5 551 909 1454 1772 2037 
4 333 594 1355 1737 
4 550 767 1491 2054 
5 166 241 313 1111 1712 
1 1184 
1 1488 
3 961 1362 1756 
0 
4 198 666 836 1583 
1 1729 
2 922 1025 
2 1925 2041 
2 1591 1721 
3 542 1436 1667 
2 1420 1953 
3 401 1523 1911 
2 879 1538 
3 1338 1721 2045 
0 
1 114 
1 845 
4 119 689 1247 2103 
3 630 892 1453 
2 827 1577 
0 
2 689 1370 
3 919 1002 1188 
2 601 1095 
2 1048 1712 
1 529 
2 570 1237 
2 649 768 
1 486 
0 
1 1197 
3 20 218 1373 
5 516 786 814 1510 2073 
0 
4 125 330 846 1051 
3 628 1929 2008 
2 512 896 
3 873 1113 1351 
1 2153 
5 626 849 1111 1778 1828 
4 30 610 1518 1522 
3 799 851 2151 
2 1342 1795 
0 
3 960 963 1596 
1 866 
1 706 
1 1978 
3 944 1491 2046 
3 439 1114 2147 
3 530 650 811 
6 5 477 829 1243 1778 1793 
3 659 1121 1899 
2 665 2062 
2 834 2187 
2 2005 2026 
4 548 836 1010 2004 
3 332 731 1803 
4 634 1492 1898 2192 
1 1933 
2 382 1531 
1 2179 
3 36 951 1569 
3 1120 1307 2103 
1 562 
2 485 1033 
5 237 429 929 1015 1777 
1 580 
2 304 1673 
5 562 939 1784 2128 2197 
0 
4 114 482 840 1643 
2 619 2153 
1 1208 
0 
3 1196 1225 2091 
2 246 1850 
1 2078 
5 412 720 783 832 1725 
1 604 
3 603 1654 2141 
4 46 485 636 2164 
2 919 1931 
4 196 500 1479 1926 
5 31 807 1216 1819 1853 
3 1251 1388 1721 
1 560 
4 770 921 1949 2152 
0 
3 301 454 546 
3 1329 1908 2094 
1 1839 
3 931 1552 1810 
3 306 971 1221 
2 1157 1408 
1 12 
0 
3 164 813 1329 
2 139 1353 
4 152 1352 1618 1794 
2 945 1452 
3 831 1497 1838 
0 
1 1440 
1 1305 
1 1823 
2 1717 2131 
2 390 1466 
3 424 426 2029 
5 50 132 242 983 2111 
5 91 717 1217 1981 1997 
0 
4 29 567 579 1929 
2 1002 1208 
1 791 
1 1052 
3 402 653 1180 
5 243 417 544 1192 2027 
2 60 184 
1 1503 
0 
1 1159 
2 1562 1916 
4 1235 1296 1433 1964 
4 817 877 963 1062 
4 516 639 761 1277 
3 882 1204 1373 
4 373 801 1107 1980 
3 612 1617 2071 
5 20 254 430 534 2018 
1 1621 
0 
0 
1 2165 
1 861 
3 377 1037 2163 
4 247 887 1628 1762 
1 2008 
8 161 175 210 506 566 636 1842 2048 
8 186 200 291 295 638 1111 1695 1700 
3 1450 1488 1926 
3 955 1242 1303 
3 637 1256 1879 
4 682 1761 1943 1961 
4 124 407 864 1660 
0 
3 1079 1443 2090 
1 1205 
3 1339 1657 2023 
4 12 843 1150 1177 
3 895 975 1174 
3 671 1661 1959 
1 2014 
4 982 1618 1708 2096 
5 284 545 583 1349 1916 
2 1439 1824 
2 857 1543 
2 345 1045 
1 664 
2 310 1504 
3 936 2007 2055 
3 302 621 1110 
1 1197 
4 99 527 1667 1940 
1 639 
4 839 1202 1216 1548 
5 768 797 1378 1837 2004 
4 353 559 711 1332 
5 145 839 919 1514 2093 
2 1194 1686 
2 1507 1916 
2 1343 1695 
1 357 
4 265 1634 1982 2155 
5 407 1112 1223 1471 1862 
4 49 158 296 1036 
1 888 
6 131 247 780 1734 1910 1941 
1 1249 
6 223 706 731 1416 1784 1805 
1 945 
5 151 645 1485 1780 2192 
1 1690 
0 
2 339 1037 
1 1672 
2 375 1268 
4 948 1203 1718 1998 
6 904 1253 1454 1550 1659 2011 
1 554 
4 641 772 1214 1796 
1 1765 
3 475 1231 1401 
6 538 632 771 1118 1572 1952 
2 527 1703 
3 19 744 1370 
2 1674 1970 
2 1600 2054 
3 481 1936 2112 
3 1743 1798 2188 
2 425 1536 
3 1014 1100 2168 
2 320 1995 
1 2082 
0 
3 114 1402 2087 
8 18 56 732 1169 1383 1406 1696 2054 
6 446 707 817 908 1560 2087 
3 716 767 1647 
2 314 1747 
4 94 104 210 1853 
2 1112 1531 
4 731 1630 2083 2171 
0 
1 595 
3 97 851 1283 
1 1453 
2 63 1878 
2 646 1520 
4 108 996 1712 1765 
4 426 718 861 1766 
1 411 
2 373 1569 
2 20 1983 
4 177 1199 1368 1382 
3 1277 1367 1665 
3 1310 1441 1587 
2 367 1576 
0 
3 618 1899 2188 
3 692 801 1790 
1 1872 
2 259 1815 
2 1435 2121 
2 752 2127 
2 0 99 
4 362 1723 1973 2173 
1 1373 
1 860 
2 270 2152 
2 560 2007 
3 970 1887 2163 
4 520 930 979 2068 
2 281 1457 
1 514 
4 19 179 665 1650 
1 1811 
1 591 
4 166 530 1451 1482 
2 180 1234 
3 570 952 1702 
4 426 771 1252 1988 
2 27 1412 
2 819 2067 
2 355 418 
4 493 675 1158 1562 
4 333 336 829 1775 
5 25 690 910 1294 1421 
0 
1 104 
1 1969 
0 
0 
3 760 1541 1999 
3 328 786 2165 
1 67 
0 
4 919 1471 1938 1969 
1 1415 
2 397 1550 
4 1180 1309 1363 2014 
2 454 1703 
2 1688 1718 
0 
4 294 385 621 695 
3 179 322 448 
1 2171 
4 448 1422 1603 1827 
4 86 1510 1511 2152 
2 1209 1317 
4 67 513 1990 2127 
2 1087 1776 
2 229 1269 
4 188 437 1618 1915 
3 941 1137 1954 
1 648 
1 565 
5 13 308 334 1357 1953 
1 1944 
2 1391 2006 
2 326 1399 
2 552 1797 
6 1076 1105 1323 1589 1775 1809 
2 1666 2115 
3 1519 1695 1873 
0 
2 23 1968 
4 435 1530 1648 1963 
3 60 418 1981 
1 339 
4 53 500 818 2023 
3 255 459 1897 
5 80 458 607 627 1154 
0 
2 191 2180 
3 330 534 996 
1 646 
3 31 572 1508 
3 458 1321 1947 
2 17 1533 
3 116 1087 1565 
3 1504 1539 1842 
2 922 1158 
1 361 
1 1528 
4 677 956 1407 1867 
7 63 202 264 794 834 934 1123 
2 969 1006 
2 832 1896 
1 844 
1 264 
2 119 450 
0 
4 364 988 1248 1730 
3 105 1658 1770 
2 102 858 
4 688 847 1240 1853 
4 485 586 1348 2051 
4 1111 1735 2052 2090 
1 666 
2 320 782 
4 409 777 1314 1956 
1 154 
3 238 1410 1926 
2 181 1809 
2 690 2186 
4 340 1408 1779 2008 
4 190 1313 1711 2167 
2 676 2197 
0 
3 592 1374 1752 
0 
2 1079 2141 
2 1307 2099 
0 
2 610 1454 
2 39 2134 
0 
4 177 310 721 772 
1 1628 
1 1757 
2 87 1378 
2 744 1523 
1 1873 
3 347 1289 1512 
4 146 182 567 944 
2 107 2046 
1 169 
4 608 682 1500 1644 
4 652 1097 1272 1346 
2 401 1457 
2 438 1742 
2 889 2084 
3 188 1050 1107 
2 637 916 
0 
2 174 427 
2 1331 1547 
2 323 2167 
0 
1 1475 
0 
4 134 227 531 2113 
1 1646 
3 0 1001 1364 
0 
0 
3 352 486 2184 
0 
2 945 2003 
2 465 1370 
4 294 377 1464 1635 
3 944 1349 1869 
5 114 419 612 1720 2096 
1 1508 
3 594 911 1065 
2 1698 2056 
0 
0 
2 795 1843 
2 56 1290 
3 204 291 711 
0 
2 337 817 
2 1293 2020 
3 1283 1721 1990 
2 713 1435 
2 912 1505 
5 441 1259 1323 1463 1632 
2 437 964 
1 742 
4 67 870 1679 1806 
4 825 957 1383 1396 
2 1666 2002 
1 1019 
0 
3 92 660 1303 
3 584 960 1799 
2 982 2009 
1 921 
3 942 1458 1934 
1 562 
1 1369 
3 34 868 908 
4 746 1074 1279 1677 
1 2184 
1 1298 
1 785 
1 583 
1 985 
3 86 329 1922 
2 879 960 
3 73 465 905 
2 219 1433 
1 1762 
3 62 405 1334 
4 193 888 1410 2008 
1 1786 
2 508 969 
0 
3 870 1265 1669 
1 600 
1 1470 
2 652 1790 
3 353 551 1688 
5 620 1515 1972 2001 2193 
2 514 987 
0 
1 1921 
2 1044 1422 
1 918 
3 77 93 1872 
2 821 1816 
2 2073 2077 
3 1346 1676 2176 
2 164 1121 
2 1698 2036 
1 936 
3 452 548 846 
5 334 424 1522 1670 1818 
2 57 1927 
1 593 
4 297 812 1893 1942 
3 1118 1791 1919 
3 290 973 1682 
0 
3 880 1520 2143 
4 720 1046 1929 2150 
2 983 1456 
1 1308 
3 1437 1796 1868 
7 475 937 1347 1461 1530 1651 1749 
3 1665 1819 1974 
1 2072 
3 293 650 1193 
1 1794 
4 245 710 1820 2130 
0 
1 1772 
1 1832 
2 0 1225 
1 649 
1 1465 
5 408 453 981 1491 2143 
1 1077 
1 1952 
0 
3 4 359 1154 
1 670 
2 83 1449 
2 417 711 
1 1451 
5 654 920 1020 1505 1556 
2 1295 1927 
1 1209 
0 
4 696 787 1287 1438 
3 92 634 1755 
7 89 187 1010 1190 1392 1396 1997 
3 549 1414 1776 
2 1727 2198 
1 584 
5 229 368 1281 1407 2088 
1 1883 
4 423 669 1149 1939 
3 716 1185 1650 
3 545 679 1981 
0 
2 1189 1859 
3 692 1052 2187 
2 253 1278 
1 918 
0 
2 1211 1591 
3 111 1562 2161 
3 696 1860 2048 
1 1652 
0 
3 209 936 1201 
0 
4 95 899 1406 2155 
1 1594 
2 858 1138 
3 495 1254 1353 
2 449 1065 
1 1021 
0 
3 1772 1787 2027 
4 101 581 1132 1469 
3 273 1126 2099 
3 1386 1964 1969 
3 223 787 1824 
1 1074 
1 156 
1 591 
2 1798 2147 
4 29 1103 1549 2110 
2 784 2115 
2 1087 1193 
0 
7 417 1378 1422 1501 1657 1866 2007 
5 549 1353 1480 1779 1954 
0 
1 352 
3 885 892 1455 
2 573 1629 
2 1162 1895 
4 669 962 1337 1631 
2 1571 1875 
4 143 619 677 1220 
1 690 
1 1976 
2 1332 1676 
2 808 1425 
4 738 943 1546 1654 
1 2172 
1 161 
3 453 837 1895 
3 611 721 966 
2 648 742 
1 2067 
6 106 309 404 1154 1239 1436 
4 456 1256 1477 1835 
4 418 1122 1454 1466 
6 110 241 949 1177 1457 2131 
0 
5 27 832 2063 2072 2140 
1 894 
8 292 436 447 893 1308 1326 2003 2067 
2 460 598 
3 687 737 792 
1 2084 
2 1082 1796 
1 61 
1 562 
1 1939 
2 623 1819 
3 797 1462 2140 
1 1065 
6 20 559 1169 1403 1423 1652 
3 571 1794 1809 
1 1444 
2 97 1020 
2 1019 1433 
6 65 69 115 1207 1489 1848 
5 816 990 1175 1913 2144 
2 1373 1801 
1 1556 
5 826 921 1032 1371 1746 
4 252 788 1135 2068 
1 1670 
4 551 1813 2065 2070 
3 141 345 1435 
6 540 961 1146 1325 1763 1776 
1 95 
0 
2 717 1827 
2 1019 1583 
3 1001 1197 2093 
2 495 742 
2 111 1663 
1 1315 
4 317 638 1908 2183 
3 390 880 1990 
1 1474 
5 18 104 118 531 1492 
1 1084 
4 1283 1611 1778 1868 
1 2059 
2 2013 2053 
1 157 
4 508 1197 1283 1767 
2 243 1746 
3 1544 1636 1790 
3 509 1085 2186 
2 114 577 
2 987 2104 
1 1000 
2 19 1364 
2 2071 2143 
1 1590 
7 63 167 318 1001 1305 1660 2041 
3 1110 1287 1524 
4 90 538 889 1131 
3 58 1698 1852 
6 417 515 615 1128 1221 2043 
2 307 1959 
7 467 470 717 1047 1467 1943 2117 
0 
2 1284 1818 
2 576 1063 
2 736 974 
0 
1 555 
1 738 
4 10 805 1853 1966 
1 1052 
6 174 1072 1234 1325 2022 2197 
2 1364 1502 
4 137 302 1440 1675 
1 1338 
2 434 2108 
3 306 1739 2088 
1 397 
2 246 394 
1 264 
2 627 1487 
4 221 445 1983 1992 
6 918 1218 1368 1716 1960 2093 
2 1475 1497 
4 336 1028 1191 1377 
3 804 1346 1556 
3 121 184 1255 
1 1281 
2 950 1444 
5 898 1424 1494 1848 1871 
3 247 761 1021 
2 1730 1764 
2 941 1991 
2 1366 1439 
3 454 1451 1717 
0 
3 670 1669 1912 
1 2005 
4 617 1274 1628 1806 
2 59 935 
5 743 1043 1276 1445 1808 
4 895 1580 1650 1960 
4 610 813 1011 1837 
5 791 983 1140 1348 1993 
1 1329 
2 1253 1974 
5 480 1038 1155 1349 1720 
2 499 1205 
0 
1 176 
5 127 1256 1703 2135 2183 
2 34 1362 
3 427 1193 2168 
2 1176 1540 
3 612 746 1267 
3 127 902 1348 
5 202 239 410 1412 2163 
2 1780 2145 
3 1313 2048 2147 
2 1227 1677 
4 497 543 969 1062 
4 109 325 1967 2089 
1 483 
3 1389 1932 2089 
5 1 223 758 1165 1434 
1 686 
3 774 1347 1571 
1 2171 
6 20 91 307 585 878 1742 
3 253 1326 1914 
2 301 2127 
3 129 736 1043 
1 654 
1 1634 
4 628 976 1515 1842 
0 
2 1431 2060 
2 796 935 
2 1369 1717 
0 
3 793 843 1268 
5 17 853 1390 1562 1807 
1 1615 
3 222 580 1440 
4 1674 1676 1774 1941 
3 399 743 1821 
2 896 1434 
1 615 
2 250 1915 
3 507 1153 1738 
6 348 630 1325 1599 1929 2038 
3 187 1423 1873 
3 762 914 1722 
3 954 1106 1911 
5 602 636 1192 1277 1974 
2 601 1661 
1 965 
2 1102 1179 
1 2138 
3 827 1073 2166 
3 262 354 1073 
3 629 669 1149 
1 339 
3 564 963 2084 
5 549 1230 1485 1652 2028 
1 1933 
1 2180 
3 835 1772 2168 
1 1089 
2 1013 1251 
0 
5 3 340 835 1244 2116 
5 176 806 1147 2101 2136 
2 1407 1981 
3 86 229 2184 
1 409 
0 
6 252 1109 1751 1838 1916 2078 
0 
5 184 253 1092 1256 1570 
4 855 1006 1771 2094 
2 106 707 
2 364 1104 
4 422 1613 1772 1898 
2 53 644 
2 587 995 
2 465 1993 
2 615 807 
1 1106 
5 50 1464 1547 1685 1786 
3 634 1058 2013 
1 1778 
3 410 576 951 
1 1398 
1 518 
2 513 1339 
3 637 1162 1540 
4 624 960 1598 1747 
2 1321 1784 
4 390 488 983 1064 
1 179 
1 887 
1 2116 
2 1714 1751 
0 
4 776 1277 1372 1436 
2 629 1858 
3 373 1834 1880 
3 131 1799 2167 
2 1002 1783 
0 
5 255 917 1050 1299 1492 
1 1898 
2 1652 2026 
2 1105 1657 
3 84 308 715 
0 
3 92 706 1746 
4 144 857 1017 1811 
3 617 693 1530 
2 1333 1477 
3 67 771 988 
2 293 520 
2 312 2074 
2 80 2120 
4 131 724 1022 1690 
4 278 814 1894 2043 
1 609 
1 30 
2 1452 1744 
3 219 1825 2043 
3 642 1806 1964 
4 520 799 1382 2101 
3 208 1594 1926 
0 
1 355 
3 179 1021 1744 
0 
2 487 1087 
2 1405 1637 
3 416 803 1298 
1 1725 
1 499 
4 86 212 1306 1584 
1 618 
2 247 839 
3 9 1609 2114 
4 1548 1847 1968 2012 
3 1501 1926 2151 
2 279 992 
2 124 580 
1 1931 
1 1072 
1 1966 
1 1943 
1 1677 
0 
2 284 2061 
2 378 1597 
1 420 
3 502 1392 1674 
2 21 441 
4 503 1534 1709 1888 
1 1755 
4 1493 2042 2080 2189 
4 123 327 1953 2079 
3 923 1863 2153 
6 29 364 894 948 1078 1714 
1 97 
2 525 1667 
2 925 1678 
3 370 511 544 
0 
1 1776 
2 60 2045 
3 685 2067 2160 
2 433 2084 
5 163 931 1144 1449 1871 
4 1330 1753 1807 1997 
3 1007 1716 2053 
2 1332 2129 
4 101 306 549 1193 
1 1890 
2 968 1484 
2 1176 2060 
2 1398 2008 
2 1590 1987 
1 2031 
0 
3 186 378 2190 
0 
4 542 594 749 2019 
5 145 199 642 866 2097 
1 1153 
2 1699 2100 
3 1168 1878 2069 
1 1003 
4 422 579 671 1092 
2 1697 1738 
6 96 277 652 1040 1290 1452 
2 405 1256 
5 1301 1364 1515 1564 1849 
0 
3 875 1339 1761 
1 239 
0 
4 30 943 1325 1565 
2 1119 1970 
1 983 
4 409 939 1406 1679 
4 345 946 1506 1751 
3 305 578 2143 
4 1385 1673 2097 2114 
0 
5 86 447 1020 1257 1921 
3 1088 1198 2158 
3 804 958 1620 
1 688 
2 1225 1447 
2 1244 1375 
1 686 
2 361 980 
2 863 1663 
4 393 991 1495 1611 
2 67 1424 
6 152 444 453 1239 1337 1495 
4 442 1209 1470 1606 
2 1621 1834 
3 538 1196 1660 
1 240 
0 
1 1249 
3 247 313 725 
3 607 2104 2131 
1 1540 
1 964 
3 568 573 2026 
4 341 692 1067 1229 
1 470 
3 72 977 1576 
4 93 454 457 1825 
1 235 
0 
0 
6 172 464 934 966 1089 2155 
2 470 1001 
5 69 471 613 1649 2117 
3 1181 1241 1409 
2 331 1645 
2 934 2154 
2 0 638 
2 348 1045 
3 989 1066 1461 
1 1845 
1 80 
3 191 644 1834 
0 
2 426 948 
2 1613 1983 
0 
5 59 227 298 436 1132 
6 794 819 1014 1825 1889 1987 
1 487 
2 1554 1618 
1 1723 
3 1433 1630 2104 
6 205 901 1445 1489 1967 2095 
5 338 447 982 1067 2042 
0 
3 1178 1457 2000 
5 215 803 808 880 1190 
3 324 367 1503 
3 484 1031 1715 
0 
2 873 1592 
2 147 290 
3 358 745 1285 
3 162 1951 2194 
1 800 
6 351 670 1118 1442 2068 2186 
0 
3 33 331 645 
3 753 1845 1920 
5 99 972 1789 1874 1889 
2 484 1123 
0 
2 792 2166 
3 176 1500 1649 
1 1427 
2 288 442 
1 1800 
3 664 1156 1479 
2 720 994 
2 1580 1587 
2 519 1888 
3 1373 1397 1568 
4 1004 1548 1766 1839 
5 67 130 251 321 2094 
4 422 662 701 1256 
0 
3 1528 1554 1661 
2 746 1135 
2 1629 2155 
0 
4 537 543 1282 1614 
3 438 748 797 
4 507 755 1145 1931 
1 42 
3 1839 1929 1953 
1 531 
3 938 1654 1954 
2 931 1219 
3 33 231 1378 
1 1442 
3 227 986 1014 
3 1015 1747 2067 
2 1396 1804 
0 
0 
2 175 1119 
2 1531 1895 
6 76 791 1263 1312 1518 1534 
3 397 676 2121 
3 15 1495 1784 
4 451 588 1051 1087 
8 161 347 586 693 1076 1284 1378 1624 
2 335 861 
5 834 846 1392 1542 2011 
3 60 1131 1326 
3 172 976 1468 
1 50 
4 175 428 447 456 
2 24 1560 
4 864 974 1549 1774 
3 356 527 599 
3 624 1222 1540 
2 161 1312 
2 236 419 
4 584 643 1734 1922 
3 1025 1228 1398 
3 1248 2029 2194 
1 740 
1 846 
4 603 894 1260 1365 
3 517 837 1800 
3 985 1255 1357 
2 273 1086 
4 297 994 1320 2133 
4 377 1202 1559 2103 
3 234 1741 1795 
1 1371 
1 472 
1 852 
2 1767 1946 
2 974 2112 
3 1196 1449 1582 
3 23 1492 1629 
2 125 1451 
3 1087 1129 1365 
1 887 
2 1041 1569 
0 
3 350 1376 2087 
2 665 1913 
3 133 1027 2040 
3 1237 1953 2016 
1 698 
3 211 1244 1414 
5 477 879 1257 1361 2146 
1 1261 
2 1496 2032 
0 
2 431 900 
4 332 526 950 1316 
3 1581 1691 1712 
0 
5 692 1072 1381 1964 2181 
3 39 834 1966 
0 
0 
1 625 
3 15 1264 1999 
4 55 379 708 2187 
5 426 741 1558 1678 1706 
1 1347 
1 578 
3 464 961 1453 
4 896 1528 1883 2114 
3 886 1747 1759 
0 
2 2056 2073 
5 403 722 933 1106 1485 
3 61 181 1184 
0 
5 72 505 1704 1733 1974 
0 
4 220 383 517 1598 
5 401 402 1369 1440 2040 
2 1652 2055 
3 42 871 2133 
1 64 
1 1409 
6 567 879 1005 1121 1420 1886 
2 1879 2077 
1 1996 
1 1903 
1 297 
2 1557 1976 
1 1293 
3 337 1300 2081 
0 
2 497 969 
1 1617 
2 195 241 
2 400 698 
1 1325 
4 6 608 704 1110 
5 373 425 605 1255 1392 
2 341 1177 
2 649 1929 
3 503 1440 1628 
2 1026 1236 
3 1089 1148 1502 
3 620 1734 1940 
2 45 1333 
2 190 472 
0 
3 1012 1646 1943 
2 937 1854 
4 298 632 1558 2108 
0 
1 323 
5 62 80 728 1288 1838 
0 
2 466 745 
2 1853 2167 
2 453 1036 
2 1613 1745 
3 699 1712 1734 
3 374 628 1633 
1 493 
0 
1 1247 
5 78 166 272 491 1577 
5 490 1331 1342 1771 1939 
1 1113 
1 1096 
4 331 853 1534 1563 
2 847 1024 
1 739 
0 
2 9 555 
1 1856 
1 2158 
0 
0 
0 
5 377 706 752 885 1387 
3 160 282 2057 
2 972 2117 
3 267 806 1504 
2 1447 2025 
2 1370 1814 
1 1480 
5 443 473 681 1078 1499 
6 54 523 917 949 965 1528 
2 52 703 
3 295 480 482 
2 495 1248 
1 1733 
3 367 1233 1665 
6 114 311 422 1215 1789 1997 
1 2099 
1 2000 
3 292 672 802 
8 3 523 633 878 935 1128 1584 1599 
4 1245 1278 1979 2042 
2 124 2060 
7 389 830 907 1252 1501 1759 1870 
1 751 
4 566 877 1602 1757 
1 1474 
6 256 359 670 854 1516 1997 
1 1205 
0 
1 993 
0 
1 1062 
3 1289 1360 1895 
5 97 958 1874 2077 2186 
3 246 972 1495 
3 92 1247 1959 
4 938 1412 1605 1878 
1 1083 
0 
3 692 1804 2133 
2 1103 2197 
2 700 2166 
1 882 
0 
2 586 1728 
4 22 623 988 1270 
5 805 1082 1616 1759 1816 
3 1079 1326 1761 
3 593 1994 2163 
1 1126 
0 
2 19 2049 
4 946 1411 1942 2127 
2 1433 1452 
3 108 388 938 
3 130 135 1969 
2 1092 1990 
6 669 918 1315 1582 1827 2048 
0 
3 1420 1604 1828 
4 226 1472 1717 2030 
2 1091 1598 
6 134 301 1055 1062 1315 1962 
2 991 1658 
1 82 
1 1230 
1 1031 
4 1257 1456 1505 1845 
3 131 614 778 
2 1336 1858 
0 
1 842 
4 32 70 142 1927 
2 60 922 
6 195 582 905 1093 1291 1524 
1 968 
6 247 443 596 1018 1432 1709 
1 427 
1 228 
0 
3 427 1637 1712 
3 501 699 1046 
0 
7 520 611 636 1075 1190 1388 1963 
2 278 1443 
2 1432 2019 
2 1454 1537 
3 451 609 1955 
2 588 997 
2 1855 2137 
5 905 1283 1629 1922 1933 
2 982 2059 
2 1058 1832 
3 1720 1924 2136 
3 19 28 1230 
1 1198 
3 301 1174 1353 
2 851 961 
3 137 850 1448 
2 19 1084 
3 955 1035 1325 
5 830 932 1131 1221 1636 
2 323 1203 
3 323 601 673 
3 123 983 1778 
4 148 395 619 1598 
5 105 369 496 1394 1541 
4 1 176 947 1065 
1 194 
3 549 741 1816 
0 
2 775 924 
2 1642 1992 
1 1189 
1 2197 
2 131 1422 
2 943 1095 
2 539 687 
2 537 1912 
3 850 1564 1687 
2 912 1312 
4 224 369 1515 2167 
3 903 1791 2195 
1 1967 
1 1638 
2 110 1821 
1 133 
1 610 
1 550 
1 1241 
2 563 791 
1 1501 
1 752 
4 446 600 1815 1848 
3 143 802 1406 
4 275 1615 1718 1927 
3 1410 1577 1581 
0 
7 303 496 572 696 808 1625 2139 
4 115 706 843 1151 
0 
4 933 1300 1469 1964 
5 20 490 512 1958 2067 
1 700 
5 108 358 513 733 1122 
3 172 251 1123 
3 207 1394 1630 
3 793 992 1001 
3 362 955 1849 
2 1181 1841 
1 1909 
1 736 
4 508 1393 1998 2168 
5 479 1487 1635 1928 2113 
2 375 1608 
3 96 309 848 
2 711 1351 
0 
1 1376 
1 29 
7 620 1048 1345 1353 1626 1766 2049 
5 53 659 1037 1374 1730 
1 1646 
4 227 257 373 1376 
3 262 923 1404 
4 299 1258 1351 2123 
5 81 91 827 1238 1841 
2 76 1574 
1 132 
1 2122 
4 126 1238 1854 1940 
3 782 872 1528 
1 1616 
1 1615 
2 474 1860 
4 138 514 521 998 
2 686 1007 
6 327 722 1157 1356 1514 1627 
2 727 742 
2 355 722 
4 84 1000 1002 1813 
2 1287 1427 
3 180 1472 1474 
5 79 198 437 941 1123 
1 870 
1 129 
3 963 1383 1433 
5 324 727 885 1531 1748 
3 125 1717 2100 
3 707 948 1178 
3 596 1643 1663 
1 543 
3 1138 1314 1923 
3 422 1645 2095 
2 1523 1583 
1 26 
4 731 812 858 1799 
5 6 760 1401 1684 1716 
0 
1 211 
0 
2 1426 1880 
4 169 628 782 2188 
2 1321 2177 
2 625 904 
4 76 214 993 1805 
3 678 1167 2060 
5 622 756 1597 1663 1838 
2 1088 1322 
6 239 338 441 716 1522 1553 
5 411 655 1412 1697 1910 
1 342 
2 44 365 
2 649 1575 
4 101 611 1028 1773 
1 2076 
2 145 2072 
2 228 294 
0 
0 
4 1029 1075 1481 1959 
3 54 88 864 
3 31 631 1631 
1 1261 
3 901 1349 1684 
2 495 680 
3 1798 1850 1946 
3 96 413 1141 
4 353 672 702 1461 
6 145 201 354 600 1523 2000 
1 1996 
3 84 251 1509 
4 133 440 533 2045 
2 1351 1362 
3 158 875 1137 
1 630 
4 1251 1268 1404 1662 
6 56 123 416 580 763 1370 
2 660 1468 
2 588 1819 
3 844 1320 1469 
0 
0 
2 332 1252 
4 326 392 836 1599 
3 882 1034 1073 
3 833 867 1617 
3 43 63 1700 
4 968 1305 1695 1753 
0 
1 494 
3 103 1666 1904 
0 
3 530 776 1626 
1 1299 
1 412 
5 164 930 1036 1467 1955 
1 876 
3 235 928 1059 
3 1510 1737 1948 
7 507 544 1132 1163 1559 1886 2028 
4 996 1463 1518 2059 
1 651 
1 2175 
4 654 1007 1071 1478 
1 1340 
2 465 1031 
2 160 228 
1 2170 
1 1239 
2 32 2110 
3 454 646 656 
2 612 856 
2 1099 1517 
4 143 163 196 1827 
0 
2 1387 1461 
3 1172 1210 1525 
1 687 
6 700 785 1130 1399 1730 1940 
3 849 1294 1833 
3 994 1024 2109 
1 1615 
3 359 546 1640 
0 
3 669 853 976 
1 1230 
4 316 773 1728 1791 
1 2029 
3 120 285 702 
6 635 864 1133 1422 1947 2021 
1 1285 
3 48 543 649 
1 1 3 3 1 1 2 2 1 2 2 2 2 1 1 3 1 1 2 1 3 2 2 1 2 2 1 1 1 1 1 2 3 3 1 1 2 1 2 1 1 1 1 2 1 1 1 2 1 1 2 1 2 1 1 1 2 2 1 2 3 2 1 2 2 1 1 2 1 3 1 2 4 2 2 1 1 1 1 2 3 1 2 1 1 1 3 1 2 1 1 1 4 1 2 1 4 2 2 1 3 1 2 2 2 1 1 1 1 1 3 3 1 1 4 1 1 1 1 1 1 2 1 4 2 1 2 2 1 2 1 1 3 3 2 1 1 2 2 2 2 3 1 2 1 3 2 1 1 2 1 1 1 1 2 2 2 2 4 2 1 2 1 1 2 1 2 2 1 1 1 1 2 1 1 1 3 4 1 3 1 2 2 1 2 1 1 3 2 1 3 1 1 1 2 1 1 1 2 2 1 1 2 2 1 1 1 1 3 2 2 1 1 1 1 1 3 1 3 1 1 1 1 3 1 3 2 3 1 1 1 1 1 2 1 4 3 1 2 1 5 1 1 3 1 1 3 4 1 2 3 2 1 2 1 3 1 1 2 1 1 1 1 3 3 1 1 3 1 1 2 1 1 3 1 2 2 1 3 1 1 3 1 1 1 1 1 1 2 2 1 3 1 1 1 1 1 3 1 1 1 1 1 2 3 1 2 1 1 2 1 1 1 1 1 1 1 4 2 1 3 1 1 2 2 3 3 1 2 2 1 3 4 1 3 2 2 2 1 1 1 2 3 2 2 1 1 3 2 1 2 1 1 3 1 2 1 1 1 3 1 3 3 1 2 1 2 1 1 1 1 2 1 2 1 1 1 1 1 1 1 1 1 1 1 1 1 1 4 1 3 2 2 1 3 2 1 2 3 2 2 2 1 1 2 2 1 1 2 1 5 1 1 2 1 1 2 3 2 2 2 1 3 2 2 2 5 1 1 1 1 1 1 1 3 2 1 3 2 2 1 2 2 1 1 2 3 1 1 1 1 1 1 4 3 1 3 1 2 1 2 2 2 1 1 2 1 1 1 1 3 3 2 1 1 3 1 1 1 1 1 1 3 1 2 1 2 2 1 2 1 1 1 1 1 2 3 3 1 1 1 2 1 1 1 1 1 3 2 1 2 1 3 1 2 1 2 1 1 1 3 2 2 1 2 1 1 1 2 2 2 2 1 1 1 1 1 1 3 3 1 1 2 1 1 1 3 1 1 3 3 3 2 2 1 2 1 1 1 3 2 2 1 2 2 2 2 3 1 2 2 2 2 3 1 2 1 1 1 1 3 1 4 2 2 1 3 1 3 1 1 2 2 3 1 2 1 1 2 1 3 2 1 1 1 1 1 2 2 2 2 1 3 2 1 2 2 2 2 2 2 2 1 2 3 1 1 1 3 3 2 2 1 1 1 2 1 1 3 2 1 2 2 3 1 3 1 1 1 3 1 1 2 1 3 1 2 3 1 3 2 1 2 1 1 2 2 1 2 2 1 1 1 2 1 1 2 3 1 1 2 1 1 1 1 1 1 2 1 2 3 1 4 2 3 1 2 1 2 2 2 3 1 2 2 2 2 3 1 1 2 3 1 1 2 1 1 1 1 1 4 1 4 1 1 2 1 2 1 1 1 4 1 1 1 1 2 1 1 3 2 2 1 1 1 1 3 1 2 1 2 2 1 1 1 1 1 2 1 2 2 3 2 2 1 1 1 1 1 2 2 3 2 1 1 2 2 1 1 1 1 1 3 1 3 2 2 3 2 1 1 4 2 2 3 1 2 2 1 1 2 2 1 2 1 2 1 2 2 1 1 1 3 3 2 1 1 2 1 1 1 1 2 1 1 1 2 1 1 3 1 1 1 1 2 3 2 1 1 1 1 1 2 1 1 3 2 1 3 1 2 3 2 3 1 3 1 3 3 2 2 2 1 1 2 1 2 1 1 1 1 1 1 3 2 3 2 2 3 1 2 1 3 1 2 2 2 2 1 2 1 1 1 1 2 2 3 1 1 1 1 1 1 1 4 2 1 2 3 1 2 3 2 1 2 1 1 2 4 1 1 2 3 1 2 2 1 1 1 1 2 1 1 4 2 3 1 2 2 3 1 2 2 1 4 3 3 1 3 3 2 1 2 2 2 2 3 1 4 1 2 3 2 2 1 1 1 2 2 3 3 2 2 1 1 1 2 2 1 2 2 2 1 1 2 1 1 2 2 3 3 2 3 2 2 1 1 2 1 1 3 3 1 2 3 1 3 3 1 1 1 2 1 3 3 3 2 1 1 2 3 3 3 1 1 1 1 2 2 2 2 2 2 1 1 1 2 1 1 1 4 2 1 1 2 1 4 3 2 1 2 4 1 1 1 1 1 1 1 1 1 1 3 1 1 1 1 1 1 3 2 2 2 1 2 3 2 2 1 1 2 1 2 2 3 1 1 1 3 2 1 2 4 1 2 2 2 4 1 2 2 2 3 1 2 2 2 1 1 1 2 1 1 2 2 1 2 1 1 3 1 2 2 2 1 1 2 1 1 1 2 2 1 3 1 1 1 2 1 1 1 2 1 3 1 1 2 3 1 2 1 2 2 3 1 1 1 1 3 2 1 2 1 1 1 1 1 1 1 2 1 1 3 1 1 1 2 3 1 2 2 2 1 1 2 1 2 1 1 1 1 2 1 1 2 2 3 2 3 1 1 1 1 2 1 1 2 1 2 1 1 1 1 1 2 1 3 1 3 1 3 2 1 1 1 2 1 1 1 1 1 1 1 1 1 1 2 3 1 1 1 2 2 3 1 1 1 2 2 2 1 1 2 2 2 4 4 1 1 2 1 3 1 1 2 3 1 2 1 1 2 1 2 2 2 1 1 2 2 2 1 1 3 2 2 3 1 2 1 3 2 2 1 2 2 1 1 1 2 2 3 2 1 3 1 2 1 2 1 2 1 1 2 2 1 1 1 1 1 1 1 2 2 2 1 2 2 1 2 3 1 3 1 1 1 1 1 2 1 3 1 1 3 2 2 1 3 2 1 2 1 3 1 4 1 3 1 1 1 2 2 1 1 2 4 1 1 1 1 2 2 2 1 1 3 1 2 2 4 2 1 2 1 1 3 1 2 1 1 2 3 1 1 2 1 1 1 1 3 2 2 1 1 2 1 1 1 3 4 2 4 3 2 1 1 2 3 1 1 2 1 2 3 2 3 2 2 1 1 1 1 2 3 2 1 1 2 1 2 1 4 1 2 1 2 1 1 2 2 3 1 2 1 1 2 1 1 3 2 1 1 1 2 3 3 1 3 4 2 1 2 2 2 2 1 2 2 3 2 4 3 2 3 1 2 1 1 1 1 1 1 3 2 1 2 1 3 2 1 1 1 1 1 1 1 3 1 2 1 1 2 2 1 2 1 2 1 2 1 1 2 1 2 2 1 4 2 1 2 1 3 2 2 1 1 2 2 3 1 1 1 3 1 2 1 2 2 2 1 1 2 1 1 1 2 1 3 2 3 2 2 1 1 1 2 1 2 1 1 2 1 2 1 2 3 1 2 1 1 2 2 2 4 2 1 1 1 2 1 3 2 1 1 2 2 1 2 1 2 3 2 1 2 1 1 2 1 1 3 2 1 2 1 2 1 2 2 3 4 1 3 1 2 1 2 2 2 2 2 2 2 2 4 1 1 1 1 1 2 1 2 1 3 1 1 2 2 1 2 3 3 1 1 1 2 2 1 3 2 2 2 2 2 3 1 4 2 2 2 1 2 2 1 2 3 1 3 3 2 1 1 1 1 3 1 2 2 2 3 1 1 2 1 1 1 4 1 1 1 1 3 2 3 2 1 1 2 1 1 1 1 4 4 1 1 2 1 2 2 1 4 3 3 1 1 2 2 2 2 1 3 1 1 3 3 1 1 1 2 2 1 1 2 1 1 2 2 2 3 1 1 1 2 1 1 2 1 2 2 2 1 1 2 2 1 2 1 2 1 1 2 1 3 1 2 2 1 1 3 1 1 1 2 1 3 2 2 1 1 1 2 1 1 1 3 3 2 2 4 3 2 1 1 1 3 2 1 3 3 2 1 1 1 1 3 1 2 1 2 2 1 1 1 2 3 1 1 1 3 1 1 2 1 2 1 1 2 2 1 1 1 1 3 1 1 2 1 3 3 2 2 1 1 4 2 2 2 1 1 1 1 1 1 1 2 1 1 1 3 1 1 3 3 3 1 2 1 1 3 1 2 1 1 2 1 2 1 1 1 1 2 2 1 1 3 2 1 1 2 2 1 1 1 1 2 1 1 1 3 2 1 2 1 1 1 2 4 1 2 1 1 2 2 1 1 2 2 3 1 3 1 1 2 2 2 1 1 1 1 1 3 4 1 1 1 1 1 2 1 1 1 1 1 1 3 1 1 1 3 2 3 3 2 1 3 1 2 1 1 4 1 1 2 1 4 2 2 1 1 2 1 3 1 2 2 2 1 2 1 1 2 2 1 1 3 1 1 1 2 2 2 2 1 2 1 1 2 3 3 1 1 2 3 2 2 1 1 1 1 2 2 2 2 3 1 2 1 1 3 2 2 1 2 1 1 1 1 1 2 2 2 3 1 3 1 1 3 1 2 2 1 3 1 3 1 1 3 1 1 1 2 2 1 1 1 1 2 3 2 1 4 2 2 2 2 1 1 4 4 1 1 2 3 2 3 3 1 2 3 3 1 2 1 3 1 3 2 2 2 2 1 1 2 1 3 1 2 1 1 2 3 2 3 3 2 1 3 3 1 2 2 3 2 1 2 1 1 1 3 1 1 3 1 3 1 2 4 2 3 2 2 1 1 3 1 1 1 2 1 1 1 1 2 2 1 3 1 2 1 1 1 1 2 3 1 2 3 4 2 2 2 1 2 1 2 1 2 1 4 2 1 3 1 2 2 1 1 3 3 1 1 1 1 2 3 1 2 1 1 2 
