p 4600
0 
3 21 3144 3551 
1 705 
2 1500 1981 
6 230 560 2518 2648 2817 4020 
5 830 838 3478 3596 3915 
2 3604 4569 
2 2053 2945 
3 1691 4378 4553 
5 1009 1414 2306 3168 3826 
2 447 3162 
2 238 1357 
4 1867 2818 3568 4148 
2 1308 4053 
2 1632 1884 
2 345 1147 
3 810 1463 3320 
4 949 3383 4048 4474 
1 845 
2 1572 2089 
5 978 1307 1504 1772 4278 
4 1 618 2515 4429 
1 1405 
2 4118 4254 
1 2914 
1 396 
4 2695 4073 4220 4540 
1 3843 
2 728 1839 
1 833 
1 182 
3 805 898 4571 
4 267 709 1140 3193 
3 307 1853 2341 
4 2761 3427 3613 4180 
3 2140 2485 4333 
1 142 
4 401 784 2267 2832 
2 3302 3987 
2 959 4439 
4 189 1823 3301 3696 
4 1042 1522 2725 3732 
1 431 
0 
2 3284 4406 
2 1297 2298 
3 2106 3024 3924 
3 2555 4315 4385 
1 3052 
1 3407 
4 1269 2638 3290 3346 
1 3301 
1 2245 
1 492 
2 2085 2347 
0 
1 4546 
1 393 
5 142 1557 3289 4045 4530 
2 1298 1634 
3 1068 1681 2045 
4 398 2618 2803 3456 
1 2043 
2 1395 2715 
3 1081 2389 3832 
1 2222 
0 
1 1100 
1 1801 
2 1412 3237 
4 1011 1522 3733 4045 
1 3262 
3 695 1844 2159 
2 1232 2547 
4 1032 1129 3986 4008 
4 659 2722 2771 3580 
1 2331 
3 1014 1308 3407 
5 1139 2014 2858 3017 3715 
0 
2 839 2836 
1 1945 
5 418 1462 3203 3413 4531 
4 1497 2440 2552 3543 
0 
2 1082 3539 
1 883 
2 1373 2349 
3 725 2997 4289 
7 440 1059 1433 1646 1729 3968 4432 
2 617 2895 
4 2977 3618 3645 4572 
1 3317 
5 418 650 1329 2260 3862 
3 2349 2660 3624 
2 2272 2567 
4 155 1059 1757 3581 
2 2080 4441 
1 2516 
4 570 2213 2525 2845 
1 3168 
1 1418 
3 1349 2339 4503 
2 3755 3949 
1 448 
1 4379 
3 262 2487 2504 
3 2820 3096 4424 
1 3841 
4 1122 2337 3402 4523 
1 1048 
4 1389 1513 3818 4465 
2 3716 3970 
4 588 917 2662 4164 
1 3092 
3 1153 1497 2898 
1 2034 
2 576 1259 
3 148 2513 4567 
2 1417 3393 
1 1332 
1 3817 
2 3211 3554 
4 2640 2714 3516 3569 
3 1225 1315 2420 
0 
6 431 987 1834 2525 4200 4563 
3 263 1205 4431 
4 331 480 2448 3243 
2 1226 2832 
4 673 856 1111 2507 
1 3189 
2 3061 3525 
1 3252 
2 2752 3707 
4 886 1033 1184 2721 
2 412 3760 
3 2422 3035 4152 
1 1957 
4 1585 2272 3683 4389 
2 4365 4542 
0 
3 36 58 3235 
4 647 1111 3673 4138 
0 
4 994 2791 2813 4499 
0 
4 561 1804 2293 4388 
3 118 1884 3976 
1 2395 
2 3853 4285 
1 2872 
3 750 2538 3413 
2 302 2595 
2 590 886 
2 96 1275 
5 869 1217 1328 2452 3906 
0 
2 677 4120 
2 488 3602 
4 443 1783 3602 4518 
1 4542 
3 798 2050 2365 
2 945 1732 
4 278 1517 2165 3871 
2 935 3320 
0 
6 330 773 2062 3233 3884 4467 
1 2898 
3 1567 2080 2303 
3 583 2117 3455 
2 836 2234 
3 1373 2320 3720 
3 631 2394 4524 
2 4487 4559 
2 956 3736 
3 600 3586 4502 
0 
5 285 893 1386 3571 3671 
2 2023 2311 
1 4145 
1 1897 
4 30 2835 3344 3849 
3 1119 2030 2856 
1 2659 
1 2341 
2 916 1717 
3 343 3258 3508 
3 2197 2703 2862 
5 40 625 1195 2186 3909 
1 1819 
1 1237 
5 229 1583 3134 3199 3495 
3 561 1577 3360 
4 1658 3850 3943 4155 
6 320 392 877 2734 3196 3593 
3 543 902 1831 
3 1570 3208 4423 
0 
0 
1 507 
3 798 2523 4013 
1 1059 
2 824 3144 
1 2479 
5 372 2404 2497 3285 3908 
4 499 1136 1633 1723 
3 1291 3028 3856 
0 
4 792 881 2862 2994 
3 2053 2487 2891 
1 4076 
3 1445 3940 3970 
2 1211 2719 
2 1110 4145 
0 
2 1114 4297 
2 438 2384 
4 2806 3495 4166 4221 
4 2391 2803 4341 4419 
2 1067 3601 
1 3055 
1 1431 
1 1137 
5 911 2228 2540 3527 4510 
0 
4 1075 1962 2574 3484 
0 
0 
3 192 2126 4325 
5 4 2794 3208 3332 3463 
1 395 
3 1043 1592 3657 
2 589 4452 
5 340 1262 2792 3396 3698 
1 4056 
4 1276 2462 2726 3833 
4 372 2635 3475 4237 
3 11 4072 4430 
1 668 
4 329 951 2689 3041 
3 2440 3350 3509 
1 962 
1 4463 
5 624 1794 3345 3647 3708 
2 3651 4034 
1 3547 
2 3218 4589 
0 
1 4599 
1 2901 
3 1878 2095 2241 
1 1849 
2 660 3416 
3 936 2715 4051 
2 1937 4385 
2 673 4215 
4 592 1136 1679 3177 
0 
2 1028 2699 
3 1310 1380 2675 
5 820 3472 4182 4237 4264 
2 106 1656 
2 127 1818 
1 4481 
3 296 1123 3587 
1 1908 
1 32 
2 277 741 
5 2169 2721 3641 3767 3932 
1 2166 
1 4301 
2 3289 4194 
0 
0 
4 315 2657 3507 4275 
1 1165 
5 268 2448 3403 3733 4126 
4 164 300 1578 2582 
4 873 934 1790 4245 
4 299 2275 2626 2906 
2 819 1407 
0 
3 2685 3423 4357 
2 1589 3313 
5 178 893 1425 3137 3246 
2 1287 4391 
5 1163 1777 2226 2297 3720 
2 2740 4167 
3 3563 3732 4425 
5 1556 1757 2083 3198 3309 
1 3057 
2 1702 3002 
1 4583 
3 1510 2887 3998 
2 1743 2609 
1 265 
2 2427 2581 
4 416 1312 3019 3712 
3 280 929 3338 
2 278 2721 
3 3230 3836 4179 
3 153 501 3267 
4 680 1833 2656 4030 
1 1487 
2 1635 2489 
3 2503 3000 3644 
7 33 367 1057 1547 1745 2135 3976 
3 1324 2803 4371 
2 575 1946 
2 655 2698 
4 592 1541 1630 3436 
4 1927 2108 3317 4366 
2 1582 2936 
5 455 629 1095 1196 2033 
2 275 2197 
0 
1 3318 
2 2071 3556 
2 1691 3779 
1 195 
2 1093 3533 
4 1418 2845 4019 4091 
2 3559 4392 
2 502 1234 
2 2930 3970 
1 1881 
2 1276 3634 
3 2559 3171 3424 
2 240 3581 
3 167 348 2825 
2 128 4227 
3 2426 2652 4193 
2 2782 4441 
3 482 846 2199 
0 
0 
1 1403 
3 546 2744 3245 
2 2103 4208 
2 234 1165 
6 1149 1713 2081 2365 2450 3749 
3 1674 3678 4063 
2 187 2771 
1 2714 
6 15 472 2866 2982 3754 3791 
2 4324 4344 
2 1413 3732 
5 330 1608 1757 2863 4040 
3 3046 3316 4575 
2 3593 4566 
2 2578 3007 
0 
3 643 4392 4569 
4 776 962 2178 3346 
2 557 558 
1 2580 
0 
5 1123 2648 3083 3099 3618 
2 1939 4270 
1 427 
2 3465 3740 
1 3705 
1 2506 
1 4235 
2 2961 4420 
3 2117 2622 3921 
2 307 1465 
4 688 943 2413 2425 
1 408 
1 1884 
4 1208 1599 3991 4284 
5 205 237 1079 4005 4008 
5 496 901 2263 4215 4375 
0 
3 3162 3448 4396 
3 2800 3034 3833 
2 1526 3125 
1 1823 
2 1850 3959 
2 2818 4393 
1 4006 
4 821 1179 1902 4090 
5 581 3187 3762 3885 4566 
2 669 1887 
2 1779 1830 
2 2866 4253 
3 2324 2334 3134 
2 3654 4412 
4 949 2500 3753 4355 
2 735 1846 
2 1963 3053 
3 195 1155 3602 
8 57 815 1210 1661 2838 4014 4390 4458 
1 3055 
3 231 2618 2758 
4 25 592 1510 3458 
1 2187 
2 61 562 
0 
2 1352 1424 
5 37 813 1384 1958 2170 
1 2617 
3 504 1681 2672 
2 550 3089 
1 1867 
2 2679 3955 
1 1066 
2 369 1318 
2 1478 3248 
3 874 2085 2631 
4 812 1697 1720 2527 
3 136 1522 4535 
1 2460 
5 769 1602 3251 3711 4205 
3 1539 1752 4131 
3 298 881 1634 
2 1935 2914 
4 82 93 2089 4268 
2 3993 4282 
0 
0 
6 1588 2498 3072 3544 4287 4326 
1 1311 
2 2061 3968 
0 
1 1770 
2 360 3268 
3 1742 2380 3289 
2 945 4153 
2 1505 1741 
7 42 126 1256 1841 1891 2667 3133 
3 1220 1916 1923 
5 1376 1579 3327 3402 3712 
1 4496 
1 3039 
0 
1 2316 
3 217 2293 3038 
2 2538 3274 
7 89 1213 1986 2549 3725 3752 4098 
3 3244 3372 3981 
3 980 2712 3158 
6 160 504 2401 2951 4245 4416 
1 4530 
2 2667 3881 
2 3014 3601 
3 10 2672 3377 
4 104 1310 1910 3984 
2 2988 4163 
1 2671 
2 2063 3578 
2 1212 3514 
6 3423 3505 3714 4095 4293 4473 
2 1668 4269 
4 314 610 1160 1697 
0 
1 2576 
3 1082 3496 4323 
3 793 1222 3895 
3 688 1690 2743 
3 784 993 1584 
1 1814 
4 2162 2377 2706 3518 
4 1493 3099 3483 4546 
5 867 1605 2102 3011 3922 
2 728 1360 
4 2707 3707 3973 4544 
1 2201 
3 1460 1757 4252 
6 1949 2539 3032 3582 3730 3939 
3 3512 3938 4056 
3 345 3887 4562 
2 1130 4569 
3 855 2733 4534 
1 703 
1 2225 
2 774 2174 
2 2640 4461 
1 4236 
1 128 
4 1168 2426 3339 3647 
4 334 568 1747 2243 
3 1124 1690 3323 
2 1321 1489 
5 601 679 805 3338 4515 
1 2008 
1 2075 
5 159 751 2643 3572 4064 
2 2278 4386 
1 733 
1 3025 
4 53 2171 3166 4456 
2 3257 4096 
1 4583 
1 4484 
3 373 929 1017 
0 
1 527 
3 206 2359 3071 
3 918 3199 3273 
5 302 828 3766 3806 4473 
3 324 2304 3202 
2 1455 2594 
4 403 443 1007 4085 
3 1851 3757 4273 
2 1292 3266 
3 200 1187 4370 
3 1875 2867 4276 
3 3423 3626 4036 
1 802 
1 3642 
2 2169 2651 
2 1144 2048 
4 1282 2470 2491 3088 
4 1313 2061 2221 3021 
3 4213 4225 4263 
2 4205 4380 
0 
1 2018 
3 1682 1954 3751 
3 734 1747 2080 
1 1547 
4 612 1125 1626 2357 
1 3356 
3 613 1053 1782 
4 1062 2980 3418 3597 
6 498 598 663 3167 3769 4535 
7 1573 2249 2311 2790 3120 3214 3637 
2 3335 4406 
2 1648 3867 
1 2298 
1 2852 
1 3330 
3 554 3867 4448 
1 1248 
0 
1 1648 
1 1956 
3 555 2427 3425 
2 2844 4299 
1 3491 
3 679 1343 3840 
8 196 803 927 949 2200 3720 3907 4125 
3 717 847 2830 
1 4368 
3 338 727 2397 
5 1099 2088 3068 3478 4350 
3 2466 2477 4202 
2 1388 4137 
1 404 
0 
3 956 1612 3840 
4 1043 2207 3869 4455 
1 534 
3 539 1449 3116 
3 680 745 4498 
6 355 2020 3090 3730 3793 4387 
2 355 888 
5 992 1790 1943 3721 4491 
2 4 977 
4 147 193 1474 3037 
6 398 960 2107 2345 3560 4506 
4 584 1312 2851 3078 
2 3147 4398 
4 2285 2381 3054 3935 
2 1318 4049 
4 1349 2628 2836 3410 
3 482 3057 3261 
1 2027 
1 99 
1 2284 
1 4387 
5 1328 1953 2394 3305 3407 
3 824 2262 2580 
1 309 
4 117 3479 4230 4563 
2 2054 4599 
1 3093 
3 1641 1896 1900 
3 871 3416 3757 
1 383 
6 609 2090 2593 3112 3529 3534 
2 170 3605 
2 563 2273 
3 1641 2638 3897 
1 1054 
0 
2 113 3906 
1 233 
3 154 3078 4117 
0 
6 257 311 396 853 864 3193 
1 2814 
1 2251 
0 
2 3483 3729 
2 1500 3037 
1 527 
1 1200 
3 176 1252 1476 
5 485 2554 3032 3509 4024 
4 2289 2792 3496 4027 
3 3736 3745 4236 
3 2068 2571 3913 
3 1599 4269 4581 
2 3245 3686 
3 2292 2869 3114 
1 3318 
2 582 964 
3 455 1521 2518 
1 4417 
2 523 3792 
5 525 704 805 3643 3799 
1 638 
2 1011 3475 
6 828 1132 1708 2000 3776 4444 
1 90 
2 21 749 
1 4025 
1 3878 
4 2076 3355 4218 4300 
3 1173 1494 3592 
2 2560 4094 
3 244 1180 1647 
2 189 3116 
1 1090 
2 1720 3491 
1 718 
6 314 778 1889 2655 3667 3704 
4 1249 1966 3368 3421 
3 173 1700 3661 
4 1880 2328 3163 3977 
2 643 3245 
2 3190 3531 
6 1488 2744 2867 3054 3638 4263 
0 
2 3738 4148 
2 614 2904 
3 2436 3521 3727 
4 654 772 2357 3274 
6 2997 3217 3714 4020 4156 4577 
2 727 2072 
3 353 633 1424 
2 2478 3150 
1 3218 
0 
2 143 3370 
2 1493 3539 
0 
5 93 1593 1696 2027 3885 
0 
4 1835 2371 3334 3701 
2 1383 1895 
2 640 4414 
4 310 3508 4040 4499 
1 3573 
1 1192 
3 1827 2891 4158 
2 75 3299 
1 253 
2 4089 4481 
0 
1 527 
3 897 937 4442 
3 809 830 3573 
2 1150 1782 
2 1468 2449 
6 239 1561 1634 2395 2767 3087 
1 384 
4 1456 1494 2094 2878 
0 
3 1332 2627 3522 
2 130 256 
3 967 2717 3591 
3 896 3034 3358 
2 1249 4373 
3 158 814 1884 
3 2251 2656 3387 
4 485 542 2750 4304 
4 303 556 2340 4397 
4 1517 2458 3172 3473 
2 1513 1687 
0 
2 1132 3622 
1 720 
1 1774 
0 
3 368 460 1072 
1 2307 
0 
4 1033 1448 2146 3652 
6 1408 1448 1999 2391 3936 4394 
1 2422 
1 762 
4 72 3473 3858 4116 
3 2654 3840 4584 
2 1967 3112 
1 2302 
2 1009 4472 
3 1011 1990 3888 
0 
3 734 1590 2825 
4 475 2031 3826 3882 
5 613 1965 3024 3864 3874 
3 2 2047 2509 
3 779 967 1002 
3 907 1167 2313 
4 1251 1373 3363 4501 
2 32 4323 
3 727 995 1866 
5 1496 1755 2384 3424 3576 
2 2436 2640 
1 1239 
0 
3 1107 3803 4348 
2 916 4131 
3 544 3075 4364 
2 628 4469 
1 3505 
5 685 945 2576 3861 3928 
2 1370 3754 
2 796 3285 
4 1094 1512 1793 2467 
1 1774 
2 88 815 
3 2557 3067 4358 
3 546 642 710 
4 28 466 1361 1560 
2 3441 4096 
0 
2 1493 1983 
2 1187 1532 
4 490 1864 2929 3381 
4 521 702 2511 3505 
5 390 2692 2749 3088 4323 
3 1007 1557 4478 
1 3403 
0 
2 1253 2669 
1 2393 
4 268 757 1320 1732 
1 4242 
3 1110 3000 4232 
0 
1 556 
1 3773 
3 2119 2583 3646 
0 
3 618 1305 1648 
3 152 2480 4200 
5 488 1633 2163 2757 3281 
0 
2 1160 4490 
2 1477 4148 
0 
1 3299 
2 741 3867 
0 
0 
2 2391 3479 
6 1065 2437 2441 3102 3503 3847 
5 694 1498 1788 2899 4359 
1 3605 
0 
2 4041 4077 
4 1987 3071 3274 3867 
2 2031 3824 
2 1807 3327 
2 414 1989 
3 1384 1548 1979 
2 1785 4141 
1 640 
3 167 2886 2917 
5 477 2078 2686 3021 3681 
3 1960 2922 3794 
5 354 1162 1848 2945 3656 
1 4408 
1 629 
2 706 1363 
1 1568 
3 1828 1851 3911 
2 1973 2142 
2 2175 3201 
6 37 461 1833 4217 4275 4359 
2 2775 4523 
1 2140 
1 3706 
3 1968 1980 2338 
1 4152 
2 2456 3000 
4 955 2036 4135 4520 
2 209 2618 
1 459 
3 973 3150 4079 
3 3815 4143 4406 
3 722 3026 3744 
2 3346 4158 
3 162 201 3687 
4 1442 1697 2118 4436 
3 852 3439 4121 
1 4298 
2 510 2662 
5 543 1774 1932 2263 3995 
1 3134 
5 31 485 613 955 1263 
1 1650 
1 1286 
0 
3 665 1708 4588 
5 16 1336 2154 3904 4130 
4 989 2469 3604 3669 
2 411 3580 
5 401 1202 1231 3190 3425 
2 677 1794 
4 393 725 1146 2892 
0 
2 1458 2582 
0 
3 281 1427 4288 
1 261 
3 382 3064 3468 
1 2114 
2 1346 1897 
4 203 574 2140 4584 
0 
1 1946 
0 
4 501 616 1650 2475 
1 2238 
3 5 665 3209 
4 1584 1657 4503 4567 
0 
4 29 2274 3215 4154 
0 
2 868 1526 
2 171 2204 
1 4419 
2 5 1119 
1 80 
1 2176 
1 2208 
1 1886 
2 3427 4302 
1 3507 
2 18 1126 
4 334 889 2556 2822 
4 544 1030 1335 3201 
1 3604 
4 1593 2229 3390 3724 
3 1027 1565 1911 
4 1711 3379 3703 4351 
3 800 2163 3048 
3 592 1515 4065 
3 2407 2477 4134 
1 474 
3 130 2391 4442 
2 1597 1706 
1 2229 
3 1642 1758 3341 
2 2263 3887 
1 2182 
2 2346 2740 
1 2833 
2 592 3560 
2 1775 4491 
0 
2 465 1030 
3 835 1979 4463 
1 156 
4 1402 1700 2717 3138 
3 580 2440 4157 
1 3852 
2 279 4594 
4 410 1992 2192 3834 
5 1099 2560 3930 4310 4504 
1 2770 
3 195 979 3640 
2 3797 4270 
3 1846 3595 4290 
2 2596 3904 
3 209 416 1220 
1 2267 
3 86 1707 3099 
1 2588 
2 1451 3559 
5 135 154 926 3015 3593 
3 1806 2062 2102 
3 558 1450 4555 
6 846 1432 1485 1487 3284 3559 
2 1063 2777 
1 3297 
3 1486 2834 4517 
3 178 285 1804 
1 3223 
3 2633 3445 4109 
3 675 2901 3595 
1 664 
2 31 3493 
2 2080 2745 
3 2046 3355 3788 
5 373 1078 1121 1559 1893 
1 196 
3 1972 2863 4039 
4 1182 1238 1681 4018 
4 947 2395 3930 4599 
2 2939 3093 
3 707 1489 2361 
1 2646 
1 2720 
2 3426 4225 
4 224 1486 1578 3412 
2 2539 2815 
4 2531 2805 2875 3913 
2 2768 3253 
0 
6 186 716 2418 2577 2820 3487 
4 113 1227 2649 3105 
2 500 1032 
1 1293 
2 2230 3940 
0 
0 
2 1371 3905 
0 
0 
4 886 1637 2346 4207 
2 543 3931 
2 2185 3954 
4 299 496 2477 4160 
1 2096 
4 1082 1246 2100 3338 
2 4332 4536 
1 3800 
1 279 
3 165 1782 3257 
2 254 3334 
2 664 1406 
0 
2 4124 4495 
3 3198 3467 4155 
2 3950 4521 
1 1398 
4 368 968 2330 3205 
2 1659 2672 
5 163 429 720 2820 3138 
0 
4 905 2604 3820 4363 
1 4213 
6 17 389 543 1335 2609 3797 
3 1312 3602 4071 
3 240 3344 3839 
0 
0 
2 2891 4404 
3 791 805 4571 
5 175 552 2071 2762 3354 
3 2463 3875 4338 
1 1548 
6 39 1768 2617 2968 3561 4033 
1 562 
4 1483 1576 3195 3613 
9 242 354 1069 1201 1357 2598 2956 4152 4531 
1 3208 
3 609 1657 2753 
0 
2 1673 1863 
2 674 706 
2 943 3300 
3 979 3584 3657 
2 1263 2195 
3 1169 1221 4438 
3 1733 3727 4351 
3 794 3780 4342 
2 2321 3408 
3 2141 3483 4545 
3 1162 1832 3254 
2 560 3513 
3 20 3579 4367 
5 877 969 2440 3141 3951 
4 442 1718 3404 3496 
1 2868 
1 1467 
2 1611 2140 
2 2081 4447 
2 2479 2994 
2 1911 2191 
3 126 3291 3901 
2 3651 3851 
4 811 1369 3803 4570 
1 3499 
2 1304 3046 
2 559 1488 
3 461 1758 1798 
2 145 4577 
6 710 1156 1180 2930 3294 3816 
1 1740 
1 1726 
1 4164 
2 1393 2807 
2 2422 3369 
0 
3 706 1689 3250 
2 3618 4159 
1 1251 
5 1646 2275 3791 4107 4569 
4 1167 1574 2299 3710 
4 504 736 1549 1720 
4 2677 3046 3456 3785 
4 9 699 1437 3253 
1 2976 
4 70 615 700 1619 
1 2751 
1 1962 
2 77 1134 
2 3064 3617 
3 1621 1665 2529 
4 496 1280 2770 4104 
3 3386 3595 3607 
2 1939 4233 
8 2316 2398 2419 2816 2916 2954 4193 4358 
2 1266 2133 
4 1290 1497 2945 4058 
3 2537 3812 4206 
3 1264 1278 2909 
1 3473 
2 2954 3236 
4 850 2584 4492 4506 
5 259 1848 2139 3209 3347 
1 3585 
4 847 867 2892 4165 
1 4574 
3 74 918 4207 
2 135 691 
3 2587 3140 3880 
3 1187 2278 2876 
3 1467 3277 3783 
2 2073 3048 
2 1872 2689 
4 1056 1510 1730 3746 
1 1222 
2 4413 4503 
1 41 
5 232 553 2404 3165 4188 
1 3146 
3 1998 3439 4034 
1 2671 
2 2817 3941 
2 110 2441 
2 3160 3534 
2 1173 1569 
5 1094 1383 2885 3509 3539 
3 1750 2536 3697 
2 525 1318 
3 586 3911 4371 
1 3741 
1 1039 
2 307 3969 
5 1400 2097 3356 3636 3885 
6 89 96 202 3083 4035 4422 
3 1850 3714 3736 
1 4336 
2 526 3902 
2 890 3368 
3 2079 3760 4480 
2 761 1674 
3 407 1767 2644 
3 220 3271 3333 
3 60 1503 4101 
5 962 2742 2886 3345 3396 
0 
1 2639 
4 688 1498 2449 3311 
2 4107 4515 
0 
5 226 1129 1371 1798 2464 
1 3672 
2 1552 4448 
1 901 
4 372 2366 2556 2879 
1 3506 
3 64 1839 4557 
5 85 458 931 1664 4403 
2 1916 4262 
1 2309 
2 1732 2582 
1 1799 
2 1107 1793 
6 1530 2506 3242 3355 4047 4153 
2 1558 3719 
1 626 
1 3315 
1 3868 
1 321 
5 723 1051 1188 2818 3307 
2 314 2026 
2 2355 2876 
1 1279 
1 2215 
2 547 875 
4 67 1905 2418 2755 
2 2435 3646 
0 
5 1592 2269 3585 4309 4428 
4 2056 2419 2934 4108 
1 4118 
1 2752 
2 715 1087 
2 1802 4071 
3 1322 1362 2275 
4 214 743 1166 1906 
2 130 143 
0 
1 4245 
1 216 
5 1595 1764 2353 2425 2526 
4 1945 4117 4250 4433 
1 4066 
1 1969 
2 183 838 
2 1423 2546 
4 901 1182 2729 2760 
4 109 2010 2287 3767 
2 265 358 
1 483 
2 523 1581 
3 845 4294 4543 
2 2539 4140 
0 
5 74 1075 1402 1433 3824 
2 473 2418 
3 2562 3650 3910 
5 616 684 2788 3131 4400 
3 2290 2555 3800 
4 1014 1644 3467 3937 
1 1187 
3 206 257 3449 
2 223 3386 
2 4173 4540 
2 78 4142 
3 32 1742 4096 
1 1313 
1 1924 
1 3645 
4 513 2376 2893 4289 
2 2364 3889 
2 815 4513 
4 15 1168 3215 4431 
3 2215 3114 3530 
2 341 3161 
5 666 1838 2166 2649 3284 
1 3013 
3 1311 1459 2404 
3 115 3586 4029 
1 1803 
1 392 
3 995 2916 4297 
2 2508 4472 
3 2434 2771 3245 
1 4132 
3 455 753 3916 
1 2338 
3 776 976 3630 
2 287 1781 
4 1588 2604 2799 3355 
6 276 340 1240 2018 3040 4501 
3 1110 4176 4302 
4 707 1006 2662 3951 
5 481 1147 1419 1470 2860 
9 971 1212 1518 1532 1793 2643 2726 2993 3950 
2 3532 3958 
2 1547 3315 
1 2691 
5 622 1050 2186 2692 3782 
1 3069 
4 1559 1998 2095 2266 
1 2749 
3 1296 2157 3138 
1 3960 
3 382 1181 1332 
3 624 995 1504 
4 1179 3231 3781 3835 
3 904 1121 3526 
3 1227 2112 2734 
4 135 1688 1824 2363 
1 2593 
2 2891 3002 
5 507 732 1035 1135 4420 
4 1094 1979 3466 3909 
1 1418 
1 2308 
3 2640 3146 3955 
4 657 2858 2978 3789 
1 3519 
2 3400 4560 
2 189 1778 
4 314 1361 1591 1986 
0 
2 1824 2306 
3 2053 3095 3336 
2 599 2784 
5 962 3376 4128 4175 4421 
3 813 1255 2554 
1 1977 
3 1644 2503 4485 
1 127 
1 2644 
0 
2 371 2446 
0 
1 393 
2 213 4240 
4 452 1169 3207 3579 
3 440 2432 3360 
2 2541 4589 
3 3548 4057 4533 
3 2115 2695 3220 
3 156 2416 2680 
2 1371 3862 
1 3445 
4 432 881 2904 3692 
4 971 1898 3021 4137 
3 459 1040 1523 
0 
2 3118 4204 
9 124 1411 2296 2384 2864 3143 3443 3545 3909 
1 129 
4 917 1183 1981 3824 
1 3972 
0 
1 4411 
3 813 2482 4242 
2 73 2785 
1 3470 
3 324 1799 3608 
2 2986 3495 
1 4181 
2 191 3627 
2 904 3043 
3 713 2893 3872 
5 1165 1544 2545 3626 4318 
2 1493 3226 
1 3456 
3 1413 1686 2842 
4 1854 2392 2798 3869 
1 2230 
4 931 2666 2677 3678 
2 1702 2530 
3 535 2896 4069 
4 630 676 1914 3951 
2 2511 2686 
3 708 1004 3803 
5 600 1583 1646 2529 3865 
2 739 4540 
3 1962 2178 3640 
4 1202 2475 3904 4487 
3 431 1569 3942 
1 2658 
2 1398 2653 
2 117 4361 
2 2176 4163 
2 2045 3630 
4 234 2721 3128 3878 
5 805 970 1630 4191 4586 
2 1024 4077 
1 3058 
1 1021 
5 1405 1942 2282 3524 4254 
1 3471 
5 50 1384 1687 3757 3829 
0 
3 3144 3340 3451 
1 2754 
1 3766 
0 
5 155 1385 1559 3189 3753 
4 236 327 2001 3383 
0 
4 1024 2894 3837 4402 
3 1097 1792 3181 
3 1017 1676 2530 
4 1737 2332 3270 3472 
2 514 2049 
0 
0 
3 1948 2311 2950 
4 807 2085 2606 3619 
5 286 2541 3005 3025 3467 
3 1594 1783 3665 
2 1750 3704 
3 1022 2345 2665 
2 207 3501 
2 506 3769 
1 919 
1 4596 
1 3180 
4 1177 2868 4465 4502 
3 45 2730 4576 
4 59 2256 2634 4010 
1 4481 
1 1322 
2 3372 3834 
2 1828 3085 
2 2162 3807 
3 991 1802 2069 
4 749 2119 2525 2869 
1 1421 
4 20 1660 2885 4587 
6 13 77 1338 2364 2616 3355 
1 3442 
5 260 448 2402 4116 4593 
5 423 1152 2589 2971 3368 
6 298 563 950 2990 3462 4018 
3 515 1141 3251 
1 1741 
4 124 1417 3338 4277 
0 
1 1469 
3 408 566 1053 
0 
3 741 2237 4374 
2 484 3542 
3 1109 1300 2221 
2 2648 3481 
4 308 1555 3871 4180 
2 3679 3797 
1 3251 
1 3519 
2 156 573 
3 93 3085 3446 
2 3363 4036 
2 1905 2217 
4 120 672 1179 3069 
1 3672 
3 1600 2948 4516 
3 847 949 1792 
3 810 4221 4417 
1 3939 
3 1308 3585 4165 
0 
4 1349 1818 3720 3855 
2 1781 2038 
1 3638 
4 542 1892 4345 4521 
1 3540 
1 2535 
1 823 
0 
0 
8 102 567 1340 1654 1890 3853 4426 4564 
2 2025 3560 
3 2207 2492 4076 
2 400 4260 
3 1503 2809 4278 
2 3982 4203 
1 2228 
1 3493 
6 11 962 1431 2198 2485 3798 
1 2399 
1 3445 
1 466 
3 728 1196 2646 
6 1109 2331 3989 4285 4429 4554 
3 779 2804 3302 
3 2182 2939 4131 
3 3586 4177 4192 
2 3989 4380 
3 3383 4251 4565 
3 3035 3645 3801 
3 989 1544 2263 
2 721 4403 
5 923 1075 1218 2553 2786 
0 
6 87 172 708 2111 2605 3116 
1 2228 
3 1903 2124 2578 
3 433 2833 4074 
2 1986 2544 
2 3731 4556 
2 1787 4206 
1 260 
1 1840 
1 2233 
4 653 1051 2407 2963 
6 401 770 1269 1637 2791 3230 
3 1275 3273 4338 
1 178 
1 3445 
1 549 
3 111 2126 2515 
3 1550 3285 4409 
1 1971 
1 2186 
2 999 2656 
2 3414 4449 
4 63 1692 2582 3733 
4 2719 2907 2951 3181 
3 1476 3771 3866 
3 942 1258 3689 
0 
5 1058 1996 2181 3213 3802 
3 2976 4091 4119 
2 870 1129 
5 337 1678 1819 2270 3687 
2 2496 3087 
3 22 1267 1581 
3 937 1437 4544 
2 281 4116 
5 692 1590 3634 3998 4508 
2 3320 3598 
0 
4 1225 1727 2842 3792 
3 69 2512 4473 
3 347 1243 1871 
1 9 
2 3314 3545 
0 
3 119 1315 3701 
4 101 322 1189 3251 
2 1168 4257 
1 3431 
3 1306 1702 1823 
1 4196 
2 1120 3042 
2 400 643 
4 285 1472 3712 3897 
1 1438 
4 819 2198 2393 4040 
2 3248 3643 
5 1860 2117 2893 3455 4358 
3 2078 2417 4528 
2 222 1357 
3 889 2113 3586 
4 89 1129 1970 4526 
1 2437 
0 
0 
6 1009 1406 1659 1737 3330 3904 
2 1426 2789 
0 
2 1959 4528 
3 1450 1692 3882 
2 799 2917 
2 2706 3735 
0 
4 212 1670 2829 3737 
0 
1 2347 
7 691 692 1572 1761 2776 2941 4033 
3 555 2538 4513 
4 888 1441 1941 2320 
3 885 1530 3170 
1 2121 
4 2615 3109 4243 4435 
3 1983 2266 4388 
1 503 
3 670 2365 3346 
1 1579 
6 817 1719 3654 3987 4102 4514 
2 1152 3513 
2 469 4115 
1 2589 
3 82 2566 3976 
3 16 1961 2502 
1 4455 
1 367 
0 
5 982 1036 1725 3322 4086 
3 667 2074 4235 
2 1317 1682 
1 1168 
2 1616 2528 
2 1425 2030 
1 3909 
1 561 
3 2403 2406 3570 
2 600 1397 
3 754 1667 1773 
2 409 1948 
1 3327 
2 1827 4331 
1 2652 
0 
2 961 2245 
3 2266 3554 4569 
1 889 
2 892 911 
5 304 889 1955 2906 4386 
4 635 992 3124 4545 
4 484 907 2232 3727 
2 2094 2468 
4 3398 3430 3524 4373 
2 2186 4202 
5 464 648 731 1241 4437 
7 622 670 2493 3686 3795 4396 4404 
1 1540 
3 711 1815 2368 
5 83 115 1022 2577 3479 
6 762 1072 1573 3531 3810 4214 
1 2894 
6 3 597 1507 2999 3388 4593 
1 2634 
1 1550 
4 1068 1353 2085 3021 
4 20 1180 2470 3594 
1 430 
4 2355 2779 3139 3683 
3 1500 2402 2754 
1 2547 
2 3709 3947 
4 294 396 1039 4158 
0 
1 723 
3 111 682 2829 
3 1886 2902 3368 
3 853 3325 4064 
2 2933 3211 
2 164 681 
4 1169 2123 2614 2779 
2 2351 2606 
3 3689 3766 4464 
4 610 1640 2645 4210 
6 41 70 412 1548 2873 4004 
2 1222 2085 
1 3609 
0 
2 377 835 
0 
3 2631 3393 3939 
2 3128 3753 
3 1088 1451 3928 
2 3612 4548 
5 732 1169 2476 2651 2804 
0 
2 2381 2912 
1 3138 
1 4474 
2 2996 3593 
2 1598 2920 
1 415 
2 1495 1826 
2 311 3621 
2 2864 4011 
0 
3 1240 1369 4192 
3 1746 3553 4581 
3 3022 3392 4570 
4 307 522 1171 2698 
3 770 958 1522 
1 1007 
6 1390 1502 1611 2016 2223 4382 
1 3050 
4 1077 2565 3385 4261 
2 2441 2702 
1 2814 
2 1324 3431 
5 290 2722 2980 3110 3166 
5 58 736 1651 3088 3575 
2 1089 2912 
3 901 1175 1275 
2 728 4307 
5 668 1781 3212 3243 4478 
1 2852 
2 2174 3862 
2 1903 2429 
2 850 2984 
0 
1 169 
1 780 
3 1050 1256 1846 
3 197 1851 3652 
5 2326 2346 2997 3110 3335 
2 19 1448 
4 528 1498 3249 4420 
6 1006 2966 3370 3963 4233 4358 
1 2312 
2 961 2365 
1 193 
2 278 911 
2 433 1457 
1 3720 
3 1125 1405 4408 
2 313 3761 
5 192 1252 1821 2122 3246 
4 461 831 2643 2749 
3 139 1630 3050 
1 2594 
0 
2 422 1164 
4 284 2982 3523 3617 
3 702 1408 3508 
4 1196 1644 2205 3044 
3 232 1103 3483 
4 650 849 1699 2374 
4 1288 2222 2733 3191 
4 1115 2518 2841 2944 
2 1782 1882 
2 857 4041 
1 1538 
3 371 605 4248 
4 1334 1715 2968 3484 
0 
2 414 4291 
0 
2 2034 4445 
2 465 2449 
0 
0 
1 348 
3 1776 3712 4184 
2 3876 4501 
6 983 1550 2045 2150 2746 3654 
1 552 
3 2650 3144 4082 
1 3223 
1 3555 
4 1471 2757 2988 4190 
1 4401 
2 2258 3257 
2 1011 4134 
0 
3 1016 2829 3192 
6 1790 2090 2419 2423 2586 3117 
0 
3 2439 3033 4494 
1 2299 
5 523 1887 3999 4061 4190 
1 1662 
4 2782 3437 3597 3861 
2 2263 4134 
4 311 1263 1585 3464 
3 1981 2696 4312 
1 14 
3 206 751 1694 
3 59 416 668 
3 305 3157 4002 
0 
4 926 1384 2774 3594 
1 1712 
0 
2 1521 3319 
3 579 585 4020 
1 859 
3 2012 2883 3945 
4 1134 1204 1591 3070 
2 2512 4142 
4 89 1005 1252 3498 
2 624 4104 
7 530 537 749 2231 3157 4244 4352 
2 3813 4126 
4 806 828 2069 3106 
2 1557 3128 
1 1728 
4 3361 3381 3652 3976 
2 1349 4412 
2 2904 3903 
3 262 3450 4442 
5 831 964 1959 3155 3635 
1 194 
2 944 1437 
1 1307 
1 393 
3 1627 2776 4355 
2 2931 4327 
1 1082 
4 1016 3334 3371 3763 
0 
5 1477 2095 2788 2871 3594 
4 454 2451 4274 4501 
2 3253 4454 
3 1445 2349 3454 
1 2797 
4 2969 3565 4074 4236 
2 966 2632 
3 342 1065 2462 
4 1791 2209 2879 3160 
1 1280 
2 4128 4236 
3 1403 2306 2575 
2 257 3982 
2 2260 3291 
5 60 403 904 2535 3175 
2 520 1469 
1 3945 
1 4297 
2 2348 4092 
1 1243 
6 682 1269 1764 2137 2829 3617 
2 1184 3546 
1 1002 
3 460 483 2975 
4 8 319 3092 4517 
2 1395 1441 
1 2997 
2 1633 4121 
0 
2 650 4155 
5 411 455 799 3273 3281 
2 1706 3816 
1 1593 
4 631 870 2602 3061 
1 4102 
3 292 1247 1421 
2 2056 2916 
3 1982 3885 4143 
2 2781 4408 
4 857 1698 2104 4144 
2 883 3614 
3 616 809 3790 
1 2057 
2 1952 3808 
3 851 3828 4196 
5 1638 1849 2342 3784 4433 
2 341 4394 
0 
2 1600 4583 
1 3316 
2 186 3774 
3 980 2903 4323 
4 1458 2677 3770 4393 
3 411 627 1007 
1 2408 
4 2085 2102 2495 4542 
6 206 2048 2237 2482 3464 3755 
1 2845 
1 1467 
2 997 3092 
3 1411 2940 4274 
3 1652 3350 3586 
3 89 2246 2941 
2 1039 3575 
2 2644 4253 
3 163 741 1085 
3 972 1998 2393 
0 
1 3757 
2 2010 3972 
4 1281 1437 3780 4411 
2 3755 4235 
2 1968 3693 
6 996 1894 2088 2565 3347 3739 
2 430 1314 
4 428 1140 2455 2671 
6 295 2543 3011 3088 3340 3427 
2 3371 4584 
3 307 3063 3540 
4 1545 2773 4339 4451 
2 482 521 
1 2066 
2 3483 4157 
2 1052 1289 
2 2162 4180 
2 415 2908 
3 1902 3129 3144 
2 2830 2836 
2 711 3951 
2 3250 4276 
5 96 290 348 469 2381 
3 859 993 2225 
0 
0 
4 1448 2420 2734 4097 
2 3566 4161 
3 1855 2599 3494 
4 1115 1687 3481 4587 
0 
1 3256 
3 1066 2318 2623 
3 959 2364 2616 
1 3724 
2 426 3480 
0 
2 20 4007 
4 1477 2556 3087 3649 
4 686 724 803 3806 
5 865 2659 2894 4048 4386 
1 1609 
2 287 2882 
2 1195 4358 
2 385 2112 
1 2220 
4 1163 1341 1561 4059 
4 525 666 935 1596 
5 160 1288 2037 2482 2654 
0 
2 771 3520 
0 
2 1379 2689 
1 762 
1 2519 
6 279 559 1622 1910 1953 2271 
2 1675 2626 
4 1279 1335 2301 2951 
3 723 1087 1169 
3 244 814 3529 
1 2230 
3 1822 3989 4256 
1 3054 
3 993 1075 3336 
4 1086 1234 2618 2823 
3 2130 3135 4587 
2 68 3639 
5 1108 1304 2305 2755 2970 
1 1154 
3 147 893 3966 
0 
1 887 
2 768 2455 
1 3059 
2 2518 3877 
0 
0 
2 4321 4474 
4 2447 2550 2958 3790 
3 462 2050 2789 
1 1496 
1 3827 
2 1999 2324 
5 263 1340 1995 2480 3597 
4 190 1403 2268 3526 
4 2860 3462 4471 4480 
3 1583 2709 3013 
5 1796 2866 3270 4305 4329 
5 40 378 1421 2618 3305 
6 1184 1198 1931 1939 2869 3066 
1 2830 
3 1540 3864 4523 
3 658 1480 2535 
2 781 1302 
2 3458 3550 
1 385 
5 196 3364 3462 3753 4099 
1 976 
3 303 784 3382 
2 126 2460 
3 652 3009 4073 
2 2590 4174 
1 3741 
1 1150 
2 28 1081 
1 1381 
1 431 
2 1875 2433 
2 1896 3797 
4 72 2109 3959 4556 
1 4233 
4 390 879 1569 4241 
1 4430 
4 776 1028 2387 3792 
2 252 1712 
3 379 1060 1958 
4 505 781 1570 4568 
2 2911 4457 
1 33 
2 1244 2444 
1 1763 
1 3946 
1 2726 
0 
1 2599 
4 1429 2163 3206 3933 
0 
2 3791 4303 
3 966 3034 4342 
3 733 3181 4149 
1 3556 
2 710 4347 
2 12 405 
2 3133 4201 
4 2412 2832 3221 3510 
2 3585 4101 
3 1413 3037 4076 
1 1038 
1 3046 
3 2271 3122 4286 
6 508 1842 2238 2495 2616 2716 
2 2539 3709 
2 2073 3938 
6 251 2265 3075 4140 4243 4378 
0 
3 632 3411 4097 
2 326 2887 
4 1596 3025 3088 4559 
1 1982 
7 14 148 370 677 2612 3794 4289 
1 2989 
2 842 1514 
3 384 1626 4386 
0 
3 629 2886 3474 
3 1349 3520 4161 
2 431 4232 
4 1343 2668 2708 4407 
2 901 3666 
3 1740 2706 3630 
4 653 2333 2642 4295 
2 579 1843 
4 181 823 2096 2841 
1 1221 
0 
3 579 2571 3663 
3 3185 3406 3493 
4 382 1753 2861 3854 
3 1375 1564 2215 
1 2359 
6 1100 1331 2772 3377 4147 4554 
3 1110 2753 2960 
0 
3 266 2864 4268 
0 
2 448 1790 
3 850 986 2404 
1 2594 
2 3480 4305 
2 1249 3181 
1 2139 
2 432 1083 
1 3709 
0 
2 2852 3638 
3 2146 3784 4583 
0 
0 
3 432 2559 3468 
2 1142 3894 
2 3354 4424 
1 3691 
3 312 2231 4177 
2 2821 3876 
1 3856 
2 2424 4115 
1 1824 
4 803 2895 3318 4507 
0 
2 2323 4158 
1 417 
2 2450 4129 
2 255 2805 
1 3501 
4 359 1019 1824 3586 
0 
1 1450 
1 1267 
4 559 1985 2319 4058 
1 3090 
3 81 1116 3576 
4 309 826 4426 4462 
2 3979 4030 
3 1285 1478 3006 
1 470 
1 4053 
2 3898 4052 
3 1710 3511 3802 
5 573 1790 3166 3377 4327 
1 520 
1 1487 
6 538 2199 2784 2858 4016 4270 
4 138 2312 3792 3999 
2 401 1850 
3 1440 1657 1969 
3 775 2429 3141 
2 1463 4429 
4 226 1013 1254 2090 
2 391 3366 
0 
2 704 2196 
3 630 2125 3848 
5 697 2759 2969 3578 4289 
2 788 1739 
3 1118 1959 4445 
1 1433 
2 1391 2459 
2 903 2697 
2 782 4544 
1 4085 
1 2064 
2 2122 3465 
2 1203 2923 
3 3039 3059 4140 
5 770 868 1188 4108 4463 
3 788 2878 3313 
4 3 1227 1631 3299 
4 1704 1883 2086 2394 
5 731 1454 2760 4353 4408 
2 3023 4281 
3 1943 3375 3434 
4 440 1196 1377 3981 
2 766 4211 
1 3579 
1 769 
1 700 
2 2462 3735 
1 874 
0 
0 
3 1818 2659 3203 
2 1400 4398 
2 2458 3642 
3 1045 1175 1733 
3 692 1817 3600 
2 616 2593 
2 1276 2884 
2 3916 4270 
0 
0 
1 2729 
1 3524 
1 4465 
1 486 
4 2921 3236 3768 3779 
5 1122 1736 2497 3059 3160 
0 
4 1643 3025 3087 3147 
1 2121 
3 78 2416 3750 
2 2956 2994 
2 1550 3403 
0 
5 519 1165 2308 2776 3240 
1 2046 
2 557 2956 
4 2292 2472 2638 4199 
0 
2 179 2036 
1 3910 
2 1350 3793 
1 1095 
2 569 650 
0 
1 2611 
7 183 1472 2090 2148 2756 3219 4350 
3 703 767 2544 
1 3643 
2 314 2988 
4 116 1604 4035 4055 
1 3163 
3 791 2023 2835 
2 1783 3576 
5 1341 2355 3879 4117 4349 
0 
0 
1 2805 
1 3972 
1 62 
1 2926 
5 60 1261 1611 2049 2542 
4 900 2019 2078 4286 
2 705 3909 
3 513 1723 4209 
3 1282 2045 2556 
2 162 1814 
1 2375 
2 4364 4448 
5 7 210 1199 3005 3572 
1 577 
1 4305 
3 1104 1703 2815 
3 1709 4282 4479 
3 3207 3214 3657 
2 2660 3025 
2 2887 3298 
3 424 515 4497 
2 167 887 
2 451 4366 
3 1975 4261 4480 
2 2531 3981 
1 1748 
2 3875 3962 
2 604 2807 
5 1304 1650 3829 3889 4415 
3 2455 2701 4456 
2 318 956 
3 642 3296 4315 
4 1037 1877 3834 4295 
2 1468 2904 
4 487 4073 4083 4188 
2 621 3487 
3 2976 3639 4165 
4 774 1430 2046 2973 
3 1064 2787 4570 
4 97 169 521 899 
4 341 984 3584 4406 
2 2880 3870 
2 290 2976 
2 2863 4083 
8 54 410 1286 1503 1523 1722 2714 3456 
2 1982 3743 
1 2301 
5 547 1740 2106 3264 3995 
3 19 418 2507 
4 582 1622 1962 2030 
1 2923 
1 3614 
1 3796 
3 670 1490 3698 
4 251 1175 1667 2404 
2 930 1897 
2 1058 2890 
0 
1 4379 
4 931 2502 3751 3961 
2 3121 3300 
3 465 887 1722 
1 339 
2 1706 3051 
0 
2 46 2088 
3 562 2646 2787 
3 312 2992 3606 
3 1844 2611 2683 
0 
3 1373 3106 4109 
5 1183 1779 3983 4030 4353 
5 1432 2291 2689 3529 4477 
2 822 2795 
5 1216 2419 2884 3257 3386 
0 
3 170 366 1429 
1 799 
4 747 1305 3312 4480 
3 3121 3964 4381 
4 1452 2013 2575 4314 
2 1583 1976 
1 1518 
3 1375 3200 3911 
3 1966 2298 2514 
2 229 1389 
0 
0 
0 
1 1800 
3 2630 4002 4160 
1 2570 
2 1021 3132 
2 3782 4596 
3 307 2137 3849 
2 2632 4292 
3 1687 2135 3209 
0 
5 1028 1915 3120 3241 3535 
4 35 786 824 983 
2 975 3850 
4 782 2735 2921 4325 
1 4304 
1 3213 
2 3621 4449 
3 691 1920 3877 
2 2253 3471 
1 2030 
0 
1 1611 
6 3455 3459 3994 4423 4455 4572 
0 
1 4302 
1 810 
1 2419 
1 3066 
1 1177 
0 
2 72 3863 
1 4445 
3 2265 2953 3037 
3 463 1303 1751 
5 751 852 1860 3589 4266 
2 2546 4558 
2 164 3919 
3 270 1150 3455 
1 2264 
0 
5 269 512 2917 3712 3745 
1 401 
3 492 3423 3831 
1 2182 
0 
2 477 1563 
2 783 3349 
5 840 1260 2709 2972 4558 
0 
3 354 1254 2477 
2 2281 3195 
1 4340 
2 1400 3803 
7 861 1364 2172 2730 2834 3498 4221 
0 
0 
2 928 3443 
7 189 1173 1392 1492 2258 3459 4424 
3 397 2458 2940 
3 2765 3549 3790 
2 3142 4275 
1 4471 
2 986 3787 
2 874 2270 
1 4067 
2 3183 3417 
4 970 2247 3017 3751 
3 1965 2477 4575 
2 188 315 
4 1357 1427 3770 4401 
2 334 1956 
2 543 4385 
2 468 3797 
1 3000 
0 
3 836 2676 4467 
1 1591 
1 2712 
2 553 1351 
2 841 3269 
2 1675 3143 
0 
2 3414 4234 
0 
3 99 3306 4113 
1 4586 
4 1098 1148 1903 2913 
0 
1 1331 
0 
1 4109 
3 1780 3405 4208 
5 515 1322 2231 2553 4323 
5 65 1594 3004 3181 4387 
6 1550 2695 3480 3658 3915 3953 
4 2750 2804 3712 3949 
2 476 1758 
2 287 3477 
0 
4 224 1355 1374 4085 
2 849 858 
4 920 1245 1795 3380 
4 1648 1927 2221 2602 
1 1489 
1 1382 
2 171 3545 
0 
1 3189 
3 1320 1723 4035 
3 829 1875 2292 
0 
1 3368 
2 251 4372 
0 
1 482 
2 2479 3421 
5 52 1483 3537 3550 3869 
1 1729 
1 2195 
0 
2 528 3234 
1 2960 
4 594 678 3180 3219 
3 3469 3870 4532 
2 2147 2759 
3 2828 3513 3635 
1 3746 
2 1298 3634 
0 
6 1618 2186 2972 3540 3651 4564 
0 
2 93 1680 
1 3276 
3 574 3284 4107 
5 373 803 860 1369 1629 
2 2167 3672 
3 1878 2161 4586 
5 1175 1454 1484 3607 4422 
2 37 882 
1 1819 
3 1103 3116 3170 
2 1403 2192 
3 1790 1874 2659 
2 95 139 
2 584 3365 
2 833 2944 
4 280 1005 1109 4387 
0 
3 2755 3495 3761 
4 489 1035 2916 3092 
2 2568 3138 
0 
1 2179 
2 1267 2890 
0 
2 571 3047 
3 565 4177 4570 
1 3202 
1 1122 
1 2389 
2 602 2497 
1 1133 
1 2113 
3 607 2021 2238 
3 147 438 4365 
1 3431 
1 2340 
2 1225 2599 
3 287 2423 4328 
3 45 531 2125 
2 1006 1625 
0 
3 1792 2087 3313 
2 698 3143 
1 169 
3 502 4023 4398 
2 1802 4499 
5 9 1198 1678 3810 4557 
3 689 2512 4254 
2 1190 2018 
3 1084 3039 4145 
2 2427 3406 
4 179 528 1285 2599 
4 1575 1957 3443 4389 
3 707 3314 3720 
2 3536 4466 
1 4267 
4 437 1020 2527 3885 
2 2387 4094 
3 1767 2875 4265 
3 1943 2714 3062 
4 172 1450 2561 4492 
1 974 
1 3032 
1 1934 
3 387 1817 3233 
0 
5 1571 2406 3806 3903 4549 
2 2916 2984 
1 632 
0 
2 943 2902 
4 76 1362 2426 2841 
1 1281 
2 1895 4573 
2 387 3652 
3 2820 3250 4241 
1 4491 
2 109 3207 
3 788 1161 2767 
2 102 3441 
3 680 2295 3353 
2 33 185 
3 1712 2628 3795 
1 4147 
2 4157 4270 
4 562 1290 3008 3585 
4 862 926 1571 3836 
6 54 1447 2536 3397 3661 4388 
3 1685 3054 4068 
4 87 94 1670 3275 
0 
1 1519 
0 
2 1115 2708 
1 2510 
3 1096 1506 2038 
1 4535 
4 523 640 2559 3455 
2 2619 3873 
4 499 1904 2957 3553 
0 
3 907 3142 3362 
0 
2 1184 3171 
4 1145 1308 1768 4408 
4 162 341 1456 1576 
2 1079 4283 
2 3698 4228 
1 1496 
1 2560 
1 3720 
6 652 2770 2839 3435 4024 4249 
2 3726 4310 
0 
1 1593 
2 2051 3342 
3 1144 3213 4340 
1 463 
0 
0 
1 428 
4 565 1534 1757 2497 
3 3240 3532 4564 
1 3224 
4 217 711 1225 4311 
4 2670 3079 4073 4138 
2 2418 2442 
2 1848 2317 
1 3483 
3 64 2288 3930 
1 4157 
6 219 692 760 856 3634 4387 
1 1244 
7 740 1427 1733 2566 2569 3562 3762 
3 173 573 1982 
5 149 668 905 2896 4316 
2 2855 2867 
1 546 
2 1020 4168 
3 1358 2979 3973 
4 3533 3828 4187 4215 
1 443 
2 1310 1507 
1 1475 
7 205 1043 1152 1911 2095 3314 3699 
1 4544 
2 1475 2326 
2 854 1383 
2 1721 2469 
4 2912 3831 4012 4143 
2 2698 4186 
0 
2 1869 4128 
2 368 2735 
0 
0 
3 1217 2014 2830 
3 1430 2821 4139 
5 916 1100 1130 2386 3520 
5 1020 1104 1622 2115 2155 
3 124 1761 4283 
1 3806 
5 137 693 1000 2445 3468 
3 1622 2297 2501 
1 1930 
2 368 1115 
6 332 481 2331 2904 2931 3470 
6 297 539 2310 2701 2911 3024 
2 2775 4098 
3 1564 1960 3406 
1 2642 
2 3406 3969 
2 1213 3434 
2 1842 4096 
1 1158 
1 1101 
3 639 712 4471 
2 761 1434 
0 
2 1624 4315 
5 83 241 871 979 2928 
5 761 1048 1553 4137 4197 
2 2386 3335 
1 4311 
3 1854 2485 2648 
2 2422 4520 
4 1208 3345 3662 4374 
1 1813 
3 128 277 3790 
4 667 1072 1605 4470 
4 341 1936 3818 4108 
5 1668 2917 3742 3878 4182 
1 156 
0 
0 
4 1742 1807 2070 3672 
5 790 2984 3491 3995 4081 
2 2727 3817 
4 681 1997 2187 4257 
1 1971 
3 413 1834 4031 
1 2724 
4 236 1674 1991 2596 
2 957 3112 
1 1075 
1 3067 
2 548 2551 
1 723 
4 1490 2759 3853 4208 
2 811 2408 
3 514 1504 3042 
0 
1 2021 
1 3198 
1 3880 
3 828 1255 3410 
2 1532 3086 
5 548 854 929 2178 2196 
2 644 4185 
4 204 985 2244 3907 
2 750 1818 
1 2805 
4 1231 1723 1783 4437 
1 2819 
1 2694 
6 35 1357 2444 3404 3425 4502 
1 3697 
3 106 210 3867 
0 
1 305 
3 2713 3904 4256 
1 514 
2 1351 4132 
2 1494 3861 
0 
4 1722 1875 2642 3807 
3 1404 2786 3051 
4 205 2010 2289 2381 
1 422 
0 
1 389 
2 2423 4317 
2 1463 2100 
3 306 1204 2598 
5 106 2700 3073 3785 4101 
2 4398 4406 
3 363 1088 3794 
3 130 2089 2669 
2 1157 3004 
2 705 3729 
1 2354 
3 734 1250 2773 
4 1412 1645 2307 2709 
2 118 3143 
1 2125 
3 21 1389 2516 
5 98 2515 3796 3983 4024 
0 
4 4 610 1595 1809 
1 1789 
0 
0 
1 2887 
1 201 
0 
3 99 126 1305 
4 1115 2703 3574 4266 
3 411 2316 2713 
2 1471 3264 
4 1016 1252 3492 4442 
2 1247 1280 
2 913 2065 
1 4043 
0 
1 3273 
4 1345 1681 1827 4112 
3 1052 2347 2666 
3 1023 2615 4535 
4 152 439 1449 4163 
5 470 912 1127 1876 3335 
1 224 
2 1214 1287 
2 2045 2548 
1 1743 
2 1377 2031 
2 1240 4261 
3 1120 2164 4287 
5 73 1508 3306 3761 3849 
2 2542 4471 
3 440 3606 3900 
2 1813 3719 
2 2466 2561 
1 83 
3 1371 2221 2629 
2 601 1202 
4 47 1133 3227 3318 
4 846 1079 1773 2049 
1 726 
2 2764 3448 
7 328 1923 2357 2599 2879 3276 4226 
3 623 875 2369 
2 2320 2551 
1 1131 
4 3145 3188 3672 4232 
0 
3 1552 1740 2669 
4 1462 2393 4357 4415 
3 95 3257 4454 
1 2279 
2 2393 4148 
3 2132 2727 3088 
4 604 1900 2622 3325 
2 3145 4514 
1 3751 
3 226 2689 3062 
2 1678 2121 
4 457 720 3119 3280 
4 916 1497 2794 3204 
4 351 1375 2775 3115 
1 2952 
4 356 574 3970 4418 
1 297 
4 278 817 1085 1395 
1 747 
2 1027 3552 
1 3646 
2 1622 3977 
2 1034 3028 
3 884 3299 4059 
2 1311 1461 
2 1836 3757 
0 
0 
3 582 1185 2000 
5 503 1586 1912 4189 4377 
2 153 3993 
2 880 2462 
1 4545 
2 962 2503 
6 1763 1859 2296 2311 2559 4499 
1 3722 
1 4036 
3 1700 2231 3722 
0 
3 947 1164 3865 
1 1373 
2 1286 1519 
0 
2 2776 4376 
2 295 949 
1 2718 
5 2029 2109 2704 3178 3922 
1 1884 
1 3042 
3 1518 4206 4309 
3 1453 2537 2669 
3 1308 1768 1875 
2 402 959 
6 61 395 792 1799 1823 3375 
3 2358 3339 3344 
2 3813 4153 
0 
3 366 2571 4575 
1 1767 
1 2835 
2 3283 4271 
2 280 1791 
1 672 
4 567 2342 2785 4575 
2 2553 4382 
5 2131 2998 3713 3886 4057 
2 410 1528 
2 1673 2136 
2 895 3144 
2 1298 1501 
2 237 2932 
1 4362 
1 3073 
7 50 585 2021 2929 3277 3481 4180 
1 1071 
5 123 478 712 1191 4478 
0 
4 1895 2430 2495 2941 
5 488 1169 1584 4157 4304 
4 1066 1206 1731 3632 
2 1521 4115 
3 908 1361 2107 
1 2909 
4 4 358 1323 2444 
2 917 1150 
2 1613 3207 
2 512 1532 
4 332 1481 2654 3997 
1 1258 
6 696 1783 2652 3159 3204 4226 
3 629 2998 3296 
4 303 678 1393 2955 
2 275 4317 
2 1257 3986 
6 184 1775 1995 2271 3200 4447 
3 94 2059 2765 
1 3905 
6 113 802 1167 2910 3179 3543 
2 3463 3870 
1 4153 
2 1290 3175 
2 1246 2536 
2 431 445 
2 1892 2989 
5 739 2507 2565 2615 3123 
4 2385 2774 2825 3602 
4 450 1046 1742 3478 
3 403 447 944 
2 3226 3585 
0 
1 260 
1 2204 
4 1008 1246 1719 3855 
0 
2 406 4427 
2 1217 3718 
2 3124 4042 
1 3785 
3 2109 2897 4303 
1 3473 
1 283 
3 774 1250 4065 
1 4268 
0 
6 240 1038 1787 2113 2574 2738 
0 
1 1172 
2 735 1173 
0 
3 2484 2784 3292 
4 26 1216 2223 3498 
3 1631 3498 4568 
2 1972 2718 
7 310 1547 2410 3073 3455 3592 3824 
4 259 3941 4055 4320 
1 2504 
2 2070 2427 
3 1553 3416 4102 
6 188 2526 3069 3776 4087 4279 
1 2611 
1 3845 
5 463 1443 1894 3372 4517 
4 467 3179 3328 4592 
2 1892 2353 
4 1821 2176 2512 3374 
4 3304 3581 4058 4357 
0 
2 442 2206 
2 2490 2527 
6 123 344 2085 2319 3634 3941 
2 63 254 
4 1875 3080 3536 4375 
3 674 870 3533 
3 2610 2697 3336 
3 213 1396 3537 
1 909 
6 135 269 300 1262 3683 3718 
5 75 1556 2814 3384 4455 
1 4419 
2 2461 4412 
1 41 
4 236 1169 1857 2792 
3 2457 2570 3539 
4 3669 3930 4291 4591 
3 1121 2005 3596 
2 1297 2182 
1 3205 
3 3097 3932 4085 
4 474 1594 3492 3497 
3 195 1183 1761 
3 2142 2413 4230 
1 4193 
0 
2 2689 4537 
2 2756 4285 
4 288 862 3797 3997 
0 
2 1069 4456 
1 460 
4 338 635 3041 3978 
1 899 
2 1611 3338 
0 
0 
4 735 1176 1584 3988 
3 679 2224 2901 
2 1012 3189 
2 134 1106 
2 964 1906 
3 1272 1507 3827 
5 1100 1802 2277 3023 3760 
4 2030 2739 2799 4033 
5 751 1616 2812 3875 4289 
1 395 
5 1967 2253 2468 3200 4222 
4 1121 1983 3580 4336 
5 34 3754 4049 4513 4540 
3 956 3015 3246 
1 3661 
1 2558 
2 2188 2660 
0 
4 668 2338 3743 3751 
1 914 
2 2969 3509 
4 876 1017 2371 3029 
5 75 343 1158 3062 4423 
3 1905 3463 4595 
2 1746 2511 
3 1637 2670 4242 
4 785 2428 2578 2864 
4 1448 1662 2018 2608 
1 890 
0 
3 1506 1518 4571 
2 2973 3169 
1 1705 
4 333 1628 2979 3447 
1 3095 
4 1200 1956 2694 2859 
2 1232 2628 
2 1371 2496 
2 2079 2107 
2 1132 1667 
3 1438 1814 3138 
2 528 4137 
4 145 1384 3080 4123 
4 234 602 2726 4508 
0 
4 230 2577 2823 3786 
1 2114 
2 3212 3761 
2 1671 3346 
1 1244 
3 1164 2756 2801 
1 376 
2 2799 2944 
1 4076 
3 61 219 308 
3 1363 1532 2224 
6 913 1937 2041 2481 3666 4128 
3 218 2990 3243 
2 999 2068 
0 
3 1353 4067 4507 
0 
1 3572 
2 2757 3638 
2 145 4423 
3 593 1554 2722 
3 912 2056 4051 
1 1020 
3 4 1047 2970 
5 12 380 1094 2888 3481 
2 2483 3065 
5 107 916 945 2335 4119 
3 1928 2417 3560 
1 846 
2 1799 2794 
0 
4 330 702 2670 3734 
1 4168 
2 3081 3766 
1 2254 
4 1445 1513 1621 1687 
4 544 1754 1825 2416 
0 
3 37 129 1869 
4 863 1376 3474 3790 
3 892 2182 4360 
3 182 2036 2624 
3 80 567 1754 
2 2909 3137 
3 393 3138 4347 
2 2371 4100 
0 
4 1595 1897 2331 3798 
4 1243 1411 3023 4065 
1 3611 
4 540 3333 3637 4522 
7 99 322 1724 2883 4090 4509 4512 
1 3610 
1 3127 
2 3243 4023 
2 3688 4121 
0 
1 563 
3 532 1562 1919 
2 3043 3859 
2 2937 3943 
3 2396 3473 3675 
2 183 4119 
1 3874 
5 78 1192 1956 3004 3653 
1 2784 
4 1168 1820 3233 3520 
2 1902 3402 
2 188 209 
3 348 903 2084 
5 1225 1542 1908 2775 4482 
0 
5 345 386 1822 3993 4307 
3 508 635 2396 
3 981 1296 2889 
3 607 1305 1824 
1 4064 
1 1667 
2 151 4322 
1 1522 
1 3987 
3 913 2318 2962 
3 1035 1096 3727 
1 4399 
2 670 1980 
3 1079 1675 2559 
1 2082 
0 
2 1777 3932 
3 1643 2845 3644 
3 2001 2115 3943 
4 1051 1307 3491 3735 
3 773 1069 1889 
5 294 1881 2060 2522 3954 
1 2818 
1 2868 
2 2097 2282 
5 210 658 954 1186 4441 
5 815 1030 3375 3723 4099 
3 1144 1239 1429 
3 1278 1499 1775 
2 90 1932 
2 1248 2395 
1 2683 
2 115 168 
2 762 3132 
1 3685 
4 250 896 2750 4535 
2 1514 2330 
3 1718 3783 4581 
5 638 1220 1655 2074 2426 
2 4030 4511 
3 280 1487 3203 
3 1396 3745 3843 
3 1752 4022 4265 
3 1024 2647 2837 
1 2662 
3 1852 2427 3395 
3 1534 1558 2409 
2 2215 3025 
4 24 417 3090 3639 
1 3537 
6 1020 1156 1703 2278 2327 4298 
4 773 1442 2169 2451 
0 
1 4032 
1 1538 
3 2009 2142 3173 
2 775 4300 
2 1977 2091 
1 3440 
1 3536 
2 2044 3992 
3 3174 4382 4551 
1 2440 
3 733 2638 3808 
3 325 995 3645 
3 1663 2426 3123 
1 2635 
2 1516 4040 
1 1104 
2 3057 3154 
1 313 
1 2854 
1 4175 
4 906 1364 2998 4225 
4 1727 2187 3516 4268 
4 1448 1729 2642 3821 
2 4312 4563 
3 3449 3509 3533 
3 1595 2274 2801 
5 7 776 1022 3470 4083 
1 4352 
1 3784 
1 1334 
0 
1 1285 
4 443 1396 1792 4452 
2 2579 3632 
1 2161 
3 1020 1026 4104 
2 2656 4597 
4 962 2015 2020 3672 
2 2359 3658 
2 1813 3652 
1 3326 
3 1906 2250 3231 
3 365 3064 3099 
1 2875 
4 1383 3099 4124 4372 
2 3615 4197 
1 4488 
1 1574 
0 
4 959 1600 3866 3993 
5 1672 1967 2769 3500 3745 
2 1802 2817 
1 1311 
4 2176 2258 4191 4519 
3 2078 2780 3497 
0 
5 1690 3327 3916 4034 4171 
4 1010 1401 2077 2083 
3 91 3184 4558 
2 1192 4386 
2 2399 2782 
4 526 1556 3091 3422 
0 
2 345 1589 
1 3110 
3 1565 2327 2456 
0 
1 1235 
1 4308 
4 449 1616 2033 4031 
2 1885 2668 
2 1312 2806 
0 
1 2108 
3 1169 4061 4479 
5 209 985 2015 3563 4367 
2 4227 4503 
2 1537 3960 
4 88 641 1571 1693 
4 2630 2655 2939 4326 
1 1500 
5 306 743 790 2202 3004 
4 3307 3454 3555 4549 
3 292 1186 3298 
0 
4 2222 2508 2858 3000 
3 1287 2053 4568 
1 1948 
1 351 
2 2345 3982 
2 1835 3081 
2 3768 4255 
2 465 1743 
0 
3 1151 1821 3702 
3 446 3796 3986 
2 886 2762 
1 4062 
2 78 2195 
0 
1 298 
1 4005 
4 515 774 1221 1503 
2 1546 3197 
5 1984 2755 2842 3258 4077 
6 46 704 2427 3311 3343 4557 
6 491 1287 1882 2012 2059 2913 
1 796 
0 
3 207 2587 3363 
1 2770 
0 
0 
3 470 601 2322 
3 1624 3155 4179 
6 376 675 1863 3163 3912 3967 
3 137 1368 3219 
1 3973 
4 561 597 1871 2161 
1 438 
3 435 1978 2309 
1 1165 
2 240 2744 
4 1423 2470 2613 3262 
2 1238 2853 
1 1591 
0 
6 349 991 1008 1873 4189 4370 
1 2284 
2 852 1037 
2 3785 4509 
4 1551 1585 3710 4508 
4 2104 2496 3139 4554 
2 48 4431 
1 391 
5 565 635 1797 2348 3155 
4 221 394 4097 4112 
0 
4 291 568 2935 3478 
2 1265 3488 
6 1808 1978 2010 3295 3611 4065 
2 3618 3781 
2 132 1700 
4 2319 2574 2771 4592 
1 1745 
3 821 1015 2961 
2 2819 3916 
3 1824 2156 3116 
2 726 2465 
1 547 
4 1174 1332 2703 4378 
1 1644 
3 499 766 3392 
4 422 3618 3645 4189 
4 2504 2637 2698 4425 
0 
3 717 1878 3202 
1 3812 
1 3988 
2 563 590 
2 2385 3512 
2 2716 2791 
4 2827 3009 3603 4227 
2 3566 4130 
3 358 1059 3640 
1 4511 
6 1302 1329 3496 3624 3824 4091 
2 2476 3190 
4 668 1404 1773 2012 
7 514 735 1557 1743 1882 2570 4114 
1 404 
4 557 1944 2914 3686 
1 2980 
5 114 1691 1726 2278 3550 
2 578 906 
0 
3 1199 2783 3624 
2 107 4241 
3 2732 3133 3944 
1 3573 
5 358 464 883 2961 2963 
2 4088 4150 
2 3816 3974 
1 761 
4 3143 3256 3622 4408 
2 3539 3913 
1 917 
4 1650 2111 3958 4218 
0 
1 3916 
3 1453 3418 3484 
4 1556 1571 2983 4590 
1 4519 
7 582 697 2463 3210 3252 4072 4487 
1 3674 
2 607 1148 
3 2578 3341 3598 
7 555 625 1373 2269 3066 3865 4222 
2 1622 4078 
4 1224 3619 3789 3949 
1 2576 
2 528 2139 
2 2101 2120 
2 1874 4431 
2 2669 2931 
2 1488 2681 
1 377 
1 4430 
3 2847 4263 4453 
3 1262 1529 1651 
1 1753 
1 4071 
2 1132 4273 
2 2133 2899 
3 431 1868 3097 
3 192 387 804 
2 1800 4349 
1 3170 
2 285 2837 
8 870 945 1177 1535 2279 2789 2838 3430 
3 1506 3051 4496 
2 1034 3889 
3 979 1960 4412 
2 2189 2361 
5 1225 2209 2302 2513 3103 
6 1 203 1271 1613 1753 2633 
3 2563 2572 4356 
3 1044 1191 3648 
2 564 2012 
0 
1 3661 
3 644 794 4053 
1 3786 
2 3479 3678 
0 
4 2935 3246 3615 3933 
6 1657 3033 3054 3524 3846 4071 
1 4064 
4 1635 1648 3992 4563 
1 442 
2 2654 4512 
5 1049 1675 2010 3179 3339 
1 1149 
3 10 375 4049 
3 632 2035 3034 
2 4159 4434 
3 1043 3376 4176 
4 492 1556 1953 3651 
3 527 3779 4139 
5 9 100 3365 3408 4146 
3 2780 3931 3956 
3 1451 2269 3136 
3 328 2363 3831 
1 681 
2 2921 4347 
1 2927 
3 1681 2665 3339 
1 3524 
1 257 
2 2611 4324 
3 2662 2707 3160 
2 1295 2251 
6 1279 1396 1864 1914 2222 3836 
2 3269 4205 
1 2194 
1 2977 
2 1901 3966 
2 3770 3845 
2 383 4532 
3 2563 3460 4277 
4 131 1275 2236 2751 
5 634 813 3086 3310 3621 
1 1594 
1 1621 
4 32 592 3730 3740 
0 
3 961 2179 4429 
1 195 
1 3022 
3 290 940 2473 
4 192 500 3889 4271 
4 2124 2659 2759 3684 
4 783 847 3465 3923 
5 502 2286 3075 3729 3960 
4 82 1995 2906 3492 
2 2577 2654 
3 943 2731 3779 
2 1860 3285 
5 1212 2058 2337 2650 4425 
4 197 230 963 4354 
4 830 1028 2137 3214 
2 3112 3929 
3 122 1516 3725 
2 1561 2796 
3 1400 2144 2376 
5 528 2058 3209 4068 4292 
2 833 1147 
0 
1 641 
2 247 645 
3 2030 2251 3035 
3 1216 3629 4355 
1 1869 
0 
2 894 1614 
1 2383 
2 4337 4576 
2 1241 2673 
3 2555 3942 4249 
1 4165 
1 3996 
2 301 1384 
2 1181 2960 
1 3566 
4 167 2324 2860 3263 
1 2249 
2 142 3449 
2 1026 2009 
1 69 
0 
1 3672 
3 2018 2382 3472 
2 2139 3321 
3 1088 4355 4547 
5 128 1561 2806 2848 4398 
3 441 4381 4397 
5 338 606 633 1158 3484 
5 285 1583 2762 3154 3980 
0 
2 409 1428 
1 1573 
6 1002 1756 2335 3737 3918 3972 
5 414 1313 1326 1418 3828 
5 133 3112 3592 4085 4547 
6 914 1009 1669 3814 4197 4213 
1 976 
1 4205 
3 1766 3103 4423 
6 493 935 1618 2115 2567 4277 
2 187 3023 
1 4395 
3 3409 3542 4569 
2 568 3670 
3 71 3042 3722 
1 3233 
2 2088 2528 
0 
1 506 
1 302 
1 427 
2 2208 3182 
2 1281 1822 
2 1067 4459 
1 4469 
4 500 1385 1697 2534 
5 439 640 766 3955 4346 
2 2349 4248 
2 2261 2559 
2 1036 2638 
0 
0 
1 2576 
2 751 1697 
2 3345 3902 
3 2625 4001 4437 
4 44 889 1150 2262 
6 205 722 1390 3206 3740 4321 
0 
0 
0 
4 58 272 428 4108 
1 50 
3 987 1680 3795 
2 2694 3662 
1 3906 
1 995 
1 3059 
2 2072 2655 
1 891 
2 2060 3002 
4 659 756 1981 2588 
2 968 2101 
2 40 51 
2 38 1363 
0 
1 2710 
2 573 1823 
3 2213 2547 3532 
2 1094 3001 
0 
2 290 3822 
4 3190 3887 4126 4329 
2 1072 3024 
1 2119 
4 284 1980 2301 3620 
5 1415 2313 2404 4012 4524 
2 1091 1171 
2 349 1716 
3 92 312 3643 
4 317 608 1932 2555 
1 1640 
4 16 165 1409 4521 
1 3241 
2 1467 4178 
2 483 3402 
0 
3 1515 2571 4329 
2 2959 3898 
5 433 768 1479 2975 4484 
1 2707 
0 
2 533 1437 
1 4130 
1 230 
4 1067 2844 3747 3860 
3 652 936 1665 
5 529 1571 2442 2539 4337 
4 1199 1798 2718 3538 
0 
6 299 485 931 1315 2746 3645 
4 481 2619 3160 3175 
3 1271 1743 3889 
2 859 3115 
3 2375 3488 3652 
2 3024 4195 
3 182 951 2619 
5 244 1069 2446 3282 3490 
5 50 354 797 1456 2797 
7 1028 1740 3362 4023 4272 4452 4500 
1 3366 
3 2175 3805 4089 
2 241 1728 
0 
2 3907 4554 
2 2340 3580 
2 956 1925 
6 621 900 1088 1164 1308 4405 
2 524 1058 
0 
2 675 3758 
0 
2 193 1213 
3 1653 3718 4166 
2 2361 3347 
3 708 1330 3028 
1 1831 
3 2273 3168 3852 
2 1963 3348 
0 
5 630 1063 1311 1514 2240 
1 1000 
2 647 1574 
5 1665 1744 4032 4275 4403 
6 441 1301 2706 3553 3585 4380 
1 4540 
4 2709 3881 4332 4368 
3 1985 2618 2892 
2 1201 3165 
3 447 1905 1953 
0 
3 851 4110 4493 
1 2230 
2 733 1653 
1 1833 
4 17 1276 1367 4195 
2 2722 3751 
1 1552 
5 1018 1137 2115 4464 4477 
1 678 
1 1500 
0 
1 849 
0 
2 1546 3071 
2 119 1528 
0 
1 2911 
4 234 1069 4472 4530 
1 2347 
1 1491 
0 
1 1194 
0 
5 109 433 2861 3323 3559 
5 277 737 2016 3764 3818 
3 980 2485 4137 
3 2220 4156 4380 
6 1901 2310 2429 2431 4016 4492 
5 49 77 573 3586 4092 
4 974 3168 3719 4107 
2 3260 4047 
2 567 2475 
1 1880 
2 911 4114 
3 82 152 3971 
2 1394 2211 
0 
4 253 580 2702 4030 
2 2194 3454 
2 526 3109 
1 3618 
0 
3 630 2244 3621 
2 2980 3727 
5 283 453 509 2171 4284 
3 328 711 3820 
3 539 813 2485 
1 910 
3 34 843 1743 
0 
0 
2 1491 3138 
5 1420 1555 2294 3524 3724 
0 
0 
3 1985 2432 3918 
1 2371 
1 311 
1 1628 
1 3602 
3 800 1045 3920 
1 2924 
3 729 2339 3545 
2 1309 4592 
3 1225 2185 2312 
0 
4 895 1219 1359 1387 
1 1329 
1 2782 
2 375 2558 
3 1136 2943 3235 
1 1656 
1 1271 
0 
1 4047 
4 1670 3001 3417 3963 
6 170 1429 2151 2166 2357 2698 
4 61 1008 1242 2085 
1 3648 
2 396 1829 
2 2151 2186 
1 3188 
2 3540 4228 
4 1312 1820 1831 3556 
3 230 2663 2772 
3 1630 1723 3996 
6 361 1976 3201 3770 4387 4459 
1 1188 
4 940 1134 1287 3949 
3 821 1923 2422 
2 2252 4491 
4 1233 2426 2945 4449 
3 1268 2147 3683 
8 261 1281 3240 3647 3684 3752 4087 4588 
6 681 695 1025 2684 2855 3912 
3 1889 2833 4168 
2 237 615 
0 
1 2226 
4 5 547 2671 3057 
4 576 760 1497 3152 
5 1770 1913 2223 4218 4245 
4 1323 1764 2638 2818 
0 
6 464 596 975 1592 1749 2388 
6 226 1600 3109 3245 3625 3671 
0 
1 4423 
2 916 2076 
4 3058 3342 3832 4130 
0 
2 3345 4355 
4 541 627 2456 2885 
4 2529 2733 3203 4040 
3 898 1356 1901 
3 1763 3909 3970 
4 192 218 1235 2277 
4 458 602 980 3085 
3 2733 2973 3855 
5 1646 2182 2695 2696 4585 
2 990 4482 
1 2969 
3 1291 1938 4271 
0 
1 761 
0 
3 453 719 734 
1 1080 
2 275 844 
3 187 655 1590 
5 241 601 1051 2769 2943 
2 1869 3661 
1 1952 
3 471 3079 4056 
4 977 1459 2254 3790 
2 452 4317 
1 3825 
2 123 2940 
0 
1 463 
2 1193 1327 
4 1785 1890 2418 2860 
1 639 
1 672 
3 1589 3672 4517 
6 1267 1491 2006 3155 3176 3431 
2 132 4212 
2 1182 1819 
3 224 3978 4515 
0 
3 582 1794 2113 
1 1148 
3 634 1498 4462 
3 1170 2382 3306 
4 321 2400 2717 2943 
2 582 1049 
1 2139 
3 2314 2716 2925 
4 2245 2719 2915 4109 
1 3336 
7 85 648 1051 2727 3104 4298 4500 
4 1344 1745 2258 3461 
1 4170 
2 1321 3260 
2 83 2662 
1 422 
4 1225 1415 2234 3441 
2 1688 4044 
1 246 
1 1215 
1 2188 
4 1829 2245 3092 4186 
2 1 3611 
1 2584 
3 1545 2359 3372 
3 122 1484 3608 
3 1615 3001 3832 
4 318 1865 3462 3571 
1 3954 
1 3681 
4 323 885 889 3402 
4 562 864 1350 2821 
1 959 
1 2393 
2 289 2994 
0 
1 1672 
3 1762 3082 3232 
2 4237 4460 
2 12 4000 
1 123 
2 1475 4138 
2 178 3556 
3 488 2053 2811 
3 656 665 3098 
3 2526 3648 3824 
3 1557 1730 4555 
3 711 1945 2037 
0 
2 451 1967 
4 978 1212 1988 4202 
5 75 812 2760 3353 3623 
3 96 329 2710 
1 470 
0 
2 969 2081 
9 1029 1103 1338 1870 2345 2673 3372 3632 4065 
8 176 1153 1365 1432 1728 1939 3407 4272 
1 265 
1 4338 
1 2163 
0 
1 674 
3 622 2698 3252 
4 195 350 886 1537 
5 1504 1637 1667 3783 4580 
3 879 896 1018 
3 5 2729 3621 
3 526 1628 1818 
4 1409 3115 4115 4561 
1 3600 
2 1999 3599 
2 220 446 
6 159 160 392 950 2670 3438 
2 3081 4456 
3 6 811 848 
2 583 763 
2 2108 2549 
3 1018 2266 3933 
3 1234 3554 3928 
1 1524 
2 2846 4428 
3 2843 3059 3551 
3 1531 3906 4344 
2 34 961 
2 1707 2092 
3 2964 3154 3655 
0 
4 1015 1589 1687 4506 
7 91 358 1003 3060 3072 3419 3624 
2 1286 3118 
1 3313 
5 1541 2145 3190 3421 3596 
2 684 3103 
2 3580 3844 
5 94 3085 3095 3618 4061 
1 3484 
3 509 1240 4292 
3 1237 4151 4341 
0 
1 3220 
4 1162 1261 1894 3863 
0 
3 2644 2952 3585 
0 
6 327 1408 2256 2391 2714 4382 
5 1657 2254 3715 3903 4484 
2 1058 4246 
3 528 2844 4541 
4 635 1342 1919 2812 
4 1801 2077 2914 4019 
5 877 1254 3083 3719 4513 
1 269 
2 511 1997 
5 613 1428 2032 3317 4444 
2 306 2883 
6 91 1143 1368 2930 3072 3338 
3 747 1101 2585 
4 244 481 3472 4491 
3 3146 3457 3574 
2 1773 3954 
1 1131 
5 245 988 2258 3166 4174 
6 691 1570 1653 2334 2958 3342 
1 2858 
3 388 1458 1611 
3 3615 4331 4485 
1 776 
4 232 969 2058 4251 
2 2223 2957 
2 3664 4081 
1 4339 
6 631 2347 2763 3149 3510 3874 
2 2446 3292 
1 1900 
1 3659 
3 1288 4289 4584 
2 1893 2805 
2 629 3942 
1 4251 
2 811 2728 
1 3261 
2 178 3484 
8 1076 1333 2264 2455 2563 2956 3239 3523 
2 143 4487 
1 3113 
3 2855 4122 4386 
1 3841 
0 
4 342 1246 3152 4021 
2 1325 3802 
0 
3 774 3558 3925 
0 
5 139 1506 2721 3471 3833 
2 3200 3472 
2 2900 4347 
3 606 1494 3090 
2 798 1403 
2 2849 3755 
3 1398 1520 4359 
0 
2 1926 4484 
1 1220 
1 1739 
0 
0 
2 40 4482 
2 1052 2486 
3 234 2094 2367 
1 2404 
0 
2 652 1417 
1 3013 
1 851 
2 629 1289 
2 362 3883 
2 787 3916 
2 134 467 
2 244 4423 
3 1509 1876 1917 
2 1006 3050 
2 414 4395 
8 298 433 1425 1609 2169 2224 4004 4441 
1 2630 
3 453 641 1060 
2 78 3635 
1 112 
0 
5 2680 2721 3361 4202 4531 
4 1089 2550 3408 3640 
8 172 287 543 1340 1580 2313 2370 3824 
1 559 
3 2600 2602 3262 
1 2892 
3 849 1769 3431 
2 440 3211 
2 2372 3909 
5 639 972 1489 2876 3422 
0 
4 596 2509 3202 4161 
5 470 557 3193 4245 4469 
2 1378 4050 
3 41 289 347 
4 70 277 1395 3950 
1 2825 
3 1443 1991 2885 
3 175 603 1060 
2 1445 3250 
1 637 
1 1740 
3 361 3193 3285 
2 1055 1837 
1 2451 
2 2086 2767 
1 796 
4 603 2169 2907 2969 
4 1039 2255 4288 4295 
1 3333 
1 4294 
3 341 3938 4486 
2 2014 3850 
6 520 2100 2195 2573 2767 3384 
3 440 3472 3955 
6 389 1275 1529 1831 3804 4276 
3 345 721 2761 
5 103 1723 1738 3688 4273 
0 
5 505 580 1269 1735 2590 
1 3358 
0 
4 136 1064 2755 4467 
4 1582 2277 2547 2796 
2 383 2393 
1 1665 
1 3403 
0 
4 501 1273 1520 2827 
2 269 1122 
2 2009 3010 
2 527 1292 
4 1719 2198 3186 3465 
2 1397 3782 
2 4083 4457 
1 746 
1 1717 
0 
4 616 2703 4018 4427 
0 
0 
4 319 2009 3167 3205 
4 973 1737 3834 4550 
2 1181 3060 
4 1173 2134 3771 4321 
3 1036 2903 3594 
4 1712 1920 2947 3976 
4 1008 2504 2682 3049 
2 2794 3151 
1 2191 
2 900 4333 
2 1192 3118 
6 1708 1813 2188 2448 2833 3513 
3 345 1005 1862 
5 612 1411 1848 1957 4387 
2 557 2025 
3 775 1884 2506 
3 1494 2342 3291 
3 2093 2516 3014 
7 878 949 1325 1843 2201 2740 4374 
3 1357 2841 4290 
2 613 4132 
2 933 1133 
1 1368 
4 1400 1952 3679 4085 
4 715 989 1251 2181 
1 3753 
1 3349 
4 501 1774 2326 2421 
2 1303 2495 
2 1710 2929 
0 
3 1498 2306 4303 
0 
2 1023 3076 
2 1649 2620 
2 3253 4225 
1 795 
3 995 1698 3101 
2 121 2457 
4 111 2450 3403 3850 
0 
3 947 3424 4392 
1 2941 
2 3309 3934 
0 
8 767 1129 1227 2698 3085 3574 3720 3954 
1 3515 
2 9 703 
2 1816 2754 
3 1711 2400 3251 
4 1269 2069 3839 4310 
0 
3 2171 2409 3171 
5 64 3488 3555 3874 4406 
3 236 376 3683 
4 874 1301 2073 3780 
1 1181 
3 301 2346 3181 
2 1278 4588 
1 4190 
3 951 3829 4003 
4 542 552 696 4429 
2 108 3676 
0 
3 27 2907 4072 
1 3623 
2 2705 3186 
1 3155 
2 761 3895 
1 1966 
3 182 2135 2547 
4 194 2141 3750 3818 
4 988 3900 4023 4157 
2 872 3365 
3 150 1349 2468 
4 1902 3871 4020 4101 
3 1340 2677 3497 
2 207 1929 
0 
2 695 4123 
1 2853 
1 3333 
3 720 1628 2493 
3 93 1218 1563 
4 2159 3630 4265 4312 
2 704 1826 
3 1252 2604 3116 
3 1397 2968 4558 
5 530 534 757 766 2487 
1 1092 
3 553 1244 2245 
3 2082 2252 2663 
3 164 1324 3854 
1 1239 
2 2358 4290 
5 704 2857 3661 3832 4143 
3 957 2067 2757 
2 1610 1928 
2 1809 2146 
3 620 1262 2451 
1 2038 
2 1034 2474 
2 445 3374 
2 703 1441 
1 3705 
1 167 
6 383 650 1058 1704 2316 4451 
1 2630 
3 472 860 3310 
2 700 4006 
6 1145 2069 3140 3199 3340 4534 
0 
1 4074 
0 
0 
1 1924 
2 459 3847 
0 
2 585 1425 
3 1951 3326 4555 
0 
2 2549 3851 
1 987 
5 1062 3282 3914 3956 4399 
3 1655 2326 3635 
5 810 880 1255 1437 2490 
3 923 2661 3948 
4 156 588 3293 3612 
3 543 2479 3352 
1 205 
7 189 1188 1225 1473 2047 3494 3726 
2 1131 2024 
4 781 1054 2124 4342 
2 3034 3473 
4 604 913 3104 4245 
1 3902 
2 5 2223 
6 1160 2002 2975 3065 3108 3706 
0 
2 3250 3434 
1 2165 
1 3439 
2 366 4316 
2 465 2611 
1 3201 
1 46 
1 3681 
1 4143 
0 
3 720 1530 3608 
1 3210 
4 875 905 2389 2728 
2 927 3169 
3 269 2732 2882 
3 1860 3154 3607 
1 3822 
2 565 4007 
2 692 4396 
1 1134 
3 471 1877 3749 
3 470 1337 1528 
2 212 920 
3 1047 2699 2714 
3 1256 3227 3667 
4 194 2854 2884 4242 
1 3097 
2 1643 1683 
2 1856 4231 
1 1509 
1 3905 
4 103 2224 3118 3467 
3 941 1169 3733 
5 979 1167 1249 1755 4222 
0 
1 2223 
6 928 2887 3557 3649 3824 4224 
4 406 1191 3274 3752 
3 3169 3902 4579 
2 3966 4216 
2 1170 3106 
4 379 1844 4420 4457 
4 1178 2996 3202 4272 
1 2100 
1 2067 
3 1574 3454 4018 
2 2120 4020 
2 4463 4550 
3 1804 3185 3957 
1 3034 
2 89 424 
2 1057 2431 
5 112 212 325 2580 3494 
1 3413 
6 1228 1736 2042 3250 4368 4505 
3 467 2399 3036 
1 3101 
0 
5 148 307 1462 1653 3784 
3 632 2586 4201 
2 2744 3527 
2 1947 4278 
1 3246 
3 441 1986 2065 
3 1354 1679 3008 
2 2112 2516 
1 448 
1 4301 
5 74 2658 3014 4199 4323 
3 38 1458 2874 
2 2749 3077 
4 1362 1366 1796 4479 
0 
1 371 
3 2926 3157 4507 
4 419 2595 2866 2968 
1 2151 
3 803 2088 2456 
2 3229 3464 
3 2652 2740 4321 
4 294 1408 4158 4390 
2 1626 1957 
2 3568 4402 
2 3283 4472 
2 1635 2131 
1 3839 
2 1522 3712 
2 372 3020 
2 381 3888 
3 1772 3935 4316 
2 74 372 
0 
1 1298 
1 1542 
2 2409 3314 
1 201 
1 393 
1 4244 
2 1956 3406 
0 
5 904 1312 3776 3963 4378 
2 322 3639 
6 4 641 1641 3854 3964 4233 
2 3678 4211 
1 2908 
4 2304 2848 3347 3851 
3 601 2371 2516 
1 619 
0 
1 602 
0 
1 1153 
6 303 1947 2112 2905 3416 4367 
2 2460 2988 
2 2919 3371 
3 959 1448 2756 
3 245 1045 2975 
3 1059 2034 2237 
3 509 1330 2601 
0 
1 4203 
1 903 
5 348 655 1427 2933 3492 
2 765 1597 
2 2681 4129 
2 2532 4475 
2 3546 4491 
3 58 70 4115 
0 
3 1088 3409 3453 
3 17 1775 4080 
4 566 2761 3162 4283 
1 3731 
3 254 2815 4309 
2 1951 4059 
3 13 1950 3150 
0 
2 2034 2699 
3 235 471 3512 
3 1215 2630 4599 
4 1022 1943 2710 4446 
3 1781 2588 4052 
2 4506 4575 
3 1626 2993 3624 
3 3016 4071 4119 
2 342 4460 
4 488 1515 2870 3156 
7 853 2686 2842 3059 3585 4228 4337 
1 1117 
2 2193 2809 
2 2348 3214 
2 1248 4351 
0 
5 950 1108 3130 3155 4062 
3 238 3112 3843 
4 26 1835 2075 2385 
3 1376 1672 3891 
0 
4 211 1351 1871 2802 
3 765 1264 3023 
1 3117 
1 794 
2 4048 4100 
3 2456 3659 4338 
1 1613 
4 2075 2084 2945 3772 
0 
7 504 1974 2228 2732 3252 3802 4204 
1 1467 
2 2703 3472 
1 3100 
2 661 3349 
3 382 2845 4564 
3 322 1401 3085 
2 1685 3407 
1 4395 
3 623 2317 4423 
1 453 
5 493 729 1140 2433 4499 
3 1761 1880 3055 
2 440 2428 
2 1831 2892 
2 2839 4080 
5 1068 1870 2504 3854 4398 
3 1458 1701 2702 
0 
3 1017 1647 2954 
0 
0 
4 1005 1073 2262 3408 
6 1104 1979 2450 3289 4146 4354 
4 895 2111 2219 3537 
1 3379 
0 
2 2535 3055 
1 2213 
2 3088 3412 
5 1460 1930 2645 3598 4045 
3 695 1310 1407 
3 590 1116 2038 
3 23 1105 4241 
5 1401 2820 2856 4062 4348 
1 158 
3 800 1694 2849 
1 3675 
2 2791 3858 
3 939 2963 4158 
1 543 
3 277 1649 3310 
0 
5 1201 1677 2412 2805 4501 
3 1936 4042 4494 
4 810 3082 3331 3488 
3 415 716 1364 
3 1159 2492 3799 
0 
3 854 1619 1629 
1 791 
3 4328 4437 4556 
5 549 1221 2441 2790 3404 
3 143 2385 3570 
2 2417 3167 
3 1127 1878 1978 
1 771 
2 1139 1645 
5 795 1704 2409 3874 3926 
2 1706 4477 
3 180 214 2309 
2 3168 4108 
2 1905 2343 
5 12 637 754 2569 4151 
1 1864 
2 3100 4289 
2 3627 4148 
4 137 789 962 4517 
4 429 1088 2620 2664 
1 833 
3 194 940 1696 
2 641 3405 
6 871 1749 2344 2390 2643 3851 
6 658 797 1510 1934 3998 4124 
3 1003 3164 4255 
2 929 2131 
3 1762 1890 3729 
1 4467 
3 449 1260 2538 
2 113 998 
5 1030 1338 2077 3228 4336 
2 218 3361 
2 288 4302 
3 2398 2826 3474 
0 
2 3541 4354 
2 2975 4348 
1 4188 
1 1138 
2 1836 3651 
2 1201 2938 
2 1166 3165 
3 1365 1927 2285 
2 3322 4383 
2 301 3033 
4 34 1324 1751 2638 
2 1236 4479 
2 261 2451 
1 4274 
1 1609 
1 2478 
2 2410 3550 
1 2400 
3 1043 2075 4172 
3 2594 3046 3072 
3 1616 1626 3838 
2 1263 2972 
2 1365 1544 
4 332 1020 2736 4546 
1 272 
2 3343 3383 
2 1422 1711 
5 2441 2964 3253 4214 4490 
0 
2 2021 3986 
2 126 750 
2 1868 3977 
5 548 1492 3579 3718 4462 
3 1354 4038 4411 
3 1224 4085 4428 
4 414 517 3182 3255 
3 1023 1379 2614 
2 926 1032 
3 339 2220 2468 
1 2048 
1 1521 
2 1987 4021 
1 3525 
3 516 948 3253 
2 1498 4197 
3 256 373 2400 
1 3957 
1 784 
3 621 3106 3480 
0 
2 26 4348 
3 218 1336 2182 
3 2759 3116 3951 
0 
1 3954 
4 516 910 2939 3814 
2 2559 2654 
3 331 2995 3081 
3 2367 3461 4065 
0 
2 576 2735 
1 3946 
3 743 1891 2563 
4 1019 1574 1845 4020 
1 2211 
3 364 1468 1738 
5 479 603 1672 1677 4451 
3 237 261 3567 
0 
0 
1 1211 
4 1846 2335 3096 4118 
4 742 1231 2774 3943 
3 1453 1878 4516 
2 1648 4015 
6 279 443 1113 3480 3730 3913 
1 3636 
1 4383 
2 1599 3275 
2 2371 3227 
2 1116 4340 
3 1367 3657 3668 
1 469 
2 386 1731 
3 23 1267 2307 
2 3010 4159 
2 1796 2490 
2 1419 2458 
0 
0 
1 1352 
3 1552 2064 2545 
1 1083 
3 516 635 3127 
1 261 
3 2318 2908 3863 
2 2163 2526 
2 2315 4396 
5 418 1908 2687 2940 4456 
2 454 605 
7 359 878 1956 2002 2344 4488 4503 
3 2625 3199 3501 
3 3347 3586 3960 
3 505 3131 3755 
3 1668 1727 4183 
4 275 784 2189 3371 
3 508 1756 3753 
3 1315 3188 3257 
3 20 1353 3979 
1 2703 
0 
2 1984 4526 
4 419 2057 4286 4501 
3 2366 2420 4049 
2 371 3423 
3 150 1362 2739 
3 1874 2046 4282 
2 422 2546 
3 819 3746 4468 
7 88 1144 1884 1967 2757 3665 4150 
3 879 3798 3873 
3 1602 2728 4457 
3 2136 3214 3626 
1 453 
2 1126 3748 
4 1895 2073 3746 4504 
0 
3 216 1156 1684 
3 801 2916 3539 
1 540 
2 621 2922 
2 271 3985 
4 843 1166 2153 4167 
3 1862 2683 3810 
3 679 2143 2643 
3 1822 1913 2055 
0 
2 1560 2866 
2 2987 4467 
3 1103 2614 4051 
4 875 2372 3829 4414 
2 2384 2443 
3 1631 2942 3863 
0 
1 2121 
3 47 2072 2439 
3 2395 3921 4007 
3 2501 2657 3514 
1 1240 
0 
1 2699 
5 1812 3285 3782 3997 4558 
2 2872 4508 
6 458 709 735 1718 2221 3986 
2 346 3178 
2 229 2142 
2 422 2998 
2 1663 1953 
2 2297 4136 
3 1822 3310 3325 
0 
2 1480 3655 
2 932 3374 
2 35 3788 
0 
0 
3 1061 2760 4165 
4 3225 3335 4065 4447 
4 957 1385 3588 4081 
2 1746 3660 
3 2180 2376 4250 
2 219 3627 
3 973 1863 3911 
1 4496 
2 346 3612 
1 1343 
1 3274 
4 1866 2838 3173 3685 
4 715 4119 4171 4220 
2 2038 3135 
2 547 2030 
3 851 972 4069 
2 1648 2946 
3 1983 2112 4382 
3 3208 4108 4170 
5 389 1662 3220 3242 3490 
1 3145 
3 283 2566 2710 
5 726 1020 1429 1574 1778 
3 762 784 3689 
1 2834 
1 1259 
1 2636 
1 947 
2 717 2052 
2 140 2293 
2 312 2063 
3 978 2994 4030 
3 545 3374 3972 
1 4532 
2 507 3046 
3 308 1054 4577 
2 2241 2963 
2 676 1491 
3 1320 2446 3797 
2 373 2716 
1 2608 
1 2594 
4 8 1878 3069 4018 
3 105 2099 4446 
4 517 1366 3372 3405 
2 2120 3244 
5 1550 2629 2927 3634 4353 
2 4178 4247 
1 4545 
3 47 255 2200 
6 489 1487 1775 1887 2978 3675 
7 557 572 2222 2275 2391 3465 3792 
4 147 1454 2347 4513 
3 139 2312 4469 
2 393 3998 
1 286 
3 323 353 3820 
3 380 1719 4453 
2 692 1713 
3 3259 3711 4093 
5 375 1494 3936 4267 4566 
2 680 3244 
6 564 1996 2304 2505 3243 4101 
2 2877 3902 
1 1132 
2 1617 2198 
2 1278 4000 
3 1082 1370 3371 
2 954 1494 
1 3355 
6 44 529 795 2081 2505 3832 
1 1892 
6 777 1581 1705 1983 2364 3103 
1 1390 
1 4500 
3 1230 1737 4203 
4 388 1654 2724 3141 
1 1041 
2 654 4310 
2 2069 2566 
1 443 
2 611 1336 
1 2580 
3 219 837 2723 
4 365 1187 1573 3959 
1 1201 
3 1059 2266 4532 
8 197 2151 2771 2813 3256 3486 3708 4094 
3 107 1925 2186 
3 289 3073 3207 
2 1349 1946 
2 2679 3776 
3 1103 3610 4204 
5 21 1362 1961 3195 3840 
4 238 1847 3126 4546 
4 127 1147 3052 3122 
1 89 
2 1116 1712 
1 3164 
1 1453 
1 799 
4 1493 2482 3283 4136 
3 971 4456 4585 
1 39 
0 
4 97 333 2891 3712 
4 664 856 1656 2529 
0 
2 616 3643 
3 1604 1969 2160 
2 4058 4379 
3 984 2659 4337 
3 534 1077 2052 
4 1394 2145 3470 4571 
0 
3 1746 3885 4236 
3 233 2951 3347 
2 3127 4393 
2 1669 2567 
5 553 1464 2151 2722 4485 
6 492 2070 2742 3603 4268 4438 
4 1852 3772 3959 4291 
1 393 
2 3271 3465 
2 3567 4063 
1 478 
3 1946 3531 4202 
4 243 868 1979 3965 
4 1520 3386 4471 4532 
3 111 1296 2007 
1 2314 
5 167 2204 3760 4162 4308 
1 4288 
4 718 3272 3730 4389 
1 2449 
5 1820 2190 2436 2548 4464 
4 699 1157 3396 4001 
3 453 501 1412 
3 17 1536 1812 
1 4043 
1 4499 
3 2113 3386 4144 
3 736 1561 2640 
4 2057 2993 3989 4181 
4 1064 1820 2064 2119 
3 264 661 1299 
3 2864 3499 3696 
0 
4 495 3327 3635 3691 
3 1204 3655 4455 
1 3749 
4 174 1255 3112 3673 
2 2965 4270 
0 
2 753 4197 
6 559 865 2336 3469 3647 4044 
3 1027 2320 3406 
1 3379 
2 1624 4129 
1 939 
3 434 3139 4343 
1 2061 
1 556 
6 145 655 2305 2599 4096 4476 
3 3347 3539 4410 
6 708 1165 1610 1668 4128 4282 
3 176 1296 2485 
5 102 831 1041 2995 4270 
2 875 4295 
1 3972 
4 562 1027 3617 4060 
3 1932 2809 3992 
4 1408 2792 3050 4322 
2 2845 3049 
1 224 
2 2905 3084 
2 2845 3159 
5 1146 1449 2761 3640 4388 
2 1458 2572 
3 485 1073 3527 
2 1334 4243 
5 892 1691 2706 3523 4152 
1 160 
2 2972 3111 
2 791 2445 
3 941 1343 3320 
1 2844 
3 109 785 1826 
3 173 3314 4538 
0 
2 1433 4281 
0 
2 1430 1440 
0 
3 58 444 3396 
3 82 962 3718 
5 2252 3187 4369 4422 4464 
1 1215 
2 474 3889 
5 412 527 2356 2537 2901 
1 932 
1 2738 
1 4524 
0 
5 26 1138 1253 2761 3373 
1 3637 
3 140 161 1722 
1 1126 
4 467 1406 1973 2405 
4 975 1488 2597 4384 
4 56 464 4193 4430 
2 3242 3252 
1 1531 
2 2326 3001 
2 3780 3965 
1 2927 
0 
1 8 
4 1362 1905 3051 3352 
3 888 3575 3898 
3 1378 1844 4136 
3 1081 2306 3024 
5 2164 2176 2977 3866 4321 
2 174 1882 
1 1194 
1 3598 
2 472 4577 
4 126 576 2942 3157 
4 1349 2258 2382 4090 
1 1367 
3 350 383 4396 
3 118 831 4578 
3 1851 2696 3005 
6 6 353 473 1005 1484 3260 
4 989 1546 2079 2285 
4 31 955 2779 4449 
2 91 2151 
1 2333 
1 1031 
5 349 2196 2622 2628 4060 
2 1297 3225 
4 641 994 4371 4562 
1 4567 
1 3956 
1 3594 
3 605 1545 2903 
0 
4 293 494 1715 1920 
4 696 824 1744 3665 
2 3498 4438 
3 1263 2214 2265 
3 1307 1764 1800 
3 809 3472 3837 
2 247 1214 
1 3110 
1 2728 
3 2707 3062 3442 
2 1310 1500 
1 873 
1 2772 
2 1294 2134 
1 2955 
0 
4 249 577 905 4057 
1 1 2 2 3 1 1 3 2 1 3 1 1 2 1 1 1 3 1 2 1 2 1 1 2 1 2 1 1 1 1 1 2 1 3 2 1 2 1 1 1 3 1 1 2 3 2 2 1 1 4 1 1 1 2 1 1 2 3 2 1 1 1 1 1 1 1 1 2 2 3 1 3 1 1 3 1 2 3 1 2 2 4 1 1 1 2 1 2 4 1 2 1 1 1 1 1 1 1 3 1 2 2 1 1 1 1 2 1 3 2 1 2 2 1 2 1 1 2 1 1 2 3 1 2 1 4 1 3 2 2 1 1 1 1 1 2 2 1 2 1 1 2 2 1 2 1 1 1 1 1 1 2 1 1 2 2 1 2 2 2 1 1 2 3 1 1 1 2 3 1 2 3 2 2 2 1 1 1 3 2 1 2 2 1 1 1 3 2 3 1 2 1 3 4 2 1 1 1 1 1 3 1 1 2 3 1 1 1 2 1 2 2 2 2 1 2 1 3 1 2 1 2 2 1 1 2 1 1 2 1 1 1 1 2 2 3 2 2 1 4 3 2 1 1 2 1 1 1 2 1 1 2 1 3 2 2 1 1 1 2 3 2 2 1 2 1 1 1 3 1 1 2 1 1 2 1 3 2 2 4 1 1 2 3 2 3 2 1 3 3 2 2 1 1 1 1 3 3 3 1 1 2 2 1 1 3 3 3 3 1 1 2 2 1 3 1 2 2 2 1 2 2 1 2 2 2 1 3 1 3 1 2 2 3 1 1 1 4 2 1 1 1 1 1 2 2 1 4 3 2 2 1 3 2 1 1 1 3 2 1 2 2 1 1 1 1 2 3 1 1 1 1 3 1 1 3 1 1 3 1 1 1 2 2 2 1 1 3 1 1 2 1 1 1 2 3 2 2 1 1 1 1 1 1 1 3 1 2 2 3 1 1 1 1 2 2 2 3 3 1 1 2 1 2 1 1 2 2 1 2 3 2 1 1 1 1 2 3 1 3 1 3 1 1 2 2 1 2 3 1 1 2 2 2 3 1 1 1 1 1 3 2 1 1 1 1 2 2 3 3 2 3 1 2 1 1 2 2 1 1 1 2 3 1 3 2 1 1 1 1 2 3 1 1 1 2 1 2 3 1 4 1 2 2 2 1 2 2 3 2 1 1 2 2 2 3 1 1 1 2 1 2 2 1 2 1 1 1 2 1 2 2 1 4 1 1 1 1 1 1 1 1 3 2 2 1 2 2 3 2 1 1 2 1 2 1 2 2 3 2 2 4 2 2 2 2 1 3 2 1 2 1 2 1 1 2 2 1 1 2 1 3 2 1 3 1 1 1 2 2 1 2 2 1 1 1 2 2 2 3 1 2 3 3 3 3 1 2 1 1 1 1 1 2 2 3 2 1 2 2 1 1 1 2 1 1 1 1 3 3 1 4 3 1 2 1 2 1 2 1 2 1 1 2 1 1 1 1 1 2 1 3 1 3 2 1 2 1 1 2 3 1 2 1 1 2 2 2 1 1 1 1 1 2 3 2 1 3 2 3 2 1 1 1 1 1 1 2 1 1 3 2 2 1 2 1 1 2 3 2 1 1 3 2 1 2 3 1 1 2 3 2 2 1 1 3 1 3 2 2 2 1 2 1 1 2 3 2 1 1 1 1 3 3 2 2 1 1 2 1 2 2 2 1 2 1 2 1 3 3 2 1 1 2 1 1 1 1 1 1 2 2 1 1 1 1 1 1 2 2 2 2 2 1 3 3 1 1 1 2 2 1 3 4 1 2 1 3 1 2 3 1 2 2 3 2 1 2 3 1 1 1 1 1 2 1 1 1 2 2 2 2 3 2 3 1 1 1 2 1 3 2 1 2 1 1 1 1 1 2 3 1 2 1 1 1 1 2 1 2 1 1 2 1 2 2 1 1 2 4 1 2 1 2 1 1 1 2 2 1 1 1 1 1 2 1 2 3 1 3 1 2 3 2 2 2 4 1 2 2 3 2 1 2 1 2 1 1 3 1 2 2 3 1 1 2 2 3 3 1 4 2 2 3 2 1 1 1 2 1 2 2 1 2 1 2 3 2 2 1 1 1 1 1 1 1 2 1 1 1 3 1 2 1 2 2 3 1 2 3 2 2 2 1 3 1 3 1 2 2 2 1 1 1 1 3 1 1 3 1 2 1 1 2 1 2 1 3 3 1 4 1 1 2 1 2 1 2 1 2 1 1 3 2 2 1 1 1 1 1 3 1 1 1 3 1 2 2 1 2 1 4 1 1 4 2 1 1 2 1 1 2 1 1 2 1 3 3 2 2 3 2 2 2 1 1 2 2 1 3 1 3 2 1 2 1 1 1 3 1 2 1 3 2 3 1 3 1 1 3 3 3 1 2 1 1 1 1 2 2 1 2 2 2 1 3 3 3 3 1 2 3 2 1 1 1 3 1 2 2 2 2 2 1 2 1 2 3 1 2 2 2 1 1 2 2 1 2 1 2 2 1 4 1 1 1 3 1 2 1 1 1 1 1 3 2 1 1 1 3 3 1 1 1 3 3 2 1 2 2 2 2 2 2 1 3 1 1 1 1 1 2 2 1 1 2 3 2 2 3 1 3 1 1 2 2 2 1 2 2 1 1 1 3 4 2 1 2 3 2 2 2 2 1 4 2 3 2 2 1 3 2 4 2 1 3 4 2 2 2 3 1 1 1 2 2 1 1 3 1 2 1 2 2 2 1 1 2 1 2 1 4 2 3 1 1 1 1 1 1 1 3 1 2 1 1 2 1 1 1 2 2 1 1 1 1 1 1 1 1 1 1 3 2 1 4 1 2 4 1 2 1 1 2 4 2 1 2 2 2 1 3 4 1 2 1 1 1 2 1 2 2 2 1 1 2 1 3 2 2 3 3 1 1 3 2 2 2 2 1 2 3 1 2 2 1 2 3 1 2 2 1 1 1 1 2 2 1 1 3 2 1 3 1 1 1 1 3 1 1 2 1 1 4 1 1 1 1 3 1 2 3 1 3 3 3 2 2 1 2 2 2 2 2 1 2 1 1 3 1 3 2 1 3 1 1 2 1 1 2 1 1 2 2 1 1 2 2 3 1 2 1 2 1 3 2 1 1 2 1 1 2 2 4 2 2 1 1 2 1 1 2 2 2 2 1 1 1 1 2 3 1 2 2 2 2 2 1 1 1 4 1 2 2 1 1 2 1 1 1 1 2 1 2 3 2 4 2 1 3 1 1 3 2 1 1 3 1 1 2 1 2 1 1 3 1 1 4 3 2 3 1 2 1 1 2 1 3 1 1 2 1 3 1 1 1 2 1 2 1 2 1 1 1 1 2 1 1 1 1 2 1 1 3 1 1 2 3 2 1 2 2 2 2 1 2 3 4 1 1 2 1 2 2 1 2 2 1 2 4 1 1 2 2 3 1 1 1 2 2 2 2 2 1 1 2 1 2 1 2 1 4 1 2 1 1 2 2 1 2 2 2 1 2 1 1 1 3 2 3 1 1 1 2 1 4 4 2 2 1 3 2 1 3 1 1 1 1 1 2 4 1 2 1 1 1 1 1 2 2 1 1 2 2 1 2 1 1 2 2 3 3 3 1 1 2 3 1 2 2 1 2 1 1 2 1 1 1 2 2 2 2 2 1 2 1 2 1 2 1 2 2 1 2 2 3 1 4 3 3 3 2 3 1 2 1 3 1 1 3 2 1 3 1 1 3 1 2 2 2 1 1 3 1 1 1 4 1 2 1 2 2 1 1 2 1 2 1 2 1 2 3 1 2 3 1 1 1 2 1 4 1 1 2 2 1 3 3 1 2 1 3 1 1 1 1 2 2 1 4 2 3 1 1 2 3 2 1 1 2 2 2 2 1 1 1 2 1 1 2 1 3 4 1 1 1 1 2 2 2 1 1 2 1 2 1 1 1 2 3 3 3 2 1 2 2 3 2 1 1 1 1 1 2 1 2 2 3 1 1 1 1 3 1 1 1 2 1 2 2 1 2 2 3 1 1 1 1 3 1 4 1 4 1 1 1 1 1 1 4 1 1 1 3 1 3 1 2 2 2 1 2 2 2 1 2 2 2 1 1 1 1 1 1 1 1 2 3 3 3 1 2 2 3 2 1 3 3 1 1 2 1 1 1 2 1 1 1 3 2 1 2 1 1 1 3 2 1 1 1 1 1 2 3 1 1 1 1 2 3 1 3 1 1 2 1 2 1 2 1 3 2 1 1 3 2 3 3 1 2 1 3 1 2 2 3 1 1 2 1 1 1 1 1 3 2 2 2 1 2 1 2 2 1 1 2 1 3 1 1 3 2 2 1 1 1 1 1 2 4 1 1 1 1 2 1 1 2 1 1 1 2 1 1 1 1 1 1 1 1 1 2 2 1 1 2 2 2 1 1 2 3 3 1 1 2 2 2 1 2 1 3 1 1 1 2 4 1 2 1 2 1 2 1 1 2 1 3 1 2 1 2 2 3 1 4 2 2 1 1 2 1 1 1 1 1 1 1 1 1 1 2 1 1 1 1 1 1 3 3 1 2 1 1 1 1 1 2 1 1 2 1 1 2 2 1 1 1 1 4 2 1 3 2 1 2 1 1 1 1 1 1 2 1 3 2 2 3 1 2 2 1 2 1 2 2 2 1 2 1 1 2 2 3 1 1 1 1 3 2 1 2 2 2 3 2 3 4 1 2 3 2 1 1 1 1 1 1 1 1 1 2 2 2 3 3 2 1 1 1 2 2 1 1 1 3 1 3 4 1 1 1 2 1 3 1 2 1 3 2 3 1 2 2 3 1 1 1 1 1 2 2 2 2 2 1 1 1 3 1 2 2 2 1 2 1 1 1 1 1 3 1 1 1 1 1 1 1 2 1 2 2 1 1 1 4 2 1 2 2 2 1 1 3 1 1 1 1 2 1 1 3 1 1 3 1 1 3 2 1 2 3 1 2 2 2 1 3 1 2 1 2 1 3 1 2 1 2 1 1 2 1 1 1 1 1 1 1 1 2 3 2 4 2 2 3 1 2 1 2 4 1 1 1 1 1 2 2 1 2 2 1 1 2 2 1 1 1 2 2 2 3 2 2 1 1 1 2 1 2 2 2 2 1 1 2 1 1 1 1 3 3 2 1 1 1 1 4 3 1 1 2 1 1 1 1 2 1 1 1 1 3 2 1 1 2 1 1 1 1 2 1 1 4 1 2 3 1 3 1 2 3 2 2 1 1 1 1 1 1 1 1 2 3 1 1 1 1 1 1 2 1 1 2 1 2 1 2 1 2 2 1 1 1 5 2 3 1 3 1 1 1 1 1 3 1 3 3 2 1 3 1 1 2 3 1 2 1 1 2 2 2 1 1 1 4 2 1 1 1 1 2 1 4 2 1 2 1 2 1 3 1 3 1 3 2 2 1 2 2 2 1 2 2 2 2 1 2 3 1 1 1 1 1 1 2 2 3 4 3 1 1 3 2 1 4 2 1 1 1 1 1 1 2 1 1 1 1 1 2 3 2 1 1 2 3 2 1 1 2 2 1 1 1 1 3 2 3 1 2 2 1 2 2 2 1 1 2 1 1 1 1 1 1 2 1 3 1 1 1 1 3 1 2 3 1 2 1 2 2 1 2 1 1 1 1 2 1 1 2 1 2 1 3 2 2 3 1 3 2 2 2 1 1 1 2 1 2 2 1 1 1 1 1 2 2 2 1 2 3 2 2 1 1 2 2 3 4 1 2 1 2 1 3 3 2 3 1 1 3 2 2 4 2 3 3 1 1 2 3 3 1 4 1 2 2 2 1 1 1 1 3 1 1 2 3 4 1 1 2 1 3 1 1 2 1 2 1 1 2 1 1 2 1 3 3 1 2 1 1 1 1 1 1 1 1 1 2 3 1 2 1 1 2 1 2 2 3 1 1 1 2 1 2 1 2 2 2 1 3 1 2 2 1 1 1 1 1 1 4 1 2 4 2 1 2 2 2 1 1 2 1 1 2 2 1 1 3 2 3 1 3 3 1 2 1 1 2 4 1 2 2 1 1 1 1 2 1 1 2 2 1 3 1 1 2 1 1 3 1 1 1 1 1 3 1 2 4 2 1 1 2 3 1 2 2 3 2 3 2 1 1 1 3 2 1 1 3 3 1 2 2 1 1 1 2 3 2 2 1 1 1 4 3 3 2 1 1 1 2 1 2 2 3 1 1 1 1 1 1 1 2 1 1 3 3 4 1 1 1 2 2 1 2 1 1 1 1 1 1 5 3 1 2 2 1 2 1 3 2 1 1 2 3 1 3 2 1 3 3 1 1 1 2 2 3 1 1 2 1 1 2 2 1 3 1 2 1 2 1 1 2 1 1 3 1 2 3 2 4 1 1 1 1 2 1 2 1 1 1 1 1 3 1 1 3 2 3 1 1 4 2 1 3 4 2 1 1 2 1 1 1 1 1 1 1 2 4 1 1 1 1 3 4 1 3 1 2 2 1 1 2 1 1 2 1 1 3 1 1 1 3 1 2 1 1 3 1 1 1 2 4 2 2 3 1 1 1 3 1 3 3 3 3 2 1 3 3 1 1 3 1 2 1 1 3 1 1 1 1 1 1 2 2 1 2 2 1 2 4 2 2 2 2 2 1 2 2 3 3 3 1 1 2 1 1 1 1 1 1 3 2 1 3 2 2 1 2 1 1 3 1 3 2 1 2 1 1 2 1 1 3 1 1 3 2 1 2 3 2 1 1 2 2 1 2 2 2 1 2 1 1 2 3 2 3 3 1 2 1 3 1 1 3 1 1 1 2 3 2 3 1 2 3 1 2 1 1 1 1 3 2 1 3 1 1 1 3 2 1 1 2 1 2 3 2 1 1 2 1 1 3 2 1 1 2 2 3 1 3 2 2 1 3 2 1 1 1 1 1 2 2 1 1 3 2 1 1 2 2 2 3 2 1 2 2 1 1 1 2 1 1 1 2 2 3 1 5 2 3 1 2 2 1 1 1 3 1 2 2 2 1 1 1 1 3 1 2 3 1 1 4 2 3 2 3 3 3 1 2 1 2 1 1 2 2 2 2 2 1 1 1 2 2 1 1 1 2 1 3 3 1 2 3 2 1 1 1 1 1 2 1 1 4 2 1 4 1 1 2 1 2 3 1 2 1 2 2 3 2 2 1 3 1 1 1 2 3 1 1 3 3 1 2 2 3 1 1 2 2 2 1 3 1 1 1 1 2 3 3 2 3 2 1 3 1 2 2 3 1 2 1 3 4 1 1 1 2 1 2 1 1 2 2 1 2 2 2 2 2 2 1 2 1 1 2 1 1 1 1 2 1 2 2 2 1 1 1 1 3 2 2 3 1 1 2 4 2 1 3 1 2 1 2 1 2 1 1 1 1 1 1 3 3 2 1 2 1 1 1 1 1 3 1 2 1 1 1 1 1 2 2 1 1 2 1 1 2 2 1 2 3 1 1 1 2 2 1 1 3 1 1 1 3 1 2 3 1 1 2 1 1 1 1 2 2 2 1 1 2 1 2 2 1 3 4 1 2 3 1 1 3 1 3 2 3 1 1 2 1 1 1 1 1 2 2 1 1 1 1 1 2 2 1 3 2 1 1 1 2 3 4 1 2 2 1 2 1 2 1 1 2 1 1 2 2 1 2 1 1 1 3 3 1 1 4 1 1 1 2 1 2 2 1 3 2 4 1 1 3 1 3 1 1 1 4 1 2 1 1 4 1 1 1 2 2 1 1 1 1 2 1 1 2 1 2 1 1 2 1 3 2 2 1 2 1 2 2 2 2 1 1 1 2 2 2 1 2 2 2 2 4 2 2 1 1 1 2 2 2 2 2 3 1 1 1 1 3 4 1 2 1 2 1 1 1 1 2 1 1 2 3 2 2 2 3 2 2 2 1 3 1 1 1 1 1 3 1 2 1 1 3 3 1 2 2 1 2 2 2 1 2 1 3 2 1 2 1 1 1 2 1 3 2 1 3 4 1 2 1 1 1 2 1 2 1 2 2 1 3 3 2 3 1 1 1 1 1 4 2 1 1 1 1 1 2 2 3 2 2 2 3 2 1 1 2 1 2 1 4 3 1 1 1 3 3 1 1 2 1 1 3 1 1 1 3 2 3 1 2 1 3 2 3 3 2 1 2 2 1 2 2 1 1 3 1 1 4 1 2 1 2 2 3 2 4 2 1 1 2 1 1 1 2 1 2 2 1 2 3 1 2 4 2 1 1 3 2 1 1 3 1 1 1 1 1 2 2 2 2 2 1 1 1 1 2 1 1 1 2 2 3 1 1 2 1 1 2 2 1 2 1 3 1 3 1 1 1 3 1 2 2 1 1 1 2 2 1 1 1 1 1 2 1 1 2 3 2 3 1 3 4 1 1 2 1 1 4 2 1 1 3 1 1 1 1 3 1 2 1 2 2 4 1 3 1 1 1 1 1 2 1 2 1 1 2 1 2 2 2 3 1 3 1 2 1 1 2 1 1 2 1 1 1 1 1 2 1 2 2 2 1 2 1 1 1 1 1 1 2 2 1 2 3 2 1 1 2 2 2 1 3 1 1 3 1 3 3 2 1 1 1 3 1 1 2 2 1 1 1 1 1 3 1 1 1 1 3 1 4 1 2 1 3 1 2 2 1 4 1 1 3 1 1 1 4 1 1 1 2 2 1 2 1 1 1 1 1 1 1 3 1 4 1 1 2 1 1 2 1 3 2 1 3 2 3 3 1 1 1 2 2 2 1 2 1 2 1 2 2 1 2 2 2 3 1 2 1 2 1 1 1 1 2 2 1 1 1 1 2 2 3 2 1 2 3 2 1 4 1 1 1 2 1 2 1 1 1 2 1 2 3 1 1 1 1 1 1 2 1 1 2 2 1 1 1 1 1 1 3 1 3 3 1 2 2 1 1 4 1 3 1 1 2 2 2 2 1 2 1 2 2 3 1 1 1 1 1 2 1 2 2 1 1 1 2 3 1 1 2 2 1 3 1 1 2 2 2 2 1 2 1 2 1 2 1 4 3 1 2 2 1 2 1 2 2 3 2 1 1 1 1 1 2 2 1 1 2 1 4 3 1 2 3 1 1 1 1 2 3 1 2 1 1 1 2 1 1 1 1 2 1 1 2 1 1 2 2 1 1 1 1 3 1 1 1 2 1 2 2 1 1 2 2 4 2 3 2 1 1 3 1 1 4 1 1 2 1 1 1 1 1 2 1 3 1 1 1 1 2 1 1 1 2 1 2 3 2 1 2 2 1 1 2 1 1 3 3 2 1 1 1 2 1 2 1 3 3 2 1 3 1 2 1 1 1 1 4 2 3 1 1 1 1 1 3 2 1 1 1 1 2 2 2 1 1 2 3 2 1 1 4 2 1 2 1 2 2 2 3 3 1 1 1 1 2 2 2 1 2 1 2 2 2 1 1 2 2 2 2 2 1 1 1 2 2 1 1 4 2 1 3 1 1 2 1 1 1 1 1 2 3 2 1 2 1 2 1 1 1 1 1 2 2 1 1 1 2 1 1 1 2 1 1 2 1 3 1 1 1 1 3 3 1 2 2 1 1 1 2 2 1 1 1 3 1 1 1 1 1 3 1 2 2 1 1 2 1 1 1 2 1 1 1 2 3 2 2 1 3 2 2 3 2 1 1 2 2 1 1 2 1 2 2 2 3 1 1 3 1 1 2 1 1 1 1 1 4 2 2 2 3 2 1 1 1 2 1 3 1 2 2 1 1 3 1 2 2 1 1 3 1 4 1 1 3 2 2 1 1 2 3 1 1 1 2 2 3 1 2 3 2 1 1 1 1 2 3 2 1 2 3 3 1 3 1 1 3 1 2 1 2 1 2 3 1 1 1 1 1 1 1 1 2 2 1 2 1 2 2 1 4 3 1 1 3 4 2 1 2 1 2 2 1 2 3 1 3 2 1 1 1 4 3 1 1 2 3 2 1 3 2 1 2 1 2 2 1 2 3 1 1 4 3 1 1 2 2 3 1 4 1 1 2 1 1 1 2 2 1 3 3 1 1 3 3 1 2 1 1 1 2 1 1 4 1 3 2 2 1 1 1 2 1 2 1 2 2 2 2 2 1 3 2 2 1 1 1 1 1 2 1 1 3 3 1 3 2 1 2 1 3 1 1 1 2 2 2 3 3 3 2 1 3 1 3 3 2 2 2 1 2 1 1 1 2 3 1 2 1 1 1 2 1 1 1 1 1 1 2 2 2 2 1 2 2 2 2 1 3 1 2 1 1 2 2 3 2 2 3 1 1 1 3 2 2 1 2 1 2 1 1 3 1 1 1 1 2 2 2 2 1 2 2 1 3 3 2 1 2 2 1 2 3 1 2 3 3 2 2 1 1 2 1 1 1 1 1 1 
