q 200
4 50 139 179 199 
2 16 120 
0 
1 89 
0 
2 95 124 
3 65 107 126 
2 76 105 
4 17 39 109 170 
1 77 
4 104 151 187 196 
3 93 141 178 
2 60 149 
3 37 169 191 
1 56 
2 60 109 
3 1 116 148 
4 8 67 77 83 
0 
2 157 164 
1 71 
2 61 68 
4 40 118 137 196 
0 
1 192 
1 144 
2 30 44 
2 39 175 
2 49 152 
1 41 
6 26 45 161 190 191 197 
0 
3 34 54 89 
2 72 151 
2 32 138 
4 57 71 158 180 
2 137 194 
3 13 102 131 
2 91 123 
3 8 27 57 
3 22 101 117 
1 29 
1 189 
0 
4 26 104 130 140 
5 30 56 77 107 188 
1 156 
3 50 75 94 
4 69 84 138 145 
1 28 
3 0 47 76 
5 77 94 119 140 196 
0 
2 97 120 
1 32 
1 158 
5 14 45 75 102 167 
3 35 39 138 
2 62 67 
1 147 
3 12 15 148 
2 21 71 
4 58 65 72 86 
1 111 
3 116 129 144 
4 6 62 132 160 
0 
6 17 58 91 99 141 168 
3 21 72 102 
3 48 126 149 
3 97 123 173 
4 20 35 61 148 
3 33 62 68 
0 
3 79 104 185 
3 47 56 199 
2 7 50 
4 9 17 45 51 
2 92 137 
3 74 120 137 
1 108 
5 111 124 152 153 166 
1 86 
1 17 
3 48 120 127 
5 86 131 185 192 199 
5 62 82 85 127 156 
1 197 
4 97 99 168 196 
3 3 32 161 
1 178 
6 38 67 104 110 135 177 
3 78 114 131 
3 11 159 186 
3 47 51 121 
4 5 103 107 120 
3 115 162 198 
4 53 70 88 134 
0 
2 67 88 
1 141 
2 40 108 
5 37 56 68 106 163 
2 95 164 
4 10 44 74 91 
1 7 
2 102 182 
5 6 45 95 113 129 
2 80 101 
3 8 15 156 
1 91 
3 63 81 199 
2 119 140 
4 107 116 167 178 
2 92 179 
3 96 116 144 
5 16 64 113 115 170 
2 40 131 
3 22 131 196 
3 51 112 156 
6 1 53 79 84 95 158 
1 94 
0 
3 38 70 132 
2 5 81 
1 138 
2 6 69 
3 84 86 159 
0 
3 64 107 191 
2 44 188 
6 37 85 92 117 118 132 
4 65 123 131 191 
1 159 
2 97 141 
2 91 181 
0 
4 22 36 78 79 
4 34 48 57 125 
2 0 142 
3 44 51 112 
5 11 67 100 134 182 
1 139 
0 
4 25 64 115 168 
3 48 152 165 
0 
1 59 
3 16 60 71 
2 12 69 
0 
2 10 33 
3 28 81 145 
1 81 
1 168 
0 
4 46 86 109 119 
2 19 169 
5 35 55 120 174 190 
6 93 127 133 160 174 187 
2 65 159 
3 30 89 175 
1 96 
1 102 
2 19 103 
1 145 
1 81 
3 56 113 196 
6 67 88 144 154 185 187 
2 13 157 
2 8 116 
1 177 
1 188 
1 70 
2 158 159 
2 27 161 
0 
2 91 171 
4 11 90 113 199 
2 0 114 
2 35 185 
2 135 195 
3 106 141 193 
0 
0 
4 74 85 168 180 
2 93 194 
3 10 159 168 
3 45 130 172 
1 42 
2 30 158 
4 13 30 129 132 
2 24 85 
1 182 
2 36 186 
1 181 
6 10 22 51 88 118 167 
2 30 87 
1 96 
5 0 75 85 111 178 
2 1 1 1 1 2 1 1 3 1 4 4 2 2 1 2 2 1 1 1 1 2 3 1 2 1 1 1 1 1 2 1 2 2 1 3 1 1 2 2 1 2 1 1 2 1 1 1 2 2 3 3 1 2 1 1 3 1 3 1 1 1 1 1 1 3 1 2 1 3 2 2 3 1 3 2 2 2 1 1 2 3 1 2 1 3 2 2 3 3 1 3 2 1 2 1 2 1 1 1 1 2 2 3 1 2 1 2 1 1 1 2 2 4 1 1 3 2 1 1 3 1 1 1 1 1 2 3 1 3 1 4 2 1 2 2 1 2 3 1 1 3 2 1 2 1 1 2 3 1 1 1 2 1 2 1 3 2 2 2 1 1 1 1 2 2 1 1 1 1 1 1 1 1 1 2 1 2 2 3 1 1 2 1 1 2 2 3 2 2 1 1 1 1 3 2 2 1 1 1 
