s 3800
3 647 1956 2166 
2 1280 1579 
5 330 808 1210 2597 3144 
5 331 1221 1870 2316 3467 
5 832 2131 2132 2930 3304 
5 2001 2292 2904 3497 3688 
6 527 1477 1530 1900 1946 2139 
0 
2 1626 3486 
2 49 2835 
3 2108 3009 3749 
5 514 1496 1943 2069 2316 
1 2871 
0 
4 342 883 1198 2233 
2 2160 3450 
0 
3 461 807 3019 
5 305 499 1096 2231 3152 
5 446 1648 2013 2418 3300 
5 577 693 769 2770 3103 
1 2018 
3 536 1802 3080 
2 2331 2821 
3 1807 2314 2936 
0 
3 1268 1319 3126 
3 283 947 3771 
1 3677 
1 720 
0 
3 316 1030 2987 
3 1227 1905 1955 
1 3616 
2 366 1746 
2 158 1499 
3 87 377 1772 
5 610 1010 2154 2272 3025 
4 635 3130 3424 3682 
2 340 877 
2 739 1946 
3 760 1651 2405 
1 3545 
3 656 1897 3569 
4 249 2371 2413 2428 
2 970 3182 
1 1466 
0 
1 854 
1 9 
2 1620 1843 
2 567 1263 
1 3026 
1 3168 
2 3136 3366 
3 929 2367 2607 
1 842 
1 2484 
1 2099 
3 370 1504 2713 
3 1328 2128 3022 
2 152 948 
1 1869 
2 1106 3509 
2 206 2496 
3 1772 2974 3307 
1 3569 
1 3577 
3 3228 3260 3589 
4 177 958 3680 3752 
0 
4 1317 1789 2448 3001 
5 560 1149 1447 2015 2802 
3 1493 1551 3123 
3 973 1585 3675 
1 1384 
1 2561 
1 2909 
1 1083 
0 
5 1233 1777 1791 2965 3642 
2 1344 2328 
1 3317 
2 1044 3053 
5 892 1247 1465 2422 3388 
4 401 692 2196 3459 
3 898 2043 2232 
4 36 470 2521 3291 
6 538 1837 1870 2079 2788 3291 
5 227 1208 2016 2045 3619 
2 748 1466 
2 1075 3542 
3 2050 2322 2595 
4 175 721 824 2765 
3 362 384 3779 
1 3171 
0 
4 300 1202 1601 2044 
4 438 1559 3224 3705 
1 647 
2 2672 3389 
2 2570 3053 
2 1676 2004 
0 
2 180 414 
2 1138 2974 
1 1024 
1 3267 
4 1828 1958 2027 3060 
5 548 2073 2385 2641 3701 
2 1411 1469 
1 2516 
1 3732 
1 3075 
1 1035 
3 202 1763 3458 
2 3135 3696 
4 473 647 2160 3297 
2 976 1330 
1 1396 
4 947 2332 2415 2692 
2 215 1003 
2 971 2124 
1 2646 
1 2164 
8 430 784 957 1473 2004 2502 2784 3647 
5 172 1725 3339 3541 3598 
1 1281 
4 1442 1888 2764 3637 
0 
1 1439 
1 2456 
3 707 1100 2825 
2 1648 3647 
4 593 1375 1416 2140 
2 1458 3498 
1 1928 
3 356 1509 2282 
2 2539 3220 
2 2159 3083 
3 1801 3190 3477 
1 1732 
2 250 1737 
1 641 
3 218 1677 3093 
2 630 3413 
4 1176 2734 2972 3158 
1 3663 
0 
1 3344 
4 244 801 2566 2700 
2 3416 3526 
3 61 2382 2758 
5 1101 1232 1972 3356 3631 
1 1549 
2 1523 1593 
0 
1 3657 
2 35 3398 
1 588 
4 1848 2569 2595 2772 
0 
0 
2 949 2612 
3 1943 2092 3437 
0 
5 2178 2766 3497 3524 3692 
2 1603 2834 
1 2546 
0 
1 1311 
2 1669 3018 
6 126 302 434 877 1458 2275 
3 196 1959 2632 
2 1224 2163 
3 93 2159 3269 
3 1568 1842 2049 
4 69 353 3326 3424 
0 
0 
4 104 1561 2986 3024 
6 372 378 1960 2310 2448 2623 
1 2841 
0 
1 964 
0 
1 1684 
4 189 810 1155 1844 
2 838 2974 
6 187 196 454 2188 2314 2401 
1 3193 
1 2073 
3 406 633 3134 
3 971 1322 3313 
4 449 1505 2688 3791 
5 1127 1296 1788 1915 2578 
3 173 189 2775 
3 1442 1500 1563 
0 
5 438 2536 2673 3044 3326 
3 898 3376 3747 
2 606 715 
4 115 2630 3450 3593 
3 2559 2824 3174 
3 911 1221 3272 
5 1290 1315 1422 2305 3030 
9 64 262 1765 1972 2070 2254 2658 2828 3096 
2 1474 3027 
1 2812 
1 2190 
1 1822 
5 730 1666 1819 3573 3631 
2 1515 3556 
2 829 2524 
3 943 1201 2129 
4 121 360 404 718 
3 569 2555 2712 
1 2935 
4 144 1017 1159 1215 
2 1336 2097 
1 3661 
5 366 440 885 3082 3320 
1 1210 
3 697 955 3696 
3 689 1176 1488 
2 1219 3526 
4 838 844 2388 2566 
1 89 
3 793 2500 2728 
5 489 650 1532 1851 2670 
2 1106 1892 
3 268 2006 2068 
8 234 1490 2362 2464 2475 2508 2942 3196 
3 493 2787 3566 
3 232 1430 3471 
1 3489 
0 
2 2641 3136 
5 1810 2070 2381 3081 3156 
1 367 
2 1920 2312 
2 562 2150 
0 
3 445 1649 2859 
10 150 284 531 787 1427 1530 1788 2169 2815 2989 
3 1763 1781 3245 
3 1460 1543 3392 
3 2270 2759 3109 
6 1124 1471 1964 2443 3017 3164 
3 44 1397 1815 
1 142 
2 1590 1931 
1 2654 
1 338 
3 440 2799 3414 
2 2250 2823 
0 
2 902 2523 
6 1110 2436 2770 3159 3377 3494 
0 
0 
1 3103 
1 206 
1 2176 
4 280 1420 1884 2336 
1 1585 
3 1154 2055 2692 
2 432 944 
5 231 1526 1882 2725 3745 
1 391 
3 1331 2187 3564 
2 1330 2857 
0 
3 1798 3280 3301 
1 3041 
4 778 2987 3143 3248 
2 1548 1630 
2 475 880 
5 924 1788 2779 3089 3480 
1 2199 
2 264 3425 
0 
2 748 1164 
2 27 887 
3 244 1757 2107 
1 887 
0 
4 864 1765 3304 3442 
2 1457 3578 
1 2370 
4 1321 2324 2620 3492 
5 812 1664 2131 2421 2588 
1 2852 
5 432 2065 2486 3387 3507 
2 490 2302 
3 669 1783 3253 
2 840 1148 
0 
1 1719 
4 2313 2364 2495 2813 
3 97 1755 2103 
2 735 2817 
4 172 1158 1946 2468 
2 531 2794 
0 
1 18 
2 662 2854 
2 1525 3112 
5 1088 2251 2669 3421 3725 
2 2589 2879 
3 1017 2337 2596 
1 1981 
2 1134 3691 
0 
1 1441 
3 505 2194 3547 
4 31 372 972 1097 
1 2837 
0 
0 
5 694 1040 2879 2900 3153 
1 1754 
4 1347 1466 2367 2995 
1 674 
3 2405 2609 3760 
2 2347 2975 
3 458 1464 3552 
2 1510 3467 
1 1026 
2 2227 3360 
5 2 587 860 2264 2322 
3 3 2184 2895 
1 2393 
2 439 3261 
2 1747 2253 
1 1064 
3 1006 1084 1813 
0 
1 253 
1 1308 
2 39 2595 
1 1611 
1 14 
2 2478 2847 
3 976 2062 2521 
0 
2 547 2513 
4 1388 2549 2572 3152 
4 765 2489 2856 3628 
4 1332 2519 3078 3304 
3 847 1825 2488 
2 1887 3025 
2 1600 1700 
5 177 1255 2594 3282 3382 
4 529 530 1559 1724 
6 1416 1497 1553 1710 1891 2699 
2 137 1062 
6 844 2142 2234 2772 3368 3762 
0 
3 723 1752 1791 
4 215 565 772 3739 
1 3419 
2 94 3322 
1 1797 
2 504 2386 
0 
4 34 221 1847 1855 
5 239 646 863 2703 2827 
0 
2 3642 3720 
3 59 1230 1714 
2 1074 2118 
5 181 316 630 1689 2562 
3 831 2350 3513 
2 398 3640 
2 967 2843 
4 1030 1936 2070 2388 
2 36 2550 
4 181 2102 2502 3080 
1 2804 
1 1154 
1 3371 
2 1927 3424 
4 1183 2756 3519 3604 
3 94 1763 2592 
2 1351 1433 
1 642 
1 2760 
2 993 1951 
0 
1 2775 
3 269 1548 3750 
4 471 1526 3263 3530 
1 1466 
2 2656 3512 
3 553 2140 2615 
1 3741 
2 557 960 
2 374 2030 
3 821 904 3512 
1 3206 
2 85 3446 
1 990 
2 1961 2832 
3 215 1654 1709 
5 756 1197 1835 2294 3351 
1 192 
3 1867 2169 3770 
2 1224 2484 
1 2170 
4 445 1471 2434 2661 
2 671 2180 
1 712 
3 663 1256 2254 
5 104 450 2475 3442 3465 
2 2533 3531 
1 1101 
3 1097 2632 3643 
3 437 1506 2202 
3 423 2883 2901 
3 1048 2555 2857 
4 1558 2402 2737 3382 
2 959 3667 
3 419 605 1625 
4 695 1062 2710 3262 
0 
2 2445 2554 
5 1274 1424 1624 3505 3558 
4 770 1415 3197 3403 
4 1964 2014 2591 3708 
4 125 1168 2241 2947 
4 1432 3049 3248 3720 
4 267 293 783 1252 
0 
4 172 493 2268 2793 
5 460 1190 1285 2682 2724 
2 2776 3797 
2 418 985 
7 98 199 704 2148 2338 2616 3757 
2 333 2627 
4 221 254 2160 3795 
0 
0 
4 2123 3221 3362 3764 
0 
5 243 410 756 1068 1768 
5 19 1372 1615 2268 3434 
2 492 1182 
2 2681 2717 
2 194 2404 
5 414 2672 3050 3108 3541 
0 
0 
3 751 1785 3306 
3 189 466 3126 
2 1362 3433 
1 2791 
1 727 
4 326 1112 2403 3374 
3 496 993 2662 
3 435 763 2805 
5 17 910 948 2693 3218 
1 3704 
1 1180 
1 1358 
4 779 1457 1715 2829 
3 454 1829 3452 
4 514 861 983 2250 
1 2570 
1 3002 
2 87 1118 
2 392 3711 
2 1437 1470 
4 117 645 1212 1578 
2 2050 2170 
2 277 768 
1 753 
3 657 1787 2473 
3 2184 3156 3190 
4 979 1497 2023 2548 
3 1399 2925 3131 
3 1586 1847 2397 
2 1042 3619 
4 909 1412 2959 3736 
3 926 1962 2077 
4 843 2342 3428 3563 
1 2529 
1 1490 
1 1076 
2 229 3651 
5 294 499 1774 2185 2254 
2 835 1088 
1 447 
3 233 434 2191 
0 
3 1677 2591 3169 
3 459 2473 3745 
1 2557 
3 647 1492 3249 
3 18 490 3513 
3 1639 3221 3330 
0 
4 1074 2393 2598 3377 
1 647 
2 364 1453 
4 315 743 2883 3494 
1 598 
0 
0 
2 2028 3578 
3 1295 1695 1792 
5 602 2265 2627 2685 2920 
7 879 1357 1795 2798 2837 3243 3555 
2 2431 3254 
5 11 467 1240 1290 2695 
4 1137 2764 3315 3702 
3 629 2214 2426 
4 717 1026 2548 2736 
3 756 2867 2955 
2 1332 2855 
3 1083 2842 3568 
4 1121 1978 3402 3475 
0 
2 2131 2267 
1 1766 
2 2560 2809 
1 2794 
3 6 2888 3125 
2 2567 2993 
2 354 2286 
4 354 1280 3001 3575 
4 244 303 2210 3128 
5 580 1875 2235 2366 3652 
0 
2 1292 3554 
2 1340 1996 
1 22 
3 538 1274 1870 
5 88 537 801 2007 3645 
1 3610 
2 981 1136 
2 682 3404 
2 687 1001 
1 1387 
0 
1 2520 
4 1087 1528 2926 3469 
4 346 1264 2465 3754 
5 109 742 2362 3234 3422 
2 1262 1533 
3 972 1543 2988 
3 919 2238 2341 
5 668 1126 1299 2762 3742 
3 395 1225 1340 
1 3451 
1 609 
4 1594 1948 2510 2578 
4 397 1635 2320 3510 
0 
3 812 1442 3664 
1 72 
3 1765 2120 3339 
4 241 1302 1359 3798 
2 1942 3602 
4 977 1026 2252 3645 
2 360 1265 
2 2768 2959 
2 51 886 
2 2186 3224 
3 216 821 3745 
4 933 1511 2260 3364 
1 3210 
2 671 1072 
1 587 
2 1900 2839 
4 950 1239 1432 1447 
1 2869 
4 20 631 1717 2543 
3 1673 2015 3627 
1 3369 
3 532 1219 3109 
5 708 1323 2552 3537 3647 
5 641 1907 2058 2895 3074 
2 2323 3742 
1 1216 
3 680 2903 3383 
2 895 940 
4 330 573 605 3423 
5 159 1383 2018 2333 3022 
7 779 1278 1540 1980 2751 3073 3430 
0 
1 1853 
0 
1 134 
2 1587 3465 
0 
2 1008 1101 
3 615 1800 3517 
4 506 1190 2229 2296 
0 
1 1069 
4 650 762 3049 3723 
4 511 1132 2894 3128 
1 1792 
1 2238 
5 423 587 894 2158 2543 
2 201 3395 
2 2275 2777 
0 
4 555 1789 1870 3303 
1 37 
2 2739 3673 
0 
6 1196 2116 2213 2291 3513 3551 
0 
1 597 
4 684 719 1472 3262 
0 
0 
3 1088 1782 2509 
1 1598 
3 2592 3256 3770 
2 2641 2695 
1 1419 
6 837 1141 1144 1556 1768 2288 
3 698 842 3706 
3 1080 1924 3209 
5 1543 3429 3461 3604 3687 
2 946 2240 
5 516 1830 1906 2409 3454 
3 145 372 2448 
2 577 2745 
5 1516 1604 2799 2801 3360 
3 192 2245 3604 
5 759 2677 3175 3556 3567 
2 38 3374 
3 978 1227 3270 
4 718 1818 2063 3429 
2 821 1901 
4 1407 2150 3221 3226 
3 972 2081 3699 
5 143 582 1499 1935 2694 
3 386 1465 1718 
1 736 
3 2767 2799 3702 
1 473 
6 367 1020 1889 3641 3669 3721 
6 0 99 117 498 503 2501 
2 697 3330 
2 766 1270 
3 229 601 3292 
1 1272 
3 744 1471 1870 
2 672 2160 
1 1937 
4 1090 1316 2414 3709 
1 43 
3 477 786 3428 
1 2654 
2 1714 3509 
0 
1 1771 
7 306 1759 1973 2421 2805 3309 3774 
2 413 1064 
3 2398 3591 3733 
3 1200 2011 3172 
1 844 
4 1011 1830 3200 3747 
4 552 1936 2005 3032 
3 295 1093 1641 
1 3635 
6 411 572 891 2305 3200 3430 
2 653 1293 
5 1174 1515 2847 3056 3613 
5 323 1168 1203 1359 2612 
0 
0 
3 1206 1481 2715 
4 1261 2614 3532 3776 
1 3540 
3 585 2027 3629 
2 841 1299 
1 541 
2 2784 3380 
3 616 1525 1592 
2 1609 2856 
0 
1 542 
4 1298 1608 1686 3359 
2 224 1518 
3 1032 1310 2365 
2 1559 1900 
3 85 790 2557 
2 20 1426 
2 320 3360 
2 424 2601 
0 
4 223 648 1444 2318 
2 625 1867 
1 1184 
6 874 1015 1131 3056 3164 3647 
1 1669 
0 
1 1666 
2 438 1337 
2 1335 2727 
3 787 2132 3221 
3 132 849 3198 
3 581 1742 2883 
0 
1 1745 
1 2539 
3 412 1270 1952 
2 3105 3629 
4 1728 1953 2161 3136 
5 201 1508 2138 3108 3306 
0 
5 517 1251 1292 1550 2998 
4 215 637 2025 2420 
1 616 
1 29 
5 93 829 1779 2001 3589 
1 3444 
3 359 766 2413 
1 1936 
0 
2 1491 1549 
4 457 833 1783 2271 
0 
3 793 1999 2598 
2 211 2198 
0 
1 2986 
2 900 2126 
2 1079 2566 
3 301 1147 2166 
3 643 937 2548 
0 
1 1144 
6 40 1058 1131 1176 1341 2095 
4 1324 1607 1793 2038 
1 2031 
3 548 1056 2082 
2 505 1992 
3 652 792 1334 
2 1406 3061 
2 1250 3124 
1 2666 
4 90 282 771 1742 
1 991 
2 1830 3471 
2 453 2219 
0 
2 476 1081 
0 
2 1705 2375 
7 405 445 518 1317 1817 2350 3563 
4 2005 2039 2320 2356 
4 999 2166 3590 3713 
3 634 1466 2931 
4 41 880 1929 2996 
2 1004 2322 
4 601 1053 1746 3086 
1 460 
2 1132 1681 
5 348 1385 1449 2422 3247 
2 649 723 
0 
2 475 3708 
3 20 1500 3638 
2 428 1081 
1 748 
3 360 1272 1767 
4 812 2124 2714 3499 
0 
2 2078 2799 
3 1156 1859 2887 
3 808 2043 2153 
4 275 856 2469 2622 
4 465 589 1113 3256 
1 2669 
1 3745 
1 1437 
4 432 1592 2970 3218 
3 125 1649 3685 
2 907 3530 
2 657 3108 
3 244 706 2749 
1 3248 
2 1408 2126 
4 692 1551 1699 3618 
2 901 1349 
3 744 1929 2069 
3 228 729 2806 
1 2069 
0 
3 983 2049 3678 
1 915 
3 1092 2392 3189 
2 1481 3651 
2 2766 2968 
3 150 538 1589 
2 3128 3416 
2 2424 3698 
1 1230 
3 1630 1742 3787 
2 2208 2675 
1 17 
4 2 777 813 3522 
0 
2 187 2883 
0 
4 291 559 773 2376 
2 808 1475 
3 1357 1564 3581 
1 2974 
0 
2 1968 2363 
1 1018 
6 989 1310 1735 2678 3092 3488 
3 939 2036 3001 
6 399 569 638 1355 1365 3469 
1 2533 
2 1581 3339 
3 93 911 3548 
3 1294 1422 1670 
5 1677 2259 2453 2652 2677 
2 2162 2766 
4 1182 1434 2568 2610 
4 213 721 1944 3428 
5 978 1389 2110 2938 3714 
4 373 911 2132 2502 
4 4 2288 2822 3276 
4 727 1024 1068 1833 
0 
1 491 
2 1366 1656 
1 624 
4 188 226 1861 2066 
5 1005 1490 1874 2353 3614 
2 296 1372 
4 681 1156 3096 3569 
3 56 625 2539 
4 485 2017 2332 2556 
4 226 357 666 2338 
4 1183 1226 2453 3377 
3 2744 3180 3257 
2 350 3078 
2 1334 1657 
1 707 
0 
1 2100 
0 
2 1565 2097 
5 48 1371 2195 2526 2641 
2 1007 1151 
3 778 2030 2116 
2 1443 2328 
4 1006 1047 1168 1336 
6 1035 1118 1167 2081 2774 3739 
5 330 1480 1576 3467 3550 
2 467 2579 
2 1647 2576 
6 367 1517 1903 1963 2718 2816 
3 287 3503 3697 
2 2614 3313 
1 2771 
4 1371 1718 3345 3771 
1 3253 
2 2754 2768 
1 2475 
1 2147 
4 1807 1896 3408 3588 
1 2779 
1 700 
0 
3 921 1890 3217 
3 39 172 3605 
2 981 1027 
5 512 1179 1296 2555 2966 
3 277 760 1020 
1 1224 
1 1933 
5 14 1384 1598 2332 3745 
3 1001 1232 3055 
3 221 1746 2776 
1 567 
4 283 285 1043 1796 
4 1430 2193 2253 2802 
1 944 
2 1426 1466 
3 671 1912 2381 
3 84 3190 3662 
1 963 
2 605 3276 
1 586 
3 2231 2274 2461 
1 3399 
4 86 200 2052 3086 
2 1917 3741 
4 733 1195 1522 3501 
3 791 910 2970 
3 257 2253 3413 
3 1333 1900 2893 
5 399 1810 1881 1978 3695 
1 2079 
0 
1 785 
1 2873 
4 483 1940 2209 3654 
2 461 901 
8 204 824 831 1470 1756 2368 2377 3513 
1 1058 
1 1119 
1 3602 
3 797 987 1253 
0 
1 1692 
3 1720 3503 3641 
3 551 922 3755 
0 
3 876 1331 2228 
5 919 1380 2967 2969 3285 
7 1761 1826 2400 2401 2410 2829 3595 
3 278 1560 3481 
0 
2 484 1539 
3 950 1870 3269 
2 1117 2233 
2 55 3644 
3 1468 2820 2822 
1 1735 
2 2577 3040 
4 570 1271 2048 3446 
4 982 1078 3421 3650 
0 
4 1372 1902 1923 3315 
3 736 1920 2749 
1 3267 
3 820 1768 2335 
2 586 1434 
3 1336 2023 2625 
3 1564 2002 2432 
3 214 1922 2857 
3 267 889 2701 
4 989 1728 2147 2848 
4 628 1979 2428 3239 
2 27 120 
3 61 461 1984 
2 163 2226 
7 575 927 1446 1871 2468 2626 2751 
0 
4 1222 1994 2312 2846 
0 
2 1923 3481 
1 223 
2 1210 1900 
3 125 2311 2946 
3 69 1653 3260 
4 422 2360 3379 3491 
1 397 
1 3169 
1 3464 
3 893 1406 1728 
3 184 2759 3320 
3 3165 3614 3765 
0 
2 375 3263 
0 
2 2177 3436 
2 45 3673 
5 122 193 1319 1660 3006 
3 316 550 640 
4 74 1862 2591 3110 
2 1618 2588 
1 2646 
3 118 344 2433 
1 564 
2 636 830 
3 479 1178 3462 
1 2519 
2 540 878 
5 934 1033 1224 1339 3558 
4 467 796 2380 3681 
3 1587 2240 2861 
6 437 1141 1239 2132 2627 2861 
4 1497 1673 1897 3344 
2 915 1880 
2 1678 2116 
4 819 945 2583 3278 
2 402 3533 
5 749 1879 3296 3604 3664 
2 1572 3510 
3 388 459 2109 
0 
0 
1 3707 
4 1451 3153 3420 3783 
4 1712 2068 3229 3657 
3 758 2457 3477 
0 
5 542 884 1800 1925 2389 
2 1059 3553 
1 121 
4 761 1235 1950 3510 
2 839 3134 
3 336 858 2732 
3 855 1071 2215 
3 596 1517 2175 
2 3408 3653 
2 37 1153 
4 667 1812 2305 2511 
1 1503 
1 2360 
1 1228 
3 700 1297 2068 
3 1200 1284 3470 
3 218 310 1652 
5 818 1212 2332 3037 3453 
2 1628 1749 
3 646 880 1626 
2 2577 3751 
1 2792 
1 3601 
3 106 833 2007 
2 2061 2328 
5 328 517 564 2304 3268 
2 878 3279 
2 2279 2995 
4 1573 1789 2651 3503 
2 31 376 
4 2072 2728 2775 2820 
2 690 2280 
2 982 1470 
0 
2 114 859 
2 1153 2399 
5 1755 2202 3008 3137 3488 
1 1577 
1 3140 
5 320 1568 2251 2899 3139 
0 
2 482 2688 
4 887 1293 2631 3101 
6 83 1495 1518 1789 2577 3195 
1 1723 
2 1525 2749 
1 858 
3 420 1533 3104 
3 2680 2883 3489 
2 1839 2320 
2 1475 2081 
2 2400 3739 
2 762 1353 
1 3148 
2 2645 3626 
2 742 3701 
2 1780 2682 
2 739 912 
2 1002 2412 
3 1173 1225 2098 
2 2159 3355 
5 356 424 1082 2253 3059 
0 
3 335 663 1881 
1 1857 
3 2014 2860 3382 
3 1773 2011 3231 
3 445 833 2631 
1 600 
1 2997 
6 1007 1578 2182 2310 2666 3653 
3 572 1875 3496 
0 
2 371 502 
2 91 2667 
5 488 1449 2000 2169 3309 
1 3087 
3 934 3169 3469 
3 734 1997 2803 
4 626 1222 3255 3669 
2 753 770 
2 1062 1287 
3 78 520 3110 
3 336 1634 2273 
0 
2 1235 1358 
3 546 3163 3329 
4 308 491 619 3275 
0 
2 655 2170 
6 2054 2680 2706 2918 3541 3773 
1 798 
1 669 
2 2099 2305 
4 1493 2594 2905 3488 
2 18 2987 
3 316 417 2388 
5 1251 1548 2150 3383 3621 
1 1148 
1 132 
5 153 416 596 1477 1502 
1 3433 
1 2533 
1 3089 
1 2566 
5 63 230 2096 2375 3254 
2 1289 1973 
3 2298 3087 3757 
2 2554 3091 
4 258 1155 2954 3319 
2 1233 3644 
3 458 1818 2031 
3 779 2015 3234 
0 
0 
0 
2 928 2894 
4 470 859 2438 3682 
2 913 3017 
2 1126 2100 
3 521 1215 3157 
0 
4 1836 2540 2965 3389 
3 248 3711 3788 
2 1472 1763 
3 552 1120 1162 
3 195 2083 3645 
1 1393 
3 1177 2156 3392 
3 1530 2843 2846 
4 700 739 2133 3790 
6 602 764 1207 1805 3503 3546 
4 1780 2605 2816 3701 
4 312 1327 1923 3300 
2 2338 2824 
3 540 1971 2444 
4 515 1918 2793 3192 
3 105 1316 3309 
2 2813 3494 
1 3471 
5 624 985 1701 2797 3482 
0 
3 1999 2364 3486 
7 624 738 2197 2413 2518 2973 3527 
3 1515 2508 3256 
0 
1 735 
3 296 1099 2716 
1 72 
3 2159 3250 3481 
2 855 2289 
0 
5 1010 1036 1673 2216 3493 
4 266 380 1634 3339 
2 187 1110 
4 776 841 3262 3580 
2 1527 2423 
2 302 2695 
2 218 3731 
1 3629 
2 3652 3780 
3 1126 3014 3128 
3 1365 1805 2873 
3 282 1725 2255 
2 2215 2526 
2 1663 2582 
3 859 1919 3034 
5 430 674 858 1544 1662 
2 1185 3209 
2 1906 3242 
1 2329 
1 2858 
3 1060 1770 1985 
3 673 2625 3602 
0 
7 146 224 739 1533 2655 3112 3778 
3 1129 3030 3740 
1 979 
1 879 
2 463 2034 
2 1248 2529 
3 447 828 1556 
3 383 845 2904 
2 699 1858 
1 1169 
1 2526 
1 1226 
0 
2 3533 3562 
3 435 598 1790 
1 2608 
1 3025 
0 
1 3637 
1 900 
1 613 
2 405 2128 
4 14 1591 2299 2420 
0 
3 665 1016 3794 
4 214 1713 3308 3762 
4 97 2464 2859 3516 
2 674 2580 
3 1563 2023 3213 
1 3666 
2 677 2620 
4 1132 2199 2555 3631 
2 89 1611 
3 2915 3593 3681 
5 2 222 956 1781 2171 
4 1628 2150 3366 3562 
2 473 1018 
2 3490 3496 
2 1615 2041 
4 218 1121 1347 3649 
2 584 3732 
2 1942 2403 
3 2668 3023 3574 
3 225 580 2178 
2 1690 3520 
2 3 204 
4 952 1080 2443 3235 
2 1505 2938 
5 174 408 881 982 2681 
3 553 1060 3640 
4 845 1187 1722 1895 
4 32 636 2150 2570 
2 1014 2213 
2 2382 2655 
7 370 804 1235 1358 2048 2432 2597 
0 
3 153 884 2078 
5 80 1111 1761 3113 3617 
0 
3 1004 1086 1230 
2 1694 1826 
5 1357 1361 1841 2517 3457 
1 3570 
6 575 985 1517 2619 2921 3640 
1 514 
1 1797 
3 2517 2994 3677 
0 
2 1944 1955 
2 1786 3765 
1 1415 
5 84 1389 1864 2092 3559 
4 1181 1520 2052 3485 
3 1498 1969 2016 
2 746 3492 
2 717 1098 
2 432 2712 
4 915 1268 2145 3731 
4 1354 1401 1562 2352 
3 353 2264 3492 
2 413 3651 
1 2319 
3 1946 1998 2669 
2 1780 2511 
1 1980 
1 678 
4 549 2278 2456 3320 
3 51 1848 2154 
4 547 1430 2725 3689 
6 565 2689 2698 3021 3438 3472 
1 1455 
2 1386 1802 
3 26 1253 2037 
4 1925 2293 2713 3605 
2 649 712 
1 933 
2 651 772 
0 
4 427 537 1580 1981 
1 3295 
0 
2 3166 3380 
5 589 1330 1451 1869 2846 
1 3361 
3 1 530 1812 
2 127 2802 
1 3634 
2 2637 2750 
1 1016 
1 435 
1 1288 
2 1082 3078 
2 1286 2614 
5 1107 1821 3207 3377 3742 
6 205 514 1353 2751 3121 3780 
0 
2 534 717 
5 672 1043 2099 2880 3561 
2 825 2225 
3 510 2079 3424 
4 195 879 2451 2594 
3 1015 2288 3601 
1 688 
3 552 681 1680 
2 1433 3186 
2 2975 3482 
2 562 2017 
1 2133 
0 
2 2188 2255 
2 1323 2625 
1 1781 
1 339 
0 
4 690 819 2089 2292 
4 170 1385 1998 3114 
1 2624 
1 3547 
2 1552 2183 
2 205 2754 
4 655 1138 2628 3225 
4 71 756 2179 2488 
3 2819 3584 3662 
6 26 971 1733 2105 2203 3270 
1 3648 
2 290 2825 
3 193 2095 3142 
3 581 1306 2921 
4 740 1894 1979 2482 
0 
0 
2 1134 1740 
3 60 2074 3555 
1 2245 
4 118 271 1278 2348 
2 270 921 
3 349 519 3543 
4 903 1558 2421 2504 
3 744 848 1912 
2 705 3283 
3 219 858 941 
1 704 
1 2837 
1 982 
4 535 553 2890 3270 
2 739 2902 
2 2439 3533 
0 
1 81 
1 3201 
0 
3 322 1215 1904 
2 1848 3778 
3 791 2104 3492 
1 2834 
3 385 1631 2263 
3 1760 2820 3493 
3 1053 1290 3652 
4 1254 1895 2763 3025 
2 821 2946 
2 1418 2658 
7 512 814 1237 1915 3016 3271 3674 
5 464 1086 1230 1392 3577 
4 562 674 1374 2428 
2 1818 2411 
1 1237 
4 455 1469 2462 3678 
4 2171 3117 3486 3546 
1 2483 
2 821 1163 
4 836 1549 2563 3050 
1 3169 
3 1985 2333 2446 
0 
3 1450 2599 3392 
5 854 867 3417 3564 3783 
4 446 840 936 3167 
1 3310 
3 1359 2544 3682 
2 134 2950 
1 3324 
1 1466 
0 
1 2693 
2 922 1530 
0 
0 
2 588 3285 
2 75 883 
2 765 1311 
1 1267 
1 543 
1 347 
3 830 1247 1402 
1 2794 
0 
2 1358 3378 
1 1128 
2 2208 3627 
3 1550 2483 3779 
1 119 
2 249 3238 
3 2043 2993 3364 
1 480 
1 1965 
1 1254 
2 1389 1856 
1 2954 
0 
0 
2 745 963 
2 639 2062 
2 789 1609 
2 2509 3638 
1 2329 
3 110 1725 2400 
1 483 
2 2175 3614 
3 2198 2280 2686 
4 428 1246 2204 2927 
3 134 355 2228 
2 1659 3560 
2 1356 2276 
5 623 2189 2568 2582 3396 
2 264 2169 
1 3578 
2 205 825 
1 3380 
6 427 1733 2460 3125 3396 3744 
0 
4 693 890 2635 3427 
2 244 1934 
2 2452 3153 
3 1694 2817 3618 
4 234 888 1264 3023 
2 2114 3277 
3 431 575 2764 
7 385 1300 1951 2024 2396 2513 2578 
3 828 940 3457 
3 1620 1694 3771 
1 2540 
3 472 782 2282 
2 2547 3234 
1 130 
4 1540 1898 2479 3115 
2 314 3091 
3 128 197 559 
2 857 3328 
1 697 
2 1620 2897 
3 950 2457 3549 
6 72 575 1914 3059 3121 3731 
0 
2 765 1076 
2 1370 3011 
3 997 1278 3334 
1 1748 
2 504 3092 
1 3438 
4 1266 1853 1932 2511 
0 
2 288 465 
3 135 172 3599 
1 3764 
2 246 2059 
3 2088 3076 3104 
5 1743 2500 3091 3664 3678 
1 3747 
4 326 2783 3198 3345 
2 84 642 
9 46 90 322 393 759 890 1377 2281 2961 
0 
2 930 2933 
2 110 1362 
4 472 911 1033 3133 
4 248 410 652 1811 
2 616 1125 
2 125 2926 
2 207 2478 
2 813 1051 
3 1567 2544 3067 
3 6 1101 2562 
0 
0 
1 860 
4 677 799 2117 3200 
0 
2 2397 2575 
0 
0 
2 2487 3529 
0 
1 224 
2 2455 3371 
3 232 487 839 
2 726 3253 
4 498 2899 3401 3680 
2 73 1095 
1 2845 
2 1044 2714 
1 11 
5 355 479 986 2765 2944 
2 1249 3010 
2 35 641 
2 197 769 
0 
4 1101 2070 2675 2948 
2 1012 2063 
6 59 1855 1917 2807 2978 3319 
2 194 1223 
1 418 
2 3009 3407 
4 715 1884 3040 3646 
1 137 
3 327 1706 3027 
1 570 
0 
0 
2 2699 3053 
4 212 673 1145 2953 
2 632 2169 
3 863 1008 1239 
3 689 1044 2966 
4 1848 2924 3108 3153 
2 1248 1810 
2 1658 3049 
3 900 2110 2896 
6 155 1566 2647 2877 2954 3500 
3 2116 2139 3583 
5 307 684 1046 2860 3361 
2 268 392 
1 1157 
1 546 
3 2191 2921 3781 
5 6 244 1130 1380 1620 
2 1537 1700 
1 229 
4 549 1048 1176 2416 
3 1892 2028 3170 
3 2096 2251 3210 
2 1914 2906 
3 1531 1753 3242 
3 3259 3288 3296 
1 926 
4 589 1440 2463 3204 
1 3187 
1 3217 
6 246 550 627 2724 2819 3671 
1 1168 
0 
0 
3 1890 2623 3320 
3 276 391 1098 
6 154 726 1366 2098 2300 2413 
2 717 1395 
5 73 790 1753 2300 3011 
2 1314 2310 
4 355 2402 3268 3516 
1 3075 
1 3379 
3 624 1182 2368 
1 3636 
2 421 1333 
3 98 354 691 
5 924 2562 2837 2896 3338 
4 180 1922 3468 3557 
3 1254 2024 2561 
2 197 1204 
5 814 942 1947 2576 3215 
2 853 1596 
2 1523 2846 
2 1476 3147 
4 176 1040 1795 3173 
1 1892 
3 2203 2435 3419 
1 2710 
2 992 3216 
2 1029 1923 
2 1709 2897 
4 2141 2164 2473 3533 
2 860 2705 
2 1038 2757 
5 473 1071 2684 3043 3710 
1 1 
4 1274 2305 2386 3369 
2 823 2383 
3 1585 2194 3156 
2 2082 3516 
1 3151 
4 74 265 1582 2803 
3 481 2253 3000 
3 594 984 3583 
1 2404 
4 801 1598 2249 3725 
4 251 1933 3301 3304 
2 1198 2939 
5 684 783 2116 3352 3573 
4 155 1822 1874 3554 
2 556 3559 
1 2601 
3 1565 1884 2050 
2 2138 2878 
3 620 883 1589 
1 2273 
1 352 
1 97 
0 
3 167 2446 3170 
2 632 2844 
1 2358 
3 2102 2234 2663 
3 740 2823 3418 
4 688 2141 2485 3787 
4 685 1408 2557 2819 
4 2022 3141 3361 3508 
2 341 1208 
1 3637 
0 
0 
4 446 1214 1998 2472 
2 3218 3381 
0 
6 974 1723 2880 3299 3375 3559 
2 2841 2932 
5 50 1435 1445 1530 1769 
0 
1 3281 
1 2555 
2 427 1855 
2 423 1664 
2 8 1020 
3 1810 2626 3783 
4 1019 1211 3381 3622 
1 1706 
2 276 805 
3 1351 2880 3530 
2 1994 2881 
1 1743 
4 1084 1154 2022 2956 
2 557 2201 
2 2296 2845 
0 
1 3499 
5 500 1740 1753 2492 2696 
2 2452 2698 
3 669 1932 2025 
3 1936 2566 3434 
6 1793 1853 2808 2986 3193 3297 
1 3475 
1 2621 
2 1759 3120 
4 862 2731 3514 3703 
2 19 133 
3 243 784 1806 
1 2955 
4 41 2827 3044 3288 
1 1017 
1 958 
3 404 1738 3453 
1 2109 
2 836 3226 
3 848 2606 3453 
3 1521 2333 2432 
4 1417 1704 2065 3663 
1 971 
0 
2 1168 3385 
4 1166 2324 2667 2969 
3 291 1625 3527 
0 
4 211 703 1900 3374 
1 2072 
1 2055 
2 171 701 
1 825 
1 2829 
1 3665 
4 578 986 1153 3090 
1 2347 
2 3104 3401 
4 102 2120 2565 3468 
5 144 495 826 2111 3047 
3 988 2979 3273 
3 1991 3024 3706 
6 1299 2095 2432 2696 3248 3467 
2 764 2559 
1 2249 
1 2772 
1 186 
1 2128 
2 688 3103 
1 2879 
1 3579 
4 372 2181 2509 3756 
3 1220 2173 2370 
2 2562 3188 
4 917 1697 1943 3092 
2 2478 3685 
3 1236 1429 1435 
3 510 1766 3739 
0 
1 1692 
1 1896 
1 790 
2 352 1531 
5 1141 1804 2557 2694 3720 
0 
1 2894 
2 1659 1845 
1 755 
6 1510 1629 2075 2224 3222 3364 
1 3548 
2 3024 3291 
5 404 1574 2196 2978 3345 
1 355 
1 2650 
2 998 3469 
3 1201 3093 3686 
3 370 659 2281 
1 465 
0 
1 577 
4 642 867 2174 3636 
2 298 2185 
2 918 2205 
1 2471 
1 1226 
3 1045 1618 2349 
2 354 2596 
4 126 1164 1411 3431 
0 
3 1923 2520 3514 
5 714 945 963 2423 3460 
3 2104 2814 3780 
1 1968 
1 3499 
2 141 2165 
2 1319 1424 
1 3155 
3 819 931 1890 
0 
2 142 3403 
1 1654 
0 
2 1327 1639 
2 2241 3392 
5 708 748 805 1988 2796 
4 1462 1633 2257 3048 
1 2519 
1 710 
5 34 762 885 3113 3600 
3 334 2077 3006 
1 1452 
1 1019 
1 2533 
0 
1 359 
5 1537 1551 1639 1768 3193 
2 321 3327 
5 300 1037 2207 2213 2434 
3 911 1998 3248 
3 284 2049 2306 
1 1773 
2 662 1646 
2 1352 2393 
4 923 1233 2082 2287 
0 
7 115 245 384 1125 1783 3516 3526 
1 1837 
4 206 287 561 3244 
3 524 1695 3366 
3 772 1835 2262 
5 445 624 939 1753 2206 
1 1620 
3 1173 1970 2836 
5 661 1809 2243 2281 3566 
2 36 65 
4 1067 1758 2015 2525 
3 490 3261 3599 
2 3327 3380 
0 
2 80 2891 
1 3184 
2 721 2455 
5 1057 1133 1259 2263 3614 
4 245 1210 1307 2647 
2 619 2183 
3 295 727 1763 
0 
2 453 1870 
2 1245 3414 
1 477 
4 195 244 278 3691 
5 71 609 1029 1044 2521 
2 1190 2573 
5 80 359 2164 2908 3743 
4 510 603 2180 3295 
4 740 1643 2040 2873 
3 2143 2439 3009 
3 512 1568 2235 
3 887 2261 3497 
5 363 1241 1800 2615 2968 
2 273 2013 
2 1914 2239 
3 597 1001 1797 
1 140 
7 22 1267 1834 2299 2772 3062 3391 
1 2272 
3 1701 3003 3599 
4 1132 1163 2431 3621 
3 1649 2961 3089 
2 24 872 
2 1900 2302 
5 1771 2741 2832 3513 3684 
5 238 904 1520 1627 1961 
4 1471 2327 2713 2749 
2 1011 1280 
4 336 2322 2791 2935 
1 3179 
3 249 3308 3437 
0 
2 756 3736 
3 637 1112 1360 
2 211 2825 
0 
2 1289 3063 
3 210 1593 2959 
2 2609 3526 
1 3219 
2 350 3173 
5 923 1236 1974 2616 2643 
0 
1 108 
2 466 3688 
4 629 667 750 2486 
0 
1 3583 
2 833 2161 
2 1802 3133 
3 405 1767 1961 
2 1123 3402 
3 88 1764 3367 
0 
4 1050 2554 3072 3470 
3 2542 2734 3470 
2 1237 3436 
2 176 3030 
2 50 2826 
3 187 2895 3019 
1 1704 
6 1878 2460 2807 3239 3628 3666 
3 366 481 1923 
4 160 1263 1348 1519 
0 
0 
1 229 
0 
3 591 1455 1643 
1 2706 
4 366 1504 1624 2034 
3 1402 1985 2984 
3 1065 2568 3480 
2 1184 3326 
2 776 2072 
1 3634 
2 838 2857 
3 973 2964 3227 
1 2692 
6 1247 2159 2303 3134 3369 3477 
1 2010 
2 3342 3428 
4 407 698 2431 3200 
1 2584 
4 62 1278 2491 2922 
7 3 88 537 609 652 927 1785 
1 950 
0 
5 2077 2412 2721 2954 3136 
3 839 1593 2676 
2 532 1072 
1 3522 
0 
2 1846 3091 
2 991 3083 
2 987 2936 
3 904 1064 3259 
1 268 
0 
4 264 1508 1596 3461 
1 2067 
0 
4 351 3031 3243 3310 
2 128 2312 
2 646 2273 
6 876 1547 1735 2086 2335 2869 
2 355 2210 
5 230 1534 1569 2309 3410 
2 3260 3705 
4 1324 2044 2344 2724 
3 1226 1354 3256 
4 872 1698 1963 3104 
2 43 986 
2 1440 3103 
4 2268 2611 3360 3462 
9 6 574 691 903 956 1666 1808 2719 3572 
5 638 2164 2475 2888 3621 
4 936 2654 2806 2844 
3 863 2426 3068 
2 1347 3149 
2 32 3212 
2 629 1170 
2 582 3744 
3 2985 3067 3159 
0 
1 2679 
1 3506 
4 891 1334 2650 2716 
0 
3 1447 1536 1799 
3 195 1357 2876 
0 
2 899 1504 
3 1137 2019 3587 
5 1167 2868 2902 3285 3707 
4 240 937 3125 3585 
1 2951 
6 943 1561 2019 2852 2957 3276 
6 936 954 1134 1573 1727 1847 
2 626 2833 
2 1001 1269 
3 2361 2426 3235 
2 382 3483 
1 136 
4 760 792 2469 3027 
2 3288 3617 
2 251 3386 
3 1455 1641 3683 
4 882 1590 2838 3023 
1 1427 
2 641 2457 
4 376 668 724 1642 
3 654 2429 2770 
2 2913 3351 
0 
2 909 2696 
1 2469 
2 563 1217 
3 11 164 1692 
3 829 1244 3016 
0 
5 6 40 302 1258 3213 
2 1564 2955 
3 556 2411 2716 
2 2754 3573 
2 1004 2255 
3 388 1433 2495 
2 712 2826 
2 714 2449 
2 2826 3592 
4 32 1244 2454 2713 
1 0 
1 2523 
4 108 2060 2834 3696 
1 173 
4 181 3277 3522 3692 
3 403 1810 1835 
1 484 
3 863 1896 2727 
3 248 429 3486 
4 1400 2630 2642 3183 
0 
4 2081 2302 2573 3382 
2 817 1730 
2 1249 3230 
1 1770 
1 1136 
6 153 206 2817 3437 3504 3750 
3 662 1107 2793 
2 1826 2762 
0 
0 
1 1994 
4 521 904 2822 3698 
2 946 1324 
2 589 1260 
6 311 1274 2867 3025 3298 3691 
1 3137 
2 2377 2555 
2 948 2580 
5 1173 1368 1856 3236 3247 
2 2045 2540 
0 
1 1742 
1 2764 
1 3582 
2 1679 2814 
2 743 2375 
1 2609 
4 952 1632 1977 2951 
1 3205 
1 535 
2 1079 2797 
6 1258 1311 1615 1756 2148 3295 
2 729 1143 
4 1076 2370 2434 3114 
3 5 721 3616 
3 942 2505 2906 
1 2339 
2 102 125 
2 668 757 
1 231 
2 538 1024 
1 2800 
1 2649 
1 1865 
3 665 1067 3257 
1 3723 
3 19 1798 2633 
2 429 1066 
7 72 578 1113 1773 2339 2614 2987 
3 89 1249 3518 
3 843 1302 2958 
3 21 588 3407 
3 1918 1922 2783 
0 
0 
2 1610 1634 
4 479 941 1204 2855 
3 1433 1562 2910 
2 718 1641 
4 2083 2666 2871 3695 
2 108 680 
4 509 1534 2385 2572 
1 2589 
4 398 856 3382 3680 
4 741 1112 3075 3127 
2 2907 3319 
2 2932 3243 
2 1180 1855 
4 2524 3341 3354 3726 
2 820 2887 
2 1268 2242 
1 740 
1 757 
4 1793 2320 2809 2888 
3 1214 3088 3290 
4 2245 2372 2568 3180 
3 86 777 1398 
3 97 1894 2501 
3 89 1986 3351 
1 2068 
1 3494 
5 933 1230 2595 2606 3122 
6 176 796 1757 2324 2775 3303 
4 92 474 1596 2841 
1 2222 
3 898 1248 2155 
0 
2 1091 3742 
2 266 1668 
0 
0 
3 582 2760 3403 
2 1460 3691 
2 1958 2433 
1 1025 
3 344 1407 3455 
3 637 1503 3206 
1 3132 
2 293 1659 
3 838 2659 3323 
3 1885 3613 3714 
6 231 998 1015 2046 3544 3654 
4 11 792 794 2676 
5 206 238 376 1502 2669 
0 
3 1031 1667 1859 
3 109 191 3537 
1 1328 
1 1706 
0 
3 484 1747 1873 
2 775 1232 
5 88 905 1295 2705 2985 
4 2757 3165 3200 3412 
4 640 859 1051 1967 
4 742 1583 1761 2297 
3 1127 2026 3293 
1 3353 
2 2893 3754 
1 1890 
2 2669 3258 
1 1461 
2 1310 3690 
0 
1 2955 
2 164 1247 
0 
4 2314 3087 3266 3615 
3 739 1322 1680 
3 1106 1535 3238 
4 219 853 2476 2887 
4 1060 1549 3162 3407 
4 58 1094 1293 3505 
4 851 1120 2138 2460 
1 2262 
2 378 1606 
2 300 2206 
2 1349 1729 
3 1319 2531 3194 
1 2397 
1 284 
2 10 3339 
6 993 1655 2317 3211 3601 3638 
4 830 1522 2164 3323 
3 1677 2131 2827 
0 
1 2169 
1 1431 
0 
6 613 856 988 1524 1592 2639 
2 1481 2435 
1 371 
0 
2 561 1676 
2 2735 3349 
0 
1 443 
2 122 773 
0 
3 733 789 3303 
1 2869 
4 60 1197 1685 3724 
2 214 3584 
0 
4 4 291 523 2111 
6 4 706 831 985 2385 3286 
4 1131 1303 3356 3487 
0 
0 
0 
2 2292 3741 
5 715 1597 2100 2330 2860 
2 6 1524 
4 134 395 2811 3704 
4 1575 1608 2336 3723 
1 357 
1 1794 
0 
3 1253 3691 3783 
2 2821 3724 
3 871 945 2402 
3 438 1998 2693 
1 2635 
6 241 639 1098 1211 1227 3642 
1 2895 
3 2477 2898 3396 
3 777 2202 3218 
3 37 1263 2942 
2 2052 2194 
3 1129 2229 3205 
3 3032 3309 3664 
3 605 2475 3442 
5 139 175 1061 1150 1864 
6 15 117 440 653 2727 2739 
3 714 1833 2705 
2 827 2597 
1 174 
5 124 1575 1791 1901 2110 
1 1732 
4 0 735 758 2387 
1 3381 
1 3549 
7 244 407 1076 1420 1516 2113 2183 
5 409 474 1090 2446 3184 
3 1210 1363 2693 
2 2873 3648 
3 1690 2540 3788 
2 1718 3274 
3 1008 1413 3100 
2 263 3243 
1 969 
4 166 1219 2503 3730 
1 1317 
3 411 1792 2682 
2 1689 3244 
5 1071 2394 2798 3012 3175 
4 1314 1782 2169 2823 
4 331 478 2366 2935 
3 490 1719 3305 
2 568 3678 
2 270 3086 
4 189 1305 2954 3560 
2 1419 3095 
4 209 2866 3056 3059 
3 493 1529 3556 
1 2656 
2 888 3365 
6 315 1582 2155 2757 3509 3610 
1 854 
2 85 1709 
2 1144 2783 
2 730 1414 
2 279 1207 
0 
1 1635 
5 418 1037 2153 2948 3297 
2 1319 1570 
1 1415 
2 1720 2715 
4 1768 2103 3205 3301 
2 1755 3625 
2 806 1394 
2 909 3088 
5 531 1891 2223 3110 3503 
1 3649 
1 2449 
6 613 1228 1755 2475 3621 3633 
3 516 2625 2658 
2 1007 1165 
1 1153 
2 3103 3616 
0 
1 751 
3 2563 2781 3679 
1 2820 
1 2051 
1 2210 
2 1706 2709 
1 1294 
1 949 
2 329 2453 
3 921 1416 3731 
3 598 2156 2498 
0 
3 18 896 2627 
1 86 
4 14 928 3272 3638 
2 357 1606 
3 532 1795 3142 
1 2896 
1 2754 
2 551 604 
1 1799 
4 628 984 2418 2720 
3 430 1741 2336 
1 2037 
2 1771 3622 
2 3031 3567 
6 633 1329 2042 2317 2831 2912 
0 
0 
0 
5 1589 1682 3359 3476 3525 
3 255 467 3438 
3 308 1040 1535 
2 564 3743 
5 334 888 902 1062 1586 
4 206 413 490 3646 
3 1164 1305 1950 
0 
3 1743 2960 3200 
1 3110 
1 826 
3 570 2289 3675 
1 1796 
2 1767 2101 
5 1351 1780 2368 2397 3155 
2 330 1255 
3 511 2271 3765 
1 3546 
2 523 2807 
5 434 446 1899 2534 2535 
1 2853 
2 247 3756 
2 727 2265 
3 37 1803 3102 
4 1084 1599 1889 2659 
2 896 2470 
2 172 607 
2 1418 3549 
1 2730 
6 1262 2294 2465 2977 3248 3773 
1 1028 
3 1032 1414 2776 
3 1466 1714 1771 
3 137 1437 3740 
2 2941 3400 
0 
0 
1 529 
1 1761 
4 624 832 1297 3085 
3 1151 2260 2476 
0 
1 613 
3 5 1310 2137 
2 1269 2959 
3 405 2278 2559 
0 
2 598 1636 
3 2082 2364 3739 
3 1108 3493 3634 
3 1198 1802 2868 
3 1549 1551 2898 
1 3267 
4 294 1808 1967 2429 
2 1864 3407 
3 1026 2801 3598 
6 205 671 1011 1094 1580 2601 
3 1757 3285 3395 
0 
2 2528 2983 
1 1892 
4 181 1071 1552 3059 
2 957 2710 
4 240 952 1888 2995 
1 299 
5 24 189 2094 2720 3273 
2 3025 3061 
4 3 11 3180 3593 
2 2109 2245 
2 697 2685 
2 1257 3419 
4 557 757 1050 2040 
0 
5 92 330 761 1813 3773 
2 583 3351 
3 290 1663 2049 
2 2897 3425 
4 2875 2977 3514 3782 
3 1811 2453 2674 
3 81 857 1025 
3 1171 1410 3253 
1 2138 
3 23 3181 3458 
5 120 843 883 1018 2399 
3 588 1368 1658 
0 
3 939 1890 2920 
4 264 2141 2241 2653 
2 310 3303 
5 438 844 1135 2634 3567 
3 2003 2015 2618 
1 2830 
1 551 
1 485 
2 3469 3604 
2 1894 3677 
1 3468 
3 2376 2392 2813 
2 325 1674 
2 1330 2940 
4 1723 2796 2884 3137 
2 373 756 
0 
2 1254 3042 
2 839 2762 
0 
3 3040 3507 3696 
2 757 3167 
1 2943 
3 1605 3110 3743 
1 3050 
3 959 1013 3193 
2 1926 2955 
2 232 548 
3 817 2617 2681 
3 299 1143 2297 
2 690 2914 
3 532 2184 3205 
3 55 322 2740 
5 911 1556 2263 2476 3612 
3 2576 2798 3433 
3 289 1690 2000 
1 44 
1 2042 
1 3177 
1 2970 
3 755 1106 1992 
2 812 2346 
3 911 1983 3311 
2 3344 3557 
1 3669 
2 983 3393 
4 238 891 2830 3020 
2 152 1229 
2 1581 3569 
0 
4 109 2028 2132 3619 
3 364 1580 3529 
2 2166 3664 
3 226 376 1097 
1 1001 
1 3254 
1 3360 
3 798 2346 3671 
4 332 502 1760 2927 
2 2182 3413 
1 3701 
3 1433 2660 3356 
4 481 1483 2106 2263 
2 664 2547 
2 1036 2332 
4 923 1052 1411 3177 
2 189 923 
5 421 1553 2147 2988 3095 
3 458 1217 2576 
2 449 1588 
3 41 324 3600 
0 
2 3473 3716 
0 
3 629 2953 3289 
3 923 2444 2858 
4 1360 1948 2866 3192 
3 1059 1873 2886 
5 44 723 1144 1549 3351 
4 655 2952 3444 3600 
2 120 3718 
3 1533 2481 2538 
3 2578 3238 3389 
3 19 2240 3765 
0 
2 718 1198 
3 291 662 1333 
2 84 765 
3 1157 1728 3402 
2 803 3560 
1 2928 
3 516 1903 1926 
2 3195 3347 
5 44 946 1359 2615 3688 
3 1937 2302 3024 
0 
4 513 1805 1867 3602 
6 942 1230 1658 1680 2617 2784 
2 976 2060 
4 410 1755 2000 2775 
3 1570 2117 3072 
2 258 2855 
1 3731 
1 1118 
3 1342 1794 3167 
2 3205 3220 
3 3013 3163 3198 
2 2830 3431 
2 248 1222 
4 1136 2410 2777 2842 
4 426 3080 3232 3351 
3 1368 1603 2170 
1 2983 
3 71 181 630 
3 1953 2212 3266 
1 3356 
1 1296 
2 1428 1640 
6 826 845 2227 2327 2821 3345 
2 1955 3528 
3 1489 1779 2461 
6 131 1262 2683 3080 3666 3689 
3 999 1446 1935 
0 
2 3201 3430 
4 1424 1846 2100 3017 
2 896 2455 
1 1362 
3 1540 2489 3732 
3 232 1202 3532 
2 547 2278 
0 
0 
5 302 950 3255 3371 3522 
3 778 1929 1941 
1 2274 
2 1721 3513 
1 1615 
3 477 496 1575 
2 3148 3773 
6 232 414 870 1901 2158 2213 
3 2097 2289 2368 
1 2152 
3 343 1474 1693 
1 1440 
1 3797 
4 2416 2712 2847 3239 
2 1324 3187 
5 1364 1395 3437 3485 3747 
4 57 408 2716 3194 
2 1608 2818 
2 293 1830 
1 1486 
4 350 1317 2859 3131 
2 348 2463 
1 2979 
2 1869 3174 
3 1639 3416 3743 
1 2889 
0 
3 299 1951 3393 
2 64 3191 
2 3244 3661 
1 2229 
1 2686 
4 228 1462 2976 3769 
2 647 2044 
3 125 378 831 
2 2178 3355 
2 1333 2939 
1 2002 
0 
4 3066 3313 3486 3516 
2 232 1145 
4 619 1409 1689 3688 
2 556 2561 
5 1011 1259 1455 2526 3780 
0 
3 346 1433 2789 
0 
3 2589 2940 3130 
2 111 3761 
3 1237 1242 2626 
2 1144 3359 
3 349 980 1744 
2 545 1727 
3 87 344 1789 
0 
3 257 1957 3667 
2 213 2035 
2 1773 3059 
4 854 1165 1186 2511 
1 2543 
3 2308 2824 2988 
4 486 1181 3429 3544 
0 
2 2105 2740 
1 3481 
7 415 822 1103 1750 3042 3347 3477 
1 2268 
2 2268 2979 
2 199 3116 
1 3245 
2 2416 2781 
3 138 711 842 
5 1123 1436 1986 2173 3241 
1 2891 
3 1840 2618 2880 
3 577 605 2527 
2 1374 1476 
1 3239 
2 168 2746 
2 1438 2398 
3 479 517 736 
1 347 
1 377 
1 3584 
1 581 
0 
4 426 1109 1839 3649 
6 216 420 879 1207 1623 1983 
1 843 
5 497 692 1609 1701 3381 
0 
4 203 1681 2294 3736 
1 525 
3 76 1562 2510 
5 372 1477 1560 1691 2679 
2 1366 2220 
2 2657 3788 
1 1676 
5 150 226 734 1105 1642 
1 528 
6 828 1419 1857 2042 2884 3338 
2 160 3055 
4 101 468 1227 3674 
0 
4 347 2028 3319 3708 
4 1790 1967 3293 3760 
0 
3 1483 2787 3011 
5 862 1564 2369 2403 3153 
4 932 1021 1044 3199 
7 195 556 1433 2417 3135 3203 3250 
2 861 3090 
3 1203 1984 3734 
1 2667 
2 1166 1419 
1 989 
2 1868 3206 
1 3191 
1 3607 
2 2691 3030 
2 291 974 
5 309 2029 2515 3561 3704 
1 2828 
3 429 495 973 
4 384 621 3549 3600 
0 
3 353 1095 1296 
6 92 160 340 2048 2775 3197 
2 310 1724 
5 2 1230 2162 3236 3274 
3 502 729 3638 
2 1370 3052 
1 3109 
6 695 1595 2305 3583 3675 3703 
2 2620 3244 
1 3337 
1 2708 
3 1133 3394 3760 
3 1657 2048 3399 
2 55 3521 
2 1191 2629 
4 324 1823 1993 3086 
1 828 
1 1899 
2 163 674 
0 
6 678 865 1288 2015 3673 3722 
3 395 1797 2428 
4 438 1826 2946 3269 
2 2363 2432 
3 2339 2542 3049 
1 1239 
4 290 1206 2602 3276 
2 1645 3177 
3 778 3569 3741 
2 181 1547 
1 1312 
4 941 1174 1306 2214 
3 950 1627 2517 
5 439 511 985 2231 3565 
3 1316 2879 3409 
2 2608 2674 
3 202 1965 2902 
2 1043 1068 
5 173 417 3683 3744 3749 
1 2013 
2 2338 2687 
2 1426 2149 
2 2765 3600 
2 1283 3235 
0 
2 2116 2679 
1 2653 
4 109 237 622 854 
3 1965 2960 3565 
1 1826 
0 
1 1055 
2 123 975 
2 1523 1781 
0 
2 2009 2786 
2 1711 1912 
2 1029 2710 
1 826 
2 2336 2640 
4 252 658 1902 2819 
3 1176 1229 2667 
4 394 2192 3432 3448 
2 2564 2863 
4 206 1356 2214 2675 
2 2066 2273 
2 2396 2808 
2 410 2738 
2 459 3649 
3 1606 3238 3638 
0 
0 
4 747 1071 2026 3471 
5 1075 1663 2581 2655 3675 
1 1218 
6 308 780 1258 2070 2087 3169 
2 229 2872 
1 3351 
2 100 450 
4 199 2922 3217 3332 
4 2327 2629 3488 3578 
3 806 1502 2658 
2 1874 2069 
2 634 826 
1 819 
4 1910 2562 2639 2842 
4 1049 1091 3036 3122 
4 448 1224 2363 2915 
3 435 1057 2180 
1 2456 
2 1578 2895 
2 511 2318 
4 1414 2499 2947 3582 
2 2634 3142 
2 194 1042 
2 1265 2779 
2 3374 3705 
2 2587 3384 
3 120 266 1863 
4 461 1379 2148 2171 
4 641 1701 2726 3082 
4 514 622 1158 3121 
4 1639 1680 1940 2951 
1 3538 
2 1265 1640 
3 355 1514 3054 
1 150 
2 944 3458 
1 3406 
1 367 
1 3084 
6 1576 2079 2161 3159 3417 3504 
3 1091 1854 3513 
2 3398 3582 
3 2604 3055 3607 
1 2224 
4 424 1571 2311 2651 
0 
5 216 1252 2481 2858 3691 
6 59 1269 1811 1955 2740 2743 
3 773 1495 3255 
3 677 2205 3096 
5 1148 1912 1948 2484 3048 
1 448 
1 863 
1 1900 
2 2240 2314 
2 1873 3009 
0 
0 
4 435 1543 1894 3358 
2 268 1264 
1 2694 
3 705 1963 2160 
2 228 1031 
0 
2 2277 3779 
2 1647 3503 
2 1006 3655 
2 2899 3563 
2 146 1840 
1 2121 
1 517 
1 421 
2 2661 3360 
3 611 2160 3274 
3 2367 2531 2713 
1 1809 
2 3216 3220 
1 2713 
1 846 
1 631 
1 2546 
1 3323 
0 
4 787 937 1046 1811 
2 1283 3209 
3 589 950 1290 
0 
0 
5 869 1315 1949 2237 3388 
0 
1 383 
3 1577 2080 2194 
2 152 3539 
3 247 964 3242 
2 387 2058 
0 
3 552 1974 2353 
2 1354 2879 
7 128 515 1432 1989 3158 3284 3442 
4 93 1497 2636 3731 
4 166 800 827 3338 
1 644 
3 566 869 3214 
1 3093 
3 20 258 1937 
3 866 3443 3593 
4 160 357 1683 1802 
0 
1 859 
6 196 390 1031 2049 2434 2595 
4 436 885 2280 3483 
2 607 2444 
0 
3 278 873 2689 
1 2889 
2 2220 2538 
3 2989 3364 3776 
4 1464 2019 2197 3106 
3 125 683 2432 
0 
2 2649 3377 
2 233 2575 
1 88 
1 2513 
0 
3 456 1813 3711 
1 1022 
3 434 1137 1973 
3 303 526 1390 
1 3792 
2 1742 2349 
3 1141 1997 3159 
3 512 2182 2369 
6 254 632 644 775 2802 3572 
2 2008 2855 
2 632 2304 
4 72 888 1281 2799 
3 1079 1585 2917 
1 379 
2 460 662 
3 793 1902 3346 
4 1504 1846 2267 3582 
3 1643 2660 3769 
3 525 2040 2812 
2 3381 3430 
3 2140 3010 3487 
2 208 2809 
4 299 1139 2346 3269 
3 1729 1991 2815 
4 244 2814 3154 3360 
2 863 1133 
3 301 1429 1972 
3 2485 2943 3698 
5 1318 1543 1609 2654 3401 
4 930 1031 1352 2221 
6 23 2146 2453 3224 3605 3632 
5 832 930 1978 2885 3167 
4 255 1607 2183 3170 
5 203 1135 2528 3158 3646 
6 132 1321 1819 2844 2959 3248 
3 1843 1952 1954 
4 367 1651 2111 2879 
2 206 2590 
4 465 923 1671 3179 
4 2340 2381 2442 3398 
1 2245 
5 403 1809 3513 3666 3720 
2 1924 3688 
3 167 1350 1958 
2 9 3262 
1 1770 
5 317 512 1338 1560 3035 
1 1933 
2 574 3700 
2 2954 3061 
4 182 1619 2050 2984 
3 520 2444 2679 
2 375 1130 
3 1604 1902 2825 
2 1494 1636 
5 952 1130 1278 1566 2942 
3 343 673 2481 
1 945 
1 3354 
1 3741 
2 3093 3219 
4 292 1922 3110 3511 
2 2269 3559 
3 306 3044 3676 
5 519 2023 2436 2800 3181 
2 348 685 
5 271 420 943 1861 3481 
3 1172 2410 2712 
5 243 1202 2488 3087 3497 
3 1066 1525 2138 
4 984 985 3685 3786 
2 3026 3786 
1 2657 
0 
1 3285 
4 2190 2411 3147 3199 
2 518 1981 
3 1919 2299 2990 
4 576 1890 2127 3172 
1 2883 
2 12 2026 
1 2670 
5 908 1163 1793 2172 3126 
0 
1 2326 
1 1915 
1 1523 
1 1597 
6 309 320 1687 2628 2763 2827 
6 1293 1618 1631 2542 2918 3099 
1 1632 
1 3717 
6 419 505 708 810 1049 2870 
2 2349 2568 
3 2822 3510 3527 
1 2412 
3 776 2036 2097 
4 527 1901 2040 3565 
4 2493 2780 3308 3417 
1 1340 
3 1777 2541 2952 
0 
3 903 2085 3240 
3 602 1117 1703 
7 331 582 1844 2151 2684 3079 3348 
3 1522 1560 2236 
3 1445 1574 2325 
2 2152 2300 
4 1040 1492 2733 3169 
1 320 
3 419 3435 3649 
3 1341 1919 2630 
3 585 3068 3623 
2 5 1183 
2 1095 3785 
2 1536 2002 
2 2032 3379 
1 1791 
1 77 
1 2024 
1 3322 
2 2245 3437 
1 1938 
3 2365 3108 3749 
3 1209 2681 3160 
0 
2 2803 3027 
2 1091 2880 
0 
2 511 2335 
3 1239 1323 1529 
2 1869 2673 
0 
2 1519 3394 
2 480 3635 
3 546 1473 3020 
2 1415 2393 
1 2425 
0 
2 4 3450 
1 759 
3 1619 2033 3710 
3 1468 2953 3433 
0 
4 217 1813 2184 3129 
3 24 1880 3574 
0 
2 830 1223 
2 1591 2504 
3 2348 2515 3010 
1 2283 
4 232 2154 2846 3450 
2 2357 2818 
1 1497 
2 3102 3550 
3 957 1355 2616 
2 430 2686 
2 1502 2202 
0 
1 1375 
3 1921 1994 2696 
2 2414 2891 
3 1515 2409 2933 
6 1110 1403 1523 1873 2188 2840 
5 518 1650 1947 2091 2361 
1 1634 
2 1922 3553 
3 2017 3196 3263 
5 483 566 1822 2293 2825 
2 2257 2642 
3 1466 1806 3498 
1 3479 
1 3477 
6 1862 3092 3440 3468 3656 3760 
2 80 1123 
3 879 1518 3509 
1 922 
2 800 1797 
2 922 1663 
3 783 901 2374 
0 
2 146 3069 
2 1144 3541 
4 65 105 188 815 
2 325 1301 
1 2500 
2 2278 2326 
3 1504 1709 3136 
3 1678 2490 2535 
0 
1 3295 
0 
4 2308 2447 3540 3652 
2 1856 2841 
2 1908 2079 
3 180 732 1643 
5 31 275 1096 2015 3251 
3 550 2402 2528 
3 244 2782 3229 
1 2868 
0 
1 3069 
3 528 1398 3424 
1 1242 
3 322 1028 2312 
2 760 3058 
2 1070 3571 
2 717 3786 
3 3128 3318 3319 
1 1586 
4 71 530 820 3733 
3 469 3433 3547 
1 1804 
0 
0 
3 971 1747 3453 
0 
1 1037 
8 10 1507 1794 2721 3051 3488 3622 3776 
4 1498 2811 2940 3121 
3 1450 1551 2575 
1 2182 
1 2441 
1 1162 
0 
3 1357 1944 3706 
4 248 1119 2460 3676 
2 171 3195 
2 17 1844 
3 2381 2926 3415 
1 1265 
2 60 588 
4 1218 1430 1933 3692 
4 180 1679 1708 2429 
7 37 351 1192 1354 1981 2315 3635 
2 52 2862 
4 207 1510 1929 2917 
1 3074 
0 
4 205 1177 1842 2587 
2 1887 2244 
5 668 2157 3370 3562 3663 
0 
1 1167 
1 2837 
3 2680 3082 3154 
1 1018 
0 
0 
3 932 1508 2355 
1 274 
2 2352 2533 
1 1578 
4 199 1651 2854 3082 
0 
0 
1 1677 
2 1743 2716 
5 431 601 1521 2618 3760 
4 450 1366 2359 3653 
2 3009 3575 
1 2599 
3 83 101 1514 
2 2699 3789 
3 884 2569 2708 
3 673 700 2190 
1 3467 
2 2996 3560 
5 1062 1447 2190 2310 2525 
2 108 3660 
4 745 2315 2840 3491 
3 1802 3607 3732 
1 1821 
1 3682 
1 3207 
1 2507 
2 1476 1908 
3 1903 2903 3162 
2 2972 2992 
0 
1 3740 
3 1839 2435 3575 
1 589 
2 582 3028 
4 113 1554 2031 3378 
1 1461 
0 
3 349 847 1287 
1 2895 
6 22 378 2445 2456 3380 3538 
1 238 
4 221 2694 3036 3044 
2 139 1879 
1 2704 
1 2288 
5 762 898 2187 2609 3142 
5 1077 1108 2094 2859 3440 
2 2041 2209 
4 278 1104 1806 3611 
2 1673 2579 
5 1109 1441 1462 1878 3763 
5 819 1453 1692 2964 3612 
4 144 1713 2769 2851 
0 
3 2189 2402 3514 
4 206 841 2715 3454 
0 
0 
2 2880 3706 
2 2175 3273 
1 1043 
2 2272 2945 
5 20 261 1686 1898 2217 
4 1048 1461 1675 1896 
1 713 
2 2783 3358 
0 
6 450 715 786 1519 2914 3114 
3 247 580 2600 
6 973 1083 2210 2258 2358 2852 
2 3182 3442 
2 307 1176 
2 1233 1746 
3 1311 2000 3108 
1 1440 
2 2536 3192 
2 1363 3789 
1 3125 
1 3745 
1 1646 
4 1290 1447 2695 3010 
3 2048 2680 3300 
1 73 
2 746 3424 
4 527 1424 1920 3118 
3 26 454 2873 
1 2031 
5 531 602 802 1162 2999 
1 2935 
3 38 2515 3764 
2 480 2488 
1 2064 
2 1470 1834 
4 192 1005 1864 3406 
2 116 2578 
6 54 237 714 1873 2978 3732 
3 1037 1982 2349 
0 
1 1040 
1 1039 
1 1610 
4 1322 2235 2687 3086 
3 275 3371 3561 
1 2 
0 
0 
2 1567 2866 
2 1054 2474 
1 1904 
1 3617 
3 1584 3202 3780 
3 18 347 3592 
6 320 997 1428 1519 2576 3637 
2 2815 3036 
2 1734 2263 
4 238 478 1582 3715 
1 1121 
3 146 2764 2824 
5 258 1908 2705 2797 3344 
5 2915 3217 3247 3307 3794 
0 
2 2098 3068 
2 1087 2441 
2 248 700 
2 965 2080 
1 1277 
4 1372 2356 2439 2822 
2 53 3642 
6 495 961 1078 1367 2669 2899 
4 1534 1603 2823 3405 
2 95 3642 
2 665 2869 
2 1568 1825 
4 203 2491 3308 3757 
2 634 2182 
1 3730 
3 2373 2400 2621 
0 
3 1814 2829 3351 
3 846 2042 2316 
2 2331 2855 
2 45 3111 
1 1965 
3 1778 2170 3790 
0 
1 1300 
2 1541 2482 
1 1691 
1 798 
3 140 478 892 
3 2496 2585 3432 
4 1137 2411 3116 3266 
6 190 1643 1753 2360 3197 3745 
2 2105 2484 
3 1044 2427 3018 
2 232 2958 
3 428 2595 3193 
3 707 1464 2441 
2 2577 2866 
6 667 671 1481 1867 2080 2257 
2 1345 2459 
1 3151 
2 2578 3328 
1 1540 
5 1995 2156 2206 2366 2440 
3 400 2063 2584 
2 1289 3065 
0 
4 626 1169 2750 3742 
3 571 1535 3715 
1 2109 
1 1905 
2 1204 1946 
1 2768 
1 1564 
4 1572 2742 3503 3720 
4 876 1542 2673 3160 
4 461 783 1616 2153 
3 1824 2851 3222 
3 138 2440 2742 
4 443 500 639 706 
2 1706 3219 
0 
3 98 568 2821 
2 1316 3763 
2 639 1656 
1 1862 
2 68 3337 
2 998 2989 
3 1969 3354 3514 
1 1067 
2 2445 3797 
1 3495 
3 548 1113 1438 
3 1222 1926 2637 
2 1985 2597 
0 
4 1397 2096 2417 2663 
4 946 1846 2481 2545 
1 2893 
2 2540 3469 
3 1170 1537 2759 
4 512 1887 2033 2176 
4 1765 2181 2497 2602 
3 245 2537 3269 
0 
3 765 1985 3160 
7 275 431 788 1680 1756 2278 2825 
1 498 
2 1150 2578 
1 2987 
0 
4 295 868 1491 2329 
3 513 1106 2390 
3 1080 2468 2714 
4 621 779 1145 1895 
3 846 2011 3273 
1 2087 
2 1538 1881 
4 68 958 1893 3556 
2 333 1774 
5 424 616 1156 2835 3482 
3 392 967 2958 
0 
0 
3 2094 2449 3192 
4 107 938 2301 3700 
2 1026 1553 
5 175 927 2616 2813 3245 
3 636 1319 1340 
1 1357 
3 204 2233 3453 
4 1678 2314 3100 3257 
3 2174 2597 2739 
1 1088 
4 832 894 1922 2620 
2 1431 1960 
1 989 
2 1027 3757 
2 273 3662 
1 1622 
1 353 
1 1335 
1 2764 
5 922 1383 1919 2306 2865 
1 2132 
0 
3 1538 1651 1930 
1 2409 
2 2041 3421 
4 87 88 1708 3587 
1 650 
3 2083 2573 3506 
0 
4 1275 1792 1998 2981 
2 991 1538 
3 117 1643 2202 
1 1981 
2 1618 3422 
4 19 1134 3122 3695 
3 273 1590 2206 
0 
4 609 2049 2126 2337 
4 4 287 349 1590 
1 2185 
2 453 715 
2 65 3160 
4 1201 1815 2889 3174 
5 662 1076 1138 2157 3577 
2 1373 1887 
1 2377 
1 3757 
4 193 865 2507 3352 
0 
2 515 936 
0 
1 82 
1 2999 
5 1110 1504 2032 2572 2999 
4 221 964 1262 1547 
0 
2 362 2911 
4 2066 2110 2747 3586 
1 1376 
2 3484 3529 
3 177 199 1858 
3 1754 1775 3762 
2 1443 3203 
1 1087 
2 500 648 
0 
1 2673 
0 
2 1451 3546 
1 3339 
1 3604 
2 2603 3228 
3 1560 2568 2766 
6 126 561 823 1154 2108 3335 
0 
1 2035 
1 1866 
0 
6 149 986 2378 3159 3622 3694 
4 867 1464 1709 2453 
1 2806 
2 2427 2533 
1 2895 
1 2121 
0 
8 405 1938 2045 2323 2413 2445 2671 3179 
2 1592 3313 
1 2084 
4 2035 2849 3230 3407 
2 1061 2503 
4 153 2133 2396 2450 
0 
3 2724 3106 3718 
3 688 2249 2518 
7 329 632 694 1899 2391 2738 2815 
3 1279 1525 1610 
1 443 
1 3788 
5 570 1398 1706 2782 3379 
1 2193 
3 54 1211 1766 
1 1837 
1 357 
4 579 1580 1864 3416 
1 3032 
4 381 1489 2468 3143 
0 
0 
6 458 635 1666 2690 3431 3634 
3 1618 3387 3577 
1 200 
5 258 502 845 1289 2786 
2 1392 3075 
4 959 1555 2907 3364 
5 683 1277 1423 1775 3080 
5 1616 1628 2167 2557 2810 
6 353 421 1066 1967 2030 3734 
2 585 1098 
1 2691 
1 1662 
1 1931 
2 293 3375 
3 84 2754 3562 
4 100 1123 2417 3566 
0 
1 1802 
4 246 1129 1370 1741 
2 2380 2495 
2 2605 2924 
2 606 2306 
3 1419 1424 2152 
2 3551 3654 
3 158 2707 2830 
3 897 2606 3788 
1 2283 
3 1492 1675 2819 
4 521 1836 2423 3702 
5 428 1737 2058 3447 3752 
1 541 
1 3170 
2 2702 3134 
5 1507 2018 2098 2303 3354 
2 872 1009 
1 2628 
1 1892 
0 
2 2080 3495 
4 145 902 2394 3698 
2 254 1786 
2 3020 3745 
4 151 802 2492 3369 
3 1371 2705 2889 
1 1607 
3 361 1570 2319 
1 997 
3 308 934 3290 
2 548 3299 
1 587 
6 38 177 382 1295 2993 3124 
2 280 2325 
0 
1 1426 
4 485 657 829 1866 
3 627 637 2529 
4 589 671 2459 2810 
3 1725 2442 3374 
2 2656 3191 
5 455 1102 2369 2933 3002 
2 446 1642 
1 2901 
2 969 1841 
7 164 1815 1972 2483 2912 3504 3649 
3 1265 1454 2250 
0 
2 2964 3087 
0 
5 287 414 2158 2764 3111 
1 2771 
2 722 2414 
0 
2 401 933 
1 3403 
1 2656 
0 
5 15 202 2930 2942 3595 
1 554 
1 466 
5 1018 1654 1657 3006 3272 
2 629 3096 
1 2062 
0 
3 1237 1434 3502 
3 115 2331 2701 
1 85 
1 1728 
2 627 1884 
2 979 1899 
0 
1 962 
2 414 594 
0 
5 3 327 860 1680 3057 
4 1561 1676 2345 2964 
7 546 821 1078 1712 2343 3241 3630 
3 1016 1839 1840 
4 234 750 1140 2666 
1 1265 
1 2407 
0 
2 521 1644 
1 2249 
6 140 999 1864 2533 2963 3671 
0 
2 2962 3796 
3 278 1857 3606 
5 924 954 1150 2532 2857 
3 1141 1301 3262 
3 1927 2776 3540 
1 3325 
3 1248 2483 3584 
5 8 1143 1363 1964 2507 
2 2133 2811 
5 819 1037 1095 2674 3009 
2 235 1049 
2 1213 3722 
2 959 3061 
4 290 1250 1255 1349 
4 1153 1352 2298 3541 
4 258 505 1139 2047 
2 3233 3412 
2 1072 1213 
4 5 166 1796 2859 
2 135 2961 
6 773 1638 1731 3656 3739 3790 
1 1523 
1 900 
1 3457 
7 864 918 1029 1132 2210 2731 3216 
3 1972 2705 3437 
2 427 2099 
2 1911 3293 
2 293 2355 
1 1610 
4 63 659 2194 2966 
4 557 992 1004 2885 
1 2852 
2 394 399 
8 373 499 613 911 1809 2471 2706 2832 
5 1647 1727 2326 3095 3230 
0 
6 1202 1553 1583 1763 2507 3755 
1 597 
1 2016 
1 383 
1 1220 
1 2607 
4 808 1876 1960 2468 
0 
2 166 3736 
2 2249 3560 
4 151 225 1763 1823 
5 1144 1664 2885 3537 3597 
1 2454 
3 1486 2386 3325 
3 392 785 1631 
1 415 
3 678 2464 3792 
4 990 1189 1342 1575 
1 3634 
0 
0 
3 581 2073 3527 
2 2697 3080 
1 2758 
4 679 2983 3483 3561 
5 126 450 1091 2973 3493 
1 91 
1 1332 
2 2068 2529 
1 42 
4 1132 1363 2266 3334 
3 315 1313 3002 
3 824 1707 3590 
4 1446 2168 2276 2592 
2 860 2945 
2 613 3397 
1 326 
3 1002 2957 3785 
2 534 1593 
2 512 1328 
4 212 634 2191 3260 
2 1561 2378 
2 427 982 
4 1247 1594 1618 2853 
6 1417 2188 2424 3058 3525 3561 
5 1293 2589 3143 3540 3560 
5 1189 1211 3032 3388 3579 
3 485 756 2733 
2 270 1371 
3 2627 2642 2888 
5 233 1771 3389 3616 3739 
4 634 2244 2338 3626 
1 520 
5 43 66 841 2383 2622 
1 1238 
3 2997 3695 3793 
2 1900 2799 
3 211 1592 1949 
2 1218 2936 
4 530 3051 3072 3646 
0 
4 67 1358 3309 3375 
4 288 509 1421 2674 
2 1688 3562 
1 1156 
1 814 
4 1990 2686 2707 2807 
5 1524 1587 1832 2601 3589 
4 1318 2129 2551 3485 
1 1920 
1 3323 
2 1918 3291 
1 872 
3 68 721 3583 
2 758 3548 
1 664 
2 1954 3152 
4 202 1209 2316 2771 
0 
2 923 3450 
0 
1 3527 
2 126 2304 
3 1458 1774 1804 
5 1746 2405 2414 2592 2636 
3 1023 1297 2109 
4 563 914 1174 2431 
0 
6 383 627 633 991 2343 3336 
3 877 1269 2821 
1 3480 
4 2586 2708 3062 3617 
0 
0 
3 539 2194 3756 
1 3089 
2 2368 3092 
2 673 2067 
4 839 965 1413 1780 
1 2094 
4 33 2001 2217 3566 
4 1233 1930 3150 3607 
2 790 1429 
3 89 482 2385 
0 
4 1098 1805 1901 2213 
4 1628 2243 3009 3344 
1 2903 
0 
2 2207 3731 
2 1055 3567 
2 578 1394 
2 348 1846 
3 680 713 1160 
1 3469 
3 153 211 1207 
1 2821 
1 2213 
5 1282 1860 2298 3374 3534 
3 670 2925 3025 
2 1557 1718 
4 128 1194 1612 3153 
6 769 1409 2109 2233 2598 2663 
0 
3 374 1225 1239 
2 646 918 
6 80 369 2150 3168 3171 3718 
1 417 
2 929 1111 
3 538 564 1127 
4 1508 2254 2824 3575 
4 125 133 581 700 
2 1320 2172 
6 1215 2211 2554 2662 2901 3437 
1 934 
3 489 799 1256 
4 532 1161 1353 2983 
3 1009 1071 3050 
3 909 2068 3397 
1 2732 
2 2964 3499 
2 157 998 
0 
0 
1 3060 
2 220 2497 
3 892 1318 3280 
3 147 1659 3032 
5 559 991 1462 2157 2387 
1 1672 
4 1205 1846 2456 2832 
2 422 2523 
0 
3 646 1080 2379 
0 
3 1543 2392 3477 
0 
3 611 970 2614 
2 1357 2570 
4 74 2260 2601 2667 
2 2854 3017 
3 28 1242 2344 
5 796 1362 1462 2186 3727 
1 2220 
4 69 1492 2030 3715 
2 983 1209 
4 38 1118 1374 3064 
2 1932 2632 
1 1809 
3 784 1693 2861 
1 1713 
1 627 
6 5 1829 2428 2509 2833 3781 
3 1264 2456 3737 
1 2089 
6 312 1788 1981 2059 2145 2712 
3 166 1960 3023 
0 
1 3344 
4 904 2026 3300 3571 
4 116 223 1958 2355 
1 864 
4 803 1978 2818 3413 
1 640 
2 2839 3267 
4 109 1056 1133 2395 
3 515 644 3402 
2 1647 2601 
3 462 2140 2589 
3 98 1893 2690 
4 625 1679 3016 3099 
2 996 1919 
3 429 768 2572 
1 655 
2 1578 2932 
3 471 1124 2791 
0 
1 758 
2 830 2067 
3 3156 3210 3680 
1 2407 
1 2882 
3 2415 3358 3642 
0 
5 369 431 1701 2832 3216 
1 646 
2 2614 3490 
3 601 2012 2141 
2 2128 2146 
2 308 1589 
1 2035 
1 3678 
0 
0 
2 2178 3176 
7 1159 1253 1447 2228 2437 2765 3625 
5 112 1216 2463 3062 3136 
3 664 3001 3737 
2 2580 3382 
0 
4 483 1817 2559 3524 
2 3689 3733 
0 
7 360 859 1052 1695 2297 3499 3566 
3 1177 2282 3071 
5 396 899 2137 2622 2850 
5 552 583 1289 2054 3209 
4 1791 2252 2358 2492 
3 1424 1907 2632 
8 268 496 569 781 883 3119 3193 3415 
0 
4 200 667 1463 2483 
0 
3 10 2632 2914 
2 391 1972 
1 1021 
2 69 3403 
0 
2 547 2085 
2 919 3516 
3 1689 2270 3610 
5 438 1108 3174 3279 3312 
0 
0 
5 324 2573 2605 2964 3049 
1 2516 
3 357 1201 3327 
2 3091 3225 
3 443 1459 3130 
4 965 1245 2265 2418 
0 
0 
0 
2 2500 2808 
2 407 621 
3 27 867 1435 
0 
4 1091 2278 2322 2474 
1 662 
0 
3 678 2782 3009 
0 
2 1176 1348 
3 94 1395 2730 
5 1161 1290 1729 2511 3151 
2 1529 3688 
1 2326 
4 997 1371 1627 2145 
0 
2 2905 3553 
3 2861 2862 2998 
2 805 1608 
5 1124 2173 2564 3363 3399 
2 3054 3117 
3 1131 3184 3499 
1 194 
2 2795 3532 
1 3571 
2 1200 3160 
1 440 
1 3479 
3 436 2480 3232 
1 562 
0 
1 2 5 3 1 4 3 1 1 2 3 3 2 1 1 1 1 2 2 3 3 1 3 1 3 1 1 1 1 2 1 2 2 1 1 2 2 2 2 2 1 2 1 1 2 2 1 1 2 1 1 2 2 1 1 1 1 1 1 3 2 1 1 1 1 2 1 1 1 2 1 1 3 3 2 2 1 1 1 1 3 2 2 2 1 2 2 1 3 2 1 1 2 3 2 1 1 2 1 1 1 2 2 1 2 2 1 1 2 3 1 2 2 1 2 2 2 1 1 2 3 2 2 1 2 1 1 2 4 1 1 2 2 1 2 1 2 1 2 1 2 1 2 1 3 3 3 1 1 2 2 2 2 2 1 1 1 1 1 1 2 1 1 2 1 1 1 1 1 1 1 2 2 3 1 1 4 1 1 1 1 4 1 1 2 1 1 4 2 3 1 2 3 3 1 2 2 1 1 3 1 3 3 1 2 2 2 1 2 1 2 3 1 1 1 1 1 2 1 3 1 2 1 2 2 2 1 1 1 2 1 2 3 1 2 2 1 1 3 1 1 2 1 2 4 2 1 2 3 1 1 1 1 2 3 1 1 1 3 1 1 1 1 2 3 2 3 3 1 1 2 1 1 2 2 1 1 1 2 2 1 1 1 3 2 1 1 2 1 1 1 3 1 1 1 2 2 1 1 2 1 2 3 1 1 1 1 1 3 1 3 1 3 1 1 1 1 1 1 1 1 2 1 1 3 1 2 3 1 2 3 1 1 3 1 1 3 1 1 2 1 1 2 2 2 1 1 1 1 3 2 2 2 2 2 3 2 4 1 3 2 2 1 1 1 1 3 3 1 2 1 2 2 1 2 2 2 1 1 1 1 1 1 1 1 1 1 1 3 1 2 2 1 1 2 3 2 2 1 4 2 1 1 1 2 4 1 1 1 1 2 2 2 1 3 2 1 3 1 3 1 3 1 1 1 1 1 1 2 3 2 2 2 1 1 1 1 2 2 1 1 1 1 2 1 1 1 2 3 2 1 1 1 3 1 1 2 1 1 2 2 3 1 2 2 2 2 2 2 2 2 2 2 2 1 2 2 1 1 3 1 1 2 3 2 3 1 2 1 1 2 2 1 2 1 1 1 1 1 1 2 1 1 1 2 3 1 1 1 3 3 1 3 2 1 2 2 2 2 1 1 1 1 1 2 2 1 2 1 1 1 2 1 1 1 2 1 3 1 2 1 1 1 2 1 1 3 2 2 1 3 1 2 1 1 1 1 1 1 2 1 1 1 1 3 1 3 1 1 2 3 1 1 1 3 1 1 2 1 1 2 1 1 2 1 2 2 2 3 4 1 1 1 1 2 1 1 1 2 1 2 1 2 1 1 4 1 1 1 3 1 1 1 4 1 2 1 1 1 3 1 3 1 1 1 3 1 3 1 3 1 1 3 1 3 1 2 4 1 2 2 3 2 1 3 1 4 3 2 1 3 1 1 3 1 1 2 2 1 1 1 2 4 2 3 3 1 2 1 3 2 3 1 2 2 1 1 1 4 1 3 2 2 1 2 1 1 2 3 1 1 1 1 1 2 2 1 1 1 1 4 2 1 1 3 1 3 3 2 1 1 2 1 1 1 2 1 3 2 2 1 2 1 1 1 1 2 2 1 1 2 1 1 2 1 1 2 1 1 2 1 2 1 1 2 1 1 1 2 2 2 2 1 1 1 1 3 4 2 1 1 2 4 1 2 3 2 1 1 2 1 1 3 2 1 3 2 2 4 3 1 1 1 3 2 1 1 1 1 1 3 3 1 2 1 1 2 1 2 1 1 3 2 2 1 3 3 1 1 1 2 1 1 2 3 2 1 1 1 4 2 3 2 2 1 2 3 1 1 3 4 3 3 1 1 1 3 2 3 3 1 1 2 1 2 1 1 3 2 1 1 1 1 3 1 2 1 1 3 2 4 1 3 2 1 1 1 2 1 2 1 2 2 1 1 1 1 1 1 1 2 1 2 3 1 1 2 2 3 2 1 1 2 2 1 1 2 2 4 2 1 2 3 3 2 1 1 2 1 2 1 5 1 2 1 4 1 1 2 2 1 3 1 2 1 1 1 1 1 2 1 1 3 2 2 1 4 1 1 1 1 1 1 2 1 2 3 2 2 3 3 1 1 1 1 1 1 3 3 3 1 1 1 1 1 3 1 1 1 1 1 1 4 3 1 1 3 1 1 1 1 2 3 3 2 4 4 2 3 3 2 1 1 1 1 1 1 4 2 4 1 2 2 1 1 1 1 1 3 2 1 3 2 1 2 2 1 2 3 1 1 1 1 1 2 2 4 2 2 2 1 3 2 2 1 1 1 4 1 2 3 1 1 1 1 1 1 1 3 2 2 2 2 2 2 1 2 3 3 1 1 1 3 1 3 1 3 2 2 1 1 2 2 1 3 2 2 2 1 3 2 2 1 2 2 1 2 2 1 1 2 1 1 1 1 2 1 2 2 1 1 3 1 2 1 1 2 1 3 1 2 3 2 1 1 1 1 2 3 1 2 2 1 2 1 1 1 3 2 1 2 3 1 2 1 2 2 4 1 1 2 3 1 3 3 2 1 2 3 1 1 1 1 2 2 1 3 2 1 2 1 3 2 3 3 1 2 3 1 3 2 2 1 3 1 1 1 2 2 2 1 1 3 2 2 1 1 1 1 1 3 2 1 1 1 2 1 1 2 1 2 2 3 3 1 1 3 3 1 3 2 1 1 3 2 4 2 1 2 1 2 1 3 1 4 2 2 4 1 1 3 1 3 2 1 4 2 2 1 2 2 1 2 1 2 2 2 3 3 2 3 1 1 3 2 1 2 1 1 3 1 1 3 4 3 3 1 2 2 3 2 1 2 1 2 1 1 2 1 2 3 1 2 2 2 2 1 2 2 3 3 1 2 2 1 1 3 1 1 3 2 1 3 1 1 1 1 1 1 1 3 3 2 1 2 1 2 2 2 2 2 2 1 2 2 1 1 2 1 1 3 1 2 1 1 2 2 1 1 1 3 1 1 1 1 2 1 2 2 1 1 2 1 1 1 1 1 1 1 3 1 1 3 1 1 1 1 1 1 1 3 3 2 1 4 1 1 1 1 1 2 1 1 1 1 1 1 1 2 2 1 1 2 1 1 3 1 2 1 2 1 1 1 2 1 1 2 3 3 3 2 2 1 1 2 1 1 1 3 2 1 1 1 1 2 1 3 2 2 2 1 2 4 4 2 2 1 3 2 2 2 2 3 2 2 1 2 2 1 1 1 2 2 1 1 3 1 3 3 1 2 3 2 1 3 3 2 1 2 2 1 4 2 2 2 1 1 1 1 1 1 2 1 3 1 1 2 1 1 1 1 1 4 1 1 2 1 2 1 1 3 1 2 1 2 2 2 3 3 2 1 1 1 1 2 3 1 1 2 2 2 1 4 2 3 3 2 1 1 2 1 2 1 2 2 1 2 3 3 2 1 1 1 2 2 1 1 2 3 3 1 2 1 1 1 2 2 1 2 3 4 2 1 2 2 2 1 3 1 1 2 1 3 1 1 3 1 2 3 1 1 1 3 1 1 1 3 1 2 1 2 1 1 2 2 2 1 2 2 2 1 1 1 3 1 1 1 3 2 2 2 2 1 1 1 3 1 1 4 1 3 1 1 1 2 2 2 3 3 1 2 1 1 1 1 2 2 1 1 3 2 2 1 1 1 1 2 2 2 1 1 3 1 1 1 1 2 1 3 3 2 1 2 1 1 1 4 1 1 1 1 1 2 3 1 1 1 2 1 1 1 1 1 1 2 1 1 1 2 1 1 2 4 1 1 2 1 1 1 1 1 2 1 2 1 2 3 1 1 3 1 1 1 1 2 1 1 1 1 2 1 1 1 2 1 4 1 1 3 3 1 1 2 1 2 2 1 1 2 1 1 1 4 3 1 2 2 2 1 2 2 1 1 1 1 2 1 1 2 1 2 3 1 4 2 3 1 1 3 1 1 1 1 1 1 1 1 1 1 1 1 3 2 1 1 1 3 2 1 4 1 2 2 2 1 2 3 3 1 2 4 1 1 2 1 2 2 1 1 4 1 1 1 2 2 2 1 2 3 2 1 2 1 1 1 1 3 1 1 1 1 1 1 2 2 3 1 1 1 1 1 1 2 2 1 2 3 2 1 1 1 1 1 2 1 1 3 2 1 1 2 1 1 2 1 2 2 2 1 2 2 1 1 3 4 3 1 1 1 2 1 1 2 1 2 1 1 1 1 2 3 1 3 1 3 3 3 2 1 2 2 3 3 1 3 1 1 2 1 1 2 2 2 1 1 3 1 1 3 1 2 2 1 3 2 1 1 2 1 2 2 2 1 1 1 2 3 2 1 1 1 1 2 2 1 1 2 1 2 1 3 2 2 2 2 1 2 1 1 1 1 2 1 1 1 2 1 3 2 1 2 1 3 2 1 1 1 1 3 1 2 4 1 1 3 2 1 1 1 1 1 2 2 1 2 1 1 1 2 2 3 1 2 1 3 2 1 3 1 1 1 1 1 2 1 2 3 2 2 2 1 1 3 2 2 1 2 1 1 1 2 1 3 1 2 2 1 1 2 1 1 1 2 3 1 3 2 1 1 3 3 1 2 1 2 2 1 1 2 1 2 1 1 2 1 2 1 2 1 2 1 1 2 1 2 1 1 1 1 2 2 1 2 1 1 2 1 1 1 2 1 1 2 1 3 3 3 1 2 3 3 1 2 3 2 3 1 1 1 2 3 1 1 1 1 1 2 1 1 1 2 2 1 1 1 1 3 1 3 2 1 2 2 2 1 1 1 2 1 1 1 1 1 2 1 1 2 1 1 1 3 1 2 1 3 1 2 1 1 2 2 3 2 2 1 1 3 1 2 3 3 3 2 4 2 2 1 2 2 1 1 2 3 1 2 1 2 1 2 1 2 1 1 2 2 2 1 2 1 1 1 1 3 1 2 3 2 1 2 1 4 1 2 3 1 2 1 1 1 1 2 1 2 1 2 2 1 1 2 1 1 1 1 2 2 3 1 1 2 1 3 3 2 2 1 3 1 1 1 2 3 2 2 2 3 2 1 2 1 1 1 1 2 3 2 2 1 2 3 1 1 1 1 1 1 3 2 1 2 1 1 3 2 2 1 1 2 1 2 2 1 1 1 1 1 1 1 3 2 3 4 1 2 2 3 4 3 1 2 1 3 1 2 1 1 1 1 1 2 2 3 1 1 1 2 1 1 2 3 1 2 2 2 2 1 4 2 1 1 3 1 2 1 1 1 1 1 2 2 1 2 1 1 1 1 2 2 2 2 1 2 2 1 3 1 3 3 2 4 2 2 1 1 1 2 3 2 2 2 2 1 2 3 2 1 4 2 1 3 1 1 2 3 3 1 1 1 2 2 3 1 1 4 2 1 1 1 2 1 1 1 3 2 4 2 1 1 1 2 1 1 2 2 1 1 2 3 1 1 1 1 1 2 1 4 3 1 1 1 2 2 2 2 1 3 3 2 2 2 1 1 1 1 4 2 2 1 1 1 3 1 1 1 3 1 1 1 1 1 3 2 3 1 2 2 2 3 1 3 1 1 4 1 2 2 1 2 1 1 2 1 1 2 2 1 1 2 2 2 1 3 2 2 1 3 1 1 3 1 2 3 2 1 2 1 2 1 1 1 2 2 3 1 2 3 2 3 1 4 3 1 1 1 1 1 1 1 2 2 1 3 1 2 3 2 1 2 1 1 2 2 1 2 1 2 2 2 3 1 2 1 2 3 3 1 2 3 2 3 1 1 1 3 2 1 1 1 2 3 2 1 1 1 1 2 1 1 2 2 3 2 2 2 1 1 3 2 4 2 1 2 1 3 2 1 3 2 2 1 2 2 1 1 1 3 2 1 1 1 1 2 2 2 1 1 2 2 2 1 2 1 3 2 1 2 2 2 1 1 3 2 2 1 1 1 2 2 1 1 2 3 1 1 1 2 2 3 2 3 2 3 1 1 2 1 1 3 4 1 2 3 1 2 2 3 1 1 1 1 1 3 2 2 2 1 3 3 1 2 1 1 1 1 2 1 2 2 1 1 1 1 2 2 1 2 4 3 1 3 1 2 1 3 2 1 2 1 1 1 1 2 1 1 1 4 2 2 3 2 1 2 1 2 1 2 1 1 1 2 3 3 1 3 1 2 2 1 1 1 2 1 1 1 1 3 1 2 1 1 3 3 1 3 2 3 1 2 1 1 1 1 3 3 1 1 1 2 2 1 3 2 1 3 1 3 1 1 2 1 1 1 1 2 3 2 2 2 4 1 2 2 1 4 2 2 1 1 1 2 3 1 2 1 3 1 2 1 1 2 1 2 3 2 2 3 1 1 2 1 3 3 1 3 1 2 1 2 2 2 1 3 2 2 1 2 3 3 1 1 1 2 1 2 2 2 3 2 3 2 4 2 1 2 1 1 1 1 1 2 2 2 1 1 4 1 2 1 1 1 3 3 2 1 1 2 1 1 3 4 1 1 2 1 1 1 2 2 2 1 2 2 2 2 1 1 1 1 2 1 2 1 1 1 2 2 1 1 1 2 1 2 1 1 1 1 2 4 2 1 1 3 2 2 1 1 1 2 1 2 2 1 1 1 1 1 1 2 1 1 1 2 1 1 2 1 3 2 2 1 2 3 1 1 1 2 1 3 2 2 2 1 1 1 1 1 2 1 3 1 2 1 1 1 1 1 3 2 3 1 2 1 1 1 2 1 3 2 2 1 2 1 3 1 2 1 1 3 1 1 2 3 3 1 1 1 1 2 2 1 3 1 1 1 3 2 3 1 3 1 1 1 2 4 1 1 1 2 1 1 1 1 1 2 1 1 1 1 1 2 3 2 1 2 1 2 2 1 1 1 1 1 2 3 1 2 1 1 2 2 2 1 1 2 1 2 2 1 1 1 1 2 1 3 3 1 1 3 1 2 3 1 3 3 2 1 2 3 1 1 1 1 2 2 2 2 2 2 1 3 1 5 1 2 1 1 1 2 2 2 1 1 1 4 1 2 1 2 2 1 2 1 2 2 3 2 1 2 2 1 1 1 1 2 3 1 1 1 2 1 1 2 2 3 3 1 1 2 1 1 2 2 1 1 1 1 1 1 1 2 3 1 2 1 2 2 1 2 3 1 1 3 1 3 1 2 1 1 2 1 1 3 3 1 3 1 2 2 1 1 3 1 1 1 2 2 4 1 2 1 2 2 1 2 3 2 1 2 3 2 2 1 1 1 1 2 3 1 2 2 1 2 1 1 1 3 2 1 1 4 2 2 1 1 2 1 1 1 1 3 2 2 1 1 3 3 3 1 2 2 2 2 2 2 2 1 1 2 2 2 2 1 2 1 3 1 2 4 3 1 1 1 2 1 1 1 2 1 1 1 2 2 2 1 3 1 3 2 2 1 1 2 1 1 2 4 2 1 1 3 3 2 1 1 2 1 1 1 1 1 1 4 1 2 2 2 2 2 2 1 1 1 1 1 1 1 1 1 1 1 3 1 1 1 1 1 1 2 2 1 1 1 2 3 2 3 2 3 1 1 4 1 1 1 1 2 1 2 2 1 2 1 2 1 1 2 1 2 2 1 1 3 2 1 1 2 1 1 2 2 3 1 2 2 2 2 2 1 1 2 1 1 2 2 3 2 2 1 1 1 2 1 1 1 2 1 2 1 2 1 1 1 1 3 1 3 2 1 1 1 1 2 1 1 3 2 1 2 4 2 1 3 1 4 1 3 1 3 1 1 1 2 2 1 2 1 2 1 3 1 1 1 1 3 1 2 1 1 2 3 2 2 1 1 1 1 2 1 3 1 2 3 2 4 1 1 1 2 1 1 1 2 1 2 3 2 2 1 2 2 3 1 2 1 3 1 2 1 3 1 4 2 1 1 2 3 1 2 2 1 2 1 1 2 1 2 1 3 2 1 1 2 1 2 4 2 1 1 3 3 2 2 2 2 1 2 2 2 2 2 1 2 2 1 1 3 2 4 1 2 1 3 1 3 2 1 3 2 2 2 3 2 1 1 2 1 3 1 2 2 1 1 1 2 2 3 1 1 1 1 3 1 1 1 2 1 1 1 1 2 2 3 3 2 1 2 2 1 2 1 1 1 1 1 1 2 1 3 1 1 1 1 1 4 2 1 2 3 2 2 2 1 1 1 1 1 1 2 2 1 1 1 1 1 1 1 2 1 2 1 3 1 3 2 1 3 1 1 3 1 1 2 3 3 2 3 1 2 3 1 1 1 1 1 2 2 3 1 3 1 1 3 1 1 3 1 3 2 1 3 2 1 2 2 1 2 3 3 2 1 1 3 4 1 3 2 2 4 2 2 2 1 3 1 1 1 1 1 2 2 1 1 1 1 2 1 2 1 2 1 1 1 4 1 1 2 1 1 3 1 1 3 1 1 1 1 4 1 3 1 1 1 2 1 1 1 1 2 4 1 1 1 2 1 1 3 1 1 1 1 1 2 3 1 3 1 1 1 1 3 1 1 1 2 2 1 2 3 1 2 1 1 2 1 2 1 2 1 2 2 1 
