i 6000
1 5354 
3 2090 4974 5801 
1 2349 
5 733 3108 4202 4917 5213 
1 3599 
3 3869 5328 5807 
2 1438 2875 
2 4982 4983 
3 953 954 3848 
1 2588 
4 348 587 2986 5346 
5 181 4180 4551 5248 5776 
4 3147 4807 5016 5349 
2 2286 4329 
3 1477 1585 5277 
3 1504 4088 5307 
2 1660 3367 
2 636 1720 
3 1273 3222 3377 
3 2323 2965 5211 
7 193 1558 3216 3875 4022 4685 4808 
2 4261 5550 
1 547 
2 1254 5730 
3 1068 3517 5422 
0 
3 333 1992 5374 
2 3667 3716 
2 2105 2596 
2 2062 2068 
4 870 978 1912 2770 
0 
1 3766 
4 164 1604 5373 5438 
1 2296 
1 2481 
5 2188 3475 4220 4372 5654 
3 2487 3509 5731 
4 2594 5084 5095 5700 
7 809 969 1452 1942 4842 4963 5463 
1 2638 
3 430 5591 5930 
1 144 
5 1117 2209 4663 5807 5944 
2 232 2669 
2 1023 2374 
6 703 1819 1918 3112 3252 4631 
4 1088 2523 4909 5738 
4 297 319 5020 5035 
0 
3 2860 5447 5658 
5 910 2028 2989 4981 5493 
4 556 1744 2869 4486 
1 2689 
1 58 
4 821 2391 3179 4496 
0 
2 438 3719 
2 54 515 
1 5630 
1 199 
3 829 2113 2165 
2 575 1522 
4 194 1634 2941 3726 
4 869 2007 3100 3568 
2 2704 3479 
3 1382 2919 4624 
3 4831 5059 5375 
2 1715 4427 
5 956 2270 2583 2779 4972 
2 4079 5903 
0 
2 2066 2119 
2 1128 3058 
3 4647 4995 5921 
1 455 
5 2801 3778 3918 5080 5627 
4 1593 3149 4548 5117 
2 135 3275 
2 977 4983 
2 326 4746 
1 4692 
2 3056 4210 
0 
1 5630 
2 1282 1767 
2 2865 3905 
1 2666 
0 
1 2537 
8 188 2323 2633 2637 3694 4151 4205 5361 
3 189 4319 4736 
0 
3 1286 3748 5884 
2 3699 4174 
1 2367 
4 1859 3917 4286 5550 
3 834 2680 5175 
1 173 
0 
3 641 3396 5444 
3 1843 3444 4988 
4 3839 5303 5762 5974 
0 
3 1008 5205 5364 
5 1097 3807 4284 5517 5874 
1 5013 
1 257 
2 3559 3592 
1 510 
2 1518 4352 
4 1240 1634 4250 5005 
2 2311 2584 
5 283 347 1558 2945 5347 
0 
2 3158 4597 
2 1634 3258 
3 644 754 2250 
1 3821 
3 957 2051 4305 
1 5808 
1 170 
0 
2 2170 5903 
0 
1 1508 
4 464 2217 2799 3648 
2 643 2138 
4 1444 3640 4534 4934 
4 1926 4033 4072 5394 
3 2647 2877 3819 
4 1372 2404 3729 5332 
1 3717 
4 1439 4007 5004 5493 
0 
2 78 320 
4 206 3478 5712 5730 
4 164 238 894 1212 
4 1239 2239 2883 3096 
0 
3 1629 1924 5030 
3 988 3261 5387 
1 4190 
3 1191 2955 4036 
1 42 
1 1031 
3 1487 2190 3140 
1 5248 
4 909 1133 2373 2920 
1 2387 
3 544 2365 5572 
4 1704 1962 2980 3533 
0 
2 4402 4481 
1 3901 
1 938 
1 1756 
1 244 
3 185 2368 4775 
2 2260 4477 
4 464 2191 2920 2934 
2 1639 2647 
1 430 
4 1168 1953 2204 3598 
4 33 137 478 2674 
1 1837 
0 
1 1699 
2 469 4559 
2 753 4593 
8 121 768 1140 2343 2380 3111 3613 5911 
2 753 973 
4 741 3111 3368 5080 
3 98 2542 3654 
0 
3 2479 4408 5691 
6 775 3976 4238 4311 5452 5963 
2 4581 5916 
0 
2 1374 3820 
4 439 3666 4431 5151 
2 11 4113 
1 4368 
2 4544 4906 
2 1492 2794 
2 158 3652 
4 741 1841 1935 3856 
0 
3 90 2429 3079 
3 91 1274 2386 
1 754 
3 2341 3118 5313 
2 1033 2826 
1 20 
4 63 4633 5614 5704 
1 3603 
3 1729 3590 5642 
2 3390 5635 
4 710 1855 2654 4682 
1 60 
2 2337 4524 
4 546 2289 5344 5370 
5 2023 2327 3015 4691 5807 
2 219 2615 
2 2584 3814 
4 565 796 1399 2648 
4 136 272 4147 4809 
5 1259 3204 3778 3869 4966 
1 4630 
3 784 3182 4607 
3 3297 5168 5589 
2 738 5725 
2 591 5223 
3 1829 3901 4049 
1 3339 
3 2806 4896 5670 
5 1877 3393 3869 5862 5934 
1 1242 
0 
4 203 737 1795 4268 
4 2064 2442 4522 5552 
2 2093 5734 
4 509 1172 1412 3039 
1 4231 
2 1517 3653 
0 
3 794 1807 5610 
1 4170 
0 
2 2793 5811 
6 1253 1255 3845 5141 5552 5764 
3 1240 3465 3512 
1 44 
1 2020 
3 4862 5463 5755 
4 2301 2701 2726 5297 
0 
3 580 1373 2088 
1 137 
3 622 1953 4004 
1 2358 
0 
4 585 2854 4297 4928 
4 514 2284 3537 3739 
3 157 2327 5375 
3 2034 5055 5257 
3 1451 2839 4490 
4 2006 3388 3440 4974 
0 
4 451 763 2254 2821 
4 1018 2306 2652 3190 
3 492 561 2606 
0 
3 579 3822 4339 
2 2522 4433 
2 3625 4815 
2 1377 1530 
6 107 1360 3031 3878 4697 5522 
3 684 2926 4351 
2 3387 4967 
2 1133 3311 
1 3013 
1 1219 
2 4223 5521 
2 4112 5131 
2 1077 4395 
2 2857 2959 
3 1156 1492 2304 
6 696 1906 1984 3503 5090 5691 
1 807 
1 1990 
1 5111 
3 206 684 5979 
4 1453 1773 3222 3397 
4 1288 2139 2688 5066 
2 531 5426 
4 1013 3916 4160 4364 
4 298 1865 3748 5618 
0 
3 1388 3154 4804 
2 3519 4108 
3 1322 5076 5783 
2 2740 4896 
3 113 5341 5906 
1 1085 
3 2044 3791 5551 
1 2372 
1 5091 
4 1869 4398 5662 5752 
2 5419 5672 
4 416 3120 4403 4457 
2 1148 4678 
3 601 1482 2933 
3 3601 5165 5889 
3 2150 4693 5476 
2 2024 2644 
3 1552 2311 2410 
3 48 2816 5356 
2 277 3603 
1 2065 
0 
1 4440 
3 2156 2168 5397 
1 1034 
1 405 
2 425 5530 
3 2866 3640 5331 
4 386 1699 4053 5355 
2 781 4444 
3 2477 2740 5906 
3 1201 1664 4626 
3 4205 4977 5221 
3 408 3708 5134 
4 725 2379 3312 4146 
5 1414 3280 3697 4539 5555 
3 751 2175 3042 
1 4716 
0 
4 2345 2488 4222 5398 
4 48 615 3342 5172 
3 135 1493 5374 
2 2132 2153 
3 1318 2819 3040 
0 
4 961 2023 2334 4018 
1 5163 
3 80 1526 4418 
1 3107 
0 
2 3074 5358 
3 1976 2408 5781 
1 5599 
2 1578 3106 
6 26 591 2490 2515 2520 3500 
1 1009 
2 3080 4853 
2 4853 5003 
3 2786 4485 5810 
1 5404 
3 2447 3646 4142 
2 4275 5567 
2 2949 3398 
1 4905 
3 2531 4303 4667 
2 1082 5406 
2 4402 5268 
3 1199 3559 5725 
5 113 1683 2211 2977 4008 
2 10 3147 
0 
2 4884 5033 
2 1079 1294 
4 794 1069 1451 5842 
1 2242 
5 731 2621 3317 4284 4567 
4 629 674 948 1961 
5 401 1344 2054 4342 5534 
1 3471 
1 4997 
4 1815 2797 3507 4958 
0 
2 1047 3303 
5 599 1508 2907 3242 4782 
6 831 889 1605 2459 3443 3579 
2 3730 4410 
2 2421 4173 
4 670 3687 5384 5724 
3 1900 3162 4927 
0 
3 819 3279 4881 
1 1895 
5 2856 3074 3581 4052 4645 
4 708 4334 4628 5888 
2 972 4337 
2 1100 1691 
4 3101 4570 5597 5886 
0 
1 2121 
1 3320 
4 1495 2926 3419 3994 
3 3091 3251 4100 
2 2080 2100 
0 
2 2234 5861 
0 
3 1621 3836 4650 
3 307 2845 4055 
3 1490 1620 4521 
3 622 3039 5526 
1 4648 
4 2839 2931 3097 3452 
3 568 2404 5696 
3 3269 4137 4570 
2 5067 5387 
4 3376 4065 4382 5819 
1 3539 
3 1427 1869 4560 
1 3750 
2 1441 5677 
3 1036 1433 2700 
3 1653 4219 5225 
4 356 1048 3156 5978 
4 772 819 4830 5326 
2 1923 2651 
1 1570 
1 304 
2 2373 5652 
2 2831 4508 
4 312 3625 3793 4870 
5 786 1558 4369 4537 5998 
4 1853 3278 4826 5603 
1 700 
2 2180 2798 
6 1753 3856 4358 4468 5588 5844 
5 517 1258 1685 2143 2774 
1 2286 
7 290 1142 1808 2180 2365 3939 5589 
2 1673 5969 
2 2775 4565 
3 2709 4084 4234 
2 924 1370 
3 1441 2408 5974 
2 3526 4088 
1 1962 
3 487 3160 5616 
2 305 5611 
4 693 4948 5179 5397 
1 4183 
1 1068 
1 956 
4 41 162 1711 4739 
2 4395 4696 
3 473 620 1604 
2 1721 3271 
4 1125 1456 1754 2302 
3 1929 3471 5880 
0 
1 1136 
2 57 1376 
6 180 760 2439 2716 2759 5765 
3 1342 1448 4704 
0 
0 
1 726 
2 729 5926 
2 1966 4889 
1 4419 
1 1812 
0 
2 880 1044 
1 452 
1 249 
2 450 2938 
0 
4 1526 1571 3151 5911 
3 75 3080 4242 
0 
5 512 964 1242 3053 5701 
2 3912 4914 
6 1285 1346 2171 3077 3221 3769 
1 5836 
3 1587 3664 4290 
1 5104 
2 5705 5765 
2 126 160 
1 2615 
0 
2 2903 5486 
4 3054 4515 4769 5688 
3 168 4331 4598 
2 1128 5069 
3 909 5314 5369 
4 2713 4337 5629 5832 
2 432 2798 
3 927 2333 3413 
0 
3 1476 4245 4450 
4 901 1180 4205 4651 
2 164 895 
2 4606 5886 
1 4469 
1 3810 
5 814 2679 3142 4292 4946 
2 2687 5452 
4 496 2634 3433 3970 
4 2514 4355 4712 5749 
1 893 
1 424 
1 3970 
2 1211 2394 
2 1759 2197 
4 2074 2787 2876 3753 
7 251 1402 1928 3358 5570 5819 5837 
0 
3 718 2447 4214 
2 734 2946 
5 484 1452 4117 5429 5446 
1 1289 
2 3206 4910 
0 
2 789 5133 
2 1750 5291 
1 2257 
2 2019 3239 
3 3349 5393 5488 
1 865 
6 2137 2487 4227 4956 5605 5970 
3 1710 2865 3769 
0 
3 222 4041 5586 
4 109 534 4636 4922 
1 2872 
2 457 4391 
4 2718 2776 4052 4427 
4 243 1771 3768 4251 
3 58 3664 5347 
0 
2 414 5416 
7 2058 2360 2749 3075 3225 3967 4795 
3 3081 4046 5066 
3 1193 1444 4494 
2 3712 4291 
2 4305 5669 
2 1963 2766 
5 1260 1313 3264 3389 4250 
1 1772 
2 5150 5584 
1 2151 
3 3562 4775 5370 
0 
0 
4 275 3259 4999 5974 
2 4623 4652 
1 5056 
2 510 2725 
2 3306 4503 
5 2145 4037 4387 4910 5109 
4 3216 3852 5479 5538 
0 
4 945 2763 5324 5771 
2 3233 3296 
4 1330 3788 5421 5476 
2 5835 5894 
1 5987 
4 150 1992 3944 4912 
1 855 
3 201 2238 3512 
2 22 5190 
2 1441 2069 
1 1586 
4 1637 2697 2858 3228 
1 5542 
1 5212 
2 810 5322 
3 3824 3960 4066 
2 1969 4656 
5 52 1600 1613 3215 4226 
3 1114 2124 5883 
1 3517 
4 1760 2004 2179 5364 
0 
1 251 
1 3279 
0 
2 4498 5226 
4 205 1787 2159 3850 
5 2561 3080 3172 5452 5521 
1 1181 
5 391 3100 4083 5320 5607 
2 5166 5180 
3 1320 3403 4148 
5 1217 3492 3494 5049 5812 
0 
2 1246 5631 
5 768 2595 3146 3774 5307 
2 62 628 
1 2602 
4 2523 2535 3461 5270 
2 3331 4727 
2 253 4978 
3 237 691 1436 
5 892 2500 2883 4257 5681 
2 2877 3335 
0 
1 4475 
1 242 
1 1874 
2 10 2789 
3 715 2922 5274 
2 4752 5385 
2 1150 2590 
3 212 333 4688 
3 1741 4659 5046 
0 
0 
5 1643 2186 3562 4840 5501 
2 4401 5246 
2 3150 3467 
2 3402 3554 
3 362 5624 5962 
2 2201 2231 
4 292 1821 3392 5038 
2 2651 3062 
0 
3 3661 5347 5942 
0 
0 
2 1064 4030 
2 3166 5830 
2 4152 4875 
2 2040 2046 
5 2361 2669 2885 5007 5674 
2 788 2494 
2 1757 4558 
3 2375 4039 5219 
3 319 1996 5993 
1 5215 
3 1409 2570 4612 
2 1305 4637 
2 944 3669 
3 432 5093 5832 
3 1042 1242 3638 
2 239 388 
4 2019 4039 4120 4728 
2 4254 5986 
1 3258 
2 3905 5154 
4 2004 2030 2270 5078 
4 575 2180 2537 3119 
5 355 1926 3288 3490 4517 
3 3592 4377 5450 
2 2296 2315 
5 1674 1890 2269 3244 5328 
2 2466 5172 
1 1024 
4 737 3538 4584 4693 
2 17 3443 
1 1308 
3 1372 2346 2840 
3 1094 5128 5689 
1 5517 
1 100 
1 2063 
2 127 709 
3 117 855 2603 
6 751 1962 3856 5320 5328 5739 
4 2271 4244 4331 5069 
2 1276 3444 
2 1803 3288 
2 4051 4710 
1 5268 
1 2760 
5 1277 2121 4010 4606 5133 
2 4604 5037 
1 4287 
1 2357 
0 
2 1329 4129 
1 3143 
4 1254 2001 3686 4066 
2 3125 3329 
3 3397 4574 4629 
2 979 1683 
2 2445 4126 
2 1856 4857 
2 2992 3985 
1 2620 
6 1390 1615 2713 2913 4557 4916 
1 3757 
2 1233 3142 
2 366 1027 
3 3145 3464 4257 
3 4337 4546 5075 
4 1496 1606 3496 4078 
4 355 3354 4253 5982 
2 935 1742 
3 1334 3557 5475 
0 
3 1435 2957 4818 
2 1954 5222 
2 1120 1418 
1 1600 
3 1025 2109 5457 
0 
3 258 272 5926 
2 2482 5212 
3 1146 1673 5713 
2 2570 5032 
3 1774 5031 5496 
3 1482 2043 5374 
0 
4 580 1436 1884 4499 
1 3082 
2 426 2037 
0 
2 3185 4423 
6 268 1179 2409 2475 2563 3461 
3 4152 4197 5904 
2 5020 5262 
0 
1 411 
4 2583 3318 3786 4689 
2 2919 5972 
3 46 3337 3590 
0 
1 5940 
0 
1 5898 
4 372 4846 5427 5440 
5 643 1566 1609 2864 5531 
4 198 1903 3068 3397 
3 3805 4027 4406 
1 5303 
2 3684 4648 
2 4981 5410 
4 588 2848 5692 5941 
1 3394 
5 1649 2631 4167 4245 5821 
3 494 1996 5499 
2 804 2615 
2 2167 5729 
1 4383 
2 1461 5348 
1 1195 
2 4269 4897 
4 313 1166 1575 4060 
3 443 3694 5840 
2 3220 4594 
1 5497 
2 444 3795 
4 1125 4461 5567 5866 
3 354 1808 3443 
0 
7 3 910 2304 2314 2373 3750 4548 
5 495 2058 5345 5489 5552 
3 3270 5278 5796 
3 4138 5417 5694 
3 219 635 4090 
4 211 925 3024 5122 
2 3679 3961 
1 884 
3 172 186 5204 
0 
1 1123 
0 
2 1583 3577 
6 2081 3184 4245 4789 5588 5828 
2 4246 4665 
3 3432 4509 5677 
0 
3 2382 3128 5924 
4 315 645 3032 3144 
1 1801 
8 169 171 3612 3987 4129 5243 5311 5394 
5 117 190 2163 2326 2952 
0 
1 1557 
3 790 1011 4810 
2 1849 5090 
0 
3 439 4097 5201 
2 2786 2839 
5 1423 2951 3060 3941 4534 
2 249 5537 
1 2447 
0 
1 5745 
1 5879 
3 170 574 4203 
6 1991 3990 4870 4877 5271 5516 
4 1531 3777 4398 4581 
1 5830 
3 402 2174 2321 
1 851 
1 2810 
2 176 2610 
4 1454 1575 3326 5299 
1 2872 
2 1441 3616 
2 3539 5074 
2 2188 3820 
3 308 4168 4463 
3 936 1571 1871 
3 2583 3318 3443 
3 209 1192 4767 
4 1154 3321 5205 5308 
6 409 2231 2477 3731 5919 5949 
3 2074 5085 5742 
1 612 
3 500 1594 4220 
2 757 5824 
2 801 1616 
2 1462 4212 
3 1398 1758 3223 
5 226 352 2192 4419 5635 
0 
4 205 4787 5842 5844 
2 2014 2647 
4 928 2260 2997 4726 
5 1361 2558 5066 5617 5770 
1 2023 
5 791 3258 3478 4670 5554 
1 3082 
0 
2 719 1882 
2 5636 5874 
2 1132 5012 
2 269 3785 
2 2180 5417 
2 39 2842 
2 553 5208 
2 4426 5712 
2 1177 1529 
2 1134 3135 
3 482 4166 4686 
0 
0 
0 
0 
3 369 402 4480 
0 
1 55 
1 3734 
2 5390 5486 
1 5265 
3 970 3218 4258 
3 1667 2919 4138 
4 2272 3164 3522 5388 
0 
5 61 1298 2738 3549 4369 
1 5128 
4 363 5290 5633 5807 
3 2091 3771 4060 
1 3576 
1 97 
3 2408 3099 4761 
4 1856 2718 3192 4957 
5 2365 3455 4200 5732 5882 
1 2454 
3 3211 4367 5278 
3 1863 2436 5465 
1 5798 
0 
1 3601 
0 
0 
3 1713 1776 3490 
2 2468 5397 
3 3054 4318 4548 
2 1062 2438 
3 1890 2608 5315 
1 773 
2 3091 4747 
1 2346 
2 4827 5790 
4 545 644 2633 3192 
0 
4 1091 1455 4042 5757 
1 2554 
0 
0 
1 3609 
2 2019 2792 
3 1027 3094 5768 
4 1098 2216 2813 5829 
2 505 4370 
1 4050 
0 
1 3572 
1 64 
3 30 1824 3363 
1 2991 
3 1601 2609 4615 
3 3150 3985 5426 
2 4443 4634 
4 1164 1254 4688 5546 
2 1754 5172 
1 5909 
3 1044 2484 3858 
2 5474 5904 
4 449 1114 2126 3664 
3 1380 4005 4359 
2 5440 5453 
1 5165 
3 740 3305 3556 
1 4525 
3 919 2317 5331 
1 1030 
2 4217 4812 
2 363 5332 
5 1365 2060 3475 4635 5542 
3 3626 4956 5488 
2 581 4318 
4 486 3497 3544 3786 
3 137 4159 5027 
4 478 3104 3395 4026 
1 4230 
4 3291 3747 4617 5931 
8 1674 1856 2831 3535 3613 3623 3942 5648 
4 2016 4147 4189 4945 
1 1438 
3 477 2075 5694 
2 1868 4292 
4 946 1957 2814 4866 
2 3843 4996 
2 1233 1306 
2 1837 4227 
2 1144 1778 
2 1350 3908 
6 148 471 1120 2230 3819 5739 
6 51 733 2624 3310 4186 5488 
1 3960 
2 1728 1988 
3 928 1845 3801 
2 1473 4525 
1 3066 
2 1065 1470 
4 2178 3137 4613 5672 
0 
4 886 1316 3823 5323 
2 2089 5794 
1 2758 
4 3047 4726 4794 4802 
2 2424 5539 
1 420 
2 738 2827 
1 4507 
6 474 1018 1978 4741 5014 5869 
4 798 913 4349 5087 
0 
1 2567 
0 
4 1569 1981 4736 4845 
2 2435 2792 
1 5165 
2 675 4142 
5 782 1539 2071 5589 5667 
2 3101 4300 
4 155 1458 2361 5179 
1 1258 
2 1340 4503 
5 3860 4212 4689 4708 5977 
1 5473 
2 2159 3833 
3 619 4241 4941 
2 539 5040 
5 903 2110 2141 4933 5595 
4 1131 1134 3884 4386 
3 355 1937 4469 
2 2375 5385 
2 1032 4740 
2 965 5582 
1 5434 
5 8 1439 2105 2807 5079 
3 8 2354 3515 
2 3145 5931 
5 69 429 1548 4820 5891 
1 119 
3 2317 4381 5905 
1 1126 
1 4687 
1 324 
1 1606 
2 1526 2124 
4 457 4496 5127 5284 
2 951 5031 
2 1380 4257 
1 4198 
1 4853 
3 39 1075 4492 
3 825 2543 4033 
3 1082 1232 2415 
2 373 1086 
3 171 1430 4328 
5 3472 3846 4709 4762 5317 
1 4370 
2 3404 5087 
6 79 3097 4169 5455 5512 5765 
1 30 
1 662 
2 4391 5832 
1 3393 
0 
4 1589 3871 4454 4759 
1 4084 
0 
3 2237 3380 3558 
2 1035 2504 
1 141 
1 3635 
2 1539 3121 
1 2223 
6 2278 2469 2692 3240 4277 5983 
0 
0 
1 2025 
2 1176 2574 
2 1329 4768 
2 4955 5288 
2 1941 5315 
4 3677 3768 4251 5825 
1 2982 
3 1654 2512 3232 
1 3126 
6 1070 2145 2401 2937 2998 3468 
1 5170 
2 2736 3009 
4 3038 4654 5150 5426 
1 104 
3 334 4982 5004 
4 2308 3034 3579 3703 
5 757 1222 3678 3997 5030 
3 1123 1579 2636 
3 276 3244 4911 
3 3182 3331 5950 
2 2555 5751 
5 1752 1871 2464 3391 4996 
4 1088 1118 1691 2491 
2 250 927 
2 4281 5930 
1 5327 
2 2223 4009 
4 1159 1411 2622 4463 
7 45 1859 2669 3318 3816 4910 5785 
3 634 2995 4362 
4 682 2182 2708 4510 
1 1828 
4 670 863 3591 4792 
2 2109 3299 
2 1376 1518 
2 887 4563 
2 145 3530 
4 950 1503 5220 5390 
4 192 3463 3759 4009 
4 303 2213 3864 5336 
4 987 2559 2603 3651 
2 399 5797 
3 3169 3888 5830 
0 
3 2982 3237 5759 
3 2039 3043 3065 
0 
3 621 1142 5766 
0 
2 449 878 
1 2660 
2 4677 5144 
3 361 2399 4173 
2 401 2493 
2 2868 4157 
0 
5 2329 2486 2744 2760 2825 
4 3330 3559 4174 5526 
1 2197 
3 1153 1268 4117 
0 
0 
2 1459 5358 
3 2736 3254 4613 
1 5132 
3 3350 3468 3637 
2 1216 4365 
2 849 4158 
5 1261 3158 3785 3846 5257 
1 607 
3 916 1372 2910 
0 
2 2124 2332 
3 24 428 1776 
4 352 1615 4096 4866 
3 1004 4795 5521 
2 4425 4623 
0 
2 4776 5766 
1 4976 
6 969 1299 1462 2648 4215 5465 
1 2330 
2 265 4621 
3 2673 3270 5618 
1 351 
4 1181 1407 4040 4921 
0 
2 344 971 
4 1260 1716 2976 5815 
3 1477 3975 4011 
1 284 
1 972 
3 2871 3490 3853 
5 47 1017 4721 5299 5508 
1 4313 
3 1674 3907 4234 
2 857 5941 
1 4286 
2 1291 1550 
4 639 2269 3318 5783 
2 2036 3263 
3 2476 3570 4003 
3 105 2218 2728 
3 864 3430 4382 
0 
1 374 
3 1195 4584 5789 
0 
3 1388 3313 5880 
1 4079 
1 2046 
3 3145 3753 3773 
3 1434 2145 3047 
1 5954 
1 2547 
1 5627 
3 3063 3982 5191 
3 1919 2808 5619 
2 2466 4875 
7 557 880 1358 1511 4540 5428 5577 
3 2063 2782 4948 
2 2388 5892 
3 43 3618 4487 
3 1017 1129 5625 
2 1921 3101 
3 680 909 2546 
2 3406 5136 
2 4277 5059 
5 743 1012 2510 3226 5974 
2 2470 3065 
4 434 730 1592 5847 
3 959 2700 5105 
1 3378 
3 73 470 3867 
4 1118 1689 1991 3597 
0 
2 947 2865 
3 806 4471 5701 
4 148 260 1607 1613 
5 813 947 2666 3879 5583 
3 2823 4877 5112 
1 437 
1 2632 
0 
2 3542 3702 
4 170 2514 3252 5008 
1 5293 
3 416 1042 2565 
1 1396 
3 907 4441 5472 
1 4546 
3 686 3492 4599 
3 2600 4302 4550 
3 291 2832 3961 
2 4721 5596 
6 590 1701 1965 3698 5810 5876 
1 3256 
1 2395 
3 1054 3267 4377 
2 785 5038 
4 1451 3013 3503 5494 
4 267 3169 5028 5363 
2 3258 4727 
4 1459 2659 4747 5868 
3 1022 3087 5068 
1 5138 
3 1610 5322 5765 
4 1552 1618 3490 4739 
4 1389 2613 4933 5246 
4 875 1755 2954 5435 
4 1823 3241 3372 3830 
5 725 1380 1580 1671 5440 
2 3462 5862 
4 163 1408 1883 5224 
4 2961 4133 4403 4761 
3 1845 2260 5493 
3 1331 1478 4406 
3 222 1717 5960 
3 1777 2801 2876 
3 1844 2538 3070 
2 1951 3840 
3 996 2415 3749 
4 812 4059 4536 4739 
1 1209 
3 696 1340 2942 
3 477 1618 4715 
3 567 1080 2211 
3 3308 5637 5684 
2 2144 4721 
1 5534 
2 2913 3011 
3 2361 2517 5571 
1 4949 
1 5491 
2 2515 4050 
1 3184 
3 143 1229 2506 
5 784 2706 4433 4655 4967 
1 520 
2 2567 5825 
3 723 1101 2157 
2 5204 5265 
4 2879 4170 5393 5922 
3 1388 4950 5610 
1 346 
0 
2 310 5136 
1 3776 
1 1753 
0 
2 2116 5477 
0 
0 
0 
3 1178 3577 5638 
0 
1 489 
4 137 4693 4710 5885 
4 1418 2651 2957 3456 
2 3854 5449 
3 1923 2241 2854 
2 1061 4387 
2 571 5466 
3 1724 2412 4641 
2 262 5027 
2 1600 4655 
2 3492 5415 
4 1011 3869 4888 5026 
2 1534 3014 
1 3807 
2 4102 4453 
1 1287 
2 2265 5283 
2 3089 5852 
6 1191 1654 2160 4562 4622 5918 
3 3973 4000 5834 
0 
2 971 3949 
3 669 905 4510 
0 
2 2423 5449 
2 3669 4897 
2 4346 5166 
1 5284 
1 138 
6 111 231 1403 1539 3354 4999 
3 3853 3854 3868 
4 217 457 621 3990 
1 1350 
1 2541 
4 3505 3677 4130 5989 
5 573 1647 2141 3294 5471 
3 1958 4864 5446 
3 1334 2750 3777 
1 4346 
1 3272 
1 5859 
3 1792 1999 3086 
7 230 1693 2255 3084 3660 3769 5714 
5 23 659 875 2717 3050 
6 230 1949 3145 4607 5506 5645 
2 3250 5930 
2 2689 5611 
3 414 939 1689 
3 207 3550 4261 
2 524 1083 
4 1063 1794 3340 4598 
3 2458 4070 5098 
3 1499 3652 4556 
3 2093 2582 5207 
1 5719 
2 4395 5829 
5 2221 2622 3069 3829 5918 
1 1054 
2 3282 3561 
0 
0 
0 
5 18 1460 2456 3392 4930 
1 189 
3 1602 2108 3947 
4 647 1822 3172 4151 
3 652 4512 5383 
1 5678 
0 
3 2069 2432 3858 
3 1320 2109 4833 
2 85 2226 
2 2482 5399 
2 1313 4238 
4 459 2799 5189 5514 
4 93 2233 3868 4955 
2 1226 2950 
2 274 5630 
3 497 2144 2833 
1 4080 
2 1093 5659 
1 3016 
3 2671 4491 5120 
2 351 3218 
2 2464 5107 
3 2236 3342 3406 
0 
3 829 3159 4494 
2 1075 3656 
6 1949 2711 2832 3688 3831 5006 
0 
0 
1 3871 
0 
1 618 
5 905 3238 3946 5854 5907 
2 4936 5163 
2 637 4574 
2 3117 3712 
2 1751 4988 
3 1482 4533 4994 
3 1680 2607 4776 
3 524 1284 2813 
2 3211 4399 
2 3102 3148 
4 919 5403 5703 5796 
4 1334 1351 4111 4375 
3 322 5617 5936 
4 1585 5623 5809 5839 
6 570 1281 1342 1348 2579 5008 
2 3968 4114 
3 281 1606 4449 
2 2432 3344 
1 5630 
0 
0 
3 1845 5442 5900 
2 2143 5215 
4 657 997 3761 5448 
1 541 
2 1171 4087 
2 2961 4217 
3 2803 3658 4631 
3 676 1248 1317 
0 
2 3257 5209 
2 5108 5269 
1 4945 
2 2243 2913 
5 940 1179 2633 4310 4841 
3 2410 3400 5551 
3 440 1320 2159 
1 4777 
3 356 3129 5292 
2 1705 2696 
2 459 3189 
3 3186 3961 5295 
2 1320 5503 
2 4011 4785 
2 908 1243 
3 1317 1673 2685 
4 3600 3809 4740 5542 
2 3283 5328 
3 4269 5263 5522 
3 1365 3649 5184 
5 3087 4145 4204 4582 5502 
0 
3 1114 4899 5061 
0 
3 257 3216 3994 
2 799 1843 
0 
1 2256 
0 
2 890 1355 
3 1447 4508 5226 
0 
0 
0 
4 420 4240 4596 5547 
1 3441 
6 131 638 1065 3107 5660 5931 
6 237 1688 2246 2416 3782 4904 
1 179 
1 5174 
2 438 1029 
5 256 2574 2715 2975 5437 
4 1490 2767 2985 5008 
1 1420 
4 881 966 1166 2220 
1 4798 
1 66 
1 2814 
2 2100 3959 
1 2586 
0 
5 1871 2912 3799 4735 4975 
5 279 1103 1198 5293 5366 
2 1163 5021 
4 667 1649 4225 5477 
4 1447 1881 5527 5924 
3 2670 2828 2941 
3 1711 3761 4752 
3 3108 4379 4403 
2 1467 5055 
3 1143 1499 4716 
2 1581 4193 
3 793 2110 3742 
2 205 2496 
0 
2 3181 4389 
3 492 2034 3268 
3 1240 1481 4020 
1 3905 
3 3443 3702 5756 
3 1983 3987 5573 
2 1080 2058 
4 1168 2530 3218 4255 
3 617 1517 3313 
1 1986 
4 1022 1746 4196 4694 
4 222 2529 4994 5335 
1 1797 
1 314 
3 2001 3059 4662 
4 1562 2790 3674 3814 
6 2349 2406 2679 3301 4249 5565 
2 680 1213 
4 1923 4265 5353 5428 
1 1379 
2 3829 4003 
1 2338 
5 762 1456 1925 2546 4514 
0 
4 1630 2112 2950 4094 
3 2123 3889 4416 
3 396 3578 5325 
1 3648 
1 3733 
3 973 2376 3101 
0 
1 4859 
2 399 2370 
2 1107 4385 
4 678 3585 5663 5866 
6 580 691 1770 2395 4758 5243 
4 2221 3993 4333 4810 
3 6 900 5882 
4 133 953 4605 5076 
3 4050 4366 4793 
8 398 421 548 778 1523 4287 4566 5496 
2 1707 4042 
1 1452 
3 128 520 3097 
2 1505 3625 
2 2103 3858 
2 1366 1391 
4 440 1855 2167 5988 
2 1644 3091 
2 2907 3414 
4 246 352 1155 1504 
5 39 496 1443 4440 4953 
6 273 2414 2874 3800 4089 4923 
5 776 1842 2240 3308 4563 
2 857 5746 
3 434 1423 4767 
1 2016 
1 938 
5 1057 1158 2323 4393 5680 
3 1273 2911 4726 
1 722 
3 792 1075 4424 
1 5280 
1 5441 
1 4034 
3 2263 3920 5571 
2 1395 5381 
3 2197 4092 4659 
2 1937 3418 
2 916 5966 
4 2228 2417 3922 5405 
1 5038 
2 914 3927 
2 2346 3025 
4 2859 4293 4933 5732 
1 476 
6 14 1084 2502 3929 5227 5721 
4 1171 2735 3220 5856 
2 2092 5384 
2 5346 5530 
2 1403 3451 
6 292 689 1311 3285 4395 5333 
2 4958 5635 
3 2102 5255 5603 
2 4896 5006 
0 
2 146 4522 
1 1975 
2 3025 4155 
5 387 1378 2208 2613 4497 
1 2987 
4 184 267 4101 5460 
3 320 5581 5882 
3 1579 1940 5771 
4 379 3308 3881 3946 
2 673 1978 
3 2924 3526 5370 
4 1822 2611 4247 5029 
2 1263 1396 
5 1685 2085 3079 4150 4935 
1 5501 
5 2901 2978 3987 4965 5084 
2 1032 3320 
3 15 1451 5641 
1 1445 
1 5888 
0 
2 125 362 
0 
1 3691 
2 1114 4497 
1 5895 
3 2737 4298 5644 
1 2025 
1 3526 
2 4836 5172 
4 224 1409 4288 5397 
4 110 1029 2973 5864 
1 3786 
2 3414 5100 
1 1922 
3 62 4261 5376 
1 1441 
3 1572 3372 5281 
0 
4 326 454 963 2031 
1 4887 
2 4859 5826 
4 812 1717 2075 5587 
2 256 5055 
3 770 1934 4404 
1 2050 
1 3963 
7 1223 2294 2428 2548 3036 5013 5576 
2 2801 3831 
1 4833 
4 2629 2860 3245 3934 
2 4443 5447 
6 936 990 1240 2290 3313 5633 
1 2361 
2 3417 3841 
3 3266 5193 5372 
1 2604 
2 4427 4715 
0 
1 3539 
0 
1 956 
2 5648 5921 
3 1093 2072 2764 
1 5197 
2 296 1162 
2 2432 5196 
1 4187 
1 5377 
2 3300 5267 
2 756 5664 
6 20 113 409 2415 3246 5523 
1 2652 
2 3806 4510 
1 3829 
2 1416 5118 
0 
2 4947 5093 
3 3926 5332 5712 
4 709 2685 5544 5881 
1 4367 
3 3078 3326 4152 
1 932 
6 404 2072 2407 2454 3838 4835 
3 454 782 4415 
3 1524 2202 5060 
0 
1 1977 
2 725 776 
3 3105 3755 5224 
1 3522 
3 332 2372 5726 
3 1012 1494 4550 
2 1166 5803 
5 1397 1955 5212 5725 5728 
3 2013 3447 5075 
3 745 3599 5549 
2 2423 3636 
3 14 1319 4406 
3 549 2263 3185 
4 461 1670 2476 4805 
5 1738 2982 5094 5581 5945 
1 983 
0 
3 3191 4313 4484 
1 1125 
3 77 5744 5975 
4 789 2537 2823 2836 
1 5623 
1 2594 
3 2084 2282 2798 
1 1981 
2 2534 4127 
6 556 681 1220 3070 3168 4742 
5 872 1995 2902 4528 5015 
1 1275 
0 
4 33 432 2782 5107 
1 363 
6 673 962 1322 2526 4418 5438 
2 1133 5526 
4 1821 4001 5748 5782 
2 709 4847 
3 1161 2270 4490 
2 3427 5984 
1 5868 
4 556 1133 1894 2169 
3 3006 4790 5038 
4 667 1069 3682 4381 
3 791 4545 4946 
3 1670 4698 5008 
4 1162 1180 3655 4345 
1 5800 
4 387 1785 4137 5185 
2 385 1938 
2 1907 4794 
2 2804 3173 
2 3359 4534 
1 4023 
0 
0 
3 4095 5474 5673 
4 140 2661 3923 5191 
3 1425 5082 5778 
0 
2 1841 3882 
5 3078 3471 3817 4776 5026 
3 63 111 116 
2 3139 3399 
3 2113 2626 2794 
2 550 3438 
3 1853 3683 4082 
3 161 2299 4539 
0 
1 3674 
3 3107 4480 4891 
3 595 3021 5296 
5 1449 2915 3788 4611 5912 
1 2001 
2 4579 5399 
1 1246 
3 2673 3809 5852 
3 717 1390 5903 
1 5278 
0 
3 3858 4564 5650 
4 400 1736 2502 2756 
2 1002 1229 
1 3312 
2 1977 2850 
6 1948 3718 4598 5051 5057 5419 
3 2611 3571 5262 
2 2098 5099 
4 16 3636 5182 5394 
1 4782 
2 5205 5613 
1 4298 
2 310 1947 
4 2035 3210 3992 5406 
3 2755 3036 5218 
1 826 
4 2582 3160 3224 5816 
4 2479 3657 5153 5974 
3 1587 1617 4896 
3 1166 2186 4561 
0 
4 417 686 1351 2756 
4 632 898 1090 2994 
0 
1 5199 
2 1743 2925 
2 2023 4326 
2 3830 4009 
4 1312 3552 4084 4721 
3 2391 4817 5746 
2 5223 5471 
2 347 662 
1 1989 
4 414 1500 3663 4318 
2 2499 4360 
2 2905 3522 
3 1373 1757 4893 
3 1129 1258 5177 
2 2661 3072 
5 374 1017 2964 4170 5341 
2 2481 3000 
4 1253 2842 3020 4247 
1 2928 
3 3900 4598 5560 
1 3046 
1 2907 
0 
4 167 307 1834 4379 
3 2128 2683 3161 
4 1150 2806 3009 4620 
1 3043 
0 
2 151 5230 
2 1345 2807 
3 2523 2684 5147 
3 1442 3023 5386 
4 2490 3764 5394 5541 
3 1973 4945 5420 
1 507 
4 430 1393 2818 3428 
2 1985 2765 
4 846 3890 4258 4741 
0 
3 68 1945 5867 
3 1083 3474 3908 
2 1172 1529 
1 4347 
2 3274 3620 
2 17 3109 
3 433 3173 4872 
1 4423 
2 2048 5016 
2 1218 3385 
1 3718 
2 1922 3736 
3 3198 4289 4837 
2 912 2790 
3 196 2264 5777 
2 3238 5779 
2 3724 4964 
4 2535 2881 3963 4049 
2 1828 5312 
3 3569 4312 4626 
2 2341 3095 
2 1653 2642 
2 3581 4845 
2 1588 5628 
2 1944 3039 
2 3544 4958 
1 592 
4 675 1961 3471 3731 
1 1677 
3 52 2791 5152 
1 2166 
1 1411 
2 3830 4324 
1 3244 
2 1839 2352 
1 501 
2 1310 4605 
2 1016 5252 
3 413 1203 3696 
5 434 876 3052 3983 4790 
3 1164 3520 3996 
1 156 
4 613 1688 3899 4555 
5 793 2193 3108 4741 5412 
3 490 1816 4017 
1 559 
1 5602 
3 2620 4788 5944 
3 2761 5045 5705 
3 2722 4280 5992 
1 5963 
3 2290 3285 4418 
2 85 5622 
0 
1 5561 
7 1436 2211 3051 3358 3408 4209 5412 
3 514 2679 4659 
4 525 3295 3309 5087 
2 273 3544 
1 688 
0 
2 846 1068 
3 1173 2417 3713 
1 907 
1 5548 
1 3592 
1 5844 
4 3270 3359 3406 3745 
1 3738 
0 
5 1620 1981 2557 3344 3668 
1 1791 
2 565 5920 
2 2656 3999 
1 4410 
4 2077 2879 3902 5592 
4 1786 3878 4214 4969 
2 1252 5108 
1 5372 
3 1261 4809 5842 
3 219 2108 3735 
3 2519 4742 5131 
4 1413 2361 2799 4384 
2 3255 5361 
0 
2 2804 4815 
1 752 
2 2097 2915 
3 648 3085 3780 
0 
1 4860 
4 2149 2166 5050 5518 
1 226 
3 416 731 4877 
1 4468 
1 1918 
2 4147 5846 
2 447 5133 
0 
2 3236 4208 
2 359 4434 
3 1759 2739 5584 
1 2204 
3 4115 4585 5904 
2 46 3754 
2 2125 4913 
4 601 1608 4086 4447 
3 1276 1498 5216 
3 1165 2264 2500 
2 870 2492 
0 
0 
2 3871 5803 
4 1026 1733 3912 5178 
2 213 5504 
2 2017 4221 
1 2568 
3 4704 5251 5558 
2 2528 3050 
3 1699 3578 4994 
0 
2 2979 4766 
7 165 906 3424 3462 3567 3826 5857 
2 2833 3318 
2 1749 2354 
0 
6 186 1632 2041 2638 2913 2921 
3 1454 3220 4805 
4 101 1361 3543 4491 
3 1174 2620 3550 
5 913 1170 1327 1901 4009 
0 
1 3415 
0 
4 758 3765 4135 4443 
1 5235 
0 
0 
5 410 1638 2435 3855 4623 
2 2606 5438 
2 198 1448 
6 664 836 898 3323 4039 4447 
3 1967 2201 3911 
3 2859 4937 5623 
5 96 1023 2414 3182 5435 
1 5083 
2 2031 3447 
1 2782 
2 840 4246 
2 2266 5379 
4 277 2665 3194 5006 
1 3388 
2 3820 5869 
3 902 4918 5197 
5 288 396 2441 4205 5022 
1 4755 
5 782 1016 1387 3956 4441 
0 
0 
4 586 2150 2159 2683 
2 2864 4200 
2 3831 4252 
4 216 3435 5691 5799 
2 2073 2825 
2 2067 5739 
2 4046 4307 
2 1391 2239 
7 804 1942 3482 3913 4790 5273 5300 
2 1168 2106 
2 691 5262 
1 3409 
3 2416 3348 4827 
1 5192 
5 2581 5261 5528 5555 5911 
0 
3 632 850 4188 
0 
5 2175 2330 2377 2916 3650 
3 3487 5040 5549 
2 1613 3054 
2 370 3350 
1 3045 
1 5281 
1 5919 
3 4364 5140 5904 
2 367 2001 
3 1845 2098 2115 
2 2088 4669 
3 710 2298 4041 
1 3142 
1 2301 
2 268 4291 
2 1622 5684 
5 2070 2151 2312 3307 4196 
0 
5 3403 4880 4964 5703 5901 
1 2235 
2 30 2062 
1 5434 
0 
0 
1 2942 
1 3284 
3 46 1810 5562 
2 1112 4294 
5 3007 3949 4447 5801 5858 
1 1119 
5 1521 1726 2763 3154 3346 
8 403 1215 1419 2892 2959 3113 3906 5191 
4 140 1942 2861 4226 
1 1423 
5 129 629 3388 4579 5664 
1 3593 
2 492 3439 
5 435 2654 4086 4691 4834 
3 3224 3787 4679 
3 2160 4460 5121 
2 5907 5944 
2 2378 5532 
3 1531 4192 4506 
1 186 
4 2771 3205 3815 4004 
6 948 1469 3146 4115 5398 5910 
2 1621 3893 
3 4374 4598 5923 
4 1494 2144 3029 4980 
2 999 3322 
4 39 1882 1924 3797 
3 2091 4144 5575 
2 1739 5754 
2 1715 3199 
1 4312 
3 1664 3504 4025 
1 1657 
5 1255 1300 2217 3645 5441 
3 2010 2192 2648 
1 1175 
2 2500 5506 
3 163 239 4649 
2 679 2754 
2 1581 2036 
1 3349 
2 903 4985 
3 1247 2099 3799 
1 4997 
3 2167 4243 5745 
5 355 1742 3001 3367 3408 
3 151 423 645 
5 523 4261 5217 5570 5614 
1 3825 
3 1150 4371 4483 
3 445 2051 3534 
2 1857 5228 
6 2186 2891 2970 3200 4015 4829 
2 555 4401 
3 2961 4059 5004 
5 2223 2757 4579 5239 5308 
0 
4 1709 3044 3927 5206 
2 2566 4514 
1 1488 
2 330 2817 
4 1574 1656 3470 4871 
2 927 1496 
0 
1 5079 
3 932 1598 1785 
1 5059 
2 1406 5367 
4 268 4872 5056 5969 
2 1712 5871 
3 1410 3122 5124 
4 1989 3193 4153 4254 
6 912 2545 2729 3574 3745 4016 
4 1684 1987 3081 3625 
3 270 2354 3613 
6 769 1129 2193 2632 5797 5809 
4 26 544 2581 4514 
1 2585 
2 2280 3534 
1 1601 
3 615 718 5542 
4 3064 4080 5358 5778 
1 4211 
2 1252 5668 
2 2867 3550 
4 659 1415 1645 1900 
1 4702 
0 
2 559 627 
1 2972 
3 247 4323 5027 
3 64 2249 3295 
1 3264 
1 3802 
3 1950 2797 4313 
6 2728 3668 3935 4241 4548 5153 
1 2170 
2 1582 3287 
1 797 
0 
2 899 1457 
3 1830 2064 4754 
5 4050 4335 4928 5182 5816 
5 503 623 862 3247 5301 
5 233 2971 3335 3412 3526 
1 3303 
1 3828 
9 202 324 800 1678 3792 4310 4623 4657 5478 
2 295 2397 
4 995 1514 3051 4075 
2 3884 5136 
2 2322 4492 
1 51 
0 
1 627 
2 1526 1861 
2 3014 4541 
1 2837 
3 245 1402 5305 
5 1665 2621 3424 3748 4397 
3 1095 1955 5141 
2 693 3868 
1 3175 
2 1040 3819 
2 610 5732 
2 1841 2773 
1 5432 
4 689 2410 2990 5460 
1 285 
2 2416 4136 
2 610 1105 
1 3458 
3 1723 2068 5296 
1 4143 
3 1532 2735 2985 
4 119 1966 2503 5669 
1 3879 
5 2659 2826 3377 5221 5958 
1 356 
4 3516 3915 3984 4369 
1 3903 
2 2517 4393 
4 518 734 1407 2823 
3 2601 4864 5837 
4 890 4087 4720 4999 
3 2071 3335 4120 
3 29 1912 5258 
5 642 1115 2229 2974 4756 
4 220 2017 2999 5838 
3 299 2124 3996 
3 72 5175 5637 
3 1879 2587 3742 
6 29 2048 2127 4842 5229 5701 
2 548 1280 
3 1908 4558 5490 
3 936 2061 5940 
5 1550 1570 2705 3046 4473 
2 1878 4467 
2 491 787 
3 901 1529 5294 
1 2493 
3 1790 3273 4475 
0 
6 2092 2385 4355 4491 4918 5016 
1 381 
2 746 3306 
1 2099 
2 5395 5507 
5 1597 3654 4282 4963 5578 
1 1500 
1 3054 
2 3078 5942 
5 237 1902 3663 5072 5393 
3 920 2803 5511 
1 1 
3 832 1943 3288 
2 1479 2079 
4 221 1264 2362 3578 
1 5542 
3 2490 3303 5936 
2 5029 5219 
3 1802 2971 5349 
2 1659 1901 
2 1958 2082 
2 381 1384 
0 
2 1484 3111 
1 1446 
1 2793 
3 28 953 5942 
4 1883 3997 4257 5630 
2 4217 5134 
6 1275 1795 2966 3381 3531 3640 
5 682 1028 1281 3506 4200 
2 946 1398 
0 
1 1425 
3 61 1636 3042 
0 
3 1901 2790 5948 
4 1205 2667 4991 5577 
2 4618 5499 
3 3253 3519 4786 
3 72 3761 5407 
0 
3 377 652 3815 
1 2980 
4 1426 3363 4519 5404 
6 557 963 1067 2065 3609 5408 
3 1820 3187 5190 
5 880 3115 3499 4021 4560 
3 2068 3411 4330 
3 1700 2192 2396 
2 3165 5071 
2 3235 3946 
1 3230 
3 321 2170 2566 
1 5624 
1 4135 
1 4938 
2 2936 4359 
1 506 
3 127 3095 3555 
2 274 4035 
3 5130 5726 5967 
5 946 1246 2368 3823 5493 
1 3841 
3 414 1328 4912 
5 1183 1289 1940 3264 4619 
4 536 1004 1107 5773 
2 3942 5779 
3 2441 2876 3876 
0 
2 1806 5881 
3 294 1874 4461 
3 527 1908 4197 
0 
2 321 3187 
4 2221 3893 4289 4363 
1 4168 
2 302 2387 
3 1195 4778 4988 
1 5912 
6 565 943 1342 1874 4165 4176 
3 1229 1931 5542 
1 4081 
0 
3 754 2637 2851 
3 2480 2622 4913 
2 61 4821 
5 1745 1806 3071 4599 5374 
3 720 1448 1960 
3 302 4239 5468 
3 1613 2705 3693 
4 123 2012 2132 3987 
1 459 
2 2174 5286 
2 2943 4830 
4 772 2172 3650 4071 
3 315 1892 2939 
2 4178 5604 
0 
3 917 4599 5322 
3 559 2478 2688 
6 412 416 628 808 2637 2680 
0 
2 1025 2953 
2 3697 4338 
1 4605 
2 2530 5644 
5 595 1671 1968 4254 4416 
1 3249 
2 36 780 
4 2330 5372 5455 5555 
3 146 4081 5898 
2 160 3755 
6 794 1950 2128 3634 5647 5692 
4 1758 1991 2982 4671 
2 3455 4765 
1 5859 
1 4599 
3 490 1053 1468 
2 2240 2444 
3 2916 3099 3921 
3 3248 3897 5320 
3 600 1857 5622 
1 1572 
2 3383 4231 
3 163 1817 4057 
0 
1 3929 
3 3361 5526 5540 
2 1490 2658 
1 43 
1 3799 
4 347 1181 1770 5300 
2 3119 4188 
2 1034 4100 
1 3653 
2 5538 5817 
3 864 2244 3828 
3 126 1949 3611 
2 1097 5962 
0 
1 1380 
5 1267 1437 2154 3544 4959 
2 5409 5883 
4 991 1021 1971 5176 
2 2337 3073 
2 3102 5092 
1 1282 
0 
4 1471 3224 4543 4880 
3 2063 5917 5993 
2 909 4035 
3 600 786 2315 
1 3512 
2 1286 2488 
2 383 5024 
2 1911 3905 
3 1296 3609 3894 
1 986 
4 546 3168 3610 5836 
3 138 1881 4945 
3 1454 2198 2808 
2 1215 2296 
1 353 
1 1339 
3 2216 3958 5805 
5 2781 3085 3548 5502 5932 
2 1373 5167 
2 4811 5045 
2 3721 5759 
1 2007 
2 117 4488 
0 
1 3016 
2 2955 4834 
4 249 2655 5310 5841 
4 1253 4133 4783 5614 
3 1363 5643 5824 
1 502 
0 
1 4058 
5 159 798 1170 2627 5903 
0 
1 5068 
3 1466 1586 5923 
2 1729 1823 
3 1227 3899 3991 
2 1864 4036 
2 2986 4918 
1 4158 
2 632 1094 
5 69 627 1610 2933 3434 
2 646 2296 
2 827 3079 
1 2850 
5 3659 3794 4012 4292 5981 
3 2445 2746 3399 
2 2561 5511 
1 5572 
2 992 4424 
2 4938 5329 
2 1994 2744 
2 3898 5800 
1 1597 
2 3658 4411 
2 243 2341 
3 3376 4608 5978 
4 13 415 3943 3960 
1 5073 
0 
2 201 4325 
3 1539 1766 3336 
0 
3 2617 5624 5883 
1 5868 
4 1534 3696 5157 5499 
2 2837 4762 
7 34 631 2241 2271 2489 3245 5368 
2 3921 4364 
1 1903 
3 1639 3254 4972 
2 4698 4954 
5 235 1905 3040 4801 4852 
3 434 3155 5453 
2 3573 5747 
6 267 733 2408 4459 4846 5821 
1 4463 
2 250 2385 
2 2681 5416 
3 1010 3179 3806 
2 3277 4607 
2 3648 3690 
3 112 296 2375 
2 1908 2422 
0 
2 733 4907 
6 631 2231 4192 4500 5020 5673 
0 
3 886 958 2828 
2 3491 5993 
1 3770 
0 
4 772 4677 4845 5738 
1 2027 
4 19 90 1459 3539 
1 3331 
4 3201 3600 4950 5892 
2 754 3524 
4 202 244 4608 5544 
1 5633 
2 1051 3443 
3 1076 1892 2189 
1 2818 
2 1067 5800 
3 474 2941 3559 
3 324 2448 5636 
2 2866 4195 
2 3431 4227 
3 200 2224 2635 
2 1422 2725 
1 4470 
1 4971 
7 191 1735 2284 2694 4949 4998 5173 
1 3480 
2 170 3736 
1 2933 
4 318 4037 4150 4354 
6 638 853 1474 3952 4704 5287 
4 3038 3556 3930 5663 
0 
5 2 1417 2994 3798 4713 
2 3447 5396 
3 3224 3525 5285 
3 1749 4497 4802 
2 4528 5358 
4 954 1839 1990 4341 
1 4106 
0 
4 655 2608 3636 5624 
2 240 3548 
2 3955 5207 
2 518 4893 
8 611 938 1186 1540 1797 3090 3820 5804 
3 2093 4240 4811 
0 
1 3333 
5 150 416 837 4443 5733 
3 3192 3993 4316 
1 95 
3 158 2141 4748 
1 4826 
3 1433 3790 4969 
1 3505 
2 286 1578 
4 148 406 733 5249 
2 45 3462 
5 614 949 2311 3844 4027 
6 1430 3565 4255 4363 5288 5713 
3 1892 3585 4682 
1 1933 
4 313 3257 3374 5261 
1 170 
4 3228 4005 5247 5675 
1 750 
0 
3 2547 4544 5915 
5 2079 2306 2871 4384 4398 
7 189 2669 2677 3176 3323 4118 5638 
3 149 2156 3300 
2 1116 4951 
1 2961 
4 2872 3146 3596 5931 
2 55 1681 
1 4867 
2 3963 5882 
3 489 2933 3971 
4 1152 1436 3339 4572 
2 2128 4510 
3 2024 3520 5867 
1 4606 
4 1047 3414 3822 5581 
0 
3 1004 3484 5799 
1 3705 
0 
2 131 391 
1 2972 
1 1417 
3 1570 4282 4630 
6 330 421 835 2304 4417 5263 
4 696 2780 4341 5099 
5 296 1341 2043 3478 3884 
3 2541 4134 4444 
3 1218 5644 5703 
1 4740 
4 1453 1859 4030 5466 
3 971 1176 1558 
4 1373 1886 2045 3241 
3 1471 1777 2822 
2 3399 4325 
3 4881 4883 5598 
1 5697 
3 365 3759 5864 
1 2312 
3 1235 1584 5173 
1 923 
0 
3 3671 4706 5060 
1 5070 
1 1534 
1 188 
3 4341 4454 5968 
3 5427 5692 5953 
4 1280 1323 1553 5340 
1 5901 
1 4713 
3 933 1853 2942 
2 840 4444 
4 4143 4952 5023 5400 
2 849 3434 
2 439 3191 
1 3034 
2 1869 2147 
3 220 2766 3372 
0 
2 2198 3948 
3 663 2275 4427 
2 4285 4307 
5 339 494 764 5446 5548 
3 2334 3140 4255 
3 4413 4464 4771 
1 3530 
2 3545 5048 
2 2886 4771 
1 4131 
4 838 1570 3032 5606 
1 3362 
4 1273 3344 3745 4996 
1 4339 
1 1262 
2 363 4014 
1 5383 
0 
0 
0 
4 1016 1295 2566 2669 
1 5006 
3 633 1113 5627 
1 2904 
2 847 4537 
4 992 2808 5341 5936 
1 1124 
1 5935 
0 
1 5695 
0 
3 696 2882 4805 
2 1096 1587 
4 309 786 3314 5627 
3 2179 3466 4318 
3 175 1669 5440 
4 2164 3442 4665 4826 
5 35 1692 2894 5299 5420 
2 685 1283 
0 
3 878 2730 2905 
1 4116 
3 1051 5950 5982 
4 37 506 4910 5366 
2 318 2233 
4 2296 4206 4864 5945 
5 333 1708 2095 3256 3800 
2 1017 3332 
1 1824 
4 1048 2076 5280 5303 
2 612 4285 
4 2874 3806 3889 5321 
1 1399 
1 3926 
1 4555 
4 1686 4366 4988 5344 
5 581 1823 1952 4055 5239 
1 5371 
4 1477 1653 3347 4832 
2 2051 5956 
4 987 2795 4223 4403 
2 2884 3151 
1 1191 
1 4185 
1 5683 
1 2801 
3 1123 4008 5085 
1 5929 
1 1002 
2 3194 5630 
3 485 1140 5659 
3 333 1189 4411 
4 2675 2897 3686 4238 
6 1186 2057 2718 3491 5298 5470 
0 
2 1796 3148 
2 333 3196 
1 3644 
2 254 3907 
3 47 577 1706 
1 3741 
1 4689 
2 1606 3628 
2 5180 5955 
1 1833 
1 1412 
3 1408 2185 2851 
4 343 2947 4661 5594 
0 
2 4747 5986 
4 1599 3970 4331 4633 
3 577 1732 2596 
3 2589 4755 5755 
4 89 628 1594 2770 
1 1174 
3 2752 5137 5270 
1 4212 
5 1244 2411 3833 4036 4902 
2 173 3217 
2 970 4376 
0 
1 1988 
6 1120 1423 3198 4319 4335 5847 
7 1109 2384 2597 3011 4159 5441 5767 
2 1534 4850 
0 
0 
3 3427 5887 5987 
0 
0 
2 858 4335 
4 1015 3141 3587 4092 
2 2756 4270 
2 1785 5957 
1 799 
5 1035 3121 3866 3946 5493 
1 4555 
3 566 2276 4718 
1 3054 
4 696 4636 5170 5231 
1 5066 
1 1142 
5 1974 2132 2464 2745 3642 
3 930 1194 3013 
1 1831 
3 2679 4236 4377 
3 617 687 3990 
2 5118 5487 
2 3099 4754 
1 5194 
2 996 1377 
0 
0 
3 3944 4598 5740 
0 
2 1320 5829 
1 2755 
4 1888 1992 2700 5504 
5 1264 1668 4104 4840 5829 
5 69 701 783 3534 5044 
5 112 204 2686 3667 5061 
2 1993 3632 
1 1385 
3 2067 3161 4962 
1 9 
2 2536 3207 
1 590 
0 
2 3405 4566 
0 
3 38 1596 2817 
3 574 5480 5694 
2 28 2535 
3 2547 4494 4856 
1 2993 
0 
1 1147 
1 2059 
3 576 3947 5084 
5 644 1035 3512 3624 4102 
2 1543 2703 
1 5957 
6 251 1854 2673 3279 4082 5771 
3 1312 4083 5562 
3 850 2357 4904 
1 872 
2 775 4696 
3 1498 1658 5324 
2 2730 3648 
3 1163 1490 3277 
1 5052 
4 203 465 719 5866 
0 
4 2292 3126 4264 5024 
2 2674 4261 
2 2648 2822 
4 666 1762 1844 2702 
3 354 2035 3310 
3 1022 1267 2164 
2 3439 4103 
4 910 3101 4542 5045 
1 5326 
2 1636 4989 
3 2260 3633 5443 
3 3927 4604 5410 
3 1537 3336 5241 
0 
1 717 
4 1137 1991 5074 5355 
4 90 855 1340 5686 
2 484 5202 
2 2337 4993 
1 1012 
5 90 2163 2180 3395 4961 
3 40 1841 2702 
2 3112 5261 
0 
1 3868 
1 1736 
0 
3 295 4401 5227 
2 3479 5865 
1 3926 
3 130 161 797 
4 205 1075 1950 2619 
2 3094 3864 
2 3893 5755 
5 403 602 1213 3497 5124 
2 250 1559 
2 2804 3564 
2 198 1929 
3 2254 3864 4212 
1 1788 
3 3570 3669 3676 
3 2208 3843 5091 
8 1158 2053 3941 4359 4526 4573 5098 5990 
1 1045 
2 1629 1690 
4 4625 4734 4940 5487 
4 2909 2995 4216 5918 
1 3472 
2 1865 5019 
3 87 1134 4025 
1 2116 
2 2998 3634 
7 44 611 1023 2386 2464 2840 4914 
1 1392 
1 1293 
0 
4 1078 1648 2606 5237 
2 164 2618 
3 2516 4531 4629 
1 3872 
2 2386 2948 
1 4430 
4 482 1417 1771 2569 
4 97 2180 3847 5349 
2 2307 5759 
1 3794 
2 1700 1874 
3 1706 3271 4048 
4 1351 1566 3168 4791 
2 2584 5909 
3 483 3621 4030 
5 274 2179 5015 5542 5559 
5 53 1257 2851 3094 5155 
1 2905 
2 5289 5716 
2 992 4850 
1 2755 
5 2341 3264 4417 5567 5966 
0 
2 1345 4925 
2 550 4126 
3 4754 5560 5877 
1 4994 
4 399 1126 2581 5984 
2 235 2826 
4 2620 2638 3325 5058 
1 2604 
2 65 4392 
3 2072 2169 4970 
1 1192 
5 3492 3532 3983 4728 5730 
1 1025 
3 419 2924 3708 
2 4728 5666 
4 1300 2821 5241 5338 
0 
2 472 667 
4 2755 3191 4270 5453 
3 1377 4066 4228 
1 439 
3 1254 3375 4550 
3 513 836 2517 
1 3091 
1 3771 
1 5424 
4 1764 5373 5630 5884 
0 
0 
2 534 2338 
2 235 5648 
0 
4 1097 2011 4198 5660 
3 1988 4793 5912 
4 2484 2612 3774 4076 
0 
2 3523 3997 
0 
3 5028 5155 5318 
2 1478 2050 
4 1006 1058 2758 5312 
2 1513 2743 
2 829 4364 
1 1816 
4 282 309 4244 5224 
0 
2 4694 4935 
3 2737 3595 5553 
3 1051 2280 3045 
1 2566 
3 2275 3408 5759 
1 4475 
0 
3 518 3676 4896 
3 1248 3626 5371 
1 4199 
2 2539 5876 
3 2858 3570 5937 
2 1954 5941 
4 1666 2580 2693 2714 
4 1653 1673 2556 3206 
4 1971 2900 2929 4621 
2 921 2736 
1 439 
2 651 1051 
1 1763 
0 
5 539 1922 3194 3228 3682 
1 1550 
2 1712 3651 
3 523 2442 4200 
3 1378 5034 5216 
0 
1 2999 
2 30 2537 
1 1936 
0 
4 2041 4305 4314 4499 
2 414 5017 
1 418 
1 513 
0 
0 
3 69 2998 4039 
1 2409 
2 2245 3271 
3 1115 1604 1862 
1 5380 
1 4691 
0 
3 337 761 2791 
1 491 
1 2823 
2 587 4893 
4 1416 1728 2115 4744 
2 1744 2786 
2 862 933 
2 229 2104 
3 184 1636 3044 
2 2504 5802 
1 4703 
3 359 2010 3132 
5 412 473 1597 3488 5811 
4 126 1285 1797 4059 
0 
5 76 1173 1535 2509 2831 
0 
3 1333 2089 4212 
5 1623 1800 2653 3526 4591 
0 
2 215 1701 
7 953 1705 3113 3549 3997 5115 5655 
4 1112 2240 2469 3341 
2 3121 5475 
3 774 3352 3926 
1 5543 
0 
2 864 1313 
3 903 1383 3992 
1 3295 
3 297 4398 4613 
3 1976 2594 5976 
4 1711 2331 2977 3689 
4 322 3357 4636 5695 
2 2964 3922 
4 249 2711 3886 4044 
3 2417 2619 3736 
6 1135 1594 2058 2788 3056 3996 
1 4418 
3 1051 1878 3381 
4 192 2053 2701 4174 
2 925 2981 
3 1392 2317 4860 
1 5307 
2 5423 5513 
4 407 898 2801 4553 
2 1148 1300 
3 1289 1838 3658 
1 4843 
2 4311 5843 
2 1594 5873 
4 2033 2295 3859 4353 
2 4709 5138 
3 246 390 761 
4 638 2669 4819 5431 
1 3067 
2 809 1693 
2 3337 5354 
1 5038 
1 386 
3 4270 4660 5592 
1 5258 
1 715 
3 4295 5074 5910 
5 1656 2273 3304 3391 5147 
3 2163 2530 2689 
1 5747 
3 4028 4790 5155 
4 242 1215 2938 4551 
0 
2 371 4087 
1 266 
5 550 2753 4562 4681 5549 
4 1475 1858 3678 4010 
3 50 1537 3077 
3 1924 2883 3817 
0 
1 5037 
3 709 1875 5481 
5 86 507 1131 3275 5813 
4 306 2335 3178 4579 
1 2000 
3 1049 4269 5594 
1 52 
0 
3 1087 2385 5611 
7 511 777 2390 2888 3863 4673 5175 
1 4347 
3 1453 2495 4202 
2 6 5026 
4 491 1173 2147 5728 
2 130 582 
2 4396 5036 
3 1197 1790 5478 
2 4392 4554 
3 1732 4231 5826 
3 2475 3437 4947 
3 138 581 2861 
6 2505 3371 3529 4274 4913 5137 
3 611 3705 3973 
2 2452 3595 
2 3798 5151 
3 2872 3064 4825 
0 
2 4819 4834 
5 1968 3007 4453 4617 5346 
2 1923 3043 
2 4189 5983 
3 2481 4582 4618 
1 5490 
2 4037 5478 
1 2516 
0 
1 4998 
1 2757 
1 1502 
3 1601 3074 3323 
1 467 
3 2467 5046 5880 
3 1687 2484 2690 
0 
3 362 1450 1697 
2 3146 4811 
3 2663 5559 5712 
2 1065 4549 
3 1460 4665 5022 
2 1387 3803 
4 667 1185 1339 1841 
0 
3 1644 1802 4555 
3 1892 2199 3306 
2 5032 5747 
1 3920 
6 66 702 826 3402 4098 5292 
4 148 160 3310 4956 
3 1841 3346 3521 
2 588 5229 
0 
2 1497 2709 
1 1677 
5 258 379 3813 4712 5102 
2 4315 5473 
3 1694 4378 4508 
1 2757 
1 5496 
3 390 3308 5455 
2 4857 5899 
6 292 2270 2344 2394 5121 5206 
3 160 3027 4304 
1 3136 
1 2136 
2 1004 5512 
3 452 2854 3606 
2 2175 4930 
2 3809 4028 
4 63 1392 2333 3560 
3 1179 1916 2435 
2 2173 3278 
1 5929 
1 113 
2 495 5214 
1 2531 
1 2677 
2 341 5277 
2 1287 1425 
3 762 4681 4956 
3 754 5411 5782 
1 2182 
3 1164 5128 5493 
5 143 2253 4148 4195 5258 
1 3487 
5 678 1213 3236 4692 5293 
3 3097 3461 5157 
2 266 1923 
3 3163 5193 5979 
7 1169 1332 1970 2389 3583 4609 5369 
1 4840 
0 
4 1691 2820 3023 5730 
2 19 5921 
3 2108 4428 4689 
0 
0 
0 
4 1968 3280 4835 5191 
3 2020 2097 3043 
4 2005 2405 4205 5423 
1 1518 
4 2063 3942 4254 4458 
2 1377 5398 
1 1083 
4 347 2818 4545 5157 
2 1502 3638 
1 1836 
3 151 2122 3298 
2 2827 5537 
4 1001 1039 1588 2193 
0 
3 3211 4314 5560 
2 1378 2050 
3 10 2267 3866 
1 1491 
1 5637 
2 51 5090 
5 2043 3338 3809 3936 5784 
2 871 4641 
1 665 
4 2598 3070 4016 5828 
2 1674 2349 
2 1024 2663 
1 5698 
1 798 
5 1004 2668 2779 3795 5105 
3 2064 2769 5035 
1 1692 
4 1961 4136 4288 4481 
3 3317 4084 4327 
0 
0 
0 
4 1614 3828 3997 4055 
2 1920 2891 
1 3414 
3 1006 1701 3614 
2 3132 5515 
3 1185 2547 5265 
0 
5 261 1155 2567 4319 5700 
3 1223 2032 4828 
1 202 
2 1292 2252 
3 3593 4102 5238 
3 4038 4922 5906 
0 
2 1693 3934 
1 1643 
0 
3 1707 2964 5673 
1 738 
4 1474 1489 5031 5825 
1 5393 
1 2934 
2 4707 5948 
1 1940 
2 4284 4856 
1 257 
3 751 2454 5271 
3 4812 5234 5941 
3 1010 2440 4396 
1 3844 
5 1534 1666 3605 5267 5615 
0 
3 1007 2347 3233 
3 222 388 1739 
3 322 2301 4166 
0 
3 315 2113 3072 
4 1040 1702 2892 2971 
3 1973 2794 3111 
4 1896 2744 3834 4086 
4 1696 2072 4932 5893 
3 922 1107 5135 
1 4350 
2 3556 4058 
3 1254 1833 5553 
5 1770 2025 3848 5039 5383 
2 1754 4433 
2 457 5448 
7 468 848 1894 2086 2562 3571 3977 
2 3366 3460 
4 82 2823 3505 5030 
4 3088 4851 5667 5921 
3 73 3181 5228 
4 1415 3709 3874 4251 
4 762 3681 5758 5810 
0 
4 602 3633 3964 4510 
3 1111 3753 4149 
3 1997 2888 5706 
5 1040 1124 3250 4050 5591 
2 915 5750 
1 2841 
1 710 
1 1267 
4 1174 1600 2993 3296 
2 2166 4072 
3 1690 3042 4544 
2 2224 4047 
3 329 371 2902 
1 518 
2 3542 3808 
2 459 2860 
6 1568 1633 2087 3715 4466 5744 
4 188 1500 2272 3534 
4 335 455 566 5961 
2 519 1989 
3 692 802 3555 
0 
1 1253 
2 1803 2245 
1 1252 
3 1159 1356 4023 
2 3057 5384 
3 1228 3380 5900 
2 2361 4670 
6 380 852 1449 2719 3660 5268 
2 3320 3591 
2 4605 5905 
5 863 2649 2689 3725 3875 
3 1735 2138 4991 
3 138 3960 4669 
7 390 977 1444 2958 3238 4520 5086 
1 5580 
5 835 2199 2572 4772 5155 
3 64 568 3690 
6 375 937 1119 1430 2624 3621 
2 1315 2225 
0 
3 895 3501 4786 
2 1576 4656 
2 332 4122 
4 327 1372 1642 4518 
4 3 1394 1758 4440 
2 1720 5613 
0 
6 170 172 2102 3044 4238 5650 
2 46 2639 
4 1923 2807 5585 5919 
0 
2 2126 5948 
0 
2 1309 4018 
3 191 3746 4483 
3 628 2212 4137 
2 290 4861 
3 990 2559 2809 
1 1986 
1 4560 
1 3866 
2 660 5864 
3 1003 2617 4423 
0 
4 750 3282 4602 5783 
2 1344 3521 
5 4076 4388 4665 5866 5897 
1 3605 
3 2797 3010 3663 
0 
0 
2 813 5886 
3 2935 4551 5018 
1 917 
2 5029 5877 
2 1635 3704 
2 146 2448 
3 2555 3979 5542 
5 482 669 1904 4500 5531 
3 658 4542 5482 
1 751 
5 671 955 1106 1255 3467 
6 574 1937 2390 2908 3910 4014 
2 12 348 
4 1315 2519 4334 5830 
3 77 5497 5905 
4 597 873 4170 4696 
5 454 2505 4186 5472 5511 
0 
0 
2 279 1922 
3 2302 4224 5761 
1 401 
1 3334 
2 115 1063 
1 1298 
2 424 1668 
3 1700 2587 3846 
4 367 3493 4418 4833 
3 2960 3193 5827 
3 827 3789 4690 
3 2129 3614 5795 
1 608 
1 5159 
6 1600 2238 2685 3361 5128 5507 
3 1037 1156 4984 
0 
4 3388 3494 4255 5343 
3 566 1276 3972 
5 1623 1721 4443 5355 5427 
2 3198 4434 
2 2038 5389 
2 2386 4770 
4 3694 4220 4701 4794 
4 2866 4236 4304 4749 
4 55 2308 3661 4120 
2 3750 5420 
2 1401 3058 
4 209 1014 1859 4803 
0 
2 746 1190 
3 695 1586 5764 
1 1347 
2 2125 2153 
1 3494 
2 1346 5798 
2 250 5408 
4 1591 2439 2714 4799 
3 836 855 2366 
3 1987 3163 4224 
3 1865 2513 2763 
2 3350 4315 
5 2520 4049 4463 5746 5887 
0 
3 1727 2546 3174 
2 1945 4086 
4 1968 3296 3745 4645 
3 2325 3356 4790 
1 5702 
2 5408 5737 
1 207 
3 1936 3359 4373 
2 498 2756 
1 2589 
3 3566 5871 5936 
0 
1 1665 
4 839 1314 2984 4120 
0 
2 4692 4766 
0 
1 556 
4 20 537 1360 5667 
2 2542 4124 
4 825 1294 1408 4368 
2 4262 4826 
3 727 1478 1842 
3 459 3329 3971 
4 18 273 3342 4530 
1 793 
4 1668 1930 2228 2351 
4 518 4527 4721 4771 
1 1123 
0 
4 550 2381 2763 5168 
2 3378 3608 
5 2131 3650 4757 4969 5524 
1 3996 
2 1002 3695 
3 540 3038 4698 
0 
1 2130 
4 1814 2957 3355 4861 
1 1039 
4 1306 1730 3097 5630 
1 503 
4 992 4327 5347 5348 
4 1165 2416 4513 4517 
2 362 5215 
4 3509 5093 5219 5798 
4 632 1013 1748 4442 
4 1537 2296 5487 5976 
1 1558 
2 2019 4748 
1 2200 
2 2187 5634 
3 1256 3065 4367 
1 380 
6 46 1140 3783 5241 5251 5310 
3 2118 4851 5146 
5 1058 2299 3536 3865 4623 
3 1798 3333 3811 
4 1151 2490 4332 5297 
4 1336 2379 3740 3841 
4 116 625 801 1157 
3 531 3640 5107 
1 5093 
1 141 
1 5079 
2 1095 5866 
4 524 2008 2144 2694 
3 3586 3953 4922 
3 1542 3561 4948 
1 1153 
4 1402 3670 5127 5604 
1 392 
5 735 1078 1782 4440 5909 
3 433 2684 2781 
2 1250 4576 
1 2077 
2 1719 5124 
3 78 2865 4070 
0 
2 2309 2613 
3 410 2943 4444 
8 369 562 2606 5276 5762 5785 5798 5987 
4 314 2970 4466 4521 
1 4285 
6 1269 3128 4284 4525 4695 5559 
1 1353 
4 1917 4847 5679 5986 
8 1482 1766 3393 4308 4568 5479 5939 5987 
0 
2 2013 5040 
5 629 648 2091 3320 3845 
1 4932 
2 3840 5431 
1 897 
2 4327 5251 
0 
2 1246 5486 
6 1772 2007 2815 3473 4777 5970 
5 540 3070 3200 3759 3833 
2 210 5363 
1 2980 
2 1028 5127 
2 1556 2387 
1 1417 
0 
4 361 2021 2095 4342 
2 2850 3921 
1 884 
3 535 2081 2916 
1 1908 
6 1182 1454 1495 2931 3413 4164 
2 1772 5075 
3 910 2621 2920 
2 260 4840 
3 313 1655 4502 
6 1103 1409 1539 4216 4369 5531 
1 2477 
0 
1 5527 
5 354 3002 3803 5097 5970 
6 701 783 1023 1094 1838 3925 
0 
4 378 1503 3092 3288 
1 785 
4 1941 4315 5280 5922 
4 1856 2386 2902 4209 
0 
3 2702 3909 4854 
3 776 1568 4648 
1 4703 
2 3781 4916 
2 660 3221 
2 1052 3832 
3 578 1014 2324 
2 2491 5180 
3 2364 3255 5827 
1 3157 
3 582 2020 2061 
4 2290 2629 3501 3652 
2 703 2843 
5 2990 4214 4492 4694 5331 
4 214 2395 4388 5895 
3 1261 3674 5898 
2 2808 3423 
4 319 1296 3222 4290 
2 4701 5019 
4 1323 1785 2456 5507 
0 
3 1922 2921 3749 
2 2502 4172 
1 1886 
2 504 1956 
5 1060 1895 3195 5441 5716 
2 4593 4954 
3 2810 3380 4852 
2 3795 3824 
2 674 1240 
2 3236 5363 
2 3201 5935 
1 2819 
3 492 1770 4841 
3 1624 1782 3205 
0 
2 2207 3168 
3 2455 3711 3916 
4 870 2123 4219 4292 
0 
1 3805 
2 3055 3972 
2 16 1961 
2 172 4469 
0 
2 4000 4894 
3 2884 4055 4239 
6 1165 1524 2442 5518 5548 5806 
0 
2 2379 4786 
1 2717 
6 394 2285 3978 4785 5824 5887 
3 18 2053 4884 
3 1127 3229 5691 
1 3949 
4 986 3089 3352 5864 
3 2108 2825 5683 
0 
2 2203 4349 
2 4304 5650 
4 1724 4993 5014 5868 
0 
3 259 3416 3475 
5 247 1866 1926 3171 4966 
2 524 5416 
1 197 
2 1016 2850 
2 601 1273 
4 216 981 3285 5688 
2 716 3701 
2 895 2637 
1 100 
3 273 661 710 
2 341 4083 
4 1635 2275 2418 5895 
3 1341 3804 4978 
0 
3 598 2919 4780 
2 570 1910 
4 976 3872 4794 5530 
2 2592 3942 
5 1121 1296 1782 4919 5472 
0 
4 1770 1961 2746 5008 
2 1885 5239 
2 4832 5180 
1 2127 
3 2020 4288 4344 
5 474 3308 3947 5010 5701 
7 1450 1520 2399 3008 3576 4005 4368 
1 1847 
3 3387 3604 5344 
2 1541 3607 
1 1469 
1 379 
2 3472 3616 
1 5072 
1 4449 
1 3341 
3 1837 2035 4137 
1 3950 
3 4086 4934 5860 
2 1611 2551 
3 1711 3593 4279 
0 
1 1098 
1 2336 
2 748 5264 
1 484 
2 2270 2438 
3 1877 4473 5009 
1 4567 
2 2882 5997 
1 1637 
3 1928 2623 4343 
2 247 5149 
2 1371 5421 
2 2480 4739 
7 363 636 731 783 1405 2329 5485 
2 101 647 
0 
0 
4 1582 1861 2350 3672 
4 5028 5539 5632 5706 
2 4613 5017 
0 
3 1481 4436 5144 
4 390 3955 4970 5999 
0 
2 4955 5395 
3 837 2194 3948 
1 1213 
0 
1 2047 
2 4700 4818 
1 3055 
3 577 696 2958 
3 1167 1837 2374 
2 1033 5279 
1 671 
2 231 5599 
2 2478 5813 
4 597 3145 4011 4873 
3 1004 1060 4502 
0 
1 1977 
4 357 435 1633 1742 
3 974 2664 3420 
3 3295 3771 5010 
1 1716 
5 36 890 3387 5306 5354 
4 3980 3987 4603 4864 
2 5186 5428 
3 136 801 2410 
4 65 2645 4216 5290 
2 2342 5410 
1 3995 
3 1882 4982 5696 
1 5613 
1 2401 
1 4165 
1 5196 
2 1893 2956 
1 2798 
3 3920 4377 4639 
4 629 846 1087 1162 
2 2318 2517 
4 571 1146 1221 2707 
3 3162 3572 4007 
3 571 3171 3188 
2 3861 4031 
2 673 5390 
4 893 2651 4318 4821 
2 4111 4705 
1 2126 
3 333 4134 5720 
5 3104 3336 4219 4704 5705 
2 3840 3891 
2 268 1155 
2 1947 4430 
5 1245 2371 3056 3624 5156 
1 2109 
5 359 4128 4336 4655 4892 
1 4823 
2 37 3243 
1 4680 
0 
5 231 546 2232 2603 5225 
2 4248 4365 
3 3685 4712 5222 
2 954 4837 
2 2055 4410 
4 24 558 3785 5593 
0 
2 280 2118 
3 1755 2397 5364 
4 2921 3129 4991 5757 
4 827 1577 1687 5386 
3 2732 3851 4662 
1 2326 
2 2351 4382 
6 422 1497 1515 2020 2804 4980 
0 
0 
1 2884 
3 1031 2450 4483 
2 2108 4941 
1 2707 
1 151 
5 1966 1994 2583 3079 5194 
2 898 4169 
3 3254 3702 3934 
4 243 4212 4955 4958 
2 635 4618 
6 395 779 1546 2323 3973 4048 
0 
2 4338 5836 
4 1139 3076 3784 5523 
1 1843 
5 893 1740 1773 2221 5782 
2 2451 5119 
1 5574 
2 4277 5426 
3 2245 2358 4169 
4 829 2807 4564 5382 
3 1259 1844 2000 
2 4634 5827 
1 1680 
0 
1 598 
4 2138 3082 4539 4804 
4 884 2347 3049 4960 
3 676 4042 5038 
4 986 4347 4591 5924 
6 108 346 1052 2333 5009 5119 
2 2941 5677 
2 1269 3266 
2 528 595 
1 5734 
1 2653 
2 2376 4401 
2 3208 5766 
1 1837 
1 64 
2 1734 4309 
4 1096 2657 2753 4554 
4 1658 3054 3865 5535 
4 868 3493 5154 5240 
3 2303 4921 4998 
2 1988 5643 
1 5745 
2 833 3414 
4 745 1209 4291 5745 
3 1427 1834 2093 
2 363 1010 
3 3675 5591 5880 
4 371 1737 3702 5205 
2 3957 5133 
1 2961 
0 
4 1435 2377 3733 3956 
2 3265 4087 
1 2555 
0 
0 
3 196 703 5282 
2 1027 3092 
4 108 630 1780 3633 
3 1927 3017 3428 
1 4831 
2 2743 2886 
3 2390 3750 4681 
1 1129 
2 163 3825 
3 4 1583 3806 
3 1352 2325 5592 
2 293 843 
0 
3 195 298 3846 
4 3416 4412 4981 5483 
2 3036 3131 
2 2938 3779 
2 3417 4294 
2 3229 3819 
4 861 2124 2236 4359 
3 2238 4739 5353 
1 2217 
2 753 5150 
5 170 898 1990 3650 4211 
2 3009 3165 
3 3824 3898 5499 
3 778 3420 5130 
0 
2 1117 4716 
3 3842 5285 5524 
1 1719 
2 2687 3101 
1 4394 
1 898 
2 2603 3505 
5 255 408 1445 1989 5170 
3 891 2750 3849 
1 5924 
1 2526 
0 
1 4811 
1 5686 
2 2585 4478 
6 2627 3062 3592 4423 4792 5289 
2 2192 2668 
2 989 3850 
3 1584 1660 2357 
1 1060 
2 621 2978 
1 5078 
4 128 306 2108 3259 
0 
2 2566 3881 
1 3835 
1 2521 
3 1949 3819 5491 
1 339 
1 4435 
8 126 1428 2310 2612 5188 5244 5491 5770 
5 1355 3735 4213 4481 5574 
5 1892 2174 3230 3613 5600 
3 1035 2765 5622 
3 185 1263 3336 
2 224 2214 
2 173 2084 
1 1618 
3 1299 4647 5718 
1 1669 
4 1333 2283 2833 5398 
1 2274 
4 1253 3091 4165 4274 
2 604 3179 
0 
3 1685 2088 3132 
4 461 515 880 5278 
0 
1 180 
2 27 2584 
3 1785 2011 4052 
4 619 1236 2657 3952 
2 3268 5221 
1 2426 
3 3447 3918 4560 
1 4138 
4 1416 1641 3340 3927 
1 3580 
3 2657 2749 4827 
5 1000 1245 4390 4631 4742 
4 1011 2859 5269 5415 
3 739 4382 5146 
1 5423 
4 3060 3782 4278 4780 
2 1615 2763 
2 1638 4632 
4 713 4549 5499 5965 
1 3514 
3 659 2516 5506 
2 366 4005 
1 1300 
3 2818 4228 4514 
2 2310 3100 
2 1510 4136 
1 5078 
2 2169 3870 
7 90 726 3177 3717 3780 3796 4885 
4 3232 4330 4568 5779 
3 1753 2294 4565 
3 314 2183 3774 
2 1150 4169 
2 94 4102 
1 4328 
1 3394 
5 1139 1405 3536 3581 5037 
1 1010 
2 3139 5704 
4 2402 2885 3957 5039 
0 
0 
2 312 2709 
2 3059 5058 
1 4528 
2 3362 3904 
3 521 1309 4395 
1 1777 
0 
1 3078 
2 27 5864 
3 132 3694 5748 
4 1657 1725 5059 5288 
3 57 5068 5520 
1 4782 
1 2248 
0 
1 4272 
3 1731 4203 4861 
1 3094 
2 63 4655 
2 4108 4861 
1 4431 
2 131 5718 
2 364 4296 
5 786 1742 5191 5363 5793 
0 
2 1429 3585 
3 822 4369 5980 
2 1795 3649 
4 1726 2343 2822 5692 
3 4161 4782 5651 
1 1783 
1 243 
2 3257 3790 
2 2524 4697 
2 1398 2067 
1 5293 
1 5314 
5 1782 1988 2456 3200 3789 
2 3118 5921 
1 897 
3 93 277 2035 
4 1176 3346 5046 5653 
4 397 733 3180 3596 
2 3888 5650 
0 
4 491 1106 3063 5370 
3 1819 4540 5887 
2 1576 2191 
1 3961 
1 668 
0 
6 1033 2421 3296 4753 5528 5973 
1 4555 
5 1329 1393 2119 5195 5817 
1 5652 
0 
2 1708 4550 
3 1849 5210 5950 
4 32 3847 4960 5934 
3 3827 5008 5040 
2 514 1000 
4 459 507 1253 5864 
3 2319 4885 5514 
4 832 2720 3473 4862 
2 4154 5480 
2 1106 4591 
4 574 2730 3697 4660 
2 5481 5594 
1 1202 
2 770 1248 
2 76 207 
1 3606 
2 1803 3694 
1 3328 
2 1373 3681 
2 3252 4160 
1 3542 
4 807 1063 3517 5877 
4 701 893 1519 3928 
2 1930 4156 
2 541 1644 
2 3164 3745 
3 2370 3740 4195 
1 285 
2 2023 5052 
2 408 4500 
3 2274 2682 5803 
4 729 2998 3353 3830 
1 3694 
1 1942 
3 2349 2887 5751 
5 1387 1958 2210 4184 4951 
3 1453 2490 5690 
2 913 5185 
2 2009 5870 
3 2912 3317 5458 
2 3400 4622 
3 711 3365 4799 
8 1560 2308 2495 3599 3865 4070 4274 5193 
4 105 1224 3896 5046 
1 3076 
4 1352 1648 2940 2990 
1 481 
3 3255 4670 5022 
0 
1 2926 
3 204 1416 3820 
2 1936 2121 
3 1023 5576 5677 
4 1633 2861 5580 5741 
1 5510 
5 130 909 2039 3608 3645 
6 179 780 1867 2361 3814 4325 
4 118 4492 4760 4948 
2 253 2399 
2 919 2141 
5 554 3353 3615 4661 5682 
2 1964 3598 
2 1837 4214 
4 3767 4239 4768 5053 
3 2022 2216 3006 
5 1267 1421 1561 4230 5802 
5 1165 1679 1747 3795 4343 
3 1300 1535 1876 
2 3330 4909 
4 943 2541 3296 4283 
1 3045 
3 3643 5460 5891 
1 385 
1 5697 
3 1570 4961 5278 
1 102 
4 1175 3290 3502 4138 
3 1541 2142 3257 
1 3619 
3 904 2658 4116 
4 2375 3035 4221 5868 
2 230 3288 
5 974 1063 3161 3603 3923 
2 2680 3766 
3 8 3051 5916 
1 3626 
2 565 3635 
2 3523 4527 
4 537 4074 5688 5898 
3 1087 1241 4791 
3 1214 1241 5482 
2 1853 4388 
4 186 413 645 5928 
2 4611 4952 
4 878 1280 1446 1652 
3 2837 5226 5662 
2 941 4478 
2 3495 4123 
0 
2 2872 5305 
3 1034 2649 2655 
3 3254 3571 3806 
3 2559 2986 3124 
1 1128 
4 1241 1286 2037 2641 
4 5 207 216 1222 
3 3693 4259 5859 
4 983 1303 1827 5360 
2 2676 3404 
0 
3 3059 4199 4615 
3 20 3094 5783 
3 2147 4898 4923 
1 4745 
2 257 1791 
3 1134 2052 5732 
1 5267 
3 1495 3642 4685 
1 1632 
0 
3 947 2026 2410 
0 
2 2821 4650 
1 5126 
3 1037 3751 4585 
3 1426 2495 4710 
3 1713 4420 5136 
1 3502 
1 4963 
3 1938 2154 2650 
3 2236 4391 5171 
4 4685 4745 4949 5018 
2 3807 5383 
1 2200 
3 2281 3615 4080 
2 1757 2265 
2 1695 4363 
4 154 213 4142 5000 
3 1790 5668 5916 
1 2056 
1 3711 
4 86 626 1404 2235 
2 1923 3931 
2 1090 2522 
2 908 1716 
1 3325 
2 3146 4924 
1 1857 
2 458 1828 
1 1882 
2 4175 4361 
1 2055 
2 276 3362 
2 96 5245 
3 76 3672 4318 
2 5693 5884 
3 1466 2918 3489 
3 2199 2297 3304 
5 1471 2820 4196 4243 4614 
3 1629 3846 3994 
2 4170 4414 
3 3318 4104 5628 
5 1565 2497 2646 2810 4200 
8 1473 1973 2628 3674 4219 4359 4976 5269 
1 3786 
2 1477 2206 
3 2347 4501 5766 
1 3906 
1 5144 
1 4333 
3 1537 3020 3536 
1 2011 
1 2990 
2 5671 5868 
0 
2 416 5626 
2 4910 5686 
3 762 2659 4565 
5 898 2146 2974 3405 5231 
1 2286 
4 544 2577 4258 4795 
2 4027 4138 
5 1306 1495 2130 2559 5160 
4 1275 2602 3413 5123 
3 2444 3455 4402 
5 1232 1920 3379 5105 5163 
1 3425 
1 4228 
2 2346 3669 
1 3265 
0 
3 2359 3452 4269 
2 1871 3585 
2 3582 3705 
2 2244 4649 
1 1384 
4 554 911 2286 3096 
4 739 1148 1347 3756 
1 4496 
3 1533 1732 2393 
1 3062 
1 5902 
0 
2 518 4547 
1 1321 
2 4672 4892 
3 484 488 2534 
2 2394 3221 
2 3172 3366 
3 1230 2885 3539 
0 
1 1084 
4 176 4472 4504 4995 
4 3054 4090 4164 5815 
2 3376 4186 
3 3141 4712 5026 
1 3476 
1 4044 
4 1111 5141 5247 5361 
2 1754 2707 
5 2055 4074 4648 5088 5356 
3 665 873 4813 
2 4007 5641 
7 753 1406 1502 2170 3476 4271 5235 
0 
1 5050 
3 769 1242 2570 
1 2265 
2 1665 2814 
3 1437 2366 5575 
4 379 1360 3923 5519 
1 3481 
5 1755 2065 2823 3231 5066 
7 1011 2106 2732 2807 3006 4956 5279 
2 4621 5113 
1 1788 
2 1230 3370 
3 1608 4822 4915 
0 
3 1096 1421 4908 
5 239 1936 5257 5532 5924 
5 881 2381 3414 3687 5789 
1 4366 
3 133 3493 3986 
4 347 2510 4455 4819 
6 1021 1033 1679 1845 4046 4592 
3 652 2859 4543 
4 1084 1349 3467 4496 
2 2274 4658 
0 
2 2459 3146 
1 1968 
2 1988 2993 
1 1759 
4 324 3117 4965 5422 
1 5779 
4 1403 5671 5697 5899 
1 2126 
3 20 4043 5375 
3 1625 3087 4597 
0 
2 1947 2666 
4 895 4521 4692 5372 
4 711 2375 3945 4628 
2 2853 2940 
2 4516 5198 
4 607 2414 2687 4596 
1 3495 
0 
3 129 970 5734 
2 1465 4612 
3 2139 2230 4432 
3 143 2266 2541 
3 536 2345 2896 
2 3018 4581 
4 614 623 1856 2779 
1 1080 
2 509 1903 
4 857 1442 3557 4256 
1 4022 
3 2821 3981 5134 
0 
3 519 1880 4009 
3 3073 4764 5704 
2 2684 3539 
3 213 1732 3196 
5 866 1189 1440 2018 3065 
2 649 5727 
3 371 513 3668 
1 307 
0 
5 386 2500 3006 3371 5544 
0 
1 2204 
3 2259 3049 4135 
4 1177 1970 2799 5525 
5 725 832 4181 4538 4754 
2 5015 5654 
0 
1 4083 
0 
4 394 4300 5472 5602 
3 554 659 2715 
0 
4 4753 5096 5284 5509 
0 
4 1262 3275 3806 4361 
1 2174 
2 129 3071 
0 
2 3852 3984 
1 2025 
2 2730 3130 
0 
3 673 4790 5222 
3 70 1104 4513 
3 1290 1997 3898 
4 2161 2190 4757 5616 
2 1638 2606 
5 568 2607 3398 4063 5333 
7 419 984 1680 3002 4436 4783 5402 
0 
5 1821 1929 3045 3199 3426 
5 1331 2060 2856 3586 5886 
2 15 422 
2 1453 4827 
3 737 3977 5668 
0 
3 1468 2555 5946 
1 4503 
2 1425 5549 
3 1628 4173 5207 
1 1069 
2 760 4672 
1 2919 
2 4636 5276 
3 380 2213 4623 
1 1492 
6 1225 2603 3017 3699 4834 5292 
1 2623 
3 2582 3925 5794 
2 4956 5555 
3 2355 4804 5116 
0 
2 280 3727 
3 4666 4956 5507 
1 5709 
2 1317 3498 
3 264 4456 5482 
3 181 4661 5180 
1 1321 
2 1818 1937 
3 2485 3843 5620 
3 496 1054 4676 
1 2386 
0 
4 623 2061 3179 3211 
0 
4 3106 4218 4300 5392 
1 3861 
1 3217 
2 4559 4715 
3 663 2697 5592 
3 1599 4225 5611 
1 3507 
2 657 753 
1 1245 
3 2453 4857 4990 
0 
2 1169 2255 
3 2411 3500 4660 
3 1849 2134 4058 
3 2045 3001 3691 
4 392 1620 3119 3424 
5 736 826 3673 3840 3945 
1 4543 
0 
0 
3 339 935 3901 
2 2049 2437 
1 1943 
3 1356 4226 4843 
2 313 5008 
5 206 899 1811 4995 5323 
4 570 2955 4768 5356 
2 3063 5383 
4 1500 2345 4933 5572 
3 90 1276 4887 
3 609 697 1568 
3 1987 4688 5188 
1 3772 
1 1489 
2 3787 5435 
1 1049 
4 1062 2268 4456 4529 
3 894 2547 4854 
2 276 3783 
1 3737 
1 5183 
1 5007 
3 3308 3977 4575 
3 2159 3485 3660 
2 814 3040 
1 717 
2 781 2155 
4 977 3535 3548 3698 
8 227 1197 1691 3150 3924 5588 5766 5901 
0 
2 3347 4955 
5 365 1047 4095 4472 4566 
3 94 1052 2826 
4 3914 5248 5409 5476 
1 2159 
0 
2 2176 5561 
0 
2 11 4519 
3 4060 4523 5812 
1 5743 
1 427 
2 3799 4911 
1 2507 
5 910 3151 3978 4242 5787 
1 1554 
2 1890 2212 
3 899 2893 4847 
2 142 5048 
1 5687 
3 1934 2315 5233 
2 1397 5420 
0 
5 2335 2955 3790 5416 5828 
4 1411 1908 3922 5676 
3 697 2151 5784 
2 967 2728 
4 2751 3874 4252 5961 
5 837 1875 2109 2766 3926 
1 4435 
2 3 2874 
3 768 3724 4285 
2 1356 4900 
6 90 311 477 1869 2972 5721 
1 2489 
1 5974 
2 1814 5852 
3 1770 3323 4978 
3 82 4411 5200 
4 1998 3613 5272 5593 
6 792 941 2540 2655 2803 3537 
3 3649 5060 5983 
5 494 1791 3338 3826 5758 
1 1075 
4 2663 3313 3479 5844 
3 888 1332 2107 
1 4122 
4 400 3363 3501 3927 
3 36 789 3177 
2 1830 3844 
1 318 
3 263 2504 5297 
4 3155 3193 5236 5952 
3 1390 4127 5510 
4 556 1924 4145 5635 
4 506 906 2336 5797 
3 2715 3689 3951 
0 
2 896 3829 
4 223 2203 2881 5006 
1 5248 
0 
3 419 1090 4864 
1 4767 
3 2569 3178 5726 
1 5775 
5 176 1284 2516 3111 4956 
3 2168 3371 3827 
2 1370 2362 
4 944 2011 4270 5675 
2 455 4186 
3 1960 3922 4491 
4 646 2740 5345 5357 
4 476 717 746 5488 
2 747 1863 
2 1498 1693 
2 3513 4313 
2 1417 4625 
2 111 524 
4 514 1000 3059 5612 
3 1876 4199 4584 
1 674 
4 624 1987 2186 2974 
4 1408 2376 2448 3171 
1 4042 
5 581 671 966 2106 4350 
4 825 1713 3944 4787 
2 3870 4628 
0 
6 21 1259 1522 1963 2618 5909 
1 3219 
2 4577 5762 
2 2617 5304 
2 1419 5638 
2 4823 5050 
1 5308 
1 219 
4 724 1354 2868 3955 
4 2556 2714 2846 4241 
2 3987 5954 
2 3723 5380 
0 
3 2884 3660 3806 
1 340 
0 
3 992 1122 3547 
2 3681 5564 
1 3428 
1 1764 
2 1019 5437 
3 2084 2407 5302 
3 3833 4987 5982 
4 105 354 3030 3282 
6 2446 2494 3281 4203 4709 5971 
3 96 1092 4507 
3 654 1441 4478 
5 1517 3001 3412 5114 5159 
3 1727 2154 5875 
3 461 3342 4789 
4 521 1906 3577 5327 
6 482 902 2274 3363 4560 5007 
2 1475 4807 
3 1919 3607 5528 
2 2849 4546 
1 3730 
2 242 5533 
4 1513 1663 4774 5896 
0 
5 937 4065 4122 5189 5398 
0 
2 1147 4862 
2 343 5200 
3 2934 3178 3384 
3 119 522 2773 
0 
2 1880 2446 
1 3285 
1 3569 
2 1340 2023 
2 176 2835 
2 1734 1946 
5 1089 1591 2010 4248 4487 
5 2773 2984 4480 5119 5443 
3 2927 3195 3322 
1 2366 
0 
9 848 892 1685 2478 3497 3918 5620 5682 5832 
3 91 2546 3013 
0 
0 
0 
1 2006 
3 1747 5293 5582 
4 2289 2418 3820 4802 
2 1678 4881 
3 3002 3240 3292 
2 973 3700 
1 13 
2 2127 3695 
3 469 646 2534 
3 3256 5162 5372 
2 1437 3933 
2 372 3148 
3 2018 2546 2554 
3 3507 5751 5877 
4 373 472 672 5168 
3 2183 3541 5267 
4 253 2457 5107 5608 
0 
4 2354 2409 2430 5561 
3 356 3303 5277 
4 3439 3830 4618 4679 
1 3412 
4 1618 4929 5519 5698 
3 1237 1249 4817 
5 1718 2873 3558 5212 5786 
1 5057 
2 928 3383 
2 3048 4257 
2 258 4746 
2 110 4993 
1 2837 
2 2345 4794 
3 485 2079 5363 
1 5098 
0 
2 413 4701 
5 881 2136 2659 3609 3927 
3 1686 5048 5364 
2 3914 4070 
4 1024 4371 4646 4832 
4 2154 2376 3900 4590 
4 276 1899 2297 2738 
2 1061 3513 
4 1440 2499 4006 5433 
4 839 1567 3250 5528 
3 182 3218 3414 
6 409 829 2055 3313 3734 5393 
4 865 975 5624 5919 
2 1965 4362 
2 36 4927 
2 3205 4795 
3 1939 4561 5000 
1 1317 
3 2543 4559 5993 
5 630 1153 2569 3489 5828 
1 2928 
2 1394 1699 
0 
3 958 1615 5433 
5 394 1098 3525 3679 5728 
1 721 
5 1797 2385 4478 5532 5664 
2 1434 4667 
1 947 
3 536 1216 4617 
3 3130 3339 3855 
5 1401 4534 4925 5289 5740 
1 3677 
5 512 980 3894 4872 5724 
2 2704 2880 
2 1459 2057 
1 3622 
5 265 431 1266 1482 3712 
2 2878 3034 
2 2035 5320 
5 288 770 2385 2816 4920 
3 1314 4858 5856 
0 
5 596 1969 2644 3565 5246 
3 153 345 3948 
7 290 1169 1394 2504 4470 5246 5783 
1 1531 
0 
4 711 1171 1585 4492 
0 
2 175 5058 
0 
4 364 1789 3516 5796 
4 2283 2515 4210 5141 
2 3604 5814 
1 2449 
1 3924 
1 1571 
3 1426 2186 5592 
3 2408 2694 5938 
5 326 1606 1766 2824 3162 
3 446 794 4481 
1 3890 
0 
0 
5 695 1722 3126 3633 5522 
2 1462 2278 
1 1071 
1 811 
4 68 513 1544 2445 
2 2966 5815 
2 5013 5235 
4 2678 3504 5074 5378 
3 180 3728 5868 
1 4035 
4 254 1192 3052 5722 
2 1815 3174 
2 3647 4201 
3 3451 4084 5209 
1 4842 
1 5632 
1 5228 
4 301 1452 3108 3270 
5 1144 1871 4602 5027 5500 
1 3244 
5 874 1538 1849 2365 3173 
6 308 2411 2436 3278 4560 4928 
0 
4 5000 5275 5288 5446 
3 1821 1856 1920 
0 
2 1322 3422 
1 476 
0 
2 4797 4896 
2 1225 2891 
5 983 2430 4783 4824 5131 
2 4008 4920 
3 4112 4158 5605 
1 290 
3 2974 4488 5422 
1 2304 
2 1931 4728 
5 730 2150 4477 4495 5320 
0 
5 781 1022 2305 3196 5072 
1 2449 
0 
3 3078 3280 4692 
1 2073 
3 413 1809 5446 
4 480 948 3368 5399 
3 2339 4403 4478 
2 1132 5329 
4 3976 4173 4694 5439 
2 2072 3435 
0 
5 584 2077 2747 4651 4676 
1 4564 
2 159 4461 
5 3632 3860 4287 4384 4470 
0 
4 819 1642 4314 5530 
4 153 3001 3649 4419 
1 5145 
3 1965 3118 3530 
2 1591 5628 
2 337 5640 
1 52 
5 1117 4313 4600 4973 5361 
2 2250 4458 
2 4754 5076 
3 246 1610 4642 
4 1293 1843 2079 4243 
7 969 2027 3338 3821 4406 5282 5616 
0 
4 520 1298 2597 4667 
3 4461 5012 5521 
4 55 964 3962 4011 
4 1490 1511 2352 4538 
2 564 4594 
3 691 2773 5818 
4 2315 3142 3793 5700 
1 3930 
2 3312 3468 
3 535 940 4093 
1 3976 
0 
1 1934 
4 926 4286 5202 5818 
3 407 1366 2928 
1 748 
6 1025 1233 1560 2396 3062 4548 
2 5046 5447 
3 1277 4686 5584 
4 3241 4079 5272 5861 
5 1423 1974 1992 3689 5311 
2 468 4654 
1 4029 
2 629 3241 
3 3107 4589 5325 
2 2123 4180 
1 3097 
3 387 3280 4026 
2 220 1487 
1 4181 
2 200 4655 
4 885 914 3282 5698 
1 2659 
3 3225 3851 4829 
4 1601 2353 3710 4926 
1 4158 
1 3222 
1 2675 
1 5279 
1 1311 
4 128 762 1624 4389 
1 5954 
2 1177 5131 
4 409 2468 4629 5297 
3 4060 4497 5468 
4 314 1639 3555 4678 
2 1114 3754 
2 2032 5682 
4 2624 3143 4671 5112 
3 2228 4010 4139 
4 183 2384 3072 4938 
3 1616 2977 5993 
3 672 1145 4295 
2 3967 5311 
5 77 733 848 2011 4510 
4 2910 3684 5042 5189 
5 1147 1579 2717 3764 4625 
3 11 2854 3136 
1 5169 
1 2831 
2 2880 3570 
6 1757 2498 2560 2915 3760 5536 
1 1263 
2 667 5847 
3 613 2070 5408 
3 168 4125 4376 
7 396 2126 3123 3672 4292 4444 5606 
2 1671 4374 
3 1229 2858 5930 
3 1030 1454 5504 
5 1652 3549 4476 5122 5221 
3 418 3696 3941 
4 1441 2592 4173 5527 
4 354 3436 4899 5301 
3 3285 3695 5202 
1 4957 
3 375 392 5826 
1 5538 
1 2395 
1 2659 
2 661 1308 
1 4164 
1 3272 
2 4263 5906 
1 4656 
4 1646 1926 1971 2866 
0 
3 177 770 4038 
3 1356 2894 5423 
0 
3 635 1101 4252 
2 1818 3888 
0 
3 5219 5826 5864 
0 
1 4518 
2 4363 5031 
3 2804 3558 3773 
1 4009 
2 169 3351 
3 727 4498 4789 
0 
2 1370 4030 
2 115 4023 
7 469 1261 1657 1695 1939 2577 5263 
5 1146 2166 2178 2196 5905 
2 4487 5465 
1 5127 
2 3128 4441 
2 3476 5470 
2 653 2628 
4 1439 1751 2184 3093 
5 479 652 2398 5199 5827 
3 209 1255 2309 
3 2285 2327 5577 
1 2961 
0 
3 1644 3857 4629 
2 617 4034 
5 917 1058 2816 3449 5404 
3 3922 4658 5050 
2 872 3874 
1 5422 
3 897 2891 4387 
5 2117 2894 3538 4343 4812 
1 2144 
2 1701 5861 
3 1077 2757 3998 
2 1229 3804 
6 532 1071 1853 2023 3254 4100 
2 66 5659 
3 2662 4249 4550 
2 310 1734 
1 5961 
3 372 4027 4259 
5 661 2675 4537 4611 5014 
2 208 2407 
4 46 1333 3677 5429 
1 3683 
2 194 2534 
2 874 3551 
1 890 
5 510 2563 2819 4099 4987 
1 618 
0 
2 3489 4641 
0 
4 1218 2991 4639 5859 
2 4490 4857 
0 
1 4754 
2 371 3200 
1 4362 
2 74 3656 
4 389 713 3326 3984 
3 1953 3958 4839 
2 385 3886 
4 477 4475 4989 5793 
1 532 
0 
2 1007 4515 
5 1192 1220 3507 3726 4524 
4 555 3105 4578 5922 
2 2023 5085 
3 4012 4614 5737 
3 592 1468 1771 
3 2846 3774 4134 
3 2531 3824 4113 
2 1415 3523 
1 43 
0 
4 747 2480 2911 3130 
1 4109 
4 343 4385 4494 5587 
0 
4 1902 3096 5064 5823 
3 801 3090 3811 
2 2193 4542 
2 3969 4097 
1 2872 
1 5590 
1 4892 
2 4117 4475 
2 1046 2321 
2 291 4539 
2 1930 4343 
1 3510 
4 2858 2951 3596 5995 
2 198 2377 
1 5005 
1 5877 
3 20 3881 3895 
3 814 4512 4813 
1 960 
6 591 875 4153 5093 5188 5508 
5 701 941 2525 2966 5492 
2 3164 5385 
3 202 1929 2784 
6 81 2957 3213 4026 4466 5359 
3 294 635 1212 
5 1411 2742 3338 4472 5390 
1 3282 
3 431 2610 3150 
2 257 3741 
4 1617 2300 3233 5534 
0 
1 3459 
3 3177 3343 4358 
1 2002 
3 2796 3327 4942 
5 440 1832 2346 3501 5544 
1 3498 
2 2426 5821 
1 3028 
2 941 5318 
5 974 2838 4285 5194 5862 
4 649 1212 3889 4879 
0 
4 485 2926 3514 3979 
2 2349 2434 
2 5308 5975 
6 1180 1544 4125 4870 5134 5418 
6 316 1396 3618 4889 5171 5226 
1 4882 
2 2561 5288 
1 5914 
1 2060 
5 1088 1149 1183 1680 3225 
1 5372 
0 
0 
0 
3 798 922 1460 
3 578 1157 5973 
4 623 2707 2710 4460 
0 
0 
0 
0 
1 4801 
3 2662 5531 5725 
1 1387 
2 91 932 
2 5160 5856 
0 
5 430 1162 1177 3442 3610 
3 950 1352 2413 
3 927 1713 1758 
3 1600 1796 3677 
0 
2 2790 4947 
2 3877 3895 
3 80 4351 5635 
3 852 1158 2533 
2 2368 3247 
2 3178 5091 
0 
0 
2 589 1393 
2 3759 4068 
6 2017 2572 2698 4060 4489 4644 
2 1870 2536 
1 2063 
2 3230 4081 
1 1436 
1 983 
1 3821 
3 835 1169 5362 
2 974 2295 
2 4771 5734 
2 4047 5541 
2 2194 5927 
3 1836 3213 5099 
4 784 1456 4235 5901 
3 997 3827 4148 
1 468 
1 3176 
5 2449 2452 3225 4763 4966 
1 3099 
0 
1 4298 
3 158 528 5337 
4 1073 1312 1633 4977 
3 1343 3295 4887 
2 2157 4867 
0 
3 3402 3681 5530 
0 
4 362 1661 3720 3737 
4 2255 4084 4454 5057 
1 5042 
2 1349 3376 
3 2118 3104 3374 
2 796 4258 
1 1762 
3 746 4290 4594 
6 1614 1754 1882 2853 3201 4078 
2 2685 3853 
2 1027 3633 
2 1440 2729 
5 922 1622 3177 3404 4354 
5 518 1070 3944 4373 5616 
0 
1 4452 
2 1381 5884 
3 3191 3805 5913 
0 
3 2301 4733 5996 
3 922 2352 4325 
1 3182 
3 279 3555 4106 
4 1587 1842 2475 4931 
0 
2 12 4293 
2 20 5653 
2 206 1794 
3 757 1437 5480 
5 2247 2362 2908 3630 5465 
4 888 3033 4618 5915 
4 3985 4686 4908 5779 
0 
3 255 1800 5054 
1 5278 
3 1681 4346 5632 
3 678 3459 5638 
4 2840 2890 4008 4859 
1 956 
2 2165 3497 
1 4001 
2 3508 4266 
1 4454 
1 2888 
4 410 2369 2480 3219 
4 854 1886 3676 4089 
2 3014 5564 
2 1968 4527 
2 402 2173 
2 67 3594 
3 2502 3410 4362 
3 1281 1536 3162 
4 1929 2253 2890 4102 
2 1570 2970 
1 1516 
3 1727 3515 5662 
1 5205 
1 4649 
4 595 2582 2962 3311 
3 1340 3358 5401 
3 39 2068 4437 
2 2834 4145 
0 
4 932 1737 2321 5274 
4 708 2304 5490 5554 
4 1609 3284 4189 4891 
0 
1 5953 
2 2548 2692 
2 3057 3253 
2 2301 3352 
3 335 336 968 
2 3325 4159 
0 
2 2597 3030 
4 664 2932 4131 4642 
3 4399 5697 5722 
4 1432 1528 4819 5969 
3 1805 2828 5288 
4 3120 3236 3724 3727 
4 234 3771 4302 4868 
1 5753 
5 1247 2059 2489 3476 4234 
0 
3 903 1069 4868 
2 2392 4778 
2 4862 4866 
0 
3 408 769 4715 
1 1977 
3 1721 1984 4391 
1 3467 
0 
3 609 1113 5466 
2 5163 5545 
3 769 1135 1808 
1 5044 
2 4710 5687 
2 1910 2228 
3 369 2419 4326 
3 4717 5926 5987 
1 2419 
2 350 3377 
3 3694 3770 5205 
0 
4 1527 4151 4777 5861 
1 1222 
2 445 4716 
0 
3 1642 4847 5496 
3 3507 3969 4675 
3 1688 2360 2789 
2 3370 5604 
2 5255 5468 
7 215 282 1485 1670 2749 4452 5070 
4 724 1236 5387 5403 
2 3876 5656 
2 1358 4567 
2 4204 5197 
1 5072 
3 2541 5453 5795 
1 5306 
3 1373 2608 5879 
1 342 
2 183 5477 
1 2314 
3 4003 4813 5634 
3 47 3832 5412 
6 498 536 1023 2487 3940 5011 
3 1013 4184 5479 
2 544 2143 
3 1820 2164 2884 
2 458 2669 
2 4001 5897 
2 667 3328 
1 3 
4 1868 2079 2267 5265 
1 3406 
2 4398 4455 
3 1080 3573 5210 
3 510 3018 3265 
3 1453 3876 5203 
1 3910 
2 2696 4389 
2 4528 5767 
2 367 4372 
5 242 2018 4444 5858 5903 
1 4345 
3 1273 2939 5279 
1 4805 
2 3046 3289 
4 946 1163 1475 4150 
2 128 3426 
3 1500 2742 4998 
2 1307 5989 
1 1858 
3 2135 2279 4544 
1 5050 
2 2662 5620 
2 944 3531 
1 4703 
0 
0 
4 899 1338 1709 2239 
2 482 1616 
3 1564 2882 4744 
4 426 1115 3266 3821 
4 1187 2341 3895 5445 
5 1198 2325 5078 5086 5653 
2 2388 3799 
2 2437 3857 
2 1452 5306 
3 2300 3351 5953 
7 998 1286 3454 3537 4172 4962 5946 
8 506 891 2920 2951 3997 4105 4109 4238 
2 836 4569 
4 359 1483 1740 3537 
1 2221 
2 3556 3766 
4 2637 3838 5478 5856 
3 2587 4955 5732 
3 39 2084 3892 
2 1731 1910 
4 1502 4018 5444 5457 
3 207 3388 4771 
2 259 1192 
0 
4 1791 2370 3230 5759 
2 2705 3452 
1 2340 
2 69 2299 
1 4487 
2 1 247 
1 1387 
2 1074 3927 
2 311 4776 
3 579 3400 4209 
0 
2 1940 3526 
3 51 714 3604 
3 7 1009 3482 
3 7 79 5259 
1 3169 
1 1957 
1 5792 
2 4283 4636 
4 101 1310 2157 2499 
2 2626 4651 
1 4131 
3 2116 3095 3521 
1 5763 
4 2635 3385 4352 5232 
4 1311 1412 1834 2699 
3 74 3976 4147 
3 904 1016 2456 
2 358 1959 
4 2341 2899 3573 4935 
4 531 1240 2060 5588 
3 3901 4374 4446 
1 5627 
2 5248 5466 
1 336 
3 133 1009 1970 
2 111 4683 
5 1300 1485 1865 2465 4231 
5 611 4163 4292 5305 5723 
8 1140 1320 1378 1617 3408 3767 4146 5724 
2 3435 3559 
2 3413 3473 
1 4910 
3 806 4495 5948 
3 106 1534 4429 
3 927 3385 4629 
4 1601 2688 4061 5666 
3 12 1723 2079 
2 2774 3449 
2 3136 3895 
2 2665 3343 
4 48 698 2315 5075 
1 1389 
4 1869 2911 3811 5380 
1 2437 
3 2234 2617 5735 
2 5240 5444 
4 1222 1633 2875 3979 
4 894 1219 2006 4441 
4 1156 2734 3448 5923 
3 1498 2096 3138 
4 140 1011 3056 5501 
5 688 965 3025 4590 5953 
2 687 2917 
2 350 5258 
2 2767 5188 
2 48 2999 
1 2878 
3 653 2863 3702 
6 601 1154 1472 1614 2844 3557 
2 3051 3705 
4 945 1893 3287 3767 
0 
3 4549 4784 5236 
0 
3 2583 4878 5209 
5 1763 2247 2624 5430 5837 
5 592 2904 3749 3807 4511 
1 5768 
6 2451 4190 4360 5479 5640 5651 
1 571 
5 1806 3989 4266 4614 4939 
2 1657 5621 
2 2614 3792 
1 3827 
1 4815 
4 245 1395 1530 5443 
3 533 1984 5921 
3 1657 4348 4783 
4 2702 3709 4408 5403 
6 67 1122 1982 3718 5420 5475 
3 1572 2426 4213 
2 1358 2584 
1 5263 
0 
1 4669 
0 
5 274 519 799 2564 3996 
1 393 
3 1159 2262 3719 
2 470 646 
2 2427 4896 
1 2129 
4 2088 3421 4463 4901 
1 2287 
5 779 2632 2849 4430 5351 
4 672 1582 3309 5020 
3 281 1439 4489 
0 
4 627 3639 3692 4950 
3 953 1980 3262 
2 76 172 
0 
2 1630 5694 
1 1860 
3 38 1502 2602 
4 787 2510 4657 5698 
2 3097 4950 
3 928 976 1772 
1 3984 
0 
3 268 758 2989 
3 287 2658 4749 
1 2225 
5 620 1564 3243 3260 4688 
2 1588 5961 
1 38 
1 4068 
1 3317 
4 1262 2659 4356 5121 
3 1659 2409 4766 
1 1520 
0 
1 2926 
0 
2 462 5412 
3 1126 2998 3949 
1 5265 
7 1295 1604 3259 4339 5231 5312 5534 
2 1337 1792 
1 536 
1 5827 
1 271 
2 1135 4542 
1 3998 
1 4288 
3 2807 5317 5782 
1 4106 
1 77 
2 1562 2571 
3 3545 3559 4314 
1 1293 
4 1931 2933 5098 5889 
2 738 4564 
2 3947 5469 
3 1986 2651 3274 
0 
1 3887 
5 964 3268 3299 4601 5208 
4 639 830 2954 3168 
0 
2 2140 3616 
4 264 1796 4454 4536 
1 1059 
4 500 652 1812 3582 
4 312 2107 4044 4715 
1 3047 
4 1121 1201 2026 3890 
2 2539 2884 
3 1160 2838 5646 
0 
2 1899 5571 
4 230 2036 3982 4411 
0 
0 
3 1046 3451 3932 
2 4482 5553 
4 3253 3679 5412 5925 
2 1706 2850 
0 
2 3440 5742 
5 526 1007 3612 5287 5819 
2 180 2887 
1 1744 
2 1669 2011 
2 626 3572 
7 2689 2734 2853 3099 5178 5333 5643 
2 3505 5267 
3 2294 2958 2977 
0 
2 3167 4288 
2 3946 4737 
0 
1 4332 
4 325 1307 3949 4876 
0 
3 293 883 934 
3 569 1237 5835 
1 2246 
4 210 3228 4337 5470 
2 4552 5628 
4 1005 2563 3625 5982 
2 3894 4716 
4 319 633 876 1516 
2 2341 2423 
1 1375 
3 97 2066 2872 
2 2223 5467 
1 1689 
3 1828 5155 5936 
3 426 938 5267 
6 569 2527 3332 3410 4113 5245 
0 
2 1660 2018 
1 4162 
1 1355 
3 1620 3801 5260 
1 3477 
0 
5 3648 4153 4688 5034 5275 
3 1285 4300 4549 
3 547 2125 5644 
6 1111 1629 1923 2970 3731 5445 
1 1887 
4 1542 2960 3806 5816 
3 2573 3534 4709 
1 3761 
2 1553 3486 
3 1551 1868 4900 
1 4029 
3 1676 4606 5838 
2 4210 4303 
1 760 
3 2634 4507 4568 
1 4923 
5 741 1196 5567 5631 5962 
7 104 785 1662 3581 4838 4885 5513 
2 1973 2933 
3 1264 2359 4095 
2 810 5127 
3 1336 4436 5044 
2 3765 4921 
2 19 5293 
4 552 685 1581 4347 
1 3 
1 2946 
3 616 1328 3242 
2 1822 2767 
1 1963 
1 1666 
5 614 2096 3243 4587 5768 
2 1032 5557 
4 311 2053 3670 4564 
3 679 3514 4078 
5 212 1682 5371 5388 5710 
3 1168 1576 2740 
2 400 3512 
4 564 1366 3859 4716 
2 1477 2644 
3 1967 3058 4439 
3 2068 2922 5278 
2 1704 5357 
4 2563 3942 5107 5972 
1 4993 
2 4192 5868 
1 3033 
3 1850 3987 4429 
2 4224 5042 
1 2673 
1 3017 
3 1971 2500 3409 
3 3572 5025 5464 
3 2629 2711 3252 
0 
2 753 1436 
1 3648 
2 3917 5180 
4 596 1163 4401 4403 
2 2381 3982 
6 11 147 4175 4232 5002 5623 
1 2373 
0 
3 1832 3252 3292 
2 1752 5510 
0 
0 
2 1484 4895 
0 
3 245 1063 4004 
5 2062 2847 2955 5033 5347 
1 4983 
1 5185 
3 1888 2379 2639 
3 698 1658 1884 
4 1354 2408 4598 5062 
1 3432 
6 824 1196 3011 4918 5106 5512 
2 5842 5952 
6 1556 3036 3880 4338 5156 5179 
3 345 650 3091 
3 1337 3678 3927 
2 577 2539 
3 769 3032 5520 
2 4211 4513 
1 1882 
3 588 4845 5809 
2 4446 5188 
2 3279 4099 
4 14 2949 4342 5878 
7 735 839 1650 3664 3838 4816 5229 
4 3463 3997 4532 4930 
3 1463 2493 3322 
2 1524 1897 
2 3590 4492 
1 1227 
3 964 1238 4068 
2 2351 3619 
3 2172 5517 5887 
2 2346 5150 
6 998 2376 3718 4446 4718 4860 
3 2691 3633 4389 
2 831 3479 
1 501 
4 1344 2919 4102 5846 
7 1141 1388 2957 3743 4324 5211 5888 
1 2075 
1 1347 
3 1643 2048 5512 
5 235 3256 4223 4537 5940 
2 2517 5878 
3 776 1088 2481 
2 1882 2211 
2 2019 4567 
1 4282 
3 102 712 2493 
1 4264 
3 2034 3863 5007 
3 3475 4903 4953 
3 15 574 2829 
4 785 1971 4267 4714 
0 
2 2254 3252 
3 753 4514 4547 
4 1733 2736 5107 5356 
1 191 
2 471 3744 
2 850 999 
0 
2 974 5115 
3 2734 4708 5369 
0 
5 568 645 2200 4397 4461 
3 2495 5604 5646 
3 553 1161 2178 
2 919 4147 
2 539 2611 
2 1427 4518 
2 402 2625 
2 1020 4291 
4 5 632 645 1353 
2 2279 4471 
0 
5 306 886 3338 5823 5944 
4 131 889 1565 5758 
3 1482 4083 5155 
0 
1 1412 
1 1034 
1 4775 
2 2711 5972 
2 5571 5628 
1 2432 
4 283 1691 2469 5705 
1 5378 
1 3171 
3 201 2499 3416 
2 734 4244 
4 10 1480 2891 5462 
5 113 515 604 3240 5258 
2 722 3240 
3 12 2097 2680 
0 
1 5074 
0 
2 1419 3610 
3 0 2843 3475 
3 307 2632 3173 
5 297 3984 4148 5312 5872 
2 4244 5230 
5 329 1057 1997 2353 5655 
1 4692 
1 3871 
4 90 1798 3982 4487 
1 4761 
5 1156 3297 3355 3731 4355 
4 104 559 3520 4360 
0 
2 1388 2487 
1 1983 
1 2296 
4 471 2961 5318 5809 
4 201 528 1497 3753 
3 2501 2750 5223 
6 1542 1793 2189 4026 4332 4722 
3 33 2722 5955 
4 26 320 689 2166 
3 67 244 4022 
1 1522 
1 1555 
2 4430 5342 
1 1864 
3 2783 4272 5022 
2 1467 5585 
2 3549 5784 
5 1277 2460 3051 3896 4149 
3 366 1479 3088 
3 589 949 4690 
2 1707 3522 
3 141 393 4897 
2 827 5223 
1 3175 
4 823 1032 3496 4694 
0 
1 4122 
5 504 1197 2088 3026 4369 
4 129 753 1660 1708 
2 2083 3454 
1 2350 
5 302 426 847 1517 5618 
5 318 1937 2975 3658 4300 
3 1283 1646 4469 
1 2437 
1 4841 
1 4084 
3 1316 4897 5058 
3 338 2123 4613 
1 1471 
2 344 1665 
1 2119 
4 2124 3190 3203 4558 
2 2222 4175 
4 714 2628 3480 5574 
2 2952 5586 
6 1758 1770 4909 5104 5146 5889 
0 
0 
2 1221 3678 
4 517 2307 3389 4195 
2 736 808 
1 4715 
2 289 1657 
5 1709 2481 3180 4193 5059 
2 541 3441 
4 24 4018 4458 4616 
4 2830 2972 3680 4582 
1 2721 
0 
4 275 873 1007 3547 
4 708 2431 3173 5655 
4 1114 1419 3477 5750 
2 496 4631 
2 5045 5759 
2 2840 3290 
1 2042 
3 4366 4381 5890 
2 952 1913 
3 1164 1859 4156 
1 5942 
3 1377 4281 5599 
4 33 1606 1854 5566 
1 4472 
4 708 882 1166 2479 
4 1464 1949 2547 3350 
3 1327 5662 5841 
3 2627 4314 5055 
3 100 4965 5025 
2 4949 5191 
6 496 1247 2447 4446 4468 5656 
3 50 1538 4511 
2 1329 3053 
2 1214 1235 
2 630 5491 
1 5720 
4 176 483 566 5920 
4 882 2302 2714 4902 
0 
3 977 2189 2931 
0 
2 682 4965 
2 3803 5462 
0 
3 1492 2043 3835 
0 
2 5346 5458 
2 39 234 
1 5240 
4 840 1075 4600 4811 
4 1217 2414 4875 5002 
1 5176 
3 2168 4538 4895 
1 5123 
3 2517 4603 5168 
3 1246 1682 5474 
4 1144 3151 3406 4065 
2 942 2927 
3 879 1628 5471 
3 676 2809 5059 
3 294 541 4175 
3 1205 1390 4906 
4 2023 2879 2896 4961 
4 537 3285 4911 5048 
3 2595 3772 4810 
2 2864 3775 
4 3143 3854 4112 5652 
2 3604 5942 
0 
1 3443 
3 467 823 3294 
3 2571 2662 3245 
4 504 891 910 4245 
1 734 
3 2070 2895 4846 
4 1188 3645 3648 5450 
1 4689 
6 51 133 1170 2141 2559 2954 
1 1155 
0 
4 688 1441 2930 4891 
2 728 3149 
0 
5 718 2117 2294 3615 3684 
1 4441 
3 595 1501 5030 
3 1356 2245 5546 
1 1348 
3 1829 2581 4563 
0 
4 1255 1952 3686 5700 
4 2083 3168 3344 4109 
2 1088 4688 
2 4068 5769 
3 3818 4225 5252 
3 2089 2276 3151 
4 977 2937 5265 5296 
2 2830 5205 
2 1285 3770 
1 3010 
1 769 
3 105 640 5286 
2 1806 3372 
3 3994 4345 5986 
3 3719 5271 5824 
6 263 566 1070 4495 5589 5904 
5 257 1354 4423 5523 5676 
4 1558 3542 5522 5614 
2 3230 3619 
1 4059 
4 388 1052 1607 2207 
3 1391 3316 4566 
4 1888 3759 4294 4367 
1 5839 
5 305 1480 3404 4480 4780 
4 709 3142 3313 4734 
3 1933 4004 4384 
2 4297 5767 
4 356 1184 4698 5107 
1 3571 
1 4555 
2 763 2981 
3 537 2215 4571 
2 923 3448 
1 2207 
2 1708 4764 
8 551 890 1352 1996 2094 2160 2688 3141 
1 2811 
4 1566 2327 4055 4704 
1 4876 
2 875 5502 
1 1370 
3 1779 2447 3372 
5 1583 1893 2858 4094 5552 
2 21 96 
2 285 1341 
4 220 230 734 5549 
3 2743 3050 5145 
2 801 4846 
4 314 1888 2189 4105 
0 
1 5220 
1 1832 
3 2688 2909 3282 
3 1695 2698 2984 
3 1769 4178 4341 
3 1918 2607 5571 
0 
2 4278 4828 
1 1417 
1 5438 
4 340 730 2694 5204 
0 
0 
2 492 1963 
6 1186 1466 5140 5339 5562 5978 
4 150 2277 4150 5595 
1 1406 
3 3546 3649 5410 
3 1943 3993 5636 
2 1534 3816 
3 1114 2116 4608 
1 2084 
0 
2 3098 3817 
3 1493 1588 2399 
2 951 4324 
2 1134 5824 
3 526 1816 4512 
2 3113 5381 
2 509 5411 
2 1529 4667 
4 413 746 4170 4999 
4 210 416 936 5521 
1 4674 
4 41 3065 3580 5742 
5 1790 2846 3600 4126 4416 
3 3517 4211 5725 
3 2531 2868 3775 
2 946 5572 
1 1149 
1 375 
1 2419 
3 331 3465 5437 
1 3650 
0 
3 1761 4065 5896 
3 410 1484 5672 
4 2176 3268 4894 5321 
2 506 4456 
2 2454 4560 
1 568 
1 4339 
0 
2 226 1198 
4 425 1257 2871 4127 
2 4251 5681 
4 1662 3109 3483 5622 
4 194 1963 2255 5523 
1 3036 
4 424 4081 4492 4795 
2 799 1318 
3 277 1078 5397 
1 1112 
3 4116 4318 4940 
3 5051 5637 5707 
4 1767 2201 3651 5613 
4 1319 1595 1858 5248 
5 599 2133 2292 2357 4370 
1 1118 
1 3939 
5 76 1110 2466 2477 5001 
5 1738 3925 4484 5169 5339 
1 472 
8 59 84 1288 1324 2106 2513 2722 3238 
2 573 5204 
3 3448 4438 4817 
4 831 1539 2328 5965 
2 3249 4908 
5 197 794 1483 4226 4746 
3 805 2334 5575 
4 1182 2066 2988 5621 
5 1209 2386 4265 4818 5891 
0 
3 4485 5048 5773 
2 1504 3986 
1 196 
4 2256 3574 5155 5947 
4 1513 2185 2412 5190 
1 1255 
2 5138 5321 
2 2192 5768 
3 898 1549 2726 
0 
4 1652 3111 3384 3751 
2 3737 5048 
3 406 3762 5482 
4 3749 4808 4950 5883 
2 36 4061 
3 2807 5358 5427 
2 4898 5446 
0 
2 50 5908 
3 1291 2514 4624 
2 1372 2728 
0 
5 288 3859 4837 5442 5750 
3 1435 2347 5996 
3 1557 1926 4384 
0 
2 2710 5015 
3 936 3057 3216 
3 1999 3902 4090 
2 522 2051 
1 215 
2 3937 4020 
3 289 917 5603 
3 1628 2315 3023 
1 611 
2 2381 4241 
2 4196 5522 
5 398 748 3560 3816 5908 
1 1278 
1 3284 
1 1459 
2 581 5612 
3 3824 4318 4541 
2 2508 3381 
2 1182 1907 
1 5759 
3 2633 3631 3940 
3 4191 4879 5861 
3 468 3393 3852 
1 639 
1 3800 
4 175 268 1877 3378 
4 715 2192 2431 3736 
3 3919 5841 5924 
4 736 901 2595 5082 
3 2473 2819 5869 
2 391 3482 
4 2420 3837 4020 4858 
4 2996 4345 4525 5085 
0 
4 38 3013 4500 5506 
4 457 1132 2068 3413 
1 3202 
3 1316 1910 2412 
3 194 3704 4047 
4 463 1763 3501 5341 
2 3064 3448 
2 5621 5925 
0 
1 4110 
1 5223 
0 
4 136 811 1565 2909 
2 686 2376 
1 1253 
0 
2 2691 3350 
0 
2 3656 3729 
1 1265 
2 3500 5451 
2 1477 4205 
2 4433 4858 
2 5007 5777 
3 366 4391 5008 
5 211 346 1581 4734 5593 
3 1578 2140 4236 
1 4051 
3 1581 2876 4382 
1 720 
4 23 136 2707 2964 
1 37 
5 837 1475 2040 3879 4962 
1 2365 
4 221 3563 4033 4763 
1 5024 
0 
2 3203 4658 
2 47 2321 
3 645 909 1879 
3 2577 4389 5810 
2 3817 5947 
3 787 5149 5591 
1 4182 
2 1593 3078 
4 766 1960 3575 3577 
3 1455 1681 3196 
3 2303 2852 2917 
2 1608 3717 
1 485 
3 3066 5428 5662 
3 1015 3798 4336 
1 288 
1 4863 
1 1944 
3 234 2536 2650 
1 1405 
3 857 3521 5768 
4 3060 4214 5332 5935 
7 1039 2248 2681 2746 4969 5430 5685 
0 
1 3155 
3 102 3279 4263 
1 4992 
2 230 3185 
5 439 463 977 1161 5995 
5 1042 1073 3566 3930 4170 
3 2547 4926 5533 
5 863 5047 5219 5647 5757 
1 5509 
2 799 3648 
3 539 1494 2606 
0 
2 2145 5640 
0 
1 4237 
1 11 
3 1729 5723 5970 
2 1630 1997 
5 1730 2146 3695 4019 4813 
0 
3 330 5897 5913 
4 1608 2952 3544 5115 
5 281 1094 3128 3875 4403 
3 2990 4197 5382 
2 1023 3279 
1 4347 
1 4186 
0 
2 1101 4005 
2 854 5824 
0 
1 4986 
2 3731 4651 
2 920 4104 
2 3165 4902 
3 735 1316 4410 
3 1036 1991 4227 
4 841 3189 3243 3279 
2 1877 2401 
3 1619 2281 2332 
2 1 1920 
2 2795 3829 
3 1580 1827 3794 
1 2361 
1 2244 
1 3372 
4 5 43 202 831 
1 120 
5 1319 1991 5274 5369 5937 
4 337 1150 3060 5740 
2 229 2798 
2 571 4181 
2 2865 3466 
1 4412 
3 1083 3977 4428 
3 1668 2018 5193 
3 2215 3761 5889 
2 4499 4507 
3 394 492 5150 
0 
3 717 2304 4706 
0 
2 4669 5331 
6 790 2256 3376 5520 5583 5790 
3 1000 1194 3025 
4 1528 2881 4570 4587 
5 3163 3333 3551 4606 5110 
4 746 2993 4195 4377 
4 864 1266 2579 2582 
4 608 771 1037 3148 
0 
4 472 620 980 4318 
0 
3 1230 5843 5859 
2 542 5166 
3 460 2238 3541 
4 492 2059 5045 5966 
2 2064 5199 
2 1319 5529 
1 726 
3 2254 5442 5693 
4 352 796 1794 5266 
2 2835 5834 
5 413 796 1781 4216 5847 
0 
2 1811 5292 
4 1125 2546 4557 5844 
0 
0 
0 
0 
3 1228 1648 4208 
0 
1 1306 
0 
4 1478 4399 4737 4961 
1 1837 
2 1920 4928 
5 1251 2195 3870 4641 5834 
2 3426 5893 
5 383 4513 4620 4887 5687 
3 216 1167 4709 
0 
7 1518 2421 3125 3380 3716 3769 4587 
1 2645 
5 730 1435 2615 3130 3263 
2 1715 2397 
8 1158 1612 2293 3385 3844 3937 4431 5233 
3 927 1867 5695 
1 3802 
2 1985 3208 
1 5356 
1 2836 
2 105 805 
1 4289 
2 1150 2752 
5 2698 3138 3785 4336 4684 
2 5277 5298 
2 767 4904 
4 435 1103 2904 3580 
2 1566 2149 
4 837 1438 1493 2393 
4 557 2222 2292 5653 
4 93 2722 3919 4798 
1 1212 
4 375 479 3135 4087 
5 2551 3196 3376 3754 5286 
3 372 1506 5293 
4 293 5121 5412 5817 
1 5433 
4 956 3835 5638 5992 
2 1116 2325 
2 3046 5860 
1 542 
3 1512 3339 3399 
2 4298 5602 
3 3130 4915 5781 
5 707 2190 3340 3852 5943 
2 2932 4020 
2 1327 3089 
4 1910 2433 4170 4767 
1 3965 
5 70 123 1649 2260 4928 
6 697 879 1818 1899 5521 5931 
4 958 3093 3149 4599 
4 283 309 3018 4577 
2 1306 1932 
2 5658 5677 
4 877 2686 3270 4261 
2 1937 2849 
3 170 454 1888 
3 1644 2158 2729 
2 4799 5781 
1 4719 
2 2384 4812 
3 177 3848 3902 
1 2229 
3 1229 1267 2663 
4 786 1898 3113 4370 
2 1787 5452 
6 74 1549 2965 3057 3746 5056 
3 1197 3322 4656 
3 1939 2263 5028 
6 750 1391 3558 3627 4004 5693 
2 5146 5707 
3 444 684 4882 
1 4765 
1 3856 
2 2511 2944 
4 41 1019 1256 4562 
5 897 955 1372 2390 5904 
1 2245 
0 
2 216 3766 
3 2471 3356 5758 
5 1318 2095 2469 3208 5178 
2 2753 5809 
1 4417 
1 3285 
4 705 2071 5297 5976 
4 715 1091 2754 3033 
5 604 2087 2105 5436 5483 
1 5898 
4 43 1762 1932 5331 
2 1588 2489 
2 4092 4955 
3 5643 5741 5965 
4 2115 3028 3115 5012 
1 786 
3 1014 2486 3765 
0 
2 4224 5266 
4 2431 4849 4954 5031 
3 1108 4271 4535 
2 2527 5373 
1 2503 
2 2557 2605 
1 2053 
0 
1 1172 
4 3080 4199 4627 5094 
3 599 2218 5204 
2 176 1765 
0 
3 3684 5633 5947 
3 1470 2694 5837 
1 2140 
1 2430 
3 417 1984 4859 
4 506 3295 3317 5777 
1 4285 
3 702 5231 5338 
2 3759 4727 
6 102 421 531 1123 1669 4207 
2 1593 4714 
3 2817 3245 5940 
1 941 
3 401 2285 5571 
2 272 2960 
1 3734 
1 2274 
4 674 2486 4283 5170 
3 992 2893 4213 
2 1611 2700 
0 
4 624 2533 3284 5519 
5 543 2551 3279 3285 4882 
1 1448 
2 1245 4936 
1 2659 
0 
2 1764 5891 
5 615 2229 2318 4376 4545 
0 
2 4681 5765 
2 4801 5663 
1 3437 
1 409 
1 3452 
2 2 1 2 2 1 1 1 2 2 4 2 3 2 3 1 2 1 3 1 1 1 1 1 1 1 1 1 1 1 3 1 1 1 1 1 1 1 2 1 1 1 2 2 1 1 4 2 2 1 3 4 3 1 2 1 1 2 1 1 2 1 2 1 1 1 3 1 3 2 1 1 2 1 2 1 3 1 1 1 2 1 1 1 1 3 2 1 1 2 4 2 1 2 2 2 3 2 2 1 1 2 3 1 2 2 1 1 3 2 2 3 1 1 1 2 1 1 1 1 1 1 1 1 1 1 2 1 3 3 2 2 2 3 1 2 1 3 3 1 1 1 2 2 1 2 1 1 2 1 2 2 1 2 1 1 2 2 1 2 2 2 1 1 2 1 1 1 1 1 3 1 3 1 1 2 4 1 1 1 3 1 1 3 2 2 2 1 2 1 1 3 1 2 2 2 1 3 3 1 1 2 4 2 3 3 2 2 2 3 1 1 2 3 1 3 4 2 1 3 2 2 2 2 1 1 2 1 1 1 2 1 2 1 1 2 1 4 1 1 1 1 2 3 1 3 2 2 1 2 2 1 1 2 2 1 2 3 1 1 1 1 1 2 1 1 2 1 3 1 1 2 1 2 4 1 3 3 1 3 1 2 1 2 2 2 2 2 2 2 2 2 3 3 3 3 1 1 2 1 1 1 2 1 1 2 2 3 2 1 1 1 2 2 4 2 1 1 1 4 1 1 2 1 1 1 1 1 1 1 1 2 1 3 2 2 1 1 1 2 1 1 2 2 1 1 3 2 2 1 1 2 2 2 1 4 1 1 2 3 1 2 2 3 2 1 2 2 1 4 2 3 3 1 1 1 1 2 1 1 2 2 1 1 1 2 1 1 2 1 4 2 4 1 2 1 2 1 1 3 1 2 1 2 1 2 2 3 1 1 1 1 1 1 2 2 1 1 2 1 3 1 1 1 3 1 3 1 1 1 2 1 2 2 2 1 1 2 1 2 3 1 1 1 1 2 1 2 1 2 1 1 2 1 2 2 1 2 2 3 1 1 2 1 1 2 1 2 3 2 1 1 3 1 1 1 1 1 3 1 1 1 3 3 2 1 1 1 1 3 1 1 3 1 2 1 1 1 2 1 1 2 1 1 3 2 3 2 1 1 1 1 1 1 2 3 1 1 2 1 2 3 3 2 3 1 1 1 3 1 1 2 2 1 2 2 3 1 1 2 1 3 2 1 3 2 1 3 1 1 3 2 1 1 1 1 4 1 1 2 1 2 1 1 1 2 2 1 3 1 2 2 1 3 2 1 1 2 3 1 1 3 2 1 1 1 1 1 2 3 1 1 1 1 1 2 1 2 1 1 2 2 2 1 1 1 1 2 1 1 2 3 2 1 1 1 1 2 2 1 3 2 3 4 1 1 1 2 3 3 3 1 1 3 2 3 2 1 2 2 1 2 1 2 2 2 2 2 3 2 1 2 3 2 1 1 1 1 2 1 1 3 2 2 1 2 1 1 1 2 1 1 1 3 2 2 2 1 4 1 1 1 1 1 3 1 2 2 3 1 1 4 1 2 1 2 2 3 2 1 2 4 1 1 1 1 1 2 2 1 2 3 1 1 1 1 1 2 1 2 3 2 1 1 2 1 2 1 2 2 1 2 1 3 3 1 2 1 2 1 2 1 1 1 1 1 3 1 2 1 1 1 2 2 2 1 1 2 1 1 3 3 4 1 2 1 1 2 1 3 2 1 2 2 2 1 2 1 1 2 1 1 1 1 1 2 3 1 1 3 1 2 1 2 1 1 2 2 3 3 1 1 1 1 1 2 2 2 3 2 2 3 1 2 1 1 1 1 1 2 1 2 1 2 1 2 1 3 1 3 1 1 3 1 1 1 1 1 2 2 2 1 1 2 1 1 3 2 1 3 2 1 1 1 2 1 1 2 1 1 1 1 1 1 3 1 1 1 1 2 1 1 2 2 1 1 2 1 3 1 1 2 2 1 1 2 1 2 1 2 4 3 1 3 1 1 2 2 2 2 1 2 2 2 1 1 3 2 1 4 2 1 2 3 2 2 1 2 1 3 3 2 4 2 1 1 1 2 2 1 1 1 3 1 1 1 3 1 3 2 2 3 2 2 2 1 4 3 1 1 1 2 2 4 3 1 3 2 2 1 1 2 1 1 1 1 1 2 1 2 1 1 2 2 4 1 3 4 1 1 2 1 1 1 1 1 2 1 2 1 2 1 2 1 1 2 2 1 1 2 1 1 1 1 2 1 1 2 1 1 3 1 3 2 1 3 4 1 1 3 2 1 1 2 1 2 1 2 1 1 1 1 3 2 2 3 1 1 1 2 4 1 1 1 1 2 2 1 1 2 1 2 2 1 3 1 1 1 2 1 2 1 1 2 1 3 1 2 2 1 3 2 1 1 2 3 1 3 1 1 3 1 2 3 2 1 1 1 3 2 1 1 2 1 1 2 2 1 2 1 2 1 1 1 1 2 1 2 1 1 1 1 2 1 2 4 2 1 2 1 3 1 2 2 1 3 2 1 2 1 1 2 3 3 1 2 1 1 1 1 1 1 2 2 1 1 3 2 1 1 3 1 2 2 1 2 2 3 1 2 2 1 3 1 3 1 2 2 2 1 2 3 1 3 2 2 1 2 1 3 3 2 2 2 1 1 1 2 1 1 2 1 2 1 1 2 1 2 1 1 1 2 1 1 1 1 1 1 1 2 1 1 1 2 2 1 3 1 3 3 3 2 2 2 2 2 1 1 2 3 1 1 2 3 1 3 2 1 1 1 2 1 1 1 2 3 2 1 2 1 1 1 3 3 2 3 1 1 1 1 1 1 1 2 1 1 1 2 1 1 1 1 1 2 2 1 3 2 1 1 1 3 2 1 1 1 1 2 1 2 1 2 1 2 3 2 2 1 1 2 3 1 1 1 1 1 2 3 2 2 2 3 1 2 2 3 2 2 1 2 4 2 1 3 1 1 1 1 1 4 1 1 1 1 1 1 1 1 2 3 1 2 2 2 2 2 1 3 1 1 2 3 3 1 2 1 3 1 1 1 1 1 1 2 1 2 1 1 1 1 2 1 1 2 2 1 2 4 4 1 3 2 1 2 2 1 1 2 2 2 2 2 2 2 2 1 1 2 1 2 1 2 1 1 1 1 2 2 4 1 2 2 3 2 1 3 2 3 3 5 2 1 2 3 1 2 2 1 1 2 1 1 2 2 3 3 3 2 2 1 2 3 1 1 1 2 3 3 1 1 1 1 3 1 1 1 1 2 1 3 3 2 2 2 1 1 1 2 1 3 2 1 1 1 1 1 2 1 1 3 1 2 4 3 2 1 1 2 1 1 3 1 4 2 1 2 1 2 3 3 1 2 2 1 2 1 2 1 3 1 2 1 2 3 2 1 2 3 3 1 1 1 1 1 2 1 3 1 2 3 1 1 1 1 3 3 2 1 1 4 1 2 3 1 1 1 1 1 1 2 2 2 2 1 2 1 2 2 3 1 2 1 1 1 1 3 2 2 1 1 3 3 1 1 2 3 2 2 3 2 1 1 2 3 1 1 2 2 2 2 1 2 1 3 2 1 2 2 1 1 2 3 2 1 3 1 2 2 3 2 2 2 1 2 1 2 1 1 1 1 2 1 1 2 1 1 1 1 3 2 1 1 2 3 2 2 2 2 1 1 1 2 2 1 2 1 1 1 1 1 1 1 1 3 2 1 3 2 3 2 3 1 2 2 3 4 4 2 2 2 3 4 1 4 3 1 1 2 1 1 3 1 2 1 1 3 1 2 4 2 1 2 3 2 2 2 1 1 1 2 2 1 2 1 3 1 1 3 2 2 1 1 3 4 1 1 1 2 1 2 2 1 1 3 1 2 3 1 1 3 2 1 3 2 3 1 2 1 1 3 3 2 1 1 2 1 1 1 1 2 1 1 1 3 1 2 1 3 3 3 1 1 3 3 1 1 2 1 1 1 2 1 3 1 1 1 1 1 1 1 1 1 1 2 1 3 1 1 2 2 1 2 1 1 2 4 3 1 2 1 3 1 2 1 1 1 2 1 3 1 1 1 1 1 3 1 2 1 2 1 1 1 2 2 2 1 1 1 3 2 2 1 3 2 1 1 1 2 2 1 1 3 2 3 1 4 1 2 1 2 2 1 1 2 1 2 3 2 1 4 1 2 2 1 2 1 1 1 3 1 1 3 1 1 2 1 2 1 2 2 1 1 3 3 2 1 2 2 3 1 3 1 3 1 1 1 1 2 2 3 1 2 1 1 2 1 1 2 2 1 3 2 1 2 1 1 1 2 2 1 3 2 2 4 2 1 1 2 2 2 2 1 2 2 2 1 3 2 3 1 2 1 4 2 2 2 1 2 1 2 3 1 2 2 2 2 1 1 2 2 1 2 3 3 1 2 1 3 4 2 1 1 1 1 3 2 3 1 3 1 1 2 1 3 1 1 1 1 3 2 3 2 4 2 1 1 2 1 1 2 2 2 2 1 1 1 1 3 1 2 2 2 1 1 1 1 1 1 2 3 2 2 1 2 2 1 2 2 1 1 1 1 3 1 2 3 3 1 2 2 1 1 1 2 1 2 1 2 1 2 3 3 1 2 2 3 2 2 1 1 3 2 2 3 3 2 1 1 3 2 1 1 1 3 2 1 1 3 1 1 1 2 2 1 1 2 1 1 3 2 1 1 2 3 2 3 1 1 1 1 1 1 1 1 1 3 1 2 2 2 2 1 1 3 1 1 2 1 1 1 1 1 1 1 3 3 2 2 1 3 1 1 3 1 2 2 2 1 2 2 3 1 2 3 1 1 1 1 1 3 1 3 1 2 1 1 1 3 2 1 2 2 1 1 2 2 3 2 1 1 2 1 1 1 3 1 2 1 1 1 2 1 1 2 1 2 3 1 2 3 2 1 2 1 1 1 1 2 1 1 2 1 2 2 2 1 1 2 1 1 2 1 2 1 1 1 1 1 3 1 1 3 1 3 1 2 1 1 2 2 2 1 1 3 2 1 1 1 2 2 2 2 1 1 2 2 1 1 2 1 2 1 1 1 4 4 1 2 1 1 1 1 1 3 1 2 1 1 1 2 3 1 1 1 2 2 2 2 3 2 2 3 1 1 1 2 1 2 1 3 1 1 2 1 1 3 3 1 2 2 1 3 3 1 2 1 1 1 1 2 1 3 1 1 2 2 1 3 2 1 1 3 1 2 1 2 1 2 1 1 2 1 1 2 2 2 2 2 1 2 1 2 2 2 2 3 3 2 1 2 2 3 1 3 2 1 1 3 2 3 3 2 1 1 1 4 1 1 2 1 1 2 1 1 2 2 4 4 1 1 1 2 2 1 3 2 3 2 1 1 4 2 1 1 2 1 2 1 1 3 1 1 1 1 1 1 1 2 3 3 3 2 2 1 3 2 1 2 2 2 1 2 2 2 1 1 2 1 1 1 2 2 2 1 2 3 3 2 2 3 1 2 4 1 2 1 1 1 1 2 1 2 1 2 1 1 3 1 2 1 1 1 1 1 1 1 2 2 1 3 2 1 1 1 1 1 1 2 3 1 1 2 2 1 2 1 3 2 2 2 1 2 1 3 1 3 1 1 1 2 1 1 4 2 2 1 2 2 2 1 3 1 2 1 2 2 2 3 1 1 1 1 1 3 2 2 1 1 1 1 1 1 1 1 2 1 3 1 1 2 1 1 3 2 1 1 2 4 2 1 1 3 1 1 2 1 1 1 1 2 1 3 1 1 1 1 2 2 2 3 1 1 1 2 1 1 1 1 1 1 1 2 3 3 2 1 2 2 1 1 2 1 1 1 1 1 2 1 1 1 1 2 3 1 2 1 2 2 1 1 2 2 2 2 1 1 1 1 1 2 2 2 3 2 1 1 1 2 4 3 1 1 3 2 1 1 1 3 2 2 1 1 1 1 1 1 1 1 1 3 1 1 3 2 1 3 1 2 2 3 1 3 2 4 2 2 2 1 1 4 1 1 1 3 3 1 2 1 1 2 1 2 2 1 2 1 1 2 3 3 2 2 3 1 3 1 1 1 1 1 1 1 1 1 2 2 1 2 1 2 2 2 1 2 2 3 1 4 2 1 2 1 3 1 1 3 3 1 3 2 1 1 1 1 2 2 3 2 1 1 2 1 1 1 1 1 4 1 1 3 3 2 1 2 1 3 2 3 1 1 1 1 1 3 1 2 1 2 1 1 2 1 1 4 1 1 2 1 1 1 1 1 1 2 2 1 2 2 1 2 3 1 2 2 1 1 1 1 3 3 1 2 1 3 1 1 2 2 1 2 1 2 1 1 1 1 2 2 3 3 2 1 3 4 1 1 3 2 1 1 1 1 2 1 1 1 3 2 3 1 3 1 1 2 1 2 1 1 2 2 2 2 1 1 3 1 1 1 4 3 2 3 1 2 2 1 1 1 1 1 1 3 2 1 2 2 2 1 2 4 1 2 3 1 2 1 3 1 1 1 1 2 2 2 1 1 1 1 1 1 1 1 1 1 1 1 1 3 1 3 2 1 1 2 1 1 2 2 1 2 1 1 1 1 1 1 3 2 1 1 1 2 2 1 1 1 1 1 1 2 1 3 2 3 1 2 2 2 2 3 1 1 3 2 1 4 1 1 2 1 1 2 2 1 1 2 3 1 1 1 1 3 4 1 1 1 1 1 1 2 3 1 3 1 2 1 2 2 1 1 1 2 1 3 1 2 1 1 3 2 1 3 1 1 1 1 4 1 1 2 1 2 1 3 1 1 2 2 4 1 1 2 1 2 1 3 2 2 2 1 1 1 2 4 2 1 2 1 1 1 1 1 1 1 3 2 3 3 1 1 1 4 2 1 2 1 3 1 2 1 1 1 3 2 2 3 1 2 1 1 1 1 3 3 2 1 1 1 2 3 1 3 2 1 1 3 1 1 2 1 1 3 1 1 2 3 1 3 2 2 2 2 1 1 3 1 2 3 1 3 1 2 1 3 1 1 1 1 1 1 1 1 2 1 1 2 2 1 3 1 1 1 2 1 1 1 2 1 1 1 2 2 1 1 2 2 3 1 2 2 1 3 1 1 1 1 1 1 1 2 1 1 4 2 2 2 2 2 3 3 1 2 1 4 1 1 2 1 3 4 1 1 2 1 1 1 1 1 2 3 3 1 2 3 2 1 3 1 3 1 1 1 2 2 1 1 1 2 3 1 1 1 1 1 1 1 3 2 1 3 3 2 1 1 1 1 1 1 1 1 3 2 2 2 1 2 2 1 1 2 1 2 1 1 3 2 1 2 1 2 2 1 3 2 3 1 3 2 2 3 1 2 1 1 2 1 1 1 2 1 3 3 2 1 1 2 1 1 2 3 3 1 2 2 1 3 1 2 2 1 2 1 1 1 3 2 2 2 1 2 1 1 1 1 1 2 1 1 4 1 3 2 3 3 1 1 2 2 3 1 3 1 2 2 1 2 3 1 1 3 1 2 1 2 2 1 2 3 2 3 2 2 3 2 1 1 3 2 1 2 4 1 2 3 1 1 2 1 1 2 1 1 2 3 1 2 2 1 1 1 1 1 3 1 3 1 4 1 2 1 3 3 1 1 1 3 1 2 3 1 1 1 1 2 2 2 2 1 2 3 1 1 3 1 2 2 3 1 1 3 3 1 1 3 2 1 1 1 1 2 2 1 1 1 1 2 1 1 2 1 1 1 1 1 1 2 1 1 1 1 3 2 2 4 1 1 1 1 2 3 1 1 2 1 1 2 1 1 1 3 2 1 1 1 2 2 1 1 1 1 2 2 1 3 2 3 2 1 2 2 1 2 2 2 2 1 1 2 1 3 2 1 1 1 1 1 2 4 2 1 1 4 2 1 1 1 1 2 1 2 2 1 2 1 3 1 2 2 1 2 3 2 1 2 2 2 3 1 1 1 2 3 1 1 2 1 1 4 1 3 1 2 2 1 2 1 2 2 1 4 3 3 1 1 2 3 3 1 1 1 1 2 1 2 1 1 1 1 2 1 1 1 2 2 1 1 3 3 2 1 3 2 1 1 1 2 3 2 1 1 3 3 2 1 1 2 1 2 3 1 1 1 1 1 2 3 2 2 2 2 3 2 1 1 1 3 3 1 3 2 1 1 1 1 2 3 1 1 2 1 1 1 2 1 3 2 2 1 3 2 1 1 3 2 2 3 1 1 4 2 2 1 1 2 2 2 1 1 2 1 4 2 1 1 2 1 1 3 1 3 1 1 2 1 1 1 1 2 2 2 1 2 1 2 3 1 3 3 1 2 3 1 2 2 3 4 2 1 1 1 2 1 3 1 2 3 1 1 1 3 2 1 1 2 1 1 2 1 1 1 1 1 1 1 3 1 2 1 2 1 1 2 1 1 3 1 1 1 1 1 1 1 2 1 1 2 2 1 1 2 2 1 1 3 2 3 1 2 1 3 1 3 2 1 1 1 2 4 3 1 3 1 1 3 3 2 2 1 1 1 2 2 1 1 1 1 2 1 1 1 2 1 1 2 1 1 1 1 3 1 2 1 1 3 2 1 4 1 2 2 2 2 1 1 1 2 3 2 1 1 3 3 1 2 2 2 3 1 2 3 2 1 2 3 1 1 1 1 2 1 1 1 1 3 3 1 3 3 1 2 1 1 2 3 3 1 3 2 2 3 1 2 1 1 1 2 3 1 2 3 3 2 1 1 2 3 3 2 1 3 1 1 1 1 1 1 2 2 2 1 2 1 1 2 2 3 2 1 1 1 1 4 2 1 2 3 2 2 2 1 2 1 1 1 2 1 1 1 1 2 2 2 3 1 2 1 2 3 1 2 3 1 1 2 2 1 2 3 1 2 2 2 4 2 2 2 3 2 1 4 1 2 1 2 1 1 1 2 1 1 2 2 1 2 1 1 1 3 1 3 3 1 3 2 1 1 2 3 1 3 1 1 2 3 4 1 1 3 1 2 2 1 2 3 2 1 1 3 1 1 2 2 1 3 2 1 2 2 1 3 2 3 1 1 2 1 1 1 2 1 2 1 2 2 1 1 3 1 2 2 1 2 1 2 2 1 3 2 1 2 1 2 3 1 2 1 2 2 1 1 4 1 2 1 1 2 1 1 2 4 2 1 1 1 1 1 2 1 3 1 3 1 2 1 1 2 2 1 1 2 2 1 3 4 2 1 3 2 2 2 2 1 2 2 1 1 2 1 1 3 3 1 3 1 2 1 2 1 2 1 2 1 3 4 1 1 2 2 1 1 3 1 3 1 1 1 3 2 1 3 1 1 1 2 3 1 4 3 3 2 1 1 3 1 1 1 1 3 1 1 2 1 2 2 2 2 2 1 2 2 2 2 2 1 1 2 2 1 2 2 3 1 1 3 1 1 2 1 1 1 1 1 2 2 2 1 4 1 1 1 1 2 3 1 1 1 1 1 1 1 3 1 1 2 1 2 1 1 1 1 3 2 2 4 1 1 1 3 1 2 2 1 2 3 2 1 3 1 1 1 1 1 1 1 2 1 1 2 3 2 3 1 1 2 1 4 2 1 2 2 1 3 3 1 2 3 1 2 3 1 1 2 1 2 2 2 2 1 1 3 3 1 2 1 1 2 1 1 3 1 2 1 3 2 3 3 1 2 2 2 2 2 1 2 3 1 2 1 1 1 2 1 1 1 2 2 1 2 1 2 3 2 2 1 3 3 2 1 2 1 1 1 1 2 2 1 2 2 1 1 1 1 2 1 1 1 1 2 1 3 1 1 3 3 2 2 2 2 1 3 3 2 1 1 1 2 1 1 2 1 2 1 2 2 2 2 1 1 3 2 2 1 2 2 3 1 1 1 2 1 1 1 1 1 3 1 1 2 2 1 1 3 3 1 2 2 1 2 1 3 1 3 3 3 2 1 2 1 1 1 1 4 1 1 1 1 1 2 3 2 1 1 1 3 1 1 1 2 1 2 2 1 2 1 2 2 3 1 2 2 2 4 1 3 1 1 1 2 1 2 2 1 2 1 3 2 1 1 2 1 2 2 1 4 1 1 1 1 3 2 1 1 1 3 1 2 1 1 4 1 1 1 2 3 1 2 1 3 1 1 1 4 1 1 4 3 2 2 3 2 3 1 2 1 1 1 1 3 2 1 1 1 1 1 1 2 1 1 1 2 1 2 1 2 2 1 1 2 1 1 2 2 1 1 2 1 1 3 1 2 1 2 3 1 2 2 2 1 4 1 3 1 1 2 2 2 1 2 2 2 3 1 1 2 2 1 2 2 1 1 2 1 2 1 1 2 1 1 1 2 1 3 2 1 2 1 1 2 1 2 1 2 1 2 2 1 3 1 3 2 2 1 1 3 1 2 4 1 1 1 1 1 1 1 2 1 1 1 2 2 2 2 1 1 1 1 2 1 2 2 1 3 1 1 2 1 2 1 1 2 1 1 2 1 1 2 1 3 2 3 1 3 1 1 1 1 2 1 3 2 2 3 1 1 1 2 2 3 1 2 3 2 2 1 2 2 1 1 1 1 1 2 1 1 1 2 3 2 4 1 1 1 2 2 3 1 3 2 3 1 1 3 1 2 1 1 3 1 2 2 3 1 2 1 1 2 2 2 1 2 1 4 1 1 1 1 1 1 1 1 1 1 1 2 1 1 1 3 1 1 2 1 1 1 1 1 1 2 1 2 1 1 1 1 3 2 1 2 1 2 1 2 1 2 3 2 2 2 2 1 1 3 1 1 2 2 2 1 1 1 1 1 3 1 1 2 2 1 1 1 2 2 3 1 3 1 1 1 1 2 1 1 2 1 1 3 1 1 2 1 1 2 3 2 1 2 1 3 2 2 1 1 1 3 1 2 2 3 2 1 2 2 1 1 4 2 1 2 2 1 1 2 2 2 1 2 1 3 1 2 1 3 1 3 1 1 2 3 1 1 3 4 2 2 3 1 3 2 1 1 4 2 2 2 1 3 1 1 2 2 1 1 1 1 2 2 1 2 1 1 1 1 1 1 2 2 4 1 1 3 2 1 2 2 3 1 1 1 4 1 1 1 1 3 1 1 2 1 2 1 3 1 2 2 1 2 2 1 3 1 1 1 2 3 2 2 1 2 1 2 1 1 1 1 1 1 2 2 2 1 3 2 1 2 2 2 2 2 1 1 1 1 1 2 2 1 1 3 1 4 1 2 1 1 1 1 1 3 2 1 1 3 3 2 1 2 1 1 1 2 2 1 1 2 2 1 2 1 3 1 2 1 1 2 2 2 2 2 2 3 1 2 1 4 1 2 2 2 1 1 1 1 3 1 3 1 1 2 1 2 2 2 1 2 1 1 1 1 3 1 3 1 2 1 1 4 3 1 3 1 1 3 2 2 1 2 2 3 2 3 3 3 2 1 1 1 2 2 3 3 2 1 2 1 1 3 3 1 1 2 1 1 2 2 1 2 1 1 1 1 2 1 1 2 1 1 1 1 4 1 2 1 1 1 1 1 1 4 2 1 2 1 1 2 1 3 1 2 2 2 1 2 1 1 2 1 1 3 4 1 1 2 2 2 1 1 3 1 1 1 1 1 1 1 3 1 3 3 1 1 3 2 1 1 3 4 2 3 1 1 1 1 1 2 1 2 2 2 3 3 2 1 1 1 2 3 2 1 1 1 2 1 1 1 2 3 2 1 3 3 2 3 1 2 1 1 2 1 1 2 2 1 2 1 3 1 2 2 1 2 2 2 3 1 1 2 1 1 1 3 2 3 2 1 1 3 4 2 1 2 1 3 1 1 1 1 1 1 1 2 3 1 1 1 1 3 2 1 3 2 1 2 3 1 1 1 1 1 3 1 1 4 1 1 2 3 2 3 2 4 1 1 3 1 1 2 1 2 3 2 1 1 2 2 2 1 2 1 2 3 3 1 1 3 2 1 2 1 2 1 2 1 1 2 1 3 1 3 3 1 1 3 1 1 2 1 1 1 1 1 1 4 2 1 1 2 2 1 3 3 1 3 1 1 1 1 1 1 1 1 1 1 2 1 3 2 3 2 2 2 1 2 1 1 1 1 2 2 2 1 1 1 1 3 1 1 1 1 1 3 1 2 4 4 2 3 2 2 1 1 1 3 1 3 1 2 2 2 2 2 1 1 1 1 1 2 1 1 3 3 1 1 1 3 2 2 2 2 1 2 2 1 4 1 1 1 2 1 1 1 4 1 3 3 2 1 3 3 3 2 1 1 2 2 1 1 1 2 3 2 3 3 2 1 2 2 2 2 2 1 1 1 1 1 1 1 1 2 1 1 3 1 2 2 1 1 2 1 3 2 1 1 2 1 2 1 2 3 3 2 2 1 2 1 1 1 1 3 1 1 2 2 2 5 1 1 2 1 1 2 1 1 1 2 1 1 1 2 1 2 2 1 5 2 2 2 1 3 1 1 2 1 1 4 1 1 1 1 2 2 3 2 1 2 2 2 1 2 2 1 1 1 1 1 3 2 2 1 2 2 2 1 1 2 2 2 1 1 1 1 3 2 1 1 1 1 1 2 1 1 1 2 1 1 1 1 1 3 2 1 1 1 1 2 3 1 2 1 2 2 1 2 2 1 3 2 2 2 1 1 1 1 3 3 1 2 2 1 1 1 3 4 2 1 1 1 2 2 2 1 3 1 2 4 4 1 1 4 2 1 2 1 1 3 1 2 3 3 1 1 1 3 2 2 1 1 2 1 1 1 3 2 1 1 2 1 3 1 1 3 2 1 1 1 4 1 1 2 1 1 1 1 1 1 1 3 2 4 2 2 1 1 1 1 1 1 3 1 1 1 1 4 3 1 3 2 1 3 3 1 4 1 1 1 1 2 1 2 1 1 2 1 2 1 1 1 1 1 2 2 2 3 2 1 1 2 2 2 3 1 3 2 2 1 1 1 1 1 1 1 3 3 3 1 1 2 2 3 2 2 2 2 1 1 1 2 2 1 2 3 1 2 1 2 3 3 2 1 2 1 1 3 1 2 1 1 1 2 2 3 1 3 1 4 2 1 1 1 1 2 1 1 2 1 1 1 3 3 2 2 2 1 2 2 1 1 1 3 2 4 2 2 3 2 2 2 1 2 1 1 1 1 1 1 3 2 1 1 2 2 3 1 1 1 3 1 3 2 1 1 1 3 1 2 3 1 2 1 1 1 1 1 3 1 1 1 2 1 1 2 2 3 1 1 4 2 2 2 2 3 2 2 1 1 1 1 2 2 1 1 2 1 3 3 4 2 3 1 1 1 1 2 1 1 1 1 2 2 1 1 2 4 2 2 4 3 3 1 2 4 1 1 1 1 1 1 3 1 1 1 2 3 1 2 3 1 2 1 1 2 2 3 1 1 1 3 2 1 1 1 2 2 2 2 1 1 1 1 3 1 2 1 1 1 2 2 1 2 1 1 2 2 2 2 1 2 1 1 1 2 1 1 2 2 4 2 1 1 1 2 1 1 1 1 3 1 2 2 2 2 1 1 3 3 1 1 2 2 2 1 
