m 1600
1 1064 
1 30 
2 160 467 
2 1374 1521 
2 1147 1346 
3 20 704 1374 
0 
2 897 1251 
0 
4 479 926 1203 1258 
3 251 467 922 
0 
3 543 865 1185 
0 
1 344 
3 318 463 880 
5 174 437 1068 1153 1191 
3 125 969 1112 
5 175 420 466 790 1368 
3 40 428 1232 
4 5 167 253 1465 
1 1008 
4 368 376 822 911 
2 1012 1500 
3 986 1040 1148 
2 870 1512 
1 1446 
3 387 1070 1139 
3 85 531 624 
7 121 127 153 407 753 1352 1551 
5 1 367 420 699 1053 
2 227 1087 
3 592 749 988 
1 753 
2 106 428 
3 696 750 947 
4 341 657 999 1008 
1 1159 
0 
3 44 350 747 
2 19 494 
3 143 298 361 
1 285 
1 291 
1 39 
2 657 1472 
3 443 477 993 
3 865 1183 1499 
2 1118 1219 
4 674 852 973 982 
2 704 1181 
1 1543 
3 294 1554 1564 
1 1007 
2 983 1154 
1 1468 
5 730 1374 1453 1475 1549 
1 1555 
1 1533 
2 169 398 
2 679 809 
3 575 605 735 
4 178 705 1338 1343 
5 73 304 612 777 911 
3 576 597 915 
4 109 414 893 1000 
1 1282 
4 518 945 1419 1460 
1 1192 
1 847 
3 752 976 1291 
0 
1 735 
2 63 1070 
3 132 295 710 
0 
5 287 485 733 1053 1202 
3 229 454 1270 
1 991 
5 154 420 537 860 1207 
3 97 314 908 
2 1438 1473 
0 
1 1190 
2 949 984 
3 28 94 140 
5 555 871 997 1367 1453 
5 453 589 831 1488 1552 
3 429 1040 1171 
5 339 499 869 1070 1412 
0 
2 273 425 
1 1342 
4 860 1018 1236 1339 
2 85 731 
3 532 745 1218 
1 1450 
3 80 540 669 
4 609 611 1065 1482 
2 1315 1334 
2 1045 1048 
0 
2 1073 1535 
5 131 722 1009 1117 1173 
3 316 533 1576 
3 374 845 899 
1 34 
2 700 1202 
1 1280 
3 65 462 1559 
4 172 517 521 1261 
2 534 1473 
2 1214 1369 
2 214 1181 
3 263 754 812 
1 218 
2 504 863 
2 874 1212 
2 295 1494 
3 305 370 563 
4 196 677 1200 1502 
4 29 415 633 1573 
1 1148 
1 282 
3 328 818 1001 
4 17 420 578 1486 
2 579 751 
3 29 478 1061 
1 551 
2 581 1231 
2 1186 1586 
2 103 1299 
2 74 737 
4 139 251 320 597 
3 786 1269 1291 
0 
2 176 1401 
2 341 555 
4 457 694 988 1576 
3 133 959 1024 
1 85 
2 816 1046 
1 1037 
3 41 1004 1071 
1 816 
1 563 
4 539 887 1219 1349 
1 348 
1 1067 
3 321 745 884 
1 582 
1 1046 
2 745 1100 
7 29 482 692 807 1047 1084 1403 
1 79 
0 
1 597 
0 
0 
2 1507 1511 
4 2 704 858 930 
3 219 437 787 
2 262 612 
3 914 1237 1482 
3 942 1086 1363 
0 
2 1147 1315 
4 20 913 932 944 
1 1219 
3 59 271 289 
2 1016 1058 
2 277 373 
5 110 180 341 486 1252 
2 1031 1229 
6 16 257 852 931 1384 1560 
2 18 1251 
5 136 460 960 1445 1458 
2 200 435 
4 62 540 1440 1576 
1 870 
1 172 
0 
2 509 1591 
1 1587 
2 1096 1130 
3 279 490 527 
1 259 
1 1517 
3 518 1175 1501 
2 1020 1293 
3 415 540 1236 
3 229 474 848 
1 333 
0 
4 511 528 1286 1415 
0 
4 120 478 702 806 
2 629 1291 
1 1582 
1 1496 
4 177 240 701 1341 
4 355 506 904 1122 
3 648 798 983 
3 716 1242 1391 
1 521 
2 1210 1448 
2 367 1401 
0 
0 
2 674 729 
2 620 635 
3 599 841 914 
2 273 1470 
2 887 1030 
1 113 
2 486 933 
2 1235 1466 
1 1002 
2 115 1494 
3 161 777 1338 
1 1405 
1 812 
2 397 672 
3 489 1046 1164 
3 983 1218 1475 
1 652 
3 364 1108 1567 
3 31 306 870 
0 
4 77 191 1051 1266 
0 
3 638 712 1496 
2 706 745 
1 455 
2 478 826 
3 318 788 1391 
3 272 305 1546 
3 490 668 1421 
2 1114 1328 
0 
3 200 880 1246 
2 447 1456 
3 909 918 1198 
0 
2 1306 1418 
2 704 1352 
3 706 924 1029 
3 693 1220 1382 
1 1144 
4 663 755 870 1558 
1 475 
3 10 133 1158 
1 1331 
3 20 468 567 
5 340 593 1371 1401 1479 
1 762 
1 1001 
1 174 
2 1299 1503 
4 186 493 908 1132 
2 500 1203 
3 656 1306 1420 
2 162 620 
4 114 858 954 1551 
0 
3 738 1025 1368 
2 324 849 
4 865 1358 1412 1426 
1 1005 
0 
3 329 1101 1431 
5 169 1040 1048 1062 1368 
5 236 325 602 1109 1299 
4 91 212 1488 1552 
1 1374 
3 842 1045 1170 
1 1074 
6 171 510 650 910 956 1331 
2 588 872 
2 185 1016 
5 657 788 1232 1375 1596 
1 838 
3 123 813 1521 
1 1280 
1 1531 
3 42 945 1342 
1 823 
5 76 429 602 1568 1589 
2 317 883 
3 169 1252 1272 
1 449 
4 43 479 1057 1268 
3 771 835 1125 
3 353 573 1381 
4 52 787 1278 1539 
3 74 118 742 
3 670 1281 1343 
3 419 647 917 
3 41 743 804 
1 380 
4 334 534 586 1282 
3 329 349 1517 
2 955 1224 
2 466 999 
2 63 906 
4 119 236 516 917 
1 227 
5 696 829 1158 1179 1351 
3 423 561 1085 
2 588 1049 
3 627 1252 1320 
2 664 1504 
2 574 1392 
1 869 
4 80 1156 1231 1473 
3 786 1141 1169 
3 104 1041 1559 
4 288 405 655 1445 
4 15 235 847 930 
0 
4 133 458 983 1281 
3 149 647 653 
2 780 1367 
3 1010 1198 1231 
3 266 454 522 
1 272 
1 885 
2 758 845 
1 124 
5 270 301 452 885 1292 
3 493 668 1351 
3 749 1095 1222 
2 831 965 
4 192 597 856 868 
1 300 
1 526 
1 1451 
2 656 1392 
2 900 1318 
3 89 495 913 
1 254 
6 36 137 172 479 888 1058 
2 630 1079 
3 594 1121 1355 
4 14 769 780 1590 
1 374 
1 350 
0 
3 147 651 1100 
2 301 462 
3 39 346 1424 
1 1330 
0 
3 293 408 962 
4 697 927 1277 1500 
4 201 818 994 1368 
2 1342 1510 
2 829 1586 
2 1042 1261 
1 567 
0 
4 41 554 1223 1341 
1 1303 
0 
3 226 1133 1218 
0 
2 570 1143 
3 30 206 604 
1 22 
3 662 909 1501 
4 119 591 821 1158 
0 
0 
2 171 1231 
3 105 345 935 
1 1182 
2 22 1476 
1 541 
2 1361 1563 
2 1095 1531 
4 299 776 815 1594 
0 
4 548 656 1019 1428 
2 473 1032 
7 389 410 808 1402 1513 1554 1574 
1 1028 
3 776 965 1240 
1 27 
2 1372 1482 
2 384 1129 
3 640 702 790 
4 443 951 1037 1084 
1 824 
2 1276 1413 
5 398 476 706 1251 1584 
1 1264 
5 757 888 1168 1297 1508 
3 222 673 1561 
5 59 394 647 1390 1561 
1 785 
3 514 929 1265 
3 848 1132 1414 
1 947 
1 782 
0 
3 317 454 1542 
3 1104 1123 1312 
2 29 939 
6 353 532 651 1080 1261 1531 
2 652 1294 
2 384 1415 
0 
3 513 760 1478 
2 1134 1583 
2 65 484 
4 121 190 1329 1427 
2 1416 1553 
2 561 573 
5 801 1001 1137 1426 1514 
4 297 1003 1162 1192 
6 18 30 79 125 764 1166 
3 997 1325 1489 
1 1144 
2 308 1369 
2 1316 1326 
2 91 1537 
0 
2 814 1456 
5 19 34 449 452 969 
3 88 287 512 
0 
0 
1 593 
1 499 
4 482 1010 1224 1352 
3 177 1207 1565 
1 441 
4 16 161 878 1337 
1 1156 
2 1376 1486 
4 898 939 1270 1357 
3 436 806 1273 
2 942 1149 
5 46 391 544 583 989 
1 522 
3 851 1255 1261 
0 
2 241 1054 
3 840 919 1470 
4 290 428 467 1425 
1 1100 
2 1004 1575 
3 329 428 1515 
3 87 668 1246 
5 77 324 405 1066 1083 
4 233 769 796 1439 
1 1379 
4 138 725 1438 1549 
3 320 665 707 
3 896 993 1368 
3 176 859 1287 
3 745 1237 1330 
3 109 349 711 
2 15 1098 
1 851 
3 657 840 1448 
5 18 303 525 799 1327 
5 2 10 449 839 1275 
1 253 
3 974 1095 1112 
4 647 904 975 1457 
0 
0 
1 383 
3 191 889 1389 
3 250 617 911 
4 394 537 836 1439 
3 46 919 1419 
4 127 196 234 913 
4 9 291 341 482 
2 705 958 
1 560 
4 153 434 479 534 
1 873 
4 414 556 766 1054 
4 76 527 1226 1596 
2 172 215 
2 568 1424 
1 721 
3 223 917 934 
3 185 237 998 
2 1093 1454 
1 1288 
2 259 330 
3 40 1072 1177 
5 339 774 941 1117 1289 
4 770 1045 1097 1513 
1 1198 
0 
3 89 433 1193 
1 260 
2 803 1513 
1 866 
4 658 1189 1261 1321 
1 116 
1 942 
3 201 1533 1577 
1 810 
1 1214 
3 182 760 1138 
2 277 754 
3 194 722 1067 
2 429 1049 
3 412 1121 1260 
3 400 839 1143 
1 1010 
4 305 565 1133 1517 
1 110 
4 67 188 1168 1545 
1 765 
1 857 
3 110 204 1550 
3 324 444 1015 
2 536 1209 
1 1513 
2 466 1320 
3 335 603 1314 
3 185 485 1016 
4 194 654 1210 1283 
1 1101 
0 
3 28 898 1160 
4 95 408 731 784 
2 104 1175 
6 111 300 482 721 772 1438 
1 1444 
4 523 642 954 1282 
2 79 476 
1 1251 
1 146 
5 97 178 190 1147 1362 
4 377 1269 1411 1434 
2 995 1178 
3 12 651 710 
1 443 
2 777 957 
3 978 988 1306 
2 920 1103 
2 382 1494 
4 783 1126 1372 1549 
0 
2 128 792 
3 735 946 1169 
2 667 867 
2 361 751 
6 86 137 1007 1055 1353 1388 
5 484 772 897 918 1385 
1 803 
2 1275 1466 
4 717 839 1131 1419 
1 481 
5 308 417 733 1099 1355 
2 897 1299 
4 119 145 892 1590 
0 
1 516 
1 1308 
2 253 359 
3 487 834 1491 
2 851 865 
5 366 683 1093 1130 1217 
1 871 
3 676 1185 1495 
5 293 417 597 870 1265 
4 312 1068 1422 1506 
2 61 1581 
5 64 885 890 980 1551 
1 814 
2 125 1446 
2 126 1387 
1 644 
3 129 700 943 
3 150 1181 1242 
2 443 709 
3 995 1264 1339 
1 1196 
2 300 1322 
3 883 1021 1102 
2 278 309 
1 87 
3 611 825 988 
3 370 709 1372 
1 32 
4 254 432 1046 1550 
6 343 766 841 1037 1042 1188 
2 757 1250 
1 1300 
7 64 133 156 333 573 809 1147 
3 636 733 1148 
2 211 1019 
1 1002 
1 987 
2 272 287 
3 526 847 1522 
3 367 740 961 
3 61 650 853 
1 860 
0 
1 1068 
3 98 1077 1378 
2 1143 1221 
4 98 590 759 1343 
5 63 162 847 867 1247 
1 794 
0 
2 893 1461 
1 1596 
2 475 665 
2 629 1496 
0 
3 210 262 1077 
2 1156 1496 
1 1448 
0 
4 28 1299 1322 1376 
1 631 
1 1346 
5 310 647 688 872 1164 
1 1367 
2 197 618 
2 342 800 
1 625 
1 821 
4 121 1093 1116 1418 
1 1158 
1 210 
5 598 711 857 933 1570 
2 787 1264 
1 231 
0 
2 390 1579 
0 
3 536 764 1122 
2 1252 1261 
4 580 676 1039 1514 
1 730 
0 
5 297 321 398 470 627 
1 202 
3 1418 1434 1482 
3 277 605 1140 
5 348 408 543 1052 1322 
2 225 409 
2 321 880 
2 528 939 
2 317 1049 
5 261 337 382 1543 1578 
4 36 45 280 465 
1 503 
2 1365 1450 
2 739 1180 
0 
3 369 1071 1248 
1 249 
4 311 1139 1342 1495 
2 458 617 
0 
4 553 1004 1248 1275 
4 237 330 453 1225 
2 97 1377 
2 296 922 
1 1240 
4 222 676 1380 1551 
2 397 1525 
5 49 209 681 793 1404 
4 872 1133 1513 1590 
4 572 644 672 1564 
3 120 1006 1269 
2 679 818 
4 60 678 816 1538 
0 
1 674 
4 1114 1118 1153 1155 
2 570 1489 
2 1006 1122 
4 838 1122 1460 1527 
1 1465 
1 713 
6 627 971 1067 1106 1468 1515 
1 1312 
3 1212 1374 1598 
0 
3 153 746 768 
2 247 1459 
5 138 869 994 1424 1527 
1 1453 
4 35 307 1201 1500 
2 354 967 
1 1163 
2 30 988 
3 107 581 848 
2 200 1199 
2 196 390 
3 801 856 1114 
5 5 50 160 245 1054 
4 62 480 817 1555 
5 232 246 394 1139 1590 
2 458 929 
2 1282 1377 
2 583 591 
2 74 543 
4 462 636 762 1344 
2 231 755 
1 687 
1 1466 
4 830 1028 1122 1473 
3 203 753 1234 
2 559 1595 
0 
0 
2 1173 1590 
4 488 534 948 1480 
3 103 511 1516 
1 1411 
0 
3 457 1101 1182 
0 
1 1275 
1 860 
2 209 1182 
5 56 645 853 1029 1270 
3 94 532 1357 
0 
3 76 561 598 
3 877 1013 1095 
3 61 72 552 
1 1545 
1 132 
3 265 1015 1084 
1 660 
2 604 972 
1 1439 
3 295 1384 1447 
2 298 1005 
1 750 
6 95 149 152 232 461 927 
3 692 1061 1533 
2 39 776 
1 843 
3 32 331 1110 
3 35 744 1132 
4 126 554 832 1057 
1 70 
4 29 33 716 1359 
3 114 510 1443 
2 249 712 
1 1376 
2 396 595 
3 327 927 1173 
1 611 
3 412 509 948 
3 1354 1376 1427 
2 255 711 
2 867 930 
4 420 642 782 1559 
3 519 814 881 
6 484 594 1094 1095 1415 1443 
0 
4 692 946 1063 1556 
6 344 455 1000 1007 1162 1407 
3 496 1190 1422 
1 292 
3 534 556 1247 
0 
3 495 828 1445 
0 
4 380 386 747 951 
6 63 219 545 799 843 1526 
2 811 1454 
2 1127 1270 
4 322 344 801 1465 
1 1425 
2 403 764 
3 549 997 1247 
2 532 1443 
1 399 
4 134 315 1311 1491 
5 161 294 637 881 929 
5 235 280 1093 1174 1371 
1 1245 
4 18 390 950 1304 
0 
1 551 
2 674 859 
4 613 1203 1229 1391 
0 
4 455 1047 1255 1418 
2 914 1228 
2 202 1282 
4 466 777 986 1398 
2 630 1226 
5 418 703 780 1228 1369 
0 
4 501 557 1138 1472 
2 298 1436 
2 949 1334 
3 196 441 863 
1 153 
3 384 1468 1531 
5 60 597 1194 1335 1502 
2 507 1243 
2 778 853 
2 114 221 
6 282 920 950 1092 1288 1505 
4 427 577 765 1410 
1 380 
4 141 144 679 1336 
2 705 1119 
3 124 355 678 
1 1012 
2 827 1010 
4 370 632 1393 1488 
1 22 
2 286 1495 
1 392 
2 590 1538 
3 234 917 960 
3 820 833 1567 
3 774 944 1190 
2 307 357 
3 715 901 1028 
3 87 332 1529 
1 751 
2 827 1533 
2 568 1262 
1 292 
2 476 1224 
0 
4 281 685 987 1096 
4 467 514 559 1546 
3 448 465 1015 
5 211 594 1002 1021 1506 
2 275 850 
3 748 777 1141 
1 1070 
4 105 327 1132 1502 
1 1315 
5 69 318 603 612 1283 
4 191 401 700 872 
3 266 897 1090 
2 842 1516 
4 445 464 569 1243 
5 49 174 1120 1446 1532 
5 605 730 811 994 1476 
0 
1 1562 
3 333 703 1244 
3 520 636 1565 
3 160 263 1536 
4 460 793 1331 1583 
6 79 93 606 728 1035 1526 
1 929 
1 1417 
2 116 806 
0 
6 12 47 267 569 963 1146 
1 502 
5 553 612 763 1020 1196 
1 333 
3 89 313 694 
6 25 179 227 249 573 1133 
4 86 571 1497 1503 
5 278 627 675 848 1159 
1 483 
2 117 1211 
0 
2 1086 1495 
1 734 
2 437 1371 
1 1337 
3 15 240 653 
2 765 787 
0 
3 288 587 1238 
2 149 1157 
3 326 329 576 
0 
3 146 213 1007 
2 341 396 
2 474 1519 
2 576 1541 
2 1093 1345 
2 563 1248 
4 65 615 976 1163 
3 1091 1124 1222 
2 1090 1355 
1 459 
5 7 556 562 849 1463 
3 440 531 1134 
2 105 1591 
1 338 
2 830 1331 
0 
2 914 1127 
3 201 470 1154 
1 1365 
1 304 
1 1322 
2 80 259 
3 242 369 1599 
1 277 
4 22 63 475 1554 
1 993 
3 167 339 478 
4 163 211 797 903 
3 64 1278 1569 
3 1022 1319 1323 
7 297 305 489 826 1047 1286 1580 
4 242 556 982 1296 
3 448 477 1444 
3 547 813 997 
0 
4 10 670 1197 1486 
1 1499 
2 246 1430 
2 1143 1184 
2 9 1584 
4 354 745 758 1589 
0 
4 400 707 787 861 
6 160 318 763 962 1300 1373 
2 174 1167 
5 167 1280 1362 1390 1431 
2 215 636 
2 489 1141 
2 374 962 
0 
0 
0 
3 407 440 654 
3 1288 1503 1558 
1 495 
3 164 442 505 
4 581 999 1177 1534 
3 167 828 1380 
4 67 285 1175 1243 
5 552 768 959 1309 1404 
4 35 402 1162 1549 
2 721 760 
2 84 805 
2 790 813 
3 391 776 1061 
2 988 1482 
0 
3 263 536 1250 
2 302 1337 
2 277 1502 
1 545 
3 480 1019 1450 
5 139 946 1162 1362 1399 
3 176 826 1216 
1 604 
3 353 930 935 
1 865 
1 1512 
4 332 386 1227 1328 
2 1066 1533 
3 697 1196 1321 
0 
2 17 428 
3 1032 1544 1575 
1 688 
2 740 1552 
1 49 
2 469 1161 
3 470 1178 1287 
3 70 893 1543 
1 1535 
3 546 1046 1096 
0 
2 576 1094 
0 
3 49 918 1368 
5 54 202 224 320 1560 
3 84 1295 1486 
1 1414 
3 24 799 1222 
6 601 838 1033 1075 1449 1527 
8 32 138 546 590 699 952 1023 1137 
1 443 
0 
1 78 
2 1178 1325 
3 46 459 912 
3 355 694 853 
3 542 584 1418 
0 
6 86 421 783 920 1009 1326 
2 490 1354 
4 36 303 943 1243 
4 65 769 1136 1336 
5 124 256 418 1210 1460 
5 217 600 841 1325 1531 
2 419 1052 
4 143 451 667 1386 
6 268 743 1046 1190 1337 1458 
2 677 684 
5 53 555 769 887 1171 
4 21 36 1489 1538 
2 103 997 
5 323 434 515 820 1053 
2 1045 1218 
3 23 819 1319 
1 734 
1 1175 
4 522 738 840 1432 
3 170 279 527 
0 
2 93 1583 
5 382 599 958 1079 1312 
3 189 867 1449 
2 587 841 
2 916 1525 
2 988 1343 
1 139 
4 265 1060 1269 1445 
1 1472 
2 1210 1381 
6 385 715 830 1235 1356 1366 
3 246 730 1103 
1 213 
3 173 1162 1302 
3 383 970 1173 
3 987 1460 1490 
2 1253 1444 
1 860 
0 
4 142 391 594 1584 
0 
3 644 1316 1552 
3 24 88 271 
1 316 
4 358 594 1104 1477 
1 1181 
1 1371 
8 100 275 496 1011 1170 1250 1408 1454 
6 141 151 223 593 978 1005 
3 153 796 917 
3 100 271 1533 
4 309 512 655 1417 
1 1252 
2 229 1076 
3 651 1003 1290 
3 30 76 1010 
3 447 484 704 
1 555 
1 1251 
3 291 751 1109 
3 170 341 1461 
0 
1 1025 
5 127 746 951 1331 1443 
1 271 
2 768 1385 
2 0 1362 
1 98 
2 454 966 
3 148 511 688 
4 16 574 608 1259 
1 1164 
4 27 73 89 844 
2 143 662 
2 494 1361 
2 102 1438 
1 276 
3 987 1434 1532 
1 1051 
3 609 620 1238 
0 
4 342 1019 1396 1491 
1 408 
1 1193 
0 
1 454 
3 153 391 738 
1 308 
2 164 876 
1 31 
1 1466 
0 
3 849 895 1526 
1 894 
2 813 1094 
5 491 570 633 788 891 
5 766 980 1092 1324 1552 
5 331 379 469 734 766 
3 184 838 978 
4 496 1296 1434 1442 
2 463 1253 
2 561 1558 
3 152 348 450 
4 270 529 725 1246 
2 587 1411 
2 547 1029 
2 406 1042 
0 
2 688 1442 
0 
3 226 1181 1579 
3 272 1057 1464 
2 749 1177 
2 1427 1498 
4 17 469 1187 1425 
0 
3 238 682 703 
1 1236 
1 633 
2 103 495 
2 48 682 
2 817 1449 
2 852 1143 
2 343 513 
6 201 642 684 685 715 1314 
3 406 1272 1412 
2 894 1339 
1 292 
3 549 1323 1328 
3 779 903 1450 
0 
2 389 1532 
2 184 570 
2 559 1162 
4 259 401 750 845 
4 364 516 675 870 
2 413 898 
1 1488 
2 1000 1503 
2 418 988 
4 509 803 1408 1561 
4 27 664 706 1338 
2 650 1186 
3 315 843 934 
0 
6 366 514 610 925 1120 1521 
3 248 422 1283 
0 
3 865 1209 1273 
5 4 166 540 597 1244 
5 24 122 598 1315 1366 
1 442 
0 
1 1514 
0 
4 16 682 1308 1326 
2 54 904 
1 682 
3 314 438 621 
3 884 1482 1507 
4 251 307 370 634 
3 37 872 1529 
2 531 1433 
3 974 1454 1572 
6 419 769 947 959 1031 1131 
3 698 893 1167 
3 223 627 1069 
0 
2 420 1331 
4 931 1163 1317 1350 
2 396 518 
2 315 552 
2 275 1045 
2 88 1007 
1 1318 
5 103 720 758 1032 1487 
1 788 
4 188 533 945 1014 
1 1435 
3 494 943 1110 
3 542 975 992 
2 307 1460 
2 660 1268 
7 50 113 582 1043 1108 1363 1595 
3 375 725 729 
3 47 1293 1599 
2 925 1522 
2 12 572 
2 130 1140 
1 1112 
2 594 1219 
1 503 
4 83 770 828 1005 
2 16 1519 
5 68 419 1376 1483 1535 
3 499 1081 1241 
1 809 
1 1343 
3 585 867 967 
2 922 1395 
3 242 323 497 
1 701 
1 120 
3 696 1363 1383 
2 76 107 
5 9 260 794 1382 1484 
1 1271 
1 1294 
2 1382 1511 
5 79 435 1230 1331 1338 
0 
3 523 1146 1565 
5 205 528 1001 1027 1420 
3 874 1321 1517 
2 117 690 
1 1309 
2 112 508 
0 
1 960 
2 570 1292 
4 95 224 364 1011 
5 48 146 168 1188 1578 
2 247 1274 
1 610 
3 331 894 986 
3 361 1302 1574 
3 302 434 836 
1 668 
3 485 800 1573 
1 965 
3 797 801 1524 
2 173 794 
3 1207 1235 1516 
4 129 314 323 373 
2 19 280 
0 
2 716 1541 
4 216 1028 1230 1483 
4 93 190 1115 1451 
3 163 461 1379 
2 883 1077 
0 
2 386 671 
1 1193 
3 203 582 1576 
5 810 851 945 999 1297 
2 856 1147 
1 789 
3 240 453 1101 
3 612 772 783 
3 662 667 892 
0 
4 595 954 1045 1335 
5 7 175 394 538 1056 
5 172 289 310 643 1050 
3 1034 1098 1492 
1 1508 
2 445 796 
0 
0 
1 9 
1 1068 
1 513 
6 110 358 408 445 503 643 
2 834 1297 
1 1273 
3 395 584 637 
3 400 573 1414 
2 229 1548 
0 
2 291 1180 
5 134 541 677 1025 1446 
4 77 440 730 779 
1 1204 
2 289 1123 
3 441 1146 1263 
1 1220 
4 467 558 667 727 
1 393 
2 354 1347 
3 294 915 1577 
0 
3 108 283 932 
3 296 320 1460 
6 66 300 536 708 798 1443 
3 528 847 1144 
2 1301 1434 
0 
2 194 917 
2 460 975 
3 492 813 940 
1 495 
1 1052 
4 70 134 197 1581 
3 329 1217 1385 
2 189 1183 
3 409 1205 1376 
1 984 
2 918 1097 
4 396 1243 1262 1410 
0 
5 131 258 272 562 624 
2 596 930 
1 1284 
2 1031 1223 
1 362 
1 790 
2 1307 1491 
4 244 261 546 1368 
2 1305 1567 
3 566 1153 1402 
3 946 1213 1328 
1 1421 
2 786 1323 
4 406 689 1019 1387 
0 
3 526 1122 1484 
5 99 166 846 1148 1443 
3 424 1039 1490 
1 1167 
2 338 1172 
2 916 1012 
3 310 525 1578 
3 503 967 1211 
4 586 624 651 907 
4 916 1126 1311 1376 
1 1094 
4 421 992 1002 1429 
3 424 997 1153 
1 466 
5 238 965 1126 1309 1438 
1 415 
2 351 461 
7 252 277 859 901 1061 1166 1207 
1 1511 
1 1359 
3 99 805 1367 
2 809 1250 
2 816 1000 
4 437 879 955 1005 
4 62 219 1139 1207 
4 93 584 1124 1524 
0 
2 200 361 
4 92 285 356 664 
7 62 296 611 1023 1195 1351 1372 
2 711 1456 
1 891 
2 4 626 
1 1277 
0 
2 146 1422 
3 1167 1488 1583 
3 307 330 1343 
3 29 245 434 
3 555 1444 1464 
2 761 998 
3 343 561 895 
2 1028 1438 
2 440 731 
1 267 
2 753 1333 
1 1435 
3 378 1072 1368 
5 540 932 959 1064 1459 
3 164 1181 1201 
0 
2 659 905 
2 1028 1148 
4 86 322 628 1334 
8 18 265 271 355 459 982 1306 1361 
4 112 423 801 1586 
0 
4 254 788 878 1044 
4 388 549 591 1343 
3 930 1394 1521 
5 3 5 56 274 690 
1 280 
7 439 624 756 761 1192 1294 1323 
2 669 708 
1 609 
2 456 1237 
2 672 944 
3 293 1027 1505 
4 247 1203 1206 1583 
1 1201 
2 174 742 
3 556 1063 1292 
1 1004 
2 579 1312 
1 555 
1 474 
4 398 932 1492 1531 
3 203 235 794 
3 312 337 1505 
1 821 
1 1373 
2 1197 1532 
1 1079 
0 
2 799 1544 
1 959 
1 1549 
3 136 206 254 
2 384 1308 
1 153 
2 674 946 
1 220 
0 
1 769 
3 1045 1138 1521 
0 
2 814 1297 
3 541 723 1102 
3 89 267 1123 
1 393 
4 401 985 1265 1596 
3 194 410 766 
1 416 
3 862 1049 1531 
5 244 633 649 796 995 
3 67 477 559 
2 261 1210 
2 237 1310 
4 574 770 1349 1449 
0 
3 350 487 694 
3 449 781 1112 
4 267 418 1434 1508 
3 415 761 1111 
1 382 
1 1325 
1 924 
2 270 932 
1 1015 
1 1160 
6 541 649 1075 1097 1284 1426 
2 1176 1360 
1 804 
1 1530 
6 81 457 534 1073 1328 1356 
4 455 476 741 1520 
1 178 
0 
4 1097 1106 1530 1578 
7 754 766 784 1061 1282 1315 1530 
4 535 919 1034 1353 
4 176 317 774 1025 
4 26 578 852 1269 
2 742 1512 
3 205 465 622 
4 987 1020 1119 1422 
4 96 659 958 1127 
2 336 1236 
0 
3 56 86 695 
4 491 778 1045 1161 
0 
3 241 427 1344 
1 470 
2 176 1005 
2 693 1362 
7 67 685 1001 1033 1179 1281 1537 
3 615 1058 1577 
0 
1 897 
2 1109 1353 
3 20 686 780 
4 216 558 714 1088 
0 
3 55 688 808 
0 
2 212 448 
0 
3 45 803 1026 
5 81 111 314 715 1510 
1 1563 
3 56 224 1565 
2 376 853 
2 1042 1574 
1 412 
1 254 
2 721 1518 
0 
6 98 163 388 649 952 1157 
2 1192 1235 
2 1203 1314 
0 
4 125 439 922 984 
1 1173 
5 87 273 821 1135 1350 
3 421 683 1008 
2 1033 1316 
4 568 786 1079 1305 
2 1253 1390 
0 
3 118 218 548 
4 572 664 823 876 
4 199 231 618 621 
1 871 
1 1111 
2 47 923 
3 23 354 696 
3 188 369 1521 
4 120 809 845 956 
5 258 871 940 1136 1558 
1 311 
3 813 1381 1392 
2 574 841 
2 159 1157 
4 396 1254 1426 1548 
0 
2 356 1473 
3 159 1206 1332 
3 25 964 1447 
5 384 496 501 524 675 
3 418 644 1151 
2 452 688 
3 722 850 1230 
4 187 301 516 1211 
1 1480 
2 889 1191 
1 1439 
6 3 282 1143 1373 1408 1501 
2 603 1184 
0 
2 1228 1339 
2 673 1022 
3 777 860 1090 
3 685 694 987 
0 
2 831 1159 
3 1437 1442 1443 
8 284 379 408 808 1002 1390 1417 1571 
4 852 1075 1129 1395 
6 58 506 746 833 966 1048 
1 943 
4 102 977 1192 1547 
1 858 
2 425 1460 
3 679 825 1008 
1 294 
0 
2 890 1234 
1 405 
3 51 656 976 
2 970 1398 
2 518 736 
3 236 839 1597 
1 1535 
2 1266 1508 
5 56 457 549 947 1400 
2 521 593 
5 29 263 576 672 1586 
5 87 273 972 1039 1094 
1 416 
3 52 384 911 
3 57 705 1593 
2 768 1594 
0 
4 249 940 1099 1503 
3 109 316 764 
2 174 983 
3 397 398 1138 
1 855 
2 378 1474 
2 52 676 
4 435 857 1209 1475 
0 
3 226 827 1307 
1 287 
1 915 
1 636 
1 1531 
1 1161 
2 121 1226 
3 384 1223 1477 
2 451 970 
4 104 138 178 1242 
3 506 1278 1461 
4 656 1219 1320 1442 
2 640 1108 
1 917 
2 575 1291 
1 198 
5 413 859 1018 1350 1382 
3 394 926 1037 
0 
4 130 357 1369 1551 
1 183 
0 
2 287 927 
5 344 563 675 706 720 
2 182 899 
0 
1 1555 
2 380 1556 
2 717 1181 
4 280 485 616 1414 
1 1546 
1 690 
2 909 1183 
1 2 2 1 1 1 1 2 1 3 1 1 1 1 1 1 3 1 1 1 3 1 1 1 2 1 2 2 1 3 1 2 1 1 1 3 2 1 1 2 2 3 1 1 1 2 2 1 2 3 1 1 3 1 2 2 4 1 1 1 1 1 3 2 1 1 1 3 2 1 2 1 1 1 2 1 2 1 1 4 2 1 1 1 3 2 3 2 1 3 1 1 1 3 1 1 1 3 1 3 1 1 1 2 2 1 2 2 1 2 1 2 2 2 2 1 2 1 2 1 3 4 2 2 2 2 2 2 1 1 1 3 1 1 1 1 1 2 3 2 1 2 1 2 2 1 2 2 1 1 2 1 1 2 1 1 1 1 1 2 1 2 1 4 2 1 1 1 2 3 2 2 2 1 1 2 2 2 2 1 1 1 2 1 2 1 1 1 1 2 2 4 2 1 3 1 2 1 1 2 3 1 2 4 1 1 1 1 1 1 2 2 1 2 1 1 1 1 2 3 2 1 1 2 3 1 2 3 1 3 1 2 1 1 2 2 2 2 2 1 2 1 3 1 1 2 1 2 1 2 1 2 1 2 1 2 1 2 2 2 3 4 2 4 1 3 1 1 2 1 2 2 3 2 1 1 2 3 3 2 3 1 1 1 1 2 1 3 3 1 2 2 2 1 2 1 2 2 1 1 3 2 1 1 3 3 1 2 3 1 2 1 1 2 3 2 1 2 3 1 2 2 1 3 3 1 1 1 1 1 2 1 3 1 1 1 1 1 1 1 2 4 1 3 3 1 2 1 1 3 1 1 1 2 3 2 2 2 1 2 1 2 1 1 3 1 2 2 2 3 3 1 1 1 2 2 2 1 1 1 3 1 1 1 2 1 1 1 2 1 1 2 2 2 4 1 2 3 3 2 3 3 1 2 1 1 1 1 1 1 1 1 2 1 2 1 1 1 2 4 3 2 1 1 1 2 1 1 3 2 1 1 1 2 2 1 1 1 2 3 3 2 1 1 2 2 1 2 1 1 1 1 2 3 2 2 1 1 1 1 3 1 1 2 2 2 3 3 1 4 3 1 1 2 1 2 2 1 1 1 2 2 3 2 4 1 3 1 1 1 3 2 1 1 1 3 1 2 1 1 1 1 2 2 1 1 3 2 2 4 2 1 1 1 1 2 2 2 4 1 2 2 1 2 1 2 2 2 4 1 1 3 3 1 1 1 1 1 2 1 1 3 1 2 2 2 1 2 2 3 1 2 1 1 1 1 3 1 1 1 1 2 2 2 1 1 1 1 2 2 1 1 2 5 2 2 2 1 3 1 1 3 1 2 1 2 1 2 2 1 1 2 2 2 1 3 2 3 3 1 1 1 1 1 3 3 1 1 2 3 1 2 3 2 1 3 1 1 2 1 1 2 1 1 3 2 1 3 1 3 2 1 1 2 1 1 2 1 1 1 2 1 3 1 4 1 1 1 1 2 2 3 2 1 1 1 3 1 1 2 1 1 2 1 2 2 1 4 1 1 1 1 2 1 2 2 3 1 3 2 1 1 2 2 1 3 1 1 4 1 1 1 3 3 4 1 1 1 2 3 1 1 3 2 3 1 2 2 1 1 1 3 3 2 1 1 1 2 1 1 2 2 3 1 1 2 1 1 1 2 3 2 1 1 1 2 1 2 2 2 1 1 2 2 1 3 1 1 1 2 2 3 1 2 1 1 1 1 4 1 3 1 1 1 2 2 3 1 1 1 2 1 2 1 2 1 2 1 2 3 2 1 1 2 1 1 3 3 1 1 2 1 1 1 1 1 1 3 1 2 1 1 1 2 2 2 1 1 4 2 1 3 3 2 3 1 1 2 1 1 2 2 2 2 1 2 3 1 1 1 2 1 1 3 1 1 1 1 4 2 4 3 2 2 1 2 1 2 2 2 1 1 2 1 1 2 3 1 2 4 2 1 1 3 1 3 1 2 2 1 4 2 1 1 2 1 2 2 2 1 3 1 1 1 3 3 1 1 1 2 3 1 1 2 1 2 2 4 1 2 2 1 1 2 2 2 1 1 1 1 1 3 1 2 1 2 2 4 2 2 1 1 2 1 2 2 2 2 1 4 2 2 2 3 2 1 1 1 1 2 2 1 3 2 2 1 2 2 1 1 1 1 1 1 3 3 2 1 1 1 1 1 3 1 1 2 3 2 1 2 1 1 2 1 1 2 1 1 2 1 1 1 1 1 2 2 1 2 2 2 1 2 1 3 3 2 1 4 1 3 2 3 2 1 3 1 2 2 3 1 1 1 2 2 1 3 1 1 1 2 1 1 1 1 1 1 1 1 3 2 1 2 2 3 1 1 1 3 1 2 3 2 2 1 1 4 3 3 3 3 1 2 2 3 1 2 2 1 3 1 2 3 1 2 2 2 1 2 1 2 4 1 2 2 1 3 1 2 1 3 2 1 1 1 1 1 1 1 1 1 1 2 1 3 2 2 1 2 1 1 2 3 1 1 3 1 1 1 1 2 1 3 3 1 1 2 1 1 1 1 1 2 2 3 3 1 2 1 1 2 3 2 1 1 2 2 3 1 1 1 1 1 1 3 2 1 2 2 1 2 1 2 1 1 1 1 1 2 4 3 2 2 3 1 1 1 1 3 1 3 2 3 1 3 2 2 1 3 3 1 2 3 1 2 1 3 2 1 2 1 3 2 1 2 1 1 1 1 1 2 1 2 1 2 1 1 2 3 1 1 2 1 2 1 1 1 2 3 2 1 3 2 2 3 3 2 2 1 2 2 1 2 2 1 2 2 1 2 3 1 2 1 2 2 1 2 1 1 3 1 2 1 3 2 2 3 1 1 1 2 2 3 2 2 2 2 1 1 1 2 2 2 2 1 1 2 1 1 1 1 3 1 2 1 2 1 1 1 3 1 1 3 2 1 3 1 1 1 1 1 1 1 1 2 1 2 2 1 2 3 2 2 3 1 3 2 3 1 2 1 1 3 2 1 1 3 2 1 1 2 2 2 2 2 1 1 3 2 2 2 1 1 3 4 1 2 2 2 1 1 2 1 1 2 2 1 1 1 2 1 1 3 3 1 1 1 2 2 4 4 1 3 1 3 2 1 2 2 1 3 1 2 1 1 3 1 1 2 2 2 4 3 2 1 1 2 1 1 1 2 1 2 1 1 1 1 1 2 3 1 2 2 2 1 1 2 2 2 3 2 1 1 3 1 2 2 3 2 2 1 1 1 1 1 1 2 1 1 3 3 1 1 3 4 3 3 1 1 3 4 3 2 1 2 1 1 2 1 3 1 2 1 1 1 1 4 2 1 1 1 2 1 3 4 1 1 3 1 1 2 3 1 3 3 1 1 1 1 1 1 1 1 1 1 1 1 1 1 1 2 2 4 1 1 2 1 1 1 1 1 1 1 2 3 1 1 2 3 1 1 1 2 2 1 1 2 3 1 1 2 2 3 1 2 1 2 1 1 1 1 1 1 2 2 2 2 1 1 2 5 1 1 1 2 1 2 2 1 3 3 2 2 1 2 1 2 1 3 1 1 1 1 1 1 4 2 1 2 2 3 1 1 2 3 1 1 3 2 1 1 1 1 1 1 1 1 2 2 2 3 
