q 800
4 241 250 339 788 
1 195 
0 
2 217 550 
0 
4 30 88 387 524 
1 372 
0 
3 439 580 704 
2 137 294 
2 372 387 
5 139 178 435 604 741 
3 99 128 697 
2 104 149 
1 743 
1 309 
2 316 348 
1 65 
2 66 376 
2 74 564 
4 146 159 496 593 
1 329 
4 104 356 440 490 
2 331 564 
1 707 
2 86 183 
1 414 
2 78 588 
1 150 
3 78 458 777 
4 5 136 364 766 
0 
3 363 672 681 
1 214 
5 35 374 432 493 576 
6 34 74 180 182 558 784 
0 
3 78 94 531 
2 491 717 
1 184 
2 107 547 
2 169 314 
1 189 
2 356 672 
2 226 607 
1 188 
1 138 
1 562 
3 469 713 758 
4 133 359 628 741 
1 569 
4 80 242 396 494 
2 720 788 
1 336 
1 540 
4 358 616 630 682 
6 102 157 263 398 676 712 
3 186 636 709 
5 171 375 497 619 778 
2 355 613 
0 
2 443 471 
3 139 379 686 
1 466 
2 376 747 
4 17 132 216 310 
2 18 689 
1 706 
1 786 
1 113 
4 311 495 523 707 
2 155 635 
2 575 781 
1 198 
6 19 35 189 250 302 304 
1 754 
2 161 650 
2 294 675 
5 27 29 37 385 556 
3 87 110 137 
1 51 
5 137 180 260 630 793 
4 102 267 457 754 
4 416 417 542 694 
0 
5 175 385 516 517 530 
3 25 439 482 
3 79 767 797 
1 5 
2 161 203 
2 578 675 
0 
3 114 466 587 
1 681 
2 37 751 
3 200 410 655 
2 208 504 
3 253 467 664 
1 595 
3 12 474 688 
2 223 662 
4 272 360 414 663 
7 56 82 163 237 536 620 680 
3 180 263 529 
4 13 22 410 411 
5 224 354 398 407 494 
3 182 218 694 
2 40 695 
1 200 
1 528 
1 79 
1 606 
2 119 531 
6 69 167 242 376 413 716 
3 92 342 656 
2 716 744 
5 315 570 620 664 711 
4 539 640 701 731 
2 162 196 
2 112 186 
4 133 284 344 758 
3 281 295 719 
1 621 
3 132 438 538 
1 481 
3 338 565 786 
2 221 319 
3 384 627 759 
3 12 623 640 
2 301 457 
1 578 
1 248 
6 65 123 396 465 523 625 
4 49 120 276 408 
3 342 697 709 
1 181 
2 30 448 
5 9 79 81 222 593 
3 46 427 457 
3 11 62 439 
3 605 644 712 
1 672 
1 687 
0 
1 264 
2 428 627 
4 20 270 652 668 
0 
2 260 271 
1 13 
4 28 232 309 787 
2 281 308 
1 545 
3 183 481 548 
0 
2 71 390 
4 246 268 487 519 
3 56 369 419 
3 243 381 694 
5 20 184 268 387 574 
2 693 759 
2 76 89 
2 118 696 
3 102 334 713 
0 
2 455 457 
2 264 281 
5 113 256 299 326 672 
2 585 615 
3 41 265 665 
2 193 292 
2 58 555 
2 274 347 
2 218 502 
3 200 349 739 
3 85 662 782 
0 
2 571 673 
2 11 399 
0 
6 35 81 103 427 565 585 
3 135 361 792 
4 35 106 484 547 
4 25 153 278 619 
2 39 159 
1 794 
6 57 119 293 394 669 715 
2 408 674 
3 45 330 659 
2 42 74 
0 
2 329 799 
2 415 685 
4 170 223 542 696 
1 655 
8 1 547 581 596 605 665 745 780 
5 118 222 267 292 367 
2 630 742 
3 73 496 511 
2 212 600 
4 95 108 174 769 
2 207 438 
1 550 
3 89 467 700 
3 326 503 797 
2 693 734 
1 507 
2 201 296 
1 96 
1 637 
0 
0 
3 199 451 660 
1 437 
1 33 
2 417 787 
3 65 667 709 
1 3 
2 106 173 
0 
3 395 469 498 
3 126 405 752 
6 137 196 233 384 518 718 
4 100 193 575 709 
3 105 634 676 
2 511 773 
4 44 430 436 522 
2 680 775 
4 311 322 552 601 
1 641 
3 279 790 791 
0 
3 150 289 645 
4 222 272 351 768 
1 389 
0 
2 248 515 
4 102 284 463 513 
1 686 
3 291 464 775 
3 252 417 545 
4 0 393 626 662 
4 51 113 247 759 
3 158 605 628 
3 530 642 653 
2 430 707 
2 156 719 
6 242 275 340 494 620 770 
4 131 236 538 545 
1 534 
6 0 74 332 443 447 799 
0 
2 240 787 
1 97 
1 482 
0 
4 167 401 614 645 
2 372 639 
5 355 401 462 467 605 
0 
2 81 148 
3 477 621 666 
2 315 737 
4 56 103 407 511 
5 144 166 329 352 599 
2 169 620 
0 
5 82 196 491 499 541 
5 156 159 568 689 702 
1 349 
4 146 373 497 509 
1 148 
3 101 233 296 
1 770 
2 172 385 
1 247 
6 133 320 501 607 635 638 
1 367 
3 183 344 528 
4 230 287 479 674 
1 508 
4 121 151 166 550 
3 400 626 718 
1 775 
3 120 237 527 
5 286 331 440 614 669 
1 285 
2 279 460 
5 295 538 568 697 739 
1 232 
2 447 719 
3 239 735 777 
7 170 196 444 464 474 531 688 
3 186 474 568 
3 9 77 332 
4 121 288 303 605 
2 207 272 
4 315 393 410 504 
0 
3 167 722 766 
2 541 577 
3 129 308 640 
2 74 629 
1 295 
1 74 
2 457 747 
2 574 702 
3 381 713 782 
3 151 301 325 
3 15 150 756 
2 65 475 
3 70 228 628 
2 424 491 
1 343 
1 41 
5 116 262 297 652 716 
2 16 330 
0 
0 
1 126 
4 276 401 453 466 
4 377 422 462 501 
1 228 
1 689 
0 
3 308 573 684 
4 167 204 475 735 
0 
0 
4 21 191 264 707 
3 188 316 478 
4 23 285 350 518 
5 250 294 591 617 731 
1 559 
2 163 641 
0 
3 53 425 459 
0 
4 125 374 634 717 
2 0 742 
2 247 451 
2 471 602 
4 114 134 346 612 
2 313 772 
2 120 278 
2 630 765 
2 342 653 
1 172 
1 16 
3 174 269 412 
1 331 
3 233 410 785 
3 264 457 696 
0 
2 105 645 
4 59 258 632 641 
3 22 43 396 
2 369 772 
3 55 384 458 
1 49 
3 101 570 665 
3 181 528 651 
1 732 
2 32 463 
4 30 503 551 711 
1 707 
0 
4 196 277 439 748 
3 686 760 787 
5 157 357 413 652 712 
1 604 
1 785 
6 6 10 257 388 667 703 
1 270 
5 34 338 568 675 712 
1 58 
5 18 64 113 592 649 
2 321 654 
5 478 497 606 668 743 
2 62 400 
1 649 
2 158 307 
0 
1 463 
4 127 222 358 642 
4 78 85 274 699 
2 440 594 
4 5 10 159 557 
3 372 402 714 
1 234 
1 155 
1 701 
1 761 
3 241 297 627 
2 186 462 
1 220 
5 51 132 356 410 488 
1 409 
3 56 105 495 
3 178 485 558 
4 282 379 587 651 
4 256 258 320 657 
1 388 
1 445 
0 
3 221 502 771 
2 465 526 
2 105 263 
4 133 187 570 674 
4 397 444 477 788 
7 95 104 297 351 396 423 704 
1 104 
1 349 
2 113 369 
3 26 101 653 
3 192 580 743 
4 83 419 468 601 
6 83 215 240 477 608 667 
0 
2 157 416 
2 544 671 
1 668 
1 321 
3 410 673 788 
1 312 
3 336 744 752 
0 
4 138 180 428 439 
5 145 427 566 689 799 
0 
2 226 245 
0 
2 34 654 
1 601 
4 566 596 617 734 
1 11 
3 226 736 737 
1 213 
2 123 201 
7 8 86 139 367 427 460 472 
5 22 285 386 526 657 
0 
0 
2 61 250 
5 292 409 504 626 736 
2 403 477 
1 471 
3 250 290 531 
1 136 
1 622 
1 545 
4 212 340 677 719 
0 
2 320 673 
2 656 703 
3 165 556 591 
0 
8 82 129 138 165 305 352 632 635 
2 29 358 
1 336 
4 287 439 587 615 
0 
4 258 321 394 726 
3 237 363 383 
5 239 292 478 501 797 
4 132 406 565 662 
3 63 92 320 
5 97 203 258 568 751 
2 416 672 
2 48 220 
0 
4 61 341 446 616 
2 439 662 
0 
4 99 292 293 647 
3 310 326 656 
1 623 
6 261 409 417 445 516 686 
5 330 378 464 488 635 
1 279 
0 
4 124 153 701 752 
2 86 254 
1 641 
3 182 524 648 
1 399 
1 677 
1 156 
3 396 478 753 
0 
1 22 
5 38 267 312 504 797 
2 539 678 
3 34 517 611 
5 51 105 247 521 635 
3 70 398 762 
3 20 198 781 
4 58 270 378 659 
1 220 
3 267 545 664 
1 586 
3 276 321 464 
3 173 405 676 
3 204 364 546 
6 96 297 444 491 527 796 
0 
1 553 
2 206 794 
1 280 
3 270 660 730 
2 691 788 
4 198 225 263 681 
1 513 
3 237 512 578 
2 527 579 
3 236 696 780 
3 85 477 720 
2 85 493 
2 222 331 
2 156 648 
3 679 695 724 
1 494 
1 226 
3 70 132 621 
2 5 484 
0 
3 406 440 669 
4 284 504 514 618 
3 109 278 361 
1 103 
4 85 244 565 713 
4 37 112 292 447 
1 575 
0 
2 249 741 
2 632 729 
3 102 592 734 
0 
4 123 248 288 657 
4 117 492 606 694 
1 54 
2 267 300 
2 83 193 
0 
1 420 
6 152 240 248 450 499 640 
2 503 671 
3 40 182 195 
2 153 733 
0 
4 3 202 281 602 
1 364 
1 228 
2 506 748 
1 568 
1 171 
3 78 455 655 
1 387 
5 35 399 574 590 713 
4 333 656 689 780 
0 
2 603 775 
3 47 577 619 
1 761 
4 19 23 640 757 
4 125 180 465 530 
3 428 434 648 
0 
6 268 288 293 374 467 554 
2 50 616 
4 116 360 408 763 
2 177 647 
0 
3 325 652 663 
3 159 306 558 
3 72 223 532 
1 34 
3 300 562 649 
3 90 130 513 
1 514 
2 8 415 
1 195 
2 741 793 
0 
0 
2 168 180 
1 500 
3 92 400 460 
1 27 
1 792 
1 558 
4 332 455 677 715 
3 376 536 731 
2 20 137 
3 386 611 636 
2 98 692 
2 195 434 
0 
0 
3 264 675 742 
1 199 
3 228 416 433 
3 341 550 791 
3 561 683 756 
2 11 370 
6 140 195 243 258 295 756 
3 111 378 539 
2 44 276 
2 417 709 
0 
0 
3 493 594 759 
2 342 726 
2 59 791 
2 256 285 
2 168 460 
3 55 471 569 
3 332 434 660 
1 527 
3 58 183 562 
4 102 116 247 265 
5 122 261 523 719 771 
1 449 
3 128 476 722 
2 653 792 
1 132 
3 241 282 444 
3 127 145 393 
4 49 243 311 704 
1 302 
5 55 81 197 345 761 
0 
3 355 457 535 
1 680 
3 224 338 679 
6 71 276 457 478 494 725 
3 57 594 706 
1 209 
1 276 
2 257 657 
7 117 128 301 545 564 709 769 
4 229 334 355 483 
2 244 384 
0 
1 140 
3 232 256 354 
2 743 746 
2 474 571 
3 484 519 566 
4 376 380 577 754 
1 76 
2 361 400 
4 146 315 369 573 
6 244 346 414 624 714 795 
3 377 432 769 
3 95 194 556 
4 114 454 475 559 
4 401 440 538 639 
1 734 
3 188 497 747 
3 212 509 617 
1 717 
5 100 175 241 465 472 
2 101 573 
3 97 116 499 
3 169 195 360 
1 261 
3 216 372 417 
3 146 378 421 
3 186 285 526 
0 
3 420 546 709 
8 32 43 141 167 468 700 752 770 
4 177 423 453 781 
3 187 279 408 
4 77 90 374 599 
3 56 224 502 
3 451 486 591 
2 492 737 
2 520 634 
3 102 227 633 
3 32 93 511 
1 55 
3 603 705 746 
1 325 
1 192 
6 62 238 368 477 727 756 
1 142 
3 99 292 699 
6 66 268 323 428 559 742 
0 
1 510 
2 595 728 
3 160 205 759 
5 83 106 158 539 736 
2 107 520 
4 162 193 352 515 
3 12 134 288 
1 708 
2 385 688 
3 203 672 799 
3 117 391 481 
2 268 306 
2 372 454 
4 8 410 628 717 
1 683 
2 67 636 
6 24 70 245 329 365 732 
1 698 
7 57 134 216 223 608 640 671 
0 
3 116 364 799 
5 56 140 369 374 723 
5 48 163 307 530 558 
3 388 653 748 
3 186 591 759 
3 113 115 315 
4 38 338 661 704 
2 222 282 
6 121 246 290 451 621 735 
2 52 516 
0 
2 299 623 
1 712 
1 520 
1 635 
2 462 612 
1 686 
1 692 
1 535 
1 509 
4 117 332 592 761 
2 362 707 
1 548 
5 205 434 536 658 744 
3 291 326 719 
3 436 444 694 
3 262 436 678 
0 
3 174 288 754 
0 
4 11 49 534 582 
4 197 339 599 689 
4 14 378 415 646 
4 115 425 734 768 
1 195 
2 646 683 
3 64 305 659 
3 367 553 714 
0 
1 786 
3 94 467 792 
4 221 425 481 672 
1 488 
4 75 82 649 739 
0 
4 309 603 605 686 
1 564 
2 48 120 
6 127 160 242 611 693 715 
1 368 
4 392 563 630 731 
1 495 
1 570 
1 775 
1 345 
2 30 299 
1 87 
2 233 744 
3 200 640 654 
3 247 273 672 
2 405 621 
2 343 357 
1 225 
0 
5 227 239 283 561 764 
0 
2 29 291 
1 58 
0 
4 195 515 559 789 
3 72 496 673 
2 175 307 
0 
1 35 
2 351 371 
3 68 125 750 
4 150 215 252 368 
5 0 52 409 423 510 
1 780 
1 230 
3 230 602 613 
4 181 589 624 751 
2 81 582 
2 185 507 
1 653 
1 504 
4 87 204 464 491 
0 
5 191 250 428 700 711 
1 1 1 2 1 2 1 1 3 1 1 2 3 1 1 2 2 1 1 1 3 2 1 2 1 1 1 1 1 1 3 1 2 2 2 3 1 1 1 1 1 2 2 1 2 1 1 1 1 2 2 2 1 1 2 2 4 1 2 3 1 3 2 1 1 2 3 2 1 1 3 1 3 1 4 2 1 1 2 1 1 4 2 3 1 1 2 2 1 1 1 1 1 1 2 4 2 1 2 1 1 2 3 2 2 2 1 2 1 1 2 1 2 2 3 1 1 3 1 1 1 1 1 1 1 1 2 1 2 2 1 1 3 3 3 1 1 2 2 3 1 1 1 1 1 1 2 1 2 2 3 1 1 3 1 2 1 1 1 1 3 2 2 1 1 2 1 1 3 1 3 1 1 3 1 3 1 1 1 1 1 3 2 2 2 2 2 2 3 1 1 2 2 2 1 4 3 2 2 1 3 1 2 3 2 2 1 2 1 1 1 1 2 1 1 3 1 1 2 1 1 1 1 3 1 2 1 1 1 1 2 1 2 2 1 1 1 1 1 3 3 3 1 2 1 1 3 3 3 1 2 1 1 2 1 1 2 1 4 1 1 1 2 3 3 3 1 1 3 1 4 1 3 1 2 1 2 1 1 1 1 2 4 1 2 2 1 2 3 1 1 1 1 1 2 2 1 2 1 2 2 4 2 1 1 2 1 2 3 1 1 2 1 2 1 4 1 1 1 1 3 3 2 1 1 2 4 1 1 1 2 1 1 2 3 1 2 1 2 2 2 1 1 1 2 2 3 2 1 2 2 3 2 1 3 1 2 1 1 1 1 1 2 1 2 1 1 2 1 3 1 2 2 1 1 1 3 1 1 1 1 3 1 1 3 3 1 3 3 2 1 2 2 1 1 2 4 1 3 2 3 1 1 2 1 2 3 1 1 3 1 1 1 1 3 1 1 1 1 2 2 1 1 3 2 1 1 4 3 1 2 1 1 1 3 1 2 2 2 1 4 1 1 1 2 1 1 4 2 2 1 1 1 1 3 3 1 1 2 1 3 1 2 2 2 1 2 2 2 2 1 2 3 1 2 3 1 2 4 2 1 4 3 1 3 1 1 2 2 1 2 2 3 3 4 1 4 3 2 3 2 1 1 1 1 1 2 2 2 2 3 1 1 2 2 3 3 2 2 2 1 1 2 1 1 1 2 3 2 1 2 3 1 1 2 2 2 1 2 1 1 3 1 1 1 2 2 3 1 1 1 1 2 1 1 2 1 1 4 1 1 1 2 2 3 3 1 1 4 1 2 2 1 3 2 2 1 1 3 1 2 1 2 1 1 2 1 2 2 1 1 2 1 1 2 1 1 1 1 2 2 2 2 3 3 3 2 1 3 1 1 1 2 2 1 1 3 2 1 1 2 3 1 3 1 1 1 2 1 1 3 1 3 1 3 3 3 2 1 2 1 2 2 1 2 1 1 1 4 2 2 2 1 2 3 2 2 3 2 1 1 1 2 1 2 2 2 3 3 1 1 1 3 2 3 3 2 3 2 2 2 3 1 1 1 1 3 2 2 2 1 1 2 1 2 3 1 1 2 1 2 1 2 1 2 2 1 2 1 2 1 3 2 3 1 1 3 3 2 2 2 1 1 1 2 1 1 1 1 1 1 2 1 2 1 3 1 1 1 2 1 1 1 2 2 1 2 3 3 1 1 1 2 1 1 1 2 1 2 2 2 1 2 1 1 1 1 1 1 2 2 1 2 1 1 2 1 2 1 1 2 1 1 1 1 1 2 2 2 1 1 1 2 1 1 1 2 1 1 1 
