p 3900
1 412 
2 1032 2014 
4 1543 2573 3065 3117 
2 519 1995 
3 255 422 3742 
2 1554 2764 
1 2762 
2 2192 2348 
3 17 3074 3556 
4 590 1275 2612 3561 
3 115 2161 2215 
2 254 2127 
1 2349 
1 529 
3 374 842 2881 
2 815 3099 
4 2035 2481 2529 2555 
6 8 1377 1604 1918 2118 3830 
2 2088 3404 
4 1070 2151 3291 3503 
2 1339 1686 
1 3144 
0 
4 1630 2116 3146 3329 
2 863 1687 
2 1436 2280 
5 167 299 1330 1999 2658 
0 
3 927 1209 2191 
2 2916 3132 
1 3784 
0 
4 1522 1743 3275 3440 
2 2299 2959 
3 1233 1878 3625 
4 764 932 1893 2607 
1 616 
2 172 3835 
3 208 1917 3078 
7 66 289 680 1788 1856 2385 2632 
4 2461 2547 2638 3318 
3 276 885 898 
1 810 
1 906 
4 383 1823 3869 3879 
1 3019 
2 510 2276 
1 1327 
1 430 
4 1832 2848 3444 3789 
6 394 583 815 1190 1864 2070 
3 382 1339 2951 
5 295 490 1593 1774 2256 
3 700 1673 1714 
0 
2 784 1977 
5 2625 2866 3094 3583 3815 
2 1319 2566 
2 289 3066 
3 1142 1166 1256 
3 501 2253 3741 
2 3131 3493 
1 1828 
1 2652 
2 2580 3654 
2 1328 3062 
3 39 3530 3702 
1 1549 
1 3515 
3 1759 1770 3586 
1 2254 
0 
2 1544 3305 
0 
4 622 1531 2327 3234 
1 3844 
1 2736 
2 861 962 
5 1198 1654 1656 3084 3877 
2 539 999 
3 1117 3180 3181 
2 771 2394 
4 777 1460 2668 3144 
3 867 3053 3262 
1 385 
4 1457 1607 3123 3698 
1 3223 
2 2687 3510 
0 
1 2827 
2 719 2658 
3 751 1671 2497 
4 1132 1431 2484 2777 
3 1264 1754 2736 
3 533 643 875 
3 686 1917 2574 
4 222 2149 2274 3626 
3 236 598 2399 
1 395 
1 636 
0 
3 845 2656 3197 
3 1459 2863 3381 
0 
4 598 1422 1910 2978 
1 1908 
1 3672 
4 925 1821 3528 3592 
0 
1 2791 
0 
6 2400 2533 2812 3018 3120 3312 
0 
2 1921 3365 
4 989 1824 2513 2990 
6 10 878 1604 1772 2027 3048 
1 157 
2 1195 2964 
3 1138 1403 2138 
2 2168 2476 
2 462 2379 
3 352 2579 3772 
2 182 1366 
1 813 
3 1094 2979 3418 
2 159 3057 
4 1982 2544 3321 3629 
2 1512 1656 
2 2513 2934 
2 299 1313 
1 1003 
2 1199 2985 
2 211 2215 
1 983 
0 
1 1690 
4 465 1900 2141 3593 
1 2476 
4 1906 1926 2020 3394 
0 
1 2022 
2 254 1777 
2 1662 1999 
2 1119 2599 
2 1726 1737 
3 1173 1587 3424 
2 1691 3702 
1 1187 
4 774 902 1343 3871 
3 1036 2160 2682 
5 1096 1523 1746 3519 3836 
3 1761 3002 3331 
2 1964 2415 
1 3153 
2 1866 2128 
2 1854 2236 
3 1298 2616 3095 
2 116 1493 
4 264 722 2202 3805 
4 125 2836 3401 3770 
1 1603 
3 1984 2133 2863 
2 1727 1994 
1 1585 
2 1039 2729 
1 1657 
2 1119 2222 
5 26 1605 1761 1896 3445 
4 217 987 2430 3368 
2 2074 2486 
0 
2 812 2441 
4 37 810 1548 1723 
0 
3 2236 2430 3834 
2 3029 3032 
1 425 
1 2491 
4 1678 1766 3124 3545 
2 606 664 
1 1868 
0 
1 122 
1 1469 
1 471 
1 3632 
2 302 672 
2 3479 3875 
3 630 1772 3180 
2 943 3182 
3 1154 2823 3854 
1 2787 
4 252 1327 2109 3197 
2 942 2714 
3 883 3587 3733 
3 949 3761 3770 
4 1273 1443 2536 2972 
0 
1 2908 
2 3006 3785 
3 2743 3027 3214 
4 853 938 3731 3816 
2 1310 3053 
3 1038 2948 3626 
2 221 1853 
2 1212 1606 
0 
3 292 537 2657 
2 38 3201 
1 3569 
3 1474 1929 2319 
5 132 1378 1808 2336 3399 
1 2060 
1 2261 
4 738 923 1060 2219 
2 343 2700 
1 322 
5 168 410 908 965 3066 
3 241 918 2237 
0 
3 1430 2323 2693 
3 204 351 684 
4 96 1716 3099 3237 
2 3222 3792 
3 566 2517 2992 
0 
2 2381 3210 
4 1407 1670 3238 3777 
5 1230 1874 2439 3331 3733 
2 985 1057 
1 842 
2 2057 3345 
2 3292 3332 
2 995 1568 
5 804 839 2119 2144 2539 
0 
3 97 1144 2142 
2 3006 3368 
0 
1 707 
3 940 1381 1390 
2 218 814 
1 2619 
1 1222 
2 1439 2194 
2 1705 2301 
3 550 912 3762 
4 1532 1581 2307 2342 
1 2687 
2 493 3814 
5 937 2109 2637 2794 3389 
3 638 2883 3126 
3 192 2342 2596 
1 3663 
5 11 141 2095 2722 3615 
5 4 1568 2293 2586 2675 
3 386 2348 2501 
2 1880 2944 
0 
1 294 
1 2680 
2 620 1638 
5 275 693 881 1275 3656 
1 2209 
2 158 802 
3 1774 2742 3192 
2 1043 2722 
3 808 1765 2954 
2 919 2347 
2 1371 3214 
3 1025 2210 3864 
2 714 3818 
0 
2 1599 2931 
2 2123 3400 
3 262 906 1031 
5 41 1164 3124 3325 3648 
4 438 2080 2540 2603 
3 489 1445 1595 
0 
2 2404 3724 
2 1626 2888 
2 2090 2999 
3 386 1431 2877 
1 2884 
3 803 3624 3644 
5 2112 2161 2329 2985 3726 
1 3489 
0 
7 39 58 692 952 1387 2940 3522 
3 3129 3206 3354 
3 1556 3078 3580 
3 207 397 1166 
2 349 3156 
5 259 857 1271 2030 3757 
2 52 3450 
4 564 1278 1608 1704 
2 1689 2734 
1 1211 
5 26 129 1154 2068 2837 
1 1991 
3 911 1121 3533 
4 186 1230 1434 1781 
3 463 1021 3543 
2 843 3776 
1 890 
2 2806 3228 
3 894 2074 3093 
7 338 1495 2313 2628 2653 2851 3426 
2 1638 2200 
0 
1 2461 
4 392 623 982 2824 
1 3402 
0 
1 614 
1 822 
3 1381 2577 3070 
2 1393 1691 
2 2847 3351 
2 1884 2451 
4 325 3197 3585 3840 
2 216 2450 
1 381 
4 491 1795 2079 2718 
4 321 825 1223 2489 
9 1470 1666 2019 2572 2624 2984 3440 3655 3851 
2 2548 3523 
1 3649 
1 1854 
5 1534 1576 2663 2942 3168 
5 546 1198 2268 2880 3097 
3 474 909 1956 
6 657 1331 1952 2626 2750 2767 
3 989 1980 2147 
0 
1 1743 
1 3257 
3 308 939 3560 
2 467 1835 
2 1951 2995 
0 
2 1072 1813 
4 215 429 1715 3772 
3 490 1304 1358 
0 
6 618 910 1269 1615 2584 3828 
1 3585 
1 1953 
2 293 3239 
4 1576 2554 2968 3372 
2 221 3291 
5 121 570 2633 2670 3395 
1 1666 
0 
1 731 
0 
2 926 3065 
1 1375 
3 1892 2762 3074 
3 617 2528 2759 
1 1849 
3 1521 1803 2285 
1 3427 
4 1104 1526 3566 3703 
4 660 2143 2461 3329 
2 1141 2270 
2 1145 2796 
3 435 737 1934 
5 1355 1634 1811 2737 3768 
1 904 
0 
4 624 2540 2888 3554 
3 1099 1991 2716 
2 14 686 
2 1104 2829 
4 922 2503 3007 3591 
0 
1 408 
2 2366 3554 
1 3299 
4 323 1839 2436 2746 
3 51 835 2806 
1 44 
3 1062 1128 1980 
2 84 3082 
4 256 283 1585 3124 
1 711 
2 2110 2520 
2 756 2098 
4 586 1820 2144 3647 
2 810 1068 
2 312 1966 
1 3790 
3 50 1262 1892 
2 98 3130 
1 2462 
6 292 1102 1390 1984 2997 3709 
1 728 
3 1483 2342 3470 
2 1652 3823 
3 1612 1639 3810 
1 3762 
2 2834 2912 
4 2244 2860 3051 3213 
2 1637 2082 
2 875 2556 
0 
2 378 3013 
0 
1 217 
1 1933 
2 0 957 
1 845 
2 1210 1338 
3 674 2616 3485 
2 426 2055 
2 1226 1939 
3 928 1417 3534 
2 3208 3654 
5 502 558 1097 1646 2344 
2 1635 2679 
3 4 554 3477 
7 2019 2146 2546 2637 2725 3272 3735 
3 685 1842 3552 
2 176 741 
5 416 1285 1787 1791 2866 
1 1493 
2 1240 3511 
4 343 1226 1336 2183 
3 48 2634 3594 
3 1930 1994 2051 
6 603 1022 2070 2211 2487 3478 
0 
3 1312 1901 2459 
3 368 620 647 
1 3498 
3 881 1847 2624 
2 277 2913 
3 2308 3189 3607 
1 3686 
1 3438 
0 
0 
2 1544 2641 
2 983 3444 
3 830 1028 1844 
1 2830 
2 1450 2445 
4 903 1601 2526 3281 
4 869 1274 1586 2425 
2 2946 2994 
4 861 1988 2374 3607 
2 2651 3550 
2 1542 3526 
2 542 1764 
1 2347 
4 1356 1811 2014 3428 
0 
3 1903 3102 3707 
4 734 914 2522 3081 
3 2715 3125 3501 
2 120 3740 
3 303 3002 3873 
1 1020 
3 136 2583 3354 
0 
1 339 
3 957 2253 3018 
4 2078 2103 2375 2763 
2 941 998 
6 184 738 1277 1937 1941 2413 
3 692 2184 2319 
2 2557 3115 
3 332 2956 3253 
4 898 1179 2103 3347 
3 609 760 2576 
1 1046 
1 1583 
4 1349 2050 2700 3850 
1 1725 
2 892 2000 
1 794 
4 622 2651 2795 3525 
2 1813 1991 
6 1118 1359 1551 2638 3604 3778 
2 1525 2658 
2 3031 3840 
4 1019 1843 1847 2522 
2 278 3473 
4 52 344 573 709 
2 324 1311 
3 1676 2539 3191 
1 249 
3 1408 2647 3762 
3 2105 2331 2334 
4 1100 1482 1485 3087 
1 3181 
3 2751 3632 3782 
1 1803 
3 1268 1472 3461 
2 60 3317 
2 420 2223 
2 1232 3610 
2 3065 3265 
0 
6 1111 1664 1874 1883 2695 3710 
0 
2 519 618 
2 576 1198 
1 46 
1 2250 
1 3167 
2 2460 3119 
1 3408 
3 1253 1289 3480 
2 757 2249 
2 957 2947 
4 1130 2349 3330 3631 
2 3 508 
4 1047 1133 3384 3802 
1 2907 
0 
5 1777 1822 2454 2980 3469 
6 683 865 2913 3010 3072 3122 
4 1008 1705 2581 3129 
4 1297 2455 2999 3795 
4 1657 2136 2168 2914 
1 2383 
1 13 
3 2126 2243 3796 
0 
1 3304 
4 94 645 829 3363 
2 755 2763 
3 2628 3746 3857 
1 1780 
3 207 2291 3268 
4 645 1629 1660 3636 
4 79 1593 1853 3843 
0 
3 2841 3326 3448 
2 455 3749 
1 1378 
1 720 
1 3231 
3 331 2762 3278 
1 2896 
3 1335 1865 2351 
2 1735 3156 
5 246 930 1702 2343 2871 
1 1746 
1 3302 
4 1076 1188 2814 3589 
1 422 
4 1281 1873 1884 1896 
1 3835 
6 800 2468 3095 3256 3679 3767 
3 420 1817 3714 
1 585 
1 1352 
0 
1 1349 
4 617 1505 1738 1848 
2 296 1649 
3 575 679 1431 
3 224 677 2400 
3 895 1145 2278 
4 834 1092 2272 3017 
4 1035 1258 1757 3607 
3 352 951 3387 
2 1593 3504 
2 928 2357 
2 490 3531 
4 1175 2147 2434 3590 
2 565 1371 
2 509 976 
0 
0 
2 1314 3514 
1 3815 
5 947 1392 1560 2248 3731 
3 1520 1541 2884 
1 50 
1 1268 
4 559 985 2035 2720 
4 390 682 2009 3576 
2 1713 2984 
5 1229 2984 3427 3548 3670 
3 944 2582 3078 
8 9 1359 2496 2841 3053 3463 3514 3563 
1 1844 
2 809 3671 
4 1341 1863 3036 3075 
7 839 1138 1441 1557 2524 3319 3616 
3 875 2991 3026 
1 2941 
0 
5 97 104 2022 2734 3730 
3 1865 3218 3745 
2 1104 3807 
0 
3 2012 3083 3610 
6 432 1429 1438 2436 3007 3757 
2 1832 3346 
5 1153 2616 2855 3747 3848 
6 179 746 1368 1771 3070 3122 
2 1804 3172 
1 644 
3 476 1303 2199 
1 720 
2 1037 1480 
1 970 
3 1396 1600 1743 
3 315 1311 2124 
3 1352 2682 3619 
5 36 650 799 2323 2482 
6 360 563 2146 2962 3099 3519 
2 346 508 
1 2504 
3 261 435 3594 
1 3521 
2 74 483 
2 312 3728 
2 372 2994 
4 2007 3059 3255 3733 
7 1363 1402 1892 1904 2524 2670 3757 
2 990 3602 
2 2209 3637 
2 1390 3347 
3 188 2360 2795 
3 1674 2809 3667 
0 
2 1382 3165 
4 1427 1964 3391 3726 
1 3756 
3 99 657 1300 
5 2397 2817 3437 3463 3809 
3 251 3431 3644 
2 1195 2133 
3 1137 2295 2809 
1 735 
1 1899 
4 94 1364 1765 2674 
3 608 833 2098 
2 533 538 
4 1833 2157 2236 3015 
1 435 
2 650 1088 
1 2926 
3 616 648 2079 
0 
1 2180 
1 905 
3 1302 1840 3633 
2 975 3250 
1 2995 
7 333 636 2099 2611 2650 2667 3501 
2 1710 2970 
0 
2 365 3301 
2 867 2620 
3 1479 2336 2394 
2 2827 3654 
3 179 2672 3514 
3 1668 1788 2723 
1 1593 
1 3629 
3 885 2098 2776 
2 926 1269 
0 
1 2273 
4 186 772 1464 2291 
1 3802 
3 415 804 2453 
1 719 
1 3397 
4 566 1719 2982 3645 
4 708 967 3274 3571 
1 565 
3 39 2278 2740 
3 782 1601 3687 
2 586 2602 
1 524 
2 221 2738 
5 424 1765 3013 3227 3815 
4 95 374 1422 2479 
1 1057 
2 832 1903 
0 
1 930 
1 2632 
3 289 472 2097 
1 262 
2 1943 2309 
3 1322 1951 2406 
1 998 
4 2772 2811 3136 3393 
0 
2 2096 2854 
1 53 
3 1520 2567 3666 
1 1270 
2 1511 2133 
2 2349 2840 
4 1163 1970 2115 3628 
2 846 3720 
1 239 
4 678 1687 2044 2395 
2 490 1815 
2 1318 2748 
4 387 721 2710 2914 
1 3860 
3 1010 1619 2347 
2 271 1016 
4 724 2543 3679 3794 
2 1285 2210 
1 2100 
3 845 1465 1549 
6 90 675 1052 1924 2903 3408 
4 544 610 953 2218 
2 711 892 
3 158 804 2151 
3 1351 1493 3008 
3 715 781 3414 
2 2677 2762 
2 932 3266 
6 1316 1685 1768 1977 2677 3494 
1 398 
0 
1 2227 
4 355 1013 1558 2529 
3 1382 3222 3337 
2 2782 3192 
2 460 3180 
1 641 
0 
1 368 
4 214 471 2585 2586 
0 
1 921 
2 425 2051 
1 1512 
1 1201 
1 3844 
0 
6 606 1275 1359 1510 3029 3371 
3 1319 1828 2108 
4 1747 1890 1963 2016 
3 1941 3029 3453 
2 1318 1495 
2 91 1179 
5 2135 2785 3329 3573 3802 
0 
2 1502 1584 
4 534 997 2909 2957 
2 389 2805 
2 516 3189 
4 1167 2011 2818 3229 
3 3379 3791 3831 
4 476 2926 3389 3548 
1 1137 
1 2952 
4 1226 2227 3257 3279 
2 35 3432 
6 968 1983 2864 3492 3539 3663 
3 2113 2975 3562 
4 1191 2337 2508 3648 
2 1109 1113 
2 1179 1269 
0 
1 81 
4 672 862 2406 2452 
2 894 2790 
2 148 2280 
3 858 1878 3386 
3 1032 2333 3648 
4 82 2369 3050 3442 
2 2178 2686 
2 797 3565 
2 797 3227 
3 724 2013 2476 
1 681 
3 1272 3242 3775 
2 55 3204 
1 3493 
1 2785 
1 798 
2 1627 3169 
1 2426 
4 981 1170 2472 3138 
3 2370 3150 3319 
2 1345 3077 
3 1138 1210 1337 
3 482 945 3075 
4 987 1402 1982 3335 
2 1311 1500 
4 779 780 2547 2984 
1 787 
3 616 926 3026 
2 557 3704 
0 
2 264 3092 
3 285 1406 2769 
8 234 674 722 1766 1772 1883 3038 3324 
6 942 1195 1686 1714 2705 2988 
1 2779 
0 
2 267 1175 
2 592 2923 
5 42 172 391 1713 1801 
3 1817 1868 1893 
3 171 1480 2362 
4 123 1265 1785 1791 
3 241 2146 2708 
3 15 50 2704 
1 1258 
2 2863 3568 
0 
3 1584 3361 3586 
3 1903 3056 3848 
1 2341 
3 316 944 3486 
2 2050 2216 
2 3206 3319 
4 325 1521 1663 3596 
3 1650 3396 3873 
0 
1 2289 
3 533 1543 1737 
1 446 
3 925 3163 3172 
4 688 944 1501 2594 
3 644 1519 2779 
3 568 1159 1327 
4 382 883 1937 2557 
0 
0 
2 1928 3338 
4 234 594 1232 2030 
3 1866 2270 2657 
0 
3 14 230 2050 
2 304 2988 
3 1726 2643 2735 
7 101 413 718 2733 2830 3038 3898 
4 706 1012 2332 3413 
2 2062 2316 
2 1476 2357 
0 
0 
3 949 1596 1789 
1 2158 
2 201 2316 
4 1984 2493 3291 3490 
0 
1 1210 
2 294 3863 
1 775 
3 1727 2712 3511 
1 3344 
5 77 452 2810 3192 3336 
4 772 959 1045 2559 
2 24 2083 
3 2151 3607 3777 
4 524 1473 1492 2634 
3 1357 2012 2439 
4 83 661 2856 3091 
1 3769 
2 450 3062 
4 911 1021 2738 3899 
4 1476 2150 2562 2565 
2 1794 1888 
2 1229 2349 
2 2228 2690 
5 94 406 595 2749 2997 
4 953 1738 1815 3557 
2 1102 2537 
2 115 2917 
2 1284 3086 
0 
5 262 437 1783 2077 3646 
2 1003 3448 
4 194 835 1550 3672 
2 1178 3336 
4 41 668 1579 2337 
4 1012 1342 2040 2628 
2 1589 1895 
4 1312 2524 2623 3442 
1 3113 
3 305 1233 1943 
2 2861 3769 
2 481 721 
0 
5 307 773 2175 3449 3794 
5 567 1241 1613 3045 3888 
1 3062 
3 935 1424 1514 
4 41 475 2144 2291 
3 1135 2618 3554 
2 1126 3737 
1 3111 
4 148 1784 2240 3871 
2 449 1937 
4 370 1109 1645 1813 
3 653 2619 3275 
5 43 275 1318 2692 2966 
1 2827 
2 217 1931 
2 332 1064 
3 346 1831 3601 
4 301 870 2245 3208 
3 246 930 3169 
3 1086 2754 3804 
4 460 930 2551 2797 
5 2384 2686 3251 3392 3505 
0 
0 
3 218 1465 2353 
4 268 2032 2507 2686 
3 1870 2540 3865 
3 740 2864 3796 
2 376 1535 
2 214 2942 
1 2953 
5 107 831 2235 3061 3184 
5 357 669 799 1742 3065 
3 28 2435 3738 
5 418 572 950 1463 2066 
1 1688 
6 550 690 912 914 1592 1684 
3 1491 1889 3562 
3 35 726 1752 
5 2210 2804 2987 3346 3477 
2 1116 2601 
5 897 1766 2038 2740 3054 
0 
6 250 1351 1814 1984 2119 3850 
1 201 
3 338 3581 3756 
1 240 
2 470 1652 
4 193 805 1232 2690 
5 189 1236 2258 2826 3025 
7 589 822 832 2880 2902 2941 3606 
2 794 1528 
1 1563 
5 581 1292 1717 2721 3371 
0 
6 195 851 2421 2541 2836 3198 
2 928 1401 
3 570 973 2281 
2 289 2091 
4 720 876 1988 2957 
3 1913 1943 2172 
1 2259 
3 1181 1574 3116 
4 412 468 517 3276 
4 982 1649 2520 3860 
2 862 2483 
2 1317 3001 
2 1885 2524 
1 77 
2 2257 3185 
0 
4 217 1666 1812 2034 
2 1759 2812 
2 678 2843 
2 765 1073 
2 1150 1661 
1 612 
3 2342 2717 2786 
2 1636 1947 
3 951 1212 2615 
2 1818 3777 
2 655 1948 
2 576 2386 
2 1047 3796 
1 2631 
0 
0 
3 790 2840 3035 
5 312 958 1386 1825 2108 
3 133 445 3047 
2 1177 3096 
4 229 585 2393 3161 
4 2231 2722 2951 3504 
6 168 795 1297 1623 2153 2798 
2 2211 3276 
3 114 334 1579 
3 627 3432 3688 
1 2199 
3 1650 2016 3466 
5 1082 1412 1767 2337 3305 
2 1361 1706 
3 233 3145 3500 
3 1869 2792 3258 
4 755 2648 3726 3870 
4 470 696 1903 2024 
5 79 1375 2021 2416 2848 
2 1771 2822 
1 3439 
2 1802 1859 
3 130 882 1390 
2 3787 3862 
2 2304 2579 
1 2303 
3 1399 2408 3833 
3 525 3398 3838 
2 1403 1760 
3 713 1120 1551 
0 
4 846 886 2484 3093 
2 731 2203 
2 2386 3361 
1 2692 
2 714 3502 
1 2886 
3 1435 2727 3469 
2 488 1076 
3 464 2565 2884 
3 303 870 3029 
3 432 1655 2603 
2 1733 3630 
2 3041 3096 
2 270 2066 
3 1260 2614 2798 
3 1961 2784 2815 
1 446 
2 3112 3536 
2 2662 2956 
2 275 3480 
4 1 776 1637 1825 
1 3006 
1 1982 
1 569 
4 149 2324 2351 2986 
2 611 3572 
3 203 2857 3116 
1 164 
2 1766 2224 
1 1893 
3 1345 1858 2258 
2 266 3127 
1 3731 
4 862 1377 1919 3735 
5 477 2000 3125 3809 3842 
5 520 977 1858 3872 3889 
2 1687 1952 
3 1226 3284 3638 
1 1117 
0 
3 719 1075 2057 
2 3462 3466 
2 2161 3458 
0 
0 
4 229 687 2676 3103 
0 
0 
6 214 1074 2221 2444 3185 3756 
3 1228 1708 1893 
1 384 
1 1607 
2 909 1763 
3 1529 3169 3360 
4 1567 2631 3385 3865 
3 1640 2720 3143 
1 391 
2 1570 1939 
3 19 2390 3735 
2 1091 2010 
2 342 1363 
2 968 1273 
3 1060 3031 3382 
3 1052 2621 3098 
2 553 1019 
1 1542 
1 3804 
2 2004 3772 
1 1154 
1 3168 
2 993 2648 
1 2862 
0 
2 2272 2502 
3 913 1346 3496 
2 2873 3685 
4 648 2747 3334 3869 
2 1613 2044 
2 1648 3155 
2 1071 3193 
3 568 1259 2092 
0 
2 124 2827 
1 2511 
2 150 2079 
1 420 
2 1511 3588 
3 373 3501 3645 
1 496 
1 1418 
5 397 877 2983 3424 3646 
2 2771 3479 
5 364 375 600 2368 3427 
4 1356 2837 2901 2997 
3 1980 2756 3821 
0 
2 3708 3796 
4 768 904 1525 2153 
3 1852 2867 3408 
2 506 1549 
1 2624 
2 768 1165 
1 1950 
3 1260 1799 3208 
2 934 1764 
3 80 1050 1961 
4 485 2245 2887 3360 
3 143 166 3007 
1 1010 
2 301 3718 
4 1877 3536 3585 3634 
4 2026 2548 2631 3568 
3 1778 2505 2891 
1 2118 
4 900 1183 1313 3577 
1 3221 
2 384 2508 
2 2060 2271 
2 518 1396 
2 1463 3406 
2 92 2287 
6 520 1278 1587 1844 2690 3422 
2 1504 2990 
3 899 2452 3507 
0 
2 640 761 
4 118 594 793 1819 
2 2368 3135 
1 3424 
8 366 1487 1500 1816 2143 2680 3059 3437 
1 59 
1 3209 
4 236 2547 2950 3772 
3 367 567 2941 
5 1797 1843 3589 3650 3748 
1 1240 
2 1178 2114 
1 3086 
1 969 
1 3145 
4 1713 1898 3008 3302 
2 605 3328 
3 190 299 1080 
5 1379 1573 1706 3228 3413 
1 3065 
0 
2 2835 3302 
4 834 1207 1480 2151 
2 2083 2966 
0 
1 1560 
2 705 2234 
1 276 
4 1113 2950 3265 3868 
2 59 292 
3 758 1592 1768 
1 2727 
2 1826 3242 
2 790 2061 
3 2506 2682 3795 
0 
4 145 1422 2375 3200 
1 3551 
3 574 808 2662 
1 3604 
4 984 2059 2114 3835 
6 884 1148 2385 2521 2785 2912 
4 475 751 769 2448 
1 2075 
2 956 1769 
2 1540 1629 
3 1126 2217 3418 
3 1839 1956 2914 
2 1809 3652 
0 
4 147 1323 2422 3449 
1 553 
2 2170 2450 
3 50 2688 3544 
4 767 1239 1778 2995 
2 2025 3148 
2 1472 1907 
2 2718 3762 
5 117 639 805 1832 3458 
1 3791 
2 3633 3643 
4 78 331 509 3826 
1 131 
2 2884 3208 
1 743 
2 1959 2154 
0 
2 1529 1574 
0 
1 1925 
2 1159 1575 
1 3095 
1 28 
3 414 793 856 
2 298 2379 
3 205 973 1787 
2 1847 3734 
2 2014 2795 
1 3481 
1 3818 
3 1241 1754 2031 
2 2766 3084 
3 1251 2181 2553 
3 1249 2018 2382 
0 
2 243 1493 
2 325 1992 
1 2480 
2 1506 3268 
8 417 429 763 1049 1999 2742 2854 3016 
4 1403 2282 3596 3834 
2 1061 2892 
3 588 873 3024 
3 228 302 2522 
2 1472 1769 
4 503 839 942 2882 
3 34 890 1671 
2 3628 3778 
2 1568 2620 
6 943 2634 2837 3384 3750 3881 
1 2574 
2 3414 3453 
2 1191 2211 
4 428 1147 1509 2214 
4 895 1217 1336 2576 
1 2849 
2 1681 3610 
1 2475 
1 2618 
3 2200 3267 3386 
1 2404 
2 1327 3787 
2 1220 3754 
1 1939 
3 1219 1603 3289 
3 1776 2020 3781 
2 515 2633 
1 3876 
2 2376 3482 
2 59 2427 
3 1512 2192 2746 
3 569 816 1532 
3 1092 1448 3441 
5 1026 1115 3198 3843 3863 
3 1419 2917 3775 
3 394 2761 3140 
1 3405 
5 93 1527 1734 2530 2547 
2 813 3706 
0 
0 
5 500 584 1417 2304 3529 
3 346 669 769 
1 702 
2 294 1612 
1 783 
4 196 1073 1348 1833 
6 450 1316 1319 2213 2901 3163 
4 9 262 746 2608 
1 3834 
2 471 1832 
4 296 1133 1760 2022 
2 2470 2855 
1 3535 
2 555 3283 
0 
2 2483 2794 
3 879 1863 2761 
4 426 716 2264 3214 
0 
2 1410 2828 
2 2166 3895 
4 515 1572 2013 3660 
0 
0 
4 947 1535 1672 2521 
4 1378 2414 3308 3875 
2 2141 2450 
0 
0 
5 526 987 2319 2544 2648 
3 156 2049 2220 
1 3659 
3 636 1830 3862 
2 1573 3415 
3 654 1753 2193 
4 609 2049 2621 3208 
1 344 
1 3732 
2 3386 3480 
3 2291 3771 3846 
1 2500 
1 2935 
4 202 2288 2605 3039 
3 491 614 796 
3 434 888 2073 
4 129 1126 2270 3790 
1 579 
2 1932 2256 
2 727 1274 
1 960 
5 710 750 906 2983 3440 
3 57 747 1274 
2 2647 3114 
1 1636 
3 695 1603 2987 
2 1187 2204 
5 1419 1806 1987 2132 2421 
1 2743 
2 2058 3242 
6 47 192 834 1248 1466 3045 
4 65 1806 3178 3707 
1 1997 
1 26 
3 333 1499 2899 
2 2852 2956 
3 1843 3133 3881 
1 2320 
4 548 3004 3081 3509 
4 429 1241 2646 2748 
1 793 
2 414 1420 
3 20 51 2251 
1 1490 
1 593 
2 886 2429 
2 148 1925 
3 3198 3384 3544 
3 792 1042 2056 
2 1086 3209 
0 
2 1273 3301 
2 479 562 
1 1884 
3 723 937 2500 
4 560 615 1557 3895 
3 3324 3650 3725 
1 3632 
5 369 1653 2280 2829 3520 
3 457 1105 1435 
4 866 1489 1828 3777 
3 344 1736 2446 
4 485 590 746 3479 
1 2970 
2 994 3646 
2 2580 3076 
3 626 1072 2530 
1 643 
1 1970 
2 122 2822 
2 1698 1896 
2 606 2169 
2 1584 3476 
2 2700 3822 
6 269 575 2025 2945 3552 3609 
0 
1 2714 
1 2537 
3 358 999 3046 
4 1513 1623 1783 3218 
5 17 1045 1633 2538 3685 
3 211 543 1293 
3 1155 2430 3637 
2 3075 3302 
4 240 317 1901 2796 
4 633 732 3071 3118 
4 1663 2960 3013 3254 
2 2665 3610 
0 
3 982 2104 2670 
2 289 3530 
3 2618 2966 3288 
1 2943 
5 240 397 629 1003 2027 
0 
1 581 
1 318 
2 1485 1871 
0 
2 613 1130 
0 
2 1677 3292 
2 1007 1835 
1 2669 
3 950 1651 3611 
3 626 795 3340 
6 118 1009 1227 2487 2956 3341 
2 3252 3430 
2 1956 3716 
4 803 1555 2335 3406 
3 227 2122 3580 
1 494 
0 
6 1287 1436 1958 2331 2904 3744 
2 1853 3381 
2 993 1612 
2 1927 2522 
3 2374 3426 3443 
5 1687 2779 3170 3379 3482 
0 
4 418 1268 3627 3886 
3 1101 1605 2141 
2 1261 1324 
4 1338 1784 3213 3323 
2 2174 2907 
5 104 686 1173 2039 3680 
0 
3 897 1796 3491 
2 1777 2136 
1 3306 
4 634 1543 3716 3866 
2 2252 3009 
2 603 1916 
2 220 1861 
7 92 283 565 2864 3070 3249 3330 
3 2572 2671 2855 
0 
2 302 3760 
3 1018 1356 3601 
6 25 1410 1610 2036 2192 3024 
2 2526 3824 
5 603 2442 2999 3223 3367 
4 244 1451 3443 3460 
0 
2 594 2461 
1 2982 
3 196 1716 3430 
3 2458 2570 2918 
1 278 
0 
3 1894 3383 3588 
4 1259 2431 3714 3780 
1 3754 
2 448 3799 
1 1439 
0 
1 2891 
1 2260 
1 3515 
1 3463 
2 85 3279 
4 2055 2219 2577 3531 
4 102 1523 3364 3427 
2 82 1602 
2 3074 3600 
0 
4 928 1131 1825 1837 
4 672 1930 3170 3838 
4 718 918 1792 3618 
4 1327 3160 3526 3666 
2 1935 2176 
2 2242 3551 
3 183 2252 3018 
1 326 
0 
5 500 1193 1231 1530 3496 
2 865 2567 
1 210 
2 2151 3323 
2 848 871 
1 1991 
2 2026 2858 
3 662 3292 3323 
3 611 812 1159 
3 3353 3675 3717 
1 496 
2 399 2424 
2 2515 3775 
2 496 1394 
1 3158 
2 1141 3430 
3 3727 3809 3848 
1 1357 
4 1340 1926 2260 3233 
2 931 3714 
4 865 1729 2209 2739 
5 157 427 723 1222 1734 
1 3426 
2 308 750 
2 1572 3392 
3 3556 3569 3897 
2 2957 3473 
2 1331 2742 
2 796 1141 
5 832 1510 1603 1694 2209 
6 754 1579 1923 1927 2199 2642 
3 2086 2795 3848 
2 1134 3630 
1 563 
4 1225 1794 2568 3657 
3 2114 2660 3239 
2 2190 2802 
2 1240 3751 
4 746 1501 2585 3183 
3 703 1098 1879 
5 127 742 1257 2835 3407 
2 1376 3163 
1 897 
2 3213 3323 
1 3867 
2 1919 2282 
3 2075 2503 2972 
2 833 2405 
5 582 701 1687 2955 3211 
2 362 825 
3 32 1552 3417 
2 150 1459 
2 2287 2683 
3 486 1109 2758 
1 364 
3 1264 2730 3583 
1 945 
4 1065 1204 1751 1891 
3 1472 2186 3894 
1 74 
6 247 1258 1637 2195 2890 3588 
3 1649 2556 3045 
2 330 2129 
3 922 1292 2133 
1 2621 
4 2026 2363 2386 2716 
2 1842 2494 
3 1633 2020 2654 
1 1182 
2 582 2162 
3 454 1077 3707 
3 2 829 1427 
3 72 444 2544 
1 3282 
1 3406 
1 2079 
4 172 2449 2644 3877 
5 67 718 1111 2025 3610 
5 883 1698 1733 2012 2757 
5 485 1010 1642 2297 2751 
5 1522 1663 2943 3211 3705 
0 
1 5 
2 1406 3857 
1 291 
4 594 1352 1780 2940 
2 731 2252 
0 
6 581 1162 1770 1849 2407 3146 
1 3307 
4 2458 3178 3402 3763 
1 946 
1 2724 
1 2229 
0 
1 1066 
5 233 255 1235 2237 3529 
1 2080 
1 1069 
0 
6 1289 1496 1651 2067 2672 3758 
3 1155 1301 3666 
2 956 1204 
2 1207 3731 
5 330 350 2029 2921 3648 
0 
3 3202 3327 3669 
3 885 989 1502 
2 2588 3424 
3 247 1585 3181 
1 2964 
2 478 3274 
3 754 819 1369 
4 163 386 1581 2843 
2 450 3438 
2 145 1133 
2 2909 3385 
2 887 3309 
1 2203 
1 2011 
2 930 1167 
6 52 539 571 666 1690 2804 
2 2514 3215 
4 278 2005 2444 2518 
2 851 2621 
2 1879 3744 
2 2253 3139 
1 273 
2 613 3725 
3 449 681 1623 
1 1460 
9 160 1251 1322 1501 1605 1664 2365 2616 2839 
5 17 115 1621 2010 2544 
4 167 1418 1603 3094 
4 205 2260 2821 2838 
3 85 1063 3132 
2 296 2979 
1 3685 
2 1436 2974 
1 2799 
4 401 1271 1412 3746 
4 895 1089 1757 3792 
4 1763 2009 2230 3862 
1 346 
0 
0 
2 2579 2968 
3 713 2823 3493 
4 1729 1982 2420 3546 
3 1604 2520 3830 
3 3251 3334 3611 
4 987 1376 1601 3594 
0 
1 2143 
2 281 2604 
2 788 2672 
1 3485 
3 538 1182 1975 
3 23 2189 2446 
2 2662 3898 
0 
4 1377 1539 1911 2403 
2 369 1820 
3 421 1818 3624 
2 972 1321 
3 405 1032 1532 
2 261 309 
2 401 2416 
1 1067 
1 2474 
1 1551 
0 
1 1838 
6 904 2100 2947 3372 3720 3879 
3 420 2708 3023 
1 2254 
2 1090 3193 
4 564 958 1533 1801 
3 826 992 3420 
4 1401 1572 2681 2823 
2 400 941 
1 1355 
3 78 2289 3541 
4 1022 2017 2168 3483 
4 78 127 3800 3898 
2 165 527 
0 
4 1960 2802 3241 3723 
3 538 2642 3134 
3 969 3043 3629 
4 142 1783 3338 3524 
4 825 1383 1552 2251 
2 506 1603 
1 1899 
3 326 353 965 
1 2221 
3 665 1827 3290 
1 3153 
2 227 3695 
4 91 1233 1723 2021 
3 1292 1692 2191 
3 53 1892 3747 
2 631 2159 
2 2385 3008 
1 492 
3 1398 3227 3802 
2 178 2405 
2 2165 3062 
1 3507 
2 1243 3680 
3 2242 2402 3278 
0 
3 930 2734 3191 
4 727 2040 2534 3434 
2 20 805 
6 24 708 1048 1415 1520 3242 
2 929 2643 
1 297 
4 135 1593 2239 3778 
4 146 318 2046 3645 
2 1672 2777 
1 2044 
5 1501 2041 2228 3598 3860 
4 2114 2151 2214 2611 
3 2300 2349 2517 
2 3590 3700 
3 1367 1550 3630 
1 2834 
3 2455 3337 3713 
2 2979 3684 
1 550 
3 2599 3157 3186 
2 296 1821 
2 245 525 
4 994 1155 2902 2937 
3 3080 3362 3425 
2 1061 3351 
0 
3 658 2823 2913 
3 2507 2814 3594 
0 
6 587 810 1152 1718 2758 3591 
4 53 805 1867 3580 
2 343 3039 
2 222 1443 
2 947 2167 
2 1713 1966 
3 677 2376 3438 
2 2421 2549 
0 
2 2776 3779 
3 172 1671 1949 
2 3279 3745 
4 480 1767 2283 2975 
4 144 844 2633 2731 
6 162 859 3139 3223 3272 3508 
0 
6 1492 1620 1839 2071 2159 3778 
3 2811 3279 3644 
3 1912 3130 3581 
4 2396 2671 3327 3817 
4 1023 1550 2830 3179 
2 1264 1493 
3 549 2383 3140 
3 1358 2667 3288 
6 144 829 2478 2733 2893 3495 
5 563 876 1871 2214 3103 
2 2685 3382 
0 
1 3308 
1 926 
3 32 336 613 
2 2615 3565 
2 2351 2567 
7 150 551 2061 2258 2956 3154 3492 
3 748 2305 2338 
0 
1 2399 
3 2927 2939 3072 
1 1529 
2 932 3222 
3 1302 2027 2107 
4 93 1217 2673 3871 
0 
1 3717 
4 569 1613 2698 3409 
1 3786 
3 69 966 2774 
6 1009 1278 1783 1933 3024 3278 
4 151 167 1957 3510 
3 2119 2994 3525 
5 1064 1614 2561 2892 2952 
2 455 1116 
3 267 643 685 
4 178 804 935 1040 
3 993 1725 2745 
6 727 1167 2089 2370 3083 3591 
3 1181 1231 2861 
5 69 1560 2623 2737 3097 
4 606 1000 1915 2306 
5 115 188 804 3180 3524 
3 2115 2815 2866 
2 52 265 
1 3718 
2 1252 2507 
4 141 523 1425 3832 
5 1124 1191 1802 1865 2697 
0 
3 536 1557 3462 
2 302 1965 
5 2844 2956 2982 3004 3071 
5 881 1376 1662 1760 2132 
3 902 1420 2715 
4 813 2360 3006 3170 
1 2595 
2 426 1212 
3 39 665 2373 
1 851 
0 
2 426 813 
1 1465 
0 
3 872 1506 2840 
2 324 3675 
1 1424 
3 1146 1972 3077 
1 2309 
4 1115 3305 3638 3715 
1 1979 
4 810 1649 2070 2475 
5 1002 1778 1980 2717 3393 
2 362 499 
2 607 2008 
1 3809 
4 1324 1328 2216 3844 
0 
4 211 2003 3500 3620 
2 1185 3227 
2 2716 3559 
3 369 457 1955 
2 965 3643 
4 342 484 904 1949 
2 937 3011 
4 709 876 2873 3725 
3 1141 2046 2331 
2 558 811 
2 974 1635 
2 1138 2619 
3 390 1634 3186 
3 107 1704 1976 
2 523 2647 
2 44 3787 
5 114 2139 2278 2623 3209 
5 982 1032 1463 2005 2344 
1 1169 
2 1668 3632 
8 62 747 1357 2521 2555 3252 3265 3464 
1 1933 
2 1300 2101 
2 910 3090 
6 49 604 1195 1277 2464 3784 
2 646 1273 
0 
3 339 1399 3266 
1 2115 
2 1463 3729 
3 1644 2155 3801 
3 381 1184 1729 
4 654 2033 2882 3130 
1 3612 
3 424 1538 3198 
5 488 1146 1333 2048 3698 
5 446 591 1133 2385 3645 
1 2579 
1 3831 
3 437 488 1213 
5 563 2238 3163 3270 3756 
5 361 1560 2415 3420 3600 
1 2414 
1 1995 
4 1110 2041 2566 3010 
6 204 539 1411 2913 2942 3819 
2 155 329 
1 2593 
4 39 2124 2132 2332 
1 1910 
3 1042 1047 3167 
3 1002 1957 2208 
2 2133 3545 
3 1430 2032 3466 
0 
2 593 1284 
1 50 
5 548 599 1778 3140 3887 
4 154 840 2542 3897 
1 1714 
2 180 811 
2 996 2030 
3 920 2057 3228 
3 1394 1738 3297 
0 
2 555 1979 
3 228 506 3835 
1 3810 
1 2070 
2 1122 3196 
2 34 775 
2 1511 1597 
1 257 
2 2267 2986 
1 3387 
4 506 804 1965 3553 
5 320 555 1350 2019 3172 
3 961 2370 3052 
3 2066 2980 3748 
1 3530 
1 872 
4 931 2434 2861 3203 
3 748 3184 3453 
2 1529 3150 
4 359 394 626 1673 
5 35 811 1041 1061 2647 
1 1447 
1 887 
4 167 555 1367 2294 
1 3346 
1 1152 
5 642 1665 2869 2893 3516 
3 136 2318 3870 
3 434 1381 1952 
0 
8 459 688 820 998 2422 2558 2601 2816 
2 626 2560 
0 
1 138 
2 1193 2765 
4 105 2029 2093 3671 
3 2365 2405 3502 
2 104 1857 
2 1633 1982 
1 1731 
4 954 2022 2148 3891 
4 1989 2145 2162 2645 
2 1771 3765 
1 1429 
3 38 95 2819 
1 17 
3 1045 1517 2652 
2 2780 2999 
2 113 3155 
1 2266 
2 1502 3238 
3 719 2953 2996 
2 1206 1343 
3 138 1490 2584 
3 1413 1502 3678 
3 838 2283 3148 
4 210 2196 3331 3791 
2 431 1464 
2 908 2987 
2 1315 3425 
4 411 1760 1829 3667 
3 368 1944 3758 
2 1467 3530 
1 2636 
6 471 835 903 3425 3557 3867 
0 
4 417 1069 1250 3378 
1 2282 
2 471 749 
2 2461 3844 
3 694 890 954 
3 1934 3067 3452 
0 
0 
2 972 2563 
3 975 2876 3684 
2 1723 1813 
2 1114 2991 
2 340 695 
3 333 1048 1901 
3 348 3252 3266 
1 3347 
2 1811 3798 
3 332 1184 1405 
4 1761 1859 3076 3116 
1 1410 
2 1202 2027 
2 1659 2044 
2 1027 1117 
0 
4 748 2481 2720 2920 
2 152 634 
6 1781 1883 1966 2482 2931 2935 
4 392 1718 1965 3738 
0 
2 1977 2749 
1 2243 
5 705 1365 3066 3150 3832 
2 2710 2861 
1 1797 
0 
1 2320 
1 1629 
2 1821 2932 
3 55 727 1968 
0 
4 1800 1873 2260 3421 
5 334 384 1106 1802 2818 
3 2384 2393 2577 
5 126 795 1034 1620 1911 
1 765 
5 161 397 854 937 2014 
2 3329 3396 
2 2483 2521 
1 1324 
3 452 953 2354 
2 1914 2738 
1 3586 
5 300 373 484 1477 2830 
3 1223 3102 3665 
2 2061 2451 
5 162 431 2389 3394 3605 
2 3 1851 
0 
2 1329 2754 
2 3020 3591 
4 26 142 1226 2194 
2 481 1046 
2 3531 3641 
1 2286 
1 1808 
2 1079 2018 
2 1595 1825 
1 2196 
1 625 
2 1804 2156 
3 586 1614 2033 
3 1071 1604 3811 
6 758 1591 2332 2334 2348 3022 
3 602 866 1550 
3 781 1289 3516 
4 1 457 1214 1984 
3 2592 3288 3729 
5 748 992 2041 3709 3869 
2 1655 3866 
2 1220 2004 
4 326 423 1884 2828 
3 138 1252 1539 
2 999 1671 
6 140 598 1278 1913 2216 3467 
0 
3 998 2030 2452 
4 1192 1371 1549 2223 
4 1123 1478 1537 2446 
4 115 1390 1753 1959 
0 
5 1576 1908 2520 2848 3820 
4 294 839 1869 2024 
1 1217 
2 919 1861 
3 1840 2009 2078 
1 965 
3 16 585 2912 
2 1436 2067 
2 2421 3021 
3 935 2070 3343 
3 1422 2924 3642 
3 886 1685 2341 
3 1694 1852 2016 
1 3622 
2 3124 3442 
6 708 1089 1693 1960 3075 3244 
6 2268 2364 2365 2432 2945 3140 
2 1691 1816 
1 3805 
1 1843 
3 1298 1303 2247 
3 479 823 842 
2 431 741 
0 
0 
1 2658 
4 416 1458 2101 3570 
2 1345 2882 
3 231 1052 1870 
2 1326 3655 
1 1177 
3 212 1129 3003 
6 1170 1746 1993 2866 3148 3391 
1 847 
2 3027 3789 
0 
0 
4 928 1025 1886 2397 
2 1572 2036 
2 299 3765 
1 2862 
6 50 432 1801 1876 2038 3200 
1 1729 
3 2377 3128 3205 
3 1312 3143 3599 
3 169 307 2426 
2 1180 1518 
1 2098 
1 881 
2 469 2033 
4 324 650 1096 1547 
2 277 1569 
3 2260 2928 3334 
1 405 
3 863 1160 3032 
1 2833 
1 2378 
1 1503 
3 2357 2657 3689 
1 18 
3 1768 3554 3683 
1 282 
5 952 2686 2753 3224 3672 
4 1092 2148 3253 3799 
3 1908 2634 3069 
1 3156 
4 254 2143 2665 3800 
2 699 2491 
1 692 
6 389 644 668 2076 3198 3322 
2 657 2213 
2 717 1645 
2 1830 2055 
2 3420 3587 
2 469 475 
3 1386 3614 3899 
3 495 2584 3299 
1 3538 
2 1753 2608 
3 747 982 3290 
2 192 250 
1 388 
2 3302 3460 
2 286 3294 
3 766 2151 2884 
6 1148 1177 1507 1695 2364 2478 
3 705 1773 1836 
1 23 
0 
3 17 1125 2270 
6 234 937 1762 2374 2465 3777 
1 3639 
0 
2 1407 3384 
5 274 2594 2874 3349 3463 
3 614 1856 3511 
2 2487 3332 
1 530 
2 11 3816 
2 154 2152 
2 1534 3884 
1 2643 
0 
3 1324 1783 1856 
8 161 639 703 1535 1860 2609 3662 3705 
1 3639 
2 752 3250 
4 527 1425 2275 3579 
1 3032 
2 118 2515 
1 1824 
1 2442 
4 136 1294 1418 2803 
3 236 2518 3420 
5 365 1141 1625 2095 3796 
5 234 390 898 2310 2387 
1 1914 
3 423 617 814 
2 334 574 
4 1913 2092 2303 3246 
2 96 3404 
3 871 2803 3672 
10 19 722 864 1159 1475 1695 2113 2437 2547 3415 
2 2128 3526 
2 987 1109 
2 1202 3809 
2 1838 2356 
1 2008 
3 646 2388 2782 
2 852 2986 
4 1674 1729 2374 3068 
3 149 2694 3164 
5 10 286 1054 2315 3356 
3 1541 1914 3548 
0 
0 
2 1679 2461 
2 1288 2304 
2 1717 3169 
3 119 527 1655 
1 1368 
1 1189 
0 
1 954 
1 2833 
1 1421 
2 894 3081 
2 1467 3125 
1 3218 
1 778 
2 2745 3454 
1 652 
4 1219 2338 3186 3442 
1 3618 
3 429 3030 3032 
3 472 2807 3664 
2 2271 3637 
3 1530 3822 3847 
1 2994 
0 
2 1630 2742 
1 1508 
3 28 1672 3597 
4 7 1257 1436 2918 
3 1302 2683 3115 
2 244 1999 
3 1532 2497 3611 
3 1929 2006 2871 
1 2644 
1 3492 
4 609 991 1502 2358 
4 309 1246 3385 3604 
3 3107 3473 3574 
3 158 2896 3478 
2 1013 1590 
3 1323 3478 3547 
1 2340 
1 2787 
0 
3 1859 2575 3265 
4 263 628 1492 1501 
3 270 716 933 
5 432 988 1239 2343 2813 
1 2559 
2 1274 2099 
3 1240 1695 1738 
3 10 132 2715 
3 823 1806 2022 
3 1183 2777 3549 
1 720 
3 214 1458 3698 
1 1298 
4 1060 1667 3470 3765 
2 166 2516 
3 502 2025 2547 
2 1040 3381 
3 3114 3165 3665 
1 2978 
2 730 763 
3 874 1694 3845 
3 1565 2293 3056 
3 1614 3043 3292 
2 986 3465 
1 3333 
1 3235 
1 1163 
1 925 
3 155 174 646 
5 218 1568 3303 3375 3647 
1 1848 
2 1690 3586 
1 902 
0 
3 1468 1682 2853 
3 530 1969 3045 
2 404 2524 
4 911 1118 2515 3622 
1 3524 
2 2049 3853 
2 581 3184 
2 516 3430 
3 511 2741 3558 
4 1339 1663 3763 3796 
5 1428 1469 1558 2396 3207 
6 60 468 1598 2330 2702 3082 
4 70 1647 2696 3106 
1 2421 
3 52 1315 3387 
1 963 
4 943 1042 1746 2931 
2 955 3844 
5 1454 1490 1606 1979 2081 
1 213 
2 2776 3278 
0 
1 1285 
1 2502 
1 1922 
2 1881 3600 
4 331 2045 2727 3394 
1 3615 
5 366 840 1313 2118 3453 
2 1129 2185 
3 568 1085 2477 
1 671 
3 96 3406 3536 
3 2136 2903 3833 
1 46 
0 
6 567 680 1824 2665 3778 3795 
2 3485 3510 
3 25 774 1355 
3 951 3288 3890 
3 1227 1517 1940 
4 1725 1928 2319 3803 
1 3741 
2 362 2834 
2 2002 2557 
3 1132 1524 3841 
2 1310 2381 
3 828 1654 2988 
2 2643 3231 
6 537 672 898 1307 2917 3154 
1 3079 
2 255 2229 
1 1896 
2 640 3810 
0 
1 1551 
1 2793 
2 33 2657 
2 1696 2524 
2 245 3257 
1 2736 
5 1006 2148 3030 3340 3574 
3 1005 1268 2166 
1 1747 
1 1771 
1 247 
3 439 3527 3748 
4 694 1798 2354 3048 
1 2144 
1 3663 
2 2570 3301 
3 308 2517 3528 
1 3831 
5 2161 2449 2544 3268 3798 
4 847 853 2341 3300 
2 2895 3649 
2 1900 3513 
4 210 472 1297 2283 
4 1334 1974 2873 2932 
0 
0 
3 220 616 3887 
1 1036 
2 2557 2564 
2 2440 3133 
2 74 2512 
0 
1 286 
1 2253 
5 495 1410 1816 2686 3526 
3 846 1856 2011 
1 776 
3 495 2011 3502 
3 1406 2842 3368 
3 211 662 2602 
4 767 885 993 3098 
4 1747 2181 2875 3546 
1 3662 
3 2205 2430 3142 
3 821 2040 2316 
5 247 252 399 971 2429 
4 550 2211 3553 3630 
2 420 1825 
2 2405 2635 
0 
4 268 456 713 3817 
4 7 256 2011 3784 
5 12 518 704 873 1696 
0 
3 548 1036 1745 
0 
3 918 2763 3649 
5 1988 2309 2658 3266 3844 
0 
1 2155 
3 572 848 2087 
2 2199 2894 
0 
2 630 1785 
1 3634 
3 812 2527 3020 
4 1537 3035 3175 3561 
3 2045 2114 3540 
3 1603 1909 2045 
3 379 2531 2892 
2 2842 3321 
4 1104 1139 3250 3360 
1 777 
5 791 1768 1885 3291 3838 
2 3686 3812 
1 3121 
1 1788 
5 452 1414 2119 2159 3057 
4 469 1173 2415 2865 
3 1255 1719 2967 
1 2072 
1 2085 
3 120 1211 3876 
1 2763 
4 226 2288 2422 2676 
2 1220 2397 
4 528 1735 2769 3049 
4 915 1981 2818 3050 
7 39 1178 1675 1844 2804 3255 3709 
5 976 1014 1537 2712 2972 
3 2144 2717 2839 
1 2157 
1 1994 
1 1070 
1 3005 
1 2873 
2 985 1981 
3 81 662 2636 
2 708 2842 
2 1732 2252 
3 637 2066 2382 
1 2831 
2 97 1749 
3 111 566 3130 
1 2656 
2 1682 3771 
1 1633 
3 280 1247 3734 
4 1519 1678 1909 2345 
3 695 772 3140 
3 1560 2623 3514 
1 1007 
1 2830 
0 
3 2769 2832 3617 
1 2650 
2 471 2606 
2 1293 1850 
3 152 1849 2375 
2 999 1639 
1 2724 
3 2650 2978 3784 
0 
1 1620 
6 949 1324 1720 2037 2255 3835 
3 1187 1903 2381 
1 3600 
2 1483 2891 
1 450 
2 789 2074 
2 1256 2583 
1 3528 
3 1342 2342 2791 
5 168 174 1379 2340 2575 
1 1448 
3 2045 2857 2972 
1 2896 
3 574 1889 3789 
1 927 
3 381 603 3168 
1 2151 
2 2439 2502 
3 228 866 2438 
2 2326 3025 
1 171 
2 1438 2140 
1 3887 
3 1060 1595 3617 
2 448 3457 
5 1358 1630 2026 3003 3412 
1 2771 
2 1179 3822 
3 1548 2315 2477 
5 322 1189 1294 2621 2836 
2 320 1993 
4 772 1135 2024 3195 
2 674 3816 
2 523 2505 
2 526 1700 
0 
0 
4 1444 1562 2757 3812 
3 434 2635 2804 
2 513 2962 
8 40 311 365 1441 1942 2165 2503 3701 
1 396 
0 
3 1832 2545 3153 
2 2119 2494 
0 
3 2960 3491 3851 
3 557 3270 3625 
1 2673 
2 1279 3733 
1 3549 
1 790 
1 3615 
1 1641 
3 1244 1801 3184 
3 119 137 781 
2 2272 2449 
2 1737 2114 
1 686 
2 1224 3194 
3 16 1963 2968 
2 616 1965 
4 959 1283 1986 3441 
3 92 1012 3137 
0 
1 169 
5 432 1403 2125 3114 3486 
1 3023 
1 325 
0 
4 177 2096 2829 3450 
1 3673 
2 854 2715 
3 1538 2465 2921 
1 3653 
2 590 3509 
3 91 2195 3304 
0 
1 2847 
3 1308 1351 2878 
1 256 
5 1085 2265 2438 3299 3663 
3 376 1518 2461 
3 619 2826 2926 
3 1124 2454 3604 
2 1171 3123 
3 919 1711 1776 
4 767 1128 3272 3418 
1 3275 
1 2679 
2 1095 3840 
2 2327 3684 
2 114 128 
2 1594 3857 
3 1484 2138 2245 
2 2222 2876 
3 224 1696 2313 
3 1595 2142 3373 
1 2536 
4 388 958 1621 2029 
4 1178 1292 1828 1986 
6 460 488 1230 1413 3108 3789 
1 3471 
7 594 626 888 961 2244 2300 3668 
2 3454 3484 
2 449 1437 
1 2362 
1 360 
2 16 731 
3 1264 1363 2564 
2 2366 2972 
0 
1 111 
2 1685 3539 
0 
5 196 2519 3384 3563 3708 
2 877 1374 
1 1377 
2 234 492 
3 277 372 920 
3 949 2700 3093 
2 1866 3326 
1 715 
5 126 1297 1544 1604 2315 
1 2464 
2 423 3833 
6 40 797 1144 1264 2151 2223 
4 327 1123 2781 3125 
1 1720 
0 
1 914 
1 3057 
2 1219 3674 
2 350 3526 
3 16 1828 2897 
3 406 1533 3436 
6 473 835 2286 2325 3027 3186 
2 1903 3594 
2 862 2212 
1 1904 
1 1763 
2 871 3575 
2 1947 3809 
3 2325 2530 3107 
2 871 1020 
2 57 1852 
3 701 1473 1745 
2 1506 3246 
1 3280 
4 1444 2312 2607 3543 
1 2596 
2 326 1432 
2 2 3332 
2 95 1237 
5 2208 2430 2719 2772 2799 
3 476 1241 3047 
5 317 1458 1981 2800 3553 
1 3138 
5 121 1005 1618 1845 2892 
3 64 1362 3861 
2 525 2852 
1 589 
2 465 2427 
5 346 1926 2105 2951 3018 
2 738 1510 
3 255 738 3100 
0 
1 1580 
1 3717 
0 
1 3483 
1 2015 
2 1855 3284 
2 832 2123 
2 1786 2981 
2 252 2571 
1 3135 
1 2628 
2 143 1703 
3 2684 3460 3603 
2 934 1903 
3 682 2336 2643 
3 277 1022 3182 
2 1626 3147 
3 1310 2966 3632 
4 2413 2859 3114 3640 
3 35 2570 3012 
2 1275 2107 
1 2133 
1 3776 
3 657 1695 2818 
1 9 
1 3729 
2 1026 3853 
3 973 1744 2752 
6 156 415 605 1603 2773 2955 
1 2888 
3 899 1245 1388 
3 242 905 1819 
2 661 1235 
5 1075 1303 1536 1596 2450 
0 
4 888 1770 1824 2407 
4 326 437 1112 3804 
1 56 
2 333 2794 
1 3884 
4 308 535 886 2598 
1 3582 
0 
3 978 1066 1123 
3 39 691 2644 
4 352 1253 1726 3464 
5 430 865 1236 2093 2694 
3 2345 2459 3204 
3 1936 2394 3193 
3 250 423 3583 
2 40 485 
0 
0 
1 444 
2 1502 1660 
7 844 1688 2130 2290 2602 2957 3014 
3 1548 2197 2632 
4 1914 2815 2851 2965 
2 1336 3387 
7 494 1320 1822 1893 2703 2822 3596 
3 997 1082 1297 
0 
5 657 2412 2418 3361 3854 
3 453 483 3364 
3 63 1919 3113 
1 308 
2 1539 3468 
0 
3 101 2401 2948 
6 207 840 2087 2299 3136 3523 
5 26 90 486 2054 2354 
1 2976 
5 1507 3213 3285 3726 3780 
0 
3 1030 1175 1631 
2 330 2761 
2 2698 3640 
4 1384 2095 2278 3826 
0 
4 657 1736 3758 3799 
3 82 2731 3658 
2 1400 3754 
3 352 626 1386 
3 1432 1732 3850 
3 664 1572 1627 
3 1754 2469 3117 
1 643 
3 255 2746 3630 
2 1057 2381 
2 725 727 
0 
4 421 2510 2957 3466 
3 260 1141 3268 
2 1651 3693 
3 149 615 1171 
4 1524 2193 2907 3666 
2 2600 2870 
2 1739 2978 
5 778 915 919 2091 2331 
2 87 248 
1 1190 
2 3137 3384 
3 874 942 1133 
3 2887 2895 3437 
2 906 1015 
1 220 
2 2160 2634 
1 506 
1 2254 
1 1778 
2 1757 2664 
1 2786 
4 215 479 1370 2541 
0 
2 2253 3428 
2 2647 3632 
1 815 
2 805 3298 
1 3655 
1 3343 
4 814 1646 2758 3385 
0 
2 711 1971 
2 2976 3885 
2 859 2386 
0 
3 193 1373 2941 
8 461 1784 2215 2493 2825 2946 3089 3266 
4 373 1537 1810 2799 
4 971 1802 2387 3219 
3 324 1194 3033 
1 2575 
4 585 1067 1963 3313 
2 947 3231 
3 254 266 986 
4 665 3401 3656 3787 
3 1564 2417 2898 
1 423 
1 3187 
3 1018 1168 2268 
3 2904 3335 3714 
1 164 
1 1527 
2 1726 2668 
2 2809 3430 
2 845 1737 
3 297 598 1684 
2 844 3522 
3 76 93 2302 
4 369 1770 2941 3553 
3 684 870 1989 
1 1492 
3 680 935 3464 
2 2250 2878 
4 265 1226 1499 2189 
2 200 1325 
1 2963 
2 1767 2179 
3 381 1257 2675 
4 1088 2992 3070 3738 
3 710 1336 3531 
2 875 1968 
1 333 
4 498 1551 2784 2965 
1 2615 
2 2091 3868 
3 913 1997 2766 
0 
2 1106 3713 
2 1550 2458 
3 1525 1713 2708 
1 360 
1 3492 
3 1262 1284 2663 
5 6 359 546 725 3085 
5 469 534 2353 2380 2969 
2 5 2930 
1 1907 
2 1218 2754 
3 333 3250 3291 
1 2929 
3 803 2383 2411 
2 3186 3791 
3 1103 2447 3428 
3 697 2575 3540 
2 2616 3198 
1 1759 
0 
3 668 1722 2262 
4 92 1692 2217 3380 
1 2974 
3 806 833 1415 
3 1920 2892 3012 
1 2548 
4 733 2157 3306 3778 
2 3257 3288 
2 1027 2751 
3 752 786 1178 
2 971 2699 
3 191 2206 3228 
0 
0 
1 773 
2 109 2429 
2 996 3476 
1 2298 
3 250 1283 2626 
4 483 630 1214 1503 
2 367 1381 
2 914 3050 
3 987 1026 3144 
5 1611 2575 2716 3167 3470 
1 2577 
1 3679 
4 1508 1659 2853 3855 
2 2141 2150 
6 933 1593 2385 2459 3270 3671 
1 756 
3 306 382 3301 
1 2184 
0 
3 631 640 2732 
1 861 
2 697 1730 
3 111 966 3685 
2 2211 3095 
2 553 1711 
3 1027 1773 2645 
2 1903 3130 
1 637 
4 758 1980 2384 2611 
1 1917 
0 
1 1606 
3 1000 1366 2647 
5 190 1619 1651 1710 3772 
2 312 3136 
2 2715 3414 
3 943 2504 3714 
4 89 663 907 1094 
3 1287 2019 3683 
3 375 1355 2491 
6 447 845 1733 1991 2409 3104 
2 2398 3777 
1 2411 
3 2084 2173 2960 
6 403 1699 2285 3342 3496 3677 
3 1158 1512 3409 
3 159 949 2450 
4 299 1105 1236 3625 
1 1606 
5 1603 2387 2896 3222 3325 
5 704 981 1794 3353 3804 
2 541 590 
5 2335 2367 2395 3130 3134 
2 967 1585 
2 1782 3001 
0 
1 3661 
2 319 2499 
5 49 999 2029 3336 3718 
1 1242 
0 
2 308 2645 
2 1332 2581 
3 2242 2802 3436 
3 699 1226 3555 
5 605 1279 1432 3509 3854 
1 867 
4 1038 2432 3530 3803 
1 1478 
1 2606 
1 404 
7 891 1769 1889 1971 3093 3666 3887 
3 1083 2069 2972 
3 102 161 817 
3 765 921 1431 
2 2375 3034 
5 56 426 1773 2061 3577 
1 1110 
1 3835 
4 1899 3360 3597 3710 
4 2684 2999 3032 3213 
4 550 2196 3221 3706 
0 
5 1087 1815 2320 2392 3211 
2 2123 3401 
1 2338 
4 1948 2516 3570 3772 
1 283 
4 2500 2741 3250 3396 
2 3279 3286 
2 331 944 
2 14 3799 
4 1232 1840 2056 3841 
1 251 
6 284 582 1020 1200 2113 3437 
0 
1 1017 
3 1118 2691 3447 
4 281 372 2617 3240 
2 2931 3333 
1 1532 
4 1124 1453 2424 3054 
5 1228 1763 2366 2579 2780 
2 1737 1899 
1 2358 
3 2317 2691 3654 
4 547 2202 2433 2839 
1 2555 
1 2724 
1 1331 
0 
4 1105 1274 3196 3724 
4 944 1706 3227 3623 
3 719 2275 3891 
4 1410 2728 2928 3862 
0 
1 3800 
3 521 1421 2683 
2 198 3740 
3 755 1588 3100 
1 3084 
0 
4 403 1178 2035 3314 
5 438 524 1710 1853 3404 
6 527 711 1184 3337 3445 3879 
2 3617 3810 
1 29 
3 878 1261 2291 
4 1444 2192 3133 3493 
0 
3 1963 3652 3810 
5 1576 2494 2937 3232 3843 
0 
1 809 
1 2039 
1 3707 
4 649 760 2504 3815 
2 1750 3588 
4 2081 2904 3180 3674 
1 2768 
1 2764 
6 273 1965 2258 2889 2957 3322 
2 1976 2320 
0 
2 128 3676 
2 1309 1965 
0 
3 1706 2921 3001 
0 
1 1750 
5 289 1557 3358 3680 3802 
5 596 944 1145 2714 2737 
3 330 923 1853 
2 1389 1552 
1 257 
2 1371 2045 
2 451 2715 
2 517 1645 
2 203 2656 
1 3745 
2 1144 1165 
4 51 986 2584 3077 
2 762 1763 
3 924 1924 3808 
1 267 
3 1520 2616 2991 
7 474 1030 1332 1403 1746 1782 3820 
6 755 953 1498 2643 2679 2931 
0 
2 33 3066 
3 1383 2467 2833 
0 
2 617 2460 
2 2744 3324 
2 117 1582 
3 2645 2751 3464 
6 906 1160 1388 2605 3039 3286 
2 2376 3692 
5 350 1618 2481 2976 3126 
1 2763 
3 658 1360 3845 
0 
6 196 1518 2386 2432 2531 2862 
1 3170 
2 1610 2778 
2 766 1725 
3 2659 2711 2968 
0 
5 104 2226 2418 2685 3861 
4 124 1608 1701 3447 
2 523 1886 
2 2595 3453 
4 677 1442 1782 3726 
2 1102 1318 
4 326 587 588 797 
2 131 286 
3 1036 1881 2158 
3 933 1322 1931 
3 805 843 2289 
0 
4 114 1134 3140 3184 
3 595 1950 2955 
2 224 2747 
0 
5 451 624 1762 2187 3366 
5 340 656 1191 3175 3705 
1 1924 
3 397 875 1105 
1 3263 
7 282 526 1438 1920 2870 3811 3891 
2 3326 3553 
5 960 2844 2937 3549 3790 
2 151 463 
2 2060 2446 
2 1335 1782 
3 2391 3127 3185 
5 199 237 1033 1785 3557 
3 376 603 1119 
4 723 1152 1675 3623 
1 1428 
2 524 1852 
1 1814 
2 2607 2780 
3 408 685 1383 
1 2643 
1 646 
2 1226 3882 
1 568 
4 111 468 1469 2584 
1 45 
2 1998 2362 
1 2037 
1 2011 
3 1646 2488 3139 
3 1229 1436 1760 
3 943 2440 3730 
3 595 799 3879 
3 200 2063 2557 
0 
6 175 746 749 1021 3402 3632 
2 2183 2303 
3 487 1074 3373 
6 175 2083 2137 2183 2870 3206 
1 2718 
2 2865 3692 
2 981 2363 
1 593 
1 3507 
4 804 845 3377 3873 
4 1310 1715 2966 3347 
0 
1 1024 
0 
2 1661 2230 
1 3664 
5 895 1327 1533 2243 3371 
1 1375 
3 983 2576 3124 
3 115 2309 3346 
2 2383 3696 
3 777 2384 2797 
1 404 
1 1885 
3 83 202 590 
3 935 2891 3584 
1 3497 
2 820 2229 
3 125 2374 2552 
0 
2 625 1141 
1 3423 
2 925 3091 
4 65 869 896 1679 
1 3845 
1 3528 
5 2 357 504 926 1156 
4 58 217 1970 2959 
2 1944 3255 
2 2159 3744 
1 2093 
4 317 606 1431 2747 
3 1382 1782 3212 
2 524 1750 
1 3426 
4 8 359 1461 3606 
4 593 794 1380 2044 
2 1362 1957 
5 792 1797 2951 3081 3569 
4 38 291 589 3786 
1 2292 
1 1707 
4 460 1335 2175 3077 
2 385 2253 
3 602 1768 3670 
3 78 1218 2910 
1 2762 
2 879 1149 
3 496 3658 3784 
0 
3 2715 3343 3437 
1 1831 
2 867 3061 
1 802 
6 307 1012 2541 2861 3680 3811 
3 56 1605 3481 
6 156 557 1208 2813 3131 3319 
2 984 1024 
2 331 1770 
2 1075 2337 
4 15 222 617 3775 
2 2586 2909 
0 
3 459 1992 3601 
2 1057 1738 
2 2830 3477 
1 3653 
2 2254 3670 
2 2201 2564 
1 2522 
0 
1 3787 
4 901 3448 3691 3834 
1 1029 
3 889 2652 3196 
4 1320 2225 2487 2606 
4 473 2193 3161 3381 
4 956 1038 1957 3224 
4 2 2673 3172 3248 
1 1382 
2 513 3844 
2 111 3128 
2 2372 3250 
4 524 606 3470 3754 
3 85 2506 3830 
7 178 276 386 2043 3047 3460 3888 
4 461 1046 2176 2548 
2 251 2968 
2 1043 3005 
2 2072 3120 
2 290 525 
6 395 1731 1840 2400 2816 2842 
2 61 3095 
3 29 1607 3257 
5 1333 2326 2918 3601 3623 
3 1660 2842 3142 
2 1139 2597 
3 697 2657 2824 
2 2484 2689 
2 790 2578 
5 1598 1727 3023 3450 3693 
6 1262 1735 1865 2045 2406 2990 
0 
2 2340 3134 
2 1067 2073 
3 21 82 2798 
3 995 1151 3550 
2 23 1560 
1 2604 
3 1192 1928 2061 
0 
3 791 1891 1970 
0 
1 3505 
4 153 1669 2464 3421 
2 1746 2291 
2 1090 1921 
3 293 549 2094 
2 1703 3836 
2 1486 3875 
1 3213 
2 1466 3741 
2 985 3115 
0 
4 831 1274 1513 1848 
1 2160 
2 633 2225 
0 
4 512 1858 2799 3208 
3 330 1081 2436 
4 788 912 1065 2167 
5 1415 1464 1785 2973 3628 
0 
4 607 831 1884 3117 
1 3284 
0 
2 2363 2995 
0 
1 3328 
3 1328 1562 3587 
1 1733 
6 80 188 734 1772 2928 3391 
3 80 497 1581 
2 189 2603 
3 1510 3412 3502 
5 925 1890 2248 2475 2990 
3 963 1060 3005 
6 1703 1820 2181 2557 2770 3601 
2 2726 3375 
0 
2 439 757 
0 
2 492 1684 
3 265 733 861 
3 1091 1648 2636 
2 2480 3678 
1 2452 
4 1877 2901 3113 3456 
4 101 192 321 3537 
6 949 1260 1344 1842 2098 2773 
1 3325 
4 1173 2070 3426 3439 
2 208 3350 
2 1578 3856 
1 1889 
3 784 2635 3336 
1 2072 
3 290 824 3032 
1 2252 
6 419 911 1115 1200 1303 3167 
4 1143 1346 1824 3659 
2 226 3815 
5 1520 1552 2873 3305 3551 
1 3071 
7 404 1420 1515 2660 2870 3159 3654 
3 200 269 1285 
1 1594 
1 3256 
0 
4 599 1376 2177 3244 
2 2717 3468 
0 
2 1127 2871 
4 223 732 1752 2839 
3 86 1438 1727 
2 2091 3116 
0 
2 3619 3651 
5 685 780 1677 1809 2902 
4 306 1155 1870 2787 
1 758 
0 
4 545 2290 2721 3689 
2 2921 3432 
2 1490 3541 
2 74 3571 
3 2233 3551 3835 
0 
2 222 3511 
2 227 1923 
2 349 1507 
1 2888 
1 1659 
4 783 1169 1326 1687 
1 3510 
3 2044 3218 3596 
1 3511 
2 2148 2568 
1 3558 
2 3117 3550 
1 1431 
6 655 2135 2368 2767 2878 3121 
3 915 1622 3426 
4 1404 1828 1953 3891 
2 474 2092 
1 1383 
4 625 2385 3067 3468 
2 557 3216 
6 337 763 2301 2783 3132 3670 
1 996 
1 3830 
0 
0 
1 83 
3 2998 3584 3614 
1 3811 
4 504 1165 1828 2208 
5 726 1835 1953 2354 2715 
1 1246 
4 537 1225 2315 2680 
0 
4 1848 2468 2804 3662 
1 3368 
3 423 1727 2508 
2 3672 3690 
2 678 1583 
3 32 905 2509 
2 957 988 
1 3499 
5 546 1682 1760 2262 3738 
5 763 1457 1724 1730 2879 
1 2569 
1 449 
1 1545 
1 1281 
3 1049 2593 3173 
1 2660 
2 2879 2966 
0 
5 1388 1736 2015 2281 2783 
1 1251 
3 1668 2108 3393 
5 19 351 854 2370 2767 
4 232 1398 1479 2230 
0 
2 2112 3801 
0 
0 
1 1871 
1 2705 
3 380 2105 2502 
1 2316 
4 660 1348 2312 2806 
5 552 1152 1158 1380 2111 
2 2237 3884 
3 532 2497 3478 
4 72 993 1799 3211 
3 1426 2782 3311 
2 1561 3869 
2 1293 1741 
1 1589 
0 
1 3306 
1 111 
1 2720 
2 2912 3625 
1 3589 
0 
1 501 
1 40 
5 594 791 824 3095 3814 
0 
2 126 2367 
3 2098 2931 3772 
5 1420 1475 1479 1515 3334 
4 804 1353 2963 3799 
3 276 2839 3199 
3 541 2542 3000 
3 1578 1732 3411 
2 1153 3177 
4 23 365 752 1985 
2 518 1431 
3 151 228 1929 
4 232 2125 2573 3445 
2 2232 2889 
4 1088 1622 2081 3323 
3 795 2728 3339 
4 861 884 2848 3204 
3 732 1700 2914 
2 838 1662 
1 3335 
2 1402 2303 
1 1403 
3 2834 3555 3586 
3 2038 2707 3089 
2 860 3492 
1 231 
5 604 933 1897 3048 3695 
4 475 629 1954 3039 
1 3386 
1 2123 
2 3201 3892 
3 319 1708 3387 
1 3791 
2 1481 2840 
3 290 465 3480 
1 3758 
2 2161 3639 
0 
1 2940 
0 
4 1065 1118 2368 2869 
3 819 1014 2650 
1 1707 
1 533 
2 1459 2651 
1 113 
2 2994 3661 
1 1438 
4 168 237 2335 3271 
0 
1 3821 
4 746 947 3045 3671 
2 350 1645 
2 2518 3031 
0 
3 2237 3187 3887 
0 
1 3038 
2 1939 3440 
2 759 1415 
1 2777 
6 102 1411 2224 3115 3701 3843 
2 1074 1739 
1 1447 
6 520 1236 1344 2122 2536 2689 
4 1066 1588 2200 2708 
5 775 1246 1306 3348 3700 
5 570 1882 2256 2646 3351 
2 3427 3876 
2 250 760 
0 
3 634 2061 3180 
3 915 1496 3448 
3 697 1802 3290 
4 138 1994 2268 3566 
1 352 
3 826 1985 2878 
1 676 
1 1008 
1 211 
1 274 
3 159 2723 2874 
3 313 1562 3029 
0 
3 18 2149 2913 
1 1263 
5 1131 1406 1546 2274 3527 
2 1512 3777 
3 514 719 1110 
2 1757 2835 
0 
2 3327 3506 
2 2446 3183 
3 846 1155 3640 
3 724 1238 2825 
3 1301 2151 3602 
0 
2 1522 3455 
4 124 1183 2508 3464 
0 
5 1650 1849 2102 2142 3678 
2 1979 3153 
2 1133 3430 
1 3060 
4 145 1102 1140 1580 
3 1707 1932 1937 
6 308 1414 1494 3073 3200 3251 
5 363 588 1104 1459 3388 
3 457 2702 2771 
0 
6 1404 1443 1487 2249 2732 3422 
1 638 
3 764 990 3232 
0 
2 1685 3489 
0 
2 2556 2853 
5 637 1141 2691 2884 3089 
3 441 1586 1719 
2 1001 3200 
4 32 326 1318 3378 
2 1259 2483 
5 777 888 2043 2181 3845 
3 1414 1439 3658 
2 49 445 
4 167 2914 3332 3770 
0 
2 2887 2979 
4 541 882 3111 3392 
2 894 1187 
3 295 2491 3139 
1 3699 
1 1944 
7 749 1238 1890 2270 2981 3510 3727 
2 2179 2525 
1 3417 
1 3196 
1 2445 
2 1054 1195 
0 
4 1439 2111 2600 3124 
1 500 
2 1053 1780 
4 590 637 1456 2123 
5 1828 2633 2740 2965 3418 
2 2231 3678 
4 992 1053 1861 2679 
1 2022 
3 2654 3219 3255 
2 523 1018 
4 399 2221 2799 3122 
1 2523 
0 
3 489 1498 2201 
1 3771 
0 
2 1369 2792 
3 422 933 3104 
4 432 2202 2204 3304 
3 187 1103 1359 
4 515 1031 1306 3354 
3 1215 3094 3845 
2 1255 1415 
2 1655 2591 
2 2525 3624 
3 415 1628 2279 
2 822 2487 
0 
0 
3 287 3434 3643 
1 854 
2 1424 2467 
5 765 1746 2198 2760 3344 
4 61 785 1619 2918 
1 727 
1 1737 
3 1086 1472 2834 
1 3055 
1 436 
2 3277 3747 
2 995 1808 
3 461 657 1099 
4 1016 1909 2334 3183 
1 19 
2 571 986 
2 915 3152 
2 3411 3723 
3 1135 1680 3037 
1 1727 
4 1335 2496 2855 3704 
5 87 1761 2279 3243 3453 
5 428 859 2124 3237 3245 
1 3677 
1 2318 
4 579 590 664 2407 
3 68 1455 3808 
2 1899 2013 
0 
1 3520 
2 150 617 
3 1355 3518 3848 
1 621 
2 289 2735 
2 327 2657 
4 1662 1772 2246 3814 
4 483 1762 3534 3614 
5 454 1466 2152 2331 2554 
2 2308 3406 
4 107 2313 2428 3064 
2 1268 1568 
5 66 1387 1887 1935 2857 
4 573 1458 2001 2748 
1 3712 
1 301 
2 418 3525 
2 1280 3744 
3 1029 1122 2274 
1 3197 
1 2106 
2 765 2534 
2 2364 2772 
2 1654 3233 
1 3815 
2 303 2570 
2 1190 1344 
2 178 1860 
2 1620 2338 
2 2204 3741 
3 588 760 2162 
4 2217 2471 3001 3844 
4 453 3145 3248 3567 
4 1174 1468 3211 3235 
2 424 1371 
5 1883 2343 2577 2737 3000 
4 372 379 899 2089 
2 2854 3342 
2 8 1497 
3 876 1937 3006 
3 2250 3247 3704 
1 1810 
1 338 
2 9 2363 
2 766 931 
3 590 2536 3628 
0 
2 779 1744 
2 364 3394 
2 3550 3872 
2 817 1123 
3 209 1497 3077 
3 2055 2876 3800 
2 678 3234 
1 1037 
1 752 
2 2201 2303 
1 2562 
1 586 
2 1126 2866 
1 3722 
1 2136 
3 291 1407 1714 
2 939 1731 
1 2629 
3 56 1527 2637 
3 3054 3263 3781 
3 321 347 1122 
5 69 819 1990 2239 3342 
3 194 2102 3178 
4 1098 1447 1532 2927 
3 553 1146 3315 
2 574 1697 
4 376 1713 1768 1998 
1 107 
1 136 
5 430 620 1623 1711 2558 
0 
4 825 1227 2647 3244 
2 2191 2869 
1 1694 
1 2073 
4 1461 1849 2267 2423 
6 910 1435 3102 3133 3186 3602 
3 627 3415 3601 
2 2600 3702 
4 485 1176 2200 2505 
1 1994 
2 944 3074 
4 439 452 569 864 
1 3681 
1 1371 
5 503 602 1243 1384 1549 
3 1401 1622 2195 
1 1841 
0 
4 2104 3263 3525 3800 
4 254 2269 2473 3668 
1 594 
3 2411 2444 2915 
3 1465 2182 3652 
2 615 3226 
1 1808 
0 
2 2042 2245 
3 2902 3008 3133 
3 285 1635 3484 
4 34 2468 2837 3314 
2 96 203 
1 1417 
4 705 1234 3170 3563 
3 126 667 1661 
5 1023 1504 1698 2343 2675 
1 518 
7 185 498 1354 1827 2605 2703 3029 
3 654 1197 3763 
2 1122 2361 
1 3639 
1 538 
3 628 1379 2185 
2 1049 1799 
4 2120 2134 3356 3635 
3 2606 2664 3413 
1 2001 
1 2039 
3 1197 1812 3489 
3 285 638 1730 
4 677 1099 1691 1844 
4 881 1102 1361 3792 
3 390 2237 3755 
4 276 767 776 1576 
3 328 2317 2353 
2 1146 1353 
1 3226 
3 1185 2920 3618 
2 2495 3105 
5 64 419 663 2895 3213 
3 326 2058 2706 
3 262 2723 3883 
1 1506 
3 2668 3087 3443 
2 1299 3209 
1 1289 
2 2846 3366 
3 2133 2339 3270 
4 253 765 2311 2502 
2 2184 3044 
2 1992 2225 
5 701 1466 1573 2683 2861 
3 631 1933 3766 
2 2524 3615 
1 1578 
4 588 3083 3106 3257 
4 592 1908 2804 3371 
5 106 883 2091 2150 3273 
1 2492 
2 2553 2928 
2 1481 1795 
2 2934 3778 
3 2834 3512 3727 
4 1927 3194 3420 3465 
4 557 715 2801 3883 
4 1422 1681 2940 3093 
1 3608 
0 
2 2089 2828 
3 1701 1948 2512 
4 1087 1377 1609 2812 
2 440 2371 
1 681 
1 990 
2 2087 3231 
1 3273 
1 3111 
3 2967 3034 3876 
2 2681 3139 
0 
2 1670 3346 
1 3049 
0 
3 85 1843 2219 
1 3451 
2 1697 3386 
2 2461 3381 
3 66 146 3603 
1 364 
3 800 3509 3558 
3 1552 2133 2995 
2 1265 2871 
4 459 1328 1542 2925 
2 1108 2536 
3 397 2016 2385 
2 506 2869 
0 
1 3532 
2 1700 2756 
5 558 1448 1491 2728 2826 
1 1799 
2 1405 1427 
3 1481 1756 2589 
3 1121 1775 2848 
1 3896 
3 706 1645 3886 
0 
1 3578 
2 1659 3506 
2 280 2901 
3 1353 1600 1815 
5 286 634 997 2660 2982 
3 1488 3453 3677 
1 623 
3 1837 2015 2613 
2 598 3025 
4 201 581 1044 1575 
1 1305 
4 194 228 625 2470 
2 1213 2404 
3 423 1045 1070 
0 
1 900 
4 927 1966 2747 3278 
0 
2 462 2908 
5 60 2284 3160 3547 3760 
1 4 
0 
4 1410 1597 3068 3535 
3 599 1724 2949 
2 535 1612 
3 605 1673 3499 
3 1146 1886 2308 
1 542 
1 1236 
1 1509 
0 
0 
4 1249 1449 2669 3122 
1 3647 
4 635 939 1060 1848 
3 294 603 626 
4 1572 1934 2667 3355 
0 
2 1434 3741 
1 195 
4 246 402 494 1194 
3 1562 2251 3633 
0 
3 1915 2068 2221 
1 3667 
1 557 
1 369 
2 868 891 
3 159 195 3445 
3 1307 2402 3474 
7 121 343 1079 1144 2823 2876 3322 
0 
0 
4 783 1261 1484 3099 
2 304 2610 
7 227 864 974 1357 2119 2831 3407 
7 485 1234 1690 1729 2278 2782 3676 
1 1722 
2 1448 2660 
2 1252 3584 
1 498 
0 
5 30 1832 2348 2418 3087 
1 199 
3 1758 3078 3819 
5 1004 1248 1823 2723 3110 
0 
4 49 2063 2434 2522 
3 393 1313 3001 
5 759 1196 1929 2770 3352 
3 223 1613 3646 
0 
2 715 894 
3 526 1171 2278 
6 530 921 977 1108 2143 2251 
0 
2 1955 2315 
5 1450 2092 2667 2881 3324 
5 1656 2095 2906 3570 3614 
2 1838 3294 
5 520 673 752 1677 2940 
2 2283 2857 
4 913 1078 2624 2840 
2 158 2047 
0 
1 600 
2 2953 3515 
6 637 1046 1488 1805 2154 2563 
5 401 1875 2295 2915 2920 
4 2010 2999 3093 3264 
2 2371 2458 
0 
3 249 3319 3524 
6 56 580 685 2926 3210 3542 
3 201 2127 2453 
3 1732 2347 3868 
2 271 1216 
2 1853 3786 
2 2029 2956 
2 1106 3370 
3 1370 2186 2448 
1 400 
1 1437 
0 
2 1198 2665 
0 
1 346 
0 
4 17 1621 3123 3259 
3 759 1846 2314 
2 1777 1970 
3 1007 2275 2546 
4 174 1227 1276 3111 
7 37 556 1177 1874 2421 2868 3235 
2 150 3157 
0 
3 1008 1464 2370 
0 
3 321 487 2511 
2 2287 2882 
1 1046 
4 539 1260 2921 3381 
8 75 744 1806 1942 2259 2354 3119 3549 
5 2228 2970 3063 3442 3481 
1 1307 
1 2186 
5 605 820 1488 1503 3520 
0 
3 479 937 2671 
3 326 2467 3864 
0 
3 2247 2614 3860 
3 190 2650 2855 
1 2802 
1 3202 
3 535 1555 2514 
0 
0 
4 712 958 1694 3853 
2 2580 2978 
4 1004 1300 1614 2904 
2 857 1260 
2 270 3851 
2 920 1066 
2 1427 2017 
2 1516 1937 
4 1165 2753 3817 3890 
4 44 1088 2016 3307 
2 997 1900 
3 148 902 1754 
2 1047 3567 
3 463 826 3038 
0 
3 187 1293 3158 
4 1254 2379 3388 3692 
2 78 1548 
0 
4 44 1645 2914 3026 
0 
2 1236 1333 
1 3016 
2 3656 3679 
3 2129 2627 3303 
1 2711 
2 1417 3720 
5 1865 2323 2443 2861 3375 
2 895 3124 
1 1047 
2 2281 3868 
4 1913 2903 2999 3252 
1 3350 
0 
1 1530 
2 1288 1352 
1 3719 
2 1497 1866 
3 845 1631 1656 
2 870 2104 
2 1 3 1 2 1 1 1 1 1 1 1 2 2 2 1 1 4 3 2 1 1 1 3 3 1 3 1 2 1 1 1 1 1 3 3 1 1 1 3 2 3 2 1 1 2 2 1 1 1 4 1 1 3 1 3 1 2 3 2 3 2 1 2 1 2 1 1 1 1 1 1 2 1 2 1 1 2 2 2 1 3 1 2 2 1 1 2 1 1 1 3 1 1 1 1 3 1 1 1 1 1 1 1 4 1 1 3 1 1 1 1 1 1 3 2 1 1 1 1 2 3 2 1 2 2 1 1 1 2 1 1 1 2 1 2 2 1 3 1 2 2 2 2 1 1 1 1 1 1 2 3 1 1 3 1 1 2 2 1 1 2 1 1 1 1 2 2 1 1 1 3 2 1 2 1 1 1 2 2 1 1 1 1 1 1 1 1 1 2 3 2 1 1 4 2 3 1 1 2 2 2 2 2 2 1 1 1 2 2 3 2 1 2 2 2 1 2 2 1 1 1 1 2 1 1 1 2 3 1 1 1 1 3 3 1 4 1 1 1 2 1 1 2 1 1 1 2 2 3 3 3 2 1 3 3 1 1 1 2 1 1 3 1 1 1 2 2 1 2 3 2 1 3 2 1 2 2 1 1 1 1 1 1 1 1 1 1 1 2 3 1 3 3 1 2 1 1 1 4 1 2 2 3 2 1 1 1 3 1 1 1 3 1 1 1 2 1 1 1 1 1 2 1 2 2 4 1 2 1 3 2 3 2 1 1 1 2 2 2 2 1 3 1 3 1 2 1 1 1 1 2 2 1 1 2 1 2 1 3 2 1 3 1 1 1 1 2 2 3 1 1 1 1 1 1 1 1 1 2 1 3 2 2 3 1 3 1 2 1 1 2 1 1 2 2 2 2 1 1 1 2 1 3 2 2 1 1 2 1 1 1 1 1 1 1 2 2 2 1 1 2 1 3 3 2 1 1 1 2 3 4 1 1 1 1 2 1 1 3 1 1 1 1 2 3 3 2 1 2 4 1 3 2 2 3 1 1 1 1 2 3 3 2 1 3 1 1 3 2 1 2 1 3 1 3 3 1 1 2 2 1 2 3 1 3 1 2 1 2 2 1 1 1 3 1 3 1 1 1 1 1 2 2 2 1 2 1 1 1 1 1 1 2 2 1 1 1 2 2 1 1 1 2 2 1 2 1 1 1 1 1 2 2 2 3 1 3 2 1 1 1 1 1 1 1 1 1 1 1 2 1 1 2 2 2 1 3 4 1 1 1 2 2 2 3 4 1 2 2 1 2 1 1 2 2 2 1 1 1 1 2 1 1 1 3 2 1 1 3 2 1 1 2 3 1 1 1 3 1 1 1 3 2 1 4 1 2 2 2 1 2 1 1 3 1 3 1 3 1 2 1 1 2 3 1 4 2 2 2 3 3 1 2 4 1 2 2 2 2 2 1 1 2 1 1 1 2 2 1 1 1 1 2 1 1 2 3 2 1 2 1 3 1 1 2 1 1 1 1 1 2 3 1 3 1 1 3 3 1 1 2 1 1 2 2 2 1 3 1 1 1 3 1 1 2 1 3 1 2 1 1 2 2 2 1 3 2 2 1 1 2 1 3 3 2 1 1 1 2 2 1 1 1 3 2 1 3 2 1 2 1 2 3 1 2 1 1 3 1 1 1 1 2 1 1 3 1 1 4 3 1 1 1 1 1 2 2 2 3 1 1 2 2 1 3 1 4 2 1 1 1 1 3 2 2 1 2 1 1 1 1 1 1 1 2 1 1 2 2 2 1 1 3 1 1 1 3 2 1 1 1 2 3 2 1 2 1 1 2 1 1 2 3 3 2 1 1 1 1 1 2 1 3 1 4 1 1 1 1 1 1 1 3 1 1 1 1 2 1 1 1 3 1 2 2 2 1 3 1 1 2 1 1 2 1 1 2 1 1 2 1 3 2 2 3 1 3 1 2 2 2 3 3 2 3 2 2 1 3 1 2 1 3 1 2 3 2 3 1 2 1 2 1 2 3 2 1 1 1 1 1 2 1 3 1 3 1 1 1 1 1 2 1 4 1 1 1 1 3 2 3 2 1 1 4 3 3 3 1 3 1 2 3 2 3 1 2 1 1 1 3 2 1 2 2 1 3 1 1 1 2 3 3 1 2 1 2 3 1 1 1 1 2 1 3 1 1 2 1 2 1 1 1 2 2 1 1 1 1 1 3 2 1 1 2 4 3 3 2 1 1 1 3 2 1 2 4 3 1 1 1 1 2 1 2 1 2 2 1 1 1 1 2 1 1 1 1 2 2 2 1 2 1 2 1 3 2 1 2 2 2 2 1 1 1 3 3 1 2 2 1 1 1 2 1 5 2 2 1 1 1 3 1 1 1 1 3 1 1 1 3 1 1 3 3 3 2 1 2 1 3 1 1 2 1 1 1 1 1 1 1 1 1 1 2 2 2 1 1 2 1 3 1 1 1 1 2 1 2 1 1 3 1 2 2 1 1 3 1 2 1 1 1 2 1 1 2 1 1 2 1 2 1 1 1 2 1 1 1 1 1 2 4 2 3 1 3 2 2 1 3 1 2 3 3 2 1 1 2 2 1 1 1 2 3 2 1 3 2 2 1 1 2 1 2 1 1 1 1 3 3 1 3 1 3 2 3 5 2 1 2 1 1 1 1 1 2 1 1 3 3 1 1 3 3 1 1 3 2 1 1 2 1 2 1 2 1 1 1 2 2 2 2 3 2 2 1 2 2 2 1 1 1 1 2 3 2 1 2 1 2 3 1 1 1 3 1 1 1 3 2 1 2 1 1 2 1 1 1 2 1 2 2 1 1 3 1 4 1 2 1 1 1 2 1 1 1 2 3 1 2 2 2 3 2 2 1 3 2 1 1 1 2 2 2 1 1 3 3 1 1 1 1 1 1 1 1 2 1 1 1 2 1 1 2 2 1 2 1 4 2 2 1 2 1 1 2 2 4 2 1 1 1 1 2 1 3 1 1 1 3 2 1 2 3 3 1 3 2 1 1 1 2 1 2 3 1 3 1 1 3 2 2 1 1 3 3 1 1 2 1 3 2 1 1 1 1 2 1 2 1 1 1 2 2 2 2 3 2 1 3 3 4 2 1 1 1 1 1 1 1 1 2 1 1 2 1 2 3 2 3 2 4 3 1 2 1 1 1 2 1 2 2 3 2 1 3 2 2 2 1 1 1 2 2 1 1 1 3 2 2 2 1 3 1 3 2 4 3 1 1 1 1 2 2 1 3 2 1 3 1 1 1 1 1 2 2 2 2 2 1 1 2 2 2 2 2 2 2 1 1 3 1 1 2 1 1 2 2 1 1 1 2 2 2 1 1 1 1 2 2 1 3 2 1 1 3 1 1 2 2 2 2 1 1 1 1 2 1 1 3 2 1 2 2 1 1 1 2 3 1 2 1 2 2 2 3 1 1 2 1 3 3 1 3 1 2 2 3 2 2 3 2 1 2 1 1 3 3 1 2 1 1 2 3 2 1 2 1 3 2 4 2 2 2 1 1 2 1 1 1 4 2 3 2 2 1 1 1 2 1 1 2 2 2 1 2 1 1 2 1 2 3 1 3 1 2 3 1 2 1 1 3 1 1 2 3 2 2 1 2 1 2 3 1 1 1 2 2 1 2 1 4 1 1 2 1 1 3 2 2 1 4 1 4 2 1 2 1 1 2 1 1 1 4 2 1 1 1 2 1 2 2 1 3 3 2 1 2 1 2 3 2 1 1 2 1 3 1 1 2 2 2 2 1 2 1 3 2 1 1 2 1 1 4 2 1 2 2 1 2 1 1 3 1 2 3 3 1 2 2 1 2 3 2 1 2 1 1 1 3 1 2 2 2 2 1 1 1 2 1 1 1 1 1 3 3 1 3 2 2 1 2 1 3 3 2 1 2 1 1 1 2 1 1 4 3 1 1 2 2 1 1 2 1 1 1 1 2 2 1 1 2 2 1 1 2 2 1 2 2 3 3 2 1 1 1 2 1 3 1 1 1 1 1 2 3 1 1 1 2 1 1 2 1 1 3 1 3 1 2 3 2 1 1 3 1 3 2 2 2 1 2 1 4 2 2 1 1 2 2 3 2 2 1 2 1 2 1 2 2 2 3 1 1 1 1 2 2 4 1 1 3 2 2 1 3 3 2 1 1 3 3 2 1 2 1 3 2 2 3 1 1 1 4 2 1 2 1 1 2 1 1 1 2 1 1 1 1 2 1 1 1 4 2 2 1 1 3 4 2 1 2 1 1 3 1 2 2 1 2 1 2 2 1 1 2 2 3 2 1 1 2 3 1 1 2 1 2 2 2 1 3 3 1 4 1 1 1 1 2 2 3 1 1 2 3 1 1 1 1 1 3 2 1 1 2 3 3 1 1 1 2 2 1 2 4 1 1 1 1 1 2 2 3 2 1 1 1 3 1 1 1 2 1 1 2 1 2 2 3 2 1 1 1 1 2 1 1 1 2 3 2 3 2 1 3 2 1 2 1 2 1 2 2 1 2 2 1 2 3 2 2 2 3 3 1 1 1 1 3 1 1 1 2 4 3 1 3 2 2 1 2 1 2 1 2 1 2 2 1 1 2 4 3 1 2 1 3 1 2 1 1 1 3 1 2 2 1 2 1 2 3 1 1 4 2 1 1 3 1 2 3 2 2 1 1 1 3 3 1 1 1 2 1 1 1 1 1 2 1 1 1 1 1 1 1 2 1 2 1 2 1 2 2 2 2 3 2 1 1 2 2 4 2 1 1 3 4 1 1 3 3 1 1 2 2 1 2 1 1 3 1 1 3 3 1 2 1 1 3 2 4 2 1 2 3 3 1 3 3 2 2 1 1 1 2 3 1 2 2 1 1 1 1 2 2 2 1 2 1 2 2 2 3 1 1 2 3 2 3 2 1 2 2 3 1 1 1 1 1 2 3 2 1 2 2 1 3 3 2 1 1 3 2 2 1 3 3 2 2 1 2 2 3 2 2 1 1 1 2 1 3 1 2 1 1 1 1 1 2 1 1 1 1 3 3 1 3 1 1 1 3 1 3 2 1 1 3 3 3 3 1 2 1 3 1 3 1 3 1 1 1 1 2 2 2 1 2 2 3 1 1 2 2 1 1 3 1 3 1 3 3 1 1 1 1 1 3 1 2 1 2 1 3 1 1 1 2 1 2 1 4 1 1 1 1 2 2 1 1 2 1 1 3 2 2 2 2 1 1 1 2 1 1 3 1 1 2 2 3 1 2 4 1 1 1 2 1 1 1 4 1 2 2 1 2 2 1 1 2 1 2 3 1 2 2 2 1 2 1 3 1 2 1 1 1 1 1 3 1 2 2 2 4 3 1 2 1 2 2 3 2 2 4 3 1 1 1 2 1 1 1 2 1 2 1 1 2 2 1 1 1 2 1 3 2 1 2 1 2 1 1 2 3 2 2 1 1 2 3 1 1 1 1 1 1 1 3 3 1 1 1 1 1 1 1 3 2 1 1 2 1 2 2 3 1 3 1 3 3 2 2 1 1 1 1 1 2 1 3 1 1 3 2 1 2 1 2 1 2 1 2 1 3 2 2 1 1 2 4 1 3 2 1 2 3 2 1 1 3 2 1 1 1 1 2 1 1 1 2 1 2 3 2 1 2 2 1 2 2 2 2 2 1 2 3 1 1 1 3 3 1 2 1 1 1 1 2 1 2 1 2 2 1 4 1 1 2 3 2 1 1 2 1 1 1 2 1 1 1 2 3 2 3 2 2 1 2 1 1 3 1 2 1 1 2 2 2 1 2 1 1 2 2 1 4 1 1 2 2 1 2 1 2 1 1 1 1 1 2 1 3 2 1 1 2 2 1 3 1 2 1 1 1 3 2 1 2 2 2 2 1 1 2 2 1 2 2 2 2 1 1 2 2 3 2 1 2 1 2 2 1 2 1 1 1 1 1 1 1 3 3 1 2 1 1 2 1 4 1 1 1 2 1 2 3 2 1 2 1 1 1 1 4 1 1 2 1 3 3 2 1 1 1 1 1 1 1 2 2 2 1 1 1 2 1 1 1 1 2 2 2 1 1 1 1 2 1 1 1 2 2 1 2 2 1 1 1 3 1 2 1 2 2 3 4 1 1 1 1 1 4 1 1 1 3 1 2 1 1 3 1 2 1 2 1 3 2 2 1 2 1 2 1 2 2 2 2 1 3 1 2 2 1 2 2 3 1 1 3 4 1 2 1 1 3 2 1 2 2 4 1 1 1 2 3 1 1 1 1 1 3 1 2 2 1 1 1 1 2 1 2 1 1 1 2 1 1 1 1 1 1 1 1 3 1 1 1 2 1 2 1 1 1 1 1 1 1 1 1 2 4 1 1 2 2 2 2 1 2 1 1 2 1 2 1 1 4 1 3 2 3 3 1 2 2 2 2 1 1 1 2 1 3 1 2 1 1 1 2 2 3 1 1 2 1 1 1 2 1 1 3 1 1 4 2 3 2 1 1 2 1 3 1 2 3 2 1 1 2 3 1 1 1 2 1 2 1 1 1 3 1 3 1 1 2 2 3 2 1 1 4 4 2 2 3 3 1 3 3 1 1 1 1 2 1 2 1 1 2 2 1 2 2 1 4 1 1 3 4 2 2 2 2 3 2 1 1 1 3 1 2 1 1 3 4 1 2 3 1 2 1 2 1 4 2 3 2 1 1 4 1 2 2 2 1 2 1 1 2 2 1 2 2 2 4 2 1 1 2 3 1 2 1 1 1 1 3 1 2 1 1 2 4 3 3 2 2 1 2 3 1 1 2 1 1 4 1 1 1 1 1 1 2 2 1 1 2 2 1 3 2 2 2 1 1 1 3 1 1 1 3 2 2 1 2 1 3 1 1 1 1 1 1 2 1 1 2 2 2 1 1 1 1 1 1 2 2 3 2 1 2 2 3 1 2 2 2 1 1 2 1 1 1 1 2 1 1 1 1 1 3 2 2 3 1 2 2 2 1 2 2 2 1 1 1 1 1 1 2 1 3 1 1 3 2 1 1 2 1 4 2 1 4 1 2 1 2 3 1 2 2 3 1 2 3 3 2 2 1 2 1 2 2 1 2 2 1 4 1 1 2 1 1 2 1 3 2 1 3 1 2 1 1 1 4 2 1 3 1 3 1 1 2 1 1 2 1 4 2 3 3 2 3 1 2 1 1 1 2 2 2 1 1 2 2 3 1 2 1 2 1 2 1 2 1 2 1 2 2 1 1 1 2 2 1 3 2 1 2 3 2 2 1 1 4 2 1 1 3 1 1 3 3 1 3 1 2 1 1 2 1 1 1 1 1 1 1 2 2 1 2 1 2 1 1 1 1 1 1 1 3 2 1 4 1 1 1 4 1 1 3 1 2 1 1 3 3 1 1 1 2 2 1 1 1 2 2 1 1 3 1 3 1 1 1 1 3 1 1 2 2 1 1 2 1 2 2 1 1 2 2 3 2 1 2 1 4 1 2 1 1 3 3 2 2 2 2 1 2 2 2 2 2 3 1 1 1 1 1 1 2 1 2 2 1 2 1 2 3 1 2 1 1 1 1 1 1 2 2 1 1 3 2 3 1 2 1 1 1 2 2 1 1 1 2 2 1 1 2 1 1 2 2 1 2 1 2 1 2 2 2 2 1 2 2 1 1 1 2 3 1 2 2 3 1 1 2 1 1 1 1 2 2 1 1 4 1 1 1 1 1 4 1 1 3 3 1 2 1 2 1 1 1 1 4 2 3 3 2 1 2 2 1 1 2 3 1 1 2 1 3 2 2 1 1 2 1 2 2 2 1 3 1 2 2 1 1 3 2 1 3 1 1 2 4 2 2 3 1 3 1 2 2 2 1 1 3 1 1 2 1 1 1 1 2 1 2 2 1 2 1 1 2 2 2 1 2 4 2 1 1 3 2 1 1 1 3 2 2 3 2 1 2 1 1 2 1 3 3 2 1 1 2 1 1 1 1 1 2 1 2 2 1 3 1 2 1 3 4 2 2 3 2 2 1 2 1 1 2 2 1 1 2 3 2 2 1 1 1 1 2 1 1 1 1 2 1 3 3 1 2 2 3 2 1 2 1 1 3 1 1 5 1 3 2 1 1 3 3 1 1 1 1 1 1 2 2 1 2 2 1 1 1 1 1 1 2 1 1 2 1 3 2 1 1 2 3 2 1 3 2 3 1 1 1 2 2 2 2 1 2 3 1 4 2 3 1 1 2 2 2 2 1 1 2 1 2 1 1 2 2 1 1 3 2 3 2 2 3 2 1 1 2 1 3 2 4 2 1 1 3 1 1 2 1 2 2 1 1 1 1 1 3 1 1 2 1 2 1 2 2 3 2 2 2 1 1 3 1 1 1 3 1 2 2 3 2 1 1 1 1 2 1 3 2 1 2 1 1 1 2 1 2 1 2 1 1 1 2 1 1 1 2 2 1 1 2 1 2 1 1 2 1 2 3 2 1 1 1 2 1 1 3 1 1 1 2 3 2 2 1 1 3 1 5 2 2 1 1 2 1 3 1 3 3 1 2 3 4 1 1 1 1 2 1 2 2 2 1 2 1 3 1 1 2 1 3 1 1 2 1 2 3 1 3 1 1 1 2 1 2 1 1 1 1 1 1 3 2 2 3 1 2 3 1 1 1 3 3 1 4 2 2 2 1 3 1 1 1 1 3 1 2 1 1 1 1 2 1 2 1 2 1 2 2 1 2 2 3 1 3 1 2 2 1 1 3 1 2 2 2 1 2 2 3 2 1 2 4 1 1 1 1 1 1 1 1 
