p 4000
3 739 3127 3672 
2 2511 3323 
4 387 627 1878 3406 
2 2339 2941 
2 1130 2965 
3 612 3310 3519 
2 3113 3382 
3 1660 1753 3319 
0 
2 2392 3040 
2 1011 3656 
3 2291 2457 3478 
2 1624 2886 
4 710 1554 1691 3452 
3 1337 1871 1961 
5 1194 2202 3161 3500 3725 
0 
4 654 1377 1626 2647 
4 569 1523 2488 3017 
1 3414 
1 211 
1 851 
2 1270 1584 
4 1301 1813 1829 3916 
2 2388 3845 
2 1115 2057 
4 164 1902 2350 3069 
4 177 805 1270 3594 
4 814 834 2750 3163 
2 3515 3536 
3 726 1163 3443 
2 1626 3030 
4 421 1183 3226 3737 
2 1734 3923 
1 2480 
4 985 1235 1747 3804 
0 
1 2032 
4 741 978 1706 2601 
1 3201 
4 461 1088 3135 3567 
4 283 560 982 2352 
2 166 3895 
4 925 990 1014 3022 
0 
3 1343 2971 3413 
2 261 3389 
0 
0 
1 496 
4 615 1020 2295 3084 
1 3211 
2 598 2453 
3 482 583 714 
2 529 3140 
3 113 1077 3306 
4 2101 3383 3549 3728 
6 1116 1437 1563 2036 2809 3785 
1 3811 
2 148 2934 
2 734 912 
1 3146 
1 571 
5 1309 1709 2037 2403 3235 
3 1434 2872 3280 
3 270 529 1084 
1 3753 
5 626 1199 2078 2120 2198 
1 3729 
1 2260 
0 
2 1084 3615 
4 443 888 3322 3988 
3 757 2299 2312 
1 1178 
2 1894 1929 
2 857 2819 
2 2866 3459 
2 1308 2715 
1 3918 
0 
1 2499 
4 616 1665 2103 3522 
3 545 2051 3155 
5 314 397 2248 2851 3920 
1 2104 
4 369 1356 1628 3071 
0 
3 881 3370 3380 
1 1728 
1 3672 
1 2667 
3 1276 3952 3981 
2 936 3341 
3 168 1162 1266 
2 1139 2934 
2 567 3749 
1 1293 
1 3996 
2 442 2965 
1 2284 
3 1130 1997 3294 
1 3202 
3 388 1301 1450 
2 578 3943 
2 945 1132 
1 3002 
2 370 863 
1 2714 
0 
1 1301 
0 
2 893 1409 
2 55 1295 
0 
2 469 1455 
3 2049 2841 3210 
3 377 3468 3664 
3 321 2484 3150 
4 970 1224 3084 3668 
5 339 1399 1718 3688 3970 
1 2049 
3 500 2366 3732 
3 1756 2325 3308 
4 294 2319 2939 3118 
6 456 1183 1189 2436 2877 3232 
2 385 654 
4 1104 1523 1666 2615 
5 552 609 2452 3019 3092 
2 478 1747 
3 1764 2123 3012 
4 229 489 1114 2310 
0 
5 949 1031 2553 3402 3852 
1 222 
4 640 1880 3283 3751 
4 669 1067 2904 3276 
2 1261 3098 
4 149 253 2563 2715 
3 1507 3379 3525 
1 2032 
2 1236 3325 
2 3058 3740 
4 1027 2410 3814 3894 
5 198 279 1541 1660 2004 
3 404 628 3631 
2 1762 2748 
6 254 973 1204 1827 2056 3624 
2 59 427 
1 138 
2 969 3897 
2 1286 3139 
0 
4 947 1864 2711 3816 
3 1479 1584 3179 
0 
2 800 3839 
2 506 2687 
3 246 382 1931 
3 831 3302 3970 
4 1626 2081 2783 3033 
2 1656 2801 
2 1284 3581 
0 
6 26 250 1103 1730 3270 3976 
3 1828 2634 3034 
4 42 488 840 3678 
2 2068 2654 
1 94 
4 297 770 2443 3263 
1 2728 
2 750 3147 
4 1265 1347 1831 3444 
2 1166 1952 
1 3834 
0 
4 967 2692 3233 3641 
3 27 1183 2072 
7 504 1017 2232 2433 2778 3298 3904 
0 
1 1786 
1 760 
0 
1 975 
0 
4 1478 2437 3524 3728 
4 220 520 622 2339 
3 258 1395 1494 
1 3232 
2 1537 1751 
1 2809 
0 
1 2067 
4 529 1691 3049 3985 
4 862 1050 2138 2156 
1 3803 
0 
2 2598 3136 
4 144 1087 1134 3605 
8 670 936 1235 1938 2034 2129 2891 3402 
4 208 579 3255 3916 
2 2745 2751 
0 
3 1708 2449 3422 
3 430 1660 2476 
2 2857 3604 
3 518 959 2225 
4 1512 1847 1908 2664 
6 200 211 394 1898 2818 3514 
1 2730 
3 2074 3179 3187 
5 20 208 1922 2682 3757 
2 358 3807 
1 1085 
1 3979 
3 873 881 2143 
2 1167 1456 
3 1066 1363 1988 
0 
3 734 952 3862 
5 186 1298 1430 1779 3390 
1 1620 
4 134 751 2024 2213 
1 1149 
4 446 960 1760 3894 
3 340 1102 2706 
4 1268 2037 3600 3770 
1 3078 
3 1987 2772 2906 
3 131 1002 2826 
2 896 2222 
3 510 1321 3830 
2 464 2275 
5 518 775 1381 1860 2899 
1 2389 
2 1697 2228 
1 3636 
1 968 
2 2217 3786 
3 885 1735 3581 
3 911 2818 3458 
3 378 3240 3749 
3 2129 2426 3535 
3 954 2848 3966 
1 2593 
3 1257 2338 3582 
1 158 
3 1834 2383 3854 
2 3563 3871 
2 900 1699 
4 164 1648 1709 2901 
2 1993 2795 
1 3841 
3 138 690 2742 
2 147 3895 
1 506 
1 2516 
3 2023 2401 3266 
4 187 1320 3452 3686 
2 3262 3485 
6 713 811 1156 1566 2294 3680 
4 46 1175 1677 3910 
5 340 460 1178 2202 3228 
6 385 1113 1636 2857 3353 3931 
1 2882 
3 426 852 1020 
2 1773 2693 
2 1366 3125 
5 373 1170 1180 1981 3725 
4 758 2983 3679 3761 
3 65 606 3206 
3 606 682 3921 
1 3091 
0 
6 716 943 1036 1135 1606 2736 
2 2598 3244 
8 618 1013 1409 1507 2441 2913 3434 3521 
3 304 2347 2945 
3 560 2020 2769 
3 144 659 1111 
2 440 794 
4 1377 1577 3071 3743 
0 
6 41 876 1428 1978 3851 3891 
2 413 3064 
2 1621 1911 
1 3479 
3 868 1124 1818 
1 1576 
2 1231 3122 
3 430 1968 3654 
7 1253 1370 1611 1986 2019 2950 3124 
2 2748 3146 
3 634 3161 3955 
3 124 1585 2950 
1 714 
3 526 3032 3050 
3 169 2443 3190 
3 376 1677 3792 
2 337 586 
2 1273 3867 
1 873 
4 1246 2723 3446 3463 
2 1130 2818 
4 277 900 3121 3644 
0 
0 
2 1561 3942 
1 2123 
2 1569 3600 
2 351 3293 
2 2912 3999 
1 1167 
3 500 2615 2902 
3 84 1041 1574 
2 710 815 
1 2826 
2 1818 2018 
5 1025 1583 2366 2765 2938 
3 794 883 2505 
1 1602 
1 118 
6 1403 1574 2004 2450 3593 3704 
4 824 1993 2933 3446 
1 1879 
3 574 670 3384 
6 1610 2681 2900 3124 3734 3870 
4 956 2162 2808 3493 
3 409 487 2704 
1 2155 
1 361 
4 1218 1487 1986 2895 
1 1729 
2 1090 2950 
5 2196 3044 3128 3302 3920 
1 2901 
4 849 886 1310 2162 
3 299 857 1993 
1 2794 
6 120 515 933 1227 1423 2256 
3 225 262 2657 
0 
5 443 446 997 1730 3099 
1 1902 
4 1292 2930 3080 3782 
3 365 3495 3815 
2 1015 3009 
4 473 1120 2274 3192 
2 370 3447 
1 2573 
3 898 2361 3639 
5 310 891 914 2153 3322 
1 470 
4 539 1010 2301 3276 
3 566 2868 3196 
1 397 
2 805 2032 
1 3826 
2 212 2575 
2 3192 3736 
2 1753 3766 
1 330 
2 1279 1996 
1 1652 
1 3259 
5 345 1195 1642 1857 2492 
1 731 
3 855 2081 3399 
4 1530 1835 2199 2917 
2 86 2488 
2 107 348 
5 1482 1810 2232 2796 2895 
1 3677 
1 268 
2 2459 3972 
2 1408 1946 
3 298 1048 1181 
4 117 457 1174 1297 
3 241 1331 3593 
2 847 1692 
1 3817 
3 1047 1338 3300 
4 158 1478 1484 3977 
2 881 1125 
2 2605 3439 
3 126 263 2982 
1 2272 
3 2 989 3904 
3 103 1710 2188 
1 2157 
1 1063 
2 1068 3814 
0 
3 880 919 1875 
6 208 660 1171 1820 2634 3323 
4 1117 2775 3252 3686 
1 2485 
6 84 355 882 1280 2456 3729 
0 
2 3602 3835 
3 2207 3237 3586 
4 1417 1566 1899 2290 
4 511 1182 1201 2486 
2 1076 3586 
4 145 1521 2140 2478 
1 1101 
3 1375 1632 2862 
2 2625 3328 
1 695 
1 328 
2 2811 3501 
2 2132 3518 
0 
4 284 1092 1246 1410 
0 
0 
2 1539 2837 
2 661 3947 
3 1684 1924 3504 
3 824 2408 3203 
2 1052 1534 
1 32 
1 2147 
3 1730 1827 2677 
3 1264 1363 1953 
4 1914 2235 3421 3692 
3 265 1713 2874 
5 148 1892 2512 2685 3064 
0 
2 958 1259 
4 204 290 1786 2994 
2 1991 3326 
5 925 1211 2144 2401 3105 
3 1218 1439 3379 
3 1195 2312 3560 
1 3840 
4 894 2265 2681 3221 
0 
1 2820 
2 2891 3364 
2 280 2753 
4 571 916 1949 2487 
6 99 1068 1424 1629 2310 2369 
4 72 342 1341 2995 
4 1010 1338 1644 2044 
2 2356 2724 
5 224 342 1325 1606 3367 
1 3858 
1 984 
2 598 2228 
1 846 
2 2374 2439 
1 2207 
2 2302 2616 
1 3135 
0 
2 125 1195 
1 377 
1 1990 
1 2260 
3 262 2438 3403 
4 40 715 2413 3187 
1 3672 
2 1374 2751 
3 232 1248 3218 
5 726 1706 1734 1913 3650 
1 3665 
2 1591 2491 
3 2865 2965 3427 
2 115 3650 
3 352 1340 3966 
4 877 3125 3434 3996 
2 3048 3351 
2 347 2590 
0 
4 731 1799 2408 2619 
0 
1 2138 
2 129 3443 
2 704 3251 
0 
1 3602 
2 53 2439 
2 1117 2224 
5 532 937 1015 1318 2215 
5 596 2734 3034 3379 3909 
3 746 978 1326 
5 328 610 1296 1453 3211 
2 166 2752 
4 131 1451 2298 3350 
4 1663 2134 2252 3227 
1 3750 
1 579 
1 1754 
2 2720 3333 
2 649 2591 
3 49 1894 3901 
4 1944 2592 2597 2646 
2 1439 3011 
1 3359 
4 122 313 1386 3212 
1 1707 
4 665 1142 1353 1552 
6 630 1132 1138 1227 2782 2832 
2 178 3833 
1 2009 
8 157 255 620 811 946 1194 2703 3692 
1 1775 
4 565 975 1082 1607 
2 515 846 
6 231 1016 1708 1948 2114 3118 
3 402 997 2632 
1 871 
1 617 
6 660 1011 1886 2630 2893 3563 
6 339 509 1473 1666 3205 3682 
2 2027 3869 
0 
4 206 233 3277 3875 
2 754 3436 
2 186 2946 
3 1764 2628 2820 
5 2378 2645 2854 3036 3216 
2 2019 3894 
2 980 1913 
2 2065 2986 
4 296 1487 2155 3743 
1 3709 
4 1770 1927 2363 2581 
5 54 65 193 2834 3588 
3 1783 3560 3898 
4 2144 3338 3767 3883 
4 484 3757 3787 3945 
2 3343 3467 
1 3863 
3 2837 3256 3621 
0 
0 
1 3513 
2 353 2868 
0 
2 1416 2493 
2 1972 3386 
6 1489 2309 2446 3100 3188 3344 
3 964 2983 3622 
2 83 3868 
0 
2 994 1320 
8 1376 1776 1975 2531 2676 3261 3278 3767 
3 3636 3642 3654 
4 676 1679 2211 3237 
5 904 2142 2773 3045 3619 
3 128 869 3974 
0 
1 2393 
1 1632 
3 1188 2574 3608 
5 1572 1850 2194 2356 3433 
1 3822 
1 2894 
4 41 278 915 1085 
1 3325 
2 1624 2776 
3 726 2820 3761 
1 2055 
2 508 3583 
3 354 1033 1592 
2 96 3783 
2 717 870 
2 18 1396 
3 1099 1691 3450 
2 62 441 
4 745 917 2072 3786 
2 1020 3390 
3 325 2114 2460 
3 1144 2069 3630 
2 925 1276 
3 1492 2346 3233 
2 104 987 
3 200 492 2214 
1 3863 
1 2849 
6 657 1082 1148 1240 3040 3368 
1 53 
1 3175 
1 2598 
3 299 1022 2429 
0 
0 
3 770 784 2654 
1 1438 
4 1610 2437 3140 3977 
0 
2 3056 3808 
2 1911 2640 
1 930 
3 485 808 1949 
1 1219 
2 52 449 
0 
0 
0 
3 817 1558 1895 
2 889 3491 
3 1715 2230 2615 
1 2218 
6 270 271 1886 2855 2871 3871 
3 1684 2369 3325 
1 3553 
2 128 948 
4 487 1201 1287 1320 
0 
4 5 1557 2223 2584 
2 1589 3010 
4 1657 2601 3360 3653 
4 50 1073 1123 3008 
3 82 1676 3622 
2 513 3381 
3 276 1173 1218 
5 632 1252 1837 2657 3914 
1 506 
4 867 1255 1897 2343 
4 186 1634 3652 3940 
2 687 2704 
1 3243 
2 2443 2921 
4 67 2099 2458 2472 
4 2 848 1230 2284 
2 145 3020 
2 3116 3612 
3 503 1434 1630 
4 1546 1898 1990 3161 
4 619 1132 2146 3085 
5 764 767 2125 2826 3665 
5 293 1280 2939 3133 3197 
3 1021 1141 3381 
2 1815 2302 
1 2644 
1 985 
1 1385 
2 135 1583 
1 2096 
2 1226 2677 
1 3811 
0 
2 2714 3747 
0 
2 1597 3130 
1 2592 
2 495 1218 
1 1123 
0 
6 1215 1342 2095 2435 3363 3948 
1 770 
4 17 126 1215 2790 
3 1242 2276 2934 
4 1782 2289 3059 3252 
4 582 1040 1414 3607 
2 2886 3213 
2 279 668 
4 394 514 2876 3764 
2 417 3532 
1 3660 
0 
2 1265 3229 
2 502 3129 
0 
2 1295 3196 
6 659 753 857 2423 3909 3915 
2 136 1957 
4 199 325 1441 2212 
2 2009 2593 
0 
0 
1 3953 
0 
3 550 1522 3776 
4 928 938 1419 2532 
5 1458 2000 2724 3127 3839 
3 2203 2264 3930 
1 2388 
1 2675 
3 271 1918 3478 
1 3172 
2 1487 2078 
7 1179 1603 1860 3360 3640 3785 3959 
2 1958 3502 
4 623 1497 3348 3631 
1 824 
2 1313 2943 
6 253 1335 1633 1655 2174 3844 
3 873 3328 3995 
1 3415 
1 3090 
2 2457 3001 
1 408 
3 1122 1852 2252 
2 2605 3324 
1 2557 
0 
3 866 1874 2653 
0 
2 996 3553 
1 3109 
3 479 2534 3286 
1 1785 
3 927 2044 2754 
2 2728 3619 
0 
1 1438 
2 13 315 
4 1993 2593 3507 3613 
1 3642 
5 260 2785 3008 3683 3751 
2 53 295 
6 461 1689 1944 2715 2770 3698 
3 274 1323 2448 
1 568 
1 3958 
4 876 1850 2108 2986 
1 2329 
3 1313 3696 3901 
2 2833 3131 
1 1100 
1 3217 
1 3999 
6 30 465 563 858 2244 3944 
1 2672 
3 1845 3113 3206 
3 1285 1868 1913 
4 1343 1589 3300 3968 
4 366 475 1368 3372 
2 825 2542 
0 
2 60 219 
5 1227 1524 1760 2439 3530 
4 1048 1341 1808 3350 
4 1803 1967 2725 2837 
0 
5 0 1543 1934 3288 3444 
1 3640 
7 38 1000 1098 1960 2261 2385 2787 
1 3147 
2 1990 2636 
1 2089 
5 572 1632 2787 3660 3964 
3 486 812 1708 
2 940 3044 
3 1588 1629 3623 
2 951 2158 
4 171 812 1948 3283 
4 222 2361 2531 3984 
1 2172 
1 668 
4 519 2209 2932 3260 
2 2826 3686 
2 1848 3362 
1 73 
1 269 
4 974 2611 3127 3692 
3 181 823 1753 
3 963 1991 3365 
2 1112 2959 
2 2717 2961 
1 633 
1 1294 
1 3561 
3 633 1573 3008 
2 1327 1369 
1 1537 
5 169 589 653 1286 2251 
0 
7 1154 1932 2472 3144 3468 3779 3780 
2 2231 3015 
1 1831 
2 233 2803 
0 
0 
2 1005 3024 
3 887 1289 3376 
1 1769 
5 1381 2244 2352 3260 3986 
0 
1 3337 
4 589 2314 2529 3681 
1 3431 
3 1575 2101 3476 
2 2022 2944 
1 1453 
3 1134 1768 2460 
2 3184 3529 
3 1499 2168 2452 
1 2832 
1 3420 
3 280 319 2266 
4 1350 2245 3657 3924 
1 3251 
1 2375 
3 2031 2530 3724 
1 2742 
2 156 2841 
0 
2 1150 2852 
3 1029 1165 1557 
3 1440 1818 2813 
5 27 356 863 2693 3909 
4 1024 1972 2246 2406 
2 3437 3893 
5 596 2044 2905 3617 3785 
1 3716 
0 
3 260 506 3518 
5 746 750 1250 2112 3759 
2 2220 2565 
7 28 1263 1404 1824 1948 3245 3849 
4 315 1832 1874 3485 
1 2305 
3 602 1670 2402 
0 
0 
0 
2 2265 3570 
1 3570 
3 760 2170 2372 
5 323 419 688 1081 1616 
3 732 2507 2658 
2 1740 3124 
0 
3 2298 2546 3573 
4 1520 2343 2991 3291 
3 1622 2873 3622 
2 159 880 
1 3283 
3 1182 2195 3626 
4 28 3259 3485 3601 
2 939 2383 
3 1650 1929 3393 
1 1532 
3 1178 1762 3420 
4 1934 2281 2324 2992 
3 166 2402 3705 
0 
2 1382 3145 
1 3270 
4 2134 2485 3025 3252 
1 3078 
4 450 509 2248 3360 
2 379 1019 
3 627 1684 3862 
1 336 
5 1072 1321 1484 3090 3535 
1 21 
3 265 921 3764 
5 1421 1714 1919 2442 3776 
3 2026 2341 2402 
2 367 2557 
3 2113 3248 3901 
7 76 337 668 976 1187 2032 3330 
4 726 1920 2366 3454 
3 2844 3325 3774 
3 2807 2813 3852 
1 1352 
4 194 2075 2858 3033 
3 107 805 3957 
3 1935 2106 3193 
3 2578 3129 3131 
5 700 1166 1286 1722 2130 
2 621 921 
2 287 1106 
3 552 2074 2869 
7 568 1100 1204 1610 2354 2721 3545 
3 512 3112 3375 
5 1350 1613 2005 2491 2962 
7 215 301 691 899 926 1015 3311 
1 3365 
3 894 1795 2415 
3 283 719 3234 
4 471 2664 2912 2966 
3 3108 3226 3505 
0 
4 393 831 2302 2878 
4 88 215 383 3293 
2 397 1218 
2 319 1757 
3 1841 2304 2772 
2 239 3720 
3 336 3722 3738 
1 779 
2 72 3527 
1 603 
0 
1 351 
1 1191 
1 112 
3 436 875 1172 
1 3054 
3 230 1392 2100 
2 1972 3800 
3 350 1620 2149 
1 873 
4 249 304 996 3195 
1 3255 
4 1073 1943 3628 3701 
1 3483 
3 551 2480 3335 
1 1054 
1 3079 
0 
1 2619 
0 
1 2529 
4 240 1245 2117 3828 
3 60 2793 3746 
2 1418 3645 
5 351 1438 1495 2727 3373 
2 560 2317 
3 441 944 1515 
1 572 
1 2985 
3 393 1166 1168 
0 
3 852 867 1303 
3 1203 2948 3352 
3 2387 2925 3419 
1 2898 
4 43 432 576 1096 
4 873 989 1530 1904 
2 706 2882 
5 677 1008 2152 2523 2972 
1 1754 
3 595 3542 3776 
3 1817 2277 3368 
1 1206 
5 339 1187 1263 2597 2829 
2 1016 1936 
0 
3 93 199 3336 
3 484 1689 2275 
3 677 3236 3319 
1 835 
2 747 1130 
0 
2 1923 2361 
2 274 1730 
4 916 1749 2435 3846 
3 105 2673 3371 
4 506 1881 2069 2851 
3 153 1688 2828 
3 609 1811 3179 
3 133 1371 2731 
4 1214 2142 2239 3768 
4 749 2237 2664 3109 
1 219 
2 2550 2855 
3 243 1739 2772 
1 3057 
1 327 
1 1298 
1 429 
1 206 
4 224 1406 3128 3598 
1 2924 
3 1125 1680 2639 
2 761 1492 
2 544 2231 
1 2661 
1 1638 
2 176 3265 
1 237 
4 150 1570 1862 1873 
3 119 1338 3411 
2 2237 3918 
2 2075 2737 
1 147 
4 759 1706 3280 3961 
3 183 508 2594 
1 857 
4 1314 1338 2617 2986 
2 38 486 
1 3049 
2 524 2568 
3 1680 3394 3788 
4 41 2189 3042 3993 
3 2770 3022 3462 
4 448 1172 1588 3819 
6 35 638 1552 1702 2347 2804 
0 
2 578 3124 
2 2012 3105 
2 387 926 
6 43 1613 1978 3227 3723 3882 
1 2852 
3 3167 3596 3802 
0 
5 547 1130 2062 3744 3841 
3 2898 3605 3987 
3 702 900 1664 
7 342 511 1151 1769 1902 2137 2336 
2 1331 2103 
4 1926 2727 3482 3969 
2 741 1636 
3 1660 1845 1864 
3 229 2109 2663 
2 3146 3886 
4 1324 2707 3021 3405 
2 778 3179 
3 2323 2971 3972 
2 1885 2174 
2 928 3138 
4 1203 2423 2837 3799 
3 353 444 3543 
4 10 514 2133 2868 
2 1141 3001 
3 276 1204 1571 
2 43 1325 
6 346 484 873 1768 2184 2410 
4 510 934 1399 3873 
3 178 1949 3344 
0 
2 847 2681 
4 50 265 573 1561 
3 635 1307 3306 
2 586 2806 
3 2307 2887 3046 
4 806 2091 2596 2637 
1 318 
4 2154 3623 3797 3998 
4 143 1880 2115 2188 
2 2240 2653 
1 803 
3 2328 3172 3763 
3 133 1313 2008 
3 2147 2176 3673 
3 566 2168 2452 
2 2189 3711 
1 3907 
4 274 1553 2479 2803 
1 2021 
1 1071 
1 2638 
4 657 1302 1614 2264 
2 314 2759 
2 2213 3430 
1 2706 
2 3038 3768 
2 1651 3541 
0 
1 381 
2 376 736 
3 1193 1801 2111 
3 194 1918 3741 
1 3120 
3 420 1880 3874 
3 1362 1525 1868 
2 905 3250 
0 
3 1106 1574 1715 
6 1417 2394 2501 2535 3616 3903 
2 1850 2286 
3 1157 2002 2927 
0 
3 1091 1227 1767 
1 2866 
4 390 3481 3648 3862 
2 2620 2930 
1 3392 
3 217 2253 2339 
3 136 1272 2876 
4 391 442 2825 3865 
2 2093 3526 
3 1195 3705 3732 
3 1038 1642 1714 
3 850 1305 2596 
2 615 902 
0 
2 2318 2493 
3 403 2557 3271 
3 55 2233 3192 
4 1545 1569 1689 3385 
5 1786 2492 2883 3015 3557 
1 3940 
3 824 2088 2501 
7 508 582 1456 1832 2796 3489 3655 
1 3465 
2 65 71 
2 213 560 
1 3595 
3 198 1975 2123 
2 40 2189 
0 
2 333 1468 
5 1061 1350 2297 3171 3454 
2 413 1573 
0 
2 1962 2451 
4 3011 3230 3281 3441 
1 925 
2 2984 3422 
1 741 
2 570 3397 
2 723 870 
3 405 3615 3833 
2 225 2160 
2 164 1351 
2 127 1198 
3 1195 2924 3195 
3 868 1056 2075 
3 2221 2725 3814 
3 1752 3096 3371 
1 2435 
3 1658 2039 3404 
6 279 1369 1717 3199 3312 3822 
4 762 2592 3269 3982 
2 263 3834 
5 131 1241 2124 2826 3815 
2 25 2719 
1 57 
4 395 483 1324 3319 
5 2293 2316 2866 3944 3945 
1 3017 
2 347 1149 
2 1140 3947 
4 696 2508 2689 3216 
2 615 650 
4 287 2079 2263 3191 
2 383 962 
1 1304 
3 2272 2462 3768 
2 2248 3978 
2 3583 3691 
7 4 101 303 940 994 1374 2384 
3 1223 2397 2773 
4 105 503 632 3188 
2 1340 3373 
2 198 789 
1 274 
1 3021 
4 1225 1268 2191 2301 
1 503 
3 95 3332 3694 
2 1121 2624 
4 635 1012 1516 2790 
3 502 2014 2399 
3 1903 2213 3512 
6 575 1533 1606 2121 2826 3190 
1 2318 
3 1576 1651 1784 
2 2648 3019 
1 582 
5 223 1120 1232 2520 2525 
2 802 1855 
2 997 3219 
4 1213 2115 2132 3924 
2 1369 1791 
1 772 
4 2875 3516 3909 3991 
2 260 3278 
4 1059 1635 1770 3210 
1 3455 
3 1208 1676 2809 
1 2446 
0 
3 94 3783 3949 
4 30 1302 2069 3023 
1 2314 
3 803 2557 2887 
5 173 866 919 3002 3104 
2 216 312 
2 919 1884 
0 
2 268 2879 
1 394 
4 894 984 2292 3892 
3 618 2773 2875 
2 377 1671 
3 261 3346 3862 
1 3762 
1 3922 
9 74 262 838 1634 2395 2478 3414 3685 3850 
5 685 1279 3084 3845 3860 
3 268 2292 2536 
4 376 2377 2676 3587 
3 402 833 1441 
5 32 125 177 1304 3995 
4 1584 2810 3003 3710 
2 1403 3686 
2 2669 2857 
3 857 933 3884 
1 556 
2 125 2992 
1 2993 
3 892 1630 3205 
4 1307 2109 2297 3557 
1 1049 
4 15 506 1262 3292 
8 365 434 456 1070 1105 1383 2314 3753 
0 
1 2390 
1 1104 
3 67 2651 2726 
0 
2 402 610 
2 2759 3683 
2 922 1009 
8 147 870 1013 2026 2200 2213 2334 3664 
4 1306 2990 3152 3311 
4 932 2111 2382 2738 
2 3093 3243 
3 1159 1315 3427 
1 3676 
2 3195 3446 
3 432 3027 3476 
2 1687 2286 
3 1152 3008 3219 
3 950 1913 3506 
4 652 654 3594 3732 
2 2013 2946 
0 
7 331 433 618 649 882 1527 2500 
2 597 2819 
1 3186 
2 1640 2171 
2 2179 3066 
4 1131 1622 2244 3679 
3 119 2185 2296 
5 1137 1305 2639 2925 3748 
4 642 3349 3591 3719 
6 339 503 735 1061 2977 3934 
3 2383 2694 3654 
2 1721 3690 
3 627 1532 2942 
1 289 
2 1149 2552 
0 
1 2742 
4 35 199 1266 3567 
1 141 
3 1750 2322 2703 
2 1340 1599 
2 2596 3287 
1 582 
3 1114 2703 3641 
2 655 2588 
1 2327 
1 2115 
3 911 1498 2394 
5 302 413 1300 1892 3036 
3 1951 3516 3871 
2 464 3682 
1 3344 
2 812 2133 
0 
3 619 3735 3776 
1 291 
1 2422 
4 621 1484 1556 2859 
0 
5 245 1312 1412 3252 3344 
1 3870 
1 429 
0 
5 137 1503 1900 1980 3425 
3 1194 1669 3604 
7 814 933 1420 2327 3279 3383 3975 
1 424 
3 172 664 2417 
5 94 1235 2067 2075 3497 
0 
6 226 1137 1404 1534 1955 2535 
1 3744 
2 22 27 
1 2965 
4 1067 3088 3229 3350 
4 300 1470 2217 3616 
2 2323 2569 
2 2708 3038 
3 92 576 3888 
0 
2 1722 3795 
4 362 1179 1433 1650 
2 397 634 
1 3769 
1 3874 
3 1560 1683 2010 
5 162 1892 1937 2227 2896 
3 729 3286 3555 
3 151 770 866 
4 610 1547 2475 2948 
0 
2 779 3254 
1 2440 
1 1696 
3 344 2192 3848 
1 97 
2 765 3694 
5 113 667 1311 2008 2632 
1 487 
3 377 1726 2980 
2 220 957 
0 
2 1246 1525 
5 23 103 110 2331 3720 
4 1040 1163 2251 3840 
2 921 2060 
5 1126 1183 1596 2206 2259 
5 1072 1225 1442 3147 3453 
2 1205 1987 
3 1021 1192 3359 
1 78 
2 63 2562 
5 336 1523 1936 2946 3804 
4 1295 2252 2637 3233 
1 1257 
3 689 721 1031 
2 977 1369 
2 1208 3489 
2 1538 3902 
3 1599 1782 1795 
2 484 1630 
3 1603 1704 3674 
4 258 547 610 2110 
3 231 850 2578 
1 3732 
2 716 3522 
4 1004 1117 2840 2965 
3 446 1014 3362 
5 486 2979 3351 3406 3942 
1 768 
0 
4 1468 1775 3033 3316 
2 2543 3918 
2 378 998 
0 
2 3292 3828 
3 1623 2588 3539 
4 690 1922 3020 3281 
2 2296 2750 
2 14 3706 
5 381 444 970 977 1860 
1 1829 
4 470 1133 1238 2630 
4 443 736 2326 2393 
2 652 3681 
4 45 730 1915 2864 
4 1824 1895 1902 1975 
1 2814 
2 2333 2933 
4 172 1622 3158 3564 
2 2299 2357 
0 
6 795 872 1091 1571 1792 2343 
2 1103 3538 
2 861 2600 
2 502 1718 
3 1411 3105 3602 
3 1621 1716 2697 
1 86 
2 2628 2906 
1 2819 
2 2725 3027 
3 1392 2126 3409 
2 1408 3089 
6 1053 1493 1714 2479 3045 3985 
2 217 424 
1 3205 
4 1604 1892 3139 3660 
5 267 2997 3605 3661 3906 
2 2857 3345 
3 731 3598 3680 
7 768 1111 1153 1314 2410 3634 3723 
1 291 
4 949 1428 2417 3146 
2 2007 2324 
1 3696 
5 463 1130 2159 2328 2631 
4 406 1451 2187 2885 
2 548 3003 
5 17 281 2232 2322 2707 
1 2296 
3 3502 3647 3866 
2 2784 3391 
7 233 781 1725 3448 3524 3597 3908 
3 842 2086 3026 
3 1195 2342 3702 
3 1634 2990 3636 
3 639 1752 3893 
3 500 2031 2683 
2 2715 3930 
0 
3 1887 2957 3109 
2 2696 2993 
2 1445 3859 
4 896 1360 2191 2602 
0 
2 2031 3932 
2 187 1719 
1 569 
1 2789 
1 2993 
4 120 1016 1615 2207 
2 2370 2604 
0 
2 3134 3503 
4 322 1185 2810 3738 
3 814 1268 2071 
1 3955 
2 960 3716 
1 1680 
2 375 1361 
5 112 276 1594 1704 3661 
2 413 1502 
2 1354 1901 
3 1257 2324 2566 
3 2220 3399 3654 
2 657 1438 
2 2792 3881 
2 541 3335 
3 401 1057 2041 
4 913 1646 2635 2942 
3 677 2372 3590 
2 1263 3774 
3 853 2570 2937 
1 2266 
3 339 2572 3935 
3 442 1553 3914 
0 
2 1929 3482 
1 1638 
3 283 1371 2331 
2 3152 3524 
1 220 
1 3463 
2 1775 3070 
3 1279 1909 3360 
3 64 630 2589 
1 1933 
1 2967 
2 57 2570 
8 590 709 914 1414 1461 3213 3439 3547 
4 433 498 2017 3369 
1 804 
2 670 1182 
3 1305 2140 2477 
2 1836 2987 
1 2976 
2 1391 2338 
0 
1 2340 
1 1886 
1 2986 
2 103 3674 
5 489 1375 1496 2851 3423 
0 
3 487 788 2592 
4 1664 2180 3802 3946 
3 115 3411 3673 
3 216 1082 2398 
0 
3 678 1632 2144 
2 2379 2402 
1 2301 
1 1438 
1 3417 
1 3944 
0 
3 2745 2881 3012 
4 1565 1764 2779 3583 
2 2429 3058 
3 1090 1329 3981 
1 2977 
3 1273 2238 2600 
1 1950 
1 3097 
2 515 3789 
2 2495 3383 
3 1958 3162 3529 
3 2123 2525 2997 
3 1791 1840 3450 
4 185 382 2024 2696 
2 154 1597 
0 
3 1490 1802 1990 
2 371 2202 
4 2249 3153 3560 3824 
4 382 850 1255 3970 
1 2761 
1 3812 
6 331 526 684 1724 1891 3714 
2 2529 2743 
2 543 3363 
1 1481 
1 3676 
3 577 963 2898 
2 1362 3083 
5 187 1962 2898 3018 3487 
1 914 
1 1451 
2 687 2097 
2 1245 2842 
3 791 2318 3003 
3 2061 2260 2423 
5 1918 2133 2456 2834 2959 
1 1410 
1 1261 
2 2932 3553 
0 
0 
3 139 276 2919 
4 1948 2818 3138 3743 
3 3125 3785 3790 
4 1752 3017 3461 3476 
0 
2 207 1883 
4 1989 2266 3081 3427 
1 2625 
3 916 2926 3142 
1 1141 
1 2448 
1 2820 
2 2596 3677 
5 829 2335 3248 3556 3948 
2 404 1624 
2 676 1604 
8 18 127 1310 2154 2971 3002 3425 3772 
2 735 2953 
4 1053 1300 2131 2643 
3 2266 2666 2777 
2 1218 2907 
2 2257 3055 
1 1682 
4 368 926 1969 3121 
4 2492 2665 3066 3116 
2 837 1230 
2 1144 2910 
3 420 1268 3868 
2 1937 2332 
0 
6 189 769 2647 3306 3532 3886 
2 1316 2371 
1 416 
1 2390 
3 144 3071 3447 
0 
3 739 2065 3499 
2 1598 3404 
3 1078 1833 1863 
3 631 2891 2923 
2 1287 3403 
1 3581 
1 2904 
0 
1 3719 
3 502 985 3158 
3 1036 1424 2602 
3 13 2244 3625 
2 1604 3317 
2 1255 3687 
4 612 803 2150 2831 
6 602 1746 2054 2377 3054 3764 
2 1741 3869 
1 1283 
3 307 1020 3211 
3 2800 3030 3347 
1 57 
1 2614 
2 1466 3820 
4 260 401 1765 3235 
3 1945 3550 3805 
3 2476 2757 2949 
2 309 1078 
5 969 1638 2797 3291 3387 
2 1013 1350 
3 557 2447 3736 
7 767 1092 2192 2233 2429 2755 2912 
6 314 322 1056 2548 2801 2932 
3 786 1810 3880 
3 288 1146 2807 
1 281 
3 1897 2662 2778 
0 
2 1820 3580 
2 3093 3414 
3 3305 3744 3920 
4 318 640 2659 3072 
3 22 154 1184 
3 294 2865 2916 
0 
2 3233 3585 
4 748 984 2418 2647 
6 613 730 2452 2478 3050 3560 
3 2754 3144 3160 
2 467 2278 
1 566 
0 
2 1409 3314 
1 2670 
2 1304 2043 
4 647 1479 3335 3820 
3 1544 2198 3319 
6 1238 1317 2358 2893 3615 3711 
1 2395 
1 2924 
4 320 1993 2953 3330 
4 685 1319 1808 3716 
4 1365 1522 1555 3332 
2 2225 2863 
6 274 446 1144 1924 2821 3480 
2 508 3746 
2 2426 2708 
1 3165 
3 326 591 870 
3 291 2806 3088 
0 
3 872 990 3522 
2 1040 2805 
3 1399 2152 2949 
3 824 2636 3381 
2 3219 3519 
2 2035 3652 
3 2010 2243 3188 
2 221 898 
2 285 1355 
4 830 1223 1347 1998 
1 1334 
3 12 562 1521 
1 1814 
5 17 31 160 2581 3003 
3 3416 3874 3916 
1 86 
2 442 748 
5 630 1191 1318 2694 2949 
0 
5 406 555 745 1458 2533 
2 690 3419 
4 622 1178 1384 3463 
2 1157 1709 
2 263 1000 
2 1693 2718 
5 966 1427 1570 1985 3219 
2 3130 3651 
2 1221 1964 
1 2762 
2 365 1071 
1 2788 
5 444 1767 3235 3244 3397 
0 
2 1418 3220 
5 1652 1776 2338 2613 2705 
4 250 1788 2105 2590 
0 
3 836 1279 2992 
4 1045 1146 1968 3426 
3 363 1647 3762 
1 2374 
1 3691 
1 690 
1 161 
4 614 2425 2556 3279 
3 1110 2757 3904 
0 
5 7 144 204 1001 3778 
1 2817 
0 
3 490 2037 3126 
5 996 1454 2407 3330 3892 
5 82 2579 2607 2640 3928 
2 127 515 
2 2369 3956 
1 3036 
1 1262 
1 817 
1 1174 
0 
0 
4 1890 2310 3104 3896 
0 
3 616 1159 2572 
4 261 298 3380 3848 
1 2191 
4 550 1802 1921 2650 
4 962 981 1407 1862 
0 
3 1529 2440 2677 
3 1283 1886 3426 
7 418 607 848 2224 2369 3273 3593 
4 1877 2078 3381 3999 
1 3576 
3 1212 3025 3123 
7 947 1727 1783 1795 1948 3066 3295 
3 715 937 1078 
1 2686 
6 13 193 570 1717 2829 2924 
2 379 3197 
3 1637 3334 3361 
0 
1 2251 
1 1291 
1 235 
2 2009 2582 
3 249 1906 3818 
1 3309 
1 3716 
2 985 2577 
3 1821 3148 3949 
2 1319 1409 
1 2552 
4 38 465 974 2256 
2 501 3033 
4 203 510 746 1904 
4 63 250 1635 3631 
2 388 3915 
2 2421 2733 
0 
1 426 
5 853 1071 1362 2414 2438 
3 604 1056 3048 
2 1355 2823 
3 1111 1691 2956 
6 120 1353 2369 2460 2465 2928 
2 1395 3007 
1 2256 
3 1229 1984 3179 
2 866 1278 
1 2659 
2 1487 3656 
3 1381 1934 3564 
5 1297 2599 2733 2792 3438 
3 1688 2602 3956 
1 89 
2 332 2638 
5 164 342 423 943 2746 
0 
2 2732 3112 
2 2656 3037 
4 33 465 2061 3377 
2 239 3577 
2 2800 3957 
2 3040 3197 
3 2338 2602 3643 
3 954 2522 3193 
2 826 1786 
1 1559 
2 1867 3349 
1 3596 
1 3344 
1 1950 
1 1558 
2 35 129 
1 3451 
1 944 
1 1237 
1 189 
4 1108 1385 1510 2157 
4 7 360 760 3805 
5 493 929 1884 2199 2973 
4 2320 2947 3116 3868 
1 123 
2 883 1870 
4 1831 2343 2972 3355 
2 3190 3912 
2 224 735 
3 1993 3278 3362 
2 146 838 
3 3261 3465 3754 
4 130 521 1466 3298 
1 1566 
2 2356 2512 
3 1061 1644 2649 
5 789 1015 2106 2718 2927 
2 780 997 
3 528 1157 2045 
1 3261 
1 3740 
4 266 2288 3771 3848 
3 3237 3523 3701 
5 507 1329 1432 1998 2965 
3 548 1647 3724 
1 3649 
1 2475 
1 220 
2 3315 3769 
0 
4 656 1317 2716 3695 
2 530 1688 
2 1146 2201 
3 705 2627 3884 
4 180 430 1079 1740 
0 
2 1648 2427 
1 3172 
2 3332 3847 
4 1153 1477 3809 3884 
1 1350 
0 
0 
3 875 1317 1688 
4 2217 2247 3191 3772 
2 3255 3795 
1 3655 
1 475 
0 
2 1049 3848 
2 1481 1679 
2 737 3716 
1 1999 
2 2194 3233 
3 2100 2301 3396 
2 2659 2927 
2 736 1603 
1 2324 
3 371 1575 3201 
2 948 2814 
1 2680 
2 23 1819 
6 1625 2326 3226 3300 3493 3520 
2 636 2705 
1 3750 
2 931 2389 
5 287 317 804 2441 3884 
5 1813 2226 2276 3044 3145 
2 394 1580 
4 1703 2137 2586 3821 
1 3787 
0 
4 814 1344 3491 3580 
0 
0 
2 147 423 
1 165 
3 23 1339 3425 
0 
5 172 774 1758 1955 3081 
6 815 1082 2339 2407 2890 3120 
2 1545 2820 
3 247 2442 3625 
1 368 
3 1443 2655 3558 
2 619 2767 
0 
3 1860 2093 2911 
2 1477 3978 
1 884 
1 2159 
0 
0 
5 728 1001 2518 3299 3577 
3 1891 2015 2115 
3 207 2587 3286 
1 756 
0 
3 557 719 1058 
1 3100 
3 696 2202 3410 
1 3013 
2 2066 2713 
3 1150 2502 3842 
0 
1 365 
0 
1 2480 
5 233 685 1338 1839 2629 
0 
2 969 1680 
3 1545 1911 2464 
2 153 1001 
1 3365 
2 2622 3261 
3 1742 2814 3045 
7 729 1053 1958 2635 2637 3255 3669 
0 
2 1757 2250 
2 14 2632 
0 
2 969 2922 
4 700 815 2553 2619 
2 393 2895 
2 2176 3978 
1 1685 
1 2 
2 324 3796 
4 135 1027 1052 3159 
3 946 2134 2137 
1 2986 
2 1512 3989 
3 1168 1754 3661 
3 1007 2361 3388 
4 514 606 1448 1683 
1 1389 
2 2054 3527 
0 
2 1674 3014 
4 1487 1846 2500 3661 
6 427 1246 1284 1365 2416 2821 
0 
4 75 496 3256 3765 
3 602 1344 3152 
1 3313 
2 621 1578 
2 208 631 
3 401 2905 3805 
4 1261 3368 3479 3814 
1 1411 
7 26 343 997 1344 2184 2324 3808 
4 1143 2348 3457 3712 
2 926 1708 
1 2145 
1 1699 
0 
2 207 2717 
5 1433 2314 2832 3198 3488 
2 2671 3079 
7 285 594 1863 2095 2408 3381 3496 
1 2178 
5 465 524 729 1214 2518 
1 425 
1 1343 
0 
1 3560 
4 682 1050 1501 3765 
2 853 2344 
2 858 3210 
3 1679 2996 3462 
3 211 1335 2454 
3 942 2246 3538 
4 418 1606 2611 3730 
2 2375 3655 
3 999 2404 2949 
3 528 2466 3834 
0 
6 75 836 1426 1971 2492 3943 
1 3511 
2 158 2106 
4 772 3043 3144 3609 
2 1435 2409 
3 739 839 1725 
3 864 2745 3068 
3 934 1310 2557 
3 1284 1535 3728 
6 199 2694 3242 3304 3548 3818 
2 2089 2722 
2 2206 3503 
1 2801 
1 3538 
2 902 2052 
3 497 715 3844 
1 1567 
3 375 2230 3114 
1 2939 
6 510 750 814 1508 1688 3402 
3 441 596 1017 
2 1471 1745 
1 1247 
2 173 2985 
3 424 2608 2981 
2 2480 3778 
4 1268 1831 2480 3817 
2 3536 3905 
3 669 3087 3300 
3 686 1475 1868 
0 
2 741 3417 
1 14 
6 1094 1494 2320 3379 3931 3959 
1 3648 
2 1640 3151 
0 
1 2792 
2 737 3538 
3 290 1651 3860 
3 1530 3711 3854 
1 2290 
2 1929 2369 
4 542 806 897 2604 
0 
0 
3 548 1087 1344 
1 2457 
0 
5 283 990 2085 3194 3277 
1 3686 
3 1261 2025 3812 
4 268 2117 2382 2401 
2 2132 2625 
1 3250 
1 1721 
2 1638 3762 
3 291 331 3413 
3 228 1306 3082 
1 217 
2 1513 3125 
4 458 631 743 1481 
4 431 761 2832 3171 
0 
8 251 323 337 711 1602 1761 3372 3461 
1 3826 
1 3122 
3 362 2313 3726 
1 101 
4 1622 1775 2073 2926 
4 1804 2415 2773 3670 
1 678 
1 3443 
2 1059 2165 
2 3595 3907 
6 144 322 2082 2666 2709 3224 
1 872 
0 
2 1372 3214 
4 1031 1295 2079 3028 
3 505 671 1698 
3 1283 1619 3988 
0 
1 988 
3 1216 2700 3140 
2 1142 2758 
1 1846 
2 3264 3622 
3 1439 2737 3795 
2 317 2045 
3 291 523 2661 
1 278 
3 1037 2579 3970 
1 787 
4 257 2838 3717 3930 
5 222 1478 3141 3232 3772 
2 1980 2184 
5 854 1204 2416 2751 3484 
2 516 2438 
2 2498 3539 
1 2346 
0 
4 798 1386 1394 2481 
4 37 140 356 857 
0 
2 199 2092 
4 1618 2833 2912 3912 
3 57 2375 2443 
3 63 226 1663 
0 
1 1110 
0 
2 1417 2294 
0 
4 1596 2194 2265 3657 
4 444 706 808 2058 
3 1770 2018 3951 
3 2687 2957 3726 
2 2623 3389 
0 
4 116 121 2053 2060 
1 3067 
1 83 
2 1943 2224 
1 2049 
2 1558 1888 
1 564 
2 147 2491 
5 25 2127 2188 2353 2552 
2 2044 2169 
0 
4 1303 2049 2522 2701 
4 1500 1734 2910 3370 
2 994 3170 
3 2237 3053 3784 
1 3628 
2 525 1543 
2 1854 2928 
3 192 1266 3339 
1 167 
3 575 946 1163 
3 2601 3518 3764 
1 1404 
2 177 572 
1 1998 
4 210 869 2328 2786 
5 862 972 1106 1266 3601 
0 
1 2227 
5 67 684 1685 3018 3137 
2 1124 2008 
1 3622 
3 160 367 2555 
2 2004 3951 
0 
0 
1 1978 
2 1382 3666 
0 
1 1081 
2 744 1939 
3 2203 3370 3948 
1 1024 
2 2034 3561 
4 1069 1839 2642 3337 
3 2773 3405 3412 
3 652 1911 2946 
2 641 2486 
1 1497 
1 2132 
1 626 
3 896 1806 3871 
3 56 786 3067 
1 3462 
4 82 998 3669 3713 
2 85 3462 
3 1648 2405 2953 
5 864 1768 1931 2328 3238 
0 
5 719 2858 3600 3725 3951 
3 1002 1192 3192 
2 1320 3244 
2 1049 1206 
1 812 
2 856 2391 
4 510 574 3323 3885 
5 1027 1152 1244 1846 3185 
0 
4 911 1981 2849 3647 
0 
0 
4 67 2420 2619 3423 
2 1144 3374 
0 
5 130 308 1087 1476 2720 
2 1114 3872 
1 633 
2 1360 3687 
2 2057 3128 
3 2313 2564 3309 
5 199 242 2137 2704 3782 
2 866 3856 
2 1525 3275 
5 411 1152 1982 2098 3356 
4 1011 1250 1501 2754 
3 490 844 1881 
2 3628 3922 
2 3424 3725 
6 997 1821 1881 2129 3086 3905 
2 194 477 
0 
3 404 1442 2995 
1 3144 
3 551 950 3545 
4 215 2485 2889 3467 
3 432 531 1458 
4 1905 2635 2892 3133 
2 632 3181 
3 422 1032 3996 
0 
2 898 3215 
2 1557 2244 
3 2329 3515 3859 
2 928 1615 
2 351 2215 
4 1026 1523 2409 3166 
2 329 526 
1 194 
3 389 1752 3166 
1 749 
4 1374 1842 3346 3866 
2 1102 3158 
1 2654 
2 327 336 
1 2525 
0 
4 2002 2644 2854 3368 
0 
2 2522 2758 
2 791 1033 
2 2058 2603 
3 823 2855 3876 
1 1221 
2 752 2663 
0 
4 690 1007 3078 3318 
0 
3 1032 1876 2715 
2 2484 2603 
1 1912 
1 1222 
2 1454 3307 
1 3984 
0 
3 3694 3827 3963 
4 1015 1902 2025 2496 
1 1224 
2 3817 3850 
2 1375 3787 
4 388 1027 2057 3553 
3 982 1034 1088 
2 2233 2374 
3 1137 1392 1678 
4 1292 1573 2818 3139 
0 
3 557 1805 2043 
1 833 
1 334 
0 
3 67 1598 3763 
3 368 1754 3916 
2 1204 3670 
4 1784 2831 3211 3649 
8 15 262 1482 1852 2764 2823 3177 3971 
4 679 2090 3205 3818 
2 3534 3793 
0 
4 1304 1940 2735 2785 
5 400 452 1399 3091 3269 
1 3547 
1 754 
1 2922 
2 550 2700 
1 670 
6 222 1042 1143 1204 2304 2474 
1 579 
3 484 2153 2365 
1 2743 
4 238 1273 1796 3668 
2 605 2983 
0 
3 813 1413 3302 
1 1107 
3 230 2617 3976 
3 612 3071 3975 
4 483 1684 2052 3266 
4 206 1605 2543 3950 
1 1819 
4 1284 2077 3289 3483 
2 235 449 
1 3656 
6 604 1946 3250 3253 3392 3988 
4 773 964 2755 3357 
3 178 371 1377 
4 1077 1573 2190 2563 
1 3378 
2 425 2249 
1 3651 
4 951 971 2063 3777 
2 1470 2364 
2 950 3407 
1 1028 
0 
2 2954 3590 
2 1619 3864 
7 726 781 1223 1554 2150 2660 3442 
3 795 2649 3781 
4 806 1923 2750 3810 
1 1796 
4 84 846 1128 2380 
7 1483 2235 2275 3182 3194 3689 3826 
1 1870 
4 770 1302 1695 2937 
6 490 696 1311 2866 3781 3901 
1 1066 
1 3155 
0 
5 339 1706 1720 2395 3583 
4 1528 3246 3561 3729 
2 2994 3867 
2 1304 2302 
6 69 459 1500 2344 2582 3204 
3 741 2328 2619 
2 3703 3720 
2 1124 3673 
3 679 1040 3551 
3 436 821 2043 
8 794 1422 1513 1526 2541 2639 2785 3526 
2 2451 2808 
1 3419 
1 2635 
1 3935 
1 3112 
5 386 1127 2596 3032 3221 
3 3287 3531 3853 
2 347 2431 
3 232 937 2249 
3 655 1819 2854 
3 931 2653 3892 
2 1591 3833 
3 2801 2965 3857 
1 3615 
1 839 
0 
1 3392 
4 100 627 2312 2330 
2 3329 3822 
2 1058 1212 
1 3932 
1 1773 
2 656 3342 
2 401 1970 
2 11 2613 
2 1172 1180 
1 1118 
5 260 2041 2306 2450 2524 
2 50 3691 
3 1224 1336 1378 
2 1091 1192 
2 489 828 
3 73 1348 2657 
0 
5 353 1137 1460 1806 3774 
5 453 636 880 2259 3812 
0 
3 884 2213 3247 
1 816 
1 2294 
1 1023 
1 3298 
2 543 3675 
3 131 442 1674 
0 
4 73 434 2284 3827 
3 1996 2128 2670 
5 784 1164 1195 1909 2912 
0 
1 1118 
1 915 
4 1075 1145 1499 3093 
1 124 
4 1755 1962 2745 3311 
1 3172 
3 1237 1377 3288 
2 1006 1274 
6 839 1372 1412 1809 1902 3515 
1 123 
2 1341 1814 
3 1243 1263 2363 
5 1030 1374 2074 2106 2261 
3 720 2151 3113 
1 2284 
3 1301 1428 3062 
2 1535 2892 
2 1346 3530 
1 1204 
2 1520 3559 
2 997 2893 
0 
5 245 1445 1647 1738 3001 
4 3 186 1066 1832 
1 1447 
3 854 3621 3794 
4 1383 2343 3720 3734 
7 621 829 1350 1758 2342 2581 3061 
4 1919 2260 2495 3398 
1 3940 
4 577 2029 2436 2628 
4 277 985 2668 2863 
3 1903 2665 3397 
1 3339 
2 26 2837 
2 2731 2877 
2 41 781 
3 2057 3198 3853 
2 870 2441 
0 
6 445 557 1766 3446 3848 3932 
1 1348 
1 1599 
2 3260 3633 
0 
4 350 751 942 1885 
0 
2 528 2327 
3 2238 3172 3440 
2 2215 3973 
3 122 318 858 
0 
1 3013 
6 442 607 1667 1684 1718 1971 
2 1400 2931 
2 1538 2912 
3 823 1419 3891 
0 
3 451 1653 2190 
4 797 1925 2036 3952 
0 
2 1181 1558 
2 522 3002 
1 1459 
1 2248 
2 2692 3594 
2 1206 1981 
4 247 835 1228 2732 
1 1130 
1 741 
1 3322 
1 923 
2 24 680 
2 234 1817 
2 1197 1540 
1 2113 
3 9 3271 3765 
3 554 1341 3652 
3 1057 1245 3689 
4 1178 1600 2256 3826 
0 
4 1131 2570 2791 3979 
2 1456 3691 
1 1142 
1 2645 
5 257 432 1981 3103 3849 
4 817 840 854 1459 
2 63 3964 
1 1926 
1 2105 
2 806 3533 
2 1664 1832 
4 419 475 1911 2972 
2 1933 2154 
4 143 1015 1369 3431 
0 
1 2785 
1 461 
3 1714 2650 3889 
2 875 1999 
3 1892 2026 2958 
2 1265 1371 
1 1588 
0 
6 2120 2852 3184 3587 3644 3702 
3 1711 2427 3226 
1 1254 
5 668 1009 1500 2759 2937 
1 3436 
2 1657 3577 
2 242 1608 
4 1788 2421 2457 3650 
0 
4 586 1467 1573 3813 
1 3016 
1 2274 
2 3127 3798 
4 178 2903 3141 3967 
1 2658 
3 652 944 1109 
4 125 2346 2984 3411 
3 185 591 3285 
3 460 1714 2027 
4 451 482 735 3920 
2 1290 1682 
4 276 1818 2354 3718 
4 853 1834 3626 3686 
4 169 297 625 2036 
0 
1 3219 
4 543 1160 2517 3431 
1 1572 
6 716 1517 2886 3349 3731 3960 
1 203 
3 322 2294 3699 
3 1094 2267 3851 
4 128 791 1033 1589 
3 52 2500 3737 
1 1922 
2 2954 3014 
2 397 1501 
5 11 694 1976 2427 2938 
1 626 
1 374 
4 574 789 1718 2534 
1 3395 
4 1127 2607 3342 3714 
0 
3 1863 3734 3845 
2 1718 3388 
1 1927 
2 2845 2910 
1 3899 
0 
2 3247 3813 
2 2871 3904 
3 626 772 3492 
1 2515 
4 2213 3075 3301 3404 
2 1287 1778 
2 204 1568 
2 1442 2669 
3 404 1178 1589 
5 1036 1362 2599 2614 3237 
8 34 904 1859 1954 1955 2977 3018 3291 
3 2031 2540 3775 
0 
0 
2 118 2177 
4 396 844 2143 3468 
3 402 2096 3319 
2 441 3508 
3 18 369 2669 
3 2658 2731 2743 
1 2986 
3 467 872 2056 
5 365 1079 1531 1929 3865 
3 541 1075 2663 
1 3099 
4 1474 2344 2540 2726 
2 2184 3156 
1 2914 
2 2028 2556 
2 81 3847 
3 1218 1891 2453 
2 1057 1081 
2 1855 3156 
1 3820 
0 
1 319 
1 3380 
3 825 2722 3421 
3 1122 2674 2900 
0 
1 3615 
2 1 3903 
2 427 1766 
0 
0 
1 2473 
2 256 2540 
1 2446 
2 1845 1913 
1 2586 
2 1149 3429 
1 3894 
4 1739 2060 2167 3032 
2 928 2692 
2 2294 2979 
3 1149 1476 2163 
0 
1 3153 
2 3055 3928 
4 784 910 1488 3276 
1 798 
3 548 751 3645 
1 677 
2 1632 2561 
3 704 2460 3574 
2 1057 1268 
2 1180 2988 
0 
0 
2 2701 3643 
6 2481 2495 2516 2906 3172 3581 
1 2266 
2 732 2919 
3 1330 2225 3767 
2 3736 3896 
0 
1 828 
1 3288 
3 1574 3293 3314 
1 2848 
2 953 2668 
0 
3 1232 1705 2057 
2 133 1874 
1 3849 
3 2081 3520 3638 
2 1657 2498 
5 698 855 1076 1165 1936 
1 3902 
0 
2 3026 3743 
2 2533 3649 
2 1309 3265 
3 138 2233 3284 
3 2128 2609 3111 
4 813 2923 3031 3578 
1 1412 
1 3093 
1 980 
1 1274 
4 1421 1437 2397 2944 
1 3778 
3 1423 1676 3431 
4 349 3098 3731 3943 
1 556 
2 358 2721 
1 3138 
1 1702 
3 865 1321 3309 
3 1665 2021 2621 
1 3628 
5 528 1626 2343 3353 3996 
2 1698 2260 
0 
2 612 2854 
0 
5 1821 2519 2587 2840 3317 
2 1847 2586 
2 1242 1334 
2 1434 3339 
2 473 1648 
4 495 2811 3150 3751 
4 497 648 1112 1453 
5 244 671 711 3138 3702 
1 975 
1 2978 
5 1024 1072 1239 1519 2272 
2 497 933 
3 197 275 585 
3 1726 2479 2821 
3 1352 1470 3669 
3 38 614 2070 
4 1392 1553 1727 1738 
4 2169 2177 2732 3134 
2 1400 1972 
4 384 697 3328 3761 
2 2874 3825 
2 1665 2462 
3 1953 3290 3356 
2 2564 3253 
1 2704 
3 759 1924 2814 
0 
2 1647 2291 
3 1564 2479 3690 
7 127 313 604 2645 2672 3393 3479 
2 453 3156 
3 977 2222 2900 
2 3491 3648 
6 475 908 1874 2120 2261 3803 
3 1064 2649 3782 
1 2579 
1 1866 
2 2047 3788 
3 1140 2837 2992 
3 407 1514 1982 
4 3157 3266 3578 3994 
2 1785 2817 
3 521 1357 2346 
3 1860 2871 3049 
4 514 1340 2975 3287 
1 1374 
5 511 1295 1871 3040 3395 
2 3794 3984 
2 165 394 
6 1418 1868 2145 2269 3539 3565 
4 743 1616 3693 3861 
5 1024 1311 1868 3111 3195 
3 1039 1729 3335 
5 962 1225 2266 2766 3490 
2 594 1665 
0 
1 2093 
1 1525 
3 637 2165 3184 
4 522 2400 2615 3733 
3 497 2948 3833 
3 17 1537 1588 
2 1147 3187 
3 1767 2245 2620 
3 1679 2414 3654 
2 1199 2663 
0 
4 700 1028 2277 3066 
4 167 589 2161 2990 
2 1836 2728 
2 1733 3065 
4 340 619 2299 3493 
3 825 2434 2489 
3 1583 1723 1807 
2 2244 3867 
4 965 2019 2915 2967 
2 1578 2683 
5 1002 2172 2493 2651 3905 
3 207 877 951 
2 1531 2348 
3 1526 2004 3192 
1 91 
3 2347 2550 3568 
3 1186 2477 2488 
3 1595 2313 3760 
4 1910 2852 3585 3807 
2 727 2615 
1 945 
1 2508 
1 681 
3 548 1181 2968 
5 423 642 1682 2841 3227 
1 3502 
0 
1 1812 
4 326 436 1019 3836 
1 211 
2 1386 2662 
1 2778 
3 427 2800 3986 
1 1690 
2 157 2046 
0 
2 1122 3214 
1 2926 
1 2934 
3 176 2381 2523 
2 266 805 
3 1228 1630 1938 
3 2735 3713 3806 
2 1390 1478 
2 1355 3654 
1 3143 
0 
2 2013 2211 
3 2060 2539 3144 
1 3271 
5 506 1237 1241 3457 3658 
4 328 623 2129 2610 
4 1647 1815 3737 3747 
2 225 1043 
2 1004 1377 
4 1275 1608 3120 3138 
3 2004 2888 2996 
1 3306 
2 153 3279 
1 3349 
2 1854 2847 
2 108 645 
6 78 138 715 1387 2176 2843 
1 1782 
4 763 1908 3230 3558 
3 1637 1768 3640 
1 1115 
5 494 2123 2918 3261 3584 
2 870 2575 
2 1939 2507 
2 302 3486 
2 445 678 
4 737 1107 1359 3866 
2 1199 2495 
2 914 999 
4 170 707 2655 3784 
1 3537 
1 209 
3 949 2351 2489 
3 1732 2383 2603 
2 1711 1726 
2 485 2882 
3 2206 2695 3682 
1 274 
3 972 2017 3947 
1 1206 
0 
1 3690 
0 
3 253 799 1234 
3 1488 2216 2489 
1 3445 
5 201 1465 1935 2320 3027 
2 1730 3375 
0 
2 146 292 
0 
4 28 1336 2246 3646 
5 201 463 2026 2781 3987 
1 488 
2 440 3490 
4 706 1590 2133 3655 
2 1573 2231 
2 3203 3832 
2 1568 1658 
3 2014 2167 3155 
3 1041 1202 2423 
1 3163 
1 1485 
2 1641 3877 
0 
1 2202 
1 318 
2 2639 2970 
2 1837 3272 
1 3104 
2 278 3691 
2 715 983 
0 
3 228 884 954 
7 551 1131 1173 1999 2094 2801 3279 
0 
3 395 3019 3905 
2 562 3521 
1 1526 
4 178 1578 2684 3257 
1 1466 
1 3807 
1 2751 
4 503 2894 3520 3915 
2 160 3581 
1 1380 
6 713 2206 2266 2412 3309 3344 
1 2074 
4 741 745 3089 3291 
1 1643 
1 1397 
3 654 1141 3388 
1 2397 
4 1415 1726 1966 3907 
1 912 
2 338 2907 
1 251 
2 371 1082 
1 1570 
1 3687 
0 
3 1562 1736 2685 
5 161 1574 1941 2279 2773 
1 3683 
4 775 1036 2899 3700 
2 985 3818 
1 1614 
4 1022 1611 3223 3503 
4 860 1576 3037 3235 
4 327 2267 2839 3029 
4 57 190 1159 3935 
3 1184 1403 3405 
3 410 2591 2834 
0 
5 804 860 3084 3149 3359 
4 1345 1811 1867 2611 
0 
0 
4 1661 2627 3050 3566 
5 208 240 303 1508 2192 
3 76 1219 1358 
5 438 521 563 1518 1833 
5 1606 1892 2599 3150 3426 
0 
2 1716 2202 
1 3983 
2 1068 3876 
8 229 316 633 755 1114 1144 3340 3699 
1 2832 
1 947 
3 933 1691 3261 
0 
2 1557 2201 
5 503 792 1909 1991 2827 
2 722 2035 
3 529 1501 2811 
0 
0 
6 416 535 737 1009 2350 2624 
2 2023 3489 
3 2808 3450 3920 
3 1324 2586 3989 
4 116 800 2677 3751 
1 1498 
1 2715 
1 859 
3 2467 3330 3467 
2 2886 3812 
1 2713 
4 243 2549 3050 3736 
2 581 2117 
1 3246 
3 84 946 1451 
5 802 991 2420 2671 3607 
2 3220 3919 
4 522 2165 2276 2584 
4 606 953 2170 3875 
1 3284 
4 205 263 1186 1367 
3 862 2108 2943 
1 1255 
1 3841 
0 
3 406 2975 3440 
2 1605 2347 
1 1343 
3 468 1585 3413 
6 77 1062 1118 2252 2959 3459 
2 3317 3757 
6 354 539 1011 3118 3269 3724 
2 869 2908 
2 3032 3760 
3 606 2471 2629 
1 64 
1 830 
2 426 2606 
2 1155 1173 
2 660 1067 
2 125 2351 
2 880 3346 
3 1170 2906 3955 
3 3099 3623 3741 
2 1465 3923 
3 264 927 2734 
1 1079 
2 3649 3937 
2 1375 3470 
4 12 658 2448 2846 
2 1023 1165 
1 2709 
1 2143 
1 1832 
3 199 439 1546 
2 2145 2332 
3 514 1599 2336 
6 559 2782 3271 3394 3761 3827 
3 331 371 1875 
2 1284 3958 
0 
4 924 995 1492 1494 
4 233 2803 3126 3775 
5 326 2508 2617 3324 3826 
3 250 335 3712 
2 313 3980 
1 2433 
3 136 1549 3476 
2 808 1899 
4 228 1357 2540 2879 
2 1527 2794 
2 2869 3267 
0 
4 1533 2061 2467 3585 
3 1839 2980 3127 
6 311 877 1573 2035 2314 2371 
1 276 
1 2497 
1 2661 
2 1585 3314 
1 368 
1 2720 
3 1507 2542 3165 
0 
1 625 
3 1873 2210 3042 
2 1546 2565 
4 961 1105 1601 1691 
2 923 1225 
3 1515 1998 2690 
6 1059 1768 1807 3068 3463 3536 
3 1718 2066 3433 
0 
3 344 1064 2987 
3 2370 3299 3558 
4 754 1504 1574 3764 
2 323 1346 
4 59 95 655 2691 
1 3892 
0 
4 1421 2251 2423 3626 
2 318 2457 
4 124 634 1947 3080 
0 
4 3 3248 3708 3837 
2 1230 1418 
2 689 2858 
4 787 2570 3008 3048 
1 277 
4 520 1216 1310 2095 
1 1755 
3 922 1287 2646 
5 1568 1615 1630 1926 2960 
4 291 294 333 2953 
2 3198 3465 
0 
5 1524 1602 2105 2950 3227 
2 2242 2455 
0 
2 1717 3863 
2 1389 2046 
1 2416 
3 762 1501 2866 
1 2949 
1 763 
1 872 
0 
0 
9 4 99 468 1271 1324 1775 2279 3083 3260 
2 877 3540 
3 1436 2661 3096 
1 2676 
0 
3 2766 3204 3902 
3 45 1006 1523 
3 928 1758 2408 
1 1754 
1 3828 
3 2630 2862 3184 
2 1444 3237 
3 1227 1469 2480 
2 2595 3667 
3 1326 2524 3230 
4 1297 2911 3057 3914 
1 1953 
1 385 
4 269 544 2218 3306 
3 1097 2436 3038 
2 918 1952 
7 525 719 977 1449 1882 2490 3424 
3 1443 2930 3517 
1 2536 
1 3887 
3 1205 1384 2654 
1 829 
4 839 1189 1650 2624 
4 1190 1390 1398 3247 
2 430 2258 
3 443 2140 3258 
4 1921 2709 3724 3800 
3 1366 1476 3409 
1 3388 
1 3477 
0 
3 694 1012 2338 
4 106 1166 1523 2378 
5 1184 1376 1499 1626 3848 
0 
1 3795 
0 
1 1719 
6 615 713 767 1213 2944 3340 
1 346 
2 613 3059 
3 498 1095 3798 
3 130 1465 3546 
3 1853 2368 3448 
3 1890 2455 3297 
2 773 1079 
3 2430 3229 3322 
3 18 1119 1510 
3 1494 2078 2480 
4 128 1147 2775 3691 
2 628 1335 
3 1004 1136 3592 
2 43 983 
3 1163 3349 3988 
1 778 
2 844 1687 
3 1382 2560 3852 
4 1211 1359 2745 3063 
1 2008 
1 2808 
3 31 1562 3825 
2 2565 3180 
4 296 2272 2522 2870 
4 160 862 1329 1707 
2 165 485 
0 
3 522 1246 1668 
2 1733 2807 
3 1044 1275 2984 
0 
4 9 582 1737 2632 
0 
2 982 2922 
1 1932 
3 334 747 1819 
4 551 1362 1867 3111 
2 1023 3762 
1 3094 
3 472 1715 2944 
4 193 979 2629 3087 
4 296 1589 2817 2848 
2 3440 3708 
0 
1 2063 
2 895 1558 
2 1528 2528 
1 593 
2 955 2980 
3 142 1467 3435 
2 656 3010 
1 3579 
1 2343 
1 2331 
2 3027 3846 
2 284 427 
2 2656 3099 
4 1222 1531 1688 2653 
2 2050 2101 
2 1935 2927 
2 26 3269 
1 1432 
4 86 281 1541 2223 
1 1583 
0 
1 3634 
1 2474 
0 
2 3196 3700 
3 227 845 2174 
4 906 1910 3245 3375 
4 344 2939 3224 3645 
3 1513 1831 3656 
2 1987 3748 
3 1493 2965 3947 
4 50 119 1179 2813 
1 632 
3 2137 3404 3915 
2 1957 3049 
2 1272 1611 
4 1361 2787 3215 3544 
3 693 850 3708 
2 272 2207 
2 128 3973 
5 1207 1581 2318 2567 3515 
1 3047 
0 
3 1108 2967 3455 
2 1472 3571 
2 137 2573 
7 342 2494 2880 3065 3431 3524 3722 
2 543 1851 
0 
2 3173 3436 
1 2401 
3 1166 1674 2768 
3 432 988 1354 
0 
1 3539 
1 878 
3 703 951 1389 
1 3758 
4 2564 2637 3045 3548 
3 871 1732 2271 
3 6 728 2329 
2 1946 3837 
1 3492 
5 629 1531 1755 3305 3757 
0 
3 124 510 2868 
0 
4 1051 1832 2708 3484 
3 304 1530 3960 
2 289 1995 
2 1687 3492 
4 291 326 826 987 
6 267 471 1509 1989 3665 3880 
2 1663 2899 
6 0 678 759 2432 2911 3434 
3 334 960 2127 
4 665 865 3796 3932 
4 647 1639 3196 3231 
2 722 865 
0 
3 634 2145 3833 
3 1402 2603 3852 
2 40 454 
2 197 3624 
1 2078 
7 1008 1508 2576 2593 2708 3228 3346 
3 151 1365 2192 
3 54 591 2013 
3 2024 2433 3659 
1 1515 
2 2698 3453 
7 772 1590 1932 2141 2701 3397 3791 
3 842 1819 3945 
5 61 292 1003 1371 3661 
3 171 742 1305 
1 1703 
1 2813 
3 118 2591 2821 
2 1964 3895 
3 1205 1429 1895 
2 1483 2527 
0 
3 83 2254 2758 
3 2496 2502 2616 
1 2626 
3 1347 1552 2160 
2 1880 3730 
2 1590 3342 
3 15 293 631 
1 1475 
2 28 2760 
0 
3 1609 2919 3264 
2 2154 2157 
1 992 
2 3692 3715 
0 
1 2062 
2 1091 1991 
7 683 1030 1789 2321 2364 2540 3410 
2 3102 3726 
1 3257 
2 584 3947 
0 
3 2202 3468 3927 
1 3186 
5 154 210 948 1005 1721 
1 3031 
2 2146 3984 
1 2249 
1 3199 
4 790 2420 2644 2975 
2 2115 3370 
3 1220 3178 3257 
4 210 461 2648 3642 
3 543 1132 1619 
2 3733 3953 
4 297 1144 1759 3303 
2 1124 1796 
5 347 359 1077 2109 2666 
2 864 1739 
2 1978 2249 
5 900 1105 1210 2637 3518 
4 354 667 3077 3130 
3 634 1692 1737 
3 1909 2353 2951 
2 1111 3183 
0 
3 39 1810 3881 
1 102 
3 419 2756 3474 
5 2260 2970 3346 3647 3749 
4 515 1191 1364 2203 
2 270 728 
1 3292 
0 
2 3340 3555 
4 116 1157 1920 3402 
4 51 487 1561 2201 
2 500 3731 
2 658 1438 
5 2007 2689 3530 3624 3838 
2 2149 3089 
3 522 1122 3499 
3 724 3404 3932 
2 464 3444 
5 1151 1213 1617 1638 2445 
3 1646 2853 3949 
2 436 2272 
1 3698 
2 2806 3885 
2 2004 3080 
0 
4 32 878 1814 2421 
4 490 990 2677 2953 
3 262 3138 3283 
3 664 1272 3016 
3 1095 2717 2979 
1 3130 
4 125 188 2024 3376 
6 176 577 1311 1587 1805 3344 
1 876 
4 63 1566 1644 2807 
1 938 
8 400 550 1774 2479 2976 3241 3536 3572 
2 2106 3978 
0 
2 241 3287 
1 3237 
1 1938 
2 624 1207 
3 275 1644 2110 
3 814 3079 3444 
3 2257 2850 3800 
3 2304 2470 2993 
3 856 1520 2941 
0 
3 1054 1983 2230 
2 479 796 
4 395 656 844 1257 
2 2230 2609 
2 1289 3471 
5 200 901 1797 1868 3969 
2 535 1894 
3 2778 3174 3186 
1 2995 
3 364 834 3603 
4 754 781 2359 2965 
6 548 1763 1771 1866 2720 2829 
2 259 3596 
1 169 
3 2016 3165 3749 
2 967 2562 
4 257 2224 2626 3596 
1 2908 
0 
5 1112 2207 2868 3069 3276 
3 164 843 3512 
5 1076 2392 2702 2894 3868 
2 2767 3585 
1 1684 
0 
4 2131 3358 3480 3865 
4 136 353 2529 3269 
2 518 1978 
3 548 1156 1761 
4 1263 1657 2711 2773 
2 64 974 
4 1095 1335 3386 3480 
0 
5 135 750 832 3228 3794 
3 2563 2856 3826 
2 2437 3351 
3 704 1285 1847 
4 1239 2273 2630 3240 
4 739 2322 2547 3990 
1 2227 
1 2608 
5 829 1570 2480 2787 3454 
3 1194 1333 3207 
4 310 881 2548 3655 
2 101 3816 
1 1688 
1 3299 
1 3014 
3 178 1764 2308 
7 1845 2931 3296 3316 3854 3875 3892 
4 381 730 1814 1957 
1 2474 
3 159 334 2220 
1 3190 
1 1938 
3 1582 3116 3358 
6 55 1021 1537 2710 2983 3595 
1 2180 
1 123 
4 1700 2128 2578 2785 
1 5 
3 873 1205 2320 
2 1111 3760 
1 1896 
3 1594 2548 2916 
2 1780 3905 
2 1329 3299 
3 1555 2586 2867 
3 2174 3434 3572 
5 7 938 1117 1598 2486 
0 
0 
5 72 351 2386 3016 3481 
4 1 394 2114 3351 
2 697 2900 
5 141 561 607 859 3663 
1 431 
1 3802 
3 407 691 2605 
1 2285 
5 857 1602 1664 2845 3892 
0 
3 1139 1604 1790 
1 494 
1 1693 
4 904 1416 1597 2638 
1 936 
2 783 2093 
2 531 3503 
3 2067 2349 2589 
3 2826 3008 3209 
1 93 
4 2289 2462 3160 3458 
1 533 
8 543 1017 1249 1257 1744 2785 3233 3420 
1 1367 
5 1175 2159 2878 3138 3204 
1 1562 
2 687 3353 
7 1226 1742 2448 2712 3023 3710 3847 
3 489 736 1272 
4 472 1326 3285 3323 
1 922 
3 263 2581 3348 
0 
1 1758 
2 2132 2608 
1 2231 
2 3275 3305 
3 499 1307 2813 
5 614 685 846 1433 3680 
1 1693 
3 756 1325 1761 
2 652 1489 
1 439 
3 761 874 1865 
0 
1 446 
5 582 931 1900 2165 3983 
3 1439 3561 3565 
5 88 2061 2090 3185 3598 
2 945 1108 
3 731 1993 3673 
2 914 1133 
1 2121 
3 871 2746 3079 
3 779 3232 3548 
2 1734 3696 
1 2234 
5 139 433 485 1962 3855 
3 88 1677 2506 
5 617 635 1616 1685 1911 
1 6 
3 56 1263 1474 
2 325 3555 
1 1078 
2 542 3281 
1 1570 
4 1885 2465 2790 2998 
2 46 2047 
2 220 573 
1 1380 
3 1065 2230 2283 
2 836 2615 
2 981 2894 
3 2461 2632 3652 
2 1806 3927 
6 1099 1644 2348 3144 3546 3904 
1 2344 
3 367 1413 3764 
0 
0 
4 133 199 1948 3210 
3 460 1547 3571 
6 1110 1544 2474 3086 3217 3852 
3 1004 2094 2810 
3 2 1326 3806 
1 2239 
0 
3 1360 2997 3801 
3 1852 3172 3824 
3 970 1455 2436 
1 2094 
4 45 1986 2865 3457 
3 19 1178 1581 
3 692 3651 3988 
1 1627 
2 1462 1960 
0 
3 923 1633 2268 
3 793 838 3344 
2 425 2507 
2 203 1097 
2 1451 2120 
2 2136 2986 
3 1261 1523 1829 
3 1651 1683 2821 
3 468 1208 1513 
0 
1 2520 
3 1042 3548 3634 
5 785 2410 2446 2572 3099 
1 3611 
2 557 2928 
4 276 471 3127 3318 
2 3058 3748 
3 519 2424 3102 
1 807 
1 1726 
2 384 1438 
3 2364 2862 3051 
1 1095 
2 2244 3704 
3 30 478 2001 
4 172 739 3218 3245 
1 2744 
4 302 323 1210 2356 
2 348 1541 
2 1381 3013 
0 
4 570 1477 2839 3923 
2 1748 3726 
2 13 258 
2 1305 3143 
3 858 1091 3291 
2 1158 3096 
1 3939 
5 1903 2703 3413 3499 3780 
2 240 3342 
2 77 2866 
0 
2 1510 1993 
4 983 1921 2102 2104 
4 302 1431 1634 2927 
0 
3 1083 1763 2951 
0 
3 533 2143 2845 
4 117 772 2485 3177 
1 3631 
1 2885 
3 3254 3876 3986 
0 
1 3938 
1 3203 
2 3603 3704 
4 786 1211 1510 2904 
1 2999 
3 11 682 3865 
4 286 1900 2615 3901 
3 1606 3275 3281 
2 1063 3322 
3 999 1426 3633 
2 903 2227 
3 2026 3120 3991 
3 259 815 834 
2 2723 3709 
2 1494 3703 
1 1909 
3 1082 1315 2838 
3 2639 2753 3573 
4 603 1824 2618 3652 
4 2472 3115 3123 3647 
3 327 1814 2657 
0 
1 345 
1 1911 
2 1266 3648 
0 
4 1543 3216 3457 3631 
2 15 3637 
1 410 
3 686 1379 2678 
5 1402 1940 2806 3338 3733 
1 418 
1 878 
1 1214 
1 711 
1 2487 
0 
0 
1 1930 
2 1143 3270 
1 538 
2 208 3711 
4 29 2151 2324 3093 
2 1155 1247 
1 2987 
4 411 811 2070 3195 
2 5 1617 
3 1814 2555 2782 
2 276 2776 
3 82 1323 1613 
1 1774 
4 185 1381 1429 3099 
1 139 
2 1069 2266 
3 888 1888 3730 
0 
2 790 1475 
3 735 2333 3214 
1 2273 
2 661 1537 
2 2406 3871 
1 2204 
4 242 850 3556 3846 
4 29 1956 2927 3237 
1 2729 
4 1351 1923 1942 1967 
5 1334 2028 2635 3107 3742 
1 2966 
1 1045 
2 930 3636 
2 1010 3848 
1 3089 
4 870 2142 3548 3599 
2 3012 3397 
4 1438 2208 3681 3699 
5 1938 3111 3376 3430 3545 
2 56 3718 
1 1567 
1 2264 
0 
4 608 702 1504 2188 
0 
3 1285 3209 3384 
2 1520 3535 
2 1079 1192 
3 1836 2717 2931 
1 2335 
5 434 530 1483 1589 1917 
6 766 2092 2257 3369 3866 3901 
0 
2 248 514 
2 1347 1725 
2 2635 3369 
2 2817 3892 
2 40 1235 
1 2668 
0 
2 821 822 
2 3097 3403 
2 3237 3318 
2 828 3490 
1 2534 
0 
2 1686 3670 
3 1735 1845 2425 
2 2565 2626 
2 3060 3845 
2 1580 1824 
6 162 239 1548 2540 2783 3851 
2 245 3671 
6 565 1129 1466 2256 3907 3933 
1 2720 
5 1587 2671 2910 3272 3964 
4 400 403 3670 3961 
2 1181 2420 
1 529 
0 
2 1419 2242 
2 1226 3898 
1 3021 
3 322 378 1684 
3 27 1215 2381 
3 1086 2003 3306 
5 992 1743 3262 3266 3933 
1 1381 
3 960 1368 3370 
2 3545 3670 
3 226 309 2108 
3 834 2075 3632 
3 399 481 1354 
2 3259 3475 
2 205 1262 
3 198 995 1366 
0 
3 657 2852 3948 
2 556 3893 
2 1932 3675 
0 
1 3432 
1 629 
1 711 
0 
5 71 1101 1599 2280 2510 
2 1057 1273 
1 808 
0 
2 551 707 
0 
3 535 2341 3992 
5 544 616 830 2016 2080 
3 748 1026 2880 
3 147 3136 3214 
2 1554 1834 
3 833 2442 2937 
0 
4 902 2064 2135 2580 
0 
2 575 3743 
5 145 687 1709 3469 3499 
1 3601 
2 2359 3482 
3 1369 3074 3430 
0 
6 236 549 1384 3542 3892 3998 
1 3500 
1 2555 
1 350 
3 685 740 2718 
3 176 1241 3774 
3 549 712 3187 
2 1738 2539 
2 304 2420 
3 913 2531 3080 
2 2750 3768 
4 1379 2117 3204 3492 
4 1063 1963 2618 3497 
5 1777 2201 2561 2884 3653 
3 465 469 2427 
3 1639 2236 3415 
6 622 1618 2393 3395 3491 3670 
2 614 3649 
7 290 549 1228 1413 2650 2697 3799 
5 1082 1798 1925 2754 3293 
5 10 1724 2229 3081 3915 
2 795 2043 
1 2703 
1 3141 
3 662 745 1365 
5 1366 1409 1884 1891 3146 
0 
1 3325 
2 117 1204 
4 466 633 3125 3779 
1 2086 
1 2978 
2 119 2217 
3 1868 2103 2600 
6 1999 2200 3576 3586 3599 3652 
1 3582 
3 0 90 462 
4 1032 1455 2263 3372 
2 1319 1450 
2 2309 3609 
2 1209 1491 
2 372 1519 
1 166 
3 269 1223 3915 
3 260 1368 3360 
3 784 1342 3547 
3 515 1248 2735 
3 713 1202 2802 
0 
1 1178 
6 258 395 755 1185 1979 2442 
3 1556 2126 2798 
1 120 
2 2249 2394 
5 1229 2614 2740 3831 3906 
7 1129 1654 2295 2398 2769 3019 3867 
4 425 506 759 3168 
1 2636 
3 1139 1294 2183 
2 1782 3831 
3 721 1373 3377 
0 
2 715 3222 
3 2450 2826 3547 
3 2803 3077 3930 
3 902 1774 3908 
3 1383 2420 2593 
2 2262 3487 
4 322 3442 3475 3828 
3 840 1070 3956 
1 1337 
0 
3 2941 3051 3090 
2 527 3486 
2 1184 3349 
5 1034 1599 1969 3514 3861 
2 1903 2901 
4 2103 2695 3787 3921 
2 1487 2462 
1 3168 
5 809 1406 1603 1701 1803 
1 2023 
2 2441 3549 
2 1226 1551 
4 885 1301 2262 2342 
0 
3 886 3099 3755 
2 990 1369 
4 798 1776 2868 2996 
4 15 268 2108 2136 
4 1996 2046 3173 3451 
0 
3 56 185 1937 
3 68 397 2257 
3 1924 3159 3527 
4 2448 2573 3212 3929 
4 122 1070 1215 1322 
3 2645 3189 3503 
3 326 2342 2464 
1 1252 
4 359 1572 2544 2848 
3 32 2453 2705 
2 886 1403 
0 
2 142 1772 
2 1050 2880 
1 3539 
5 281 526 1508 2560 3630 
4 994 1269 1582 3798 
0 
2 912 1607 
2 645 2705 
3 1225 3082 3435 
4 96 241 3204 3264 
2 491 1816 
4 135 713 2591 2841 
0 
2 66 1195 
2 1763 3783 
1 3722 
1 3935 
4 211 532 2867 3116 
1 3110 
1 812 
3 2670 2870 3312 
4 269 563 2605 2894 
4 1176 1652 1985 3046 
2 1030 2198 
6 660 852 1558 2070 2932 3399 
3 1894 1918 2392 
1 360 
3 531 548 2543 
5 950 1044 1127 3646 3837 
3 1281 1780 3883 
1 226 
1 1773 
3 1523 1796 2024 
0 
4 859 1420 2301 3641 
2 2481 2899 
5 676 853 930 1252 3792 
1 2237 
3 1660 1954 2571 
2 772 3665 
2 772 3457 
2 2245 2252 
3 344 2129 2620 
3 567 1162 3754 
2 2063 2728 
4 57 685 808 1509 
2 238 572 
4 532 1822 2187 3713 
2 981 2623 
1 1473 
1 1509 
1 3144 
2 298 3776 
1 2204 
4 2341 2633 3283 3958 
4 1278 1797 2017 3005 
2 1879 3129 
1 1026 
3 2432 3011 3744 
2 1009 3654 
3 897 2996 3246 
2 3409 3950 
3 992 1454 3327 
2 195 2619 
2 35 1310 
3 1567 1753 1899 
2 2695 3406 
3 212 2671 2780 
2 593 1902 
1 1791 
1 2246 
2 58 643 
4 1486 1980 2302 2846 
2 2429 2470 
4 143 391 1107 1900 
2 345 1114 
2 153 3294 
4 380 1955 2186 3868 
4 1699 1938 2203 2804 
1 984 
3 1565 1597 2503 
1 1821 
3 558 1111 2285 
0 
2 1483 3410 
2 2606 3030 
6 357 1994 2249 2395 2900 3284 
3 2183 2312 2894 
4 911 1333 2974 3704 
0 
1 231 
2 3690 3695 
1 2756 
6 504 1101 2278 2646 3133 3870 
3 174 1113 1927 
2 399 3993 
2 2681 3884 
3 2941 3114 3768 
1 3214 
2 156 678 
3 435 1302 3920 
3 252 994 2860 
1 1855 
0 
2 690 1944 
4 24 1179 2464 3579 
3 944 3063 3535 
3 1790 2499 3349 
7 1292 1677 1773 1801 2356 3003 3543 
3 814 2401 2554 
2 1178 2186 
3 283 2451 3581 
5 133 860 3026 3134 3404 
2 2273 2353 
3 247 1969 3299 
1 3379 
1 2130 
1 2279 
1 447 
2 1391 2151 
2 1179 1968 
2 2636 3711 
4 219 848 1063 1175 
5 534 580 2956 3885 3952 
1 2243 
4 1068 2492 3275 3478 
4 1379 2159 2725 3561 
4 300 2258 2660 3691 
5 545 1534 1755 3271 3817 
2 516 1559 
3 326 1258 3833 
5 248 606 1247 2100 3533 
1 2124 
1 1016 
3 1052 1282 1627 
3 518 2855 3299 
3 2170 2825 3471 
1 2762 
0 
0 
2 1575 3125 
2 1415 3201 
1 990 
2 531 3769 
5 1187 1785 1791 1818 3836 
3 2114 3223 3863 
3 1003 1537 3905 
1 2989 
1 1276 
1 2414 
0 
2 283 2372 
8 1172 1664 2277 2935 3299 3330 3566 3636 
3 807 1385 3608 
4 143 224 523 2521 
3 42 254 3151 
2 1674 2544 
1 150 
2 530 3591 
1 2468 
0 
6 496 721 856 2252 3479 3561 
3 1316 2558 2970 
2 1057 2511 
5 178 387 1658 2471 3397 
6 1956 2137 2663 2775 3315 3886 
2 1366 3690 
4 1035 2003 2792 3583 
3 1381 3701 3995 
4 485 668 805 1155 
1 261 
0 
2 1759 2035 
0 
3 619 1424 2980 
6 668 1710 2782 3086 3656 3679 
4 23 200 1627 2199 
0 
3 79 971 1330 
1 2853 
6 84 334 1582 2439 2839 3840 
2 271 3713 
2 1177 2135 
3 33 2881 3450 
2 795 1152 
0 
0 
2 3177 3396 
2 1665 2528 
1 3731 
4 679 1387 2023 3700 
2 263 1962 
5 1394 2287 2356 3129 3217 
2 3583 3596 
1 1227 
4 1423 2270 2809 3756 
0 
1 2884 
1 3473 
1 3456 
3 622 1080 2345 
0 
2 307 1326 
3 104 1929 2573 
3 726 1118 1463 
3 532 1118 3145 
1 1454 
5 417 1121 2737 3083 3175 
4 652 1520 2090 3607 
3 1162 1703 3220 
2 2225 3801 
3 2045 2082 2108 
3 92 2375 3863 
2 674 3189 
0 
3 293 1405 2879 
3 1667 1727 3705 
2 863 1736 
3 718 2896 3794 
2 685 1962 
2 2448 3121 
2 974 3586 
0 
1 2183 
3 745 2403 3585 
0 
2 243 470 
1 2433 
1 730 
2 999 3255 
4 120 159 1484 2021 
1 2202 
2 374 1006 
2 2365 3092 
1 552 
2 1263 2223 
2 164 2222 
2 382 591 
4 1128 1840 1876 3238 
2 214 2397 
1 2902 
2 92 1468 
1 1112 
2 2824 3368 
4 751 2181 2633 3181 
2 193 1362 
3 781 2685 3471 
2 995 2751 
5 72 2010 2230 3023 3415 
2 1883 2840 
1 3288 
2 1155 3484 
1 3621 
2 982 3835 
1 2626 
3 691 1183 3908 
4 98 471 2147 2581 
0 
2 1026 3636 
3 311 725 1685 
2 1 1 1 2 3 1 2 1 1 2 1 1 2 2 4 1 2 4 1 1 2 1 3 1 2 2 1 4 1 1 2 3 2 1 3 1 2 2 1 2 3 1 3 1 1 3 1 1 1 2 2 1 1 2 2 1 5 1 2 2 1 2 2 2 1 1 2 1 2 1 1 1 3 2 2 1 2 1 1 1 1 3 3 2 1 1 1 1 2 2 2 1 2 2 2 1 1 1 1 1 3 1 3 1 2 1 1 1 1 2 1 1 1 1 1 1 2 1 2 2 1 3 1 2 1 2 1 4 2 1 1 1 1 2 2 3 2 3 1 2 3 2 1 3 1 3 3 1 1 2 1 1 2 4 1 1 2 1 2 2 1 1 1 1 1 2 2 1 3 1 3 1 3 2 1 2 2 2 1 1 1 1 2 1 4 3 1 1 1 1 1 1 2 3 1 1 2 1 1 1 2 1 2 3 2 2 3 5 2 4 2 2 1 2 2 2 3 1 2 2 1 1 1 1 1 2 1 3 4 2 1 2 5 2 1 1 2 1 2 3 2 3 3 1 2 2 3 2 1 3 1 1 2 1 1 1 1 2 1 1 1 2 3 1 1 1 1 2 2 2 2 1 1 2 2 3 2 1 1 2 3 1 4 2 1 1 1 1 1 1 3 1 1 1 1 2 1 1 2 1 1 3 2 3 1 1 3 1 2 2 1 1 1 3 2 1 1 2 2 2 2 3 1 1 1 1 2 1 1 2 1 1 1 2 1 3 1 2 1 3 1 2 1 2 2 2 1 2 1 2 3 1 2 2 2 2 1 1 1 1 1 1 2 1 1 2 2 2 2 3 1 1 1 1 3 2 3 1 3 1 3 3 2 1 1 1 2 2 1 1 3 1 1 3 2 1 1 1 2 1 3 1 1 2 1 2 1 2 2 2 1 1 1 1 1 1 1 2 1 1 1 2 4 1 3 2 3 1 2 2 1 3 3 4 1 3 1 1 3 1 2 4 3 1 1 4 2 2 1 2 1 1 1 1 1 2 1 1 2 3 3 2 2 1 2 2 2 1 2 2 1 2 2 1 3 1 2 1 1 1 2 2 1 2 3 3 2 1 2 1 1 1 1 1 3 2 3 2 1 2 2 3 3 3 1 3 2 2 2 4 2 1 2 2 4 2 1 3 1 1 1 2 1 1 1 1 1 2 3 2 2 3 1 2 4 1 1 2 1 1 3 3 2 2 2 1 2 3 1 1 1 2 1 2 2 2 3 2 1 2 1 1 2 1 1 3 2 2 1 3 1 3 1 2 2 2 2 2 2 2 2 1 2 2 1 4 1 1 1 1 3 1 1 2 1 1 2 2 1 1 1 1 1 1 1 4 3 1 2 3 1 2 3 1 1 2 1 2 1 1 2 1 2 2 3 3 2 2 1 2 3 2 2 3 3 3 1 1 2 1 2 3 1 1 1 1 1 1 1 1 1 2 1 1 2 1 3 1 3 1 2 1 1 1 1 1 2 2 1 2 1 1 1 2 1 2 2 1 3 1 2 1 1 1 2 1 1 1 1 3 1 2 2 1 1 2 2 1 1 1 1 1 1 3 1 4 1 1 1 1 1 1 3 2 4 1 1 2 1 1 1 2 2 1 1 3 1 2 2 3 1 1 1 1 4 3 2 1 4 1 1 1 1 2 2 1 1 2 2 1 2 2 1 2 2 1 1 1 2 2 3 1 3 1 2 1 1 2 1 2 1 3 1 1 1 1 1 2 2 2 2 1 1 3 1 2 2 2 1 2 2 2 1 1 3 1 1 1 2 2 1 3 1 1 3 1 1 4 1 1 4 2 2 2 1 2 2 1 1 1 2 2 1 2 2 1 1 2 2 2 1 1 1 1 1 1 1 3 2 3 1 3 1 1 1 1 2 3 1 3 1 2 3 2 1 3 4 2 3 1 1 2 2 1 1 2 3 2 1 3 3 3 3 2 1 2 4 3 1 3 3 2 1 3 1 1 1 2 2 1 1 1 2 2 2 1 3 1 1 4 1 3 1 3 2 1 1 1 1 1 2 1 2 1 1 1 1 2 2 1 1 2 3 1 1 2 1 3 1 2 1 1 4 3 1 3 4 3 2 2 1 2 1 2 1 2 1 1 2 1 1 1 1 2 1 1 2 1 1 2 1 2 1 1 2 1 1 1 3 3 1 2 1 3 1 1 3 1 2 2 2 4 2 1 2 1 1 1 1 1 1 2 1 4 1 2 4 3 3 2 2 2 2 3 1 1 1 2 2 3 1 1 1 2 1 2 1 1 1 3 1 1 2 3 1 2 3 1 2 1 2 2 1 1 1 4 1 1 1 2 1 2 1 1 1 1 1 1 2 1 2 3 1 1 1 1 4 3 1 1 2 2 2 1 1 2 1 1 2 1 3 1 2 1 3 3 1 2 2 1 3 4 2 2 3 2 2 1 1 2 1 3 1 2 2 2 2 2 1 1 2 2 2 2 1 3 4 1 2 3 2 3 2 2 1 1 3 2 1 2 1 3 2 3 1 2 1 1 1 1 1 1 3 2 1 2 2 1 3 3 2 2 1 1 1 1 2 2 3 1 1 3 1 1 1 3 2 1 2 2 1 3 2 1 3 1 3 1 1 1 1 3 1 1 2 1 2 1 4 1 1 2 4 4 2 2 2 1 2 1 2 2 1 1 3 1 1 1 3 1 2 3 1 2 3 2 2 1 1 1 4 2 1 2 3 1 1 4 1 2 1 1 2 1 1 1 5 3 1 1 2 1 1 2 2 1 3 2 1 2 1 1 1 1 1 2 3 2 1 1 1 2 1 2 1 1 5 1 1 1 3 2 3 2 2 3 1 3 1 2 1 2 2 1 1 3 1 2 2 2 2 1 2 4 1 3 4 1 1 1 2 3 2 1 4 1 2 1 1 1 1 1 2 1 3 2 4 2 1 2 1 1 3 1 2 2 1 1 2 1 2 1 2 1 1 2 1 1 2 1 2 1 1 1 2 1 3 2 1 1 2 1 2 2 1 2 2 2 1 2 1 2 1 3 1 2 1 1 1 2 1 3 2 1 4 4 2 3 4 1 3 2 1 3 3 1 1 1 3 2 4 1 2 1 1 3 1 1 1 3 1 3 1 1 2 2 2 1 1 3 1 2 1 1 1 1 1 2 2 2 2 2 1 1 2 2 2 1 1 1 2 1 2 2 1 1 1 1 2 1 2 2 1 1 1 1 2 2 1 2 1 2 2 1 2 1 1 1 1 2 1 1 1 3 2 1 1 2 2 1 1 2 2 1 3 1 2 1 2 3 2 1 2 1 2 2 3 2 1 1 1 2 2 2 2 1 3 1 3 2 1 3 1 4 2 2 2 2 1 3 1 1 1 1 1 1 2 2 1 3 1 1 1 1 2 1 1 1 1 1 1 1 3 1 3 2 1 1 2 3 2 2 2 2 1 1 2 3 2 1 4 1 1 2 1 1 2 1 1 1 1 1 1 1 1 3 3 2 2 1 2 2 1 1 2 2 3 2 1 1 3 4 2 4 1 2 1 1 1 1 1 2 3 2 2 1 1 3 2 1 1 1 1 3 1 3 2 3 4 1 1 1 3 2 1 3 1 1 1 2 1 1 2 1 2 1 3 1 1 2 2 1 2 2 1 1 1 2 1 3 1 1 1 2 3 1 2 3 1 3 1 2 1 2 1 2 2 2 1 3 4 1 1 1 1 2 3 2 1 1 1 1 2 1 2 2 1 2 1 1 2 1 1 2 1 1 2 2 2 3 1 1 1 1 1 1 1 2 1 1 1 1 3 1 1 1 2 1 3 1 1 1 2 1 1 1 1 3 1 1 2 1 1 1 2 2 3 4 1 1 2 1 1 1 1 3 1 1 3 3 1 1 2 1 1 2 1 3 1 2 1 3 1 1 2 1 1 2 1 1 2 4 3 3 2 2 2 4 3 2 1 1 3 2 1 1 1 3 1 1 1 1 2 2 1 1 1 1 1 2 1 2 1 2 2 3 1 1 1 2 2 1 1 1 3 2 3 1 1 1 3 3 1 1 2 1 1 1 2 3 3 1 2 3 1 1 2 2 1 2 3 2 1 1 1 1 1 2 2 1 2 3 2 1 1 1 2 1 4 1 1 1 1 1 1 1 1 2 1 2 1 1 1 1 2 1 2 1 1 1 1 1 2 1 2 1 1 4 1 3 1 1 1 3 2 3 2 2 2 1 3 1 2 2 2 3 2 2 1 1 2 1 1 1 3 1 3 1 1 1 1 3 2 1 1 1 1 1 3 1 3 2 3 1 1 1 2 2 1 1 3 3 1 1 1 1 3 1 4 2 2 1 3 3 2 1 3 3 2 1 1 1 2 2 1 1 2 3 3 1 1 2 2 1 1 1 2 3 1 2 1 3 1 2 1 2 1 2 1 1 1 2 1 1 1 1 1 3 2 1 4 1 1 1 1 2 1 1 2 2 2 1 2 1 1 3 1 2 2 2 1 2 2 2 1 1 1 1 2 3 1 2 2 1 2 2 2 2 2 2 2 1 3 3 2 3 1 1 2 1 2 1 1 2 2 1 1 1 1 1 1 1 2 2 3 3 1 1 2 1 1 1 1 1 2 2 1 3 1 1 2 1 3 1 2 2 2 1 1 1 2 1 1 2 1 1 1 3 2 2 1 1 1 1 1 2 1 1 1 2 1 1 3 1 1 1 1 1 1 2 3 2 1 2 3 5 1 4 1 2 1 1 1 1 2 1 3 1 1 1 2 1 3 3 1 1 2 2 2 1 2 2 2 2 3 1 1 1 1 1 1 2 1 1 4 1 1 1 2 1 1 1 1 1 2 1 2 1 2 1 1 1 2 1 1 1 1 3 1 3 2 1 1 2 1 1 1 1 2 2 2 1 2 4 2 1 2 4 2 1 1 1 1 1 2 1 1 1 1 3 3 3 1 1 1 2 3 1 1 1 2 1 3 1 3 1 3 2 1 3 1 1 1 3 3 2 3 2 1 3 2 3 3 1 2 1 2 2 2 2 1 1 2 4 2 2 1 3 1 1 3 3 1 2 1 4 4 1 3 1 3 1 2 1 1 3 2 1 1 1 1 2 1 2 3 3 3 2 3 1 1 1 1 3 2 1 1 1 2 2 2 2 1 2 1 2 3 1 1 1 3 2 1 2 1 1 1 1 1 3 1 2 1 2 1 1 2 2 1 4 1 4 2 1 2 1 2 4 2 1 2 2 1 1 2 2 1 1 4 2 3 1 3 3 1 1 1 3 1 1 2 1 2 1 1 4 1 1 1 1 1 1 1 1 1 1 1 1 2 2 1 2 1 2 3 1 3 1 1 1 1 1 2 2 2 1 1 2 1 2 2 2 1 3 3 1 2 3 1 1 2 1 3 2 1 2 2 2 2 3 1 2 1 2 3 2 1 1 1 3 1 1 4 1 1 2 2 1 3 2 1 1 3 2 1 2 1 2 3 2 4 2 2 1 1 1 1 3 1 4 1 3 2 1 1 2 3 1 2 3 1 2 1 1 1 1 2 2 1 2 2 1 1 2 2 1 1 3 1 2 3 1 1 2 2 2 3 1 2 1 1 3 1 2 2 1 1 2 2 1 1 1 1 1 1 1 3 1 1 1 2 2 1 1 2 2 2 2 1 1 1 2 1 1 1 1 2 1 2 2 4 1 2 2 1 2 1 1 1 1 1 2 2 1 1 1 1 2 1 2 1 2 2 2 2 1 2 2 1 1 1 2 1 1 1 1 1 1 2 1 1 3 3 1 2 2 2 3 1 1 4 2 1 1 1 2 3 2 2 1 2 2 2 2 1 4 1 3 4 1 3 2 2 1 3 3 1 1 2 1 3 1 1 3 3 2 2 1 2 2 2 2 2 2 2 3 1 2 2 3 1 3 3 2 3 2 2 2 4 1 1 1 1 2 4 2 1 3 3 1 1 1 2 3 3 1 2 1 2 1 1 2 3 2 1 1 1 3 3 3 3 2 2 2 1 2 2 1 1 2 2 1 1 1 2 2 1 1 1 2 2 3 2 1 1 1 3 1 1 1 3 1 2 3 3 2 2 2 1 1 1 1 2 2 2 1 2 1 2 2 1 1 2 2 3 1 2 2 1 1 1 3 1 1 3 1 1 1 1 1 1 1 3 2 1 2 1 2 1 3 1 2 2 3 1 3 1 2 2 1 1 2 1 1 1 1 3 1 3 1 1 1 3 1 3 2 1 3 2 1 2 4 1 1 1 1 3 2 1 3 1 1 2 1 2 2 2 1 1 1 2 2 3 1 2 2 3 1 4 3 1 1 2 2 1 1 2 4 2 3 2 1 1 2 3 3 2 2 2 1 1 1 1 2 1 1 3 2 3 3 3 1 1 1 1 1 1 4 1 1 3 2 1 4 2 1 1 1 2 1 1 1 2 1 3 1 1 3 2 1 1 1 1 1 2 2 3 1 3 2 2 2 1 1 2 2 1 2 2 1 2 1 1 2 3 2 1 2 2 3 2 2 1 2 2 2 2 3 1 1 2 3 1 2 2 3 1 1 1 1 1 2 2 2 2 1 2 1 1 3 1 3 3 1 1 1 1 1 1 1 3 2 2 3 1 3 1 1 4 4 2 1 2 2 1 2 2 1 2 1 1 1 1 1 4 2 2 1 1 3 2 1 1 1 2 2 1 2 3 1 1 2 1 1 1 2 1 1 1 2 1 1 2 3 2 4 3 1 1 1 2 2 2 1 2 1 2 2 1 1 1 2 2 2 3 1 2 1 1 1 1 1 1 1 2 2 2 2 2 1 2 3 3 2 1 1 1 2 1 2 1 1 2 3 2 1 2 1 1 1 1 1 1 1 2 2 2 1 2 1 1 1 1 1 2 3 2 1 1 1 2 1 1 1 1 1 2 3 2 3 3 2 3 1 1 2 3 3 2 1 2 1 3 1 1 3 3 1 1 3 1 1 1 3 2 1 1 1 2 1 3 2 3 2 1 3 1 1 1 1 1 2 3 2 3 1 3 1 3 2 3 1 2 1 3 1 1 1 2 1 1 1 2 2 2 4 2 1 1 3 1 1 1 1 1 3 1 3 3 2 2 1 2 1 2 3 1 2 1 2 3 2 3 1 1 1 2 2 3 1 2 2 1 1 1 1 1 3 2 2 1 2 2 2 3 1 2 1 3 1 2 2 2 2 3 1 1 1 2 3 1 1 3 3 1 1 3 2 2 3 1 2 1 1 1 2 3 4 3 1 1 2 3 1 1 1 3 1 1 1 1 1 1 1 1 2 1 2 1 2 2 3 1 2 2 2 2 1 3 3 4 2 1 1 3 2 1 1 2 2 4 1 2 1 1 1 1 2 2 1 3 1 3 3 2 2 2 2 1 2 4 2 1 2 1 1 1 3 3 1 1 1 1 1 1 3 1 2 4 1 1 1 2 1 1 1 3 1 1 1 1 2 2 1 2 2 2 2 1 3 1 1 2 1 1 1 2 1 3 1 1 3 2 4 1 3 1 2 2 1 1 1 1 1 1 3 1 2 3 3 1 2 1 1 1 1 1 2 2 3 2 3 2 1 1 1 3 2 2 3 2 2 2 2 1 1 2 4 2 3 1 2 2 1 2 2 4 1 3 1 1 2 1 1 2 3 1 1 1 3 1 2 4 2 1 2 1 1 2 2 1 1 2 3 1 3 2 1 2 1 2 2 2 2 2 2 2 1 3 2 1 1 2 3 1 2 1 1 1 2 1 1 1 3 2 2 1 1 3 1 1 1 1 1 1 1 2 1 1 1 1 1 2 1 1 1 2 3 2 2 1 2 2 2 2 1 1 1 1 1 2 2 1 1 1 1 1 1 3 2 1 2 3 1 1 1 2 1 1 1 1 3 1 1 2 2 2 2 1 1 1 1 1 3 2 1 1 1 1 2 2 1 3 2 1 4 2 2 2 1 2 1 2 1 1 1 3 2 2 1 2 1 2 1 3 2 1 3 1 1 3 1 1 3 1 1 1 1 1 1 2 2 3 1 1 2 2 2 2 2 3 3 2 1 2 2 2 1 1 2 2 2 2 2 1 3 1 1 2 1 2 1 2 1 2 1 1 1 2 1 1 2 2 1 3 1 1 1 2 1 1 1 1 2 2 3 1 2 1 1 2 1 3 2 1 3 1 1 1 3 3 2 2 1 1 1 1 3 2 1 2 3 3 2 2 4 1 1 2 3 1 1 1 1 1 1 1 1 2 1 1 1 1 1 3 2 2 1 1 2 2 1 1 1 2 1 2 1 2 2 2 1 1 4 1 2 1 1 1 1 1 1 2 2 2 1 1 2 2 1 2 1 2 1 1 2 1 1 2 2 1 2 2 2 3 2 1 2 2 2 2 2 1 2 1 2 1 2 1 3 3 1 4 3 1 2 2 3 3 2 1 1 2 2 1 1 4 2 1 2 1 2 2 4 3 2 1 2 1 1 1 1 1 2 1 1 1 2 2 2 1 1 1 1 3 2 1 1 1 2 1 2 2 2 1 1 1 2 1 1 2 1 3 1 2 2 4 2 1 1 2 3 1 2 1 1 2 2 2 3 1 1 1 1 2 2 1 3 1 2 3 1 1 1 1 3 1 1 2 2 2 1 1 1 3 3 1 1 1 2 2 3 3 2 1 2 1 1 2 1 1 1 1 1 2 1 3 1 1 2 1 1 1 2 1 2 1 1 1 2 1 2 3 1 2 1 2 1 1 1 1 2 2 2 2 3 1 1 1 1 4 1 1 1 2 1 3 2 4 2 1 1 1 3 3 2 1 2 2 1 1 1 1 1 1 1 1 3 1 2 1 2 1 1 3 1 2 1 1 2 1 1 2 1 1 1 2 3 1 1 2 2 1 1 2 3 1 1 1 2 1 1 1 1 1 1 1 1 1 1 1 2 2 1 2 2 1 2 1 1 2 1 1 1 1 3 2 2 1 1 3 2 2 1 3 2 1 1 2 
