q 1400
2 739 1308 
4 750 1028 1293 1368 
3 1150 1211 1290 
5 382 950 1213 1218 1356 
2 492 1119 
2 674 1140 
0 
3 390 760 1110 
2 408 957 
0 
4 181 465 694 1297 
3 93 559 941 
4 297 451 594 699 
0 
2 653 978 
3 248 365 580 
1 109 
3 260 319 866 
0 
2 274 1357 
2 195 746 
7 523 681 854 922 982 1219 1279 
4 356 473 718 1240 
2 454 722 
1 1124 
5 532 672 983 1144 1266 
1 801 
2 478 1228 
3 75 545 1304 
4 288 502 688 1129 
1 55 
2 513 1334 
2 418 1081 
1 916 
0 
1 1034 
4 48 84 853 1137 
5 663 878 894 1185 1319 
2 434 862 
0 
5 249 509 685 745 1101 
3 106 662 1283 
0 
2 867 1228 
1 1140 
1 856 
3 343 346 386 
2 143 964 
3 36 454 736 
2 734 1222 
1 600 
3 284 577 642 
4 388 720 802 1240 
2 714 1224 
3 303 685 769 
3 30 125 822 
0 
1 840 
4 334 575 1158 1377 
2 136 888 
1 787 
3 621 1049 1271 
1 100 
2 66 654 
4 116 799 1097 1197 
4 769 1169 1206 1217 
1 63 
2 416 1306 
1 1120 
2 594 885 
2 697 753 
3 141 148 1109 
2 1221 1257 
0 
3 196 838 1235 
4 28 791 1047 1090 
2 430 992 
5 286 445 953 1061 1086 
4 219 511 785 930 
2 479 1087 
2 108 391 
3 151 630 1063 
1 857 
0 
4 36 123 836 925 
1 155 
4 156 225 438 1082 
2 367 400 
1 553 
0 
0 
1 438 
3 314 349 874 
5 11 681 717 1159 1274 
2 283 546 
3 410 670 805 
2 208 1198 
1 1304 
2 116 395 
2 650 1322 
4 62 183 623 1203 
3 117 308 1310 
3 281 292 706 
3 695 1329 1348 
4 596 808 1011 1296 
3 147 272 321 
2 41 1353 
4 181 194 329 470 
2 80 1068 
2 16 1260 
0 
4 206 828 1150 1199 
2 131 140 
2 693 1329 
1 856 
4 463 497 786 994 
4 64 98 491 941 
4 101 341 538 1331 
1 282 
4 121 257 851 1335 
4 276 488 530 1279 
2 119 1165 
0 
3 84 838 1147 
2 698 866 
2 55 338 
5 264 500 541 1126 1311 
1 286 
4 251 292 314 812 
2 715 933 
1 1398 
3 112 485 1318 
6 162 307 866 991 1065 1250 
2 470 1309 
3 309 542 749 
1 322 
3 59 253 450 
1 1078 
3 627 753 824 
1 804 
4 112 426 1047 1214 
1 71 
3 199 328 487 
6 47 778 1015 1113 1253 1272 
3 264 620 1225 
4 830 848 867 1050 
3 283 342 1392 
2 105 640 
4 71 279 553 1114 
4 461 478 1084 1355 
2 498 986 
5 81 267 428 784 785 
1 825 
2 974 1023 
2 1092 1369 
3 85 432 1271 
1 86 
3 164 572 1169 
2 435 607 
3 1180 1184 1374 
1 1065 
3 731 945 1289 
3 132 318 695 
4 568 703 1134 1263 
6 157 350 419 744 1030 1040 
2 745 1054 
5 293 448 814 1228 1230 
3 277 313 805 
2 893 1360 
2 850 1016 
2 563 873 
1 1345 
0 
1 421 
1 1200 
4 561 582 1083 1325 
4 192 513 521 818 
3 291 454 849 
2 579 1026 
1 200 
1 681 
3 10 107 1254 
2 390 867 
2 100 211 
1 1316 
1 699 
1 1008 
1 539 
1 1330 
3 234 992 1274 
0 
1 1176 
1 176 
1 496 
4 107 365 485 1211 
1 20 
4 74 323 1067 1356 
1 253 
4 418 473 620 711 
5 142 228 778 1085 1100 
4 179 348 1031 1082 
5 587 595 720 1228 1287 
1 388 
0 
3 1062 1197 1315 
2 1057 1124 
5 111 339 572 876 907 
3 476 873 1044 
2 96 1002 
3 397 710 1029 
0 
3 183 378 1301 
2 660 926 
3 870 1037 1059 
1 1175 
1 217 
2 317 516 
4 215 369 641 867 
1 971 
1 78 
2 469 716 
2 371 1329 
3 442 769 996 
7 328 633 707 749 975 1010 1076 
1 871 
2 86 573 
0 
3 445 745 824 
4 199 692 752 1293 
1 661 
2 279 1165 
3 471 1049 1078 
3 234 792 1194 
1 814 
3 189 232 734 
1 1071 
2 555 715 
2 686 731 
2 582 917 
4 339 457 891 1008 
1 726 
3 476 626 793 
1 513 
1 1384 
1 537 
5 278 432 544 754 1235 
1 772 
4 371 474 923 1090 
1 15 
3 40 311 779 
2 423 487 
3 128 737 1140 
2 773 1358 
3 136 197 669 
1 682 
8 353 657 756 853 958 959 991 1365 
6 741 767 842 876 954 965 
3 119 373 929 
1 704 
0 
4 17 281 480 1285 
2 266 1099 
3 898 1173 1337 
3 483 486 1207 
4 126 144 391 439 
1 965 
2 261 1073 
5 151 282 387 491 1216 
3 1073 1089 1168 
1 1013 
1 871 
2 346 653 
8 105 633 700 843 1143 1152 1301 1375 
0 
1 19 
2 1124 1310 
5 120 702 835 1274 1360 
4 167 694 1051 1088 
7 245 289 378 692 728 1014 1064 
4 148 230 674 1011 
1 1227 
4 102 260 752 1004 
3 118 267 1286 
4 94 146 617 1099 
3 51 1138 1200 
1 975 
3 77 127 1079 
1 660 
2 29 1337 
1 278 
3 473 822 1344 
2 177 712 
3 102 128 595 
1 166 
3 458 668 1009 
2 1087 1088 
3 472 1181 1362 
3 12 378 655 
1 1108 
1 936 
1 1177 
4 391 814 876 1290 
3 373 874 974 
2 54 578 
3 610 810 1044 
0 
3 601 782 1015 
4 132 591 1029 1040 
3 101 327 1257 
4 134 528 741 1070 
3 588 891 971 
3 249 412 1025 
1 824 
4 167 512 958 1116 
3 92 128 927 
9 600 652 704 759 922 1116 1170 1180 1262 
0 
4 216 478 678 1104 
2 162 592 
4 17 558 926 1307 
5 556 733 744 1227 1296 
1 105 
4 135 426 1212 1344 
2 196 1033 
3 681 1084 1263 
2 769 1186 
0 
3 308 369 553 
2 142 223 
1 107 
1 644 
1 727 
0 
1 775 
2 58 1333 
2 781 1091 
3 569 630 644 
1 822 
3 125 657 834 
5 206 239 462 517 1179 
2 607 800 
1 117 
4 146 812 1114 1239 
3 46 972 1180 
1 568 
3 795 995 1119 
3 46 271 668 
1 864 
3 200 659 1271 
2 92 1097 
2 164 353 
2 1033 1192 
2 1264 1327 
3 255 350 1093 
1 483 
1 1058 
3 22 487 843 
1 569 
2 391 625 
3 560 727 987 
1 1145 
3 563 630 876 
1 402 
2 1041 1361 
2 1023 1351 
2 15 194 
1 864 
3 87 548 1326 
2 729 1174 
3 217 327 400 
1 672 
4 221 247 1181 1355 
1 867 
4 257 302 445 1248 
5 506 615 958 1117 1234 
1 1332 
0 
1 1121 
3 211 278 297 
1 1062 
0 
1 763 
1 3 
3 553 680 782 
3 1035 1358 1368 
3 474 732 1394 
4 46 457 806 840 
4 267 550 1215 1262 
4 52 202 400 827 
0 
3 7 182 1355 
6 80 264 301 358 551 1013 
2 1224 1335 
1 623 
1 1365 
3 98 605 1239 
4 718 1251 1292 1367 
2 209 946 
3 656 1095 1342 
2 686 1047 
5 87 369 388 641 1358 
1 547 
2 362 779 
3 561 817 867 
1 961 
5 411 545 787 965 1134 
0 
1 653 
6 8 442 477 587 733 780 
2 737 1237 
2 95 970 
2 405 1139 
2 311 1344 
2 804 1369 
3 909 954 1226 
0 
3 67 753 801 
4 465 808 932 1380 
3 32 198 1373 
3 164 562 1183 
2 798 1102 
1 173 
4 681 718 1076 1233 
2 250 588 
2 676 1107 
0 
3 140 322 830 
3 775 943 995 
2 151 1283 
2 1009 1278 
5 76 588 788 972 1011 
1 444 
3 155 245 689 
1 506 
1 38 
2 158 1207 
1 765 
2 513 580 
3 86 91 691 
3 264 767 1375 
1 1330 
1 534 
3 222 408 644 
3 661 893 1005 
2 431 1308 
4 77 227 373 1003 
0 
0 
5 166 500 684 860 1044 
1 1333 
4 136 932 1056 1220 
2 12 1361 
3 787 1169 1235 
1 524 
4 23 48 177 632 
3 725 756 813 
2 750 814 
7 239 386 505 624 952 1032 1036 
4 294 805 829 1178 
1 1155 
1 1039 
4 149 1117 1385 1399 
4 339 735 1286 1350 
2 115 1256 
0 
2 10 417 
2 692 1018 
0 
1 1378 
2 220 485 
5 107 133 546 792 1223 
3 231 944 1216 
2 296 541 
5 22 198 290 637 1053 
4 247 385 1008 1050 
2 774 831 
3 207 241 1250 
2 408 1009 
3 27 149 317 
5 79 910 1234 1264 1337 
2 260 1233 
1 901 
1 1013 
5 263 354 714 1016 1305 
0 
4 131 194 469 716 
1 263 
3 142 250 356 
1 120 
2 523 1024 
1 1178 
2 116 267 
2 4 770 
1 1160 
3 847 1035 1334 
1 1200 
6 193 691 875 1207 1234 1352 
4 115 934 1193 1369 
1 150 
1 688 
3 126 448 986 
1 521 
2 29 1041 
1 546 
1 622 
2 457 607 
3 374 433 784 
0 
2 637 725 
3 40 761 956 
1 865 
3 78 927 1116 
4 313 919 969 1374 
4 31 176 242 437 
1 600 
2 696 1238 
1 216 
1 339 
0 
2 956 1048 
3 816 978 1266 
3 176 501 662 
0 
3 21 489 532 
2 453 1219 
1 835 
2 536 621 
1 1142 
2 309 817 
0 
4 120 1178 1239 1309 
4 892 926 1192 1350 
4 25 523 1065 1075 
3 794 876 1159 
4 441 1066 1126 1244 
1 1329 
2 526 1294 
4 244 567 621 1281 
3 117 1323 1372 
2 187 1202 
1 1348 
3 126 472 582 
2 134 1193 
1 1043 
2 245 878 
4 28 405 1018 1159 
6 94 470 503 649 669 852 
1 401 
2 367 1344 
5 791 1117 1266 1293 1389 
5 387 828 1038 1109 1281 
1 391 
1 1221 
4 88 148 327 383 
2 1348 1399 
3 236 696 1003 
1 320 
1 987 
4 319 920 1294 1381 
3 11 1056 1087 
2 359 1136 
3 175 403 1324 
2 419 647 
2 170 361 
3 903 962 1175 
0 
2 714 1281 
5 537 664 852 872 1284 
8 163 344 754 985 1015 1086 1267 1357 
5 336 357 726 793 1040 
0 
0 
3 157 206 1010 
2 225 863 
0 
1 58 
0 
7 51 939 959 1054 1203 1273 1371 
1 303 
1 178 
6 15 437 585 595 850 1035 
1 872 
4 175 238 541 601 
1 613 
0 
2 580 1371 
2 1269 1293 
3 201 408 928 
4 310 423 430 1009 
0 
2 1277 1293 
3 307 602 677 
1 318 
0 
4 12 69 903 1242 
3 201 292 580 
1 104 
2 772 901 
1 1178 
3 1012 1200 1275 
4 50 315 514 1051 
4 306 582 838 1013 
2 591 932 
1 921 
0 
6 395 688 902 967 971 1221 
0 
5 158 340 505 801 1318 
1 1370 
1 844 
4 304 990 1187 1196 
0 
1 949 
1 583 
1 743 
1 374 
1 948 
6 283 714 1033 1053 1077 1134 
2 727 1106 
1 1374 
6 144 198 759 1065 1098 1193 
4 61 526 537 868 
1 504 
3 100 393 1354 
1 457 
2 358 1250 
4 241 644 882 1094 
3 138 727 1393 
1 1249 
1 1241 
6 81 336 361 790 1197 1287 
0 
4 454 672 763 950 
3 223 272 872 
0 
3 657 1211 1278 
0 
5 473 508 1059 1095 1318 
0 
2 743 1086 
2 147 1017 
3 217 400 1114 
1 51 
1 843 
4 330 336 442 626 
1 1388 
3 871 956 1215 
1 562 
1 913 
1 546 
2 99 1015 
1 892 
2 315 920 
3 14 271 407 
4 63 1113 1256 1312 
2 297 1016 
2 398 1357 
5 255 338 635 839 1165 
5 819 1001 1097 1267 1371 
2 348 747 
2 212 287 
2 229 443 
6 41 521 865 926 1072 1194 
4 37 668 1101 1331 
6 567 776 865 899 950 1329 
4 671 711 816 875 
0 
0 
5 294 346 663 749 759 
3 253 546 848 
3 95 859 923 
2 665 1094 
4 25 370 632 890 
0 
3 5 279 1099 
1 926 
1 424 
2 591 1275 
2 317 1257 
0 
2 383 1165 
9 21 93 180 324 422 783 911 947 1353 
2 254 1179 
1 1203 
1 448 
5 40 54 686 814 1385 
5 237 399 685 855 1132 
1 1046 
5 29 499 605 699 939 
3 432 1047 1203 
0 
4 438 496 1083 1397 
5 228 278 466 888 1264 
2 113 1043 
4 10 277 793 992 
2 103 162 
2 515 555 
4 70 888 1053 1067 
1 124 
3 12 185 688 
1 272 
2 1064 1129 
2 276 1262 
3 163 804 1372 
3 258 315 1017 
2 954 1037 
1 102 
1 223 
0 
0 
4 209 992 1097 1310 
3 198 665 1164 
2 291 1023 
1 1307 
4 53 483 566 617 
6 129 236 716 791 828 916 
4 220 485 715 1077 
4 93 872 1285 1339 
3 22 396 422 
1 1186 
4 52 201 924 1053 
0 
2 23 892 
1 835 
2 1172 1363 
3 455 508 1173 
5 240 569 858 1004 1335 
7 331 359 618 627 984 987 1104 
1 278 
2 368 1206 
2 885 916 
3 161 237 1047 
2 385 1323 
2 320 408 
2 49 234 
2 462 832 
4 48 902 1015 1360 
4 251 409 859 993 
0 
5 0 830 1110 1342 1374 
1 1254 
3 256 309 900 
1 883 
2 614 639 
3 164 320 934 
3 40 165 227 
3 20 898 1283 
2 659 782 
1 953 
5 134 223 668 858 869 
2 1 456 
0 
2 228 281 
3 70 138 416 
3 245 568 849 
0 
4 255 455 868 1078 
0 
1 1243 
4 315 620 668 889 
3 7 821 1241 
1 509 
1 1303 
2 381 632 
0 
3 436 1107 1361 
1 1234 
3 256 439 1099 
2 1288 1387 
6 54 65 222 325 792 982 
3 492 1110 1116 
0 
3 246 597 1147 
1 252 
1 475 
3 333 427 1062 
2 664 1034 
2 1029 1337 
5 143 199 835 913 1288 
4 249 402 1029 1114 
4 408 821 923 1165 
3 335 795 1192 
3 306 383 747 
2 681 789 
2 151 506 
2 78 151 
2 115 1268 
3 60 405 452 
3 430 972 1059 
2 783 1219 
1 630 
5 75 549 715 800 834 
6 232 470 769 1015 1285 1351 
4 241 569 694 1382 
1 533 
2 345 781 
2 995 1332 
3 942 1087 1299 
3 420 1132 1164 
3 64 928 1358 
6 340 791 880 975 1020 1187 
6 26 416 607 834 1056 1369 
2 52 1150 
0 
5 139 413 703 1170 1211 
5 95 167 458 956 1236 
2 386 1326 
1 920 
3 104 417 1277 
0 
1 304 
0 
3 128 342 1286 
2 455 913 
5 166 233 301 456 685 
0 
5 520 665 819 849 909 
2 403 528 
1 176 
3 658 816 850 
1 898 
2 760 780 
4 55 290 337 1121 
0 
3 138 227 312 
1 152 
0 
1 388 
4 111 550 715 1289 
2 458 1089 
8 145 426 739 879 991 1205 1245 1347 
1 475 
1 735 
1 968 
6 338 791 801 845 893 996 
4 276 525 723 778 
2 84 1394 
1 1302 
4 74 123 601 1346 
1 657 
3 57 386 1117 
0 
2 256 1201 
4 272 356 643 850 
1 609 
3 834 1107 1362 
1 938 
2 494 1220 
3 145 669 1338 
6 177 754 816 941 1176 1180 
7 169 580 819 843 1019 1090 1243 
5 119 996 1120 1134 1280 
3 546 567 1137 
2 36 255 
1 21 
1 686 
6 45 114 902 1112 1139 1275 
3 82 1172 1201 
3 726 749 1262 
2 670 737 
4 448 948 1215 1326 
1 969 
1 38 
3 573 898 903 
2 347 366 
4 510 662 664 995 
4 17 124 132 1289 
7 43 145 182 217 372 403 1099 
4 621 756 872 1216 
1 749 
2 213 1111 
4 224 270 646 1205 
6 567 581 633 717 868 1165 
3 170 207 1181 
3 92 302 904 
2 496 665 
6 206 256 301 361 533 1238 
0 
2 37 544 
3 830 1081 1287 
1 800 
0 
2 626 1255 
1 742 
1 1182 
3 69 730 1035 
1 1192 
0 
5 59 692 697 1112 1278 
1 759 
1 672 
3 239 310 1264 
4 531 651 722 1044 
3 168 443 834 
5 37 906 1132 1305 1328 
1 1020 
0 
0 
4 262 746 820 863 
1 664 
1 741 
3 481 597 1395 
5 605 736 856 1068 1080 
4 564 594 863 1180 
2 874 1262 
1 1024 
2 894 1194 
2 206 1295 
1 1295 
4 414 816 1008 1243 
2 479 1116 
3 681 1073 1263 
1 1123 
4 648 778 813 1269 
1 1025 
2 952 1344 
3 33 715 730 
1 238 
0 
4 512 1046 1090 1390 
6 558 652 807 1116 1284 1295 
4 603 1281 1294 1295 
3 21 315 1220 
3 247 670 780 
1 720 
2 84 965 
5 212 319 531 662 675 
2 314 511 
4 587 799 1240 1310 
2 257 1191 
2 78 1365 
2 932 1048 
4 417 450 602 931 
3 129 974 1272 
4 497 744 941 1124 
0 
4 299 992 1036 1334 
1 1248 
1 846 
4 577 688 1092 1373 
1 1380 
5 11 116 849 934 1067 
1 797 
1 427 
2 471 1373 
2 161 1299 
1 397 
1 681 
3 616 860 1033 
1 612 
4 3 632 664 1303 
1 1308 
2 457 915 
2 77 748 
6 256 414 705 1082 1139 1275 
0 
5 509 519 646 805 1022 
1 8 
4 255 313 374 1248 
2 255 577 
0 
2 404 981 
1 564 
0 
2 47 1223 
5 256 265 405 925 1040 
2 1099 1336 
2 605 1125 
1 833 
4 512 861 1129 1281 
2 410 1160 
3 218 310 605 
3 343 430 788 
1 1070 
5 153 302 933 1138 1349 
4 223 285 800 1002 
0 
1 1362 
4 14 520 1000 1319 
0 
2 1264 1389 
2 961 1046 
3 21 769 1107 
2 25 1263 
3 727 1039 1242 
3 568 1321 1332 
2 150 500 
3 359 557 727 
2 1227 1279 
1 1242 
2 610 1358 
4 132 255 830 999 
5 76 189 694 710 936 
1 737 
1 115 
4 345 427 796 865 
4 222 834 851 1288 
0 
0 
1 991 
1 978 
3 658 1134 1215 
3 208 975 1283 
2 445 555 
3 281 726 1160 
1 443 
2 1159 1178 
0 
4 186 239 474 909 
4 294 429 477 588 
2 223 572 
3 104 279 430 
1 599 
4 269 391 482 601 
2 278 1070 
7 143 306 568 650 736 792 1109 
3 169 483 655 
2 640 704 
4 466 545 1106 1120 
1 850 
4 800 895 1071 1096 
0 
2 956 1384 
6 153 364 712 1109 1273 1331 
3 489 905 1296 
2 311 914 
1 178 
1 1239 
1 1 
4 209 307 777 779 
1 164 
1 200 
1 457 
4 323 351 617 948 
3 35 776 1224 
5 384 494 580 885 1182 
4 457 936 1226 1306 
3 213 705 1084 
2 550 1146 
2 460 984 
5 164 307 569 965 1345 
5 363 502 1169 1205 1355 
2 1047 1159 
2 543 693 
6 207 304 448 892 1226 1253 
0 
3 687 919 981 
7 75 140 399 689 731 1042 1250 
2 519 931 
3 61 231 1359 
2 145 474 
2 277 600 
0 
5 473 617 697 720 1195 
2 165 577 
1 1185 
3 450 559 801 
1 205 
1 355 
4 213 637 788 1097 
0 
1 77 
3 204 379 775 
1 81 
2 278 701 
4 132 160 532 620 
2 534 1296 
3 196 697 941 
2 108 902 
1 1126 
3 309 973 1014 
2 235 1020 
1 662 
3 266 268 911 
0 
1 532 
4 223 422 1312 1372 
2 617 716 
4 137 231 756 1183 
1 286 
1 902 
3 32 879 1193 
5 86 200 954 1095 1278 
3 175 691 1176 
3 149 324 1037 
1 199 
3 77 568 639 
5 79 295 559 797 1099 
2 277 295 
2 268 829 
4 75 247 850 919 
1 335 
2 154 939 
1 353 
3 626 671 1151 
4 398 637 1082 1255 
1 1020 
5 64 349 658 710 1059 
2 620 1364 
7 261 283 674 767 867 966 1087 
1 199 
2 40 663 
2 420 1163 
0 
2 317 727 
1 1198 
3 618 1018 1394 
5 424 765 845 982 1267 
1 298 
4 71 550 1015 1023 
3 7 739 770 
3 870 1228 1374 
2 856 888 
3 143 654 1163 
4 148 342 641 779 
0 
6 313 315 511 770 910 920 
4 374 461 549 840 
0 
3 4 345 1221 
3 68 851 1018 
2 377 822 
1 1228 
1 912 
4 24 205 275 934 
1 967 
3 126 534 1069 
1 1284 
1 1161 
3 29 701 969 
2 1244 1313 
0 
3 686 798 894 
0 
5 163 405 617 851 1001 
0 
2 560 1225 
2 36 852 
3 284 974 1257 
3 411 856 954 
3 5 44 251 
0 
3 527 1238 1289 
1 272 
1 25 
2 360 1152 
1 1038 
3 123 772 1195 
0 
0 
3 2 111 802 
3 1094 1210 1293 
2 272 1145 
0 
0 
3 459 1211 1330 
0 
0 
1 58 
5 93 533 545 1006 1042 
4 493 970 1004 1329 
2 1128 1343 
0 
2 1102 1113 
2 711 798 
6 121 230 657 680 780 872 
0 
0 
1 268 
4 65 157 452 1041 
3 315 804 1393 
0 
2 724 857 
2 262 725 
1 368 
2 214 564 
4 191 849 1083 1251 
2 300 1222 
5 458 490 530 598 1006 
2 339 682 
6 159 315 343 849 903 1227 
3 296 371 873 
2 884 1035 
2 419 1078 
1 159 
2 37 1055 
3 325 719 1394 
5 610 800 1262 1274 1292 
1 1314 
1 1234 
0 
1 929 
4 351 531 781 886 
4 497 542 620 1081 
4 232 662 906 1386 
2 1053 1147 
1 610 
3 64 204 630 
2 96 1105 
2 111 1250 
4 174 284 495 599 
3 842 857 1233 
2 539 1341 
4 100 577 683 689 
0 
5 830 871 1041 1225 1293 
2 65 729 
3 263 435 496 
0 
0 
1 1151 
5 2 194 635 804 1155 
1 322 
3 3 1304 1349 
1 140 
4 387 646 860 1001 
3 267 471 868 
2 65 1234 
1 3 
5 21 524 789 1314 1319 
3 450 847 922 
4 72 552 605 1119 
2 49 1177 
2 470 964 
3 53 392 1034 
3 144 1136 1205 
3 414 1036 1044 
4 280 320 988 1180 
7 27 43 166 201 1111 1122 1363 
0 
1 166 
0 
0 
3 422 480 1201 
6 374 479 496 766 1189 1217 
3 74 245 452 
2 805 1309 
1 409 
3 515 876 1142 
5 342 395 530 1027 1272 
3 22 52 928 
2 629 760 
3 594 984 989 
3 758 850 909 
2 534 1130 
1 830 
0 
1 1370 
3 373 937 958 
1 628 
5 132 476 625 1047 1199 
4 396 1176 1294 1348 
0 
3 143 1044 1346 
2 181 740 
3 882 1095 1394 
3 463 654 1314 
5 72 308 678 1138 1309 
0 
0 
1 109 
0 
7 315 387 702 858 904 1187 1386 
4 163 324 911 983 
5 352 479 692 891 980 
0 
3 25 520 549 
3 568 658 1107 
1 786 
2 586 913 
0 
3 61 155 348 
4 143 933 1239 1386 
2 577 1023 
5 93 189 276 1187 1372 
4 599 677 856 954 
0 
2 590 808 
4 429 635 888 1082 
3 21 120 988 
1 851 
5 537 550 566 921 969 
1 1302 
4 41 428 746 1002 
3 567 920 1127 
3 260 717 792 
3 282 462 812 
3 201 630 879 
4 768 778 996 1338 
4 161 828 866 1142 
2 2 301 
1 1304 
2 396 1187 
7 1 228 549 586 590 1151 1205 
5 536 558 921 1251 1339 
4 907 908 920 921 
4 104 320 1024 1066 
1 10 
0 
2 797 945 
0 
3 211 272 1360 
2 837 1282 
2 762 950 
4 28 97 1213 1291 
2 483 894 
2 67 1036 
3 319 713 1390 
3 0 444 951 
4 133 530 1236 1257 
4 101 275 710 928 
1 126 
2 654 1076 
1 1130 
3 1188 1219 1256 
1 204 
1 184 
0 
3 131 607 637 
4 37 978 1219 1323 
0 
1 985 
1 99 
3 538 732 1319 
1 561 
1 175 
3 367 806 860 
1 352 
1 894 
6 103 113 221 535 664 1160 
3 188 440 1155 
3 117 663 1023 
3 375 796 985 
3 334 449 1348 
3 31 494 936 
3 119 392 726 
1 966 
4 262 288 479 777 
2 848 1288 
2 717 1294 
0 
1 1202 
2 398 739 
1 1161 
5 290 322 412 548 915 
2 171 1040 
2 838 1253 
1 830 
6 103 540 554 1251 1333 1383 
2 974 1213 
2 462 531 
2 364 792 
1 496 
3 106 681 1390 
1 623 
4 149 371 390 1041 
3 3 196 1390 
3 19 568 656 
5 252 384 400 799 990 
1 1049 
4 168 276 736 1301 
4 363 451 765 1392 
3 296 845 977 
2 724 1228 
1 1098 
3 255 394 930 
0 
1 396 
2 1 384 
4 154 413 497 801 
2 608 1247 
3 577 585 658 
4 538 703 1076 1274 
3 418 939 944 
5 159 512 619 739 1111 
2 272 439 
0 
1 58 
1 468 
0 
2 417 940 
1 558 
1 793 
1 1348 
2 243 1022 
2 461 685 
3 1194 1262 1272 
1 768 
1 645 
2 549 980 
4 919 1307 1353 1356 
0 
3 146 1361 1396 
2 627 1170 
5 385 836 1106 1186 1255 
1 901 
1 1392 
1 691 
1 130 
2 461 554 
3 4 2 2 2 1 1 1 1 1 2 2 1 1 2 2 1 3 1 1 2 3 1 1 1 1 2 1 1 1 1 1 2 2 1 1 1 1 2 1 4 2 1 1 1 2 1 2 3 1 1 1 2 2 2 2 1 1 2 3 1 4 1 2 2 1 1 3 2 1 2 2 3 1 2 2 1 3 3 1 1 3 1 1 2 1 3 1 1 1 1 1 1 3 2 2 2 1 1 1 3 3 2 1 3 2 1 4 2 2 1 2 2 1 2 1 3 4 1 3 2 2 1 3 2 3 1 1 3 1 1 3 2 1 3 1 1 2 2 1 1 1 3 1 1 2 1 1 1 1 2 2 1 1 1 2 1 1 1 2 2 2 1 2 2 1 3 1 1 2 2 1 1 1 1 3 1 1 2 2 1 1 1 1 2 1 1 1 1 3 1 1 2 1 2 1 1 1 4 2 1 3 1 1 3 1 1 4 1 1 1 2 1 2 1 1 2 2 1 1 1 1 2 4 1 2 1 2 1 2 2 3 3 1 1 1 1 1 1 4 1 1 1 2 2 2 1 3 1 2 2 1 2 3 1 2 3 2 1 1 2 2 1 3 2 1 1 1 1 1 1 3 3 1 2 3 1 3 3 3 2 1 2 3 3 1 2 1 3 1 2 2 1 1 2 1 2 2 2 2 2 1 1 1 2 1 1 3 2 2 1 1 1 2 2 4 1 1 2 1 3 1 3 2 1 1 1 3 1 1 1 1 1 2 1 2 1 2 1 2 2 1 3 2 1 2 2 1 2 2 1 1 3 3 1 1 2 1 1 3 2 3 1 2 1 1 1 2 2 1 1 4 1 3 2 2 1 1 1 1 1 2 1 1 1 1 2 2 3 1 3 3 2 1 2 2 3 2 1 1 2 1 2 2 1 3 1 2 2 1 1 1 2 1 2 1 2 2 1 3 2 2 1 1 1 1 2 2 1 2 2 2 1 2 1 2 1 3 4 1 1 1 1 2 1 1 1 1 1 1 3 2 3 1 2 1 1 1 4 1 1 2 3 2 1 1 1 1 1 2 3 1 1 3 2 2 2 3 2 3 1 1 1 2 1 1 1 1 1 2 1 2 1 1 1 1 3 4 1 1 2 1 2 2 1 2 1 1 1 2 1 2 1 2 1 3 1 1 1 2 1 2 1 1 2 1 2 2 1 1 3 3 2 2 3 1 1 1 2 2 1 3 1 1 1 4 1 2 1 1 4 1 1 2 1 2 1 1 2 1 1 1 1 1 2 1 2 2 3 2 1 1 2 1 1 1 1 2 2 1 1 1 2 2 1 2 2 1 3 1 1 1 1 1 2 2 1 1 1 1 2 3 2 1 1 1 1 3 1 1 1 1 1 1 1 1 2 4 2 1 3 3 2 2 2 2 2 1 2 1 2 1 3 1 1 2 1 2 1 3 2 1 2 2 3 2 2 2 1 2 2 2 1 1 3 3 2 3 3 3 2 1 1 2 3 1 1 1 1 2 1 2 2 1 2 1 2 3 2 1 2 2 2 2 2 1 2 1 2 2 1 2 4 3 1 2 1 1 1 3 1 1 2 3 2 2 1 1 1 1 3 2 1 1 1 2 3 1 2 1 1 1 2 1 1 2 3 4 1 1 2 3 2 1 2 2 1 3 1 1 1 1 2 2 1 3 1 1 1 2 2 1 2 1 1 1 3 1 1 2 2 1 1 1 1 3 2 2 2 3 2 1 2 1 1 1 1 1 3 1 3 3 2 1 3 1 2 2 1 2 1 3 1 3 1 1 2 3 3 1 1 1 3 1 2 3 3 1 1 1 1 1 2 3 2 1 2 3 2 1 1 1 1 1 3 2 1 1 1 1 3 1 1 1 2 2 1 1 1 1 4 1 2 1 2 1 2 2 1 3 3 2 3 3 1 1 1 2 1 2 2 1 1 3 2 2 1 3 1 1 3 3 3 1 2 2 4 1 2 2 2 1 1 1 1 4 1 1 2 1 1 3 1 3 2 1 1 1 2 1 2 2 2 1 1 2 1 3 1 1 2 1 2 2 1 1 1 2 1 3 3 4 1 2 2 1 2 1 2 1 2 2 1 3 3 1 1 1 1 1 2 1 1 1 3 1 1 1 1 2 1 1 2 2 1 1 1 2 1 1 1 2 1 1 1 2 2 2 2 2 2 2 3 2 4 3 1 1 3 1 1 1 1 2 3 2 1 2 2 2 2 4 2 1 2 1 1 1 1 1 1 2 2 3 2 1 3 1 3 1 1 1 2 2 2 4 1 1 2 1 3 1 2 2 1 2 1 2 1 2 1 2 2 3 2 3 2 1 1 2 1 3 2 2 3 1 2 4 1 2 1 1 1 2 3 1 2 2 2 3 1 1 2 1 2 1 1 2 1 1 1 2 2 2 1 1 2 1 1 1 1 1 2 1 2 1 1 2 2 2 1 1 2 1 1 3 1 1 1 1 1 1 1 1 2 2 1 2 1 1 3 1 3 2 2 1 1 3 1 1 1 2 1 1 2 1 2 2 1 3 2 1 1 1 1 1 3 2 2 2 2 1 1 1 2 1 2 1 1 1 1 2 2 1 1 2 1 1 1 1 3 2 1 3 1 1 1 1 2 2 1 1 3 3 1 3 2 1 2 1 5 3 2 2 1 2 2 2 1 2 1 2 2 2 2 3 2 1 1 3 2 1 1 1 1 1 2 1 1 1 1 1 1 3 2 1 2 2 1 1 4 2 2 2 1 2 1 1 2 1 1 1 1 2 1 1 1 2 2 1 3 3 1 2 1 1 1 1 2 1 1 1 1 2 2 2 1 1 1 1 1 1 3 3 2 1 2 1 1 1 1 1 2 1 4 2 1 2 1 1 1 3 1 3 1 3 1 1 4 3 3 1 1 3 3 2 2 1 1 2 1 1 2 2 2 1 1 2 2 2 1 2 1 1 2 1 1 1 1 2 1 1 2 1 2 1 1 1 1 2 3 1 1 3 2 1 1 2 2 2 1 2 2 1 4 2 3 1 2 1 1 2 1 3 1 2 3 4 3 1 2 1 3 3 2 1 1 1 2 2 2 1 1 2 3 2 1 1 2 1 1 1 1 1 1 3 1 1 1 2 1 1 2 2 3 1 1 1 2 3 
