q 1100
3 95 477 631 
2 395 620 
3 874 879 1006 
4 129 264 455 1062 
3 62 244 610 
4 67 693 788 1072 
2 867 982 
3 281 324 960 
3 109 377 908 
2 337 956 
0 
2 141 201 
2 44 99 
3 263 548 612 
2 400 1053 
6 44 192 238 762 774 980 
3 285 630 755 
4 31 238 634 1093 
3 576 862 996 
3 45 221 712 
3 598 666 1047 
3 454 785 926 
2 456 1021 
5 510 521 609 838 1047 
2 153 405 
0 
3 30 526 894 
3 484 575 678 
4 187 623 692 899 
1 535 
4 26 187 239 1040 
2 17 685 
1 392 
3 49 272 417 
5 35 138 336 409 1076 
3 34 491 794 
6 226 355 426 725 802 1069 
1 684 
3 186 391 546 
1 175 
6 117 145 357 501 622 1085 
0 
3 644 856 899 
2 558 784 
6 12 15 134 226 320 453 
1 19 
2 446 768 
1 1064 
2 858 866 
6 33 116 280 413 568 954 
1 64 
2 328 1040 
1 781 
1 655 
3 123 139 492 
3 182 659 725 
3 405 587 886 
3 265 305 352 
3 113 397 774 
3 127 297 448 
4 165 259 548 1015 
2 931 943 
4 4 287 475 686 
1 498 
4 50 465 578 626 
6 345 515 625 730 761 910 
0 
4 5 391 499 1096 
2 344 701 
3 520 585 665 
0 
0 
5 132 257 370 776 1096 
0 
7 219 268 275 349 479 917 1008 
2 624 858 
3 123 233 738 
2 745 1075 
2 331 990 
2 282 300 
1 623 
5 111 158 522 596 953 
1 318 
3 248 546 1082 
4 100 268 925 1058 
5 471 554 580 892 1086 
2 200 812 
0 
3 310 692 699 
4 447 532 629 692 
1 219 
0 
1 378 
2 534 869 
1 158 
3 0 207 881 
1 152 
1 1091 
1 756 
3 12 267 688 
2 84 741 
1 658 
1 341 
3 350 913 1054 
1 308 
0 
4 294 536 672 729 
3 282 465 1044 
1 987 
2 8 516 
1 1094 
4 81 405 828 883 
3 226 523 994 
3 58 467 942 
1 326 
2 196 787 
2 49 420 
7 40 565 661 760 816 849 903 
0 
1 857 
3 144 624 1084 
3 379 401 462 
1 421 
5 54 76 593 600 1070 
1 784 
2 272 411 
0 
3 59 220 427 
1 743 
5 3 588 707 721 829 
7 145 288 298 391 655 990 1047 
4 144 327 992 1018 
3 72 707 754 
2 472 922 
3 44 297 717 
3 245 258 482 
1 584 
3 162 794 818 
3 34 442 488 
1 54 
2 909 1049 
3 11 356 949 
2 614 651 
1 661 
3 120 131 930 
5 40 130 195 203 628 
3 153 852 920 
2 442 750 
3 519 651 933 
0 
2 187 581 
1 184 
3 96 728 1035 
3 24 146 1023 
2 169 569 
1 391 
6 543 554 559 812 955 1014 
5 169 173 509 608 629 
3 81 94 267 
2 442 845 
1 1068 
0 
2 137 473 
2 337 911 
2 311 797 
3 60 765 854 
3 536 792 817 
0 
2 259 816 
4 154 157 240 816 
3 507 663 673 
3 435 661 816 
2 447 843 
4 157 353 725 963 
1 699 
4 39 283 333 385 
2 892 913 
2 717 786 
6 235 300 685 728 730 978 
1 810 
5 408 450 827 865 908 
4 202 466 732 1093 
3 55 275 1002 
2 319 1025 
1 151 
1 394 
2 38 339 
6 28 30 150 559 592 1074 
2 453 1009 
5 303 319 424 961 1034 
1 658 
2 438 1077 
4 15 210 814 1049 
6 282 481 537 542 841 1096 
1 947 
3 145 645 855 
2 115 688 
2 242 293 
3 395 773 820 
2 691 1022 
1 86 
1 11 
2 181 256 
4 145 272 382 895 
1 1081 
1 447 
1 907 
1 95 
0 
1 916 
3 192 510 804 
4 504 639 978 998 
1 831 
0 
0 
1 659 
4 270 464 583 1001 
2 641 728 
1 627 
4 74 90 858 1078 
2 127 795 
3 19 695 761 
4 256 277 442 504 
0 
3 363 371 663 
0 
5 36 44 112 344 806 
2 393 788 
1 822 
1 1041 
1 885 
2 947 950 
3 350 423 575 
3 76 709 920 
3 442 924 934 
2 178 711 
3 430 436 848 
4 388 705 709 1031 
3 15 17 417 
2 30 406 
2 169 405 
1 434 
1 197 
3 347 805 1043 
2 4 564 
1 135 
1 843 
3 770 1040 1062 
3 83 671 953 
1 728 
3 545 774 928 
2 328 533 
1 1072 
2 870 871 
3 840 905 945 
2 656 971 
2 202 222 
3 72 664 687 
2 135 855 
3 60 168 1037 
0 
1 830 
3 286 696 1039 
5 13 383 531 632 907 
1 3 
2 57 655 
1 634 
3 99 158 487 
5 74 84 402 415 586 
1 927 
3 216 759 993 
0 
4 33 125 203 539 
1 925 
1 602 
4 74 182 347 654 
3 301 664 1020 
1 222 
1 1013 
2 630 634 
4 49 459 515 733 
4 7 321 924 961 
7 79 107 193 284 738 841 1057 
1 175 
1 282 
1 16 
4 262 592 737 815 
2 62 1000 
3 130 339 923 
0 
4 447 750 807 1055 
3 458 834 980 
1 574 
6 197 420 451 574 666 911 
4 106 385 846 905 
2 388 720 
2 351 374 
3 59 134 1087 
1 130 
3 464 485 661 
6 79 178 469 626 999 1051 
2 276 695 
0 
1 189 
4 317 426 517 628 
2 57 571 
0 
1 545 
1 104 
4 528 577 697 971 
2 88 896 
2 164 674 
0 
1 1016 
0 
1 897 
1 616 
1 304 
1 82 
4 183 189 350 1016 
8 44 352 353 702 816 950 968 1007 
2 281 419 
2 937 990 
3 475 638 754 
1 7 
0 
3 114 782 834 
2 131 1043 
4 51 251 361 663 
1 801 
1 497 
1 78 
2 691 857 
2 175 1016 
3 401 689 958 
1 474 
2 34 384 
3 9 163 713 
0 
6 186 288 679 742 957 1091 
2 444 464 
2 102 372 
0 
2 515 1072 
2 68 226 
2 65 956 
0 
4 243 275 374 440 
0 
1 74 
8 103 232 319 532 602 709 999 1043 
6 296 508 612 777 810 867 
2 57 320 
4 173 320 383 706 
1 877 
2 36 441 
5 141 567 646 814 1096 
2 40 1001 
0 
3 433 489 911 
3 381 509 593 
2 328 963 
1 441 
4 224 366 763 1034 
3 729 792 1079 
0 
1 363 
3 416 572 639 
2 667 1089 
3 457 861 965 
2 72 460 
1 224 
4 341 462 465 788 
2 518 821 
4 296 347 812 1053 
1 690 
1 1061 
3 8 437 954 
2 92 635 
1 121 
1 951 
3 360 710 735 
2 203 600 
3 263 353 754 
1 336 
2 175 294 
2 550 1077 
3 452 679 805 
3 237 295 929 
1 766 
0 
6 38 67 130 155 515 810 
4 32 451 896 1094 
2 227 986 
4 185 736 777 786 
8 1 198 396 453 805 839 880 920 
4 395 498 692 904 
2 58 464 
1 908 
2 475 1064 
1 14 
9 121 334 560 610 664 714 881 891 1056 
2 268 737 
3 404 567 1080 
3 403 527 574 
6 24 56 111 240 498 1024 
3 239 411 878 
1 805 
2 180 857 
2 34 914 
0 
3 125 406 865 
2 642 728 
2 49 1030 
2 475 688 
3 268 529 804 
4 367 784 811 915 
4 33 238 608 815 
2 822 920 
3 321 662 926 
4 116 293 988 1096 
2 122 668 
2 423 618 
3 232 422 912 
2 189 453 
2 567 852 
5 36 304 540 711 862 
6 127 486 588 614 738 908 
0 
1 907 
4 236 511 672 766 
1 1032 
2 655 1025 
1 359 
3 241 874 1032 
2 171 584 
2 236 737 
1 377 
1 191 
2 757 1084 
5 347 486 612 907 928 
5 355 362 716 909 1071 
5 138 147 159 222 234 
0 
2 340 725 
3 705 760 867 
2 46 871 
4 89 172 205 290 
3 59 631 884 
0 
2 180 919 
4 293 392 461 834 
2 387 940 
4 44 188 395 424 
1 21 
1 3 
3 22 963 1068 
2 369 878 
2 291 762 
1 280 
3 370 487 948 
3 451 699 975 
5 121 372 732 765 1079 
0 
6 216 299 340 397 875 1066 
8 64 107 372 716 732 1020 1032 1080 
2 181 1034 
1 113 
3 733 787 1054 
3 300 529 941 
3 511 1095 1097 
2 85 647 
2 133 1000 
2 162 623 
1 335 
6 62 323 399 414 532 825 
2 635 856 
2 0 662 
1 1097 
1 74 
1 1002 
2 193 521 
2 135 486 
1 803 
2 27 759 
1 299 
7 427 440 482 669 757 882 1063 
4 267 460 879 899 
5 138 500 512 797 852 
3 359 642 942 
1 553 
3 35 551 604 
2 54 681 
1 1094 
2 521 558 
1 862 
0 
1 330 
4 63 396 405 542 
2 67 1058 
3 488 574 850 
3 40 833 887 
2 892 1076 
0 
4 211 222 596 1070 
2 795 934 
0 
1 170 
5 351 639 686 896 1000 
3 157 360 829 
4 23 210 575 787 
4 430 470 902 994 
3 488 622 1024 
1 843 
1 948 
5 65 280 343 391 1001 
3 109 915 1015 
1 304 
1 373 
4 148 546 974 1035 
5 69 652 996 998 1030 
3 23 481 494 
1 81 
2 112 964 
1 534 
1 938 
4 26 669 775 1058 
1 404 
2 309 701 
2 415 469 
0 
1 263 
3 89 350 475 
1 251 
3 93 524 849 
2 29 792 
5 106 166 753 905 1050 
2 193 751 
2 548 924 
2 272 1092 
1 426 
0 
4 193 498 687 928 
2 156 1009 
0 
3 250 307 752 
5 38 83 519 942 1038 
0 
5 13 60 538 936 1000 
2 734 1058 
1 386 
1 491 
2 869 1002 
1 490 
3 85 156 982 
0 
2 1050 1078 
1 772 
5 43 494 800 820 1055 
3 156 187 1013 
3 401 836 1039 
1 892 
0 
1 781 
1 244 
1 117 
0 
3 356 403 425 
4 49 585 672 778 
2 154 726 
1 815 
2 305 1058 
5 367 643 767 774 1010 
3 981 990 1052 
5 292 293 404 500 1038 
3 27 232 510 
2 18 624 
2 309 858 
5 64 714 783 882 899 
0 
2 85 640 
2 150 679 
0 
2 216 941 
2 136 435 
5 69 568 614 837 985 
3 268 925 1025 
2 56 895 
2 129 427 
2 874 1023 
0 
1 812 
2 187 286 
3 123 360 890 
2 636 1055 
0 
2 81 504 
1 1067 
2 20 616 
1 666 
2 123 382 
2 672 1017 
4 274 350 605 1073 
1 961 
2 491 797 
3 602 783 958 
2 618 965 
1 610 
2 157 417 
4 23 930 1015 1094 
3 4 401 607 
1 1099 
6 13 351 440 649 997 1069 
2 704 1037 
7 142 427 585 633 679 753 943 
0 
2 316 598 
2 783 832 
3 422 606 1066 
0 
1 1 
2 971 1005 
3 40 512 884 
4 28 80 473 732 
3 75 120 576 
1 65 
3 64 300 841 
1 218 
4 145 304 711 1092 
3 89 157 878 
3 16 279 1064 
3 0 448 923 
1 263 
2 614 908 
5 17 266 279 901 996 
4 378 476 825 857 
3 594 760 992 
1 778 
2 323 801 
3 211 367 508 
1 580 
5 217 667 714 934 1000 
2 412 489 
1 572 
4 42 725 992 1078 
5 195 727 732 930 1099 
3 356 771 1003 
2 471 882 
1 745 
5 612 759 876 969 1077 
3 702 832 864 
3 142 148 785 
2 520 967 
0 
1 275 
5 53 130 265 432 1011 
2 255 857 
2 738 936 
2 101 190 
3 55 215 674 
3 712 741 1026 
7 117 143 171 299 745 963 1066 
2 419 477 
4 170 224 328 803 
3 257 276 401 
2 69 710 
3 20 293 599 
4 368 641 926 982 
4 421 686 1068 1073 
4 486 526 948 1050 
0 
1 248 
4 106 430 568 601 
1 170 
3 311 659 906 
1 831 
0 
1 1073 
2 27 943 
5 339 387 581 614 1037 
0 
2 492 963 
1 854 
1 914 
2 37 1027 
3 31 178 799 
3 62 508 668 
2 257 542 
5 99 196 414 730 802 
1 334 
1 375 
4 199 332 829 975 
5 28 88 89 396 770 
1 5 
1 1051 
2 221 301 
1 262 
3 309 772 849 
1 918 
4 88 174 461 1000 
0 
2 68 528 
4 320 650 1063 1083 
0 
1 613 
2 237 445 
1 353 
5 129 132 913 1058 1067 
0 
4 233 237 350 844 
3 381 665 997 
4 235 426 628 904 
2 19 660 
4 337 855 982 1004 
4 401 578 641 828 
2 748 1036 
3 441 465 953 
3 134 177 840 
0 
1 856 
1 295 
2 129 977 
2 826 1069 
1 833 
0 
5 36 55 173 444 644 
2 569 735 
1 645 
5 152 178 217 249 412 
4 106 364 809 958 
5 65 178 688 888 1078 
0 
5 181 462 465 623 645 
4 280 468 770 929 
1 549 
3 381 726 880 
2 394 959 
5 286 402 436 995 1078 
5 76 282 427 657 774 
4 800 917 994 1064 
1 745 
3 100 660 805 
2 339 784 
1 128 
1 930 
4 77 648 661 740 
0 
3 895 923 1059 
1 715 
1 823 
2 147 290 
2 537 794 
3 545 764 921 
2 536 614 
3 132 323 383 
2 16 1071 
2 98 803 
2 439 486 
2 958 1019 
3 270 484 649 
5 117 445 636 880 1021 
2 65 221 
2 15 458 
1 363 
1 752 
3 165 462 1017 
2 389 430 
1 572 
2 46 893 
1 792 
5 247 692 733 773 908 
1 646 
2 557 697 
3 198 770 845 
5 15 58 250 572 738 
2 526 956 
1 72 
5 351 394 788 791 971 
3 568 637 1089 
0 
1 827 
3 52 563 837 
1 326 
3 578 605 617 
4 43 124 416 742 
3 21 651 1017 
3 177 394 794 
5 115 468 510 1001 1060 
5 5 227 372 777 978 
1 928 
1 1056 
1 777 
6 166 364 535 769 824 831 
0 
6 35 137 751 786 883 907 
4 220 505 810 1098 
4 822 867 875 1032 
4 164 488 604 1004 
0 
2 685 997 
3 558 739 1003 
3 329 638 907 
2 36 688 
3 483 663 756 
2 210 415 
6 243 387 395 407 741 1057 
1 226 
1 290 
1 901 
1 729 
4 179 351 391 795 
1 416 
5 86 156 374 591 976 
2 869 1013 
2 192 356 
3 286 417 570 
8 117 168 169 171 320 877 967 1048 
1 166 
1 137 
2 851 864 
3 198 558 859 
1 373 
4 228 418 796 949 
1 749 
1 792 
2 475 635 
1 722 
2 180 780 
3 111 714 866 
5 129 509 691 861 877 
3 261 1005 1081 
3 212 675 792 
2 617 650 
2 501 723 
3 291 326 451 
0 
2 560 944 
2 585 781 
2 23 1057 
2 395 1074 
2 254 717 
3 193 282 626 
1 1083 
4 172 246 513 867 
2 709 990 
2 159 773 
1 294 
1 1064 
1 236 
3 117 534 697 
1 500 
2 819 981 
3 146 425 488 
0 
2 165 682 
4 195 258 713 996 
3 42 476 719 
5 119 332 408 635 656 
5 48 75 219 577 978 
2 820 1037 
0 
2 369 829 
4 18 426 495 1000 
0 
2 650 819 
2 180 411 
2 48 828 
6 6 351 445 796 843 1077 
1 908 
4 93 552 813 1013 
2 253 1046 
2 253 446 
1 981 
0 
3 2 434 589 
2 464 796 
3 649 950 983 
3 354 816 829 
3 406 457 629 
2 2 487 
4 395 735 760 1064 
4 95 401 946 1080 
3 486 578 647 
2 111 794 
2 448 622 
1 230 
1 56 
1 501 
2 730 1045 
1 980 
1 593 
1 401 
4 85 176 502 561 
1 768 
3 26 1015 1032 
3 203 587 747 
4 310 392 508 907 
1 315 
0 
5 28 42 487 578 1012 
0 
2 634 808 
3 511 929 1041 
1 117 
3 396 711 958 
4 254 294 536 971 
1 674 
7 206 263 429 440 794 801 896 
7 8 180 398 427 633 770 868 
3 140 441 1070 
1 65 
3 163 293 359 
1 423 
3 103 176 707 
2 409 683 
3 416 516 1050 
1 209 
2 74 739 
1 698 
2 450 1086 
5 146 233 395 418 979 
1 752 
1 133 
4 288 631 747 1070 
3 234 281 538 
4 84 273 586 1008 
3 21 419 667 
3 269 1028 1039 
4 250 440 542 789 
3 388 733 902 
4 144 609 645 744 
1 61 
1 1085 
1 148 
4 234 505 641 944 
1 1032 
2 548 657 
1 322 
1 525 
0 
1 452 
2 469 583 
3 113 489 546 
3 61 614 678 
2 836 934 
1 254 
2 881 969 
2 194 231 
5 460 514 669 967 979 
2 141 822 
4 231 320 876 1053 
1 380 
1 1015 
5 81 248 716 997 1048 
2 49 377 
1 156 
3 9 345 775 
1 339 
5 334 605 729 758 904 
2 736 1088 
2 7 985 
4 189 281 603 1077 
1 1002 
5 173 361 456 661 681 
2 523 1051 
3 369 606 995 
0 
5 652 816 948 1017 1087 
2 320 1088 
2 649 946 
0 
5 255 309 621 777 905 
0 
0 
2 519 985 
2 461 691 
2 812 1007 
1 721 
4 178 211 788 858 
3 920 948 1078 
3 15 291 889 
3 573 851 872 
4 6 554 667 713 
1 876 
0 
3 585 960 974 
1 393 
1 108 
1 420 
0 
5 78 130 322 573 844 
0 
4 131 636 644 1095 
1 270 
3 112 511 739 
2 737 965 
4 18 520 634 855 
4 612 710 799 953 
2 211 520 
2 300 350 
7 287 472 508 548 641 699 862 
6 216 357 515 787 1063 1090 
5 182 480 552 962 1091 
2 646 800 
2 713 797 
2 621 830 
1 2 
2 320 976 
2 74 925 
2 188 543 
1 572 
1 655 
1 899 
5 278 559 813 869 1091 
1 156 
5 60 516 609 894 952 
3 313 319 333 
4 601 765 785 967 
1 131 
1 758 
3 276 465 1071 
2 22 760 
1 199 
2 153 589 
2 405 512 
3 183 432 586 
1 660 
1 684 
1 927 
0 
2 413 520 
1 237 
6 431 434 465 796 894 935 
0 
3 189 363 466 
2 152 519 
1 715 
4 259 613 679 859 
3 546 574 1072 
3 262 560 927 
3 30 51 247 
2 229 902 
0 
3 243 327 350 
1 107 
1 888 
1 870 
3 20 23 130 
2 816 953 
2 140 192 
4 536 556 669 915 
3 300 694 964 
1 573 
3 14 374 950 
2 103 468 
3 290 558 594 
3 401 790 1065 
3 282 805 838 
6 84 499 526 549 571 707 
2 747 1093 
1 787 
1 376 
3 3 247 1094 
3 486 702 1001 
7 47 399 630 739 847 880 1091 
1 1056 
3 464 618 661 
2 597 707 
3 160 456 668 
4 36 612 722 1085 
4 123 504 909 923 
3 441 755 1020 
5 5 252 343 1038 1075 
3 602 668 677 
2 187 839 
2 77 1072 
2 34 502 
5 191 386 649 867 961 
6 219 556 644 730 737 979 
2 364 462 
3 403 465 881 
2 204 830 
1 83 
2 702 842 
2 120 439 
3 40 932 1069 
2 85 919 
2 297 967 
2 959 968 
2 368 778 
1 1001 
5 97 339 1002 1013 1064 
2 539 628 
3 17 181 1059 
5 110 392 493 609 1062 
2 470 992 
5 67 72 193 356 420 
2 470 478 
1 795 
2 611 645 
1 2 2 2 2 1 1 1 1 2 1 2 2 1 2 2 2 3 3 1 1 2 2 3 1 1 3 2 3 1 4 1 2 3 2 1 3 1 2 2 2 1 1 1 1 2 1 1 1 1 1 1 1 1 3 2 3 3 1 1 4 2 1 2 3 1 1 2 2 3 1 1 2 1 2 1 1 1 1 1 1 2 1 2 1 2 1 1 3 2 1 1 1 1 1 2 1 1 1 1 3 1 1 4 1 1 3 2 1 2 1 1 1 2 1 3 2 3 1 1 1 3 1 2 1 1 1 2 2 3 3 2 1 1 3 2 2 1 1 1 1 3 1 2 3 4 2 1 1 1 1 1 2 3 2 1 2 2 3 1 1 1 2 2 2 1 3 1 1 1 1 3 2 3 1 1 2 1 4 2 3 2 1 3 2 2 1 2 1 1 1 2 3 4 1 2 1 1 2 1 2 1 1 1 1 1 1 1 1 2 1 1 2 1 1 2 2 1 1 4 1 3 1 1 4 1 2 2 1 2 2 1 2 2 1 1 2 2 1 1 3 1 2 2 1 1 2 2 1 1 2 2 1 1 2 1 2 1 1 2 1 2 3 2 1 1 1 2 4 1 3 1 2 1 2 3 1 2 1 3 2 3 3 2 1 1 2 2 1 1 1 4 2 2 1 2 1 2 1 2 3 2 1 2 2 2 1 1 2 3 1 1 1 2 1 2 1 1 2 2 3 1 1 1 2 1 2 3 3 2 2 2 1 2 1 1 3 1 1 3 2 3 1 1 1 2 1 1 1 1 3 4 1 2 2 1 2 1 1 1 2 1 1 3 1 1 1 1 2 2 3 1 2 2 2 2 2 3 3 1 1 3 2 1 1 2 2 1 1 1 1 4 1 1 1 1 2 2 1 1 1 2 1 3 2 2 3 1 1 1 1 2 1 2 1 3 3 2 1 2 3 2 2 1 3 2 4 3 1 1 3 1 2 2 4 2 1 1 1 3 3 4 2 1 3 2 2 3 2 1 2 3 2 2 1 1 1 1 2 1 1 1 1 1 1 1 1 1 1 2 1 1 2 1 2 2 1 2 1 1 1 1 1 1 1 1 2 3 2 2 2 2 2 1 1 1 1 1 1 1 3 3 2 1 2 1 1 2 3 1 4 2 3 2 1 3 1 1 1 2 2 2 1 2 1 1 2 1 2 1 1 1 1 1 2 3 2 2 1 1 1 1 3 1 1 3 3 1 3 2 1 1 1 1 1 1 2 1 2 1 1 1 1 1 2 1 1 1 2 1 2 1 2 3 1 1 1 1 2 1 3 2 1 3 1 4 3 1 1 1 1 1 1 1 1 1 1 2 2 1 1 3 1 1 1 2 2 1 1 1 3 1 2 2 2 1 3 2 1 1 1 1 4 2 2 2 1 2 1 1 1 3 1 1 2 2 2 1 2 2 1 3 3 1 2 1 3 2 1 3 2 2 1 1 1 4 2 1 2 1 1 1 1 2 3 1 3 1 1 1 1 2 1 2 2 2 1 1 3 4 1 1 1 1 2 3 2 2 2 2 1 3 1 2 2 1 1 1 2 2 1 1 1 1 1 1 1 2 1 1 2 2 2 2 1 1 2 2 1 1 1 1 1 2 1 1 2 2 3 2 3 1 3 4 1 1 2 3 2 2 1 2 1 1 1 2 1 1 2 2 2 1 2 1 2 1 2 1 2 2 1 2 1 1 1 3 2 1 2 1 3 1 2 1 3 3 1 2 3 1 2 2 1 1 2 1 3 2 3 2 2 1 2 1 2 2 1 3 1 2 3 1 1 3 2 3 1 2 1 1 1 1 3 1 1 1 2 1 2 3 1 1 2 1 1 1 2 1 2 2 1 1 1 1 1 1 2 1 2 2 1 2 1 1 3 2 2 1 1 4 1 2 1 1 2 3 2 3 3 2 1 1 2 1 1 1 3 3 1 2 2 3 2 1 3 2 1 1 2 1 2 1 1 3 1 1 1 1 2 1 2 1 3 1 1 2 2 1 1 4 1 3 3 1 1 3 1 4 2 2 2 3 2 1 2 2 1 1 1 1 3 1 2 2 2 2 3 3 1 2 2 1 2 2 2 1 2 2 2 1 1 1 1 1 1 1 2 2 2 1 2 2 1 3 2 1 1 1 3 1 2 2 1 2 3 1 1 3 1 1 1 4 1 1 1 2 1 2 2 4 3 1 3 2 1 3 2 2 1 1 2 1 1 1 3 2 1 1 3 1 1 4 3 1 1 2 1 2 1 2 1 1 1 3 1 2 1 2 1 1 2 3 2 2 1 1 2 1 1 1 1 1 2 1 2 1 2 1 4 2 3 1 1 1 1 1 1 2 1 2 3 1 1 1 2 3 1 1 3 2 1 1 1 3 3 2 2 1 2 4 1 3 2 2 1 3 1 1 1 2 2 2 1 2 2 1 3 1 2 1 1 2 2 1 2 2 1 2 1 2 
