s 5100
1 226 
3 745 2104 4255 
3 2580 3276 3947 
4 751 3058 3507 4781 
2 1322 4458 
1 1532 
3 923 2417 3573 
2 3892 4276 
2 1398 4568 
6 3080 3383 3870 4095 4565 4795 
1 1199 
2 964 3786 
1 1198 
1 3826 
1 1174 
0 
3 1263 1300 4557 
1 1708 
0 
2 909 2270 
2 3732 4356 
4 387 588 1941 3709 
5 123 1632 2957 3325 4048 
4 1493 2726 3269 4810 
2 363 1558 
2 3308 5045 
2 1541 4341 
5 894 2040 3117 3201 3220 
6 1091 1492 2347 2810 2833 4291 
0 
7 361 707 2079 2483 3390 3539 4365 
2 781 994 
2 3143 4953 
2 136 682 
1 1069 
4 687 744 1847 2311 
0 
0 
2 688 3033 
2 132 3244 
2 2529 4816 
4 576 2466 3045 4768 
1 1018 
1 485 
3 224 2835 3085 
1 3933 
3 173 685 860 
4 553 3503 4137 4574 
3 555 1754 4034 
4 2721 2788 4616 4748 
5 424 1229 2192 3931 4009 
1 1370 
5 3356 3405 3524 3931 4640 
3 112 1492 2378 
1 95 
0 
4 75 681 2655 4254 
2 1965 3166 
5 1790 2860 3589 3702 5029 
0 
1 4308 
1 495 
3 2140 3184 3702 
1 1743 
3 153 1933 3278 
1 4966 
1 2723 
6 1358 2487 2937 2938 2948 4625 
0 
0 
2 2754 4697 
3 416 933 2312 
2 1248 1649 
4 875 1048 2598 4456 
1 5098 
2 56 4881 
4 398 789 3058 4331 
3 1553 2517 4881 
5 1445 1531 2317 4352 4757 
2 1463 4563 
3 1400 1813 5049 
1 4535 
1 2544 
1 1178 
5 834 1110 2823 2990 4218 
4 1375 1996 2668 3841 
2 1692 3392 
4 590 3647 4121 4839 
1 3468 
0 
3 1399 2750 2947 
1 1308 
3 370 1667 4246 
6 1632 1731 2168 4207 4831 5081 
4 464 3129 3398 4545 
6 54 240 1812 2035 2232 2531 
1 1198 
4 748 1174 2193 2840 
3 710 791 4902 
3 1114 1216 3960 
2 1301 2091 
4 1526 3528 3634 4307 
2 197 1092 
1 5046 
2 257 1689 
2 432 750 
0 
1 569 
5 174 1215 1217 1325 3757 
4 991 3800 4310 4500 
9 1073 1354 1752 2057 2337 2526 3277 3423 4185 
3 1668 4055 4746 
5 53 2549 2586 3956 4745 
5 2055 3313 3331 3604 4006 
2 908 4799 
1 3630 
0 
1 1646 
1 321 
2 145 4457 
1 2326 
1 447 
2 1811 4301 
6 22 761 1678 1937 2639 4934 
6 387 431 2701 3190 4860 5021 
1 4952 
4 2701 4152 4557 4881 
1 2409 
3 1506 3509 4225 
2 1310 4745 
3 264 2947 4579 
2 3100 3833 
2 39 739 
1 2027 
2 1494 2245 
2 880 1230 
2 33 366 
1 5071 
4 2284 2655 3648 5067 
3 827 3200 3425 
2 3051 3482 
2 1643 4762 
5 1245 1668 1855 2504 4782 
2 4758 4795 
4 377 3229 3604 3737 
2 119 4630 
3 280 3756 3880 
0 
5 214 1698 2446 2654 3137 
2 402 603 
2 2440 3281 
2 2188 2366 
2 1123 3547 
3 64 2171 3139 
1 4030 
2 513 4392 
2 1701 3750 
0 
2 487 3128 
3 2462 3597 4716 
1 1316 
3 1195 1802 2706 
0 
3 2684 3660 4165 
1 409 
1 2093 
2 2491 3625 
2 633 2894 
2 762 2101 
4 620 2846 3896 4281 
3 1212 2210 3516 
4 938 966 3035 4327 
3 758 2248 3261 
3 46 577 2542 
3 108 653 1097 
2 486 1252 
1 205 
5 355 966 3698 4462 4821 
2 1558 4435 
1 332 
2 2052 4050 
5 627 1424 1627 1766 4147 
2 2125 2566 
3 2312 3950 4200 
4 362 2132 3935 4345 
2 1638 3363 
3 707 1245 3437 
3 2052 2227 2462 
6 519 1238 2158 2721 3012 3940 
0 
3 2392 3451 4516 
2 1346 3572 
4 376 2266 4125 4173 
6 1646 3315 3360 3413 3720 4865 
2 1584 4692 
2 2091 3609 
3 2119 3650 4106 
3 102 3439 5025 
3 3008 3290 4597 
4 278 839 1309 4420 
1 4407 
0 
4 1650 2184 3509 5008 
3 649 1615 3817 
4 540 687 1222 4485 
6 176 1031 1208 3520 4033 4210 
4 802 1934 3068 4777 
1 4343 
3 693 2266 2488 
2 3000 4078 
0 
2 1177 2996 
4 2453 2540 3019 3952 
2 1782 4101 
3 148 1623 1803 
2 3579 3679 
2 279 3109 
3 2612 4198 4706 
3 1622 2985 3240 
1 2329 
1 552 
5 1122 1870 3998 4183 4543 
3 779 1584 2222 
4 1995 2792 4425 4609 
1 44 
1 3754 
5 0 813 830 2707 4859 
2 3263 3802 
2 1147 3653 
3 1340 2154 3744 
2 626 1041 
4 487 526 1067 1829 
0 
2 1171 3718 
4 704 1168 2719 3563 
0 
4 418 1280 3991 4275 
0 
2 2913 3408 
0 
4 95 1425 1839 2669 
3 442 1064 4570 
6 1814 2558 3062 3177 4198 4891 
1 4143 
3 3850 4824 4913 
1 5034 
4 699 2615 3749 4558 
1 4630 
3 2271 3238 4015 
3 1253 1312 3608 
5 321 1399 1884 1991 4001 
2 1374 1964 
2 2141 2898 
2 2284 4569 
3 416 4144 4882 
2 257 3752 
3 1651 2915 4696 
4 104 255 3658 4048 
0 
5 2546 2959 3799 4789 4803 
4 1308 3595 4590 5031 
2 1140 4110 
3 1268 2588 3785 
3 3219 3605 4006 
3 130 323 1404 
2 2074 2251 
3 1931 3168 3414 
2 1732 3844 
0 
1 1632 
1 4836 
3 425 1078 4990 
1 2967 
5 1324 2260 2273 3603 4773 
2 2650 4974 
2 400 754 
1 1571 
0 
1 199 
1 216 
4 146 2615 3282 4502 
3 514 4379 4600 
2 847 3141 
0 
1 461 
4 515 1017 2349 3577 
2 496 1142 
0 
1 3498 
4 330 436 3335 4304 
2 326 5096 
1 1524 
3 594 4087 4310 
1 4054 
4 893 2421 2427 4358 
2 1247 4241 
5 1044 1179 1616 3318 4294 
3 775 2686 4695 
4 389 557 979 4950 
6 650 1096 1246 1302 2360 4046 
0 
4 1300 1317 3525 3898 
1 4959 
3 3206 3583 4904 
1 3932 
0 
3 2036 3759 4483 
2 1503 2934 
1 758 
5 2093 2644 3545 3715 3973 
2 2146 4906 
4 2162 3323 3396 3670 
0 
2 2810 2811 
4 1081 1463 2676 2898 
3 3177 3894 4642 
2 606 1656 
1 1529 
1 5072 
2 1128 4958 
4 2268 2526 3528 4083 
2 118 250 
3 2373 2568 4748 
3 264 957 2849 
1 1707 
2 2497 2979 
3 290 2445 4308 
2 3675 4247 
2 614 1085 
1 2165 
2 289 3438 
2 1251 2425 
5 179 360 1980 2910 3168 
2 3331 3755 
2 3021 4094 
1 1240 
6 425 2036 2585 3251 3873 4144 
0 
3 1095 1555 5072 
1 1445 
6 2517 4053 4500 4671 4850 4978 
3 497 1506 1782 
1 4913 
1 4499 
2 1566 3219 
1 2015 
4 417 670 4568 4664 
4 1264 1551 2518 4701 
4 2859 3007 3207 3959 
2 3502 4463 
0 
2 3487 3682 
1 358 
3 1089 1150 3420 
1 357 
4 177 1887 2633 4959 
2 2803 3242 
2 354 2433 
3 352 1719 4785 
2 1005 1100 
3 332 382 1547 
3 30 2381 4243 
2 184 2313 
5 24 805 2980 4453 4522 
3 597 2061 4522 
2 4989 5097 
3 136 747 2051 
3 2051 2203 2522 
3 2027 2452 2508 
1 4930 
4 92 2196 2775 3403 
4 846 3007 3240 3851 
3 409 843 1966 
1 4019 
3 1294 2598 2910 
2 1724 1954 
2 192 4065 
3 144 1380 1901 
7 436 482 980 1050 1086 1626 4685 
0 
1 5061 
1 2144 
6 360 1385 2907 3391 4035 4134 
3 1860 2661 3744 
0 
3 1147 2752 3402 
0 
10 21 124 588 2237 2366 2594 2890 4002 4073 4860 
3 1105 2579 4152 
2 298 2558 
3 572 3229 3570 
0 
2 2807 3079 
3 1531 1946 4612 
3 1053 2407 4294 
2 3724 5008 
2 4082 4786 
1 1123 
4 76 887 3484 4923 
2 562 3741 
2 275 1523 
1 2643 
2 149 3777 
0 
4 690 1632 3755 3766 
2 3787 5026 
1 4899 
4 480 591 1517 4790 
1 4943 
7 164 372 2000 3295 3608 4592 4644 
3 841 4240 4252 
4 1036 1208 1736 3095 
2 3519 4621 
3 575 2405 4531 
1 3333 
0 
4 71 254 2589 4377 
3 346 3360 3895 
1 236 
3 2734 3079 3620 
1 1802 
6 1171 2782 3031 3689 4128 4668 
3 3473 3868 5022 
3 2492 3130 3398 
1 50 
3 271 336 698 
1 2172 
2 2405 4214 
1 2898 
2 751 4557 
1 3323 
1 124 
3 105 1093 2691 
3 2173 4708 5056 
1 2875 
3 960 1925 4085 
3 289 378 3709 
2 1917 2662 
0 
3 625 2582 2660 
3 3414 3579 4078 
0 
3 241 1462 3734 
0 
2 4579 4984 
1 2242 
2 1356 2241 
3 121 1787 3682 
0 
2 1892 2894 
2 3676 4966 
1 3273 
2 1951 3842 
4 621 1646 2410 4360 
3 951 2687 3953 
1 2869 
2 3609 4812 
0 
0 
4 2080 2137 4195 4405 
3 2572 3085 4508 
5 284 1012 2731 3390 4222 
6 984 1175 1712 1953 2103 4268 
3 595 838 2580 
3 94 1449 3532 
4 1550 1825 2302 4678 
2 2337 3594 
1 1643 
1 2651 
1 3152 
0 
4 1912 2053 3173 3529 
4 3454 4140 4572 4651 
2 3692 4439 
4 3215 3277 4257 4841 
2 3786 3938 
4 777 2701 3818 4390 
0 
5 2156 2166 2225 3359 4400 
1 2000 
6 407 1185 2116 2153 3511 5044 
4 1575 2550 3145 3453 
2 378 2610 
2 2072 5071 
1 2674 
2 43 2708 
2 175 4278 
3 158 231 3296 
1 1578 
1 4292 
1 1029 
5 1505 1871 2491 2840 4238 
4 802 1111 3019 4856 
3 2498 3409 5076 
1 3247 
5 61 961 1070 3764 5053 
4 286 636 3172 3767 
3 341 3363 4863 
4 793 1568 1986 5059 
1 3405 
5 742 2284 3731 4792 4836 
5 1408 2352 2487 3576 3811 
2 1386 1431 
1 3715 
1 2329 
0 
4 610 2145 3497 3732 
2 5042 5097 
2 2335 4977 
4 1108 1196 2240 3444 
3 2032 2409 5009 
3 1184 2803 3377 
1 1909 
4 155 2159 2172 2663 
5 281 2453 2656 3076 4461 
2 285 2406 
4 1225 1409 2327 2704 
2 2967 3186 
1 2185 
3 188 2463 3585 
1 1397 
0 
1 4622 
1 5045 
5 2144 2834 3506 3862 4246 
4 1037 2157 4685 5038 
2 231 3552 
3 1927 3207 3919 
3 1092 1632 5030 
1 595 
5 999 1092 3553 3955 4123 
3 1740 2305 4266 
1 3183 
1 3455 
1 2890 
5 1407 1931 2531 3700 4914 
3 899 3618 3841 
1 558 
2 1828 2185 
1 4083 
1 204 
6 816 1013 1017 1405 2822 3484 
5 793 2067 2223 3566 4740 
0 
6 2168 2480 3321 4357 4798 5020 
2 3176 3382 
1 3325 
2 1684 2309 
2 570 596 
2 668 2405 
1 4970 
1 5047 
3 220 568 3229 
5 47 1585 1968 2778 2988 
3 2221 4577 4718 
2 48 3141 
5 2758 2908 3769 4986 5056 
3 298 675 3662 
2 537 1077 
1 1358 
1 1746 
3 3013 3260 4463 
2 399 3670 
2 1986 2005 
1 3494 
2 3624 4664 
0 
0 
3 552 587 4975 
5 107 1338 1524 4235 4752 
1 548 
3 3225 3539 4732 
2 390 2717 
2 770 1783 
3 836 2190 4433 
4 413 2625 3794 4865 
3 41 1923 3654 
2 173 2357 
0 
4 2312 4103 4364 4900 
4 1659 3243 4689 5074 
1 1558 
3 2015 4730 5018 
3 1078 1716 3734 
4 1411 2119 2907 3899 
0 
4 644 2789 3639 4224 
3 568 751 2150 
4 21 387 921 4367 
2 4196 4784 
2 87 3981 
3 407 915 1081 
2 4144 4535 
1 664 
3 292 3483 5019 
2 463 529 
4 548 827 1186 3282 
3 364 2565 4543 
3 1281 3809 4182 
0 
0 
2 839 2597 
2 3884 4557 
4 149 1102 4125 4613 
5 611 1237 3000 3134 4054 
1 1176 
4 316 2359 3850 4263 
3 1360 3485 4346 
4 3290 3767 3866 4842 
0 
2 506 1839 
2 604 2732 
1 4962 
0 
4 328 925 2309 3655 
0 
4 1909 3215 3563 4126 
3 1608 2085 3082 
0 
3 2869 3481 4021 
3 169 4056 4646 
3 453 2307 3489 
1 4221 
1 2100 
2 3932 4461 
2 439 4579 
1 230 
4 181 1361 1393 2788 
1 2951 
3 1187 4436 4518 
2 701 3800 
1 2232 
5 3412 4164 4578 4598 4752 
5 167 1086 1705 2259 2540 
3 2507 2895 4686 
1 4099 
1 496 
2 835 2380 
1 784 
4 1111 1212 2048 4183 
3 1237 2508 4296 
0 
3 3462 4035 4702 
0 
2 586 1035 
3 701 942 4750 
2 1743 2889 
1 2320 
2 1166 4012 
2 203 2325 
2 299 1791 
1 4260 
5 2539 2648 4151 4233 4373 
5 174 969 3834 4702 4738 
4 2876 2998 3923 4824 
3 697 804 1715 
4 781 1252 3836 4501 
3 966 1745 3572 
0 
2 1768 2895 
2 783 4288 
1 2498 
0 
3 1185 3531 4938 
2 593 3261 
3 1463 2283 4552 
4 2837 3416 3899 4341 
5 967 2286 3061 4271 4484 
5 549 2006 3518 3546 4544 
2 852 2627 
3 346 1613 4711 
4 1824 2913 3754 5034 
3 1768 2739 2865 
1 3544 
3 1924 2126 4659 
1 557 
2 3235 4375 
3 1292 1501 3191 
0 
2 2177 4395 
1 4009 
2 56 2761 
2 33 4259 
0 
2 2760 4563 
6 46 1688 2173 2356 4009 4677 
1 2625 
5 35 204 1740 3114 4094 
4 38 2317 4473 4831 
5 1759 2470 3026 4354 4951 
4 404 1169 2686 3367 
3 761 3361 3666 
0 
2 208 4473 
1 989 
2 2966 3432 
3 813 1394 1743 
4 655 2683 2764 4861 
3 425 3877 4072 
1 246 
1 1095 
4 630 645 2375 3291 
3 1443 1958 2445 
4 1098 1217 1974 4714 
2 234 3444 
1 3719 
3 1680 2725 3747 
4 30 186 1311 4555 
3 2610 3626 4103 
3 1325 1697 3890 
2 98 1987 
1 1510 
1 3079 
1 2674 
2 2494 3188 
5 1389 1481 1666 2445 4720 
1 4475 
2 1543 2847 
2 1228 1835 
2 2134 4606 
1 1448 
1 3773 
1 2517 
3 2901 3294 4111 
1 893 
0 
2 3093 3883 
1 3156 
7 990 1175 1965 3066 4241 4433 5044 
4 1687 4564 4682 4912 
3 2764 3619 4225 
4 2326 2364 2982 3727 
4 1086 2276 3838 4356 
2 1817 3058 
2 2421 4088 
1 4674 
2 1078 3964 
1 4868 
3 790 1718 1752 
3 132 3800 4832 
3 2227 4571 4595 
5 2236 3575 4179 4590 4898 
3 500 2415 3318 
5 920 1813 2611 3688 4455 
2 35 4524 
3 1 1409 2124 
4 1395 1771 4373 4631 
4 366 2193 2983 3953 
3 97 1715 4675 
1 2481 
3 105 3129 3858 
5 3 429 587 2437 3602 
2 3269 3559 
2 1146 4190 
2 275 3211 
0 
1 4844 
3 1851 2272 2326 
4 172 308 854 3422 
1 2123 
0 
3 123 691 4965 
5 168 1160 1359 3190 4143 
2 1865 2058 
5 2072 2261 2304 3146 4238 
0 
2 3290 4419 
1 4392 
1 2524 
3 3180 3651 3681 
3 573 3827 4768 
1 3482 
4 2542 2552 3264 4480 
2 1606 4561 
2 2927 4441 
6 297 1117 1118 2379 3260 4211 
1 4856 
3 476 3560 4768 
1 2352 
6 222 2050 2478 3375 4490 4832 
0 
6 31 656 1143 2812 3429 3890 
3 3718 4414 5050 
4 660 820 3150 4343 
2 638 1076 
0 
0 
3 1750 2373 4138 
1 2301 
3 76 935 1514 
2 738 2959 
4 98 1933 3018 4286 
3 3177 4113 4457 
4 498 542 3564 3878 
3 3513 3727 4239 
2 3124 3520 
1 1754 
0 
5 1069 1923 2300 4279 4377 
3 905 1343 4692 
0 
1 4425 
2 206 492 
2 1899 4954 
6 655 956 3059 3922 4498 4765 
5 363 825 1452 2615 4803 
2 2253 2631 
0 
0 
1 4558 
1 4072 
1 1048 
2 2091 2335 
4 226 696 1265 1866 
3 1361 1440 3231 
1 974 
4 541 2582 2745 4054 
1 2246 
4 913 2124 2744 4451 
4 1478 1609 3844 4632 
3 783 2086 4410 
1 4513 
3 2255 2902 3840 
0 
4 1190 1473 3700 4351 
3 805 2204 2728 
2 4273 4807 
2 139 596 
3 1718 3189 4098 
3 832 1708 4026 
5 226 917 3103 3722 5047 
1 2783 
2 829 5078 
3 2066 2616 3237 
2 84 2091 
1 637 
4 574 966 1183 3022 
2 3467 4991 
4 463 1644 3386 4243 
9 199 601 1704 2160 2740 3179 3917 4543 4850 
2 3606 4101 
2 410 916 
2 1546 2218 
3 372 1698 3058 
2 2574 4658 
4 1594 3187 4474 4661 
2 371 3692 
3 282 3315 4048 
3 1951 2602 3886 
1 2714 
2 985 1907 
2 1589 3537 
3 669 1627 2536 
4 950 2306 3190 5080 
2 758 4389 
0 
3 1538 1723 2851 
2 920 1730 
2 2028 4028 
0 
3 46 2442 2980 
0 
1 922 
1 4157 
2 3828 4348 
1 2442 
0 
1 2485 
2 2280 3957 
4 1964 2022 3912 3990 
0 
1 3015 
3 1469 3336 3442 
2 1144 1169 
3 3844 4087 4424 
1 73 
1 2495 
4 2405 2600 4003 4286 
2 3270 3679 
2 1196 2384 
2 135 2684 
2 2316 3986 
2 2008 4396 
4 2205 3069 3257 4865 
0 
2 1992 4238 
1 1880 
5 398 2514 3495 3803 4358 
1 1381 
2 1163 4777 
4 1051 2929 3053 3783 
2 2489 4290 
1 3689 
2 294 724 
3 27 4879 5018 
1 911 
1 2918 
0 
3 1901 4226 4283 
1 536 
1 3113 
0 
0 
1 2813 
1 3612 
1 799 
3 1365 2963 4174 
0 
3 114 2395 4531 
2 19 1864 
2 2068 3941 
5 895 1468 4172 4326 4558 
0 
2 818 3480 
4 1351 4043 4350 4877 
3 591 2351 4015 
4 841 2088 2504 3274 
2 830 1916 
2 3673 4583 
5 2665 4067 4329 4606 4891 
3 743 857 2292 
5 588 1317 1488 4094 4750 
1 862 
1 6 
3 1227 2786 4892 
2 614 3319 
2 1101 4594 
4 1427 4594 4649 4657 
3 3460 3595 4473 
4 1632 2124 3604 4843 
1 3135 
0 
3 1083 1172 2389 
5 71 1841 2821 2970 3396 
4 1010 2113 4310 4490 
3 789 3004 4913 
2 1032 3814 
2 1062 2957 
2 171 2683 
0 
2 2575 4246 
2 2708 3197 
3 645 2621 4477 
2 2933 3204 
1 1286 
3 1159 3447 3483 
1 3292 
5 1706 3430 3775 3904 4339 
2 2627 3861 
2 1411 3371 
6 853 2120 2209 2473 3018 4120 
2 454 4698 
6 1067 2450 2519 3805 3986 4658 
3 4202 4236 5051 
3 1965 4728 4824 
1 1197 
4 804 3153 3495 4788 
2 323 2150 
0 
3 1080 2961 3252 
1 435 
5 495 2219 2640 4319 4965 
1 1013 
4 1140 2333 2878 4199 
4 11 1645 4197 5048 
4 1749 2286 2544 3061 
4 171 177 657 836 
3 667 3168 3352 
1 2531 
1 653 
2 1474 3970 
1 1889 
3 3115 3121 4425 
1 4352 
2 815 2639 
3 3582 3660 5046 
0 
1 2631 
2 2264 4252 
2 298 3327 
2 378 1169 
1 3630 
1 4234 
0 
2 462 4135 
3 850 2166 3173 
3 1946 2301 4651 
2 1870 4124 
1 4466 
3 694 1507 4776 
3 728 2455 3008 
4 109 1681 3219 4489 
1 4489 
4 1180 1287 4971 5022 
3 31 2496 4488 
1 4904 
3 2082 2512 4509 
3 3208 3665 3739 
1 2442 
2 530 4190 
2 1003 2029 
3 1370 2437 3269 
3 1600 4253 4874 
2 1000 3537 
3 1088 2094 4394 
3 359 1572 1957 
2 1925 3404 
3 1463 2355 4196 
1 3000 
2 1848 4052 
1 934 
4 1308 1331 3586 4796 
2 461 4470 
5 541 962 1824 4280 4672 
1 2873 
4 2998 3195 4414 4988 
1 3539 
4 285 541 1058 2602 
5 42 3085 3450 4192 4333 
2 1472 2266 
0 
0 
1 1033 
1 2332 
2 1135 4255 
0 
3 2498 4067 4549 
2 3606 4603 
0 
4 490 2368 2414 3114 
4 1691 1938 3596 4262 
4 205 1110 1128 3130 
4 936 1272 1937 4098 
3 1022 1200 2626 
0 
2 644 2977 
1 411 
4 525 1618 2296 3456 
1 1866 
2 4033 4193 
2 3889 4889 
7 230 1428 1568 1995 2326 3512 4826 
1 1896 
1 3190 
1 296 
2 1298 3962 
2 2601 3507 
3 1688 3623 5056 
4 73 811 4101 4750 
4 1057 1256 1510 4543 
2 378 2410 
7 890 1411 1945 2104 3016 4146 4497 
4 1633 3038 3701 3721 
3 394 1114 1408 
4 1549 4066 4754 4854 
1 1683 
5 2181 2219 2921 3179 3513 
1 1049 
3 1017 2196 3065 
2 2456 3810 
2 1066 2200 
5 3692 3830 4063 4443 4472 
3 937 1569 3467 
0 
3 241 2065 3917 
2 2831 3690 
4 1060 1884 2987 4642 
2 231 952 
3 1710 2296 3552 
2 34 798 
1 495 
0 
3 3149 3353 4562 
2 110 3750 
1 3913 
3 2663 3584 3697 
4 784 1869 2807 4259 
1 558 
6 271 583 736 1477 3674 4322 
1 1915 
5 959 1126 3710 4119 4925 
6 314 591 1152 1723 3802 3906 
2 4327 4745 
1 932 
2 4061 4653 
4 328 1760 2950 4305 
6 378 633 732 2092 3819 4230 
0 
6 1004 1307 2620 2949 2984 3170 
4 353 1270 4728 4865 
2 3246 3319 
2 28 3848 
8 102 528 530 1957 2974 3338 3590 3957 
5 432 2064 2974 4302 5022 
0 
3 338 700 2419 
1 299 
1 174 
6 703 1829 2077 2262 3390 3939 
4 2574 3061 3458 3677 
3 359 4982 5095 
3 926 1975 3701 
3 603 3002 3679 
0 
1 3853 
3 388 1131 1602 
0 
4 2913 3690 3777 4383 
2 509 2249 
7 1723 3408 3605 3731 3881 4463 4889 
3 84 1031 1632 
5 492 639 4227 4831 4990 
4 1722 3799 3965 4092 
1 3232 
3 99 1053 4457 
1 4515 
1 3753 
1 775 
4 775 2382 3999 4925 
4 1826 3129 4193 4792 
1 4032 
4 1441 2871 3324 4045 
3 221 1727 5005 
7 152 397 1245 1838 1891 2769 3828 
3 2365 3443 4848 
2 3975 4893 
2 1080 2983 
3 1677 1687 3269 
5 319 1031 1881 3544 5086 
2 1727 2351 
2 2226 4559 
1 1105 
2 4400 4787 
1 3106 
1 4516 
2 1024 3220 
1 1551 
1 3179 
2 2381 3761 
2 1203 4382 
2 261 963 
1 4291 
4 286 1322 2035 5089 
2 781 3745 
4 873 1257 1494 4938 
3 1362 1709 2843 
4 753 1892 2003 4614 
4 228 385 1370 3708 
0 
1 4347 
5 353 1216 1509 3040 4563 
3 1775 2414 2572 
1 1081 
3 1635 3909 4646 
1 1518 
2 1535 3722 
1 2873 
3 2150 2237 2423 
3 1536 1883 2255 
4 945 1187 2639 2910 
1 762 
2 2252 2760 
0 
1 889 
3 2945 3382 4328 
1 4022 
3 648 1570 2573 
3 1665 2761 4753 
2 234 1774 
6 690 873 980 1957 2357 4750 
2 2548 3650 
4 233 421 4564 4817 
2 932 2050 
5 1984 2751 3362 3383 4152 
3 14 97 4484 
3 462 728 1754 
3 605 2793 4970 
5 211 3353 3815 3893 4185 
2 83 4929 
4 296 1479 1560 3688 
4 993 2055 2316 3757 
3 3442 3784 4463 
0 
3 836 2795 3415 
1 511 
5 480 663 2762 4308 4875 
5 596 2189 3965 4209 4594 
5 629 1159 1544 2508 4510 
1 1293 
0 
2 824 2719 
5 1848 1898 2855 3752 4852 
4 2007 2583 3470 4429 
4 1789 2913 3272 3527 
3 1661 2657 3336 
1 161 
3 509 879 3114 
1 955 
2 12 96 
1 10 
2 1033 3956 
1 3413 
0 
3 1139 2974 3902 
2 3777 4438 
1 2103 
0 
2 1726 2853 
4 205 411 1213 1281 
0 
4 1653 2142 3762 4722 
1 3667 
4 170 639 1624 2094 
1 1208 
1 1894 
1 108 
3 99 1150 3628 
3 108 703 2689 
0 
0 
2 1866 4240 
2 2509 3191 
2 204 4480 
3 2039 4358 5074 
1 3369 
1 516 
2 2127 5068 
3 924 1593 2879 
2 718 3450 
1 50 
2 135 4047 
2 3933 4285 
2 3804 4276 
1 2193 
1 3729 
3 1265 1618 3304 
2 4417 4858 
3 604 640 3297 
1 188 
1 4710 
3 335 2337 3789 
2 2125 4307 
2 1389 2494 
2 4187 4426 
2 2165 2664 
4 142 186 1123 2155 
3 299 1390 3796 
2 295 4859 
3 72 2369 3739 
1 3321 
0 
3 331 2918 3417 
2 175 656 
4 249 1528 2458 3684 
2 2104 3355 
2 3427 4512 
4 1049 2301 2749 4697 
3 1144 3978 4281 
1 1386 
0 
0 
1 4961 
1 4145 
4 16 1620 1660 3694 
4 347 2019 3498 4733 
5 813 1235 1293 1701 2569 
4 1533 1561 2007 3905 
2 2267 3839 
5 262 2408 3630 4340 5085 
2 2927 4192 
3 1089 3223 3742 
2 2682 4399 
1 1032 
2 2053 3627 
3 2164 3417 3679 
1 3077 
1 1338 
2 2303 3481 
1 3747 
1 2562 
3 236 3945 4520 
2 598 1208 
3 1603 1786 3726 
0 
2 4357 4717 
2 2604 3223 
3 944 4174 4562 
1 993 
1 2140 
1 4750 
3 1577 3053 4663 
0 
4 677 1693 1986 2604 
2 1188 1265 
1 374 
1 4502 
0 
1 1851 
2 1045 1891 
2 3324 4025 
5 16 301 2030 2924 3034 
1 100 
4 299 1683 4130 4548 
5 1706 1994 2640 4241 4485 
1 4429 
1 1477 
3 1619 2435 4564 
1 1088 
6 91 260 1011 3440 3577 4510 
4 199 4077 4504 4758 
4 129 1748 4332 4902 
3 707 1911 4197 
5 249 2887 2914 3518 4282 
1 3040 
2 3392 3894 
3 2853 3056 4252 
4 160 1960 3091 4960 
5 301 921 2490 3810 4691 
1 3030 
0 
0 
2 2675 3790 
2 4 1142 
3 1810 2368 4819 
1 273 
4 108 709 2963 5053 
1 2240 
0 
1 4745 
1 3727 
3 1429 1657 2842 
2 1011 2559 
0 
1 2733 
1 4640 
1 3927 
0 
2 2287 3891 
2 569 1276 
5 1423 2267 2492 2668 2745 
1 229 
2 1675 4831 
4 1787 1971 2528 4979 
1 799 
3 3318 4008 4496 
1 3703 
6 191 3004 3591 4652 4785 4816 
1 2095 
1 1997 
0 
3 1899 3157 3474 
2 914 4576 
0 
0 
2 110 1902 
2 2780 4741 
4 446 1926 2268 2580 
4 2631 3047 3702 5059 
3 67 559 4643 
3 762 2053 4639 
1 607 
5 627 814 1463 3478 4527 
2 1145 2431 
1 2207 
0 
2 906 3122 
2 1674 3173 
3 2548 3369 4758 
3 1579 2463 4685 
1 4377 
3 51 1001 1147 
2 1673 3394 
0 
2 4011 4757 
2 251 2065 
1 85 
3 1590 3167 4660 
0 
4 1573 2055 3888 4656 
2 3076 4866 
3 377 1992 3441 
4 888 3592 3772 4082 
2 2148 2616 
1 5048 
1 2396 
3 382 3400 4902 
4 502 1258 3313 4659 
1 2977 
1 4572 
4 715 1242 2985 3940 
4 1246 2273 3844 4593 
1 2602 
1 4036 
2 627 3558 
3 696 2309 4059 
2 746 2872 
2 2115 3253 
3 520 1929 3609 
2 8 3955 
3 90 250 3087 
2 80 1710 
2 3920 3971 
0 
0 
2 264 3479 
3 541 2092 4773 
3 1719 3525 3817 
2 535 2381 
3 501 1053 4199 
3 516 745 2672 
5 1803 2326 2414 3516 3738 
5 584 949 1051 3486 3543 
2 1643 2585 
4 3660 3930 4297 4415 
1 1442 
2 2082 3137 
1 4091 
1 2451 
2 3496 4333 
1 4398 
1 2828 
1 1952 
1 3528 
3 1339 1758 4657 
2 181 2646 
1 240 
2 3507 4515 
1 927 
3 1041 2848 3878 
6 1330 2156 2893 3093 4249 4619 
2 3106 3332 
3 502 3678 4232 
2 1577 3272 
0 
4 2639 2753 4687 4846 
0 
1 3153 
2 4729 4883 
0 
1 3923 
2 814 2874 
2 1121 4823 
1 1414 
2 702 3416 
1 3593 
3 78 339 3744 
1 4536 
0 
3 720 2440 3230 
2 464 3954 
3 3052 4533 4782 
5 2199 2638 2771 2891 3848 
4 805 1710 3179 3636 
2 1810 3639 
2 3032 3191 
5 1489 2222 2498 3684 5041 
4 1747 3446 4330 4821 
2 2922 4184 
2 3457 3783 
3 2591 2704 4201 
2 3260 3764 
4 1895 3273 3785 5073 
2 442 4228 
5 79 314 665 1007 1361 
0 
3 1815 1976 3251 
2 2366 2664 
4 3278 3424 4974 5042 
2 911 2403 
1 872 
2 2462 4241 
2 2279 4049 
2 1019 4778 
4 824 2012 2177 3923 
2 970 1525 
2 3339 5045 
1 2289 
6 1078 1305 1663 2236 3732 3920 
1 819 
2 1179 2616 
2 1894 3889 
3 715 2462 3928 
0 
4 2531 2777 4141 4744 
1 3623 
2 1884 4023 
1 2748 
2 1806 4461 
2 921 4267 
2 1455 3967 
2 3206 3237 
2 2744 3003 
4 28 53 2134 3938 
1 23 
4 134 1144 1578 4089 
2 2804 3025 
0 
2 3428 4224 
2 1698 3273 
1 3212 
2 4679 4980 
4 677 1904 2992 4264 
1 4512 
3 307 1821 2990 
2 3843 3965 
2 491 3055 
6 128 341 2149 2249 3593 4649 
3 989 1543 3567 
5 2962 3335 3631 3693 3814 
1 1150 
7 711 1049 2187 2333 3375 3918 4268 
1 4391 
3 2274 4383 4915 
1 4184 
2 789 1579 
2 3144 4267 
1 3593 
2 407 3207 
1 1154 
0 
1 1542 
4 2006 2272 2354 3039 
0 
3 400 3719 4907 
5 291 569 3593 3884 5088 
2 1474 4921 
3 101 3123 4707 
2 3052 4536 
3 1253 1984 4215 
6 317 1603 1864 3485 3742 5038 
2 3102 3601 
3 78 393 3546 
4 5 2640 2742 3374 
1 1266 
2 2356 3637 
4 1155 2844 4255 4511 
2 1158 2018 
0 
2 856 3933 
0 
1 2395 
2 26 4668 
1 1520 
3 717 1507 5085 
1 1187 
3 1697 1896 3815 
2 842 4023 
2 360 5055 
1 4942 
2 1054 4397 
3 465 3175 4968 
6 347 1136 3357 3695 4313 4729 
2 3042 4332 
2 77 2260 
3 2822 4070 4999 
3 338 1606 2216 
0 
2 1742 3509 
6 24 178 581 1823 2472 4871 
1 2651 
4 1179 3661 4698 5077 
2 1266 2369 
1 3059 
4 3074 3482 3628 3924 
1 2161 
1 2730 
2 344 3033 
2 2596 2928 
4 498 1041 4547 5003 
3 1062 3758 4115 
2 1166 1647 
2 276 3180 
5 1005 1713 1734 2012 5029 
2 1378 3726 
3 2390 2787 4213 
2 481 2000 
0 
3 1290 1432 2246 
2 488 1494 
2 1368 1514 
1 3704 
5 2559 3386 3843 4138 4764 
0 
4 2426 3890 4242 4262 
4 194 222 1863 3151 
3 553 1631 3338 
1 3167 
3 3569 3888 4549 
1 1992 
3 851 3517 4936 
3 1376 3718 3911 
2 3362 4149 
0 
4 1227 3762 3780 4740 
6 845 1895 2219 3276 4049 4057 
0 
2 2802 3726 
1 2984 
0 
1 1975 
4 1002 3616 3775 4397 
2 2266 2975 
4 1105 3121 3139 5088 
3 1282 1529 3101 
3 2827 3030 3465 
1 4413 
3 773 1555 3531 
1 2182 
2 617 2659 
3 819 3383 3830 
4 1733 2803 3165 4131 
1 2068 
2 2299 2448 
2 670 3422 
1 4953 
4 203 3276 4903 4942 
3 296 2672 4683 
2 1636 4342 
4 1037 1235 2321 4654 
4 1306 2577 3417 3664 
6 1263 2871 3038 3331 4361 4669 
0 
3 218 1806 2468 
3 214 2241 3420 
2 1212 3048 
2 3190 4719 
3 378 2060 2266 
4 181 852 2738 3182 
3 1901 2261 4440 
2 2211 4394 
4 1776 3185 3869 3894 
3 1585 4050 4497 
8 22 93 269 404 528 929 1110 4793 
3 1052 3070 3991 
2 2691 2835 
4 1153 2697 2756 4239 
2 1617 2748 
1 4589 
1 185 
1 3194 
3 2473 2615 3831 
1 2799 
0 
6 141 467 1412 3493 4228 4700 
2 838 1656 
3 964 1759 3308 
5 117 193 453 3966 4471 
3 1570 3278 3556 
3 2293 2742 4832 
4 72 2483 2568 4698 
6 202 1695 1811 2716 3436 5005 
5 256 1911 4021 4797 4844 
0 
2 1210 2998 
1 2595 
2 2039 4045 
2 316 1644 
2 1330 2268 
0 
4 580 2254 3830 5016 
4 1263 1895 4382 4387 
1 1194 
0 
4 1477 1714 3185 4141 
2 3689 4360 
2 1167 1763 
2 715 5022 
3 92 2279 3210 
6 111 142 2082 2245 4251 4804 
1 2743 
0 
2 2928 3722 
1 2601 
2 1371 4230 
4 1366 2605 4824 4864 
2 1341 4300 
4 2206 3768 3974 4864 
2 1127 3551 
1 123 
4 2853 3436 4273 4460 
1 706 
5 991 2109 2130 3734 4859 
1 4576 
4 1055 1302 3936 4100 
4 547 2749 4204 4945 
0 
1 2244 
2 729 1127 
4 685 1047 2640 4046 
3 104 4035 4654 
0 
3 1030 2544 3749 
2 86 2900 
2 1292 3831 
1 2335 
1 1650 
1 3944 
4 709 1545 2782 3272 
6 148 843 1498 3297 3693 3968 
4 2003 3152 4060 4395 
0 
3 156 1265 4053 
1 4697 
1 3769 
2 839 2273 
1 633 
2 947 1303 
2 324 3795 
6 17 829 2728 2999 4192 4386 
2 1145 2556 
4 1068 1400 1452 4516 
0 
1 462 
4 1572 1859 3215 3987 
5 1663 1835 2747 2849 3374 
4 655 748 1898 3100 
4 583 2002 2283 3916 
0 
7 738 828 1958 2725 3356 3646 4634 
7 358 1406 2610 3094 3516 3581 4391 
4 2328 2459 2771 4261 
3 3594 4620 4682 
4 1112 3134 3513 4222 
4 856 1081 1109 3075 
7 375 1833 2325 3195 3200 4230 4536 
2 4129 4760 
1 1207 
3 1122 1129 1978 
1 4150 
0 
1 857 
2 93 3221 
3 267 1753 1951 
1 1610 
2 1572 2520 
4 1877 2860 4220 4669 
1 411 
0 
2 3147 4654 
3 1876 2158 4078 
4 531 687 1891 2316 
1 4886 
1 1557 
3 63 646 696 
0 
3 657 3013 3185 
5 560 3231 3322 3757 4207 
4 1456 2778 3574 4557 
1 1310 
3 965 3689 4146 
1 787 
2 2310 4735 
3 110 738 2090 
2 1732 2508 
4 48 796 1175 2693 
5 2211 2260 4105 4369 4481 
3 2385 2666 3843 
2 3884 4841 
3 1423 3229 4908 
3 689 1645 2141 
2 1085 1763 
2 2603 3733 
2 2446 3075 
5 1665 1760 2731 3496 4688 
0 
3 1868 3047 4032 
4 181 2098 2217 2341 
2 2193 4501 
3 659 672 3195 
1 3309 
1 4976 
3 746 3710 4213 
1 3502 
1 3249 
5 1168 2510 3344 3402 4372 
1 1151 
4 1630 2623 3431 3802 
3 4160 4802 4844 
4 2747 3446 3615 4507 
0 
5 2790 3638 4200 4905 4996 
1 2898 
4 213 341 2237 4316 
1 573 
1 4996 
4 2058 3115 3284 4632 
1 1282 
2 447 1342 
1 2787 
5 1193 2169 2469 4457 4517 
4 58 2144 2968 3324 
2 650 3852 
0 
0 
3 4320 4723 4832 
0 
3 3251 4712 5034 
0 
1 2418 
2 3212 4480 
3 3404 4176 4853 
4 1968 2294 3472 4271 
4 161 420 3172 4860 
4 214 1410 4175 4421 
2 1933 2760 
0 
3 1487 1622 2818 
2 4052 4399 
1 2835 
1 3632 
6 1323 1453 2436 3038 4583 5008 
4 122 1650 2780 4739 
1 95 
3 80 743 2660 
5 242 1963 2800 3397 5088 
1 1465 
1 3406 
2 733 2789 
0 
3 2000 2967 3868 
3 2680 3134 4664 
2 1503 4464 
1 2809 
3 1558 4268 4627 
3 671 1013 2637 
6 465 2075 2496 3206 4251 4478 
2 1119 3628 
0 
2 538 3739 
3 231 1098 3556 
1 2920 
0 
1 3144 
2 1724 4476 
0 
4 718 1714 1876 3289 
3 4053 4383 5032 
1 3557 
3 1123 2619 3879 
3 240 610 2701 
2 2425 3210 
3 933 2201 3934 
0 
1 2745 
0 
4 2850 2851 3505 4955 
0 
3 35 3401 4043 
2 1009 1191 
2 4407 4839 
3 1931 2322 3750 
5 757 1297 3823 4329 4971 
0 
2 3309 4887 
0 
5 142 3965 4578 4943 5041 
2 2296 2574 
1 1972 
2 3155 3534 
2 1713 4490 
2 383 4842 
0 
1 5038 
3 1584 4363 4817 
6 909 1529 2463 3965 4028 4051 
1 763 
4 813 1038 1220 4554 
0 
1 1765 
3 1076 3906 4594 
3 221 987 2408 
3 491 2076 2936 
1 2003 
2 2126 4964 
2 2416 4285 
1 3903 
4 1739 1835 2323 3393 
2 1735 4806 
0 
1 2832 
4 886 4091 4568 5051 
1 1128 
2 4423 4977 
3 1158 4703 4781 
6 250 1066 1485 3004 4800 4849 
2 2204 2294 
4 2185 3279 3929 4096 
2 355 3036 
1 3964 
2 971 3172 
1 2415 
7 1123 1298 1740 2277 4088 4289 4690 
6 449 1146 2053 2268 3858 4169 
2 2160 4025 
4 1214 1480 2852 4603 
5 1461 1594 1660 3204 5089 
3 1042 1545 4260 
1 3457 
5 1191 1715 3405 3700 4730 
4 803 1350 2958 5058 
0 
5 377 898 1628 2543 4873 
4 1354 2636 3176 4604 
2 3705 4386 
2 1501 3120 
3 3459 4368 4782 
1 3149 
3 850 4063 4106 
1 4671 
5 512 616 3006 3318 5006 
2 2597 4131 
2 1311 1651 
7 471 2584 2631 3107 3830 4206 4893 
1 2090 
2 3721 5009 
2 1079 2671 
2 917 2142 
5 437 2355 2901 3267 4973 
2 3797 3828 
2 2791 2987 
0 
0 
3 2453 2905 4712 
3 576 798 1980 
2 674 3744 
5 435 1006 2135 2593 4970 
2 1356 2927 
2 527 4414 
0 
2 1397 2880 
0 
6 266 535 1850 3156 3704 4807 
2 1940 3851 
4 64 791 1804 2857 
3 206 3253 4836 
2 2376 3515 
0 
3 123 1032 4943 
1 1030 
0 
2 1932 3874 
4 21 2094 2479 2638 
0 
2 2967 4927 
0 
3 1051 2046 2621 
2 393 986 
3 2152 2520 3080 
1 3043 
0 
1 4896 
3 452 848 1732 
3 1421 3547 4877 
3 462 2369 4825 
5 375 2138 2682 2699 4606 
0 
2 2604 3194 
4 1005 1092 1169 2563 
5 702 1718 2991 3785 3962 
3 2341 3484 3572 
3 1316 2962 3612 
3 3285 3961 4215 
1 2306 
3 1814 2584 2662 
5 251 869 3133 3632 4509 
5 57 728 954 2554 3332 
2 372 3848 
3 3612 3951 4791 
5 553 1801 2209 4429 5055 
0 
1 2704 
1 1342 
3 1857 2504 3357 
3 2108 4163 4962 
3 703 2314 3897 
2 1101 1599 
4 1465 2607 3787 4048 
1 3717 
1 1727 
1 2279 
2 332 1923 
0 
0 
1 4248 
5 1173 1528 2466 2754 3479 
0 
4 498 563 1292 4137 
1 710 
0 
2 2317 2345 
6 2816 2888 3575 4500 4601 4875 
3 250 2050 4354 
3 885 1380 1588 
0 
1 1303 
3 223 1041 5050 
2 85 4637 
1 1348 
1 4515 
0 
7 409 479 1575 1819 2825 3516 3770 
2 2102 4610 
1 1716 
3 1146 1699 1872 
0 
1 563 
5 668 1521 2896 3523 4922 
3 1192 1266 3350 
2 882 3685 
2 2361 4094 
3 3915 4231 4644 
1 4610 
6 1473 1572 2181 2791 3854 4973 
0 
1 4107 
2 345 582 
0 
2 2874 3696 
3 1536 4230 4806 
3 1264 2436 4289 
0 
3 2224 4225 4902 
4 869 2648 4602 4818 
3 2328 2980 4304 
2 3718 4996 
3 2327 3619 5090 
2 3356 3646 
4 133 368 4010 4612 
4 858 2104 2662 4871 
3 1000 3253 4565 
2 1300 3792 
2 3735 3755 
1 510 
0 
0 
6 95 1142 2326 3644 4211 4432 
2 306 336 
1 3037 
2 3190 3942 
3 1223 1655 2495 
3 27 2609 2951 
2 4254 4816 
0 
1 3501 
0 
1 2575 
2 1945 2403 
1 3137 
3 639 3370 4707 
1 4433 
3 779 1172 1991 
4 366 367 2148 2406 
3 180 187 3508 
6 471 1273 1359 1892 2292 4060 
1 2644 
4 113 1180 1378 4320 
2 3322 4530 
2 110 2212 
5 763 1785 3136 4204 4992 
0 
3 1626 2335 4328 
2 364 3380 
0 
1 2745 
1 1093 
2 1064 1374 
3 833 4674 4940 
2 542 2501 
3 910 1611 4674 
0 
0 
1 2800 
4 483 764 2435 2883 
1 3782 
2 265 4498 
1 1825 
2 1871 3315 
1 1098 
2 2674 4415 
2 30 3097 
2 459 4724 
0 
4 996 1415 1668 3320 
2 3376 3499 
4 2437 2992 4161 4432 
3 617 2441 4456 
1 820 
0 
1 916 
3 2271 3886 4907 
2 1752 1913 
6 100 195 812 834 2206 2585 
3 1086 1405 2541 
2 165 309 
3 1004 1212 1941 
3 1347 3447 3515 
1 2669 
4 2921 4077 4253 4487 
2 1766 3730 
1 3321 
2 623 3394 
1 168 
2 2001 5017 
4 462 1205 4010 5047 
4 1 1051 1254 2028 
3 4165 4947 4961 
1 2610 
7 3180 3215 3693 4118 4233 5036 5064 
1 1973 
2 1681 3119 
1 3536 
4 2953 3052 3538 4365 
0 
2 934 4450 
2 2657 4333 
3 1396 3996 4107 
2 480 3492 
1 4360 
1 2936 
7 196 584 3121 3403 3454 3746 3863 
3 950 3449 4565 
1 3479 
3 2709 3256 4868 
3 759 3322 3429 
6 745 818 929 2133 3243 3531 
3 182 1241 3820 
3 674 1873 2668 
2 1226 5015 
2 3121 5027 
4 2979 3058 3530 4068 
5 1681 2207 3010 3628 4498 
1 3260 
1 184 
2 2124 3183 
2 719 1492 
4 1925 2329 3041 4132 
0 
1 459 
5 1954 3242 4164 4425 4737 
1 4323 
5 62 1288 2545 2820 4614 
2 252 1759 
4 1210 1916 3709 5034 
3 3214 3242 3949 
5 381 524 1790 2669 4409 
6 506 2386 2761 2907 3634 3953 
2 310 3210 
2 3673 3784 
3 1382 2051 2879 
3 1506 3665 4242 
3 587 957 1157 
4 2845 2956 3009 3060 
3 1947 3728 4766 
4 480 2248 3095 3975 
2 229 4682 
1 1245 
4 478 1429 2857 3888 
4 525 2840 3664 4057 
4 188 1739 2290 5077 
4 513 3636 4150 4537 
4 839 1893 2542 3611 
4 1564 2247 3388 3908 
1 311 
1 3650 
2 1274 4745 
2 329 1244 
2 478 985 
3 4269 4280 4299 
3 93 544 4002 
2 1789 4306 
1 2599 
3 153 3562 3811 
4 426 513 3349 3767 
5 433 685 3195 3297 3486 
2 2707 4700 
1 3289 
2 3211 4526 
2 679 1473 
0 
0 
1 3061 
5 1056 2012 2512 2658 3823 
1 1607 
3 2331 2694 2725 
2 202 2854 
6 518 538 1886 2238 3662 3707 
0 
2 1510 2588 
2 151 3382 
3 1186 2218 4072 
3 574 2390 3915 
3 3188 3750 4823 
5 50 2925 4369 4447 5050 
5 97 747 1233 1767 4642 
3 3967 4166 4709 
2 2817 4415 
2 370 1058 
2 3173 4809 
2 4581 4849 
4 1451 2214 3053 5083 
5 1060 2202 2393 2898 5031 
3 1841 3669 4959 
5 2200 2301 3443 3636 5066 
2 367 5039 
4 825 1885 2513 4553 
1 883 
3 1676 2091 3635 
2 1363 2130 
2 3788 5026 
3 950 1968 3007 
2 170 2869 
2 1629 1755 
3 2057 2641 3726 
0 
3 2199 3294 4444 
2 4362 4710 
5 1555 2237 2293 2698 3754 
2 1766 2818 
3 842 2189 2634 
5 961 1056 1594 2628 2750 
1 3591 
2 554 3795 
2 222 1455 
5 542 2571 2906 3586 4788 
4 2021 2892 3411 3478 
7 478 3706 4098 4335 4456 4488 4975 
1 1130 
7 187 740 2933 3674 3679 3863 3977 
2 2454 2591 
1 5047 
2 3091 4909 
2 2292 3687 
3 95 631 3449 
1 4038 
0 
1 3218 
4 741 1477 2458 4440 
6 387 1157 1782 2216 3645 3942 
4 2185 2562 3709 4614 
1 3415 
2 509 1326 
7 446 1623 2421 2707 2928 3575 4317 
2 445 3657 
0 
2 1686 3265 
2 134 1668 
2 817 1577 
2 2161 3249 
3 172 2153 5065 
2 1108 1506 
1 3481 
1 265 
1 1161 
1 806 
1 1659 
4 822 1158 3016 3115 
2 2591 4305 
1 3924 
0 
2 633 4336 
3 273 1553 1755 
3 764 1628 2415 
2 1098 3737 
1 2807 
3 978 2716 4839 
2 2414 4571 
6 192 208 1019 1601 1626 2818 
2 1267 1339 
4 320 1356 1657 1892 
0 
3 19 2483 3048 
5 248 2089 3271 3424 3589 
3 757 1521 2410 
3 273 1390 1704 
2 1512 3567 
3 2740 3270 5056 
1 732 
4 1891 2863 3068 3477 
1 4653 
5 1471 1667 1979 3971 5038 
2 868 3330 
1 4127 
1 4988 
2 665 1716 
5 138 253 500 3092 5099 
0 
4 667 965 2646 2945 
2 1337 2946 
2 3953 4707 
3 1476 2937 3870 
3 2158 3068 3438 
0 
6 920 2053 2231 2372 2442 4848 
2 1648 2216 
3 1801 1885 2498 
4 2650 2968 3661 4370 
4 1037 1068 1856 3302 
0 
2 4154 4533 
4 1612 2724 3065 3722 
2 798 3145 
6 788 986 1256 2202 2613 3731 
3 465 2352 3524 
2 1277 3163 
1 764 
2 531 2638 
3 853 1962 3266 
1 621 
1 3419 
3 547 614 1394 
2 1751 4558 
2 35 4344 
5 71 183 579 3010 4084 
3 362 2386 3226 
4 1974 2812 5006 5093 
0 
3 881 1180 1740 
4 78 688 1989 3679 
0 
2 2554 3005 
1 647 
2 1618 4861 
2 1850 3257 
1 1876 
2 2965 4969 
3 649 1724 3676 
11 120 731 757 1041 1410 2035 2475 2719 2950 3223 3689 
4 516 2025 2722 4115 
3 1720 2023 4504 
6 219 504 2135 2871 3034 4068 
3 2960 3303 3411 
4 2183 2474 3079 4385 
5 1023 2661 2870 3240 3474 
2 963 1510 
1 3086 
5 508 812 1694 2060 4661 
3 3357 4309 4615 
4 110 466 1240 4771 
0 
0 
1 2531 
2 1766 1959 
2 4204 4769 
0 
2 3783 3895 
1 1989 
1 4780 
2 28 2537 
1 3058 
3 285 3177 4686 
0 
3 915 1129 2584 
4 501 778 2302 4350 
0 
3 1521 4008 4942 
5 1007 1917 2528 2932 3203 
3 685 1534 2451 
2 577 1169 
2 2992 4747 
3 606 2636 3091 
2 299 4988 
2 2009 2580 
0 
1 2775 
1 731 
1 1124 
4 151 387 1466 2744 
1 2981 
2 1029 1323 
4 1248 1561 1953 4764 
0 
1 4991 
3 2292 3783 3977 
4 322 787 2697 3376 
1 4041 
5 701 2781 2812 4152 4217 
1 1935 
1 2527 
1 53 
3 775 2496 4098 
1 637 
3 361 1138 1407 
2 1118 4532 
0 
4 879 3307 3931 4345 
1 1756 
3 2145 2313 4471 
2 2470 5040 
1 4427 
1 932 
2 1574 2190 
0 
1 190 
4 2200 2411 3074 4503 
1 4794 
5 908 1540 3533 4344 5080 
4 1384 2813 4045 4386 
4 2944 3449 4234 4610 
2 4426 5007 
0 
1 3456 
1 3053 
1 4650 
2 1468 2046 
1 4455 
6 413 427 549 877 3223 4840 
2 515 2051 
1 394 
3 1268 1870 4861 
3 127 510 3499 
6 453 1050 2272 2578 3298 3910 
2 2393 4122 
3 2621 3397 4446 
1 4228 
7 1029 1151 1410 2265 2459 3049 4965 
3 742 1890 2261 
1 1874 
2 6 2889 
2 1798 4487 
2 1095 4384 
1 3474 
4 294 734 2241 3827 
3 2431 2606 3219 
4 1157 2837 3211 3835 
2 2479 3110 
4 331 1840 3057 3801 
4 1583 2863 5079 5095 
5 294 3693 4126 4466 4558 
0 
2 4290 4404 
2 4110 4517 
3 1362 2422 3946 
1 3795 
1 357 
2 3270 3993 
5 1306 2072 2473 2712 2912 
4 1810 2019 3058 4503 
3 751 1001 2084 
0 
1 3458 
5 150 1448 3182 4082 4921 
3 2085 4276 4691 
4 860 865 998 2292 
1 3398 
0 
3 326 702 715 
3 148 1762 5009 
3 3741 4367 4400 
1 1612 
2 2598 3262 
4 952 3592 4421 4985 
3 1417 2356 4917 
2 368 3882 
6 212 514 1922 3492 3524 5056 
2 2228 2922 
2 990 3982 
2 1059 4394 
0 
2 1253 2236 
4 1720 2414 3690 4242 
0 
1 4104 
6 159 187 1470 1481 3173 4961 
4 519 1368 1864 2470 
2 4478 4588 
1 3710 
3 41 1984 4545 
2 4928 5066 
4 1622 2636 4853 4895 
2 1789 4027 
4 689 2387 2463 2783 
1 4080 
2 1558 3987 
4 950 1640 2435 5033 
2 2331 3866 
1 2326 
1 3309 
0 
3 779 4959 5001 
3 1941 2424 4399 
4 544 3871 3874 4615 
2 749 2528 
2 3776 4862 
5 30 1649 2270 2939 3337 
1 3664 
5 867 3637 3847 4169 4997 
1 3856 
3 67 501 3405 
2 208 3884 
4 891 4349 5017 5088 
5 1317 3108 3824 4112 4120 
3 166 491 3316 
6 423 1339 3363 3650 4005 4032 
1 3035 
3 714 1242 2923 
4 876 2039 3397 4088 
5 994 1825 2379 3136 4018 
2 325 4594 
7 493 661 1026 1455 2294 3054 4462 
2 2813 3674 
4 2934 3538 3717 4217 
1 2067 
1 3061 
0 
4 142 916 1972 3089 
1 2664 
1 4188 
1 634 
4 368 640 1187 1753 
3 1221 4421 4759 
2 1774 4809 
1 4288 
2 996 2181 
2 2204 4186 
4 887 3299 3438 4726 
0 
1 3989 
5 77 340 722 4124 4191 
1 347 
2 952 3269 
3 1734 1947 2744 
0 
1 367 
0 
1 768 
2 3547 4271 
3 110 320 4443 
2 2377 4455 
7 1342 2355 2481 2777 3892 4305 4999 
2 40 3593 
2 3189 3697 
6 95 535 968 1483 2340 5000 
1 3192 
3 2714 2725 3904 
2 4239 4641 
1 3235 
2 852 3093 
3 2347 3530 4486 
1 4308 
2 652 2908 
3 212 633 3322 
2 2092 3374 
6 173 772 2160 2899 3838 4421 
2 1901 4588 
4 82 965 1691 3561 
3 2140 4022 4951 
1 259 
0 
3 1170 1367 4883 
2 112 4987 
2 481 3000 
2 2923 5008 
2 772 4492 
1 4839 
4 1965 2319 4320 5043 
1 4527 
1 1709 
0 
3 242 389 4112 
5 1331 1581 3587 4754 4805 
0 
1 4859 
3 1279 2238 3284 
2 1957 3514 
1 3548 
3 597 4613 4859 
3 182 2962 4975 
1 2774 
2 322 1649 
1 1265 
0 
1 2223 
3 460 1151 3966 
4 1166 3189 4438 5051 
4 844 1099 1856 2782 
6 940 2045 3801 4005 4171 4485 
2 2584 3515 
2 1619 4810 
3 2410 4718 4955 
4 388 4607 4608 4766 
5 2 463 1356 2361 2770 
2 2915 3526 
3 439 816 3832 
3 1192 3386 3683 
6 1912 1963 2351 2576 3379 3904 
4 336 1412 2091 5000 
1 112 
1 2952 
3 262 2187 3904 
2 416 3729 
1 3604 
3 1459 2228 2256 
0 
2 1925 3398 
2 387 2788 
1 1654 
3 1567 3706 4720 
8 601 1910 2717 2961 4117 4405 4757 4822 
6 73 374 2449 4662 4824 4880 
1 2170 
1 877 
2 1046 1672 
3 848 1017 1391 
3 1761 2979 3612 
3 1285 1292 1956 
2 1674 3652 
2 2422 3386 
3 1976 3455 3974 
1 3000 
3 2040 4746 5014 
5 482 708 1719 2106 4203 
2 743 2803 
2 217 4009 
2 2301 3745 
1 4272 
5 246 280 805 1640 4628 
3 833 1382 1479 
0 
1 3631 
2 1838 5066 
3 1088 4569 4872 
4 942 1945 2412 4374 
2 2897 4247 
2 1776 4506 
1 3741 
3 575 686 3540 
1 1033 
4 669 948 3761 4152 
2 2219 3463 
3 3225 4483 5042 
0 
4 806 977 1357 1912 
5 3196 3961 4017 4155 4476 
2 355 5023 
2 2218 2798 
0 
3 1902 2359 2468 
2 1824 2994 
3 1451 1941 2305 
6 123 974 1159 1434 4013 4308 
4 961 1303 1532 1688 
1 2212 
2 3734 4741 
1 401 
3 309 2054 4537 
0 
7 1424 2286 2896 3304 3439 3888 4486 
1 3757 
2 652 2022 
0 
3 274 2295 4560 
3 468 1559 2878 
1 3801 
3 3270 3656 5094 
3 148 3835 3939 
4 56 138 4597 4626 
1 514 
2 1194 2114 
1 2181 
4 1608 4001 4050 4292 
3 439 1813 4321 
5 383 2332 3377 3829 4013 
3 437 1963 2028 
4 513 1075 2806 2981 
3 1244 1466 2505 
2 919 3140 
1 1756 
1 2743 
6 85 1339 2126 2878 3794 4299 
3 240 2096 2144 
3 3547 3781 4501 
4 1915 2714 3836 4365 
3 1409 1616 4824 
1 3181 
3 484 713 2078 
2 1321 4920 
1 314 
3 3002 4181 4355 
0 
2 2847 3923 
4 1820 2712 3037 3385 
1 4425 
2 1271 1954 
2 697 938 
4 163 880 3924 4515 
3 4526 5008 5043 
5 297 690 3169 3432 3499 
2 454 2972 
2 3565 4012 
4 1217 3655 4353 4816 
2 4115 5069 
3 432 1634 2847 
1 3061 
3 1754 3711 4760 
2 2183 4049 
3 2876 4126 4886 
2 3365 3494 
3 1635 2373 3467 
1 2216 
2 1954 4372 
1 4113 
5 124 126 476 1839 3958 
1 4583 
1 3512 
4 516 1459 1970 4046 
1 3730 
3 161 2953 2968 
3 226 2174 2241 
2 485 941 
1 2122 
1 2776 
0 
4 2435 2680 4796 4797 
0 
6 849 2533 2671 3052 3721 4563 
0 
6 1650 2264 2790 3301 4074 4216 
5 572 2597 4339 4603 4995 
0 
4 234 1190 2326 4935 
0 
2 49 188 
1 2327 
1 66 
1 2299 
5 706 1718 2183 2533 3676 
1 23 
1 3859 
2 825 1708 
2 3606 4202 
2 1565 3481 
3 461 1763 2751 
4 611 3820 3897 3948 
1 1333 
1 419 
1 4870 
0 
4 3272 4049 4168 4789 
1 1627 
4 672 3010 3860 4237 
5 839 2275 3382 4320 4877 
2 3093 3315 
4 1532 1648 3272 4461 
3 1669 2667 4297 
7 818 1491 2366 2520 3654 3742 4196 
5 816 1339 1843 2063 4614 
0 
3 1714 1778 5071 
6 1486 1636 2814 3415 4719 4902 
2 1256 1684 
3 90 2219 5068 
3 1173 2731 3815 
1 385 
1 1434 
3 70 1984 4079 
0 
1 1635 
1 3108 
2 556 3602 
1 3649 
4 684 1161 1804 3470 
4 681 1167 2145 3842 
4 1185 2912 4231 4515 
1 3892 
6 697 730 2992 3125 3375 4383 
2 3740 5032 
2 3176 4308 
3 3145 3545 4915 
0 
2 1123 3667 
1 2580 
2 1451 1720 
1 3649 
1 4559 
4 2567 3110 3212 4358 
3 370 2363 3110 
1 2710 
3 1483 2528 3691 
2 553 1747 
2 3378 3685 
2 1355 1811 
4 2375 4103 4350 4912 
4 421 1697 2574 2931 
5 831 2470 3890 4498 4794 
1 4066 
1 2814 
2 924 4039 
4 1574 1788 3156 3457 
3 49 627 2594 
2 586 1817 
3 1780 2716 4570 
2 1919 2012 
2 223 2878 
2 1176 4869 
1 3181 
1 1183 
1 3154 
1 3928 
2 2634 2861 
1 1641 
2 1814 2071 
0 
3 1596 4136 4387 
5 356 511 1610 2611 3626 
1 1495 
1 4511 
4 2663 3008 3853 4835 
4 392 1076 2263 3116 
0 
1 1822 
4 28 313 3316 3475 
1 313 
4 781 2314 2375 3724 
4 903 2396 2499 4182 
2 2748 2785 
1 3227 
4 1990 3214 3435 5024 
1 2195 
3 1806 2217 2266 
1 3746 
2 2140 4069 
1 933 
2 541 1554 
2 84 4720 
1 4264 
1 2000 
5 3286 3848 4350 4650 4850 
3 1604 4040 4408 
1 1420 
1 2877 
0 
3 1065 3747 4351 
2 1879 4505 
2 28 3486 
2 524 4828 
4 44 1634 1808 3415 
3 3418 3956 4515 
3 666 2423 4511 
0 
1 3316 
4 97 491 2157 3936 
3 3547 4589 4798 
2 1330 3006 
4 1145 3569 3663 4847 
1 1535 
2 2151 3057 
2 169 4622 
3 717 2679 2691 
3 1428 3562 3717 
3 323 1714 4074 
2 1845 3688 
2 856 1845 
3 1894 2960 4130 
5 1207 1315 1679 3541 4218 
3 2184 4459 4771 
3 1191 3064 5076 
0 
3 1933 2156 3846 
0 
2 348 3520 
2 58 1735 
1 2798 
1 4950 
2 2277 2426 
0 
1 672 
3 3209 3974 5095 
1 4970 
1 4190 
3 455 619 2210 
4 2332 3185 3505 4243 
4 1121 1620 2329 4818 
1 1395 
3 1014 1156 2936 
3 1440 2017 3510 
1 434 
4 654 2695 4035 4454 
3 2829 4255 4300 
4 963 2651 2668 2792 
4 1227 2148 3004 4786 
2 1929 4323 
1 3802 
4 3754 4649 4838 4969 
1 2072 
1 4321 
2 3146 4408 
2 3519 4943 
1 1312 
2 1990 4384 
3 646 2417 4147 
3 387 534 3808 
1 1451 
1 2224 
2 1429 4196 
2 167 449 
5 634 659 3311 3423 3481 
3 2006 2646 2978 
2 2622 4832 
5 252 314 428 1781 2200 
2 2542 5063 
3 1692 3612 5004 
3 723 1917 5087 
2 822 3003 
1 4479 
1 3703 
2 1922 4085 
2 2223 3602 
4 382 584 2145 3837 
2 556 2539 
1 4031 
3 332 374 1159 
3 3413 3783 5072 
3 2435 2762 3285 
4 238 671 1107 1193 
1 1312 
2 256 2581 
0 
0 
4 896 1251 4255 4669 
1 3076 
2 1830 3054 
2 1056 2097 
2 1457 2454 
2 2494 2551 
1 1300 
2 2192 3686 
1 5062 
4 774 1269 1926 4124 
4 1567 1671 2241 4078 
1 890 
3 3493 3582 3743 
2 2782 3075 
3 2355 3823 4051 
2 943 2227 
2 307 2500 
3 3204 3631 3741 
5 1871 2118 2873 3694 5046 
2 67 2289 
1 67 
2 2483 3719 
1 3396 
1 3425 
1 3601 
1 4019 
1 2397 
5 1164 2286 4008 4560 4840 
1 2287 
6 90 130 3633 3665 3912 3917 
3 67 3013 4831 
3 1088 3705 4833 
3 1085 2326 3066 
2 628 2040 
3 2587 3239 4197 
2 2111 2706 
2 4591 4619 
1 3318 
2 2151 3764 
4 22 937 3021 4329 
1 1899 
4 259 790 3474 4454 
3 2330 2852 3439 
3 959 2597 3437 
5 1508 1960 2566 3635 4521 
2 906 1325 
2 3184 4732 
2 2324 3052 
2 695 3227 
4 272 517 1819 1943 
4 1790 2295 2706 4091 
3 3288 4048 4513 
2 933 4219 
1 4020 
2 2687 4546 
0 
5 1092 1093 1203 4360 4882 
3 1601 2978 4994 
0 
2 1035 1387 
5 2896 2975 3002 3421 3629 
3 325 2129 2603 
4 363 860 2023 3028 
5 2367 2663 4233 4348 5020 
3 731 3857 4233 
3 747 1126 3591 
2 1088 1597 
2 218 1389 
0 
3 1066 1919 3322 
1 553 
0 
2 84 1503 
1 1958 
6 1501 2084 2358 2764 4518 4596 
1 4875 
1 2637 
1 3686 
2 211 3898 
1 3138 
3 654 1015 1653 
2 1708 4146 
7 209 604 1008 2550 2608 3679 3909 
0 
4 1102 2677 2978 4198 
3 1491 2902 4278 
5 935 1346 1884 2879 3874 
6 2319 3333 3534 3814 4131 4743 
2 1909 2842 
4 348 371 2209 4075 
4 198 990 2806 4075 
3 2151 4402 4492 
4 2130 2312 2739 4115 
1 4090 
1 188 
3 561 1745 2948 
0 
1 871 
2 1051 2255 
1 4035 
3 791 950 5040 
3 212 492 3256 
0 
3 334 2957 4812 
1 836 
1 3198 
0 
1 1495 
2 689 5030 
0 
3 2980 3050 3635 
0 
3 1318 1604 3861 
2 421 3700 
2 1454 4421 
2 38 1566 
4 1300 2329 3635 4188 
2 171 2493 
2 1887 4739 
3 2037 2680 3370 
4 1052 1620 1810 4141 
2 1521 3961 
2 1150 1313 
2 2135 4223 
1 1552 
1 1948 
1 4849 
3 41 3227 4904 
1 5092 
3 1357 1765 3731 
2 1624 2270 
2 2414 4953 
2 3028 4920 
1 140 
5 1450 1527 2111 2714 2965 
7 890 1290 2199 2401 3724 4405 4923 
2 2498 2920 
4 1505 3819 4839 5030 
2 1315 3479 
8 2425 2845 3071 3248 3946 4846 5025 5081 
7 3 76 733 843 2129 2348 2436 
3 804 1562 3479 
1 2151 
7 667 965 1099 2180 2502 2692 3521 
1 242 
0 
2 2855 3846 
2 1058 2299 
2 728 2950 
0 
3 206 2277 2290 
1 883 
1 1633 
2 3057 3403 
0 
1 4228 
3 1563 2393 4473 
4 1723 1762 2931 4973 
4 514 1379 2919 4128 
1 1275 
0 
4 392 419 712 2331 
2 9 1947 
0 
2 617 4265 
1 4688 
1 3332 
5 44 460 1018 3533 4461 
1 2334 
2 1399 3294 
0 
2 2504 4558 
1 4857 
3 1316 2230 2359 
1 2284 
6 726 1429 2536 2741 3914 4176 
1 1719 
2 411 2153 
0 
4 2079 3413 3488 4357 
1 4925 
0 
2 131 1715 
2 1603 3552 
3 1530 3282 4588 
2 830 4116 
1 4045 
0 
2 1133 1430 
1 1912 
2 2490 2757 
1 216 
5 2424 2774 2775 4575 4597 
0 
1 4236 
1 900 
3 687 1029 1196 
3 972 1785 2255 
1 2807 
2 27 3633 
2 3486 4104 
2 2109 3766 
2 1904 4147 
4 972 1602 2119 2128 
1 1365 
1 1526 
2 795 3361 
2 2764 4770 
1 3683 
3 4557 4924 4949 
2 158 4398 
3 94 750 1119 
3 423 1031 4513 
1 4515 
1 4587 
1 1964 
4 604 1722 1820 3427 
3 930 3713 4899 
4 2058 2496 4888 4972 
3 148 1415 2047 
4 2997 3371 4518 4914 
2 153 1602 
2 2665 4204 
3 282 555 4725 
0 
2 32 4052 
3 1515 1832 3801 
4 481 2300 2767 4396 
4 764 2885 4310 4930 
2 1738 3231 
0 
3 1072 1906 3267 
3 783 4730 4954 
2 1584 3421 
2 469 1699 
3 956 1436 4051 
4 2796 3666 3832 4606 
1 1858 
5 727 1931 2787 3557 4930 
6 1350 3748 4080 4244 4753 4986 
4 4022 4401 4738 5005 
2 4016 4896 
1 3333 
1 3667 
2 4502 4744 
2 2303 3486 
2 3452 5049 
1 1610 
3 57 4911 4920 
3 1376 1586 4850 
3 266 332 967 
2 2686 4097 
5 1088 3508 3769 3992 4902 
1 4636 
4 496 1802 1889 4137 
6 471 985 1366 2197 2462 5095 
2 3875 5034 
2 1550 4726 
6 545 1902 2766 3476 4010 4441 
6 242 315 792 2349 3249 3384 
1 3652 
4 839 1056 1137 1452 
3 769 1571 2107 
2 2673 2794 
2 1627 2440 
2 532 2133 
2 62 2964 
5 1630 1663 1745 2870 4639 
2 517 3935 
1 845 
3 714 2191 4303 
4 828 2530 2573 3793 
9 124 762 853 1043 1625 2038 3282 3475 4625 
5 677 1221 1454 3272 4244 
2 2532 3828 
0 
3 1639 1956 3334 
5 1015 1724 1768 2173 4216 
4 2632 3337 3472 3919 
4 941 3538 4400 4587 
3 3023 4099 4137 
0 
4 139 1724 3461 5070 
1 27 
2 3339 3677 
1 2355 
3 943 1895 2935 
0 
4 303 1490 1825 5064 
4 348 527 1517 4605 
2 997 3290 
2 2866 5033 
4 1667 1840 2146 3886 
3 754 2176 2423 
7 1499 1799 2774 3352 4160 4290 4532 
0 
2 2143 2816 
6 474 616 1713 2107 3237 3977 
0 
0 
3 2235 3591 4757 
4 263 344 991 2422 
2 27 1135 
1 1731 
0 
4 1270 1285 2326 2405 
0 
4 571 2629 3481 3529 
1 2313 
4 2815 2966 3045 3443 
2 3805 4521 
5 144 390 552 1758 4315 
1 1448 
4 814 1746 3147 3352 
2 1113 3497 
0 
1 3918 
2 676 2535 
0 
3 833 1490 3215 
3 248 4411 4498 
1 2952 
5 218 371 2332 3868 3901 
1 4395 
3 356 2138 2143 
2 580 2124 
1 39 
0 
1 1090 
1 494 
1 3057 
4 1773 2247 3177 3938 
1 4214 
3 336 1465 1796 
2 959 4912 
5 1396 1934 2029 4153 4789 
0 
0 
3 2122 3019 3919 
5 883 2322 4120 4916 5059 
3 3986 4618 4655 
2 4414 4906 
5 561 775 1460 2131 3727 
2 172 664 
2 2449 3585 
1 227 
1 772 
4 2244 3455 4523 5026 
2 2306 3603 
4 1917 3149 3765 3937 
0 
5 23 752 1001 1127 2519 
4 878 2275 2434 2653 
1 2271 
7 1193 1432 1697 2737 2742 3191 4791 
4 451 1461 1498 4594 
5 916 4304 4604 4803 4885 
0 
3 2 1594 1615 
3 110 474 3336 
3 64 1467 1647 
4 1886 3634 4718 5004 
1 5014 
5 150 3770 4118 4356 4551 
4 280 596 3102 3190 
0 
2 1785 2562 
2 1961 2912 
1 2826 
1 4332 
1 2969 
2 1835 2175 
5 198 608 766 3208 3416 
1 701 
2 946 4827 
0 
3 723 2214 3087 
2 409 3706 
2 487 4745 
3 1237 1698 2173 
5 2410 3816 3824 4195 4894 
2 2514 4354 
0 
1 2716 
2 2296 5045 
2 2330 4597 
3 1235 2646 4181 
0 
1 4622 
3 2384 3546 4645 
4 25 1645 3681 4247 
3 1769 1853 2476 
2 4131 4927 
1 2895 
0 
3 113 1386 4658 
0 
4 193 847 2076 2741 
3 2491 2810 2839 
0 
6 296 742 1344 1909 2955 4693 
2 925 1090 
2 2082 4692 
3 544 1249 2099 
5 1746 2056 2123 2540 2987 
4 311 430 4245 4563 
3 1121 1299 1790 
3 22 546 4544 
1 3918 
3 979 4671 4856 
1 3686 
2 3790 3920 
3 2280 3892 4782 
5 113 333 1620 4827 4947 
4 1430 1965 3084 3447 
4 414 3005 3160 3355 
2 3194 3739 
2 289 1508 
4 872 1194 3277 4048 
4 2483 3196 3973 4729 
2 1092 1585 
2 1475 3202 
0 
1 4476 
0 
1 4016 
5 1774 3353 4271 4645 4718 
0 
2 4132 4568 
0 
0 
3 2172 4472 4767 
2 2007 4513 
0 
3 967 3212 3231 
3 1072 1177 3344 
0 
3 1254 3333 4832 
3 52 1718 2026 
4 1551 1972 2336 4633 
2 3757 4351 
3 478 3564 4714 
2 193 417 
5 691 3124 3808 4335 4368 
3 1173 1591 4227 
5 185 497 2492 3500 4465 
1 4973 
4 2696 4141 4898 5089 
1 3843 
2 690 4859 
0 
2 1224 1367 
6 2048 3037 3907 4350 4501 4793 
2 949 3138 
1 4384 
2 4240 4517 
5 1532 1714 2541 4121 4792 
5 779 1510 2764 4293 4621 
3 2083 2373 3675 
3 511 2661 4071 
2 2779 4609 
2 2584 3454 
1 2061 
1 3577 
4 545 1164 2188 2740 
3 9 1173 1609 
2 3177 4954 
1 2680 
7 838 1581 2583 2606 3675 4916 5089 
0 
1 2161 
0 
4 30 461 1098 3734 
2 382 4072 
2 86 1314 
4 1876 3494 3743 3874 
4 1371 2100 3642 4187 
0 
4 311 933 2940 3498 
4 1814 2412 2495 3717 
5 94 423 2443 2593 5014 
0 
1 1385 
2 1847 4062 
3 385 1774 4088 
3 370 2119 3071 
3 1006 1800 5021 
5 52 499 1898 2487 4044 
1 1816 
3 3546 4558 4680 
3 238 1109 4797 
2 493 4473 
1 4646 
2 2224 2330 
2 632 4063 
6 193 1201 2911 3097 3552 4977 
2 266 440 
4 1183 2239 2748 2835 
4 666 1443 3290 4336 
3 1251 1274 1619 
1 2836 
1 2308 
5 353 1623 4006 4425 4811 
3 2978 3151 5062 
3 758 1613 4728 
2 110 2895 
2 1467 2271 
3 139 2941 4894 
0 
2 1255 3134 
3 1497 4555 4967 
3 781 2123 3837 
2 947 3750 
2 1776 4725 
3 695 2686 4104 
0 
1 4530 
1 2816 
2 1650 1679 
3 186 2961 4832 
4 330 2290 2514 4068 
5 197 2646 2960 4042 5015 
1 1308 
1 1380 
2 872 1181 
3 1124 2202 3227 
5 509 704 4315 4609 4634 
1 3598 
2 1456 1778 
3 945 2095 3332 
1 4506 
3 2120 2232 2397 
2 1018 1228 
1 190 
2 3164 4461 
2 481 3454 
5 472 2119 3379 3453 4706 
5 533 2607 3265 3790 4683 
2 1037 2400 
4 1458 1897 2787 4216 
2 1099 2439 
4 1905 3504 4164 4264 
2 928 4419 
2 3200 3895 
1 642 
2 2628 4163 
1 4999 
1 1604 
1 4054 
3 837 1062 2697 
2 88 4098 
0 
3 1192 2760 3686 
0 
2 1801 3196 
1 422 
6 1350 2332 2420 2959 4299 4764 
2 2810 3190 
2 3176 4848 
2 2277 3754 
3 1361 2224 4728 
5 1404 1984 2121 3056 3059 
2 913 4645 
7 619 1277 2250 2730 2895 3225 3557 
4 140 771 1563 4538 
3 594 945 3923 
4 398 541 1959 5042 
2 607 1529 
8 1411 2173 2833 3118 3163 4371 4639 4860 
1 351 
1 3097 
3 621 3658 4214 
1 3642 
0 
2 2116 2453 
3 1643 2930 3663 
4 564 2696 3393 4152 
2 887 956 
3 1418 1763 3608 
3 506 3232 3705 
3 288 1264 3396 
3 2083 2409 2686 
1 3363 
1 2043 
2 349 1772 
1 47 
1 3459 
2 1845 2870 
1 524 
3 3 1046 1426 
2 2052 3170 
3 128 202 1557 
2 2874 4339 
2 480 3606 
2 1041 2703 
4 794 1056 1722 5066 
3 2563 4080 4446 
5 1935 2095 2576 3941 4566 
6 170 1410 1719 2000 3853 4414 
2 1589 4990 
2 668 1312 
2 412 2886 
4 205 795 2859 4867 
3 3061 3840 4417 
1 4096 
3 2006 3955 4670 
4 52 2302 2453 4789 
2 301 1406 
3 2581 4146 4681 
3 1193 3819 4659 
4 101 320 1422 4192 
2 471 3225 
2 2129 2537 
3 663 1606 2124 
1 464 
2 2395 3085 
2 1858 3005 
0 
2 2110 4532 
2 851 1003 
5 2111 2500 3197 4019 4157 
4 30 571 1016 4184 
1 2625 
1 2853 
1 3902 
1 1411 
2 673 1128 
3 309 2767 4409 
5 668 1531 3307 3407 4997 
7 152 1952 2525 2670 2841 3785 4878 
2 2564 3810 
2 4206 4429 
1 4666 
1 1677 
4 526 1068 3101 3413 
1 530 
2 4568 4989 
2 3917 4446 
2 1647 1829 
3 1837 3156 3481 
1 1393 
2 752 4742 
1 777 
3 2544 3991 5003 
3 2171 2848 4266 
2 234 616 
3 793 3359 4466 
3 2688 3621 4403 
1 542 
2 1507 2274 
1 4814 
2 1587 2843 
1 390 
0 
4 191 657 1959 5091 
3 6 3713 4885 
3 1747 3865 5056 
4 741 1990 2241 3992 
2 501 4389 
4 285 1308 3381 4183 
0 
2 215 440 
1 4557 
3 1719 3915 4890 
2 975 2930 
2 303 4966 
2 1075 5012 
2 519 3262 
2 1011 2223 
1 2559 
0 
4 58 2271 3619 3969 
1 1092 
4 1346 2220 2983 3218 
4 1381 2450 3607 3714 
6 1444 1506 1516 1524 2529 4529 
2 466 1721 
3 260 928 3740 
1 1030 
1 159 
3 3445 4164 4837 
0 
0 
2 1530 2942 
3 751 2758 2906 
3 273 3266 3741 
6 113 144 929 2590 4511 4918 
2 263 1109 
4 840 1027 2729 3511 
2 3592 4127 
3 249 409 3496 
4 195 456 1397 4903 
0 
3 2160 4224 4612 
5 904 1960 1967 2603 2900 
1 4674 
0 
1 1778 
1 1600 
1 4961 
3 536 4008 4096 
3 730 2025 3589 
1 419 
2 3565 4986 
1 3904 
2 1047 1484 
2 565 5066 
1 166 
3 708 2803 4174 
3 1273 4435 4974 
4 1216 1563 1826 2130 
2 2978 4804 
3 115 981 1268 
4 1508 2618 2935 4236 
2 1809 1964 
2 2947 3117 
4 101 2145 3279 4726 
5 2206 2962 3028 3034 4790 
3 1452 2159 2202 
2 1534 2485 
1 1780 
2 586 1453 
1 4725 
4 3985 4872 4900 4957 
3 3394 3490 3991 
1 3903 
2 2035 5097 
1 2237 
2 1718 2026 
2 87 5019 
2 138 4202 
4 2759 2772 3781 5075 
4 196 1170 2163 2492 
1 769 
3 2605 3178 4524 
2 228 4630 
2 576 2744 
2 614 2689 
1 2653 
1 2242 
2 257 3489 
0 
3 163 975 1413 
2 1560 2295 
4 557 2185 4170 4434 
3 2843 3493 4838 
4 1619 2157 2484 3829 
5 997 2149 2947 4387 4587 
2 691 3154 
3 1211 2769 3161 
1 5080 
2 2201 4401 
2 311 562 
1 4841 
1 4107 
3 918 2147 4328 
6 1078 2227 2499 3783 3885 4794 
4 327 3376 3386 4352 
3 450 2325 2725 
2 1099 3202 
1 1431 
7 215 878 1102 1274 2227 2317 3000 
2 4056 4909 
2 769 3308 
3 351 447 4606 
3 2583 3126 3895 
2 1253 1455 
2 2008 2779 
4 2925 2995 3328 3470 
2 2231 4272 
4 743 1179 2850 3843 
6 421 892 1664 1749 2326 4514 
3 1065 1107 2459 
2 2777 4465 
4 473 846 1061 4350 
4 1508 1698 2107 2427 
3 1263 2936 3932 
2 1551 4551 
1 2017 
3 1075 2530 4666 
3 177 3978 4068 
1 4101 
5 535 824 1898 3031 4169 
2 1052 1101 
3 58 62 1357 
3 1345 2904 3795 
2 1580 1931 
3 1903 2949 3497 
5 2225 2596 3295 3823 4325 
1 2185 
3 1147 4169 4452 
4 21 436 2142 2238 
3 1080 1771 2465 
1 2693 
0 
2 3135 3573 
1 3592 
2 309 503 
1 4205 
5 1977 2500 2848 3397 4785 
5 233 782 1590 2024 4956 
3 705 1523 2939 
1 193 
3 1052 1914 2714 
4 830 1155 1671 2299 
0 
4 395 2812 3053 3877 
1 4086 
5 1282 1573 1596 2212 4645 
4 731 794 1329 3260 
2 2152 4787 
3 1234 2589 4214 
2 2098 2705 
4 500 1109 2301 3047 
5 20 506 1477 4388 4429 
1 1761 
6 442 583 1681 2642 3390 4081 
1 2031 
0 
3 144 2262 4700 
1 1410 
5 997 1248 1828 3334 3890 
4 2765 3595 4810 4923 
5 399 2447 2624 2935 3603 
4 1270 1529 2744 4926 
3 2930 3393 4708 
6 229 383 1445 1924 3823 4575 
3 1143 2613 4645 
2 2119 2819 
4 706 1278 2831 4791 
2 3157 4357 
3 246 1691 3770 
6 156 1073 1850 2191 3430 4120 
0 
5 255 1191 4006 4270 4870 
1 1116 
5 225 671 2216 2882 3477 
3 333 404 2031 
2 146 4513 
6 108 1180 1746 2647 3358 4675 
2 1569 4591 
1 306 
0 
3 1138 2627 3872 
2 1210 1593 
1 3846 
3 495 1460 2956 
2 3267 4156 
3 404 3119 3878 
4 496 608 2172 3901 
2 1676 4191 
3 556 1703 3170 
4 2000 3281 3749 4587 
1 3811 
2 1381 3812 
1 721 
0 
2 947 1600 
3 2482 3795 4446 
5 402 1107 1204 3970 4065 
0 
3 4173 4268 4388 
1 1593 
4 2670 3649 4893 5023 
2 2073 4359 
7 890 1458 2344 2372 2911 3674 4245 
2 1181 2147 
4 262 1461 1958 3547 
2 11 475 
2 405 1976 
1 2208 
4 1240 3848 4254 4780 
5 1321 3329 3455 4071 4972 
0 
4 2030 4279 4902 4964 
3 3189 3873 5024 
4 575 2668 4671 5036 
5 1707 2221 2432 3703 3776 
1 1246 
2 1918 4098 
0 
2 259 1112 
4 109 630 739 4261 
4 2425 2575 2652 3144 
5 227 1081 1776 2881 3858 
2 887 4779 
1 1232 
4 952 3228 3944 3958 
0 
0 
2 2890 3361 
1 598 
4 1059 1317 3548 4419 
4 501 2171 3771 5061 
1 3772 
0 
3 936 1508 3005 
3 1177 1545 2751 
2 3298 4839 
2 203 1406 
1 476 
3 1086 3055 3527 
3 2125 2732 4482 
0 
1 4057 
5 1851 2181 2932 3706 3744 
3 2490 3298 4316 
1 4395 
1 13 
2 770 2421 
4 864 1123 1918 3192 
3 2661 3664 4668 
4 1061 1609 1659 1912 
2 1640 1693 
4 2582 3154 4239 4880 
2 131 5085 
1 653 
2 2423 2654 
2 656 2671 
2 2907 3429 
2 732 2542 
1 1267 
3 822 3521 4916 
4 85 536 4249 4819 
2 452 2761 
5 1504 1581 1756 3366 3688 
4 267 819 874 1390 
0 
4 2857 3064 3763 4542 
2 2485 3927 
6 1091 1451 1966 2826 3789 4060 
1 4133 
2 244 606 
2 371 1932 
2 1791 4428 
3 1104 2806 3516 
1 2012 
0 
2 2486 4197 
2 2982 4311 
3 750 1892 3802 
1 2727 
1 2739 
3 948 3030 4271 
1 524 
2 2119 2227 
0 
2 3574 3877 
3 608 2474 3891 
1 4763 
5 422 1819 3240 4738 4978 
2 1630 4053 
2 9 2289 
2 2480 4053 
1 3761 
3 336 3793 4431 
4 1940 2480 3004 3393 
1 3174 
0 
4 698 3724 3865 4141 
3 793 1428 3766 
2 1838 4119 
1 146 
2 1109 4476 
1 2452 
1 726 
5 602 1524 1757 2488 4773 
1 3674 
3 848 2089 3210 
0 
6 1378 1587 2156 2646 4273 4523 
2 1040 1480 
7 709 781 1583 2783 3739 3956 4333 
2 1337 3866 
4 7 2528 2763 3330 
2 1177 4532 
4 315 1314 1630 4554 
4 417 2344 3461 3683 
1 169 
4 1974 2732 4084 4973 
3 301 2996 4489 
2 584 666 
3 3932 4951 5033 
3 3240 3767 4595 
2 1203 3542 
3 1875 3643 4052 
5 947 2533 2584 2588 3622 
2 1266 4542 
3 1081 1869 3963 
1 3370 
2 2161 4999 
2 1153 3000 
2 2410 4058 
3 1590 4172 4988 
3 869 2947 4065 
1 1074 
1 3093 
4 2010 2190 3581 4874 
2 1716 4809 
4 839 1064 2947 3555 
4 1510 3234 3326 4340 
4 527 3196 3256 3986 
6 1401 1477 3329 4050 4315 4604 
1 4699 
1 804 
5 654 1439 1473 2679 3483 
3 1563 2257 2684 
0 
0 
2 1335 3847 
3 1481 2797 4102 
1 1886 
1 1413 
3 50 52 2384 
5 304 624 3694 3900 4902 
4 45 1231 1538 4784 
1 1841 
2 184 3186 
2 1683 2840 
2 3267 4834 
3 475 1492 3249 
2 1098 2654 
3 188 1389 4301 
2 910 3515 
2 2038 2237 
2 4024 4038 
2 1696 3805 
1 1280 
2 2431 3057 
1 2 
2 2732 4021 
2 2143 4586 
2 183 4990 
1 1967 
3 212 4039 4560 
4 454 747 2145 2288 
1 1449 
3 530 1398 3523 
6 112 1200 2836 3890 4321 5087 
5 868 1092 4547 4828 4936 
3 2701 3805 4274 
2 348 4032 
1 99 
3 1961 2632 3039 
2 1045 1958 
1 3906 
2 736 1888 
7 1112 1186 1504 1855 1864 4733 4999 
2 1646 2572 
2 1489 2194 
3 1698 4438 4543 
1 3589 
3 970 3777 4799 
2 1401 2279 
0 
5 309 3337 4394 4571 5099 
4 1676 2607 2866 4039 
2 1125 2153 
0 
4 2227 2372 3215 4597 
2 1257 3698 
0 
2 4094 4115 
1 590 
1 2455 
1 4993 
2 4176 4897 
1 3641 
4 881 952 3258 3919 
3 1713 2472 4040 
0 
2 2516 4989 
1 869 
4 236 1633 3561 3642 
2 3170 3575 
1 2434 
0 
0 
3 2115 4479 4529 
0 
2 221 4540 
2 1118 4332 
0 
4 250 2659 4667 4747 
3 387 2168 4069 
1 877 
0 
3 2492 2575 4562 
4 113 263 3420 3752 
0 
4 1344 2354 2945 3618 
5 50 680 685 2612 5009 
3 2027 2103 3176 
1 1373 
2 648 2688 
5 2639 2661 4117 4636 4662 
2 4685 4697 
2 248 915 
2 3159 3343 
1 2632 
1 2496 
3 373 2943 3538 
1 2971 
5 619 1651 3948 4176 4697 
5 1165 2545 3158 4872 4882 
2 1485 1546 
2 3943 4344 
2 1299 1893 
1 829 
3 2469 4284 5023 
3 858 1864 4530 
0 
1 154 
2 2909 4438 
4 1120 1765 2492 3959 
2 205 1039 
1 48 
6 382 642 1689 2876 3017 4521 
3 1392 4204 4254 
1 4262 
4 2233 3943 4386 4542 
3 2786 3952 3974 
3 2827 3987 4694 
1 2374 
2 3439 4511 
2 914 1847 
1 3405 
5 1121 1655 2396 3104 4793 
3 299 1688 2704 
1 1230 
6 22 257 847 1976 2969 3336 
4 1471 1594 2694 2737 
4 180 1631 2659 3920 
3 1864 2932 3153 
4 1009 1807 3143 3903 
7 340 1701 1836 3869 3871 4151 4162 
5 293 604 816 3466 4465 
1 111 
3 620 3680 4955 
3 1594 2157 3822 
1 3910 
1 1394 
3 1699 2053 3848 
2 1084 4839 
1 3401 
3 1061 1907 3412 
1 4816 
3 376 3777 3912 
2 1054 2784 
2 919 1026 
4 2129 2329 3438 3698 
3 2820 4002 4408 
2 1554 4086 
3 3377 3790 4182 
6 698 810 2189 3391 4393 4819 
1 387 
2 2716 2849 
3 3007 3008 4972 
1 4976 
2 1309 2097 
4 209 440 1739 2928 
1 2754 
3 2471 3157 3514 
2 3734 4919 
4 396 1381 2440 4121 
3 320 539 4826 
2 2312 3897 
3 435 2905 4153 
2 3725 4070 
2 292 874 
4 734 1891 2495 3402 
2 1494 4920 
2 3011 4996 
3 1416 1880 2968 
1 1112 
0 
5 334 687 921 2009 3980 
2 9 4965 
3 1886 3522 3618 
2 3169 4194 
7 828 1032 2225 2379 3468 3797 4297 
3 635 3198 5045 
1 1683 
4 213 840 1048 3699 
1 3928 
3 579 708 2781 
3 2461 3118 3432 
1 1755 
3 196 1907 4603 
3 2014 2115 3672 
0 
1 4153 
2 261 2430 
1 723 
3 2490 2558 4377 
2 792 2700 
1 5035 
5 1569 2327 2690 3010 3980 
1 3103 
2 2597 4013 
2 2107 3281 
4 1080 3879 4152 4704 
6 950 2490 3257 3750 4706 4951 
4 87 3374 4082 4480 
1 2411 
3 530 5024 5071 
3 987 2517 2927 
3 192 603 5071 
3 616 2427 2695 
2 2281 3607 
2 421 3076 
3 1725 4423 4609 
3 1302 2852 4865 
4 1610 1910 3005 3310 
2 2135 3346 
1 3849 
2 382 4345 
2 984 4386 
1 2802 
4 47 1986 3172 3198 
2 787 1581 
0 
1 472 
5 1483 1663 3038 3365 3877 
1 4789 
3 243 762 4767 
3 254 336 592 
1 1262 
4 1051 1749 2999 3526 
4 181 2889 3120 4602 
0 
1 1591 
4 1728 2159 4458 5063 
2 652 4053 
8 126 388 1173 2375 2627 3494 4119 4664 
3 3253 4085 4109 
1 2298 
1 2632 
2 3765 5049 
2 863 3538 
0 
0 
2 1777 3212 
1 2084 
3 4053 4761 4953 
2 1973 3463 
5 632 2138 3459 3598 4675 
3 163 2105 4385 
1 2194 
0 
1 2737 
5 1892 2485 3700 3708 4314 
1 3662 
2 2575 4725 
2 911 3911 
3 192 3779 4558 
3 906 1286 3626 
2 1803 4667 
4 1800 3093 3984 4021 
0 
0 
2 741 5049 
0 
2 2677 3304 
3 598 2813 4071 
3 221 639 3577 
3 1457 1513 3539 
2 110 1177 
1 2513 
2 1243 3394 
4 2506 3034 4427 4598 
1 4471 
3 753 999 2868 
2 2517 3768 
4 1018 1269 1708 3528 
2 1039 1119 
2 4097 4823 
2 459 3298 
4 589 1007 2744 2893 
5 964 1311 2952 3856 4571 
4 217 242 3002 5052 
2 963 1408 
3 183 1780 4461 
1 1459 
3 953 2729 3648 
2 2610 4340 
6 1684 2058 2342 3140 4036 4930 
1 3716 
2 1912 3549 
2 93 1746 
2 4371 4384 
1 1186 
1 205 
2 775 2035 
2 4625 4719 
2 1574 1771 
4 427 3250 3489 3729 
2 1528 1961 
3 2716 3195 3457 
3 2375 2500 4967 
3 84 2853 4910 
1 2970 
1 1735 
1 622 
2 461 1722 
1 3041 
3 586 1497 3611 
3 128 730 2021 
1 898 
2 1111 3362 
4 1462 1643 2413 3073 
0 
4 1086 1673 1724 2018 
2 2010 2762 
2 1431 4408 
4 652 2107 2981 2982 
3 982 2397 4723 
2 569 4539 
3 953 3112 3631 
1 2739 
4 491 764 885 4518 
5 794 1635 2534 3832 4839 
3 410 1220 3373 
4 295 728 1303 1470 
3 1583 2149 2459 
3 361 838 2870 
3 3157 3191 4457 
4 3323 3783 4364 4501 
4 92 524 940 4630 
3 327 2622 3308 
1 1983 
3 1429 3841 5020 
0 
3 1668 1825 4463 
5 410 978 1315 4442 5010 
2 1002 2097 
4 56 2041 3789 4036 
5 1 1024 1535 2877 2918 
1 4638 
3 474 4562 5019 
0 
2 682 1076 
4 651 1896 4744 4974 
3 1720 3800 4504 
3 1030 1583 4037 
1 606 
5 1501 2824 3459 4399 4946 
2 3082 4976 
4 531 3562 4550 4764 
2 1488 1515 
4 462 1510 1823 3779 
1 2167 
3 3752 4976 5095 
5 667 1801 2525 3344 3861 
2 2614 3687 
3 826 1679 3888 
1 3958 
1 236 
3 7 1232 2441 
0 
2 486 3003 
3 798 3792 4283 
2 1013 2167 
2 169 1257 
2 1312 4941 
2 898 4279 
2 4027 4669 
2 1231 1874 
2 791 877 
1 4871 
2 660 2511 
3 1891 2019 4800 
3 891 2429 3212 
3 28 1141 4388 
2 489 2659 
1 3375 
2 296 394 
0 
2 640 5078 
4 1413 2743 4098 4504 
0 
4 2167 2668 3474 4459 
2 1675 2877 
2 122 3940 
1 1093 
1 3188 
5 289 2023 3274 4835 4908 
3 1085 2256 2528 
1 2169 
3 101 1241 4395 
6 60 326 1185 2538 2639 2766 
1 2336 
4 109 292 934 3146 
1 3857 
0 
1 1551 
1 4169 
4 3229 3444 3920 4514 
2 1782 3824 
1 2241 
0 
1 961 
7 1794 2055 2554 2740 4597 4601 4756 
3 2660 2884 3956 
1 1078 
2 2139 2880 
0 
1 3706 
1 911 
2 171 1082 
3 1164 2060 3673 
3 919 1851 2957 
2 1456 4548 
1 76 
4 1310 1552 3287 3999 
4 1018 1418 2114 3890 
0 
3 2225 3361 5042 
3 2259 3416 5019 
0 
1 4808 
4 947 2717 3510 4605 
5 1268 3918 4203 4471 4483 
2 26 666 
2 1617 4694 
2 207 783 
3 2311 2395 4024 
3 184 2384 4134 
1 607 
2 1149 4622 
2 864 2981 
1 2489 
7 914 2352 2781 2826 3370 3692 4936 
3 824 2831 3358 
3 78 973 3675 
2 2689 4561 
4 689 1991 3299 4937 
1 2677 
4 20 732 3281 4959 
4 544 1284 3097 3748 
4 294 887 1223 2774 
2 3782 4935 
4 453 1664 2117 2974 
1 1620 
3 2215 4803 5055 
3 1863 4399 4688 
3 579 4245 4606 
3 30 2111 2671 
0 
2 588 2447 
2 1905 3361 
2 1755 2192 
1 2295 
2 3486 4208 
2 1774 2699 
2 652 746 
1 2621 
1 676 
0 
5 416 798 1369 4112 4657 
0 
1 281 
3 4610 4735 4984 
0 
2 1139 1660 
4 1107 1512 1836 2764 
4 2419 2888 3372 4208 
2 2331 4165 
5 1708 1903 2396 4038 4135 
5 1660 2802 3665 4920 5019 
5 3732 3779 4291 4434 4817 
2 854 3576 
2 476 4661 
2 1511 1719 
2 155 767 
1 4072 
4 1004 1629 2456 3973 
5 679 1699 3241 3825 4307 
2 882 3145 
2 1549 1600 
2 1419 3128 
7 1271 1807 2479 4264 4363 4587 4690 
4 478 1132 2447 3197 
3 3158 3669 4706 
1 3009 
1 3565 
1 2429 
3 459 2597 3053 
1 4784 
3 200 1849 4858 
4 2827 2885 4069 4232 
2 2144 3545 
2 820 4500 
2 3238 4939 
0 
1 1605 
6 782 1015 1927 3259 3516 4872 
4 1413 2078 2195 4761 
2 4424 4553 
2 1236 3521 
1 4472 
3 766 3460 3810 
1 199 
5 1803 2450 2509 2542 3032 
0 
2 1882 4129 
2 874 4416 
6 223 801 972 2138 2681 3420 
3 1243 2398 4732 
2 2388 4188 
2 3852 4887 
5 1192 1304 1968 3549 3732 
1 4437 
2 3873 4481 
4 2035 2084 4733 5096 
3 574 728 2049 
2 3662 4388 
3 178 3627 4437 
1 629 
3 4430 4435 4970 
4 1204 2573 3968 4031 
2 473 4916 
3 1628 2236 4907 
2 774 3176 
1 4252 
2 1061 2526 
1 2214 
1 4701 
4 2412 3514 3555 3776 
1 2192 
0 
0 
1 2113 
1 818 
1 3708 
2 363 4606 
2 2876 2959 
3 743 2404 2527 
3 73 2085 2225 
5 119 792 1114 1789 4244 
2 4 4150 
2 2854 4299 
1 1679 
9 514 624 1487 2742 3085 3452 4200 4720 4980 
3 177 2498 4513 
5 349 561 1109 1181 4251 
1 1821 
3 3363 3691 4054 
3 988 2427 3564 
1 4594 
0 
1 4907 
1 1012 
4 1646 2386 4189 4340 
3 1061 3349 4418 
5 688 693 928 3074 3409 
1 845 
1 716 
4 1833 2632 3341 3881 
1 942 
2 1825 2464 
2 2903 3996 
4 772 1222 1799 4121 
3 1755 4431 5047 
1 3820 
4 306 2629 4340 5064 
3 667 1174 4606 
3 204 1303 2575 
2 2537 2646 
3 2097 2418 4967 
2 994 2225 
4 991 992 3898 4990 
4 779 934 1859 4566 
1 4851 
2 2552 3009 
0 
0 
0 
1 1344 
2 1051 1631 
5 804 2074 2130 2783 3238 
1 343 
4 109 340 1990 4410 
6 656 1767 2670 3370 4245 4553 
3 280 1295 3162 
2 2393 2436 
4 1309 2328 4261 4297 
2 2832 4914 
4 2623 3448 4521 4805 
2 1778 4906 
1 460 
2 996 1964 
2 1187 1308 
5 1535 2805 2837 3604 4042 
2 1255 1502 
7 821 2969 3130 3350 3756 4462 4577 
2 3689 4315 
7 1115 1426 1998 2684 2762 2836 3131 
5 190 1134 1710 4782 4946 
3 1789 2430 3373 
4 629 2992 3138 4238 
0 
1 1280 
4 2962 3228 4035 4506 
2 363 364 
2 3265 3888 
2 744 3652 
0 
2 2176 2685 
2 1361 2555 
1 4657 
2 3593 3996 
3 2056 3434 4028 
2 413 908 
4 2382 3212 3536 3893 
2 1450 2298 
0 
2 81 592 
3 1446 1527 1724 
2 2159 2644 
1 3482 
1 4235 
1 3998 
0 
3 3846 3905 4038 
5 221 597 839 1049 3968 
2 668 3325 
2 94 2466 
3 2972 4552 5051 
2 1568 3957 
2 1302 4330 
2 1026 1587 
2 4266 5096 
2 3281 3695 
3 665 4546 4823 
3 2204 4416 4501 
2 1866 3894 
2 707 3428 
0 
7 16 126 429 602 1747 3127 3580 
8 246 809 911 2310 2427 3089 3407 4173 
2 1130 2773 
4 2650 2945 3952 4866 
3 773 4353 4711 
4 1072 1286 4005 4257 
6 79 684 1150 2714 3323 5019 
3 729 1171 1306 
3 9 2029 2120 
3 3515 4490 4759 
1 4691 
5 8 346 1880 3346 3554 
2 253 2620 
2 241 2790 
4 740 2265 3973 4197 
2 472 1388 
0 
2 47 4812 
2 3110 3744 
3 1351 1682 4885 
2 554 4513 
2 632 1855 
3 130 444 625 
1 5092 
1 2198 
0 
3 918 1810 2702 
0 
0 
1 3949 
5 3132 3197 3665 3770 4399 
3 2464 2543 3102 
2 1637 2841 
3 260 741 4665 
2 2954 3758 
1 409 
1 1390 
7 926 927 1186 1869 2497 3273 4467 
2 740 3901 
2 2992 5076 
6 198 2655 3110 3303 3977 4320 
2 632 4188 
0 
1 281 
2 1990 4320 
4 2022 4147 4877 4968 
4 1027 1894 2717 4106 
3 1902 3274 3920 
2 3207 4339 
8 719 919 1954 3154 3682 4364 4453 4484 
1 2579 
1 2579 
5 223 3378 3444 4129 4658 
4 2001 2011 2397 4380 
0 
3 393 2027 3611 
2 603 2565 
4 1146 2140 2238 2745 
2 2336 2480 
1 49 
0 
1 3258 
2 1429 2954 
2 1721 4677 
3 412 3375 5035 
4 522 2846 3306 4347 
1 4924 
1 4842 
4 67 3190 4212 5025 
2 2655 5074 
1 1823 
1 2615 
0 
4 145 247 3653 4246 
1 746 
3 819 1785 5058 
1 3357 
2 1718 3444 
0 
3 3171 4013 4742 
1 1996 
1 4256 
4 1359 3185 3486 5017 
4 52 1334 4691 4851 
1 2534 
4 315 1066 2193 4939 
1 1358 
2 409 2010 
5 3307 3344 3480 3726 3745 
3 620 1153 3410 
0 
0 
3 927 1506 2882 
2 2402 2826 
2 472 986 
1 1346 
2 1084 2278 
3 1618 1689 1738 
1 3258 
1 1378 
4 927 1423 4377 4528 
4 844 952 3313 4609 
3 674 1386 3527 
1 1376 
3 845 2335 4390 
2 2598 4013 
1 1290 
4 346 565 1820 4152 
1 4590 
2 3550 3697 
2 4001 4175 
3 421 1541 3829 
4 1620 1735 2918 4284 
1 3523 
4 340 1908 3327 3794 
1 1013 
0 
4 735 2066 2068 3613 
3 748 3757 4164 
0 
2 685 4620 
1 465 
1 1500 
1 3407 
1 3526 
3 729 1721 2154 
3 1616 3455 5014 
0 
5 378 525 1368 4014 4735 
4 634 2349 4749 4929 
1 1434 
3 1763 3083 4363 
1 580 
2 1891 4399 
4 1317 2441 4567 4640 
4 194 799 3320 4967 
1 3318 
2 4040 4342 
2 297 4731 
1 256 
6 70 1256 1702 4014 4021 4790 
3 951 1560 1649 
1 3921 
4 1643 2174 3737 4768 
2 347 4445 
2 642 653 
1 1883 
1 4119 
0 
4 217 3454 4120 4401 
3 1526 2048 2288 
2 433 3743 
1 2194 
2 1239 2215 
2 670 4561 
2 1796 1922 
0 
2 703 3359 
0 
3 159 4848 4976 
1 1284 
4 554 2578 3279 3344 
3 1625 2748 4212 
5 715 2596 2823 4461 4803 
0 
1 1210 
2 1794 4234 
1 2080 
4 3141 3431 3640 4171 
3 2514 3175 3634 
0 
4 954 1089 3422 3478 
3 1437 1551 3337 
3 582 1898 3150 
1 4695 
3 571 2964 4426 
3 1264 3965 4432 
0 
4 1751 4380 4685 5003 
0 
1 2138 
3 653 3158 3868 
2 1811 3036 
3 542 1593 4900 
2 1355 2642 
2 3559 4636 
1 3005 
3 1483 3162 4260 
6 112 129 1082 1328 2164 3296 
2 111 2609 
2 2358 4001 
2 49 322 
1 4686 
5 645 921 1048 1169 1289 
1 4857 
2 569 632 
2 1167 3157 
2 1054 2559 
1 4807 
1 4320 
4 78 1373 2597 3218 
3 143 1309 1367 
2 2509 4566 
2 1725 2693 
2 4162 4415 
1 141 
1 3867 
4 1581 2369 3474 4266 
1 804 
2 2152 2579 
3 3349 4143 4852 
4 41 770 777 4700 
1 2342 
1 3125 
2 2337 2854 
0 
3 273 1405 3884 
0 
0 
1 989 
2 206 889 
1 1472 
1 3803 
2 2346 3789 
2 3 1883 
5 142 1450 1905 3330 4516 
0 
3 589 3933 4406 
3 358 1346 3717 
2 396 2879 
3 1132 3728 4915 
2 956 2223 
5 259 2737 3253 3524 4142 
3 407 3635 4697 
4 1967 3272 3747 5036 
4 500 1119 3374 5008 
3 1632 3370 4045 
4 2394 2783 3674 5041 
2 9 143 
2 1011 2712 
3 1651 2712 3408 
2 544 2841 
2 114 3970 
2 1884 4289 
0 
1 1777 
5 259 805 3274 4362 4720 
2 1668 3629 
2 2559 4506 
3 1877 2018 4954 
3 826 1931 4755 
1 4338 
3 2197 2510 3916 
3 23 2577 3740 
1 3420 
3 456 3021 4574 
0 
1 3568 
0 
5 40 1346 2041 2689 4064 
3 1171 1863 4388 
2 2022 2871 
3 1323 3841 4072 
0 
2 177 1456 
1 2597 
4 1441 2191 4194 4552 
6 244 654 954 1674 2598 2672 
1 1953 
2 1041 4083 
4 3292 3331 4932 4935 
2 2834 3957 
0 
0 
6 93 688 1111 1341 2948 4957 
7 739 779 1648 1794 2897 3355 3437 
2 2949 5063 
1 3937 
2 2806 4304 
3 270 500 1934 
1 3598 
2 2882 3663 
9 87 1849 2264 2553 3055 3816 4061 4239 5021 
2 2405 2945 
3 474 1757 3671 
3 608 1860 4624 
1 929 
4 756 1651 1777 4966 
0 
2 1434 3057 
2 2843 4931 
4 1124 2292 3476 4716 
4 1884 2198 3044 4979 
4 340 839 2826 3167 
2 4491 4640 
2 1191 4767 
2 1800 2468 
1 1054 
0 
3 492 776 3327 
2 3090 4751 
2 1236 4407 
6 226 1247 1681 2561 2565 3367 
5 124 387 1802 3486 5060 
3 697 2321 2408 
1 2482 
1 497 
2 1674 1676 
5 193 575 883 1089 4130 
2 1379 4560 
1 3520 
3 737 2122 5018 
1 2793 
2 2735 3752 
3 1558 2028 4287 
4 2620 3641 4022 4414 
1 1901 
2 1002 3915 
3 1185 1990 2993 
0 
5 914 1952 2740 4602 5067 
1 3547 
1 894 
2 2598 3832 
4 75 77 126 4985 
3 254 2974 4022 
2 1437 2548 
0 
3 3274 3573 4576 
2 1741 2695 
2 1853 4428 
1 3136 
2 1040 1109 
1 3581 
2 242 919 
1 924 
3 1125 1912 3781 
2 3298 3425 
1 2468 
2 1950 3159 
1 3984 
2 741 3365 
2 406 3135 
3 579 3641 4740 
1 4926 
8 98 1310 1385 2021 2748 3170 3792 3932 
2 1615 3609 
3 303 995 3045 
1 1780 
3 310 3259 4507 
4 1523 2089 4440 4469 
2 1758 4304 
2 2230 3680 
1 4218 
1 3166 
3 729 2781 3252 
3 244 342 935 
4 535 3138 4505 4939 
3 1512 2767 4787 
4 3257 3386 3840 4439 
1 2451 
1 3604 
1 4081 
5 2675 3050 3166 4089 4387 
2 1525 2440 
1 2006 
3 398 3053 3740 
2 3127 4623 
3 1080 1118 3098 
2 3742 4901 
2 1943 3310 
3 2467 5008 5089 
3 1178 4686 5012 
4 369 3146 3156 4204 
1 4847 
1 4827 
0 
1 123 
3 2719 4359 4827 
3 1589 3957 4350 
2 4354 5014 
2 663 1144 
3 4411 4642 4914 
1 2066 
1 4282 
3 1548 1615 2354 
4 408 1855 1937 2886 
0 
1 1684 
2 4264 4516 
2 2105 3331 
0 
1 3127 
2 298 2862 
4 689 2545 3900 4120 
1 125 
4 32 1614 3049 4162 
4 803 3150 3384 4806 
3 1845 2578 4056 
1 3718 
3 3641 4831 5095 
1 319 
5 302 355 2201 2478 4356 
2 1316 5070 
4 1261 2105 2462 3617 
2 612 1973 
0 
2 1873 3792 
4 761 961 2414 4095 
4 65 450 3583 4844 
4 3428 4217 4487 4692 
2 1550 4602 
2 2324 2882 
5 550 1176 1925 2867 4437 
2 993 1851 
3 3136 3790 4075 
5 1917 2012 3075 3364 3897 
4 274 1467 3627 4260 
3 568 2225 2566 
5 1770 4076 4265 4270 4716 
4 508 1882 3413 5097 
2 340 3868 
2 1342 4849 
2 1500 4461 
0 
1 1100 
0 
2 444 4380 
2 2450 4881 
3 556 3157 3621 
1 2549 
4 1015 2282 2360 3911 
3 365 3554 3989 
5 271 1111 3517 3950 4489 
2 837 2371 
1 2058 
1 3983 
1 2975 
1 2717 
4 1780 1784 2024 4090 
2 2485 3546 
0 
5 1554 2528 3464 3908 3965 
2 2531 2585 
1 2478 
0 
4 1568 3561 4735 5074 
2 2900 3279 
3 1122 1650 3158 
3 1909 2314 5053 
1 2398 
7 202 395 1810 2551 2685 4792 4928 
4 510 1914 2446 4009 
1 4252 
0 
2 3584 4929 
0 
5 2609 3280 3398 4683 4937 
2 2127 3439 
1 1659 
4 2102 2489 4639 5040 
3 582 894 4868 
6 594 3647 4257 4336 4387 4563 
3 544 2981 4249 
3 124 3404 4839 
4 422 993 1093 1666 
3 2633 3781 4027 
3 2816 3793 4123 
3 197 3057 4625 
3 405 2208 3265 
1 2128 
0 
2 58 1572 
3 528 3026 3055 
2 260 2200 
2 1836 2765 
3 2473 3209 3900 
5 245 671 1796 2142 3174 
2 4114 4621 
3 2107 3794 4791 
0 
4 525 1529 1862 2279 
1 2203 
3 2387 3018 5017 
4 1455 1855 4794 5074 
5 507 1467 2629 3484 4335 
2 2554 2685 
2 480 728 
5 25 523 1475 3302 4099 
3 103 975 2936 
5 551 830 2103 2229 4481 
2 964 1383 
4 80 3164 4156 4179 
4 782 1995 2192 5053 
4 953 1880 2573 4546 
1 4198 
4 495 1325 5006 5050 
0 
3 1547 1968 4362 
6 433 556 1047 2275 2453 3574 
0 
2 1899 4632 
3 498 1357 3257 
1 4860 
2 380 3811 
2 2926 3421 
3 2899 4150 4833 
3 2107 3206 4483 
1 2248 
5 2202 2467 2619 3513 3624 
2 138 4877 
2 1226 2750 
1 2690 
2 3200 4960 
5 137 483 2747 4123 4125 
3 318 338 2911 
1 1461 
5 580 1223 4626 5003 5041 
1 3649 
3 493 2855 4596 
2 1560 2158 
3 832 4296 5099 
1 2426 
3 853 2395 3668 
2 93 3057 
0 
1 2199 
0 
3 1268 1543 3833 
1 1128 
2 2901 3956 
4 1524 1602 1814 2489 
5 1142 1895 3365 3386 4928 
1 2025 
1 3572 
2 3046 4580 
1 2314 
1 2653 
6 1100 2426 2866 3173 4270 4957 
3 290 4432 4550 
4 365 507 3644 4977 
1 74 
3 2284 3973 5078 
2 1 1 1 2 2 2 1 1 2 1 1 1 1 1 1 2 1 1 1 2 4 2 1 2 1 2 2 4 1 4 1 1 3 1 1 1 1 2 2 2 4 1 1 2 1 1 3 1 1 2 2 3 2 2 1 3 2 1 1 2 2 2 2 1 2 1 3 1 1 1 2 1 3 2 1 2 1 3 2 1 1 2 1 3 3 3 2 1 1 3 2 2 2 2 1 1 3 1 2 3 1 2 2 1 1 1 2 3 1 2 2 3 3 3 2 1 2 1 2 2 1 3 1 1 1 4 2 3 1 1 3 1 1 1 1 1 2 1 2 1 3 3 2 2 1 1 1 3 1 1 2 1 2 2 2 1 1 2 4 2 1 1 2 1 2 2 1 1 2 2 3 2 3 2 2 1 1 2 1 2 4 3 2 2 3 3 2 1 1 2 1 2 3 2 3 2 1 2 1 1 1 1 2 2 3 1 2 2 1 1 2 3 1 4 2 2 1 1 2 1 1 2 1 1 1 1 2 2 1 1 2 1 2 1 1 2 1 2 1 2 3 2 2 1 1 1 1 2 1 3 1 2 1 3 2 2 4 1 1 2 1 1 2 2 2 2 1 1 2 2 1 1 2 2 1 1 1 2 1 3 2 2 1 2 1 1 1 1 2 1 1 1 2 2 1 3 2 1 3 1 2 1 1 1 1 2 1 1 4 2 3 1 1 4 1 1 2 1 1 2 2 2 1 1 1 2 2 1 1 1 1 4 1 1 1 3 1 3 2 2 3 1 1 2 1 4 3 2 2 1 2 2 1 2 3 1 1 1 1 2 3 1 1 2 1 3 1 1 1 1 2 2 1 1 1 1 1 1 1 2 1 3 1 1 1 1 3 2 2 2 1 1 1 1 2 3 1 3 2 2 1 2 1 3 1 1 2 1 3 1 1 3 2 1 1 1 1 1 3 1 3 2 1 1 2 1 1 1 1 1 2 2 3 2 1 3 1 1 1 2 1 4 1 1 2 1 2 1 1 2 1 2 3 1 1 2 1 1 1 2 1 2 1 1 1 1 1 1 1 1 3 3 3 2 1 3 1 4 1 1 2 2 2 1 2 1 1 1 1 1 2 3 1 1 1 2 1 3 1 3 3 1 1 2 1 4 1 3 2 3 2 1 1 4 2 1 1 1 2 1 1 1 1 2 4 1 1 2 1 3 3 1 2 1 3 1 1 3 1 1 4 1 1 4 1 1 1 1 1 1 2 3 2 1 2 2 2 2 1 1 2 1 2 1 1 1 1 2 1 2 1 1 2 1 1 3 1 1 2 1 2 1 1 2 1 1 1 1 1 3 1 1 1 4 2 3 1 2 1 1 2 1 2 3 1 3 3 3 1 2 2 2 1 2 1 1 3 1 1 1 2 1 1 1 3 2 1 1 1 2 1 3 2 2 2 1 2 2 2 1 1 1 1 2 2 2 2 2 1 2 2 2 3 2 2 2 3 1 3 1 1 1 2 2 2 2 2 2 1 2 2 1 1 1 1 1 1 1 3 1 1 2 1 1 4 1 4 1 4 2 1 1 1 1 2 2 3 1 2 1 1 2 3 2 1 1 1 2 2 2 1 1 1 1 3 1 1 2 1 1 2 1 2 2 1 1 1 3 3 1 2 2 2 2 1 1 1 2 2 3 1 2 1 3 3 2 2 2 2 2 3 1 2 2 1 1 2 4 2 1 2 2 2 3 1 2 1 1 1 3 1 4 1 2 3 2 4 2 1 1 3 3 2 1 1 1 1 1 3 1 2 2 2 1 3 1 1 4 2 1 1 2 3 3 4 3 1 1 1 1 1 3 3 3 2 3 1 3 2 3 1 1 1 3 2 3 1 2 3 3 1 1 1 1 1 3 1 3 4 2 2 1 1 1 3 1 1 2 2 2 1 2 1 2 1 1 2 2 1 2 1 1 2 2 2 1 1 3 2 1 1 1 2 1 1 1 2 1 1 2 2 2 1 1 2 1 2 1 1 3 1 1 1 1 1 2 1 1 2 1 1 1 1 2 1 1 1 2 3 1 3 1 1 1 2 3 2 1 2 3 2 2 1 2 1 1 3 1 3 2 1 2 3 2 2 1 2 2 1 2 2 3 1 2 3 2 2 1 2 4 2 4 2 1 2 2 2 1 1 2 2 1 3 2 2 2 1 1 1 1 1 1 1 1 2 1 1 1 3 2 2 2 1 3 1 1 1 1 2 1 2 1 1 2 1 1 1 2 2 1 2 1 3 2 3 1 2 1 2 1 2 2 2 2 2 1 2 3 2 1 1 1 2 1 1 1 2 1 3 2 1 2 2 1 3 2 1 1 1 1 2 1 1 1 2 1 2 2 1 3 2 1 2 1 1 4 2 1 3 3 4 1 1 2 2 1 1 3 2 2 1 1 1 1 1 2 1 2 2 3 2 3 1 1 3 3 1 1 3 1 1 1 1 1 2 1 1 2 2 2 3 1 1 1 1 1 2 1 2 2 1 4 1 3 1 2 1 1 2 2 1 3 4 2 3 1 1 3 2 3 2 1 2 1 2 1 2 1 2 2 1 3 1 3 1 1 3 1 2 2 1 1 3 2 1 2 2 3 1 1 1 1 2 1 1 3 1 2 1 2 1 1 2 2 1 3 3 3 1 3 2 1 1 1 3 1 3 2 1 1 2 3 3 1 2 3 1 2 2 1 1 1 3 2 1 1 1 2 1 2 2 1 1 1 1 1 1 1 1 1 1 1 1 1 2 2 1 1 1 2 1 1 2 2 1 2 2 2 1 2 2 1 2 1 2 2 2 3 1 1 3 1 2 1 2 3 1 1 1 1 2 2 3 2 4 1 1 2 2 1 3 1 2 1 1 1 2 1 1 3 1 3 1 1 3 1 2 1 1 3 1 2 1 2 2 1 1 1 2 1 1 2 2 1 1 1 2 1 2 2 3 3 2 1 1 1 3 2 1 1 1 1 2 1 1 2 1 1 1 2 1 1 2 1 1 1 2 2 1 2 1 2 1 3 1 3 1 1 1 1 2 1 1 1 3 3 1 2 3 1 2 2 2 1 2 1 2 1 1 1 2 1 1 2 1 1 1 3 1 2 4 3 2 2 1 3 2 2 4 1 1 1 2 3 1 2 2 2 1 2 1 1 1 1 2 2 1 1 2 3 1 3 2 1 1 1 2 1 2 2 2 1 3 1 1 1 1 3 4 2 2 1 1 1 1 1 1 1 2 1 2 2 1 1 1 2 1 2 2 1 2 2 1 1 2 1 2 1 1 3 1 1 1 1 3 1 2 1 2 1 1 3 2 3 1 1 3 1 3 1 1 1 1 2 3 2 2 1 1 1 2 1 2 2 1 1 3 1 2 1 2 2 3 1 3 1 1 2 1 4 1 2 2 1 1 1 1 1 1 1 2 1 3 3 2 2 3 3 1 2 2 1 2 3 2 1 1 2 1 2 1 2 2 1 3 2 1 1 2 2 2 1 2 2 1 1 3 1 1 2 2 2 1 1 1 3 2 4 2 1 3 4 1 2 1 1 2 3 2 1 1 1 2 1 1 1 1 2 2 2 2 1 2 2 1 1 1 1 2 2 2 3 2 2 1 2 1 1 4 2 1 2 1 1 1 1 1 2 3 1 1 2 1 2 1 3 3 1 2 1 2 1 2 2 4 2 2 1 1 1 2 1 2 1 1 1 3 1 2 3 1 1 1 2 1 2 3 1 2 2 2 1 4 1 2 1 1 1 2 1 3 1 3 4 2 3 2 2 3 2 1 1 3 2 1 2 2 1 3 1 3 1 1 2 1 1 1 2 1 1 2 1 2 1 1 1 2 2 2 1 1 1 1 1 1 2 1 1 4 1 1 1 3 2 2 2 1 1 1 1 3 2 1 1 3 2 1 2 1 2 1 1 1 1 1 3 4 1 3 2 3 3 1 3 3 1 3 2 2 2 1 2 1 1 2 1 2 2 1 2 3 2 2 1 2 2 3 1 1 2 1 2 1 1 2 1 1 2 2 2 1 1 1 1 1 1 1 1 2 1 2 2 2 1 1 1 3 2 2 3 2 2 2 3 1 2 1 1 3 1 2 1 2 1 2 1 1 1 1 1 1 1 1 1 3 4 1 1 1 1 2 1 1 1 1 1 3 1 1 2 4 1 1 1 4 1 2 2 2 3 1 1 3 2 1 2 1 1 3 2 1 1 1 2 1 2 1 1 2 2 1 1 1 2 2 3 1 1 2 2 3 2 2 3 3 2 1 3 2 1 2 2 1 1 1 1 1 2 3 2 2 1 2 1 1 1 2 2 1 1 1 2 1 2 3 2 2 1 1 1 1 2 3 2 2 1 3 1 1 1 1 1 1 1 3 2 1 2 1 1 1 1 3 2 1 3 2 3 1 2 2 1 1 3 4 1 2 3 1 1 1 1 2 2 1 1 1 2 1 2 1 1 1 4 1 1 1 1 1 3 1 1 1 1 3 2 2 1 1 2 3 1 2 1 1 1 2 1 1 3 1 3 1 1 2 1 1 2 1 1 1 4 2 2 1 1 3 1 2 2 2 1 1 1 2 1 2 1 2 1 2 1 2 1 1 1 1 3 1 2 2 1 1 1 1 3 3 1 1 2 1 1 1 2 1 3 2 3 1 1 1 1 1 1 1 2 1 2 1 2 1 3 1 2 2 1 1 1 2 1 2 1 1 3 3 1 3 2 1 2 2 1 3 3 2 1 1 1 2 2 3 1 3 1 1 2 1 1 1 2 1 2 1 2 1 2 1 1 2 3 2 1 1 2 2 1 2 1 2 3 1 4 3 3 3 1 3 1 2 3 1 2 3 2 1 1 2 2 3 1 2 1 2 3 2 2 2 1 3 2 1 2 2 2 1 3 1 1 1 2 2 2 1 2 2 1 1 1 2 2 4 1 1 1 2 2 1 1 1 2 1 3 2 1 2 1 1 1 1 1 1 1 1 2 3 4 3 3 3 1 2 1 2 2 3 1 1 1 2 1 1 2 1 1 2 2 1 1 1 1 2 1 1 1 2 3 3 1 2 1 1 2 1 1 2 1 1 1 1 1 2 1 1 2 1 1 2 1 1 2 4 1 3 1 2 1 4 1 3 1 1 2 1 2 1 1 3 2 2 1 1 2 2 1 2 2 1 1 1 2 2 2 1 1 1 2 1 1 4 1 2 1 2 1 1 1 2 1 3 1 1 1 1 2 3 1 2 3 1 2 3 1 1 2 1 1 3 1 1 1 2 2 1 1 2 1 1 1 2 1 1 1 1 1 1 2 2 1 1 2 3 1 1 1 1 4 1 1 1 1 1 1 3 1 3 1 1 1 2 1 2 3 1 2 2 1 2 1 1 1 1 1 1 1 1 1 3 2 1 1 1 1 2 1 3 1 2 1 1 2 2 1 1 2 1 1 3 2 1 1 3 2 3 1 2 1 1 1 1 1 1 2 2 2 3 4 1 1 2 3 1 1 1 1 1 1 1 1 1 2 1 2 5 2 2 2 1 1 3 1 1 3 3 2 1 1 1 1 1 1 2 2 2 1 2 1 1 3 3 3 1 1 3 2 3 2 1 1 3 1 1 3 2 2 3 1 3 3 1 1 1 2 1 2 1 1 1 2 2 2 1 3 2 3 1 1 3 1 1 2 1 2 1 2 2 3 3 3 1 1 4 1 3 1 1 1 2 2 1 1 3 2 1 1 1 2 1 1 1 1 2 1 1 1 1 1 1 1 2 1 1 2 1 1 2 2 1 1 1 1 1 3 2 3 4 3 1 1 3 2 1 2 1 2 1 1 1 2 2 2 2 1 1 1 1 1 1 2 1 1 2 3 2 1 2 1 3 1 2 3 2 2 1 2 2 2 1 1 2 3 2 2 1 1 2 1 2 1 3 1 2 1 1 2 1 3 2 3 2 3 2 1 2 2 1 3 1 1 1 1 2 1 2 2 2 1 2 1 2 3 2 2 3 2 1 2 2 4 4 2 2 4 1 3 3 1 1 1 2 2 1 1 1 1 1 3 2 2 2 2 1 2 2 2 1 1 1 1 1 2 2 1 2 3 2 2 3 1 1 1 1 1 1 1 1 1 2 1 2 1 2 1 2 2 2 2 1 1 2 2 2 1 1 1 1 1 1 1 2 1 1 2 1 1 2 1 2 1 1 2 3 2 2 2 1 1 1 1 1 2 2 1 1 2 1 2 2 1 2 1 3 1 1 2 2 2 2 1 3 1 2 2 3 1 1 1 1 2 2 3 2 2 1 1 2 1 1 1 1 2 1 2 3 2 1 1 3 1 2 3 2 2 2 2 1 2 1 2 1 2 1 1 1 2 1 1 1 1 1 1 3 1 1 1 1 1 1 1 1 1 2 1 3 1 2 1 3 1 3 2 2 2 2 3 3 1 2 1 1 2 2 1 2 1 2 1 1 2 2 3 2 2 1 2 1 3 2 1 2 2 1 2 2 2 1 1 1 1 1 2 1 1 1 2 1 2 1 3 3 2 3 2 2 1 1 1 1 3 1 2 1 2 1 1 3 1 1 1 1 2 1 1 1 2 3 1 1 1 1 2 3 2 2 2 1 2 1 1 1 1 2 1 1 1 3 1 2 1 3 2 2 2 1 2 2 3 1 1 2 1 2 1 2 2 1 1 2 1 2 2 2 1 1 2 4 1 1 3 3 3 2 1 3 2 2 1 3 1 1 1 1 4 2 1 1 1 1 3 3 2 1 2 1 1 2 2 3 3 2 4 1 2 3 1 2 1 1 3 2 1 2 1 1 1 2 1 1 4 1 1 1 2 1 3 1 2 1 2 1 1 3 2 1 1 1 1 3 1 1 1 2 2 4 1 1 2 1 3 1 2 1 1 1 1 2 1 1 2 2 1 3 1 1 2 1 2 2 1 2 3 1 1 1 2 1 1 2 1 1 2 2 1 2 1 2 1 2 1 1 2 1 1 2 1 1 1 2 2 1 3 1 2 2 1 3 1 3 1 1 3 2 1 1 1 3 1 2 3 1 2 1 1 1 2 1 2 2 2 1 2 3 1 2 2 1 2 3 1 2 3 2 2 3 2 1 2 3 1 3 1 2 2 2 1 1 1 2 3 1 2 2 1 2 1 1 3 3 2 1 2 2 1 2 1 2 2 1 2 3 3 2 2 1 2 1 3 1 3 1 3 1 3 2 2 1 3 3 2 2 2 1 1 1 1 3 1 1 1 1 1 1 1 2 1 2 1 2 1 1 1 1 2 1 1 2 1 2 1 1 3 1 2 3 1 1 2 2 2 1 1 2 2 1 1 1 1 3 1 1 1 1 2 1 1 2 1 3 1 3 3 1 4 3 2 1 3 1 4 1 2 3 2 1 1 1 2 1 1 2 1 2 1 1 1 1 3 1 3 1 1 2 1 3 4 1 1 3 3 2 3 2 1 1 1 4 2 1 1 2 2 2 2 2 3 3 1 2 1 1 3 2 1 3 1 1 2 1 2 2 1 1 1 2 2 1 2 1 1 3 1 1 2 4 1 2 2 3 3 2 2 2 1 2 1 2 1 1 1 3 2 1 1 1 2 3 2 1 1 1 2 1 2 1 2 1 2 1 1 1 3 1 2 3 1 1 2 2 3 1 2 2 2 2 2 2 1 3 1 2 1 1 1 4 1 2 3 2 2 2 2 1 3 3 1 1 1 1 1 2 1 3 1 1 2 1 1 1 2 4 2 1 3 1 1 1 2 2 1 1 2 1 2 1 2 1 2 3 1 3 2 1 2 2 1 1 2 2 2 1 1 1 1 1 3 1 2 1 1 3 2 3 2 2 2 2 3 1 1 1 1 1 1 1 2 1 2 1 3 2 1 1 1 1 1 2 1 2 3 2 1 2 1 2 2 1 1 1 1 2 2 2 2 2 1 1 2 1 3 1 1 1 2 2 1 1 1 2 4 2 1 1 2 2 2 1 1 3 2 1 2 1 2 1 1 2 2 4 1 2 1 2 2 2 1 1 2 2 2 2 1 1 2 3 2 4 2 2 1 1 1 2 1 2 2 1 1 1 1 3 2 2 3 2 2 4 1 1 3 1 1 3 2 4 1 1 1 1 4 1 1 3 1 1 1 2 1 2 3 2 1 2 1 1 2 1 1 1 2 1 1 3 1 1 2 2 1 1 1 2 2 2 2 1 1 2 2 1 2 2 1 2 1 1 2 1 1 2 2 1 1 1 1 2 1 3 3 1 1 3 2 2 1 2 3 1 1 1 1 3 1 2 1 3 1 2 2 2 3 2 1 1 2 3 1 1 2 2 2 1 2 2 3 2 2 2 2 1 2 2 2 1 1 2 1 2 2 3 1 2 1 2 2 1 1 1 2 3 1 1 1 1 1 2 2 1 1 3 1 2 3 3 2 1 3 2 2 2 1 2 3 1 1 1 3 4 2 2 1 1 1 3 1 1 2 1 2 1 1 1 1 1 1 1 1 1 2 1 1 2 1 1 3 2 1 2 2 2 2 3 2 1 4 2 2 1 1 1 1 2 3 3 3 3 2 3 1 1 1 1 1 2 2 1 3 1 1 1 1 2 2 1 2 1 2 1 2 1 1 3 3 2 1 1 1 1 1 3 1 2 3 2 1 2 3 1 3 1 4 1 2 1 2 2 1 1 1 2 1 2 1 2 1 2 1 1 2 1 1 2 1 1 1 4 2 2 1 2 1 3 2 1 1 2 2 1 1 1 2 2 1 1 2 1 2 2 1 3 3 1 1 2 1 2 4 2 1 1 1 1 1 3 1 2 1 1 1 1 2 2 2 2 1 1 2 1 1 2 2 1 1 1 2 3 1 1 2 1 2 1 2 2 2 1 2 1 2 2 2 2 1 1 1 4 1 1 2 2 1 3 1 3 1 2 2 3 2 2 3 1 2 2 1 3 2 1 1 2 3 1 2 1 1 2 2 1 3 3 1 2 1 1 1 1 1 1 2 1 2 2 1 1 2 1 1 1 4 1 2 3 1 2 1 3 1 1 1 2 2 2 1 3 2 1 2 1 1 3 3 1 1 2 1 2 2 2 2 1 2 3 2 2 1 2 1 2 2 1 3 3 1 1 1 3 1 1 3 1 2 1 2 2 1 2 2 2 2 3 3 1 1 3 3 1 2 1 2 1 3 1 1 1 2 3 2 3 2 2 1 1 2 3 1 1 3 3 1 2 4 1 1 3 1 1 2 1 3 2 1 1 2 1 2 1 1 1 1 2 2 2 2 1 1 2 2 3 2 2 1 1 1 1 1 2 1 1 1 2 2 1 1 3 1 1 2 1 1 2 1 1 2 1 1 2 2 2 2 1 1 1 2 1 1 1 2 1 2 1 2 1 2 2 1 1 2 1 4 1 1 2 1 2 1 3 1 1 1 3 4 1 1 2 1 3 3 2 3 4 3 2 1 2 1 1 3 1 2 1 1 2 1 1 1 1 2 1 2 2 1 1 1 2 2 1 2 2 2 2 3 1 1 2 1 3 1 2 1 1 1 2 2 4 1 1 4 3 1 1 2 3 1 3 2 2 1 3 1 1 1 1 1 2 3 1 1 2 1 2 1 1 2 1 1 1 2 1 2 1 2 1 1 3 2 2 1 3 1 1 2 2 2 2 3 1 2 1 3 3 1 1 1 1 2 1 1 2 1 3 1 2 3 1 1 1 2 3 1 1 1 1 2 1 1 1 1 1 1 1 3 3 2 1 3 2 1 1 2 1 1 3 3 1 2 1 3 3 1 1 1 1 3 1 2 1 2 2 1 3 3 2 4 2 1 1 1 1 1 2 3 2 1 2 2 1 1 2 1 3 1 1 1 1 1 1 2 2 3 1 3 1 1 2 3 1 1 2 3 1 1 2 2 2 1 2 2 2 1 2 2 2 1 3 1 2 4 1 1 1 2 3 2 1 1 2 2 3 1 2 1 2 2 1 3 2 2 3 2 1 1 1 3 1 1 1 1 1 3 2 1 1 1 1 1 2 1 2 1 1 1 2 1 3 2 1 1 3 2 1 1 2 1 2 1 3 1 2 2 1 1 1 3 2 1 1 1 1 1 1 1 4 3 1 3 1 1 1 1 1 2 2 4 1 1 2 1 2 2 2 1 2 2 3 1 3 1 2 3 3 3 1 1 3 3 1 2 1 2 3 2 1 1 1 2 2 1 2 1 1 1 1 1 1 1 2 1 3 2 1 1 2 2 2 3 2 1 2 1 3 2 2 2 2 2 4 2 1 2 1 3 2 1 2 1 1 2 1 3 2 1 2 1 2 1 2 1 1 1 4 3 1 3 3 1 2 2 1 1 1 1 1 1 1 3 1 1 1 3 1 1 3 2 1 2 1 4 2 2 1 2 1 2 1 2 2 1 2 1 1 1 1 2 1 3 1 2 1 1 1 2 1 4 2 3 1 1 1 2 1 1 4 2 2 1 2 1 2 1 1 2 2 2 2 1 1 2 1 1 2 2 2 1 1 1 1 2 1 1 1 2 2 1 1 4 2 1 3 1 2 2 2 1 2 1 2 1 1 1 2 1 1 1 2 2 2 1 1 3 1 2 2 2 1 3 1 1 1 2 2 3 2 2 1 1 2 1 1 4 1 2 3 2 2 3 1 1 2 1 2 2 1 3 2 3 1 3 2 1 2 3 2 3 2 2 2 3 1 1 2 1 1 1 2 1 2 2 1 1 2 2 1 1 1 1 1 1 1 1 2 1 1 2 2 2 1 2 2 1 2 1 2 1 1 1 3 2 1 3 2 1 1 1 1 1 3 2 1 3 2 2 3 2 1 1 1 1 1 1 2 1 1 1 2 2 1 3 1 1 3 3 1 1 3 3 2 2 2 1 1 1 4 1 1 2 1 2 1 2 2 1 3 3 2 1 2 2 1 1 1 1 3 4 2 2 2 1 2 3 1 3 2 2 2 1 1 2 1 1 2 1 2 3 2 1 2 1 1 2 2 1 3 1 1 1 2 2 2 2 1 3 2 1 2 3 2 2 1 3 1 3 2 2 2 1 3 1 1 4 2 2 2 2 1 2 1 1 2 1 2 2 2 4 1 1 1 2 1 1 3 1 2 1 1 2 2 1 1 2 1 1 1 2 3 2 2 1 2 2 1 2 2 2 1 1 1 2 1 1 3 1 1 2 2 3 4 3 1 1 2 3 1 2 1 1 1 2 1 1 2 1 3 2 2 2 1 1 1 3 2 1 4 2 1 1 1 3 2 2 1 4 2 1 1 1 1 1 2 1 2 2 3 1 3 3 2 1 3 3 2 1 2 3 1 2 3 3 2 3 1 2 1 1 1 4 2 2 2 1 1 1 3 2 1 1 3 1 2 1 1 1 2 1 1 2 1 2 2 4 3 1 1 1 1 2 2 2 1 2 1 2 2 2 3 1 2 1 3 1 1 1 1 2 1 2 2 1 3 4 3 1 1 
