s 3300
2 595 3001 
3 1685 1782 2047 
2 713 1315 
1 3226 
2 643 2415 
4 1294 1690 2595 2922 
1 639 
1 286 
3 686 1083 1228 
2 789 1722 
2 454 549 
1 666 
1 3031 
2 1354 2035 
1 1565 
3 213 696 704 
2 1132 3055 
4 505 1417 1602 3135 
4 668 1467 2371 3074 
0 
3 205 1192 2831 
2 371 2351 
2 1176 2859 
1 1139 
3 428 619 2506 
3 1332 1364 2029 
5 551 1768 1925 2562 3153 
1 1550 
5 521 1288 2511 2903 3214 
1 2808 
3 1550 1589 1620 
2 307 2513 
3 152 731 2700 
1 2619 
3 966 2234 2975 
4 57 932 1167 3138 
2 2813 3042 
4 392 661 2654 2972 
1 1309 
2 1035 1821 
5 220 298 348 2739 2804 
1 2899 
3 131 259 696 
1 2021 
4 455 1222 1977 3001 
5 768 1427 1917 2151 2921 
1 1375 
0 
2 2342 2581 
2 1432 1504 
5 650 1130 1441 2268 2275 
2 496 1141 
0 
1 1851 
3 102 321 826 
3 150 813 2566 
1 873 
1 35 
2 787 3060 
3 218 2265 2336 
3 358 793 2360 
3 722 1884 2939 
3 468 1016 2894 
2 817 3109 
2 883 2791 
0 
0 
1 1918 
3 837 2599 3057 
2 994 2991 
1 1781 
5 642 830 1166 1205 3166 
1 1547 
2 3010 3187 
3 609 1239 2936 
3 1801 2673 3167 
3 1088 2569 2678 
1 711 
0 
3 1827 2012 2121 
0 
2 840 2178 
3 1242 2340 2933 
4 279 1097 1645 2571 
4 756 1696 1729 2622 
1 2748 
3 1014 2077 2432 
5 979 1610 2115 2244 3143 
2 1317 2516 
1 724 
1 3028 
3 653 1364 2979 
1 1525 
3 266 353 2159 
4 952 1256 2002 3229 
1 3178 
1 536 
3 336 2000 3087 
3 440 662 1029 
2 2575 2728 
2 2177 2367 
4 271 2538 3157 3188 
1 54 
1 2131 
4 1735 2414 2453 2836 
2 801 2766 
2 1225 2518 
3 415 562 2009 
2 1109 2860 
2 1323 2688 
3 1815 2638 2731 
2 2952 3022 
2 686 2856 
1 747 
4 122 1008 2447 2528 
4 1740 2272 2360 2420 
0 
1 2982 
4 417 1931 2519 3249 
2 419 1254 
3 830 1016 1597 
0 
5 114 651 669 2448 3133 
2 1100 1628 
0 
2 160 1263 
2 1719 2027 
3 543 1778 2970 
4 1179 1248 1281 1334 
5 950 1830 2009 2414 2692 
0 
4 42 2339 2737 3111 
3 2188 2620 3133 
3 1016 1933 2468 
6 600 646 1092 1240 1872 2048 
2 2037 3110 
1 2254 
2 294 1770 
1 1418 
3 750 1403 1942 
4 377 1171 1930 3152 
4 1269 2962 3036 3181 
0 
2 1562 3169 
2 901 2399 
0 
2 750 1089 
3 1588 1981 2306 
4 588 991 1365 1919 
2 1273 1623 
2 55 1333 
3 1667 2884 3298 
5 32 1242 1713 2520 2626 
4 515 784 885 2082 
2 166 1330 
0 
1 2410 
4 412 557 723 2644 
2 643 1615 
5 766 839 962 1149 2608 
4 125 2087 2359 2617 
3 1022 1838 2185 
1 2001 
2 1266 2015 
4 933 1728 2197 3298 
0 
2 154 871 
1 434 
5 562 1033 1364 1585 2453 
2 2499 3229 
1 874 
2 881 1733 
4 249 599 802 967 
1 1490 
3 415 1059 1800 
4 972 1246 2643 3234 
1 1865 
1 1828 
1 888 
2 1796 2588 
3 1980 2495 3019 
2 1830 3183 
4 537 826 2444 2641 
2 2635 3010 
4 716 1392 1678 2616 
1 1422 
1 1831 
1 1589 
4 709 1178 2997 3019 
1 442 
4 1001 1066 1526 2256 
1 459 
1 726 
2 1327 1924 
1 2001 
2 1044 2114 
4 1283 1694 2306 2611 
1 1402 
4 411 538 1562 1858 
0 
5 214 530 1715 2172 2838 
6 308 654 1025 1804 2795 2903 
2 1310 2453 
3 1464 1564 2079 
3 1363 2548 3199 
2 20 2156 
0 
1 2198 
2 2486 2717 
2 657 2355 
2 2609 2681 
4 285 1949 2024 2233 
2 298 1692 
4 15 1407 1532 2313 
2 200 1915 
1 1846 
3 225 1383 2593 
0 
4 59 232 2016 2884 
1 1371 
3 40 840 3263 
1 1305 
0 
0 
1 2598 
2 216 863 
1 1165 
1 683 
2 952 2293 
2 321 3179 
4 510 602 606 1292 
2 2505 2596 
4 218 1175 2420 3043 
1 438 
5 955 2079 2454 2738 2927 
1 1762 
2 1327 2778 
2 636 2441 
6 356 401 848 1654 1735 1939 
5 546 2340 2508 2591 2595 
1 354 
1 1404 
1 2439 
1 2126 
4 614 1568 1729 2867 
0 
1 2776 
1 2523 
0 
1 172 
0 
1 2785 
1 1512 
4 555 1301 1345 1943 
2 1759 2335 
3 1018 2307 2697 
0 
6 1006 1534 2137 2202 2436 2600 
1 413 
2 42 1152 
2 2225 2362 
3 638 906 1605 
1 2046 
2 1556 2455 
1 2659 
6 1021 1047 1945 2172 2274 2865 
2 93 1046 
4 675 1027 1832 3208 
1 1997 
1 3042 
3 1440 1687 2876 
5 101 743 1917 2077 3043 
1 1435 
4 337 896 1532 2378 
1 712 
2 695 2847 
0 
1 1720 
4 803 2177 2902 3224 
11 83 640 666 920 1169 1785 1788 2197 2263 2379 2855 
1 1916 
2 454 1420 
0 
4 1844 2904 2998 3132 
4 757 895 1870 3094 
4 211 1682 2256 2259 
3 7 945 2498 
2 1218 2082 
2 1474 2591 
3 849 1290 3217 
1 1735 
1 2053 
0 
2 571 1369 
3 137 742 2915 
1 2505 
4 1080 1689 2672 3224 
4 1138 1600 2593 2865 
7 40 212 941 1248 1329 1892 2625 
1 1332 
2 1897 2555 
2 742 2421 
2 944 2006 
4 1017 1792 2170 2318 
1 609 
3 694 2777 3011 
0 
1 31 
3 201 443 896 
4 332 354 1009 1847 
0 
2 2273 2813 
3 1311 1945 3257 
0 
2 867 1691 
5 338 1789 2297 2760 2878 
4 1470 2051 2381 3072 
1 416 
5 1556 1880 1918 2119 2883 
1 1416 
2 345 842 
3 54 229 351 
3 576 1919 2330 
2 377 827 
2 1663 1990 
1 2073 
3 1326 2849 3052 
1 2710 
1 3244 
0 
5 1375 1660 1914 1972 2422 
2 2232 2751 
6 309 1594 2106 2352 2865 3230 
3 813 2016 2424 
1 844 
2 1299 1924 
2 97 1570 
2 273 1093 
3 315 1488 1897 
2 500 1353 
1 2081 
2 835 2532 
3 1814 2137 2225 
1 2350 
3 1929 2089 2897 
2 320 1531 
1 2628 
4 1259 1560 2292 3023 
4 40 624 2345 3130 
2 762 2580 
1 2115 
2 321 2889 
2 503 3148 
4 93 401 745 1927 
6 240 309 1015 1738 2306 2899 
2 809 1664 
5 238 510 876 2142 2966 
0 
4 60 1710 2259 2892 
4 666 2131 2239 3062 
3 789 1388 2863 
2 1976 2784 
4 1200 1278 1769 3053 
1 1706 
0 
1 1665 
7 1116 2018 2277 2490 2599 2895 3054 
3 2598 2655 3173 
1 2895 
0 
7 1102 1247 1629 2228 2307 2701 3170 
2 21 574 
1 1804 
2 431 715 
0 
2 1413 2850 
2 1659 2517 
4 140 323 463 2258 
3 893 1651 3156 
0 
2 1778 1832 
2 447 2644 
2 974 1876 
2 2037 2550 
1 1748 
1 1611 
0 
2 664 1855 
3 2137 2251 3028 
1 2723 
2 821 2133 
0 
3 37 2263 3190 
1 2929 
1 1456 
4 810 1792 2493 2683 
1 3140 
4 743 844 854 1386 
4 629 893 960 1520 
3 554 1612 2780 
1 665 
5 238 353 1509 1592 2302 
5 650 1674 2745 2836 2977 
1 1637 
1 1654 
1 2187 
3 853 1315 2336 
1 2165 
2 1139 1381 
1 1340 
4 927 1704 2492 3064 
2 198 2806 
1 157 
3 258 999 1005 
1 2762 
3 107 174 1680 
1 317 
1 118 
0 
4 119 1502 1878 2488 
2 1285 2157 
4 1492 1840 1934 2213 
3 1360 2495 3057 
3 1812 2433 2710 
3 426 1310 2929 
1 2246 
1 424 
3 531 1081 1750 
4 24 1072 2166 2168 
3 864 927 3151 
2 2085 2880 
3 373 2115 3123 
3 1358 1641 2484 
0 
3 167 567 2140 
3 596 1809 2022 
0 
2 1254 2367 
4 233 766 1088 2223 
2 481 1810 
3 98 1436 1673 
0 
5 189 1957 2346 2380 2679 
1 308 
3 711 1344 3054 
1 2396 
1 1860 
4 381 499 1300 1603 
3 1676 2854 3081 
2 2437 2668 
3 1751 1767 3178 
2 1553 2413 
1 2468 
4 934 1329 2859 3271 
4 10 281 1447 2054 
2 44 1879 
4 1982 2270 3015 3034 
1 2714 
2 672 2403 
2 191 2575 
3 559 1161 1258 
1 1691 
1 1655 
2 377 3132 
3 591 930 1843 
3 1029 1590 2744 
2 1222 2624 
0 
4 62 628 784 826 
1 968 
2 899 921 
0 
1 767 
2 3207 3222 
1 2634 
3 2013 2913 3251 
0 
1 1147 
0 
2 1048 1059 
1 942 
4 439 1686 1823 1855 
1 545 
0 
1 816 
0 
0 
2 2475 3215 
2 708 2014 
2 2278 3119 
2 604 1990 
3 1129 1543 3069 
5 862 1071 1266 2192 3037 
1 2788 
1 1687 
2 1450 2040 
3 51 951 1878 
0 
3 950 989 1348 
1 447 
4 339 886 1352 3271 
0 
3 1031 1815 2462 
3 352 2423 3121 
1 1249 
3 17 663 2241 
3 529 1383 3216 
4 865 1596 1627 2355 
2 2669 3298 
4 913 1477 2876 3001 
3 230 356 1437 
1 2357 
3 1107 2237 2458 
2 1163 2771 
5 1073 1336 1915 2039 2765 
2 153 2064 
2 1397 2835 
4 1194 2360 2407 2971 
2 1315 2337 
1 723 
2 529 2520 
2 28 1269 
0 
2 1654 2897 
2 2162 2795 
2 957 3161 
1 1026 
5 661 944 1462 1624 3005 
2 1888 2229 
4 506 520 1160 1491 
1 200 
3 427 2545 3172 
2 1204 2560 
0 
2 1248 2123 
0 
1 96 
4 182 770 2255 3042 
2 198 3098 
2 997 1054 
4 738 2039 2571 3184 
6 650 891 909 1351 2018 2037 
2 1018 3154 
3 127 1292 1571 
3 1619 1967 2702 
3 482 2119 3133 
4 239 758 1068 2733 
3 962 1566 1903 
4 916 2664 2861 3002 
5 10 1475 1991 2016 2504 
1 2460 
3 26 2645 2913 
2 700 3122 
4 1956 2727 3138 3206 
4 399 851 1176 2037 
4 253 1294 2383 3152 
1 2716 
3 157 711 798 
1 806 
4 460 1993 2144 2835 
4 1534 1615 2105 2180 
2 655 2766 
6 107 168 720 761 1264 1832 
0 
3 2101 2171 2377 
3 1238 2930 3172 
2 2427 2563 
2 434 3122 
1 890 
0 
1 2660 
3 293 1061 3134 
2 919 2873 
0 
3 371 974 1081 
2 2908 3274 
3 322 709 2967 
2 1007 2042 
2 1269 1773 
2 3024 3214 
2 860 1475 
4 1702 1767 1938 2014 
5 1467 1818 1821 1933 2542 
3 981 1019 2365 
1 1707 
1 1833 
2 2198 2230 
2 1370 2646 
4 148 2095 2781 2864 
5 1829 2178 2325 3066 3279 
2 1113 2354 
1 464 
3 2144 2169 2869 
0 
0 
1 0 
3 435 1997 2238 
2 870 2641 
0 
2 172 1518 
4 134 649 2276 3168 
2 1321 2991 
3 230 821 2188 
3 1237 1898 2621 
2 490 2723 
2 970 2018 
2 230 1502 
0 
6 1029 1850 1857 3004 3021 3110 
6 74 304 877 1978 2351 2608 
7 617 1556 1944 2222 2351 2585 2711 
0 
3 1083 1095 1555 
2 1891 2139 
3 244 911 2154 
1 705 
0 
2 610 942 
3 2071 2796 3142 
4 24 649 1218 2123 
2 718 1300 
2 632 2200 
1 2906 
3 1110 1751 2101 
3 348 1833 2727 
1 3184 
2 1467 2127 
2 1234 1511 
4 468 1357 1385 2506 
4 398 786 1371 1403 
3 915 1171 2846 
1 2395 
3 621 1997 3164 
2 831 2148 
2 2966 3132 
1 1158 
2 237 3120 
5 1335 1410 1437 2960 3112 
2 261 2544 
3 6 2392 2705 
4 279 941 1272 1909 
4 1102 1414 2310 2554 
1 71 
6 4 158 977 1311 2269 2836 
1 1330 
1 1736 
3 134 1369 1666 
3 1278 2098 2759 
3 1725 2164 2295 
2 600 619 
6 50 402 541 2672 3192 3204 
3 122 1335 1527 
1 854 
5 91 776 1162 2692 3031 
4 201 1509 2285 2949 
3 561 1516 2999 
0 
3 209 1423 1627 
2 1234 1510 
2 1131 1301 
1 2046 
4 37 527 748 2545 
1 98 
4 505 1257 2028 2589 
8 387 882 898 1704 2284 2569 2859 2958 
2 400 3098 
4 11 279 359 1807 
1 722 
1 18 
3 122 1462 2820 
1 1014 
0 
2 458 1089 
4 985 1792 2167 2258 
1 1618 
4 267 678 904 1887 
5 1621 1883 2605 2646 3015 
1 721 
1 675 
2 1413 1805 
4 877 1400 1706 2963 
0 
2 735 1157 
2 227 2145 
5 694 816 2299 2835 3231 
2 2846 3007 
4 8 112 2464 2535 
3 778 2396 2791 
2 1293 2388 
1 706 
3 1493 2532 3148 
4 912 3012 3088 3159 
1 3250 
1 707 
4 305 684 2324 2412 
4 275 2439 2551 2888 
5 15 42 1764 2413 2638 
3 1245 1392 3263 
0 
1 2239 
2 552 2869 
4 733 2240 2419 3123 
1 3231 
2 878 3104 
3 15 989 1321 
3 615 1715 2194 
2 689 2854 
4 693 1267 2667 3139 
2 488 2602 
3 188 576 1689 
2 1829 2992 
6 77 444 557 1455 2467 2880 
5 274 1073 2612 3191 3263 
3 2 2914 2941 
0 
2 373 2728 
2 184 2238 
3 1078 2079 3150 
2 620 888 
2 1911 2697 
4 562 1040 1790 1898 
3 677 863 1725 
5 61 667 1052 1243 2510 
4 157 519 1566 1647 
3 89 1733 3044 
3 780 1759 1835 
2 192 988 
1 867 
3 1859 2785 2808 
1 2629 
3 1005 2401 2969 
2 32 1025 
4 1770 1905 2529 3212 
4 701 1921 3160 3213 
2 1193 2287 
2 682 1221 
2 753 2887 
2 1528 3289 
1 540 
1 2566 
2 1193 2664 
0 
4 294 301 866 2764 
3 271 397 3048 
3 813 1616 2576 
3 353 1847 2377 
0 
4 113 750 1534 2381 
3 661 1156 2660 
0 
4 139 146 747 1643 
0 
1 1544 
8 736 1097 1131 1802 2337 2573 2821 3257 
0 
4 2116 2493 2496 2503 
2 84 3150 
1 284 
5 546 1106 1772 1796 2770 
1 2405 
1 1122 
3 562 1310 2274 
3 349 779 2101 
3 1097 2680 3071 
2 2984 2991 
2 1749 2718 
5 159 438 1038 1346 1749 
3 472 1276 3022 
1 45 
3 780 2483 2598 
2 537 2074 
4 811 850 2136 2950 
2 1006 1967 
2 936 2759 
2 1224 2178 
2 2634 2877 
3 653 1489 1668 
4 866 911 1772 2226 
2 687 1997 
2 762 961 
6 725 769 936 957 2011 2491 
1 1111 
4 1328 1721 2364 3237 
2 2082 2626 
5 153 468 2286 2808 3001 
1 1908 
2 629 1062 
5 58 842 942 1443 2586 
2 1694 2891 
5 9 360 1256 2695 2851 
5 1092 2186 2541 3194 3279 
1 3093 
0 
2 60 2354 
3 1987 2045 2449 
4 854 1283 1426 2654 
1 2261 
2 2136 3144 
2 557 818 
6 938 1198 1222 1939 2231 2713 
2 2139 2501 
2 105 3213 
4 172 1267 1756 3062 
6 278 1431 1666 1932 1963 3246 
2 1891 2507 
2 1706 1804 
2 558 2932 
1 1875 
0 
4 355 2249 2762 3294 
3 395 3001 3255 
2 771 2567 
1 2173 
3 55 333 744 
1 1164 
2 1068 1377 
4 484 684 1672 2869 
2 63 1543 
1 798 
3 2122 2124 2568 
0 
3 390 602 3105 
3 1692 2519 2969 
5 1086 1241 1767 2246 3155 
0 
1 2219 
4 54 182 468 1593 
1 323 
3 1315 1874 2924 
4 998 1073 1371 3018 
3 71 120 3288 
1 633 
3 1957 2003 3166 
1 3270 
1 1164 
3 341 1179 2970 
2 853 1680 
4 68 2310 2349 3004 
1 1020 
2 159 2675 
2 81 220 
2 863 2985 
5 320 787 1170 1456 2959 
1 2433 
3 334 397 2424 
3 1101 1255 1323 
1 2152 
3 1146 1577 2789 
5 238 1189 1230 1256 2375 
7 289 1747 1992 2057 2178 2192 2326 
1 771 
2 554 2833 
1 2942 
3 406 836 1476 
5 397 652 795 1675 3253 
2 2232 2629 
2 1829 2278 
2 2197 3020 
2 1212 1596 
2 1917 2094 
2 580 1628 
1 1820 
3 492 2888 3177 
6 225 721 841 996 1664 2876 
2 429 1237 
4 507 2571 2584 3080 
4 742 777 900 1614 
5 314 727 2601 2677 3213 
2 1399 2453 
1 1416 
3 597 1274 1290 
3 166 1148 3251 
3 1372 1551 1826 
3 56 1323 2290 
5 170 1647 1902 2558 3241 
0 
6 356 990 1002 1649 2730 2744 
2 609 680 
4 703 969 1262 2419 
1 920 
2 2562 2597 
1 171 
1 664 
3 64 2439 3080 
2 1741 2125 
2 153 2006 
4 500 1362 1378 3082 
3 1591 2877 3123 
3 178 718 3029 
2 2378 3029 
2 568 2574 
4 541 1254 2232 3159 
1 2685 
2 378 398 
4 1191 1405 2082 2539 
3 284 2471 3098 
4 273 308 1659 2974 
1 2071 
2 664 2673 
4 470 1479 2764 2933 
1 866 
1 144 
1 1105 
0 
2 675 1111 
4 2031 2312 2394 2456 
2 261 1765 
2 1708 2817 
5 1788 2240 2687 2791 2968 
3 541 1273 2293 
1 3178 
4 614 777 1541 2924 
3 691 2840 2952 
3 509 1749 3260 
1 998 
1 630 
2 548 2700 
2 1329 3289 
1 2856 
3 572 946 2085 
2 279 879 
4 470 1585 1690 2878 
2 1313 1543 
2 1783 2461 
2 1936 3188 
2 2075 2811 
1 2458 
5 410 429 2047 2562 3179 
1 2217 
2 2051 2104 
3 464 2880 3277 
0 
2 35 2002 
5 164 1295 1561 1633 2201 
2 453 940 
2 2220 3105 
4 773 780 1022 1823 
3 1427 2509 3042 
2 799 960 
2 1633 2150 
2 934 3240 
3 298 640 1325 
5 480 617 787 2788 2945 
1 2792 
5 302 527 1732 3202 3213 
2 286 2220 
3 919 1532 2013 
4 1104 1758 1817 1833 
4 1580 2120 2262 2271 
1 1262 
3 129 498 1292 
2 496 1099 
4 94 228 1653 2362 
0 
1 2969 
3 234 1805 2266 
3 983 2148 2883 
4 525 780 1006 2627 
3 1010 1477 1895 
1 1470 
6 398 938 1276 1872 3029 3296 
2 779 2904 
4 159 547 1255 1978 
0 
0 
1 1811 
2 34 3242 
3 172 2614 3103 
4 469 1342 1436 2239 
1 878 
2 605 2174 
1 1168 
3 175 1792 2769 
5 1808 1812 1862 2300 3293 
5 382 574 1057 1497 2150 
2 1026 1531 
0 
1 643 
2 1074 2157 
3 87 1157 2561 
4 1360 1569 2723 3234 
4 583 2337 2498 3110 
2 1261 2094 
2 956 1314 
2 2106 2792 
2 673 2756 
1 3273 
0 
4 726 1522 1640 2854 
6 498 704 1108 1455 1814 1849 
2 876 2151 
5 148 1481 1506 1926 3200 
4 1209 1529 1534 2810 
2 1795 2640 
1 69 
2 1602 2392 
3 863 1398 2633 
2 539 2705 
2 829 914 
2 413 3041 
0 
3 190 1550 2720 
2 876 2593 
3 1063 1776 3024 
4 1030 1899 2149 2278 
2 413 730 
3 257 772 957 
2 577 2386 
3 114 2002 3074 
4 309 2428 2680 2770 
1 958 
3 1466 2039 2600 
1 1308 
2 1340 3129 
2 86 670 
1 354 
5 62 120 133 1463 1739 
5 303 1337 1733 1748 2319 
3 255 542 1112 
5 583 1882 2583 3028 3170 
4 838 1370 1426 1461 
3 265 2009 3037 
3 161 936 2893 
1 1226 
0 
3 201 731 1194 
3 526 975 1808 
2 267 3083 
1 3028 
4 98 465 608 3116 
1 1004 
3 502 1421 1903 
0 
3 168 1102 1349 
2 1368 2850 
4 39 1739 2171 3090 
1 2496 
0 
3 766 1613 1804 
0 
5 720 1468 2110 2254 2889 
1 2123 
1 3265 
0 
1 195 
3 2068 3010 3245 
3 266 1378 2992 
3 265 1243 1967 
4 479 1207 1382 2978 
1 2112 
2 1944 2955 
1 1579 
3 722 1799 2083 
1 2432 
2 539 3292 
4 1424 2691 2861 3208 
5 1230 1562 1791 2141 2491 
3 974 2546 3268 
1 2699 
6 174 479 1802 2611 2850 3183 
4 1942 2239 2249 3166 
1 571 
2 786 1356 
3 1003 2218 3187 
2 1425 2843 
0 
2 190 2809 
1 2507 
3 546 815 1817 
1 3280 
2 1489 2739 
3 492 1344 2310 
1 428 
3 514 712 829 
3 978 1240 2157 
1 2092 
2 1500 2230 
3 2331 2384 3057 
2 717 2214 
0 
2 296 3284 
7 427 574 1095 1648 1866 1953 2731 
1 2107 
4 8 612 1785 2997 
1 2332 
1 2228 
3 823 2309 3232 
0 
2 76 438 
4 146 672 2371 2780 
3 2748 3070 3202 
3 1179 1409 2062 
2 134 790 
2 337 3140 
1 1939 
4 612 1081 2997 3000 
3 1473 1619 3161 
3 83 753 763 
1 1602 
2 951 1606 
2 123 2614 
1 845 
4 370 641 1033 2347 
2 1820 2274 
1 947 
4 902 2501 2694 2990 
2 758 3263 
3 512 1154 3271 
1 989 
5 108 1145 1557 2609 2784 
3 623 1792 2103 
3 781 904 2027 
1 1018 
3 590 1186 2611 
1 2729 
3 2194 2325 2764 
3 366 2934 3269 
6 1201 1258 1448 1656 2597 3026 
4 1261 1658 1707 2785 
3 1183 1189 1585 
2 1221 2269 
0 
1 760 
1 2666 
2 1176 3114 
6 1130 1437 1454 1780 2344 3223 
3 1311 2041 2687 
2 2825 3031 
0 
2 491 1156 
5 50 1125 1831 1839 3298 
2 659 753 
2 16 2619 
1 2690 
1 1970 
2 1324 1361 
0 
2 3202 3263 
3 297 1216 2517 
3 23 408 2652 
3 2351 2770 3028 
1 51 
2 1872 2685 
2 1657 2118 
3 1215 2077 3187 
4 1109 1832 1991 2738 
3 847 2734 2907 
2 477 1863 
3 871 1811 2130 
4 159 1882 2321 2531 
2 1514 1611 
1 2187 
1 259 
3 1868 2077 3145 
3 1107 1371 2268 
1 2034 
5 748 1129 1757 1796 1921 
3 682 979 1820 
4 635 1814 2356 2426 
1 2318 
2 529 2572 
3 460 1269 2110 
3 653 1459 1624 
2 513 2497 
3 814 834 3258 
3 226 2222 2993 
2 71 2078 
1 35 
1 971 
5 279 1944 2571 2921 2978 
2 842 2172 
2 140 630 
1 2872 
2 2378 3088 
1 2066 
4 232 1377 2055 2851 
3 22 554 1124 
2 2432 3160 
2 188 2132 
5 128 835 1091 2393 3262 
1 2455 
1 1689 
0 
3 1119 1932 2187 
0 
0 
3 1113 1640 2858 
0 
1 3061 
3 848 1119 3033 
1 2269 
2 894 2341 
4 20 1263 1533 1969 
6 734 740 2365 3074 3220 3289 
5 517 1025 2424 2927 3079 
1 3106 
0 
0 
4 799 1778 2900 3226 
2 1705 2314 
2 362 2956 
1 1117 
2 1763 2836 
2 1667 2154 
2 532 1396 
3 71 2855 2988 
3 1308 2134 2375 
3 1048 2221 3032 
2 1915 2383 
1 992 
4 1422 1661 2261 2834 
2 1516 2470 
3 858 2550 2682 
0 
2 1940 2173 
1 1144 
2 1138 2553 
1 1676 
5 287 619 2423 2442 2952 
1 2010 
1 1376 
2 735 1120 
4 44 466 799 3195 
2 2100 2395 
1 774 
2 106 1418 
2 1023 1839 
2 1760 2371 
1 8 
0 
5 848 1056 1617 2368 3134 
2 2648 3288 
1 1517 
1 2688 
4 627 658 1746 2984 
1 1568 
1 1924 
4 603 864 1882 3031 
1 565 
2 74 2567 
6 134 1074 2060 2787 2839 2983 
2 823 2697 
4 82 152 1609 2076 
4 722 1047 1656 3061 
0 
5 697 1526 2093 3029 3181 
5 175 1349 1357 1470 2469 
2 370 1464 
6 128 298 534 1820 1933 2319 
2 504 1332 
1 3072 
0 
1 1414 
2 1668 2793 
4 119 437 891 2662 
8 845 962 1528 2034 2632 2800 2909 3053 
3 94 789 848 
3 663 1828 2246 
3 460 1117 2784 
5 347 1394 1688 1818 2880 
1 2539 
2 982 1118 
2 878 949 
4 125 1192 1845 2267 
3 562 1732 1859 
0 
2 163 492 
3 707 802 2671 
1 2755 
6 141 521 578 1161 2601 3116 
0 
0 
4 640 1646 2788 2802 
4 149 909 1562 3014 
1 870 
0 
2 767 960 
2 1581 1587 
4 362 647 2092 3230 
1 1597 
2 2012 2631 
2 128 3257 
0 
4 196 795 1985 2247 
0 
4 420 2522 2693 3035 
3 1845 2743 2949 
2 1529 2406 
2 28 3270 
0 
3 289 870 2218 
2 2773 3288 
4 230 543 950 2519 
3 688 1780 2271 
3 5 555 2357 
4 933 1748 1918 2515 
2 1541 3172 
1 1381 
0 
3 335 1773 2590 
4 447 620 2066 2233 
4 253 659 2241 2546 
2 1311 2506 
2 1394 2986 
1 1325 
2 221 2935 
1 2396 
2 3172 3224 
3 1012 1206 2145 
1 38 
4 202 424 761 2310 
5 312 643 1126 1302 2639 
1 2698 
4 922 1446 2091 2354 
1 983 
4 2 406 518 828 
3 2107 2672 3161 
3 88 1803 2142 
2 1362 3285 
1 3196 
0 
3 601 704 2175 
0 
4 109 845 873 1426 
4 1135 2338 2633 3173 
2 941 1304 
1 326 
4 193 236 1505 2344 
2 782 2425 
3 298 453 917 
3 154 644 2338 
0 
4 25 299 1249 3140 
4 150 1856 2655 3177 
2 128 2682 
2 637 651 
1 514 
3 1017 2349 2533 
2 1838 2663 
1 2474 
2 409 1013 
1 3237 
2 968 1811 
2 1657 3286 
2 444 1071 
1 253 
2 766 1649 
0 
2 498 2130 
3 1033 1246 1511 
3 2011 2538 2559 
3 541 1931 2590 
2 500 2298 
2 339 2682 
2 13 1763 
3 1379 2826 2969 
1 1062 
3 628 1246 1943 
2 432 2068 
1 2767 
3 422 980 2372 
1 1135 
3 886 1318 2364 
1 204 
4 25 91 168 1486 
3 148 1815 3172 
0 
1 1830 
2 1034 2742 
3 293 646 1641 
2 587 1020 
5 219 629 829 1154 2595 
1 872 
4 1611 2593 2944 3099 
2 2380 3059 
2 46 330 
2 1220 1949 
2 815 1175 
4 886 1046 2743 3171 
2 1355 2878 
0 
4 408 1297 1851 1852 
1 1048 
7 216 506 1385 2170 2764 2792 3163 
0 
6 628 1383 1809 2127 2393 2832 
1 397 
1 1885 
3 360 2686 3153 
3 1535 1564 2273 
1 1440 
1 2275 
2 184 697 
1 1969 
3 1259 1303 2751 
0 
5 1204 1852 2735 2741 2832 
3 516 2660 2786 
2 996 2700 
3 868 1436 1993 
2 680 2003 
1 1975 
2 197 1922 
2 139 629 
2 241 2232 
4 894 1660 1932 2187 
3 2071 3025 3110 
1 213 
0 
1 1091 
3 637 1581 1861 
3 2110 2489 3040 
0 
3 375 679 1646 
2 641 1252 
0 
6 319 869 1926 2072 2331 3203 
1 17 
4 138 1225 2770 3076 
0 
3 281 2081 2527 
2 1031 2677 
4 185 1210 2328 2878 
2 657 2955 
3 1055 1925 2205 
3 1064 1920 2422 
7 795 1020 1323 1554 2646 2689 2733 
2 45 937 
1 2753 
2 1455 2837 
1 1754 
3 803 2067 3128 
1 49 
1 2138 
2 1478 2677 
1 272 
3 440 968 1399 
3 510 637 1125 
1 2816 
1 1718 
2 270 1390 
2 50 2275 
2 2288 3002 
3 787 1548 2893 
1 2942 
1 2837 
1 1313 
1 454 
2 1117 1524 
1 2254 
2 495 3053 
1 2019 
1 3254 
1 3158 
4 1125 1742 2824 2990 
4 711 989 1429 2950 
3 394 842 2145 
2 1705 2515 
0 
4 1162 1734 2626 2781 
2 1524 1618 
3 1020 2504 3240 
4 527 669 1589 2805 
1 1016 
4 203 1247 2757 3142 
0 
5 1011 1592 1832 2450 2466 
3 18 582 626 
5 1040 1634 2338 2812 2870 
2 1575 2430 
6 316 959 1246 2523 2711 3138 
0 
2 2059 3283 
3 1096 2477 2660 
3 288 1907 2988 
3 549 580 2331 
2 853 2980 
3 509 958 2126 
2 1434 2276 
4 899 2665 2795 2924 
1 2814 
5 991 2517 2812 3129 3299 
1 2966 
1 2684 
0 
2 2269 2962 
2 1364 3193 
1 1611 
4 338 2059 2485 2884 
6 776 1070 1629 1702 2504 2954 
2 173 2253 
2 529 1660 
2 421 2260 
2 690 2151 
0 
0 
0 
2 974 1644 
0 
1 1602 
4 1076 1903 1994 2866 
1 1595 
3 419 606 2429 
0 
2 49 2440 
1 1327 
1 991 
1 3125 
1 2125 
4 401 654 1994 2590 
1 658 
3 627 1349 2420 
2 252 1634 
1 2028 
4 1150 1661 1665 2353 
0 
3 655 1211 2302 
1 1232 
2 599 1937 
1 2100 
2 398 2469 
1 2815 
2 988 1667 
2 2047 2610 
3 1448 1460 1621 
4 92 2081 2272 3241 
4 190 1245 1673 3104 
2 651 2265 
3 737 1255 2509 
3 992 1287 2414 
2 1689 3042 
8 345 975 1558 1623 1725 2468 3191 3211 
6 213 273 946 2301 2842 3283 
3 1192 2113 2442 
4 257 560 747 992 
3 1389 2270 2626 
5 1618 1728 1987 2040 2258 
1 2417 
2 2567 2760 
1 1957 
2 1753 2531 
2 911 1296 
0 
5 491 817 922 2230 2705 
2 752 1777 
3 1664 1742 2430 
2 2478 2667 
1 72 
1 1443 
1 2015 
3 27 30 1001 
2 872 2908 
3 1992 2164 2517 
2 451 1710 
1 1426 
4 612 2016 3251 3267 
7 263 318 610 1913 2932 2951 3237 
3 1109 2999 3160 
2 1531 2908 
0 
5 347 2495 2611 2894 3058 
3 933 3117 3287 
7 143 198 1056 1273 2206 2379 2584 
0 
4 203 1389 2182 2632 
2 14 2000 
2 547 723 
1 2585 
3 244 1235 2646 
4 980 2413 2627 3222 
6 336 2203 2283 2301 2527 2631 
1 543 
1 2802 
1 1757 
1 2882 
2 1469 2058 
0 
3 847 1991 2411 
3 1584 1875 2380 
2 1051 2106 
5 948 1864 2018 2192 2785 
6 1277 1410 2623 2860 2872 2959 
2 2466 2919 
2 2883 3032 
4 1578 2473 2878 3185 
5 168 921 1119 2408 3219 
0 
2 1277 3276 
2 147 2374 
4 30 187 1462 3100 
2 465 2040 
3 887 2195 3180 
2 401 1466 
1 826 
3 332 1808 2543 
2 1501 2224 
2 507 858 
4 120 1279 2702 2801 
1 1659 
0 
2 297 2722 
3 3115 3277 3280 
7 17 995 1098 1499 3102 3228 3297 
4 447 1824 3228 3298 
0 
1 261 
8 1099 1901 2100 2446 2495 2762 3000 3231 
0 
0 
1 1242 
3 87 1890 3224 
7 385 1150 1373 1487 1765 3008 3082 
2 399 2559 
2 1038 2229 
1 866 
6 158 560 2261 2397 2746 2865 
1 744 
3 1230 2503 2519 
4 674 1460 1536 2099 
2 544 1096 
1 30 
5 676 1524 2858 2946 3255 
1 2380 
2 149 1531 
2 527 1162 
0 
1 2177 
4 507 657 2740 3183 
3 123 860 2974 
5 370 1489 2744 3123 3281 
0 
2 2411 2774 
1 2678 
5 933 939 1987 2169 3068 
2 1468 1512 
1 2040 
0 
1 403 
0 
1 2885 
2 988 1186 
2 432 1369 
1 3250 
3 750 2417 2441 
2 1497 2538 
1 83 
3 1272 1413 2579 
4 723 874 2015 2038 
1 1081 
3 876 1346 2254 
3 2481 3195 3245 
2 378 2887 
3 1661 2692 3026 
4 952 1672 2318 2769 
4 238 404 523 2223 
4 462 2404 3164 3214 
2 1117 1243 
3 1143 1343 2186 
2 1118 2824 
5 376 896 1598 2187 2430 
5 330 1405 1491 1668 2617 
4 1210 1514 1652 2989 
0 
2 324 2548 
6 355 863 1545 2327 2532 2647 
3 365 1514 2961 
4 646 803 2947 3126 
3 151 1203 1522 
3 776 1253 1660 
0 
0 
0 
2 816 1653 
4 440 1526 2170 2354 
3 402 3127 3223 
3 854 1806 2268 
2 448 1217 
3 1780 2799 3150 
2 184 2279 
1 2956 
2 415 836 
2 2628 2724 
3 285 1941 2024 
0 
0 
1 1 
1 481 
6 270 494 1908 1980 1993 2064 
1 1259 
5 296 709 1181 1530 2827 
3 5 921 3078 
3 314 461 3063 
5 212 822 1805 2652 3241 
2 1698 2006 
2 196 788 
1 2312 
1 84 
1 1717 
2 1693 3058 
0 
2 1870 2783 
3 1775 2714 3206 
2 581 1489 
1 2380 
5 410 664 2230 2772 2784 
3 1199 1457 2323 
3 363 680 805 
4 584 1118 2282 2523 
3 907 1777 2672 
1 1893 
4 358 1553 2571 2632 
0 
0 
3 152 2873 3189 
1 1894 
4 200 705 1753 2115 
1 2881 
1 1697 
2 1439 2420 
3 126 3153 3244 
3 277 2680 3110 
1 782 
2 9 3292 
2 2455 3006 
3 1749 2888 3213 
4 648 721 1531 2160 
2 1909 2971 
2 2783 2839 
3 164 1536 2031 
4 84 244 2937 3266 
2 2076 3023 
1 2443 
3 944 1264 3264 
3 171 724 1017 
2 1459 2613 
6 104 238 290 1774 1926 2978 
2 645 2783 
0 
3 354 1759 2537 
3 1016 1035 3017 
4 115 1963 2239 3072 
2 884 3208 
6 1454 1545 2063 2083 2230 2305 
0 
2 2581 3121 
0 
1 1234 
2 849 2567 
5 384 1017 1295 1874 3102 
5 765 766 913 1724 2143 
2 427 2991 
2 450 623 
3 2226 2566 3261 
2 1540 1715 
2 1430 1988 
1 2319 
2 802 2050 
4 1156 1573 2253 2838 
1 947 
3 254 725 1738 
2 1227 2900 
1 2457 
2 235 1859 
5 1202 1354 2467 2663 3233 
1 696 
4 906 1611 2085 3147 
2 1947 2350 
6 450 581 823 2781 3038 3234 
4 26 2655 2684 2782 
4 362 1945 2013 2893 
3 137 732 3269 
0 
4 758 777 1936 2003 
8 578 1299 1817 1868 1978 2322 2517 2926 
1 1735 
2 1701 1802 
1 1003 
2 1544 1708 
3 127 380 1198 
2 2464 2978 
5 1125 1293 1677 1799 2456 
2 70 2838 
1 1 
2 923 2580 
0 
4 279 1083 1963 2665 
1 1967 
2 2275 2910 
2 279 908 
2 315 2401 
4 720 2873 2992 3039 
1 1056 
8 303 395 673 972 1110 1816 1930 2595 
1 1963 
4 1976 2065 2544 2547 
3 993 2312 2422 
4 179 758 1156 2149 
0 
3 1883 2192 3206 
4 1052 1780 2019 2994 
2 174 2333 
1 75 
4 753 1059 1775 2046 
2 1317 2185 
6 201 372 805 1038 1981 2704 
6 679 955 1692 1868 2394 3023 
3 1675 2602 2654 
3 666 1832 3155 
4 973 1026 1594 2315 
4 435 1385 2050 2349 
2 439 3083 
4 965 1148 1342 3209 
3 423 973 2203 
0 
5 342 989 1158 1830 1942 
3 110 502 1365 
5 1792 1818 1992 2748 2832 
4 947 1068 1773 2904 
5 582 1259 1816 2699 2907 
3 2080 2239 2951 
5 861 1103 1157 1248 2776 
5 39 582 1899 1920 2629 
1 2080 
2 481 936 
3 1603 3009 3208 
2 2902 2940 
3 872 2374 3299 
4 79 2395 2663 3097 
3 177 1257 2846 
4 589 710 856 1899 
5 129 181 1367 1814 2606 
2 186 1130 
6 267 380 562 1145 1466 1807 
3 585 624 947 
0 
4 725 2157 2619 2929 
3 2215 3214 3244 
0 
4 161 1338 2481 2497 
3 1130 1226 2741 
1 421 
0 
2 2550 2986 
2 464 2913 
3 283 2102 2577 
3 1263 1286 2643 
2 215 1850 
2 309 745 
0 
3 989 2776 2898 
2 608 1846 
4 53 1381 2017 2911 
2 1381 1396 
0 
0 
3 387 481 3107 
3 1333 2224 2967 
1 608 
2 198 2001 
5 728 1264 1762 2197 3181 
3 446 3024 3094 
2 1410 2880 
2 973 2982 
4 1147 2006 2988 3151 
2 1580 3224 
1 176 
1 1081 
0 
5 1153 1773 1805 2376 2822 
2 2076 3013 
3 284 1700 2136 
2 2248 2410 
4 134 960 1142 2171 
2 2474 3299 
3 828 1748 2585 
2 807 1578 
2 382 2997 
2 3231 3280 
3 419 496 2661 
1 455 
2 318 1905 
0 
3 1019 1149 1237 
2 676 1798 
5 61 2357 2525 2785 2887 
1 1387 
1 2500 
3 675 2030 3204 
2 528 2544 
3 1965 2682 2845 
1 1610 
2 613 804 
1 298 
1 1709 
3 1714 2277 3253 
4 958 2475 3079 3099 
0 
3 300 338 2105 
3 603 720 2186 
4 1004 1821 1829 2377 
1 2874 
1 1606 
2 874 2469 
3 547 1031 1500 
1 3219 
2 732 1880 
1 2599 
3 1474 2003 3089 
3 785 1687 3189 
3 640 1726 2470 
2 2222 2404 
1 719 
0 
1 1556 
1 330 
3 214 514 1208 
2 280 2711 
3 45 271 859 
4 67 318 1295 2412 
3 148 322 2757 
4 1425 1821 2469 2846 
2 733 1156 
2 1402 2159 
0 
5 193 335 1236 2183 2777 
2 26 1424 
4 991 1416 1735 2094 
3 353 2875 3295 
2 2810 3016 
2 344 2254 
4 140 1792 2278 3078 
3 118 1351 2767 
5 803 1183 1405 1993 3275 
5 133 582 1248 2103 3142 
1 421 
0 
2 924 1772 
2 1518 2085 
3 581 2169 2330 
3 238 799 1094 
1 1214 
3 1682 2414 2988 
3 139 1060 1814 
6 253 1357 1976 2271 2928 3277 
5 610 1050 1169 2222 2904 
3 265 312 1769 
0 
1 1766 
1 2120 
4 211 1376 2596 3153 
3 2388 2941 3173 
0 
0 
2 1081 2368 
0 
1 2676 
3 553 2426 3199 
5 442 832 1539 2871 3264 
1 2463 
0 
0 
0 
2 2228 2304 
5 803 1740 1785 1793 2206 
2 2800 3184 
2 1889 2810 
0 
5 544 772 1047 1786 2244 
1 2414 
4 1192 1393 2509 2876 
1 1134 
0 
1 330 
0 
0 
2 1401 2413 
3 361 1794 1943 
1 44 
3 609 962 1773 
0 
4 180 1687 3142 3254 
2 147 1804 
2 456 3190 
3 2432 2527 3177 
0 
2 1283 2505 
0 
3 794 1536 1633 
2 1754 2630 
2 2117 2221 
2 324 490 
5 549 1145 1577 2212 2949 
6 849 1552 1816 2206 2246 2300 
5 559 1399 1687 1932 2260 
3 1500 1509 2003 
1 3279 
1 2510 
6 268 596 632 778 3000 3182 
1 2817 
1 2417 
3 97 1565 3246 
4 162 194 1858 2816 
4 94 932 1008 2418 
6 832 1400 1772 1907 1994 2674 
1 3279 
4 2193 2198 2779 3058 
4 302 885 1693 1863 
2 2249 2769 
0 
4 107 129 1021 2838 
3 1219 2055 2173 
3 780 1350 2250 
2 79 1280 
5 475 946 1769 2794 3133 
2 488 581 
5 163 1549 1647 2618 3137 
5 218 333 549 1555 2726 
1 1851 
4 366 541 605 1580 
4 1451 1799 2332 2470 
2 2315 2955 
1 43 
1 435 
1 2073 
4 211 1682 2141 2960 
1 2635 
1 2454 
3 126 1111 2717 
3 663 1513 3134 
3 25 2286 2380 
2 1887 3268 
3 905 1728 3120 
1 2773 
1 3061 
3 1155 1255 2182 
2 13 2166 
0 
5 135 383 541 554 3136 
1 1647 
3 514 540 1011 
4 495 1536 1590 1635 
2 1126 3122 
1 577 
0 
1 2849 
1 794 
4 262 660 1802 2955 
4 1 927 1523 2959 
2 134 2657 
0 
3 1756 1809 2770 
3 316 929 2380 
3 2114 2800 3012 
2 291 3040 
4 454 2348 2728 2834 
2 1175 2010 
1 2831 
1 849 
2 1575 2727 
2 1472 1488 
3 1240 2069 2896 
1 2585 
2 1091 2782 
3 1742 2616 2617 
3 515 1687 2726 
1 1794 
6 1174 1300 2455 2868 3059 3269 
3 1431 2640 2961 
3 1045 1358 2861 
1 2060 
0 
4 618 897 1406 2693 
3 1416 2337 3150 
5 325 2023 2241 2321 3225 
2 770 3173 
2 925 2806 
4 1242 1730 1869 2112 
4 86 271 1144 1153 
1 1166 
4 203 234 717 2096 
3 1819 1822 3229 
3 340 1420 1525 
8 153 287 783 894 2139 2219 2787 3052 
3 1052 1742 3267 
1 2555 
6 430 919 1765 1937 2265 2496 
0 
1 160 
0 
2 344 2409 
1 2731 
1 1313 
3 1075 1278 2856 
3 1245 2424 2941 
3 859 982 1926 
1 588 
3 2079 2560 2939 
2 2942 3199 
2 647 3214 
2 1618 2958 
5 1223 1519 1606 2420 2528 
4 564 623 762 2673 
1 1844 
3 1110 1933 2370 
2 929 3045 
2 560 1897 
3 332 984 1579 
2 1082 1316 
0 
3 2178 2259 3119 
3 1040 1161 1411 
0 
2 1049 2076 
1 1533 
2 195 2052 
5 87 350 431 1715 2209 
2 755 2589 
2 1989 2763 
1 1143 
3 318 545 3003 
3 948 1948 3040 
1 79 
1 819 
3 534 619 1041 
2 819 2337 
3 884 1508 2714 
2 243 1477 
3 626 1385 2478 
1 3179 
1 2960 
3 1148 1348 2668 
2 103 359 
1 1178 
4 390 2602 2704 2958 
2 1206 2522 
1 2541 
5 771 797 1870 2917 3041 
4 257 342 388 2653 
3 1433 2534 2980 
4 613 800 2082 2926 
1 434 
3 1056 2024 3160 
4 356 1317 2728 3017 
3 1749 2622 3278 
3 559 592 2194 
4 683 1308 1456 2169 
1 2724 
0 
6 633 956 2433 3017 3048 3156 
2 1004 1796 
3 939 974 2541 
5 45 990 1493 2400 2497 
2 846 2493 
2 2495 2620 
4 614 1203 2155 2649 
1 2154 
1 205 
6 420 978 1074 1835 2580 2667 
1 2339 
3 93 1922 2610 
1 1725 
0 
2 524 3174 
0 
2 648 1552 
1 407 
4 428 2035 2244 2826 
1 673 
2 428 3146 
4 592 1633 1938 2145 
4 303 1383 1673 2812 
3 564 1035 1872 
3 200 265 1170 
4 812 1214 2010 2880 
1 970 
2 1321 2388 
1 3233 
4 100 278 1626 3069 
5 81 589 774 849 2109 
2 2279 2439 
2 560 2890 
1 2532 
4 1564 2034 2307 2836 
1 1924 
1 2508 
2 161 1803 
3 790 1657 1898 
6 405 1151 1183 1405 1659 2742 
5 132 602 2476 2489 3159 
5 2373 2819 2821 3079 3154 
0 
1 2241 
4 492 849 1580 1798 
8 2005 2280 2573 2806 2809 2834 3048 3173 
3 705 1115 2144 
2 1591 2486 
2 3148 3258 
7 164 279 857 1859 2206 2883 3257 
4 207 586 2005 2830 
2 2481 3058 
1 621 
3 933 2450 2862 
2 257 2464 
2 1570 1812 
0 
1 1424 
6 1562 1963 1992 2197 2420 2664 
1 3144 
0 
2 2115 2800 
0 
0 
1 1991 
1 421 
1 1078 
3 1836 2705 3108 
0 
3 928 2992 3050 
4 1063 1290 2737 2944 
3 825 2082 2655 
2 935 945 
2 1207 1989 
4 610 1165 1910 1944 
2 438 1654 
2 1595 1856 
3 260 342 2847 
4 777 1752 2552 3235 
0 
3 370 1085 1962 
3 528 1613 2674 
7 586 1076 1543 1704 1742 2970 3097 
2 799 2944 
5 331 855 891 1404 2380 
3 211 1300 2947 
1 34 
3 2342 2691 3190 
1 2641 
1 512 
2 596 716 
6 359 699 968 1060 1740 1819 
2 701 908 
4 505 1301 2073 2191 
2 2565 3120 
2 2892 3256 
3 87 1967 2166 
1 2968 
5 425 823 1257 1992 2328 
2 1283 2514 
2 1871 2599 
3 809 1060 2007 
2 2011 2420 
1 388 
1 2760 
2 1490 1757 
5 136 1040 1449 1649 1929 
2 537 3236 
3 190 285 2789 
0 
3 377 673 1536 
5 285 358 2109 2774 3112 
3 1492 1993 2873 
6 796 1210 1615 2903 2919 3193 
1 948 
4 279 392 2932 3184 
1 3259 
3 59 1527 2085 
2 955 2736 
2 1263 3069 
4 50 1154 1675 2446 
5 643 1120 1190 1485 2641 
2 456 1535 
5 948 1293 1943 2347 3127 
3 115 1525 2475 
2 311 1389 
4 265 761 1103 2625 
6 50 1391 1441 1787 2418 3258 
3 600 1478 2936 
2 366 1894 
6 489 856 1004 1930 2775 2927 
2 1678 2179 
1 2193 
1 3214 
1 1707 
3 1570 2488 2975 
2 664 2875 
2 654 2576 
2 784 2029 
2 734 3243 
2 1442 2438 
0 
2 873 2721 
1 2618 
2 347 2532 
3 228 909 2965 
3 2802 2878 3158 
1 648 
0 
3 315 3161 3174 
4 1352 2407 2874 2888 
1 684 
2 973 1992 
2 1532 1570 
3 401 1516 2458 
1 3159 
1 1962 
2 1742 2705 
4 147 196 354 2545 
5 255 370 2182 2425 2832 
0 
2 1086 2379 
4 641 837 1071 1310 
2 2510 3068 
3 905 1695 1795 
1 213 
3 1199 3026 3055 
3 1808 2020 2333 
0 
0 
5 303 1159 1653 2615 3240 
3 1017 1248 1755 
1 2768 
2 1149 2073 
1 1773 
1 1705 
4 694 2380 2407 2646 
4 589 1115 2351 2760 
3 849 2545 2922 
1 1664 
2 1422 2246 
2 2627 2827 
2 322 1938 
3 1077 1416 1475 
2 1084 2019 
2 1800 2315 
1 3093 
2 254 2701 
2 59 406 
5 518 753 981 2072 2124 
4 1324 1330 1468 2730 
3 131 2158 2454 
3 82 239 3196 
1 1191 
3 48 2235 2948 
3 2646 2714 2932 
3 1125 1327 2489 
3 348 2815 2939 
2 442 2516 
5 1102 2271 2573 2684 2790 
1 2054 
7 837 1337 1809 2887 2921 3166 3225 
3 343 1766 3050 
6 21 609 610 1140 2325 3295 
1 332 
1 1514 
5 590 793 1313 1673 3006 
3 209 507 2423 
2 1158 2817 
3 511 1294 1884 
0 
1 160 
3 60 115 517 
2 2798 3233 
2 260 952 
0 
3 782 1362 2992 
2 583 1193 
1 2421 
2 100 437 
2 1230 1953 
1 2576 
2 2103 2625 
3 18 1089 1227 
2 1360 3257 
2 2189 3091 
2 1588 1826 
4 848 1206 2933 3270 
1 1868 
3 564 745 1899 
5 273 889 1173 2656 3004 
4 279 1562 2309 2423 
9 442 1374 1578 1622 1703 2029 2051 2232 2324 
3 316 747 2864 
1 3195 
2 555 1208 
1 1077 
0 
1 1007 
2 2631 2991 
4 688 1950 2175 3133 
0 
3 2432 2579 2974 
0 
3 639 995 2666 
2 1179 1385 
2 905 1805 
3 631 1223 1827 
3 445 687 1306 
2 1615 3015 
0 
2 144 2580 
1 2151 
3 730 1789 2849 
1 3134 
3 458 2506 3268 
3 1655 1910 3039 
2 759 2758 
1 1287 
3 517 2298 2324 
2 1585 2919 
1 2089 
2 156 1871 
3 1577 1631 3211 
2 694 1918 
5 451 696 1569 1975 3098 
7 104 129 1529 1941 1968 2715 3065 
4 4 2772 2945 3160 
1 3012 
3 1537 1643 1999 
4 2002 2275 2497 2523 
3 701 878 2449 
7 115 232 1511 1718 2100 2206 2250 
3 301 2366 2995 
4 330 1425 1795 2447 
4 503 1218 2355 2379 
5 333 844 1194 2093 2768 
2 1328 2307 
3 1158 1956 3243 
1 566 
1 1009 
1 1502 
3 1469 1545 1659 
0 
6 86 1053 1177 1983 2390 2585 
4 423 843 2148 2605 
2 2733 3292 
0 
1 257 
4 449 2703 2712 2782 
1 2288 
4 242 695 883 2179 
1 1504 
2 237 1643 
2 1218 1533 
1 1731 
3 182 2651 3118 
0 
4 1606 2268 2806 3254 
3 114 2422 3064 
2 122 2997 
2 794 2419 
2 1466 2201 
2 2488 3202 
0 
6 104 168 202 868 2472 2602 
3 234 2026 2339 
4 263 1180 1723 2066 
2 905 1780 
1 1761 
3 512 926 2302 
0 
1 550 
1 923 
3 502 2491 2843 
1 1958 
3 686 1779 2202 
0 
2 1466 1582 
2 711 1763 
3 133 452 1531 
5 1246 1520 1902 1920 2495 
3 1211 1909 2019 
2 895 2992 
1 2453 
1 1584 
2 1339 1873 
3 487 1895 2272 
2 2188 3161 
1 1473 
2 1546 2127 
0 
2 2512 2934 
4 1650 1838 2199 3157 
0 
1 769 
1 432 
1 1488 
2 208 2195 
0 
3 419 2283 2451 
4 1411 2188 2344 2780 
2 366 3085 
5 780 1056 2462 3098 3181 
1 410 
3 395 755 2152 
2 2524 2566 
7 180 422 1560 1606 2153 2469 3101 
4 755 1036 2085 2965 
7 1163 1838 2151 2418 2662 2753 3164 
2 286 981 
2 169 3288 
2 1886 3108 
4 800 1105 2783 3089 
0 
2 755 1617 
5 549 1461 1489 3031 3132 
3 231 295 1985 
4 24 628 1302 2403 
3 804 1067 3098 
2 239 2184 
3 937 1528 1969 
6 722 1996 2311 2752 2791 2794 
2 28 2699 
1 2480 
2 31 3116 
1 2247 
3 1295 1457 3073 
3 88 2346 2712 
5 376 1138 1481 1552 1773 
2 106 3044 
5 118 822 1292 1617 2898 
3 152 520 2635 
1 3023 
2 1285 2134 
5 247 1470 1707 2418 3021 
2 2494 3146 
1 1884 
0 
5 1420 1570 1983 2632 3288 
3 114 2100 3260 
1 732 
1 2830 
5 1149 1540 2687 2765 3035 
5 341 690 1664 2181 2292 
1 1337 
2 2138 3298 
3 686 2549 3024 
1 2777 
2 1738 3104 
4 101 1350 1644 3137 
3 894 1260 3120 
3 2715 2823 2961 
5 790 2135 2150 3146 3241 
2 582 2640 
3 1594 2719 2805 
3 638 1794 1888 
4 531 661 2306 2326 
3 1057 1301 2639 
2 1794 2672 
2 204 1663 
1 2535 
3 383 1212 1842 
1 695 
1 2226 
2 1216 3025 
1 641 
2 300 2084 
0 
2 2837 2888 
1 874 
2 1350 1612 
4 532 2096 2853 3265 
1 979 
3 26 880 927 
1 566 
1 2970 
2 2242 3157 
5 55 739 1752 2494 3266 
5 811 1239 1538 1747 3171 
1 819 
3 76 664 2663 
0 
5 83 540 865 1169 1710 
2 1160 3239 
4 753 2193 2347 2670 
1 890 
2 99 459 
3 744 2285 2369 
2 1844 2938 
0 
2 1646 2390 
5 349 1783 2157 2399 2831 
3 48 1744 3224 
1 3298 
1 1019 
2 865 1562 
7 610 1567 1874 2061 2432 2803 3109 
3 787 3068 3253 
0 
2 179 2802 
2 663 2116 
3 1299 1351 1509 
3 239 288 2874 
1 2655 
4 216 297 1002 1373 
1 2995 
4 5 239 1371 1792 
4 231 1949 2722 3187 
2 880 1117 
3 224 367 769 
5 68 366 1906 2248 2744 
4 257 1011 2756 3050 
2 867 1269 
4 708 1806 2133 2453 
0 
1 3295 
3 676 2433 3074 
1 1830 
1 3007 
4 159 609 2922 3291 
3 210 1109 3253 
2 1523 2159 
5 196 1059 1113 1560 2892 
2 712 2809 
1 1734 
4 967 1100 2635 3295 
1 2318 
2 184 2063 
4 160 1660 2063 2926 
2 2015 2291 
3 33 1132 1835 
3 132 2153 2737 
2 603 2658 
2 84 2143 
1 1581 
3 466 2782 2940 
3 298 2274 2370 
4 152 783 1459 1535 
3 957 1569 2329 
2 346 1681 
3 729 855 1821 
1 1988 
3 1280 1570 2387 
5 1255 1564 1710 2527 3081 
5 996 1324 2727 2970 3070 
2 474 775 
4 183 2025 2520 2614 
1 2985 
0 
3 110 696 2905 
2 1311 2546 
4 993 2067 2542 2905 
4 182 597 2236 2269 
0 
3 175 1845 3198 
3 157 381 3094 
1 551 
6 587 676 1426 1568 2324 2343 
2 1664 3182 
2 1231 3116 
2 2154 3115 
0 
1 2444 
2 1139 1692 
1 2137 
4 37 795 1806 3158 
5 367 1333 1768 2219 2592 
1 2378 
2 2048 3277 
2 2621 3046 
1 264 
4 570 748 1397 1473 
1 1878 
3 1254 2497 3264 
5 1338 1763 1827 2569 3146 
3 548 740 2206 
2 1479 1785 
2 1123 2392 
3 707 1546 2157 
3 449 2130 3076 
2 508 2977 
1 2573 
1 1267 
6 296 650 1316 1708 2547 2769 
3 75 898 2101 
2 2003 2229 
1 839 
1 1955 
3 867 1421 1434 
3 76 1632 3121 
1 442 
4 763 1009 1720 2733 
1 210 
4 1212 1334 1353 1889 
1 395 
3 1483 1768 2347 
3 892 1142 3191 
1 1388 
3 908 1126 2531 
3 109 1233 3004 
1 1426 
1 1133 
2 1055 2235 
3 129 653 1652 
3 1285 2071 2903 
2 1105 3135 
2 789 3235 
0 
3 255 719 1241 
2 1312 3152 
4 1058 1818 2511 3090 
5 32 916 1398 3005 3131 
2 370 2335 
2 544 1597 
1 2437 
2 1804 2133 
5 639 997 1543 2215 2305 
1 3258 
0 
0 
1 2888 
2 327 423 
3 610 1470 1916 
2 2437 2516 
1 799 
4 457 1701 2125 2343 
3 2414 2540 3127 
2 556 3153 
2 208 2027 
1 765 
1 2543 
1 1001 
1 2290 
2 1600 2596 
3 389 604 980 
3 1681 2146 2936 
0 
4 2016 2064 2739 2820 
4 553 624 2058 2633 
4 99 715 2054 2142 
1 1114 
2 876 2338 
3 110 1081 2090 
0 
5 546 1426 2434 2680 3293 
1 1146 
1 1396 
1 2266 
3 131 2218 2620 
2 234 1145 
3 40 1070 2726 
1 1627 
2 1396 1839 
2 1368 2187 
3 1286 1378 3112 
5 465 876 1629 2599 3178 
1 402 
1 1615 
0 
5 85 1090 1816 2872 3078 
1 3163 
0 
3 331 1394 2789 
1 2510 
3 1428 2497 2933 
0 
1 1268 
3 985 2600 3000 
3 1464 1919 3223 
1 2405 
2 647 773 
5 315 1538 2252 2325 3035 
1 3057 
4 414 809 1606 3211 
1 2117 
5 742 899 1115 1383 3175 
3 514 2531 2978 
2 105 561 
3 1359 1931 3203 
2 2320 2424 
5 972 1653 2007 2672 2927 
5 758 1009 1140 1418 2050 
2 513 2882 
3 1704 2415 3146 
3 1291 2032 2951 
2 1631 2259 
1 2278 
4 246 1820 1849 2874 
3 305 1924 2536 
1 236 
1 2005 
3 399 1089 2489 
3 588 1459 1767 
4 1768 2062 2437 2624 
4 1700 1727 1736 2501 
4 361 1109 1258 1704 
6 251 728 1118 1580 1884 3153 
2 1397 3280 
3 1240 2082 3133 
3 493 942 1272 
3 847 2256 2751 
2 2347 2794 
4 64 687 908 2510 
3 943 984 1383 
1 1253 
3 2013 2510 2790 
3 201 524 1479 
3 618 2998 3213 
0 
1 2361 
1 1677 
4 1255 1964 2052 2209 
1 1597 
4 1272 1572 2294 2588 
1 2585 
1 40 
2 1462 2543 
4 411 2075 2193 2446 
0 
3 29 728 784 
4 1066 2193 2612 2881 
4 992 1928 1965 3030 
1 925 
3 1468 1481 2170 
3 36 311 2893 
1 1480 
2 1521 2345 
2 1438 2001 
3 907 1998 2356 
0 
1 2189 
2 669 2726 
3 753 2189 3102 
1 1868 
1 2540 
5 1454 1658 2988 3009 3224 
2 1127 3009 
2 1355 2166 
2 1689 2329 
1 3067 
0 
3 2198 2530 3005 
3 20 2056 2580 
4 1385 1396 1816 2307 
1 851 
3 1210 2054 2193 
5 516 559 684 3030 3217 
5 104 402 643 1202 2182 
4 1429 1445 2557 2915 
4 200 1757 1781 2009 
2 1240 1727 
1 912 
0 
1 1532 
2 1064 2462 
3 2874 2989 3295 
1 1889 
4 630 685 1828 1920 
3 275 2225 3027 
0 
4 326 2044 2401 3076 
4 375 1034 1059 3096 
2 789 1175 
0 
2 2560 3183 
3 448 706 988 
2 279 1205 
3 112 918 2092 
0 
2 1186 1621 
3 22 453 664 
2 108 1581 
3 548 1055 2068 
1 2201 
2 360 2886 
2 588 2381 
4 265 297 332 1615 
1 1500 
2 244 3002 
1 2066 
4 592 700 816 2883 
1 1468 
1 1957 
3 1172 1581 2748 
5 572 1713 1790 2260 2979 
5 1900 2298 2591 2776 2844 
2 1927 2284 
4 270 509 863 1969 
2 775 887 
8 315 921 1379 1422 1584 2294 2933 2983 
0 
7 430 711 930 1259 1861 2173 2945 
2 1716 2809 
2 1574 2771 
6 318 956 1583 2197 2869 2993 
3 151 218 1488 
1 1639 
1 2863 
5 736 1651 1884 2349 3030 
7 695 862 1724 2298 2557 2709 3191 
2 351 1040 
1 2180 
1 788 
4 358 2243 2611 3280 
5 1022 1443 1769 2813 3261 
3 62 1560 3025 
2 366 368 
1 2060 
2 344 523 
2 1849 2519 
5 41 354 3214 3260 3274 
3 1198 1760 3251 
1 3219 
2 278 1825 
4 28 201 2261 2693 
4 283 961 1817 1944 
2 2638 2640 
1 622 
2 1146 1818 
4 575 1551 1558 3272 
3 1255 2953 3017 
1 1787 
2 1851 3066 
0 
4 475 551 1843 3299 
1 713 
2 294 2837 
0 
1 2136 
0 
4 1582 2261 2408 3113 
1 3147 
5 45 1169 2349 3191 3289 
3 5 2326 2608 
0 
3 828 911 1479 
0 
4 1773 2139 2617 3264 
5 234 1194 2278 2769 3074 
2 1943 3026 
3 393 424 1835 
1 565 
0 
4 806 1556 2263 2343 
5 82 899 2375 2753 2878 
2 1116 2480 
1 1305 
3 74 2276 2724 
1 1729 
1 2577 
4 61 2096 2345 3021 
2 1825 2624 
4 713 1950 2093 3087 
4 852 1444 2097 3008 
0 
3 1373 2218 2231 
3 942 2415 2880 
1 1621 
2 1666 2233 
1 2342 
3 654 1286 1991 
2 771 1455 
3 1556 1819 2773 
3 111 912 1218 
1 2909 
1 1489 
4 1050 1423 2020 2046 
2 1200 1679 
0 
3 664 2099 2133 
3 842 1581 2047 
3 637 2024 2129 
3 1665 2067 2540 
2 141 1485 
1 680 
0 
3 2293 2496 3023 
3 356 634 1482 
2 576 1856 
2 908 2245 
4 730 822 954 1355 
6 127 835 2230 2564 2633 3085 
3 517 1726 3189 
1 37 
0 
3 896 1628 2390 
2 34 2283 
0 
2 402 2669 
5 1048 1169 1735 1779 2765 
2 91 2873 
3 1476 2138 3182 
1 3167 
2 117 1862 
2 1240 2878 
2 764 1234 
2 841 2636 
2 1303 1842 
0 
5 1205 1474 1863 1941 2824 
2 1661 2844 
2 1105 1454 
5 69 601 764 1750 2387 
6 710 1046 1790 2217 2364 2471 
2 1165 2883 
1 1799 
2 2421 2594 
0 
5 188 1083 1095 1876 2448 
2 283 2796 
2 655 1557 
4 1095 1606 1997 2756 
5 0 44 509 784 810 
4 548 1442 2867 3216 
1 2119 
4 608 837 2378 2688 
3 527 2700 2830 
2 1723 2354 
2 685 2607 
2 1611 2942 
3 1824 2824 2825 
3 73 183 1045 
2 305 3071 
3 691 2052 2416 
1 1869 
1 1273 
3 456 676 2397 
1 1928 
4 1739 2142 2148 2909 
1 829 
2 180 188 
1 857 
3 608 2523 2939 
3 111 767 3042 
5 347 1730 1805 2521 2965 
4 579 1003 1860 2535 
3 1406 2553 2894 
4 1117 1652 2314 2928 
1 2847 
5 90 388 1019 1028 1140 
4 888 889 960 1245 
3 2810 2835 2887 
5 12 653 1127 1237 2504 
2 1207 1583 
1 1189 
1 456 
3 1285 2531 2760 
1 141 
2 492 1021 
1 1767 
2 1790 2404 
3 1411 2053 2120 
2 999 2136 
6 36 269 537 937 1530 3022 
2 232 271 
2 724 2518 
1 2104 
1 2658 
0 
3 743 2148 2193 
1 3201 
3 2217 2350 2600 
0 
2 326 2082 
4 362 1255 1450 3177 
2 366 444 
2 16 2314 
2 3282 3295 
5 68 422 1077 2761 3202 
4 1560 1698 2005 2199 
2 1374 2066 
1 58 
3 1188 1243 2033 
2 359 802 
1 1691 
2 410 2447 
1 2414 
2 589 2911 
2 2828 3245 
3 1633 2311 2586 
4 491 2177 2267 3100 
2 1090 2633 
2 763 3011 
3 316 1250 1740 
1 2515 
5 18 1008 1193 2605 2927 
0 
3 1418 2668 2849 
0 
3 1690 1930 2748 
3 1194 1895 2189 
2 865 883 
2 448 2632 
2 886 1611 
2 1027 1810 
0 
2 2490 2970 
0 
2 97 2941 
2 691 1173 
2 1907 2501 
2 1035 2699 
1 2373 
0 
3 791 2334 3222 
3 284 1860 2644 
0 
1 2850 
2 1827 2230 
6 538 665 895 2413 2491 2507 
2 1373 1895 
2 1589 3069 
1 2495 
3 1602 1748 2821 
1 967 
3 703 1526 2537 
2 821 935 
1 1195 
2 1855 3216 
2 2215 2500 
2 63 2585 
5 135 608 981 1406 1720 
1 131 
3 637 2259 2743 
1 2919 
1 1124 
2 1601 2649 
4 1029 1269 2513 2648 
1 1561 
1 2444 
2 489 2109 
4 636 2031 2242 2539 
3 503 1744 2678 
3 552 567 2041 
5 431 701 887 1629 3183 
0 
2 1507 3159 
1 1666 
4 1674 2271 2715 3143 
2 1431 3202 
3 1013 1481 3282 
1 348 
2 2700 3247 
4 283 463 634 2504 
7 122 132 545 2013 2388 2787 3258 
4 571 1230 2028 2402 
2 17 2694 
1 2037 
2 2015 2538 
3 35 553 1470 
1 707 
3 396 1093 1332 
0 
4 618 1464 1933 1980 
2 87 3127 
2 797 2207 
1 1153 
5 2168 2524 2541 2663 2772 
3 1765 2920 3286 
3 352 690 2196 
0 
4 717 756 1677 2072 
2 429 1863 
4 140 555 2698 3277 
6 26 1388 1719 1949 2716 2785 
2 542 2189 
2 823 1807 
2 378 2148 
3 101 2481 2565 
3 1453 2294 2654 
5 691 891 2188 2303 3125 
5 733 1177 1557 2141 2415 
5 525 1096 1316 2297 2476 
0 
2 1383 2749 
4 632 1655 2497 3177 
1 3187 
4 71 832 1060 2349 
2 75 2981 
1 600 
1 143 
2 370 1019 
2 1378 2567 
5 531 565 1296 1307 1365 
5 367 1324 1950 2074 2193 
2 2162 2297 
1 2764 
0 
5 862 1333 1983 3053 3164 
4 95 450 910 2744 
3 229 927 2128 
1 1591 
4 141 1245 1859 2491 
3 1997 2647 2980 
5 181 1059 1627 2853 3123 
4 540 625 1964 2263 
1 1584 
0 
5 73 1063 1144 2596 3165 
2 101 924 
3 1713 1908 2971 
3 392 1982 2235 
5 712 1531 2685 2888 2921 
1 650 
2 1486 2261 
1 790 
4 1222 1650 2382 3253 
2 1319 2340 
0 
1 2643 
3 204 1956 2097 
1 991 
1 3049 
7 944 1090 1137 2451 3057 3128 3214 
2 1416 2767 
2 650 1887 
0 
3 553 1701 1798 
1 473 
5 267 1055 1741 1824 3260 
1 1811 
0 
3 1531 2411 2762 
1 732 
6 733 801 867 944 1724 2796 
8 28 579 1655 1836 2098 2281 2899 3202 
1 487 
3 506 3002 3107 
2 289 2835 
0 
3 1585 1904 2901 
1 1193 
0 
3 473 1569 3093 
3 1125 1674 2757 
7 278 296 1307 1610 1864 2581 2824 
2 2073 2349 
2 3 1198 
0 
2 1602 1603 
3 94 169 2080 
2 332 1278 
4 684 702 1606 1877 
1 1086 
3 1763 2176 2361 
3 175 980 1767 
2 2226 2695 
1 2255 
3 782 1341 1556 
0 
1 2572 
3 940 1461 2318 
4 874 1525 1692 2541 
1 966 
2 2287 2426 
3 328 1719 1836 
3 1045 1650 3067 
2 803 2000 
1 3131 
0 
1 118 
2 692 1642 
4 475 871 1555 2900 
0 
5 854 1894 2586 2609 3195 
3 1452 1980 2446 
2 810 1621 
1 2243 
5 312 753 1281 2197 2372 
5 1164 2196 2275 2706 3133 
1 2264 
4 913 2528 2899 3208 
2 1752 2893 
1 1179 
5 220 697 712 1106 1137 
4 1732 1957 2662 2926 
2 1042 2560 
2 1729 2566 
2 1555 2083 
3 1057 2030 2403 
3 1116 1770 2066 
3 833 1288 2375 
3 453 500 1107 
1 2908 
1 986 
2 575 2899 
1 1932 
1 1587 
5 930 1601 1943 2657 3152 
1 2143 
4 589 790 1995 2004 
5 1069 1601 1877 2786 2892 
1 1629 
2 3056 3129 
2 1472 1532 
1 1080 
1 1318 
2 1343 3147 
1 1561 
5 830 1231 1291 2499 2527 
4 737 917 1193 2921 
0 
1 2608 
3 1054 1722 2434 
2 973 2733 
1 809 
6 1927 2351 2604 2614 2844 3056 
1 960 
1 1602 
7 151 164 508 1130 1603 2534 2582 
4 1481 1826 1873 2913 
2 1 1 1 2 1 2 2 3 2 2 1 1 3 1 2 2 2 4 1 3 1 3 2 3 1 1 1 1 1 1 2 2 1 3 1 2 2 2 1 1 2 2 2 2 2 1 1 2 2 1 2 1 1 3 2 2 2 2 1 3 2 2 1 2 1 1 1 3 2 2 3 2 1 2 1 2 1 1 2 1 2 2 2 3 1 2 1 2 2 1 2 1 2 2 1 2 2 3 1 2 2 1 1 2 3 1 1 2 1 1 1 1 1 1 2 1 1 2 1 1 1 2 3 1 2 1 2 4 1 1 3 2 2 2 3 1 3 1 2 1 1 1 3 3 1 1 2 2 2 3 2 4 4 2 1 2 2 2 1 1 2 1 1 1 1 1 1 2 3 1 1 2 1 3 4 1 1 1 1 2 1 1 3 3 1 1 1 1 1 1 2 1 2 1 2 3 1 1 1 2 1 1 2 1 1 1 2 1 2 3 4 1 1 1 1 3 1 2 1 3 1 1 1 1 1 1 1 2 1 1 2 3 1 3 2 2 1 2 2 1 1 1 2 1 1 1 1 1 1 1 1 1 2 1 1 1 4 2 1 1 2 1 1 1 2 1 2 2 1 1 3 2 3 1 1 1 2 2 4 1 3 1 3 3 2 1 1 2 1 2 2 1 2 2 2 3 3 4 1 1 2 3 4 1 2 1 1 2 1 1 3 1 1 1 2 2 1 3 1 1 2 1 1 1 1 2 2 1 1 1 1 2 2 1 1 1 1 1 1 2 2 2 1 3 3 1 2 2 2 1 3 3 1 2 1 1 1 2 3 2 2 2 1 1 1 2 1 1 1 2 2 1 2 1 1 1 2 2 1 1 1 3 2 2 2 1 1 2 1 2 1 1 1 1 3 2 4 1 1 2 4 2 1 1 1 3 1 2 1 2 3 1 1 1 2 2 1 1 3 1 2 3 2 1 1 2 2 1 3 1 1 1 1 2 1 1 1 2 1 2 1 2 1 1 1 1 3 1 2 1 2 2 2 1 1 2 2 1 1 2 1 1 1 2 2 1 1 1 1 2 1 1 2 1 2 1 1 1 2 1 2 1 1 1 1 1 1 1 2 1 3 4 1 1 3 1 1 3 1 2 1 1 2 1 1 1 4 1 3 3 1 2 2 3 1 1 2 1 1 1 3 1 1 1 1 1 3 2 3 1 1 1 1 1 1 1 3 3 2 3 3 2 1 1 2 1 1 2 3 1 2 3 1 3 3 2 1 1 4 1 1 3 1 2 1 2 1 1 1 1 1 3 1 1 1 3 2 1 1 3 3 1 2 1 1 2 1 3 3 1 1 3 1 1 1 3 1 1 3 3 1 2 2 2 2 3 1 3 3 5 1 3 2 3 2 1 1 3 1 2 2 1 1 1 1 1 1 3 3 1 1 3 2 1 1 3 3 1 1 1 2 1 1 1 1 3 2 2 2 4 1 1 1 2 2 1 1 3 2 1 1 1 2 2 1 2 1 1 3 2 1 2 2 2 3 2 1 1 1 1 1 1 2 2 1 2 1 1 1 2 1 1 2 3 2 3 1 1 1 1 3 2 3 1 1 2 1 2 2 1 2 3 3 1 1 1 2 1 1 1 2 3 3 1 3 2 1 1 2 2 1 2 1 3 2 1 1 1 2 1 1 4 2 3 2 1 2 3 1 3 1 1 4 1 1 1 1 2 1 2 1 1 1 2 2 4 3 1 1 2 4 1 2 2 1 3 4 2 2 2 2 2 1 2 2 1 3 2 3 3 1 1 1 2 2 1 2 2 2 2 1 3 3 2 1 2 1 1 2 2 1 2 1 2 3 3 2 1 2 1 1 4 1 1 2 2 2 1 3 2 1 2 1 2 1 2 2 2 2 1 1 2 1 2 3 1 1 3 2 1 2 2 1 3 3 1 2 3 2 1 2 3 3 2 2 1 2 1 1 3 2 2 1 3 1 2 2 2 1 1 2 1 1 1 1 1 1 2 1 2 1 1 3 2 1 1 1 1 1 2 1 1 1 2 3 1 1 2 2 1 2 2 1 1 2 3 1 1 2 2 3 2 1 2 2 1 1 2 2 4 1 2 2 1 3 3 2 1 1 2 2 2 1 1 2 1 2 4 2 4 2 1 1 1 2 2 3 1 1 2 1 2 1 1 1 1 3 3 1 1 1 2 2 2 1 1 2 1 3 1 1 3 1 1 3 1 1 1 2 1 4 2 3 1 1 1 1 2 2 1 3 1 4 1 3 2 1 2 2 2 1 1 1 1 1 3 2 3 4 1 1 1 1 1 2 2 1 1 1 2 3 1 1 1 2 1 1 1 1 3 1 1 1 1 1 2 1 1 2 1 2 2 1 1 2 3 3 1 1 3 2 2 3 3 1 2 2 2 1 1 2 2 1 3 1 1 2 1 1 2 3 2 1 2 1 2 1 1 3 2 1 1 2 2 1 1 3 1 1 1 1 3 2 1 2 1 3 1 1 2 1 1 3 1 2 1 1 1 2 2 1 1 1 1 1 1 3 1 2 2 1 1 1 1 1 1 1 1 1 2 1 1 2 3 2 2 2 1 2 2 1 2 2 1 1 1 2 2 1 2 1 3 1 1 3 2 2 2 2 1 2 1 1 1 2 2 1 2 3 1 2 1 3 1 1 1 1 1 1 1 1 1 2 1 1 1 1 1 2 1 2 2 3 2 2 1 2 3 1 1 2 2 1 2 1 2 1 2 1 1 1 3 2 1 2 2 1 1 1 2 2 1 1 2 1 1 1 2 1 1 2 1 4 1 2 1 3 2 2 2 1 2 2 2 1 1 1 3 4 2 2 1 3 1 1 2 2 2 2 1 1 3 3 1 1 1 1 1 1 1 1 1 1 1 2 2 2 2 1 2 2 2 2 2 3 3 2 1 3 1 1 1 2 1 2 1 1 2 1 2 2 2 1 2 2 3 1 2 1 1 2 1 2 3 3 1 1 3 3 3 1 3 1 2 2 1 1 2 2 2 2 1 2 3 1 2 1 1 2 2 2 1 2 2 1 1 2 2 1 2 2 3 2 3 1 1 1 2 1 2 2 1 3 1 2 2 1 3 2 1 1 2 4 1 1 1 1 1 1 1 1 2 1 1 1 3 3 2 2 2 1 2 1 3 3 1 2 1 2 1 1 1 2 1 1 2 1 3 1 2 1 2 2 1 2 3 1 1 2 1 1 1 1 2 1 1 2 1 1 2 3 1 2 2 1 2 2 2 1 1 1 1 1 2 1 3 2 1 2 2 2 1 1 1 1 2 2 1 1 3 1 2 3 1 2 2 2 1 3 1 1 1 2 1 1 1 2 2 2 2 1 1 1 1 1 1 3 1 1 3 2 2 1 3 2 1 1 1 3 1 3 3 2 1 1 3 2 1 2 2 1 2 2 1 2 3 3 2 1 2 2 2 2 3 2 3 1 1 1 2 1 1 1 2 1 2 1 1 1 2 1 1 1 1 2 2 3 1 1 3 1 2 1 3 2 2 2 2 2 2 2 1 1 1 2 1 2 1 1 2 3 2 2 2 1 1 2 1 2 1 2 1 1 1 1 1 2 1 1 1 2 3 2 1 1 2 1 1 2 2 1 2 2 2 4 1 3 1 2 2 3 1 1 1 1 2 2 2 1 1 1 1 3 2 1 1 2 1 1 2 2 1 1 1 1 1 2 1 1 1 1 1 2 3 2 2 3 2 3 2 3 1 2 2 2 2 1 1 1 1 1 1 1 1 1 2 2 1 1 1 1 1 1 1 2 1 2 1 1 2 2 2 3 1 1 1 2 1 1 1 3 1 1 1 1 2 2 3 1 3 1 1 3 1 3 1 1 2 3 1 1 1 1 2 3 1 1 2 2 2 2 2 3 3 1 2 1 1 1 3 2 4 1 2 1 1 1 1 3 1 2 2 1 2 2 1 2 1 2 3 2 1 1 1 2 1 2 3 1 1 1 3 2 2 1 1 1 3 1 3 1 2 2 1 2 1 3 1 3 2 1 1 1 2 1 3 1 3 4 1 2 2 2 2 3 2 1 3 2 3 2 3 1 3 2 3 1 2 1 1 3 1 1 1 2 1 1 2 4 2 3 4 3 1 1 1 1 1 3 1 1 2 1 1 4 2 3 1 1 1 2 2 1 1 3 2 1 3 2 3 2 1 1 1 2 1 1 1 2 2 2 3 2 2 2 1 2 2 2 2 1 3 1 4 2 1 1 1 2 1 1 1 2 2 2 1 2 3 2 1 1 1 2 1 1 2 2 1 2 2 2 1 1 2 2 2 1 2 3 1 2 1 1 3 2 3 2 2 1 2 1 1 3 1 1 1 2 1 1 1 2 1 3 3 3 1 2 1 1 1 1 1 2 1 1 3 3 1 1 1 1 1 4 1 1 1 2 1 2 2 1 2 1 1 2 1 1 1 1 1 1 1 1 1 2 1 1 1 1 2 4 4 3 2 1 1 1 1 1 1 2 3 1 1 2 2 1 1 2 2 1 3 3 2 3 4 1 1 2 2 1 2 1 3 2 2 2 1 2 2 1 2 1 2 1 1 1 1 2 2 3 1 1 1 1 3 3 1 1 3 1 1 1 2 1 1 1 1 1 2 2 2 1 3 1 3 3 3 1 1 2 1 2 1 1 3 1 1 1 2 1 3 1 1 3 1 2 1 1 1 2 2 1 1 1 2 3 1 2 1 3 2 1 1 3 3 1 1 2 2 1 1 1 3 2 2 2 1 1 3 1 1 2 1 2 1 2 1 1 2 2 1 3 2 1 3 1 2 4 1 1 4 1 1 1 1 1 3 2 3 3 3 2 2 1 2 2 1 3 1 1 2 1 3 2 2 1 2 2 3 1 3 1 2 1 1 1 1 1 2 1 1 1 1 1 1 2 1 2 1 1 1 4 3 1 2 3 1 1 1 1 1 1 1 2 1 2 1 1 1 1 1 1 2 2 1 1 1 1 1 3 1 1 3 3 3 1 3 1 3 1 2 2 1 2 1 1 2 2 1 3 1 2 3 1 2 2 3 4 2 1 1 1 2 1 3 1 1 1 2 3 1 3 1 2 1 1 2 3 1 1 1 2 3 2 2 1 3 2 1 1 1 1 3 1 1 1 2 1 2 2 1 1 3 1 1 3 2 1 1 1 1 1 2 1 1 3 1 1 1 1 2 2 1 1 1 1 3 1 2 1 1 2 1 1 1 1 1 2 2 1 1 2 1 2 2 2 2 2 1 2 1 2 3 3 1 2 1 3 2 4 1 2 2 3 1 3 1 2 1 1 2 1 1 1 2 3 1 1 2 2 1 3 2 2 2 1 2 3 3 3 1 1 1 1 2 1 2 1 1 1 2 2 1 3 2 2 1 2 1 1 1 3 1 2 1 3 2 2 1 3 1 1 3 3 1 2 1 1 4 1 3 1 3 1 1 1 1 1 2 1 3 4 1 1 1 3 1 3 1 2 1 1 2 1 1 2 1 3 3 1 1 3 1 2 1 1 3 1 2 2 2 2 3 1 1 3 1 3 1 2 1 1 1 3 3 1 1 1 2 2 1 2 2 1 2 1 2 2 3 1 1 2 3 1 2 2 2 2 2 1 1 2 1 1 2 1 3 1 4 2 1 1 1 1 3 3 2 1 2 2 1 4 2 1 1 3 2 1 1 4 3 2 1 3 2 2 3 1 2 2 3 3 3 2 2 1 3 1 1 1 1 1 1 2 1 2 1 1 3 1 2 1 1 2 1 2 1 1 1 1 1 1 1 2 2 2 1 2 1 1 1 1 1 1 1 1 3 1 1 1 1 2 1 3 3 2 2 1 2 1 1 1 1 1 1 1 2 2 1 2 1 1 2 1 2 3 1 2 1 1 2 1 2 1 3 1 2 1 2 3 2 2 2 1 1 1 2 1 2 2 1 1 3 1 4 1 1 3 1 1 3 2 1 2 1 2 2 2 2 1 1 3 3 1 3 3 1 2 2 1 2 2 2 1 2 3 3 1 3 1 1 1 1 2 2 3 2 1 2 1 2 1 1 1 1 3 1 3 1 1 3 1 1 3 1 1 1 2 1 1 1 1 1 1 1 3 1 1 1 1 2 3 2 1 1 3 3 2 1 2 1 2 1 1 2 2 1 2 1 1 1 1 3 1 1 1 4 2 1 2 1 3 1 1 1 2 1 1 3 2 3 1 3 1 2 2 1 3 1 1 2 1 2 1 2 1 1 1 4 1 1 3 4 3 1 2 4 4 1 3 2 1 2 2 1 1 2 1 2 1 2 2 2 2 2 1 3 3 3 1 2 1 2 2 3 2 1 1 2 1 2 1 1 1 3 3 1 1 3 2 2 1 3 3 3 3 3 2 1 1 1 1 1 1 3 2 1 3 2 1 1 1 3 1 3 1 2 1 1 1 2 1 1 1 1 2 1 2 2 1 2 1 3 1 4 2 1 1 3 2 2 1 1 2 2 2 1 1 1 1 1 3 1 3 1 2 2 1 2 1 1 2 2 1 2 1 2 3 1 1 1 4 1 1 1 1 1 1 1 1 3 1 4 1 1 2 1 2 2 1 1 4 3 1 1 1 1 1 1 2 1 1 2 1 1 1 2 1 2 3 3 1 1 4 2 1 1 1 2 1 2 2 1 3 2 1 3 3 4 3 1 1 3 2 1 1 3 3 1 1 2 2 1 2 1 1 3 2 1 3 3 2 1 2 1 2 2 1 3 1 3 2 1 2 3 2 2 2 2 1 2 1 1 1 1 2 1 3 1 2 2 1 2 2 2 1 3 3 1 2 1 2 1 1 2 2 1 3 2 1 4 1 3 2 1 1 1 2 3 1 1 3 3 3 1 1 4 2 1 2 1 1 1 1 2 2 2 2 1 2 1 2 3 1 2 1 1 3 3 3 2 2 1 1 1 1 2 3 1 1 1 2 1 1 1 2 2 1 1 2 2 1 1 2 2 1 1 2 2 1 2 2 2 1 3 2 1 1 2 1 2 2 1 3 1 2 2 3 1 2 2 1 3 3 2 1 2 2 1 1 2 3 1 1 1 3 1 1 3 2 2 2 1 2 1 1 2 2 2 2 1 1 1 1 1 2 1 1 1 1 2 2 1 1 1 2 2 2 1 3 2 3 2 1 1 2 1 2 3 4 1 2 1 2 2 1 2 2 1 1 4 1 2 1 2 1 3 1 1 1 1 3 3 2 2 2 1 2 1 1 1 3 4 1 2 1 1 1 3 1 1 2 3 2 2 1 1 2 1 1 2 2 2 3 2 1 1 1 2 1 1 4 2 1 1 2 3 2 4 1 1 2 4 2 3 3 1 2 3 1 1 2 2 2 1 1 2 2 3 2 2 1 1 1 1 2 1 3 1 1 2 1 1 3 1 1 3 3 
