q 300
1 299 
1 116 
2 137 250 
1 164 
1 128 
2 95 224 
2 107 165 
2 45 105 
3 9 101 139 
2 8 177 
1 196 
4 41 78 99 263 
2 49 260 
1 78 
2 179 192 
4 144 160 209 216 
4 116 170 264 265 
2 167 203 
1 27 
1 257 
7 46 79 84 101 152 158 295 
1 105 
5 40 90 121 126 196 
2 238 276 
1 92 
2 211 244 
1 267 
4 18 75 159 178 
4 78 143 152 261 
1 41 
4 88 90 191 197 
2 117 285 
2 55 231 
1 72 
1 241 
3 80 94 171 
1 102 
4 131 194 222 278 
1 127 
2 57 239 
2 22 251 
2 11 29 
2 189 234 
0 
3 68 130 164 
2 7 88 
1 20 
2 171 275 
3 84 145 258 
4 12 169 254 277 
4 76 100 109 274 
1 96 
1 245 
0 
0 
5 32 56 65 258 259 
6 55 75 102 114 119 205 
2 39 135 
3 135 184 294 
1 160 
0 
1 121 
1 272 
1 270 
1 229 
2 55 125 
1 192 
6 82 91 187 196 213 258 
3 44 272 288 
1 126 
2 160 273 
1 120 
2 33 141 
0 
5 79 87 89 92 159 
2 27 56 
1 50 
4 121 167 245 291 
5 11 13 28 278 290 
2 20 74 
4 35 181 208 227 
1 252 
4 67 141 193 206 
3 119 153 217 
2 20 48 
2 99 185 
4 182 185 262 294 
3 74 168 259 
5 30 45 110 172 296 
3 74 159 261 
2 22 30 
3 67 129 232 
2 24 74 
2 96 227 
4 35 121 209 286 
3 5 181 196 
5 51 93 98 152 215 
0 
2 96 120 
3 11 85 185 
2 50 179 
2 8 20 
5 36 56 173 206 268 
1 195 
3 191 210 274 
2 7 21 
0 
4 6 113 229 276 
1 217 
1 50 
2 88 291 
3 193 281 298 
4 119 191 240 299 
3 107 137 169 
1 56 
1 168 
3 1 16 213 
3 31 140 277 
2 122 296 
5 56 83 112 151 258 
3 71 98 195 
5 22 61 77 94 223 
1 118 
1 270 
0 
2 65 238 
4 22 69 130 206 
2 38 239 
3 4 209 249 
1 91 
5 44 126 145 166 278 
2 37 218 
3 134 189 223 
0 
2 132 234 
3 57 58 232 
2 237 244 
2 2 113 
1 291 
2 8 292 
2 117 157 
3 72 82 267 
1 239 
1 28 
4 15 204 207 226 
3 48 130 295 
0 
2 194 259 
3 238 260 269 
0 
2 247 287 
3 119 210 277 
3 20 28 96 
2 83 281 
1 232 
0 
6 198 209 245 246 257 267 
3 140 169 238 
2 20 178 
4 27 74 89 236 
5 15 59 70 193 281 
3 230 275 281 
3 165 275 296 
0 
3 3 44 219 
5 6 162 232 245 260 
3 130 263 281 
5 17 77 268 296 299 
4 87 115 221 254 
3 49 113 157 
2 16 297 
6 35 47 216 241 248 261 
3 88 210 267 
1 102 
0 
3 199 223 239 
0 
3 9 186 271 
2 27 158 
3 14 100 237 
3 227 249 285 
2 80 95 
2 86 254 
0 
1 58 
5 85 86 99 268 274 
4 177 193 227 277 
2 67 197 
1 297 
3 42 132 292 
1 258 
3 30 104 112 
4 14 66 285 288 
5 82 111 160 186 217 
4 37 147 236 251 
3 103 120 265 
4 10 22 67 95 
4 30 187 253 291 
1 156 
2 175 288 
2 239 241 
1 240 
1 263 
2 17 289 
2 144 296 
1 56 
3 82 102 126 
2 144 295 
2 80 270 
5 15 94 128 156 288 
4 104 151 172 287 
1 25 
0 
3 67 116 291 
0 
2 96 216 
4 15 171 215 248 
3 83 108 193 
1 131 
1 164 
2 253 276 
1 168 
1 37 
3 121 132 175 
2 5 281 
0 
1 144 
5 80 93 180 186 284 
0 
2 64 107 
2 161 245 
2 32 292 
4 91 135 154 165 
2 251 259 
4 42 134 238 297 
2 281 291 
2 159 194 
2 136 179 
5 23 125 148 157 234 
5 39 127 142 175 200 
3 112 201 244 
3 34 171 200 
0 
0 
3 25 136 240 
5 52 77 156 165 230 
1 156 
1 150 
2 171 216 
2 128 180 
1 2 
3 40 194 233 
1 81 
2 197 220 
4 49 168 182 256 
2 258 295 
2 254 286 
2 19 156 
8 48 55 67 119 190 255 262 274 
6 55 87 147 233 280 293 
3 12 148 165 
3 28 89 171 
2 86 258 
3 11 166 202 
1 16 
2 16 195 
0 
4 26 141 156 172 
3 102 167 185 
1 148 
3 63 123 208 
2 177 285 
2 62 68 
1 70 
4 50 104 185 258 
3 47 161 162 
3 23 107 220 
4 49 117 151 186 
5 37 78 130 292 299 
1 287 
1 259 
7 111 153 160 161 166 224 235 
0 
0 
1 227 
4 31 180 192 271 
2 94 256 
3 150 210 279 
4 68 192 199 209 
1 203 
1 78 
6 77 110 138 197 213 235 
4 139 189 231 278 
1 259 
2 58 86 
4 20 145 207 255 
5 88 118 162 167 204 
3 170 188 234 
1 111 
4 0 112 167 278 
2 1 1 1 2 1 1 2 3 2 1 2 1 1 2 1 3 1 1 1 2 2 1 1 2 1 1 3 2 2 3 2 1 1 1 2 2 1 1 2 3 1 3 1 1 1 1 1 2 3 3 1 1 1 1 3 2 1 3 1 1 1 2 1 2 2 1 1 2 1 2 1 2 1 3 1 1 1 3 1 1 1 2 2 1 1 2 1 2 1 2 2 1 1 1 2 2 1 1 3 2 1 1 1 2 1 1 2 2 1 1 2 2 1 1 1 2 3 2 1 2 2 1 1 1 1 3 2 1 1 2 2 2 1 1 2 1 2 1 1 2 1 1 1 2 1 1 1 3 1 1 2 1 1 1 1 1 1 3 2 3 1 1 1 2 4 3 2 2 2 2 3 1 2 1 2 1 1 1 1 3 3 1 1 1 4 3 2 2 1 1 1 3 4 3 3 3 1 2 1 1 2 2 2 1 1 4 1 2 2 3 2 1 3 1 1 2 1 1 1 1 1 2 1 2 1 1 2 1 1 2 2 3 1 2 1 1 2 4 3 1 2 1 1 2 3 2 2 1 2 2 2 2 2 4 1 1 2 4 2 2 4 1 1 1 1 1 2 3 1 3 2 1 1 1 2 3 1 4 1 1 4 1 1 1 1 2 2 4 1 1 2 3 1 1 3 3 1 1 1 
