q 900
3 408 499 695 
1 160 
0 
1 329 
0 
1 824 
3 107 465 767 
3 81 310 570 
3 101 609 739 
1 777 
4 79 97 395 604 
2 41 406 
5 113 199 260 349 469 
2 378 713 
3 488 753 792 
5 580 592 744 760 816 
4 170 420 564 609 
3 85 503 565 
0 
0 
6 44 452 533 696 701 844 
2 381 622 
3 581 726 728 
4 38 47 593 873 
1 605 
3 473 544 852 
3 421 444 882 
2 159 618 
4 214 323 550 861 
2 401 402 
6 116 378 491 636 690 888 
3 348 612 885 
3 362 396 445 
0 
3 189 374 841 
2 619 771 
3 657 702 734 
5 222 709 713 788 878 
2 23 117 
3 539 657 867 
0 
3 11 329 826 
6 312 493 787 789 834 883 
0 
4 20 334 430 730 
4 203 440 607 750 
0 
2 23 64 
2 313 558 
3 254 376 469 
4 143 274 700 709 
2 334 808 
2 357 846 
2 90 146 
1 105 
1 365 
3 205 702 719 
2 172 882 
4 158 301 435 875 
2 349 856 
1 687 
1 531 
2 747 872 
2 361 537 
4 47 229 523 566 
2 165 457 
3 220 517 799 
4 199 213 487 691 
2 159 272 
4 452 520 554 765 
1 853 
0 
3 333 681 747 
3 521 618 790 
2 87 672 
2 264 777 
1 135 
3 121 173 545 
2 297 644 
1 10 
4 115 481 635 827 
3 7 552 737 
2 141 193 
1 446 
3 327 424 559 
2 17 485 
2 219 740 
3 74 215 556 
4 323 410 538 645 
4 123 280 561 866 
1 53 
2 232 580 
2 187 374 
4 241 396 605 874 
4 107 209 421 505 
0 
4 651 752 792 834 
4 10 442 604 764 
1 396 
4 311 385 728 761 
3 369 603 779 
2 8 317 
1 173 
1 604 
3 108 115 491 
3 54 657 888 
0 
4 6 94 276 563 
1 104 
1 740 
0 
2 474 502 
1 419 
3 12 630 707 
1 533 
4 80 104 170 836 
4 30 155 585 768 
3 38 140 315 
1 296 
2 750 751 
3 371 493 865 
2 77 523 
1 356 
3 89 322 610 
1 607 
0 
5 226 612 669 740 760 
0 
2 501 809 
1 778 
4 445 581 811 878 
2 218 523 
5 175 281 434 672 823 
2 517 529 
3 493 549 817 
4 76 232 725 884 
4 226 369 837 860 
1 302 
2 346 591 
2 262 764 
1 117 
4 82 409 672 756 
3 213 547 839 
1 50 
3 226 642 804 
2 427 895 
4 53 194 268 842 
3 194 259 620 
1 538 
0 
4 287 369 553 847 
2 510 894 
2 320 515 
1 414 
0 
5 116 156 503 594 790 
7 155 246 557 614 801 845 863 
2 238 329 
2 58 713 
3 27 68 836 
4 1 281 659 670 
4 569 751 830 875 
4 165 241 379 515 
3 683 761 898 
1 401 
3 65 162 532 
2 563 736 
2 299 377 
2 687 893 
1 286 
4 16 115 404 893 
4 516 561 846 848 
6 57 210 496 530 739 752 
2 77 102 
2 538 700 
3 132 485 499 
4 224 338 733 834 
2 871 894 
2 283 319 
0 
1 527 
3 293 496 573 
4 586 675 686 747 
0 
1 782 
3 574 640 686 
2 193 477 
2 92 197 
2 402 427 
5 34 292 432 842 868 
2 407 558 
2 377 712 
1 410 
4 82 186 460 517 
6 146 147 439 551 637 762 
4 420 521 553 592 
1 367 
2 187 253 
1 605 
4 12 67 264 558 
3 423 462 839 
3 240 310 790 
2 250 263 
4 45 213 554 756 
1 296 
5 56 237 330 634 671 
1 402 
1 740 
0 
5 94 315 623 637 756 
3 172 765 794 
2 216 604 
1 424 
4 67 142 203 716 
1 28 
3 87 396 743 
3 211 277 515 
1 338 
3 131 306 582 
3 86 474 490 
3 66 276 553 
1 719 
1 37 
1 412 
2 176 881 
3 532 584 808 
5 126 136 144 558 614 
1 693 
1 511 
1 64 
1 245 
1 632 
2 91 135 
2 559 848 
1 724 
3 711 792 882 
1 725 
2 205 378 
2 157 534 
4 674 727 775 791 
4 201 428 764 869 
4 93 162 469 771 
0 
2 572 613 
0 
4 230 352 459 540 
2 156 838 
1 870 
4 353 666 753 816 
2 728 834 
2 202 399 
1 542 
0 
2 197 744 
2 49 877 
1 858 
0 
0 
5 271 529 667 677 849 
3 147 387 411 
3 12 668 765 
0 
3 139 386 858 
2 202 534 
5 75 199 430 811 878 
1 480 
0 
1 441 
2 146 886 
0 
2 692 872 
2 258 585 
2 68 543 
2 398 763 
2 50 568 
1 654 
2 107 220 
3 216 361 649 
3 378 435 592 
3 730 879 887 
3 89 840 851 
3 132 160 593 
0 
3 178 402 641 
1 527 
0 
6 169 315 556 694 750 800 
1 150 
3 499 500 668 
1 503 
0 
2 515 835 
3 189 632 644 
2 181 559 
2 685 706 
2 320 480 
3 118 204 307 
4 78 312 488 534 
0 
4 167 542 545 578 
2 731 899 
5 58 416 676 838 895 
2 137 550 
2 761 846 
2 627 728 
3 640 695 702 
1 218 
2 296 582 
1 896 
2 370 516 
3 7 201 796 
5 99 339 470 755 863 
2 42 297 
3 48 463 559 
1 741 
4 117 209 286 797 
3 716 784 869 
5 101 341 767 816 860 
0 
4 178 557 616 648 
4 152 295 346 379 
0 
4 123 496 518 899 
4 28 88 538 576 
1 692 
3 386 511 744 
3 375 611 862 
2 84 478 
4 452 689 743 866 
4 3 41 157 469 
2 205 865 
0 
2 423 655 
4 72 368 708 780 
3 44 51 466 
0 
0 
2 431 784 
4 176 217 727 786 
1 311 
4 554 622 652 851 
1 317 
1 784 
0 
2 409 668 
1 495 
3 138 320 719 
3 471 605 695 
2 31 536 
3 12 59 523 
3 432 631 732 
1 385 
1 245 
3 248 524 588 
2 382 723 
3 558 730 782 
5 122 375 450 714 743 
4 52 501 735 839 
4 594 597 634 784 
0 
3 536 545 839 
4 63 277 566 721 
2 32 437 
3 701 863 870 
2 652 751 
3 55 425 615 
1 818 
1 196 
2 333 886 
4 100 136 150 557 
4 309 459 646 873 
2 120 621 
2 500 603 
1 753 
6 34 92 379 389 459 719 
5 326 356 783 790 791 
2 49 650 
4 167 191 422 591 
5 13 30 237 278 388 
5 162 320 374 587 834 
1 403 
2 21 850 
5 354 383 603 667 806 
4 382 453 719 817 
0 
3 99 351 869 
6 262 325 425 512 594 857 
2 259 600 
4 378 630 772 896 
3 374 459 747 
0 
1 599 
1 781 
0 
1 832 
6 10 405 437 462 470 481 
4 32 93 98 215 
1 564 
2 273 895 
2 250 785 
0 
3 29 164 534 
7 29 188 206 283 568 720 774 
3 380 495 667 
3 170 626 810 
2 395 621 
1 11 
2 190 632 
3 0 486 580 
3 141 344 460 
2 88 192 
3 259 493 898 
5 223 628 723 840 899 
2 704 769 
4 153 443 501 648 
2 468 674 
2 301 567 
3 432 577 840 
0 
3 112 521 726 
3 16 195 698 
2 26 94 
2 377 504 
2 200 332 
4 84 212 620 838 
3 365 386 755 
0 
3 145 188 614 
2 240 827 
3 507 635 691 
3 44 264 466 
1 337 
3 189 350 417 
1 749 
3 132 441 724 
2 58 278 
2 826 848 
2 362 395 
0 
1 194 
4 45 447 757 847 
4 267 434 602 849 
2 97 614 
2 414 861 
2 26 507 
4 32 130 648 854 
1 83 
1 440 
2 560 569 
2 513 622 
1 356 
2 767 877 
3 20 69 328 
2 383 706 
2 485 832 
1 841 
1 567 
2 65 864 
1 743 
6 245 370 374 389 648 697 
2 193 409 
2 792 817 
7 200 395 518 777 819 875 896 
3 313 603 728 
5 603 699 776 819 850 
2 6 811 
3 334 430 581 
1 596 
4 415 656 768 821 
5 12 49 241 329 757 
3 311 395 597 
2 347 546 
0 
1 25 
4 111 219 635 675 
1 523 
0 
1 186 
2 327 585 
1 614 
3 265 295 585 
2 80 395 
1 854 
0 
2 600 822 
3 85 175 454 
3 408 827 877 
1 67 
2 14 297 
0 
1 219 
3 30 104 534 
1 666 
4 42 120 134 411 
1 836 
2 345 403 
4 172 181 322 695 
2 591 630 
1 756 
3 0 175 288 
3 288 372 882 
6 128 357 414 587 791 872 
1 111 
5 17 155 289 583 650 
1 422 
3 94 536 883 
3 539 726 778 
3 429 444 895 
2 598 680 
4 657 671 834 888 
1 151 
4 228 325 605 628 
1 386 
2 449 591 
0 
5 152 162 216 291 759 
2 171 309 
4 66 133 193 604 
2 322 462 
0 
1 69 
4 73 195 419 529 
0 
5 64 121 131 349 475 
2 353 853 
0 
0 
2 180 284 
0 
4 133 258 521 707 
1 172 
3 61 547 592 
4 165 225 557 665 
2 20 114 
6 238 263 297 401 491 734 
2 734 752 
5 348 360 505 553 636 
3 63 593 779 
4 88 148 174 323 
3 39 506 717 
2 245 844 
0 
3 251 299 859 
3 272 809 827 
1 25 
5 77 299 360 619 765 
2 471 643 
2 142 531 
1 567 
3 134 780 874 
2 28 302 
5 194 692 800 828 833 
3 81 573 721 
4 150 195 220 536 
4 69 203 340 639 
2 571 895 
4 87 286 576 854 
5 156 319 369 532 805 
7 48 190 199 226 355 574 719 
6 84 233 293 313 637 880 
1 448 
3 89 171 899 
0 
2 107 166 
2 16 397 
4 17 607 616 795 
2 64 361 
4 416 456 548 626 
4 274 402 767 785 
2 161 448 
2 7 808 
1 555 
2 243 875 
3 181 552 825 
2 185 558 
0 
3 323 556 818 
2 417 608 
2 299 668 
0 
3 15 91 408 
6 22 130 466 711 753 858 
2 218 307 
2 503 616 
1 225 
5 116 271 478 480 792 
2 182 639 
4 379 501 805 810 
3 353 759 792 
0 
1 678 
4 138 377 497 513 
7 15 195 278 531 739 864 876 
4 23 281 537 597 
3 155 358 386 
0 
2 467 656 
3 358 470 593 
1 508 
2 391 674 
3 387 484 677 
2 781 833 
3 441 791 880 
5 100 372 382 463 464 
7 10 97 103 211 517 711 896 
7 24 93 198 347 511 643 658 
1 672 
5 45 124 565 705 801 
1 577 
3 8 16 897 
2 123 875 
3 326 678 794 
3 31 126 856 
2 243 776 
6 156 226 427 442 479 685 
1 365 
3 319 565 583 
0 
2 27 73 
2 35 545 
5 147 424 684 716 758 
3 371 405 862 
6 21 340 449 633 690 721 
1 209 
1 863 
1 883 
3 404 567 835 
2 304 675 
4 412 511 678 892 
1 777 
4 113 388 497 809 
3 350 717 892 
4 231 292 407 663 
1 622 
2 205 358 
4 80 429 474 694 
4 30 536 706 894 
3 194 209 559 
0 
3 554 586 888 
2 185 305 
2 283 800 
1 144 
2 546 605 
3 78 292 764 
1 88 
1 370 
1 875 
5 319 414 445 459 684 
1 277 
2 376 503 
1 96 
2 340 364 
0 
1 275 
4 332 656 691 859 
4 468 596 655 778 
5 36 39 105 509 887 
1 605 
1 160 
1 887 
1 676 
0 
1 632 
0 
1 532 
2 248 492 
3 258 382 403 
5 260 288 344 578 773 
1 126 
2 160 873 
2 205 509 
4 74 132 141 606 
0 
5 239 415 599 712 808 
3 182 474 627 
2 301 661 
2 258 600 
3 590 611 628 
0 
1 508 
1 72 
2 738 802 
2 163 894 
2 620 648 
2 294 614 
2 182 185 
2 60 168 
1 895 
1 328 
2 30 622 
3 67 429 655 
4 270 324 551 836 
1 227 
2 286 635 
4 0 305 347 496 
1 20 
2 459 767 
2 420 820 
1 464 
2 50 174 
4 20 363 787 821 
5 36 56 305 774 876 
0 
2 413 874 
1 607 
4 294 453 636 874 
2 113 529 
2 333 817 
2 37 50 
1 891 
3 235 581 604 
2 191 674 
5 13 37 158 737 869 
1 356 
1 816 
3 213 316 620 
2 539 631 
1 722 
6 56 221 346 374 383 558 
1 402 
3 361 552 622 
1 718 
3 354 412 870 
2 234 434 
3 135 236 838 
4 22 419 506 730 
3 239 338 827 
5 22 99 249 304 463 
0 
4 44 279 355 726 
1 300 
1 350 
1 176 
3 36 534 535 
1 357 
2 166 844 
2 81 713 
1 682 
3 8 172 592 
4 86 109 126 207 
1 314 
0 
5 215 328 356 458 878 
3 15 253 325 
0 
1 846 
6 62 72 182 389 874 890 
0 
1 433 
3 45 119 286 
4 119 161 364 781 
4 96 172 535 787 
4 14 248 373 581 
0 
3 311 425 771 
4 141 203 209 498 
3 440 469 838 
2 620 778 
2 515 588 
2 15 126 
4 99 163 303 881 
1 194 
1 273 
5 97 139 240 644 891 
4 69 210 260 545 
0 
5 6 317 451 568 697 
3 116 468 854 
2 413 865 
0 
3 35 241 755 
2 388 867 
1 668 
2 402 702 
1 239 
2 464 613 
4 9 75 462 629 
4 129 506 656 758 
2 100 537 
2 333 549 
3 392 601 751 
2 184 355 
1 375 
4 316 337 342 358 
2 399 568 
1 338 
3 42 701 752 
1 37 
1 42 
4 73 155 201 375 
4 239 375 501 602 
6 14 96 235 461 585 588 
0 
2 210 611 
1 565 
1 310 
1 315 
0 
1 66 
4 286 551 641 841 
2 156 607 
1 682 
0 
2 144 897 
2 557 587 
1 382 
0 
5 51 225 570 674 887 
3 128 543 630 
2 404 587 
3 130 264 465 
1 851 
0 
0 
0 
4 15 248 317 715 
4 134 383 461 708 
2 366 576 
3 462 464 858 
3 698 859 896 
2 468 701 
1 484 
1 132 
1 5 
1 573 
2 41 436 
6 80 428 486 543 727 888 
2 551 845 
0 
2 161 885 
0 
2 394 454 
2 551 601 
6 42 96 176 249 379 509 
3 291 626 881 
4 115 159 494 692 
1 136 
5 246 301 424 725 757 
5 142 200 357 360 884 
3 280 412 417 
3 34 455 800 
2 146 189 
0 
3 20 540 736 
2 156 828 
4 52 171 303 746 
2 150 440 
3 171 233 436 
2 258 441 
2 381 464 
3 280 340 812 
2 25 888 
2 70 524 
4 445 482 556 768 
0 
2 59 612 
2 386 872 
4 255 262 581 819 
3 542 655 820 
2 136 317 
2 28 443 
2 326 621 
4 156 311 363 624 
2 457 592 
3 120 330 769 
2 89 328 
3 39 772 872 
1 189 
4 240 316 385 713 
3 247 363 723 
1 177 
5 62 270 501 857 867 
3 23 370 670 
5 93 549 704 706 747 
6 58 161 462 572 610 647 
2 592 702 
3 254 451 486 
4 37 130 264 743 
1 279 
2 559 602 
3 224 761 835 
4 26 57 235 500 
3 42 505 625 
2 135 839 
2 31 830 
2 268 368 
4 279 657 660 808 
6 30 105 509 639 827 852 
0 
1 747 
2 710 764 
2 628 631 
2 168 170 
4 151 177 636 683 
7 145 301 398 507 555 688 898 
5 308 388 462 604 820 
2 609 804 
3 163 411 895 
4 300 322 412 561 
3 1 1 1 1 1 3 1 1 1 1 1 2 3 3 2 1 1 1 1 3 1 1 3 1 2 1 2 2 1 1 1 2 1 4 2 4 3 1 1 1 3 3 1 2 1 1 2 1 3 2 2 1 1 2 1 2 1 4 2 1 1 1 2 1 3 1 2 1 1 1 1 2 2 1 1 1 1 2 2 1 3 2 2 1 2 2 2 2 1 2 1 1 2 1 1 2 2 1 1 1 2 1 1 1 1 1 2 2 2 1 1 1 3 2 2 2 2 1 1 2 3 1 2 1 1 2 1 1 1 1 1 2 1 1 2 1 1 1 1 1 1 2 1 2 1 3 1 2 1 2 1 1 2 1 1 4 1 2 3 2 1 2 4 1 1 2 3 3 1 3 1 4 2 2 3 2 1 2 1 1 1 2 1 1 2 1 2 1 1 1 2 1 3 2 2 1 1 1 1 2 2 2 2 1 3 1 2 1 2 1 2 1 1 1 1 1 1 2 1 2 2 1 1 1 1 3 1 1 2 1 1 3 1 1 2 1 1 2 2 1 3 1 1 1 3 2 1 2 2 1 2 1 2 2 2 1 1 3 2 1 1 2 1 3 2 1 1 2 1 1 1 2 2 1 2 1 2 4 2 4 1 1 3 1 1 2 1 3 1 1 2 3 3 1 2 2 1 1 2 1 3 2 1 1 1 1 3 1 1 3 2 2 3 2 1 1 3 1 1 3 1 1 3 1 1 2 2 1 2 2 1 1 1 1 1 1 1 3 1 3 1 1 1 1 2 2 3 2 1 1 1 1 3 1 3 2 2 4 1 2 1 1 1 2 2 1 2 2 3 3 1 1 1 3 4 2 1 2 4 1 2 3 2 1 3 3 1 3 1 1 1 2 1 1 3 3 1 1 2 1 2 2 2 1 1 2 3 1 2 3 1 2 1 1 1 1 1 1 2 3 2 2 3 2 1 1 2 3 2 1 2 2 2 1 1 1 2 1 1 3 2 1 2 2 3 1 1 2 2 1 3 2 1 2 1 1 2 1 2 1 2 1 1 3 1 3 2 2 1 1 1 1 1 2 1 1 2 1 1 1 2 1 1 1 1 3 1 2 1 2 2 2 4 2 1 3 2 1 1 2 4 2 2 1 2 1 1 2 3 2 2 1 1 1 3 2 2 2 1 2 1 1 2 1 1 1 2 1 2 1 2 2 1 3 2 1 1 1 2 1 1 1 1 1 3 2 1 1 3 1 1 1 3 4 1 3 5 2 2 1 2 1 1 2 2 2 3 3 3 2 2 2 2 1 1 1 2 1 1 3 2 1 1 2 3 3 1 2 1 1 3 3 2 2 1 1 3 1 2 2 3 1 2 3 4 1 3 1 2 1 1 3 2 5 1 3 1 1 1 3 2 4 1 1 2 2 2 1 1 1 3 2 1 1 3 3 1 1 1 3 1 1 1 1 1 1 1 4 1 1 1 1 1 1 2 3 2 1 1 2 2 1 1 1 1 1 1 2 1 3 1 3 1 4 1 1 1 2 1 1 1 2 1 1 2 1 2 1 2 2 1 2 2 1 2 1 1 2 1 1 4 3 1 2 1 2 1 2 1 1 1 1 1 1 2 2 1 1 1 1 2 2 3 2 3 3 1 3 1 1 2 2 1 1 1 1 2 1 2 1 1 1 3 3 1 1 3 1 1 3 3 1 4 1 3 3 2 1 1 1 2 1 1 3 2 1 2 1 2 1 1 1 1 1 1 1 2 2 2 2 1 2 1 2 1 1 2 1 1 3 3 1 1 2 1 1 2 1 2 3 1 1 1 1 2 1 1 3 2 2 2 1 1 1 1 1 3 2 2 1 1 2 1 2 1 2 2 2 1 3 1 3 2 1 1 1 2 1 3 3 2 2 1 2 1 2 1 2 1 1 2 1 2 2 1 1 1 1 3 2 1 1 3 1 1 2 2 2 2 2 2 3 1 1 3 1 1 2 1 3 3 3 1 1 2 1 1 4 1 1 2 2 1 2 2 2 3 3 3 
